0.476817
0.476317
0.27894
0.405663
0.3609
0.391513
0.193067
0.25757
0.04141
0.122627
0.149727
0.184547
0.13344
0.1067
0.0860133
0.0965
0.344787
0.177717
0.32455
0.20384
0.140323
0.09429
0.234677
0.09716
0.39896
0.378223
0.227453
0.110263
0.0466733
0.18581
0.19318
0.259147
0.0447167
0.0168633
0.09798
0.216157
0.18712
0.126727
0.0340067
0.04223
0.126937
0.09904
0.18061
0.193957
0.173737
0.141107
0.0436133
0.0857967
0.133
0.13593
0.155643
0.135423
0.0294433
0.100277
0.0633333
0.09862
0.100277
0.0703
0.00684667
0.0309267
0.05912
0.0315333
0.00471667
0.00684333
0.02899
0.0420933
0.0221167
0.0200433
0.0220833
0.0511267
0.00628667
0.0204967
0.0299067
0.05477
0.00411
0.00461
0.03191
0.0656633
0.00565667
0.00814
0.05185
0.08491
0.01778
0.02987
0.0826933
0.06481
0.0634833
0.11955
0.0987567
0.0758233
0.10952
0.0572867
0.0453633
0.0721333
0.103993
0.0951933
0.0722433
0.0117633
0.01454
0.0392933
0.0490067
0.00053
0.00258667
0.02684
0.033
0.02731
0.00266333
0.01227
0.00536333
0.0531767
0.0314367
0
0
0.0311167
0.0296467
0.000863333
0
0.00617
0.00725667
0.00704667
0.000863333
0.000603333
0.00054
0.0180467
0.00699667
0.0054
0.0174267
0.01228
0.0259833
0.0524833
0.08645
0.02877
0.0197
0.114883
0.101223
0.0935833
0.0600667
0.0523367
0.0262867
0.0592467
0.0679467
0.0859233
0.0779967
0.0731167
0.04882
0.0302233
0.00045
0.00962667
0.03433
0.0349367
0.00228667
0.00053
0.02237
0.03374
0.02861
0.0269333
0.00547333
0.00867333
0.0507267
0.0355533
0
0.00011
0.0394733
0.01571
0
0
0.00626667
0.000466667
0
0
0.000233333
0.000466667
0.00123
0.000416667
0.00565667
0.00523
0.00164667
0.00116
0.0172
0.0517667
0.00619
0.00107
0.08671
0.121477
0.12223
0.115383
0.09064
0.05639
0.0334567
0.0122167
0.0179233
0.01894
0.0360033
0.02669
0.0507067
0.05103
0.0540233
0.0430333
0.03119
0.0240567
0.000326667
0.00114
0.02678
0.0163033
0.00376
0.00208333
0.00972
0.02342
0.00787
0.00564
0.00331
0.00330667
0.0137867
0.0156667
0.00011
0.00011
0.000233333
0.00991
0
0
0
0.000233333
0
0
0
0
0.000416667
0
0.000116667
0.000776667
0.000743333
0.000653333
0.00642
0.0178467
0.00098
0.00098
0.02791
0.0622067
0.0735133
0.1091
0.08783
0.09336
0.0535333
0.0413067
0.0132533
0.00709667
0.00215667
0.00329667
0.00975
0.01608
0.01915
0.0300833
0.04048
0.0504367
0.0423533
0.0278167
0
0.00101667
0.01365
0.00974333
0.00188
0
0.000106667
0.00652
0.00599
0.00411
0.000106667
0.000106667
0.00411
0
0
0
0
0
0
0
0
0
0
0
0
0
0
0
0.000206667
0.000323333
0.000326667
0.00157
0.00636333
0.0118
0.00281333
0.00189667
0.02616
0.0352133
0.03146
0.0328933
0.04065
0.0339533
0.0455467
0.02394
0.0263967
0.00805333
0.00114
0.00114
0.00861
0.01168
0.01589
0.0183633
0.03202
0.03813
0.0385067
0.0219233
0
0
0.00142
0.0116033
0
0
0
0.000136667
0
0
0
0
0
0
0
0
0
0
0
0
0
0
0
0
0
0
0
0
0
0.000206667
0.00124333
0.00124333
0.00426333
0.0103033
0.00248667
0.00124333
0.0254567
0.0358767
0.0430333
0.0427667
0.0317267
0.0256067
0.01065
0.01124
0.00416333
0.00527
0
0.00036
0.00457
0.00886
0.0184433
0.0278467
0.0338767
0.03872
0.02639
0.01951
0
0
0.00384667
0.00486
0
0
0.000136667
0.000406667
0
0
0
0
0
0
0
0
0
0
0
0
0
0
0
0
0
0
0
0
0
0
0
0
0.000206667
0.00426333
0
0
0.00777333
0.0229267
0.0233733
0.03306
0.01904
0.0179733
0.00477667
0.00357333
0.000136667
0.000136667
0.00063
0.00385333
0.00787333
0.0210433
0.0314333
0.03506
0.0363167
0.0259933
0.0215167
0.007
0
0.00027
0.00054
0.00398
0
0
0.00027
0.00027
0
0
0
0
0
0
0
0
0
0
0
0
0
0
0
0
0
0
0
0
0
0
0
0
0
0.000206667
0
0
0.000206667
0.00371667
0.00365
0.00815333
0.00464333
0.00584333
0.00134
0.00134
0
0
0.00364333
0.00671667
0.0104167
0.0207233
0.0300267
0.0339733
0.0264667
0.01723
0.00964667
0.00389333
0.00015
0.00042
0.000603333
0.00027
0
0
0
0
0
0
0
0
0
0
0
0
0
0
0
0
0
0
0
0
0
0
0
0
0
0
0
0
0
0
0
0
0
0
0
0
0.00014
0.00014
0.00014
0
0
0
0.00337333
0.00424333
0.00821333
0.0175167
0.0290233
0.0281267
0.0216233
0.00921667
0.00647667
0.000453333
0
0.00015
0.00012
0.000333333
0
0
0.00012
0.00024
0
0
0
0.00012
0
0
0
0
0
0.00012
0
0
0.00012
0.00012
0
0
0
0
0
0
0
0
0
0
0
0
0
0
0
0
0
0
0
0
0
0
0
0
0.00102
0.00102
0.0135467
0.0156
0.0186733
0.00626667
0.00331333
0.00024
0.00012
0
0
0
0.00511667
0.00012
0
0
0.000476667
0.00535333
0
0
0.00012
0.000356667
0
0.00012
0
0
0.00024
0.00036
0
0
0.00024
0.00114
0
0
0.00102
0.00102
0
0
0
0
0
0
0
0
0
0
0
0
0
0
0
0
0
0
0
0
0
0.00024
0.00331333
0.00355667
0.00343667
0.00138333
0.00114
0.00102
0
0.00216
0
0
0.02067
0.00715667
0
0
0.0111767
0.0244533
0
0.000243333
0.000466667
0.00641
0.000363333
0.00355667
0
0.00023
0.00343333
0.01584
0
0
0.0136667
0.0175167
0
0
0.00499
0.00408667
0
0
0.000116667
0.000116667
0
0
0
0
0
0
0
0
0
0
0
0
0
0
0
0
0.00024
0.00341333
0.00365667
0.00738667
0.00523333
0.00896
0.00499
0.00420667
0.00239667
0.00542667
0
0
0.0225267
0.0187033
0
0.00012
0.0321433
0.0321833
0.000363333
0.00343667
0.00916333
0.02162
0.00651
0.0207267
0.000346667
0.00333667
0.03018
0.0414467
0
0.000116667
0.0309567
0.02162
0
0
0.00727667
0.00342333
0
0
0.000233333
0.000116667
0
0
0
0
0
0
0
0
0
0
0
0
0
0
0
0
0.00634667
0.0207667
0.0215633
0.0309033
0.0204533
0.02251
0.0102333
0.00650333
0.00350667
0.00327
0
0.00317333
0.00622333
0.00901333
0.00012
0.00012
0.0217433
0.00929667
0.00319333
0.00704333
0.0169333
0.0170167
0.27617
0.334783
0.279953
0.0215033
0.01945
0.00310667
0.00424667
0.28369
0.372027
0.50184
0.464703
0.417333
0.02994
0.0185533
0.000116667
0.000116667
0.212063
0.368733
0.487157
0.531927
0.46255
0.385093
0.0207233
0.00650667
0
0
0.05901
0.21301
0.267453
0.38493
0.32626
0.00355
0.00036
0
0
0.06153
0.104257
0.15618
0.000116667
0
0
0
0
0
0
0
0
0
0
0
0
0
0
0
0
0
0.0175933
0.0183767
0.03089
0.0224967
0.0245667
0.0122967
0.00651
0.000483333
0.00024
0
0.00317333
0.00317333
0.00024
0.00024
0
0
0.00343333
0.00036
0.0438967
0.153493
0.09209
0.230193
0.20276
0.21029
0.183693
0.00397
0.00499
0.00433
0.00319333
0.109737
0.0475067
0.16753
0.196297
0.27492
0.00601
0.00511333
0.00125667
0.00125667
0.0625
0.13004
0.28238
0.167597
0.00716667
0.00639
0
0
0.01205
0.05948
0.119607
0.20215
0.00356
0.000486667
0
0
0.00238333
0.0106333
0.18959
0.142937
0.000243333
0
0
0
0.006
0.00823
0.01677
0.125903
0.13803
0
0
0
0
0.0255867
0.04426
0.0508467
0.118167
0.0819533
0.12232
0.126363
0
0
0
0
0
0
0
0
0
0
0
0
0
0
0.00395667
0.00407667
0.0101033
0.00639
0.00651333
0.000486667
0.000243333
0
0
0
0
0
0
0
0.0164733
0.0870933
0.0367333
0.16191
0.107647
0.145087
0.172843
0
0
0.00012
0
0.0108
0.01864
0.08981
0.14398
0.00102
0.00114
0.00012
0.00012
0.01145
0.01857
0.06112
0.12335
0.00421333
0.00343667
0
0
0.00181
0.01326
0.08719
0.0232133
0.00356
0.00150667
0
0
0.00181
0.00362
0.0296133
0.0136267
0.00126333
0.00102
0
0
0.00018
0.00199
0.0515667
0.0207867
0
0
0
0
0.00317667
0.0058
0.0495433
0.0772267
0
0
0
0
0.0231567
0.0376967
0.05763
0.0905967
0
0
0
0
0.07748
0.08596
0.0878267
0.0780667
0.0907167
0.0737933
0.105723
0
0
0
0
0
0
0
0
0
0
0.00012
0.00012
0.000363333
0.000243333
0.000243333
0
0
0
0
0
0.01377
0.03742
0.05848
0.0783467
0.08774
0.07243
0
0
0
0
0.00397
0.00892333
0.0775867
0.0530967
0
0.000116667
0
0
0
0.00368
0.00719
0.0443733
0.000236667
0.00626333
0
0
0
0
0.0148567
0.00636333
0.00639
0.01024
0
0
0
0
0.01028
0.0131233
0.00523333
0.00896
0
0
0
0
0.000446667
0.00048
0.00499
0.00409
0
0
0
0
0.00471667
0.000363333
0.00012
0.00024
0
0
0.00136
0.00435667
0.0190167
0.00497
0.00012
0.00012
0
0
0.01409
0.0302667
0.02606
0.01218
0
0
0
0
0.0545633
0.0872367
0.02797
0.0130533
0
0
0.00012
0.00012
0.00012
0
0
0
0
0
0.09542
0.0896167
0.0795667
0.0427167
0.03646
0.02213
0
0
0
0
0
0
0
0
0
0
0.01226
0.01647
0.03904
0.05965
0.0884833
0.0828567
0.0644233
0.0345833
0.000116667
0.000116667
0
0
0.00344333
0.00373333
0.00754333
0.0181
0.000233333
0.00342333
0
0
0
0
0.00535667
0.00592333
0.00933333
0.0217433
0
0
0
0
0.0171967
0.01859
0.0225233
0.0290233
0
0
0
0
0.00935
0.0219167
0.0204667
0.01957
0
0
0
0.00262333
0.00344
0.00946667
0.00716333
0.00331333
0
0
0.00262333
0.00375667
0.00027
0.00331333
0.00036
0.00024
0
0
0.00249333
0.00418
0.000616667
0.00027
0.00012
0
0
0
0.0148333
0.02288
0.000783333
0.000466667
0
0
0
0
0.0353633
0.05087
0.000316667
0.00165667
0.00114
0.00114
0.00421333
0.00319333
0.00638667
0.00331333
0.00331
0.000116667
0.000116667
0
0.04942
0.0612967
0.04101
0.0542167
0.0300033
0.0285533
0.00706333
0.00689667
0
0
0
0.00012
0.00012
0.00024
0.00012
0.00012
0
0
0.00794333
0.00567
0.0348067
0.03516
0.0543767
0.0320333
0.0306733
0.0149567
0.000116667
0
0
0
0.00344333
0.00344333
0.00481667
0.00831
0.00330667
0.00421
0
0
0
0
0.00492333
0.000453333
0.0167367
0.0261933
0
0
0.00012
0
0.0235567
0.01105
0.0377
0.0314433
0
0
0.00329
0.00012
0.0313667
0.0316133
0.02187
0.0135567
0
0
0.0199233
0.00579333
0.01319
0.0225233
0.00740667
0.00535333
0
0
0.0195333
0.0178867
0.00343333
0.00728333
0.00114
0.00102
0
0
0.00619333
0.00709
0.00012
0.00024
0
0
0
0
0.00595667
0.0175067
0
0
0.00112333
0.00112333
0
0.000143333
0.0330433
0.0428533
0
0
0.00815
0.00816667
0.0238867
0.0199333
0.0333367
0.02081
0.0179967
0.00357
0.00052
0.00026
0.03845
0.02951
0.01615
0.0157733
0.00749
0.00851333
0.00150667
0.00150667
0
0.000253333
0.000373333
0.000493333
0.00036
0.00433333
0.00421333
0.00409333
0
0
0
0.00117
0.00602333
0.0108767
0.0159667
0.0179067
0.02611
0.02452
0.0308767
0
0
0
0
0
0
0.0132867
0.01782
0.00102
0.00113667
0
0
0
0
0.000466667
0.000296667
0.0137833
0.0190333
0
0
0.00012
0.00024
0.00686
0.000746667
0.0251867
0.0167533
0
0
0.00341
0.01742
0.02277
0.0105233
0.0146967
0.0209533
0
0
0.03143
0.0425767
0.0175167
0.0175167
0.01776
0.0136667
0
0
0.0327167
0.0220867
0.00409
0.00499
0.00114
0.00012
0
0
0.00800667
0.00397333
0.00012
0.00012
0
0.000143333
0.000143333
0.000143333
0.00064
0.00443667
0
0
0.0032
0.00418
0.000286667
0.00043
0.0144267
0.0314833
0
0
0.0168933
0.0208633
0.0402267
0.0432333
0.05191
0.0459667
0.0342833
0.01884
0.00444
0.000546667
0.0438833
0.0495933
0.0405433
0.0267733
0.01132
0.00409
0.000636667
0.000153333
0
0.00042
0.00659333
0.00654667
0.0103867
0.00830667
0.01523
0.0111367
0.00816667
0.00112333
0.00112333
0.000103333
0.000206667
0.00495667
0.00799
0.0141467
0.0217667
0.03179
0.03868
0.0393567
0.0296167
0.000116667
0.000283333
0
0
0
0.000103333
0.00369667
0.0166033
0.000233333
0.0033
0
0
0
0
0.000296667
0.00038
0.00945333
0.0220167
0
0
0.00012
0.00012
0.00056
0.00028
0.0231633
0.02942
0
0
0.01425
0.0262133
0.00437
0.00052
0.0292667
0.0282467
0
0
0.04053
0.02915
0.00499
0.00409
0.01584
0.00343333
0
0
0.0205667
0.00637667
0.00102
0.00102
0.00024
0.00012
0
0
0.00386333
0.000363333
0
0
0.000143333
0.000143333
0.000143333
0
0.000403333
0.000166667
0
0
0.00331667
0.00637333
0.000286667
0.000143333
0.000483333
0.01071
0
0
0.0207733
0.0303133
0.0429767
0.04892
0.0432333
0.0432167
0.0238533
0.0208633
0.00516
0.00418
0.02569
0.0418067
0.0446367
0.0454267
0.0323067
0.0227033
0.00692
0.00376
0.000306667
0.000153333
0.00650667
0.02055
0.0244767
0.0342167
0.02705
0.0398667
0.0250767
0.02207
0.00516
0.00418
0.00031
0.00122333
0.00415333
0.00505667
0.0165133
0.0144867
0.02663
0.01707
0.01938
0.00647333
0.000283333
0.000333333
0.000143333
0.000143333
0.000313333
0.000416667
0.000486667
0.00380333
0.00318333
0.00306667
0
0
0.00021
0.00021
0.000243333
0.000243333
0.0157467
0.01385
0
0
0
0
0.00012
0
0.0263767
0.0197233
0
0
0.0120833
0.0120833
0.00024
0.00012
0.0217467
0.00934
0
0
0.00275
0.0148333
0.00012
0.00012
0.00343333
0.00024
0
0
0.000126667
0.00287667
0
0
0.00012
0
0
0
0
0.000126667
0
0
0
0
0
0
0
0
0
0
0.000116667
0.00329
0
0
0
0.000316667
0
0
0.00648333
0.02091
0.02183
0.0343567
0.0209533
0.0238867
0.00816667
0.00815
0.00112333
0.00112333
0.00377
0.0189167
0.0231033
0.0327067
0.0189
0.01771
0.00465333
0.00346667
0.000153333
0.000153333
0.0143767
0.03475
0.0506633
0.0616567
0.0580267
0.0608567
0.03969
0.0260533
0.00745333
0.00356
0.00977
0.00505333
0.00891667
0.00599
0.00598
0.00302
0.00481667
0.00672333
0.00571667
0.00315667
0.000243333
0.000166667
0.000166667
0.000143333
0.000286667
0.00594333
0.00604667
0.000243333
0.000243333
0
0.00117
0
0
0
0.00021
0
0
0.00234
0.00234
0
0
0
0
0
0
0.00719667
0.00627
0
0
0
0
0
0
0.00639
0.000363333
0
0
0
0
0
0
0.00012
0
0
0
0
0
0
0
0
0
0
0
0
0
0
0
0
0
0
0
0
0
0
0
0
0.000116667
0
0.00276667
0
0
0
0
0.000116667
0.00331
0.00331333
0.00740667
0.00521
0.00623
0.00490333
0.00390667
0.00553333
0.00276667
0
0
0.00345333
0.00359333
0.00809667
0.00464333
0.00584333
0.00134
0.00134
0
0
0.0222433
0.03797
0.06147
0.0666333
0.06965
0.0533733
0.0309433
0.0126633
0.00388
0.000606667
0.0133833
0.02016
0.02041
0.0224967
0.0109933
0.00727
0.00405333
0.00304667
0.00280333
0
0
0
0.00170333
0
0.000143333
0.00573333
0.00945
0
0
0.00117
0
0.00492
0
0
0
0
0
0.00117
0.00012
0.00786333
0.00294333
0
0
0
0
0.000363333
0.000363333
0.00307
0.000126667
0
0
0.00116333
0.00116333
0.000243333
0
0.000126667
0
0
0
0.00398
0.00514333
0
0
0
0
0
0
0.00302333
0.00700333
0
0
0.0002
0.0002
0
0
0.000206667
0.00323
0
0
0.00346333
0.00326333
0
0
0.000206667
0.000206667
0
0
0.00603
0.01186
0
0
0
0
0
0
0.000113333
0.000233333
0.00321333
0.00409667
0.0163967
0.0161833
0.0210167
0.0113633
0
0
0
0
0
0.00014
0.00014
0.00014
0
0
0
0.0214
0.0454
0.0326533
0.03761
0.01237
0.00985333
0.000926667
0.000463333
0
0
0.00767333
0.0201833
0.0195367
0.0216
0.00921
0.00638333
0.000363333
0.000243333
0
0
0
0.00170333
0.00567333
0
0.00201667
0
0.00371667
0
0
0
0
0.00693667
0.0204133
0
0
0
0
0.00012
0.00012
0.0222367
0.03277
0
0
0.000136667
0.000136667
0.00012
0.00011
0.00332
0.0175667
0
0
0.00546667
0.00444
0.00011
0.00011
0.000126667
0.000376667
0
0
0.018
0.0183233
0
0
0
0
0
0
0.0138767
0.02371
0
0
0.0002
0
0
0
0.00357667
0.0102433
0
0
0.00366333
0.0004
0
0
0.000553333
0.000486667
0
0
0.0134133
0.00778333
0
0
0.00014
0.00028
0
0
0.000113333
0.000346667
0.00332667
0.00912667
0.0213133
0.0312067
0.0311233
0.0230233
0
0
0
0
0
0
0
0
0
0.00014
0.00014
0.00695
0.00298
0.00344333
0.000463333
0.000463333
0
0
0
0
0
0.00395667
0.00407667
0.00714667
0.00331
0.00331
0.00024
0.00012
0
0
0
0
0
0.00397
0.00397
0.00403333
0.00201667
0
0
0
0
0
0
0.0200067
0.00854667
0
0
0.000846667
0.000846667
0
0.00011
0.04044
0.03058
0
0
0.00266667
0.00337667
0.00022
0.00313
0.01775
0.03009
0
0
0.00782667
0.00605333
0.00302
0.00685667
0.000376667
0.00350333
0
0
0.0231533
0.0136833
0.00394667
0.00804
0
0.000126667
0
0
0.03275
0.03187
0.00409333
0.00420333
0
0
0
0
0.01293
0.0256033
0.00011
0.00011
0.0002
0
0
0
0.000626667
0.00619667
0
0
0.00452
0.00557667
0
0
0.00042
0.00028
0
0
0.000116667
0.00035
0.000586667
0.00638333
0.0092
0.0218367
0.01718
0.01845
0
0
0
0
0
0
0
0
0
0
0
0.00014
0
0
0
0
0
0.00014
0.00014
0.00014
0
0
0.00012
0.00024
0.00024
0.00024
0.00012
0.00012
0
0
0
0
0
0
0
0
0.00201667
0.00201667
0
0
0.00011
0.00011
0
0
0.00451333
0.00653
0
0
0.00316333
0.0039
0.00011
0.0032
0.00701
0.0196
0
0
0.01572
0.0162433
0.00611
0.02031
0.01612
0.01675
0
0
0.01137
0.0203267
0.0211667
0.0325633
0.00416
0.00325333
0
0
0.01256
0.01202
0.0223467
0.0215733
0.000126667
0.000126667
0
0
0.0218767
0.0120367
0.00737667
0.00339333
0
0
0
0
0.02045
0.0176033
0.00022
0.00011
0
0
0
0
0.00186
0.00757
0
0
0.00125667
0.00125667
0
0
0
0.00014
0
0
0
0.000116667
0.000116667
0.000353333
0.000356667
0.00340667
0.00317
0.00430667
0
0
0
0
0
0
0
0
0
0
0
0
0
0
0
0.00014
0.00028
0.00042
0.00028
0.00014
0
0
0
0.000243333
0.000363333
0.00343667
0.00319333
0.00704333
0.00397
0.00499
0.00102
0.00102
0
0
0
0
0
0
0
0
0
0
0.00022
0.00011
0
0.00014
0
0
0
0
0.00327333
0.00033
0.00323
0.00419667
0.00249667
0
0
0
0.0207333
0.0085
0.0183667
0.0276
0.00353
0.00249667
0
0
0.0302633
0.0301467
0.04094
0.02953
0.00103333
0.00103333
0
0
0.0125433
0.02183
0.02038
0.00629667
0
0
0
0
0.00616
0.00720667
0.00350667
0.000333333
0
0
0
0
0.00458333
0.00298
0.00011
0
0
0
0
0
0.00172
0
0
0
0
0
0
0
0
0
0
0
0
0
0
0
0
0.00012
0.00012
0.00012
0
0
0
0
0
0
0
0
0
0
0
0
0
0
0.000316667
0.000456667
0.00404333
0.00386667
0.0187133
0.0151267
0.0280433
0.0130567
0.01634
0.00328333
0.00340667
0.000363333
0.00639
0.00934333
0.01307
0.0110133
0.00896
0.00601
0.00216
0.00114
0.00012
0
0
0
0
0.000316667
0.000123333
0.000123333
0
0.00012
0
0.00011
0.00014
0
0
0
0
0
0.00011
0.00022
0.00110667
0.00193333
0
0
0
0
0.00784
0.00250333
0.0142567
0.01329
0
0
0
0
0.0211567
0.0110833
0.0152233
0.00299667
0
0
0
0
0.0173367
0.01678
0.00322
0.00032
0
0
0
0
0.00402667
0.00487
0.000223333
0
0
0
0
0
0.000116667
0.000116667
0
0
0
0
0.000193333
0.000193333
0
0
0
0
0
0
0.000193333
0
0
0
0
0
0
0
0
0
0
0
0
0
0
0
0
0
0
0
0
0
0
0
0
0
0
0
0.00734
0.02201
0.03356
0.04303
0.0411
0.0295367
0.0197633
0.00697
0.00367
0.000386667
0.00331333
0.00922
0.0216267
0.0225233
0.0309567
0.01945
0.0186733
0.00433333
0.00355667
0.000363333
0.000243333
0
0
0.000316667
0.00375333
0
0.000123333
0.00012
0.00024
0
0
0
0
0
0
0
0
0
0
0.000966667
0.000966667
0
0
0
0
0.00239333
0
0.000966667
9.66667e-05
0
0
0
0
0.00574667
0.00239333
0.000193333
0.000193333
0
0
0
0
0.00431333
0.00335333
9.66667e-05
0
0
0
0
0
0.00096
0.00096
0
0
0
0
0
0
0
0
0
0
0
0
0.00214
0.00233333
0
0
0
0
0
0
0.00296333
0.000823333
0
0
0
0
0
0
0
0
0
0
0
0
0.00107
0.00044
0
0
0
0
0
0
0
0
0
0
0
0.0184233
0.0202367
0.0332933
0.0247033
0.0228767
0.00996
0.00382667
0.000403333
0.000263333
0
0
0.00024
0.00331333
0.00319333
0.0156
0.0250533
0.0395133
0.03018
0.0208467
0.00650667
0.00355667
0.000363333
0.000243333
0
0
0.00343667
0.00343667
0
0
0
0.00012
0
0
0
0
0
0
0
0
0
0
0
0
0
0
0
0
0
0
9.66667e-05
9.66667e-05
0
0
0
0
0
0
9.66667e-05
0
0
0
0
0
0
0
0
0
0
0
0
0
0
0
0
0
0
0
0.00131333
0.00131333
0
0
0
0
0
0
0.00934667
0.00345333
0
0
0
0
0
0
0.0226233
0.01736
0
0
0
0
0
0
0
0
0
0
0
0
0
0.02267
0.0117933
0.00478333
0.00415333
0.00044
0
0
0
0
0
0
0
0
0
0.00525
0.0116467
0.00652667
0.00666667
0.00027
0.00014
0
0
0
0
0
0.00012
0.00012
0.00012
0
0.0125267
0.0125267
0.01572
0.00331333
0.00343333
0.00024
0.00012
0
0
0
0
0
0
0
0
0
0
0
0
0
0
0
0
0
0
0
0
0
0
0
0
0
0
0
0
0
0
0
0
0
0
0
0
0
0
0
0
0
0
0
0
0
0
0
0
0
0
0
0
0
0
0.00379333
0.00131333
0
0
0
0
0
0
0.00886333
0.0122767
0
0
0
0
0
0
0.0206933
0.0302133
0
0
0
0
0
0
0
0
0
0
0
0
0
0.03729
0.03501
0.0236933
0.0144367
0.00714333
0.00387
0.000156667
0
0
0
0
0
0
0.00013
0.00013
0.00013
0
0
0
0
0
0
0
0
0
0
0
0
0
0
0
0.00012
0.00012
0.00012
0
0
0
0
0
0
0
0
0
0
0
0
0
0
0
0
0.000733333
0.000733333
0
0
0
0
0
0
0.0025
0.00323333
0
0
0
0
0
0
0.00176667
0.00426667
0
0
0
0
0.00239
0
0
0.00176667
0
0
0
0
0.0042
0.00239
0
0
0
0
0
0
0.00429
0.00429
0
0
0
0
0
0
0.00481
0.00988
0
0
0
0
0
0
0.0200633
0.0274633
0
0
0
0
0
0
0
0
0
0
0
0
0
0.02684
0.0185967
0.02712
0.0186867
0.01754
0.00457
0.00343
0.000156667
0.000156667
0
0
0
0
0
0
0
0
0
0
0
0
0
0
0
0
0.00012
0.00012
0.00012
0
0
0
0
0
0
0
0
0
0
0
0
0
0
0.0001
0
0
0
0.00016
0.00016
0
0
0.00439667
0.00376333
0
0
0
0.00016
0.00303333
0
0.0154533
0.0166167
0
0
0
0
0.00708333
0.00303333
0.0173733
0.0278267
0
0
0
0
0.0197567
0.00644
0.00466667
0.0177733
0
0
0
0
0.0185967
0.0175167
0.000116667
0.00301667
0
0
0
0
0.00347
0.00528
0
0.000116667
0
0
0
0
0.00233
0.00466
0
0
0
0
0
0
0.00865
0.0189833
0
0
0
0
0
0
0
0.00012
0.00012
0.00024
0.00012
0.00012
0
0.02076
0.0182333
0.0185733
0.00604
0.00899667
0.00455
0.00571667
0.00129667
0.00129667
0
0
0
0
0
0
0
0
0
0
0
0
0
0
0
0
0.000243333
0.000363333
0.00356
0.00331667
0.00319667
0
0.00102
0.00102
0.00102
0
0
0
0
0
0.00538
0
0
0
0
0.0001
0
0
0.0209533
0.00554
0.00303333
0
0.00679667
0.00313333
0
0
0.01597
0.000556667
0.0210467
0.00606667
0.01995
0.0291367
0
0
0.000396667
0
0.0434133
0.0220633
0.0374333
0.03758
0
0
0
0
0.0510167
0.04175
0.01956
0.0287667
0
0
0
0
0.0202567
0.0301033
0.00313333
0.00657
0
0
0
0
0.00347
0.00694
0.000116667
0.000233333
0
0
0
0
0
0.00233
0
0
0
0
0
0
0.00233
0.00632
0
0
0
0
0.00102
0.00102
0.00499
0.00409
0.00728
0.00343
0.00331
0.00012
0.00399
0.00417
0.00827667
0.00428667
0.00557
0.00146333
0.00159333
0.00013
0.00013
0
0
0
0
0
0
0
0
0
0
0
0
0
0
0
0.00237
0.000116667
0
0.000243333
0.000486667
0.00651333
0.00946667
0.0236833
0.0176567
0.01548
0.00204
0.00215333
0.00113333
0.000113333
0
0
0
0.00775
0.0129967
0.000116667
0.000116667
0
0
0
0
0.02604
0.03517
0.00303333
0.00303333
0
0.00303333
0
0
0.0198967
0.03401
0.0282967
0.0180133
0.0162867
0.00303333
0
0
0.000633333
0.00472
0.0515967
0.05268
0.0278967
0.01579
0
0
0
0.000236667
0.0312633
0.0515967
0.01643
0.0154133
0
0.000846667
0
0
0.0105533
0.0208367
0.00367
0.00432333
0.000846667
0.000846667
0
0
0.00303333
0.00650333
0.000116667
0
0
0
0
0
0
0
0
0
0
0
0
0
0
0
0
0
0.00012
0.00012
0.00409
0.00499
0.0175167
0.0175167
0.0309333
0.0215967
0.01786
0.00342333
0.000233333
0.00016
0.00016
0
0
0.00018
0.00018
0.00018
0
0
0
0
0
0
0
0
0
0
0
0
0
0.000153333
0.000153333
0.000153333
0.00237
0.00474
0.00342333
0.00330667
0.00728333
0.00433667
0.00867333
0.0106067
0.0183067
0.02843
0.0359467
0.0290233
0.01763
0.0042
0.00329333
0.000226667
0.000113333
0
0
0.00761667
0.00998667
0.000116667
0.000233333
0
0
0
0
0.02263
0.00812
0.00044
0
0.000583333
0.000583333
0
0.000116667
0.0207
0.0194867
0.0151267
0.0137567
0.00148
0.00206333
0.000116667
0.00251
0.00432333
0.00619
0.0162867
0.0285833
0.00401667
0.00296
0.00239333
0.0162933
0.000236667
0.000236667
0.00507
0.0189667
0.00330667
0.00401667
0.0147467
0.0185367
0
0
0.00303333
0.00708333
0.00077
0.00077
0.00463667
0.0039
0
0
0
0.00303333
0
0
0.00011
0.00011
0.000116667
0.000116667
0
0
0
0
0
0
0.000116667
0.000233333
0
0
0
0
0.00012
0.000363333
0.00433333
0.01024
0.0225233
0.03108
0.03949
0.0309133
0.01862
0.0043
0.00035
0.00134
0.00466
0.00348
0.00699
0.00367
0.0037
0.00019
0.00019
0
0
0
0
0
0
0
0
0
0
0.000153333
0.000306667
0.00355333
0.0034
0.00458
0.00370333
0.00370333
0.00625667
0.00933
0.0237933
0.0218633
0.02867
0.0184267
0.0318667
0.0298133
0.03902
0.03503
0.0332267
0.02275
0.00944
0.00341333
0.000346667
0.000113333
0
0
0
0.00237
0.000116667
0.000233333
0.0001
0.0001
0.000116667
0.000116667
0.00287333
0.00287333
0.00044
0.00044
0.00361667
0.00313333
0.000233333
0.00035
0.00287333
0.00497667
0.00137
0.00181
0.0161733
0.01462
0.00262667
0.01641
0.00210333
0.00210333
0.00102
0.00239
0.0174833
0.02856
0.0301933
0.0417
0
0
0
0.00102
0.00548333
0.0200067
0.03159
0.0207433
0
0
0
0
0
0.00400333
0.00695333
0.00327333
0
0
0
0
0
0
0.00022
0.00011
0
0.000116667
0
0
0
0
0
0
0.000233333
0.000116667
0
0
0
0
0
0.000243333
0.000486667
0.00651333
0.00934333
0.0216267
0.0166167
0.0174933
0.00496667
0.00406667
0.00016
0.00348
0.00466
0.0177167
0.0177167
0.02303
0.0134833
0.0106267
0.00416333
0.000653333
0.00019
0
0
0
0
0
0.000366667
0.00052
0.00575
0.00863
0.0245
0.0206033
0.01869
0.00266667
0.00149
0.000156667
0.00330333
0.00921
0.0130633
0.0245733
0.0311967
0.0372233
0.0383633
0.04325
0.0478333
0.0456567
0.0342633
0.0258233
0.0125167
0.00661
0.00047
0.000233333
0
0.000366667
0
0
0.000116667
0.000233333
0.0001
0.0002
0.000233333
0.000116667
0
0
0
0
0.00334667
0.00628
0.00035
0.00035
0
0
0
0
0.0318533
0.0224433
0.0141333
0.0179133
0
0
0
0
0.0491667
0.0509067
0.0316967
0.0338233
0
0
0
0
0.02528
0.0433633
0.03298
0.0313567
0
0
0
0
0.00400333
0.0107567
0.01544
0.0124967
0
0
0
0
0
0
0.00022
0.00011
0
0
0
0
0
0
0
0
0
0
0
0
0
0
0
0
0.000243333
0.000363333
0.00343667
0.00319333
0.00409
0.00101667
0.00101667
0
0
0.00016
0.00032
0.00067
0.00383
0.0103233
0.02303
0.03391
0.03391
0.02443
0.0106933
0.00761667
0.00404
0.00357667
0
0
0.0108267
0.0264833
0.0372767
0.0451267
0.0304367
0.0177633
0.00484
0.00398
0.00063
0.000473333
0.000116667
0.00318667
0.00409
0.00806
0.00896
0.0205867
0.01969
0.03144
0.0228867
0.0343933
0.0217433
0.02379
0.00956333
0.00673
0.00059
0.000236667
0.000366667
0.00559667
0
0
0
0.000116667
0
0.0001
0.000233333
0.000116667
0
0
0
0
0
0.000316667
0.00346333
0.00035
0.00413
0
0
0
0
0
0.0267467
0.0107
0.00791
0.02382
0
0
0
0
0
0
0.0527633
0.0380133
0.03595
0.0459433
0
0
0
0
0
0
0.0446367
0.0522967
0.0421933
0.02922
0
0
0
0
0
0
0.00950333
0.0253
0.01544
0.00327333
0
0
0
0
0
0
0.00275
0.00022
0.00011
0
0
0
0
0
0
0
0
0
0
0
0
0
0
0
0
0
0
0.00012
0.00012
0.00012
0
0
0
0
0
0
0
0
0.00016
0.00016
0.00051
0.00411333
0.0107667
0.01399
0.0244267
0.0201133
0.0201167
0.00591667
0.00715333
0.00357667
0.0251033
0.0329533
0.02302
0.02252
0.00993667
0.00432
0.00112333
0.000626667
0.000153333
0
0
0
0
0.00102
0.00102
0.00499
0.00409
0.00716333
0.00331333
0.00728667
0.00433
0.00728
0.00330333
0.00354
0.00047
0.000353333
0.00634333
0.0101933
0
0
0
0
0
0
0
0
0.000233333
0.00123
0
0.00012
0
0
0
0
0.000216667
0.00413
0.00484
0
0.00012
0
0
0
0.00755333
0.000216667
0.02075
0.0200733
0
0
0
0
0.02283
0.00841667
0.0331367
0.0195033
0
0
0
0
0.0446233
0.0299067
0.0193367
0.00544667
0
0
0
0
0.0308267
0.04249
0.00316333
0.00011
0
0
0
0
0
0.00275
0.01503
0.00011
0
0
0
0
0
0
0
0
0
0
0
0
0
0
0
0
0
0
0
0
0
0
0
0
0
0
0
0
0
0
0
0
0
0
0
0
0
0.00027
0.00403333
0.00760667
0.01091
0.00714667
0.00591333
0.00234
0.00994
0.00666333
0.00716
0.00740667
0.00698667
0.0212
0.0148633
0.019
0.00429
0.00457667
0.00012
0.00012
0.00330333
0.00318333
0.00420333
0.00102
0.00102
0
0
0.00012
0.00012
0.00024
0.00012
0.000236667
0.000116667
0.000233333
0.000116667
0.000116667
0.00496333
0.00385
0.00162
0.000286667
0
0
0
0
0.00123
0.00111333
0.00439667
0.00145333
0.000993333
0.000993333
0
0
0
0.000943333
0.000826667
0.00323667
0.000293333
0.00198667
0.000993333
0.000993333
0
0
0.00404667
0.00561333
0.00109667
0.000923333
0.00164
0.000993333
0
0
0.00108
0
0.00800667
0.00478667
0.00354667
0.00262333
0.000646667
0.000646667
0
0
0.0165733
0.00216
0.00239333
0
0.00262333
0
0
0
0
0
0.0266933
0.0154933
0
0
0
0
0
0
0
0.01228
0.01228
0
0
0
0
0
0
0
0
0
0
0
0
0
0
0
0
0
0
0
0
0
0
0
0
0
0
0
0
0
0
0
0
0
0
0
0
0
0
0
0
0
0.00027
0.00027
0.00384333
0.00357333
0.000573333
0.00385333
0.01019
0.0224633
0.0338933
0.04057
0.0320133
0.0207667
0.00804
0.00403667
0.00188667
0.000243333
0.000363333
0.00355667
0.00649667
0.0189033
0.01673
0.0260733
0.0135467
0.0126333
0.000106667
0.000213333
0.000106667
0.000106667
0
0
0
0
0
0.00293333
0.0150667
0
0
0
0
0
0
0
0
0
0
0.0166967
0.02092
0.017
0.00446333
0.000993333
0
0
0
0
0
0.00542667
0.01081
0.01466
0.0271967
0.00545667
0
0
0
0.00239333
0.00239333
0.00493333
0.00632
0.0136567
0.0118367
0
0
0.00239333
0
0.0156467
0.01686
0.00281333
0.00346
0.00108
0
0
0
0.01653
0.02863
0
0
0.00108
0.00108
0
0
0.00535333
0.01926
0
0
0
0
0
0
0
0
0
0.00535333
0
0
0
0
0
0
0
0
0
0
0
0.000153333
0
0.000153333
0
0
0
0
0
0
0
0
0
0
0
0
0
0
0
0.000306667
0.000153333
0
0
0
0
0
0
0
0
0
0
0
0
0
0
0.00457667
0.0174233
0.0186
0.0303167
0.0238067
0.0228133
0.00998
0.00393
0.000466667
0.0016
0.00152
0.00012
0.00012
0.00024
0.000363333
0.000483333
0.00355667
0.00728333
0.01969
0.0290233
0.03758
0.0310767
0.0186567
0.00635667
0.00044
0.000333333
0.000106667
0
0
0
0.00129667
0.0175333
0.01394
0.000353333
0
0
0
0
0
0.03141
0.03076
0.0252967
0.0117667
0.0138833
0
0
0
0
0
0.0218367
0.03296
0.0243933
0.03459
0.03514
0
0
0
0
0
0.0196333
0.0297667
0.00228333
0.0152633
0.0180767
0.02599
0
0
0
0
0
0
0.0238767
0.0252633
0
0.00228333
0.00228333
0.00509667
0
0
0
0
0
0
0.0376833
0.0317167
0
0
0
0
0
0
0
0
0
0
0.0228767
0.0292
0
0
0
0
0
0
0
0
0.00808333
0.0117
0
0
0
0
0
0
0
0
0.00273
0.00273
0
0
0
0
0
0
0
0
0
0
0
0
0
0
0
0.00149
0.00611667
0.00478
0.00822667
0.00375333
0.00375667
0.00031
0.000156667
0
0
0
0
0
0
0
0
0
0
0.00575333
0.00461
0.0109467
0.00664333
0.00667
0.000333333
0.00018
0
0.000206667
0.000206667
0.00227667
0.00012
0.00024
0.00331333
0.00331333
0.00716333
0.00421
0.00511
0.00511
0.0175167
0.0290233
0.0310767
0.0245733
0.0121633
0.00636667
0.000343333
0.000226667
0.00129667
0.00129667
0.00718333
0.01969
0
0.000353333
0
0.000353333
0
0
0
0
0
0
0.0311233
0.0310533
0
0.0114133
0.0114133
0
0
0
0
0
0.0227233
0.0317167
0
0
0.0114133
0
0
0
0
0
0.0291267
0.0383
0
0
0
0
0
0
0.03039
0.0274867
0
0
0
0
0
0
0.0189
0.0245167
0
0
0
0
0
0
0.0193967
0.0181133
0
0
0
0
0
0
0
0
0.00658667
0.00649667
0
0
0
0
0
0
0
0
0.00273
0.00288
0
0
0
0
0
0
0
0
0
0
0
0
0
0
0
0
0
0
0
0.0002
0.00370667
0.00499667
0.01835
0.01947
0.0327567
0.02285
0.0185967
0.00397667
0.000746667
0.000373333
0.000216667
0
0
0
0
0.000153333
0.000306667
0.000153333
0.000153333
0
0
0
0
0.000106667
0.00217667
0.00217667
0
0
0.000243333
0.000363333
0.00639
0.00922
0.0216267
0.01957
0.0290233
0.0175167
0.0136533
0.0136533
0.01275
0.0186667
0.00637667
0.00637667
0.000353333
0.000116667
0
0
0.0166533
0.0147833
0
0
0
0
0
0
0.02163
0.0107367
0
0
0.000573333
0.000573333
0
0
0
0.0142033
0.01111
0
0
0
0.000573333
0
0
0
0.0147733
0.0175467
0
0
0
0
0
0
0
0
0.01766
0.02133
0
0
0
0
0
0
0
0
0.0218533
0.0223267
0
0
0
0
0
0
0
0
0.0304067
0.02186
0
0
0
0
0
0
0
0.00720333
0.0211933
0
0
0
0
0
0
0
0.00466333
0.00043
0
0
0
0
0
0
0
0
0
0
0
0
0
0.00028
0.00028
0
0
0
0
0.0002
0.000886667
0.00439333
0.0201467
0.0328133
0.0427767
0.0416
0.0315467
0.01845
0.00697333
0.00389
0.00351667
0.000216667
0
0
0
0
0
0
0
0.000106667
0.000106667
0.000106667
0
0.00355667
0
0
0
0.000243333
0.00331667
0.00934333
0.0216267
0.03108
0.0374233
0.0374233
0.0280733
0.01581
0.00339
0.00033
0.000223333
0.000353333
0.000236667
0.000236667
0
0
0.00749667
0.02123
0
0
0
0
0
0
0.04244
0.0305267
0
0
0
0
0.000573333
0.00114667
0
0
0.0346567
0.0764067
0
0
0
0
0.00252
0.00309333
0
0
0.0389267
0.0801067
0
0
0
0
0.00137333
0.00332
0
0
0.01318
0.03722
0
0
0
0
0
0.00137333
0
0
0.0253333
0.02033
0
0
0
0
0
0
0
0
0.0386733
0.0340733
0
0
0
0
0
0
0
0.0327233
0.02379
0
0
0
0
0
0
0
0.00612667
0.0112633
0
0
0
0
0
0
0
0
0
0
0
0
0
0.00028
0.00189333
0
0
0
0
0
0
0
0.000486667
0.00117333
0.00188333
0.01735
0.0228033
0.0355633
0.02144
0.0186
0.00513
0.0066
0.0033
0
0
0
0
0
0
0
0
0.00133667
0.00489333
0.00754333
0
0
0
0
0
0.00307333
0.00409333
0.01662
0.01736
0.02871
0.0190967
0.01846
0.00620667
0.0034
0.000223333
0.000106667
0
0
0.0522633
0.01994
0
0
0
0
0
0
0
0
0
0
0.129217
0.07438
0
0
0
0
0.00669333
0.00306
0.00420667
0
0
0.19096
0.16596
0
0
0
0
0.0200767
0.0189633
0.00615333
0
0
0.250393
0.181237
0.00639333
0
0
0
0.0153967
0.0274067
0
0.00205667
0.189573
0.0867367
0.00812667
0.00639333
0
0
0.00426333
0.01634
0.00205667
0.00286
0.10216
0.0597933
0.00173333
0
0
0.000106667
0.00299667
0.000803333
0.000803333
0.0600567
0.0293333
0
0
0
0.000213333
0.000106667
0
0
0
0.0211267
0.0199167
0
0
0
0
0.000106667
0
0
0
0.00836333
0.00428
0
0
0
0
0.00205333
0
0.00183
0
0
0
0
0
0
0
0
0
0
0.00133333
0.00294667
0
0
0
0
0
0
0
0
0
0
0.000486667
0.00071
0.00142
0.00115667
0.00707333
0.00819333
0
0
0
0
0
0
0.00133667
0.00267333
0.00532333
0.00398667
0.00546667
0
0
0
0
0
0
0
0
0
0.00102
0.00102
0.00483333
0.00381333
0.00672667
0.00291333
0.00303
0.000116667
0.000116667
0
0
0.0413467
0.1021
0
0
0
0
0
0
0.000116667
0.000116667
0.167853
0.18689
0.182173
0.13236
0.0143
0
0.00071
0
0
0.00306
0.00306
0.000116667
0.000233333
0.23761
0.280317
0.241627
0.141093
0.119807
0.04722
0.03363
0
0.00789
0.00306
0.0212733
0.000116667
0.00217333
0.34168
0.336757
0.316543
0.259197
0.181347
0.14249
0.0762967
0.0400233
0.00910333
0.00659667
0.02072
0.0279667
0.00411333
0.0155267
0.334763
0.256737
0.267847
0.244703
0.12737
0.12136
0.0506067
0.0444
0.01709
0.00678
0.02666
0.0270433
0.0142733
0.01595
0.20148
0.14974
0.177707
0.166047
0.07417
0.0586367
0.0143333
0.0163533
0.00173333
0.0149667
0.0145833
0.0178567
0.00588667
0.00453667
0.00676
0.135063
0.0877467
0.114477
0.10538
0.0611633
0.0416133
0.01348
0.00375333
0
0
0.00299667
0.00289
0.00310333
0.00302667
0.00312333
0.02568
0.0615767
0.08903
0.0946133
0.04244
0.0191367
0.00972667
0
0
0
0.000223333
0.000106667
0.000106667
9.66667e-05
0
0.00494
0.0213267
0
0
0
0
0.000446667
0.000446667
0
0
0
0
0
0
0
0
0
0.00133333
0.00360667
0
0
0
0
0
0
0
0
0
0
0
0
0
0
0
0
0.000223333
0.000446667
0
0
0
0
0
0.00133667
0.00133667
0.00133667
0
0.00281667
0.00432
0.0266433
0
0
0
0
0
0
0
0
0
0
0
0
0
0
0
0
0
0
0
0
0.0885433
0.108243
0.149773
0.10092
0.01767
0.00071
0.00312
0
0
0
0
0
0.000116667
0.000233333
0.0919933
0.02885
0
0
0
0.00313333
0.00313333
0
0
0
0.00507333
0.0169533
0.00176667
0
0.0254667
0.0366533
0.00427333
0.00176667
0.02839
0.0247633
0.00250667
0.00250667
0.0145467
0.0117367
0
0
0
0.00404667
0.00102
0.0815467
0.0568767
0.000223333
0
0.000223333
9.66667e-05
0
0.02327
0.0483467
0.07915
0.0855933
0.0357533
0.00218
0.01159
0
0
0
0
0.000223333
0
0
0
0
0
0
0
0
0
0
0.00227333
0.00555
0
0
0
0
0
0
0
0
0
0
0
0
0
0
0
0
0
0
0
0
0
0
0
0
0
0.00150333
0.00150333
0.0238267
0.0224533
0.04497
0.0249267
0.00241
0
0
0
0
0
0
0
0
0
0
0
0
0
0
0
0
0
0
0.00549667
0.00549667
0.0673567
0.0595833
0.06755
0.0394767
0
0
0.000263333
0.00564333
0
0
0
0.00329667
0.000543333
0.00077
0
0.00077
0.0151767
0.0204967
0.00507333
0.00330667
0.00253667
0.00176667
0.03346
0.02925
0.00353333
0.00607
0.00176667
0
0.0288167
0.04194
0
0.00176667
0
0
0.0350767
0.0405867
0
0
0
0.01422
0.01758
0
0
0
0.00866
0.00437667
0.0364167
0.0327233
0.0573033
0.0291133
0
0
0.00437667
0
0
0
0
0
0.00012
0.00012
0.00012
0
0
0.00327667
0.00906667
0.00495
0.00218
0.00218
0
0
0
0
0
0
0
0
0
0
0
0
0
0
0
0
0
0.000193333
0.000193333
0.000193333
0
0
0
0
0.00013
0.00013
0.0226467
0.0263067
0.0488233
0.0263067
0.0225167
0
0
0
0
0
0
0
0
0
0
0
0
0
0
0
0
0.0116567
0.02591
0.00635333
0
0
0
0
0.00592333
0.02003
0.000233333
0.000116667
0.000116667
0.000706667
0.00489333
0.00313333
0.00301667
0.000116667
0.0128333
0.0408867
0.0146433
0.0150067
0.04434
0.0624867
0.0175567
0.0278967
0.06052
0.117647
0.0048
0.0180533
0.104577
0.08978
0.00323333
0.00313333
0.0001
0.02915
0.0371867
0.0002
0.0003
0.0001
0.0299933
0.0288
0
0.0001
0
0.0001
0.00746667
0.00321
0.00012
0.00114
0.00102
0.00499
0.00409
0.00421
0.00024
0.00012
0
0
0.00579
0.00579
0.00856
0.00277
0.00277
0
0
0
0
0
0
0
0
0
0
0
0
0
0
0
0
0.00379
0.00379
0.00379
0
0
0
0
0
0
0
0
0
0
0
0
0
0
0
0
0.0365167
0.0187167
0.0346267
0.00052
0.0128833
0.00303
0.00335667
0
0.00303
0
0
0
0.02382
0.0396433
0
0.000116667
0.000116667
0.0139
0.0183267
0.000233333
0.000116667
0.00313333
0.0373733
0.0864767
0.00301667
0.000116667
0.00591667
0.0179067
0.108137
0.153127
0.0140767
0.0029
0.0261833
0.0365367
0.164603
0.19136
0.0156667
0.0119567
0.02814
0.0199967
0.129607
0.0968733
0.00381
0.00449
0.00684333
0.0650833
0.09413
0
0.0001
0.0002
0.0832233
0.0456967
0
0
0.0302067
0.0138667
0.00814333
0.00926667
0.00535333
0.01788
0.0176367
0.03132
0.0187933
0.0150667
0.000363333
0.000243333
0
0
0
0
0
0
0
0
0
0
0
0
0
0
0
0
0
0
0
0
0
0
0
0
0
0
0
0
0
0
0
0
0.04083
0.0300033
0.0179667
0.0120433
0.00979667
0.02384
0.0174
0.0237433
0
0.00937333
0
0
0
0
0
0.0353167
0.0383933
0
0
0
0.0198167
0.0250367
0
0
0
0.0639667
0.0971433
0
0
0.16433
0.164643
0
0
0.137483
0.17957
0.00078
0
0.108437
0.11654
0
0.00078
0.00078
0.117397
0.117817
0
0
0
0.0864633
0.0759767
0
0
0
0
0.04216
0.0339167
0.0255867
0.02372
0.0281167
0.0193867
0.0336133
0.03602
0.04765
0.0431933
0.0339
0.0183
0.00387667
0.000523333
0.00028
0
0
0
0.00122
0.00122
0.00122
0
0.000803333
0.000803333
0.000803333
0
0
0.00037
0.00037
0.000553333
0.000183333
0.00289333
0.00271
0.00523667
0.00252667
0.0315433
0.0278467
0.0203833
0.0294467
0.03515
0.05096
0.0459933
0.0545967
0.0323467
0.0538467
0.00784667
0.03872
0.00821667
0.00719
0
0.00466333
0
0.0365767
0.0361933
0
0
0
0.0237033
0.0284967
0
0
0
0.04934
0.04884
0
0
0
0
0.0743267
0.09733
0
0
0
0
0.0652767
0.09924
0
0
0
0
0.0703733
0.0954167
0
0
0
0.0628467
0.0884133
0
0
0
0.04749
0.0499433
0.0130433
0.000803333
0.00160667
0
0.0213767
0.02408
0.0228167
0.0325667
0.0414867
0.0389033
0.0405333
0.0439733
0.05391
0.05518
0.0435733
0.02675
0.0145433
0.00727
0.00391667
0.00028
0.00204667
0.00204667
0.00326667
0.00244
0.0138767
0.0126567
0.01224
0.0312367
0.03182
0.0374933
0.0412667
0.04903
0.06524
0.0757733
0.110347
0.11067
0.109857
0.06088
0.0792233
0.00908333
0.05793
0.00133667
0.00202
0.0103833
0.00845667
0.0335433
0.0385067
0.0354967
0.0390867
0.0350067
0.0587167
0.03041
0.00466333
0
0.0303167
0.01757
0.0315533
0.0573
0
0
0.0114567
0.00513333
0.0259333
0.0574867
0
0
0.02774
0.0212033
0.00497333
0.0309067
0
0
0.0433767
0.0469
0.00396
0.00893333
0
0
0.03671
0.0228067
0.00396
0.00792
0
0
0.0115667
0.0179433
0.0191933
0.00476333
0.000803333
0
0.01175
0.01573
0.0467333
0.02667
0.00409667
0.00511667
0.00831
0.01223
0.0240333
0.04348
0.0511833
0.09735
0.0892833
0.14529
0.106477
0.110337
0.0461633
0.0294633
0.0146667
0.00828667
0.00481
0.00422
0.00509333
0.02596
0.0241333
0.0335233
0.0355167
0.04211
0.0421867
0.0515067
0.0667967
0.123423
0.15644
0.201457
0.15455
0.146943
0.120593
0.114023
0.0656733
0.0182567
0.00345
0.00777333
0.0134633
0.0202967
0.0434133
0.0551967
0.02407
0.0239967
0.0770567
0.0705833
0.0154033
0.00308333
0.103353
0.0948033
0.0004
0.000116667
0.000233333
0.14437
0.16449
0.0245
0.0131433
0.0947433
0.176653
0.02797
0.0355733
0.0255367
0.0854133
0.01061
0.02187
0.0223667
0.03501
0.000213333
0.00547
0.0433233
0.0328367
0.000116667
0.000116667
0.04777
0.0497433
0
0.000243333
0.000243333
0.00559667
0.00637333
0.0306433
0.0333067
0.0644733
0.0628433
0.100517
0.12732
0.17681
0.202847
0.174833
0.121137
0.0607233
0.0332233
0.0161367
0.00599667
0.0149767
0.0166767
0.03637
0.04042
0.0441
0.05511
0.09195
0.144973
0.21583
0.239297
0.259297
0.21385
0.17428
0.100803
0.07216
0.0379633
0.02761
0.0122267
0.0180433
0.0204233
0.0217467
0.0334033
0.0191367
0.0289667
0.03408
0.05057
0.00404
0.00689
0.100663
0.0629033
0.00928
0.00644667
0.00661333
0.00035
0.212367
0.15709
0.0156467
0.0144233
0.22473
0.240323
0.00901667
0.01812
0.0969333
0.15434
0.00235
0.00760667
0.0474333
0.0475433
9.66667e-05
9.66667e-05
0.03215
0.0453867
0
0
0.0152233
0.0281133
0.00102
0.00102
0.00523333
0.00445667
0.0153033
0.0164433
0.05493
0.0683533
0.126313
0.11977
0.134333
0.11671
0.123357
0.156653
0.141973
0.134117
0.0929967
0.0733
0.04388
0.0142167
0.01536
0.0319933
0.02371
0.0726567
0.0849533
0.175103
0.201423
0.26215
0.23465
0.192227
0.14103
0.09444
0.0923033
0.05967
0.0463833
0.02014
0.0177333
0.01696
0.00946
0.0166033
0.01595
0.0115267
0.0149233
0.00882
0.00870333
0.0771867
0.0486967
0.02603
0.0254067
0.0377467
0.0214533
0.0201367
0.153713
0.11157
0.0105967
0.0111267
0.195867
0.164533
0.00638333
0.00601333
0.07433
0.13293
0.00187667
0.00413
0.0330667
0.0483967
0
0
0.00353667
0.0188667
0
0
0.00471333
0.00393
0.00014
0.00323
0.00411
0.0177767
0.0189
0.0386033
0.0357833
0.0830833
0.10109
0.142573
0.154373
0.14371
0.130213
0.09206
0.102827
0.07201
0.07786
0.04102
0.0640133
0.03456
0.00766667
0.0328533
0.0611933
0.08502
0.1351
0.16917
0.207993
0.163367
0.138827
0.105523
0.10559
0.0854967
0.0589233
0.0283767
0.01343
0.00626
0.00306333
0.000233333
0.00315333
0.00315333
0.00333333
0.00323333
0.00996
0.00506333
0.0464967
0.00942667
0.0543333
0.0262
0.0349633
0.04728
0.0368633
0.0640233
0.0551133
0.0436
0.03354
0.09678
0.0601967
0.0281933
0.0513033
0.02246
0.0988667
0.0732567
0.0158267
0.0167
0.0716
0.04271
0.00138
0.00325667
0.03011
0.0260367
0
0
0.0136633
0.01412
0
0
0.00477667
0.00560667
0
0
0.00014
0.000523333
0.00361333
0.0221467
0.03543
0.0648
0.06685
0.0959
0.114953
0.124963
0.134577
0.11113
0.108463
0.0842
0.0812933
0.0602833
0.0402333
0.0170667
0.0120033
0.02834
0.02858
0.05692
0.0381433
0.100313
0.110233
0.134463
0.0980767
0.0936767
0.0757267
0.06748
0.0369367
0.0244067
0.00675
0.00355
0.000236667
0.000116667
0
0
0
0.000216667
0.000216667
0.0406467
0.0498267
0.02543
0.0360367
0.04327
0.0230733
0.0504367
0.0199567
0.00679667
0.00173333
0.00652667
0.000433333
0.0495033
0.04941
0.0607733
0.0418033
0.0262033
0.00960333
0.0306267
0.0536267
0.0354567
0.0249867
0.00374333
0.0163133
0.0321767
0.03195
0.00138
0.00138
0.0374933
0.03807
0.04027
0
0
0.0259167
0.0166233
0
0
0.00394333
0.00361333
0.00366333
0
0
0
0
0
0.000243333
0.000626667
0.00713667
0.0255667
0.04693
0.07288
0.08565
0.10662
0.0941233
0.0934133
0.0564767
0.06458
0.0340033
0.05629
0.0301733
0.0370733
0.011
0.00024
0.00980333
0.0193667
0.0573867
0.0860833
0.102543
0.0903067
0.0640967
0.0539167
0.03133
0.0225967
0.00687333
0.00355667
0.00024
0.00012
0
0
0
0.0511333
0.0457933
0.0582967
0.0327133
0.0411533
0.0203967
0.0213633
0
0
0
0
0.0209933
0.0426633
0.0187467
0.0306867
0.0161967
0.00434
0.00303667
0.00130333
0.00123333
0.00101667
0.0188033
0.02725
0.00646667
0.00419
0.0180567
0.00236333
0.0119733
0.0100533
0.00236333
0
0.0222167
0.02103
0
0
0.0291
0.0209
0.01983
0.0304233
0
0
0.01383
0.02
0
0
0.00874
0.01369
0.00883333
0
0
0
0
0
0
0
0
0.000243333
0.000486667
0.00699667
0.01019
0.0316933
0.03247
0.0604767
0.0429433
0.05562
0.0253433
0.02691
0.0127267
0.0117167
0.0108867
0.00705667
0.03856
0.03683
0.03255
0.0245567
0.00956333
0.0175067
0.0557667
0.0541467
0.0722267
0.0401133
0.04422
0.0186833
0.0159733
0.00404333
0.00367667
0.00024
0.00012
0
0
0
0
0
0.0340333
0.0294633
0.0432
0.0208433
0.0114467
0.00130333
0
0
0.0001
0
0.00622
0.0156567
0.00846667
0.00391
0.00548667
0.00260667
0.00389
0.00297333
0
0.00311
0.0163167
0.0162333
0
0
0.0112233
0.0197633
0
0
0.0119567
0.0108867
0
0
0.0082
0.00593667
0.00936667
0
0
0.01843
0.0275967
0.0119
0
0
0.0128133
0.0184367
0.02765
0
0
0
0
0
0
0
0
0
0
0
0.000243333
0.000243333
0.00368
0.00368
0.0109667
0.00765
0.01162
0.00433333
0.00538
0.00233333
0.00811333
0.0118967
0.0327767
0.0417667
0.0406467
0.03316
0.03067
0.0220667
0.0286867
0.0315533
0.00252333
0.00794333
0.00998
0.0179233
0.0161267
0.0202367
0.01278
0.00712
0.000973333
0.000606667
0.00012
0.00012
0
0
0
0
0
0
0
0.00651333
0.0204033
0.0198167
0.00670667
0.0180567
0.00382667
0.00635
0.00252333
0.0001
0.0001
0.000116667
0.00322667
0.00318333
0.00031
0
0
0.0208667
0.00873333
0
0
0.03045
0.0316367
0
0
0.01461
0.02552
0
0
0.00759667
0.01475
0
0
0.0228767
0.00446667
0.00897333
0.007
0
0
0.0118433
0.00514667
0.0145
0.0246833
0.0200567
0
0
0
0
0
0
0
0.000223333
0.000223333
0.000223333
0
0
0
0.000126667
0.000126667
0.000266667
0.000383333
0.000523333
0.000503333
0.00026
0.00012
0
0.00116667
0.01994
0.0209867
0.0327033
0.02443
0.0298833
0.0233633
0.03077
0.02565
0.0319367
0.0213067
0.0191633
0.00774
0.00627667
0.00934333
0.00811333
0.0106
0.00704667
0.00913
0.0102667
0.0103133
0.00871667
0.00257
0.000486667
0
0
0
0
0
0
0
0
0
0
0
0.00340333
0.00445667
0
0
0
0.000116667
0.00021
0
0
0
0.00884667
0.00319667
0
0
0.0246
0.0139433
0
0
0.0344633
0.0323567
0
0
0.02518
0.0339833
0
0
0.02214
0.0331667
0
0
0.00398
0.00426333
0.00808667
0.00425667
0.00604333
0.00991333
0.0119
0.02523
0
0
0
0
0
0
0.00159333
0.00159333
0.00604
0.00467
0.00992667
0.00548
0.00724667
0.00199
0.00708
0.00521667
0.00849
0.00354
0.00355333
0.00042
0.00028
0.00014
0
0
0
0.00117
0.00550333
0.00433333
0.0115433
0.00735
0.0137167
0.00650667
0.0110333
0.00603667
0.0100233
0.0180333
0.0178933
0.0280033
0.0209167
0.0110767
0.00815
0.00606667
0.00208333
0
0
0
0
0
0
0
0
0
0
0.00012
0.00012
0.00012
0
0.00117
0.0291567
0.02596
0.03042
0.0243533
0
0
0
0
0
0
0
0
0.00309333
0.000106667
0
0
0.0120833
0.00688333
0
0
0.0353767
0.02576
0
0
0.0460533
0.0495533
0
0
0.0480467
0.0544867
0
0
0.000596667
0.00718333
0.000746667
0.03089
0.0145633
0.0437733
0.0426967
0
0
0
0
0
0
0
0.00332333
0.00491667
0.01692
0.0180433
0.0217067
0.01496
0.0176233
0.0143567
0.0253267
0.0233067
0.0488767
0.0359233
0.0379567
0.0105367
0.0101067
0.00298333
0.00431333
0.00147
0.00147
0
0.000313333
0
0
0.000106667
0.000106667
0.000106667
0.00014
0.00014
0.00014
0.000123333
0.00149333
0.00381
0.0163633
0
0
0
0
0
0
0
0
0.00012
0.00024
0.00331333
0.00319333
0.00307333
0
0
0.0286367
0.0589667
0.0585133
0.05576
0.0376533
0.00770667
0.0260167
0.00372333
0
0
0
0
0.0813133
0.0520933
0.0763833
0.0609333
0
0
0
0
0.000223333
0.000116667
0
0
0.00803
0.00435667
0
0
0.0332633
0.0207333
0
0
0.0564367
0.0497633
0
0
0.05869
0.0593767
0
0
0.03714
0.0623167
0.0395633
0.0758167
0.07365
0.0308067
0.0530767
0.0225633
0.0152567
0.03047
0.0542767
0.0574033
0.000106667
0.000213333
0.000106667
0.000106667
0
0
0
0
0
0.00173
0.00505333
0.0089
0.0191733
0.0296533
0.0310633
0.02617
0.01751
0.0165533
0.00335667
0.00188667
0.000313333
0.00067
0.00739
0.0142233
0.0303433
0.04182
0.000103333
0.00328333
0.00328667
0.00646667
0.00328667
0.00318
0
0
0.000123333
0.000246667
0.00256333
0.00244
0.00016
0.00016
0.00016
0
0.000116667
0.000236667
0.00343
0.00638667
0.0206867
0.0174933
0.0276267
0.000103333
0.000103333
0.0258733
0.01596
0.0580667
0.00388333
0.00032
0.0133533
0.0132067
0
0
0.0833733
0.0575033
0.109943
0.0861967
0.0573633
0.0626567
0.0169
0
0.000146667
0
0
0.0976667
0.05711
0.131387
0.12055
0.0941767
0.134693
0.148053
0.229743
0.162593
0.143383
0.000116667
0
0
0.00229
0.0949367
0.164387
0.15628
0.18281
0.274083
0.307657
0.357227
0.260103
0.22149
0.00735667
0.00322333
0.00229
0.00332333
0.17355
0.14153
0.261307
0.286183
0.34853
0.259433
0.270417
0.229517
0.1547
0.0228867
0.0131833
0.00103333
0.00103333
0.110847
0.11888
0.190393
0.140477
0.14717
0.0767767
0.129643
0.114223
0.09838
0.05227
0.04688
0.0325333
0
0
0.0529433
0.0574267
0.0564467
0.0635633
0.0772
0.07812
0.0622767
0.0377033
0.05268
0.03374
0.0513467
0.0514567
0.0456333
0.0016
0.0016
0.02378
0.04559
0.0354667
0.044
0.0403133
0.02777
0.0493633
0.0354267
0.00586
0.00436667
0.00723
0.00307667
0.00307
0.000206667
0.0001
0
0
0
0.00211667
0.00384667
0.00769333
0.01697
0.00377333
0.00188667
0
0.000356667
0.000696667
0.00784333
0.0131533
0.03101
0.00647
0.00954667
0.00954
0.0228567
0.0196767
0.02059
0.00409333
0.00421333
0.000243333
0.000243333
0.000123333
0.00428
0.00423667
0.00748333
0.00655667
0.02086
0.0320333
0.0435833
0.04237
0.0342833
0.000103333
0.00329
0
0.01223
0.0102433
0.0142033
0.00662667
0.0196867
0
0
0.02531
0.01223
0.0262733
0.02318
0.0527733
0.000146667
0.000293333
0.00290667
0
0.01308
0.01901
0.0531667
0.0475267
0.0615067
0
0
0.0170733
0.00519667
0.0413
0.00593
0.0596133
0.111297
0.0614533
0.00322333
0.000116667
0.02456
0.0152
0.0729767
0.0421967
0.103903
0.0568167
0.0692033
0.00928667
0.00346
0.0117733
0.0126833
0.06469
0.0508067
0.07018
0.0769733
0.0227967
0.00925333
0.000123333
0
0.0331333
0.0517267
0.0524967
0.05773
0.03872
0.03101
0.02252
0.00445
0.00605
0.00423333
0.02205
0.0188667
0.0155333
0.0228967
0.0114767
0.0190533
0.0188633
0.03136
0.02122
0.01706
0.00306333
0.0002
0.0001
0
0
0.00211667
0.00284667
0.00188667
0
0
0.000143333
0.000483333
0.000626667
0.00615
0.0247833
0.0247767
0.0485767
0.0466633
0.0475767
0.0246833
0.00830667
0.00433333
0.00024
0.00012
0.01082
0.0202167
0.0311833
0.0358133
0.03704
0.0259533
0.02441
0.00981333
0.00329667
0.00637333
0
0
0.0346767
0.0282067
0.000293333
0.00662667
0.00022
0.00011
0
0
0.06031
0.07957
0.000146667
0.000146667
0.00301667
0.0166567
0
0
0.07021
0.0807367
0
0
0.0284233
0.0368333
0
0
0.06371
0.0769833
0.000116667
0
0.0348433
0.02503
0.00682667
0
0.0871133
0.0849467
0.000473333
0.000236667
0.0138367
0.00231
0.0200267
0.00682667
0.07383
0.0519767
0.00343
0.000476667
0.000246667
0.000123333
0.00211667
0.0153167
0.03611
0.0155367
0.00888333
0.00333667
0.000183333
0.00321333
0.00748
0
0.00211667
0.00546
0.00618
0.00595333
0.000286667
0.0212633
0.0312367
0.04001
0.0403233
0.0302033
0.01708
0.00298333
0.0001
0
0.00096
0.00096
0
0
0
0.000143333
0.000143333
0.000286667
0.0216933
0.0351567
0.0620467
0.0610467
0.04849
0.02441
0.00712
0.00302667
0.00012
0
0.0303567
0.0413233
0.0358133
0.0255667
0.01448
0.00684
0.00371667
0.000383333
0.00339333
0.00338
0
0
0.0332467
0.026
0
0.000146667
0.000206667
0.000316667
0
0
0.0589767
0.0441533
0
0
0.0249567
0.01375
0
0
0.0567933
0.0348333
0
0
0.0245767
0.0362733
0
0
0.0609533
0.04603
0
0
0.00400667
0.0153233
0
0
0.0598933
0.0313433
0.00012
0
0.00206333
0.00218667
0
0
0.0345433
0.0138
0.00024
0.00012
0.000123333
0
0
0
0.01066
0.000583333
0.000263333
0.00012
0
0.000183333
0.00559333
0.00256333
0.02033
0.0191933
0.0191767
0.0311733
0.00467
0.0178933
0
0.00288333
0
0.00024
0.00024
0.000143333
0
0
0
0
0
0
0
0
0
0.0167467
0.0178733
0.0352833
0.02182
0.0235033
0.00609333
0.00290667
0
0
0.0321733
0.02477
0.0236733
0.00937
0.00362333
0.000353333
0.000236667
0
9.66667e-05
0.000193333
9.66667e-05
0
0
0.0229933
0.0182
0
0
0
9.66667e-05
0
0
0.0154167
0.00652333
0
0
0.0113167
0.0113167
0
0
0.0133
0.00759333
0
0
0.01326
0.00194333
0
0
0.0142033
0.00720333
0
0
0.00194333
0
0
0
0.01048
0.00372333
0
0
0
0
0
0
0.00384333
0.000463333
0
0
0
0
0
0
0.000343333
0
0
0
0
0
0
0.00238
0.00238
0.00654667
0.00416667
0.00595333
0.00178667
0.00178667
0
0
0
0
0
0
0
0
0
0
0
0
0
0.00122333
0.00441
0.00759667
0.00656
0.00337333
0.0104867
0.00625667
0.00623667
0.000466667
0.00033
0.000213333
0
0
0
0
0
0
0.000186667
0
0
0
0.00622667
0.00591667
0
0
0
0
0
0
0.00212667
0.00168
0
0
0
0
0
0
0.00037
0.000206667
0
0
0
0
0
0
0.00043
0.000326667
0
0
0.00113333
0
0
0
0.000343333
0.00012
0
0
0.00325333
0.00212
0
0
0.00012
0
0
0
0.00228667
0.000166667
0
0
0
0
0
0
0.000166667
0
0
0
0
0
0
0
0
0
0
0
0
0
0
0
0
0
0
0
0
0.000393333
0.00059
0.000683333
0.00465333
0.00432
0.00651333
0.00240667
0.00268667
0
0
0
0
0.00318667
0
0.00337333
0.00318667
0.000186667
0
0
0.00155
0.000256667
0.00083
0.00028
0
0
0
0
0.00141333
0
0
0.00055
0
0
0
0
0.000103333
0.000103333
0
0
0
0
0
0
0.000103333
0
0
0
0.00113333
0.00397
0
0
0
0
0
0
0.01536
0.0146433
0
0
0
0
0
0
0.0266633
0.01544
0
0
0
0
0
0
0.0135967
0.000443333
0.000166667
0
0
0
0
0
0
0
0
0
0
0
0
0
0
0
0
0
0.00351667
0.00750333
0.0220233
0.0213667
0.0245133
0.00994
0.01563
0
0
0
0
0
0
0
0
0
0.00024
0.00012
0.00330333
0.01259
0.00892667
0
0
0
0
0
0
0.000796667
0.00474
0
0
0
0
0
0
0
0.000246667
0
0
0
0
0
0
0
0
0.00283667
0.00283667
0
0
0
0
0
0
0.00678667
0.0181767
0
0
0
0
0
0
0.0277233
0.0369267
0
0
0.00116333
0.00116333
0
0
0.0281267
0.01602
0.00297667
0.000386667
0.00011
0
0
0
0
0.00440667
0.00324333
0.00532333
0.00208
0
0
0
0.00208
0
0
0.0236267
0.0364533
0.0379967
0.0344667
0.0266733
0.03521
0
0
0
0
0
0
0
0
0
0.00012
0.00318333
0.00877333
0.0252767
0.02783
0
0
0
0
0
0
0.00443667
0.00973333
0
0
0
0
0
0
0.00035
0.000596667
0
0
0
0
0
0
0.000306667
0.00041
0
0
0
0
0
0
0.000306667
0.000613333
0
0.00395
0
0
0
0.000143333
0
0.000306667
0.00866
0.0210433
0
0
0.00321
0.00423
0.00011
0
0.02076
0.0174
0.0163233
0.00394
0.0027
0.00011
0.00011
0
0
0.01687
0.0170467
0.0103333
0.0208933
0.00512
0.00709
0.00011
0.00022
0.00011
0.02647
0.0320833
0.03084
0.04176
0.00360667
0.00783667
0.00423
0.0082
0.00397
0.00498667
0.00101667
0.00101667
0
0.00571
0
0.01058
0.04254
0.0334367
0.00256
0.00616667
0
0
0
0
0.0195167
0.00766
0.00267
0.00256
0
0
0
0
0.00203
0.00379667
0.00011
0.00011
0
0
0
0
0.00559
0.00696333
0
0
0
0
0
0
0.00637333
0.0112467
0
0
0
0
0.000143333
0.000286667
0.00247
0.00823
0
0.00471
0
0
0.000553333
0.00347667
0.00227333
0.00443667
0.00485667
0.00852333
0.00381333
0.00501667
0.00135
0.00135
0
0
0
0.00930333
0.0216767
0.03221
0.03125
0.02366
0.01017
0.00732333
0.00238333
0.0233
0.0322667
0.02331
0.0236733
0.01217
0.00895667
0.00600333
0.00216333
0.00114667
0
0
0.00697333
0.00210333
0.0107567
0.0175667
0.0305333
0.0179367
0.0193533
0.00013
0
0
0
0.00367
0.0156533
0.00449
0.00486
0
0
0
0
0.00661667
0.00505667
0.0023
0.00219
0
0
0
0
0.0200433
0.01793
0
0
0
0
0
0
0.0249467
0.03237
0
0
0
0
0.000143333
0.000143333
0.0204933
0.0323367
0
0
0
0
0.000143333
0.00041
0.0168967
0.0187467
0
0
0.000146667
0.000146667
0.000146667
0
0
0
0.00049
0.00646
0.00922
0.0225967
0.0187467
0.02077
0.0111833
0.0112267
0.04064
0.0429267
0.0349167
0.0319833
0.0175267
0.0166567
0.00424667
0.00336
0
0.00014
0.00224333
0.00238333
0.00588667
0.00224333
0.00546333
0.00168
0.0175667
0.0273567
0.00013
0.00026
0
0
0.0018
0.00168
0.00438
0.00657
0
0
0
0
0.00318667
0.00625333
0
0.00219
0
0
0
0
0.02081
0.0106933
0
0
0
0
0
0
0.0393167
0.02987
0
0
0
0
0
0
0.02827
0.0387033
0
0
0
0
0
0
0.00758667
0.0201567
0
0
0
0
0
0
0
0
0.00012
0.000343333
0.000446667
0.00335333
0.00313
0.00514667
0.00613333
0.02792
0.0314133
0.0206533
0.0292333
0.0196633
0.0215433
0.00920667
0.00343333
0.000286667
0.000426667
0.00042
0.00028
0.00014
0.00114
0.00114
0.0143067
0.02615
0.000333333
0.00013
0
0.000146667
0.00114
0
0.0029
0.00232667
0
0
0
0
0.00429
0.00122333
0.00276333
0.00468
0
0
0
0
0.01162
0.00828333
0.00191667
0.00191667
0
0
0
0
0.0184167
0.0102833
0
0
0
0
0
0
0.01743
0.00542
0
0
0
0
0.00102
0.00102
0.00369
0.00038
0
0
0
0
0
0
0
0
0.00499
0.00409
0.00435667
0.00049
0.000633333
0.000366667
0.01604
0.00416
0.00528
0.00142
0.00722333
0.00620667
0.00631
0.00352333
0.00747
0.00423333
0.00523333
0.00228
0.00384
0.01649
0.0164533
0.000406667
0.000203333
0.00044
0.00367667
0.00167
0.0027
0.0202367
0.00727333
0
0
0.000293333
0.00044
0.00420667
0.00309333
0.02114
0.01778
0
0
0.000146667
0.000146667
0.0177667
0.0167567
0.00804
0.00191667
0
0
0
0
0.02011
0.03093
0
0
0
0
0
0.000146667
0.00517
0.01944
0
0
0
0
0.00411667
0.00499
0.00370333
0.0101467
0
0
0
0
0
0
0
0.0175167
0.0175167
0.02295
0.01069
0.01328
0.00709
0.00234333
0.0002
0.0001
0.0002
0.0001
0.000303333
0.000203333
0.0208033
0.0380533
0.02572
0.0377667
0.01884
0.0224967
0.0210667
0.00671667
0
0.000203333
0.00367667
0.0168567
0.00501667
0.00646667
0.0430333
0.0319233
0
0
0.000586667
0.00044
0.00619333
0.00332
0.0347067
0.0289467
0
0
0.000293333
0.00322
0.0299167
0.0204667
0.0136733
0.00633333
0
0
0.00307333
0.00307333
0.0405933
0.04059
0.00021
0
0
0
0.000146667
0.000146667
0.0261667
0.0365
0
0
0
0
0
0
0.000413333
0.00438333
0.01834
0.0234733
0
0
0
0
0.0186967
0.0309567
0.03991
0.0319033
0.0278333
0.02147
0.00224333
0
0
0
0
0
0
0.0414267
0.0349967
0.04367
0.0380467
0.0358
0.0231833
0.0186433
0.00419333
0
0
0.0138467
0.0211667
0.00378
0.00843
0.0318833
0.0247733
0
0
0.00052
0.0006
0.00321
0.000256667
0.0301633
0.01509
0
0
0.00344667
0.0160633
0.0206733
0.00629
0.00796
0.00062
0
0
0.0158367
0.01402
0.0311133
0.0206467
0.00021
0.00021
0
0
0.00125667
0.00139333
0.0255733
0.02019
0
0
0
0
0
0
0
0
0
0
0.000136667
0.000266667
0.0203733
0.01333
0.00347667
0.0179367
0.0220367
0.03175
0.0187033
0.0227933
0
0
0
0
0.01451
0.0111367
0.026
0.02216
0.02159
0.00697667
0.00195
0.00195
0
0
0
0.01068
0.0104533
0.000396667
0.00392
0.00756
0.00929
0
0
0.00344
0.0062
0.000146667
0.000146667
0.00063
0.00797
0
0
0.0159767
0.0284367
0.00319
0
0
0.00041
0
0
0.0267067
0.0169567
0.00638333
0.00331
0
0
0
0
0.00440667
0.00328667
0.00653333
0.00319333
0
0
0
0
0
0
0
0
0
0.000273333
0.000136667
0.00487333
0.00141333
0
0.00321
0.00334667
0.00771333
0.00450333
0.00578
0.00523333
0.00523333
0.00729667
0.00348
0.00373
0.00303667
0
0.000103333
0
0.000103333
0
0
0
0.00424333
0.00239667
0.00369333
0.00276
0.00022
0
0
0
0.00723
0.0055
0.00105333
0.00223667
0.00022
0
0
0
0.01693
0.0199
0
0.00105333
0
0
0
0
0.0216567
0.00923667
0.00024
0.00012
0
0
0
0
0.00341667
0.000403333
0.00012
0.00024
0
0
0
0
0
0
0
0.000136667
0.000136667
0
0
0
0
0
0.000136667
0.000136667
0.000136667
0.00114
0
0.000276667
0.00223333
0.00474333
0.0171567
0.000316667
0.00314667
0.00293333
0.00283
0
0.00239667
0.00114
0.0151733
0.02668
0
0.000213333
0
0
0.00251333
0.00125667
0.01557
0.00514333
0
0
0
0
0.00721333
0.00620667
0.00105333
0.00396
0
0
0
0
0.00647333
0.000516667
0.00012
0
0
0
0
0
0.000266667
0
0
0.00012
0
0
0
0
0
0
0
0
0
0
0
0
0
0
0
0.00179
0.00374667
0.00681667
0.0177167
0.00358333
0.00619667
0.01998
0.0168267
0.0154567
0
0
0.0272667
0.0356767
0.000216667
0.00043
0.00180333
0.00146
0
0
0.0162667
0.0258933
0
0
0
0.000343333
0.00025
0.00025
0.00303667
0.00489
0.00479667
0.00479667
0
0
0.00025
0
0.00013
0.00026
0.00697333
0.00217667
0
0
0
0
0.00013
0.000313333
0.00217667
0
0
0
0
0
0
0
0.000183333
0.000183333
0
0
0.00179
0.00486
0.00793
0.00888
0.0104633
0.0192433
0.0261467
0.0352433
0.0277067
0
0
0.0157067
0.0173167
0.00648667
0.01358
0.0167767
0.00487
0
0
0.0164467
0.0160533
0.00627
0.0107633
0.00058
0.00364667
0
0
0.00695
0.00990667
0.00929
0.0231367
0
0.000236667
0
0
0.00355333
0.00839
0.0312167
0.0195467
0.0001
0
0
0
0.00360667
0.00831667
0.0171833
0.00461
0.00253333
0.0001
0.0001
0.00167667
0.00167667
0.00353667
0.00167667
0.00204333
0.00688333
0.00307
0.00581
0.00274
0.05092
0.0349867
0.0349467
0.0283
0
0
0
0.0016
0.0042
0.04682
0.0382933
0.02448
0.0204933
0
0
0.00760667
0.00466
0.02942
0.0263833
0.00848333
0.00354333
0
0
0.0215133
0.0196067
0.0372267
0.0276467
0.00366667
0.000476667
0
0
0.02147
0.0316367
0.0482433
0.0467433
0.00925
0.00352667
0.00014
0.00014
0.03126
0.0213433
0.0523433
0.0377433
0.02073
0.00825667
0.00311667
0.00465333
0.0178633
0.0167467
0.01991
0.0807767
0.0892433
0.0593467
0.05367
0
0
0
0
0
0.00014
0.00014
0.0659833
0.0873133
0.0203233
0.02545
0
0
0.00344667
0.000386667
0.05036
0.0525167
0.00758333
0.00927
0
0
0.0307867
0.0175733
0.0411567
0.0490733
0.00583333
0.01095
0
0
0.0409367
0.0419933
0.0373333
0.0404333
0.0145067
0.0241133
0.00014
0.00028
0.0406867
0.0332167
0.0457633
0.0591733
0.0518833
0.0382033
0.00053
0.00336667
0.00896667
0.0219267
0.08627
0.09737
0.0836333
0.06983
0
0
0
0
0
0.0696267
0.08468
0.04912
0.0278333
0
0
0
0.000246667
0.08635
0.0651067
0.00844
0.01896
0
0
0.01462
0.000353333
0.12215
0.0816767
0.01342
0.01241
0
0
0.03144
0.01728
0.08918
0.0369667
0.0301133
0.0242867
0
0.00014
0.0229133
0.0115533
0.0305833
0.02806
0.0366233
0.04362
0.00025
0.0005
0.00326667
0.00889667
0.0694867
0.0704033
0.07345
0
0
0
0
0.12257
0.12084
0.0652867
0.05476
0
0
0
0
0.14695
0.271163
0.0374433
0.02293
0
0
0.000106667
0
0.251037
0.351733
0.04488
0.01614
0
0
0.00301333
0.000106667
0.287387
0.15372
0.0554533
0.0501667
0
0
0.00581333
0.00290667
0.106653
0.03573
0.0332067
0
0.00011
0.00011
0.00301667
0.0737133
0
0
0
0
0.35232
0.304277
0.0825833
0.07111
0
0
0
0
0.478263
0.68823
0.0809833
0.0578433
0
0
0
0
0.581827
0.637467
0.09926
0.07207
0
0.00231667
0.000353333
0.000353333
0.41389
0.293903
0.109037
0.0773567
0.00466667
0.00235
0.000353333
0.000706667
0.157713
0.0047
0.00235
0.00270333
0.000353333
0.00513
0.0108533
0.00572333
0.01706
0.427413
0.202673
0
0.00513
0.000226667
0.0115633
0.856857
0.711817
0.341237
0.23102
0
0.00018
0.000453333
0.000226667
0.80483
0.685383
0.37088
0.23507
0.00249667
0.00750333
0.00747
0.00058
0.435413
0.26675
0.02251
0.0198533
0.0223333
0.00759667
0.0326267
0.01979
0.0177933
0.04499
0.07519
0.05239
0.0190167
0.0531533
0.0813533
0.04625
0.772777
0.626937
0.0140667
0.01476
0.00522
0.03968
0.79837
0.65253
0.00588
0.01376
0.0118833
0.0270267
0.0247033
0.03183
0.03735
0.04516
0.0415233
0.0449767
0.133893
0.09837
0.0690833
0.14891
0.149667
0.134443
0.01943
0.0103367
0.06415
0.109937
0.0135467
0.0370733
0.0305
0.0398267
0.0409033
0.0534867
0.0461333
0.0404333
0.0383533
0.0396267
0.06971
0.107983
0.157897
0.162123
0.158373
0.169553
0.0241567
0.03415
0.121867
0.150417
0.0438567
0.0786133
0.06987
0.106123
0.11182
0.0934767
0.0927767
0.0580167
0.0584633
0.07162
0.149803
0.25814
0.295733
0.268263
0.36845
0.130673
0.207997
0.187527
0.29567
0.15571
0.23915
0.16909
0.221943
0.185883
0.169853
0.244617
0.156613
0.220757
0.413053
0.621243
0.61556
0.424787
0.483913
0.68764
0.474947
0.58543
0.45241
0.58438
0.40785
0.615287
0.46076
0.45014
0.742927
0.72508
0.775903
0.831133
0.880737
0.817447
0.884397
0.79497
0.8607
0.849317
0.815257
0.913713
0.92984
0.89476
