0.77062
0.688573
0.657883
0.60074
0.64602
0.56948
0.70867
0.723157
0.728067
0.68096
0.56079
0.550083
0.46692
0.46745
0.340333
0.30822
0.56102
0.52506
0.281053
0.361707
0.48334
0.541717
0.26212
0.381643
0.459823
0.43689
0.473087
0.29394
0.304527
0.144837
0.23172
0.133003
0.187773
0.38189
0.252093
0.07768
0.160607
0.34017
0.213777
0.05825
0.0997233
0.16675
0.254783
0.11362
0.23185
0.0624333
0.139513
0.0579633
0.0887767
0.0618633
0.0685633
0.0596133
0.0372367
0.118083
0.05672
0.0339533
0.01401
0.121487
0.05765
0.0132567
0.0127433
0.06671
0.0263267
0.00870333
0.0119367
0.0234733
0.03366
0.0130667
0.0159467
0.00574
0.0257333
0.0277733
0.0113967
0.00744333
0.01191
0.0230433
0.01284
0.0258933
0.0128267
0.02057
0.00854667
0.03582
0.0214867
0.00524333
0.00097
0.0222467
0.00895
0.00239
0.00096
0.00191
0.00789333
0.00837333
0.00261
0.00182
0.00613333
0.00181333
0.0116467
0.00609333
0.00182
0.0260233
0.0300133
0.00427333
0
0.0424667
0.03653
0
0
0.02571
0.0315967
0
0.00047
0.00804667
0.0121067
0.00094
0.00158333
0.00121667
0
0.00102333
0.00112
0.00742333
0.0064
0
0
0.00706
0.01537
0
0
0.0121267
0.02419
0
0
0.0183633
0.0198333
0
0
0.00534667
0.00718667
0.00047
0.000643333
0.00111333
0.000816667
0.000193333
9.66667e-05
9.66667e-05
0
9.66667e-05
0
0
0.000756667
0.000756667
0
0
0.000883333
0.00394333
0
0
0.00318667
0.00554333
0
0
0.00265667
0.00248333
0
0
0.000173333
0.000173333
0
0
0
0
0
0
0
0
0
0
0
0
0
0
0
0.000126667
0
0
0.000126667
0.000126667
0
0
0
0
0
0
0
0
0
0
0
0
0
0
0
0
0
0
0
0
0
0
0
0
0
0
0
0
0
0
0
0
0
0
0
0
0
0
0
0
0
0
0
0
0
0
0
0
0
0
0
0
0
0
0
0
0
0
0
0
0.00216
0
0
0
0.00409667
0.00625667
0
0
0.00649
0.00239333
0
0
0.00239333
0
0
0
0
0
0
0
0
0
0
0
0
0
0
0.00051
0.00051
0.000916667
0.000406667
0.00163
0.00613667
0.0216367
0.0250367
0.03447
0.02207
0.0224233
0.00858
0.0061
0.00365333
0.00339667
0.00767
0.00574667
0.0107433
0.00645667
0.00645
0
0
0
0
0
0
0
0
0
0.00053
0.00544333
0.00625333
0.0103467
0.00581333
0.00810333
0.00441667
0.00454
0.00800333
0.00959667
0.02299
0.02132
0.03448
0.0258267
0.02625
0.01116
0.00591667
0.0006
0
0
0
0
0
0
0
0
0
0
0
0
0
0.00053
0.00053
0.00134
0.00081
0.00119
0.001
0.00193667
0.00687667
0.01282
0.02066
0.0292367
0.0368233
0.0437367
0.0366867
0.0278533
0.0130767
0.00623
0.000913333
0
0
0
0
0.00022
0.00022
0.000553333
0.000333333
0.000986667
0.000653333
0.000973333
0.00032
0.00032
0
0
0
0
0
0
0.00062
0.00125333
0.00657333
0.00719
0.0153333
0.01497
0.0278833
0.02207
0.02396
0.0102767
0.00822667
0.00138
0.000913333
0
0
0
0
0
0
0
0
0.00062
0.00084
0.00497333
0.00468667
0.00880333
0.00532333
0.00613667
0.00212
0.00229333
0.00114667
0.000826667
0
0
0
0
0
0
0.000633333
0.000633333
0.00187
0.00211333
0.00707
0.0063
0.00838667
0.00389667
0.00389667
0.000933333
0.000466667
0
0
0.00111333
0.00111333
0.00143667
0.00954333
0.01286
0.03299
0.02922
0.0522
0.0325967
0.0399833
0.0136967
0.0135067
0.00178333
0.000956667
0
0
0
0
0
0
0
0
0.000876667
0.000876667
0.00134333
0.000466667
0.000933333
0.000466667
0
0
0.00327333
0.00950333
0
0
0.0197533
0.0218867
0
0
0.0310467
0.0199433
0
0
0.0198333
0.00638
0
0
0.000206667
0.00419333
0
0
0
0.000206667
0
0
0
0
0
0
0
0
0
0
0
0.00124333
0.00157667
0.00315
0.00369
0.0161967
0.02216
0.0348633
0.0322033
0.03485
0.0354033
0.02977
0.0169267
0.0104267
0.00603667
0.00104667
0
0
0
0
0
0
0
0
0
0
0
0
0
0
0
0
0
0
0
0.000333333
0.000333333
0.00211667
0.00358667
0.0111233
0.00996
0.0183367
0.01131
0.0159533
0.00628333
0.0094
0.00454333
0.0110267
0.0158167
0.0254333
0.0332767
0.0324067
0.0378433
0.0279967
0.02158
0.00612
0.00175
0.00062
0.00062
0
0
0
0
0
0
0
0
0
0
0
0
0
0
0
0
0
0
0
0
0
0
0
0
0
0
0
0
0
0
0
0
0
0.00180333
0.00062
0.00242333
0.00102
0.00113
0.00142667
0.00153
0.00203667
0.00132333
0.02514
0.0100467
0.0446833
0.0387533
0.0347833
0.0446433
0.00672667
0.0215667
0.00148667
0.00237
0.000853333
0.000866667
0.00121333
0.000606667
0.000606667
0
0
0
0
0
0
0
0
0
0
0
0
0
0.00019
0.00019
0.000966667
0
0
0
0
0
0
0
0
0
0
0
0
0
0
0
0
0
0.00120667
0.0006
0.0006
0
0
0
0
0
0
0
0
0.00019
0.00019
0.00252
0.00252
0.00732
0.00576667
0.00671667
0
0
0
0
0
0
0
0
0
0
0
0
0
0
0
0
0
0
0
0
0
0.000596667
0.000786667
0.00583667
0.00757
0.0217867
0.0215367
0.0353567
0.02209
0.0222467
0.00106
0.00053
0.00053
0
0
0
0
0
0
0
0
0
0
0
0
0
0
0
0
0.00029
0.000886667
0.00492333
0.00968333
0.02984
0.04021
0.05438
0.0497767
0.0421433
0.02788
0.00148333
0.00159
0.00106
0.00053
0
0
0
0
0
0
0
0
0
0
0
0
0
0
0
0.00107
0.00136
0.00671333
0.00968
0.0250633
0.0404633
0.0568933
0.06044
0.04299
0.0292967
0
0
0.000186667
0.000186667
0.000723333
0.0101667
0.00794333
0.00900333
0.00201333
0.00148333
0
0
0
0
0
0
0
0
0
0
0
0
0
0
0
0
0.000133333
0.00120333
0.00363667
0.00885667
0.01862
0.03186
0.0425433
0.0521767
0.0409933
0.02826
0
0
0.00932667
0.00165
0.0166667
0.0167
0.0233433
0.01787
0.01244
0.00304333
0.00233
0.00077
0.00110333
0.000333333
0.00135
0.00101667
0.00170333
0.000686667
0.000413333
0.0011
0.00123
0
0
0
0
0
0
0
0.000133333
0.000266667
0.000586667
0.00288667
0.00524333
0.0157567
0.0219
0.0354467
0.0274833
0.0233967
0
0
0.0139033
0.0124567
0.02197
0.02331
0.0324967
0.0324967
0.03506
0.0204767
0.0121
0.00335
0.00275667
0.00207
0.00692333
0.00697333
0.00828333
0.00334667
0.00333667
0.00210667
0.00636333
0.00655333
0.03901
0.0140567
0.0886967
0.0546267
0.0891533
0.09004
0.0327667
0.0587
0.00213667
0.01386
0
0.000956667
0
0
0
0
0
0
0
0
0
0
0
0
0
0
0
0
0
0
0
0
0
0.000133333
0.000133333
0.000453333
0.00129
0.00378
0.00424333
0.01185
0.01223
0
0
0.0253267
0.03371
0.0129933
0.02165
0.0255967
0.0351033
0.0345267
0.0344833
0.02259
0.01479
0.00930333
0.00602
0.01483
0.01642
0.02559
0.0174033
0.0142967
0.00516667
0.0163967
0.0190133
0.0437767
0.00236
0.00331333
0.00213333
0.00612
0.00398667
0.00598333
0.00199667
0.00214
0.000143333
0.000143333
0
0
0
0
0
0
0
0
0
0
0
0
0
0
0
0
0
0
0.00097
0.00175333
0
0
0.0403833
0.0398533
0.00968667
0.01805
0.0253033
0.03289
0.0326067
0.0272933
0
0
0
0
0
0
0
0
0
0
0
0
0
0
0.0302967
0.02138
0
0
0.0044
0.00813333
0
0
0.000206667
0.000413333
0.000206667
0
0
0
0
0
0
0
0
0
0.01909
0.0168467
0.02986
0.0376367
0.04507
0.0501333
0.0445733
0.0439733
0.0274767
0.0277633
0.0141533
0.04344
0.0357
0.0261433
0.01933
0.02529
0.0234567
0.03546
0.0246067
0.0286567
0.0144467
0.0138667
0.00456333
0.00456333
0.000973333
0.000813333
0
0
0
0.04041
0.05041
0.0377667
0.0300267
0.0162433
0.0151033
0.0114533
0.0138467
0.0115367
0.0102933
0.00559
0.00569333
0.00152333
0.000973333
0
0.00016
0
0
0
0
0.00188667
0.000643333
0.0127867
0.0118567
0.05815
0.05528
0.107297
0.0780467
0.11585
0.06646
0.0329467
0.0640567
0.00648333
0.01616
0.00104667
0.00209333
0
0
0
0
0
0
0
0
0
0
0
0
0
0
0
0
0
0
0
0
0
0
0
0
0
0
0
0.00777667
0.02458
0.0182767
0.0214633
0.00483
0.00735
0.00319
0.00843333
0.00541333
0.00612333
0.00071
0.00142
0
0.00071
0
0.07531
0.0683
0.11368
0.0199767
0.0692067
0.0237467
0.02784
0.0379533
0
0
0
0
0
0
0
0
0
0
0
0
0
0
0
0
0
0
0
0
0
0
0
0
0.000973333
0.000973333
0.00147333
0.00067
0.00084
0.00051
0.00034
0.00017
0
0
0
0
0
0
0
0
0
0
0
0
0
0
0
0
0.00101333
0
0
0
0.00019
0.00019
0.000803333
0.000783333
0.00139667
0.000953333
0.000783333
0.00017
0
0
0.000776667
0.00136
0.000583333
0.000583333
0
0
0
0
0
0
0
0
0.0027
0.00101333
0.00019
0.00019
0.00251667
0.00251667
0.00735667
0.00564333
0.0102933
0.00606667
0.00545333
0.000613333
0
0
0.0025
0.00228
0.00114
0.000556667
0
0
0
0
0
0
0
0
0.0155333
0.00331
0.00241667
0.000983333
0.00177667
0.00331
0.0168667
0.0209133
0.0234267
0.01452
0.0107833
0.00594333
0.00110333
0
0.00665333
0.00603
0.00107333
0.000516667
0
0
0
0
0
0
0
0
0.0436667
0.02076
0.01545
0.00933
0.00891
0.00279
0.0106433
0.0231867
0.0359667
0.03216
0.0230233
0.0105533
0.00624333
0.00163333
0.00615667
0.0124133
0.0012
0.000516667
0
0
0
0
0
0
0
0
0.0401533
0.0346233
0.0132733
0.0170067
0.0100933
0.00811667
0.00241667
0.0110633
0.0146933
0.0270533
0.0206767
0.0204533
0.00730333
0.00556333
0.00803667
0.0106567
0.00126333
0.000683333
0
0
0
0
0
0
0
0
0.00422
0.00875667
0.01606
0.01605
0.00403333
0.00678667
0.00360667
0.00318
0
0.00121333
0.00182667
0.00666
0.00586667
0.00752333
0.00544333
0.00544667
0.00440333
0.00831333
0.0011
0.00058
0
0
0
0
0
0
0
0
0
0.000583333
0.000396667
0.00408
0.0129367
0.0271133
0.00375667
0.00361667
0.000426667
0.000853333
0.000426667
0.000426667
0
0
0
0.000613333
0.00127
0.00169
0.00803333
0.01013
0.00511667
0.00746667
0.000626667
0.00052
0
0
0
0
0
0
0
0
0
0
0.02932
0.01972
0.00128667
0.000926667
0.000566667
0
0
0
0
0
0
0
0
0.000656667
0.00131333
0.00693
0.01323
0.00365333
0.00297667
0.000106667
0.000106667
0.000106667
0
0
0
0
0
0
0
0
0
0
0.0130133
0.0200667
0.00072
0.00108
0.00072
0.00036
0
0
0
0
0.000156667
0.000156667
0.000746667
0.00059
0.00157
0.00163667
0.00237667
0.00701333
0.0782333
0.129357
0.107537
0.1003
0.10963
0.0375033
0.05389
0.00583667
0.000783333
0.000783333
0
0
0
0
0
0
0
0
0
0
0
0
0
0
0.0172933
0.0292267
0
0.00036
0.00036
0.00036
0
0
0.000106667
0.000106667
0.000746667
0.000796667
0.00470333
0.00465333
0.0119433
0.00901667
0.00311333
0.00982
0.00444333
0.0258267
0.0140567
0.0156367
0.0298067
0.0165333
0.0448033
0.0372733
0.03345
0.0186067
0.0189533
0.0258733
0.0629467
0.0207433
0.0359267
0.0194
0.02369
0.0238267
0.00413667
0.00798
0.000286667
0.00228333
0
0.000143333
0
0
0
0
0
0
0
0
0
0
0
0
0
0
0
0
0
0
0
0
0
0.00058
0.0170433
0.0186433
0.00215333
0.00217333
0.000763333
0.00106667
0.000303333
0.00114
0.000836667
0.00230667
0.00157667
0.00434333
0.00351333
0.0110567
0.0121967
0.0261433
0.02594
0.0296967
0.0165033
0.01161
0.0169633
0.0316433
0.01932
0.0444567
0.03796
0.0371767
0.0318067
0.0188767
0
0
0
0
0
0
0
0
0
0
0
0
0
0
0
0
0
0
0
0
0
0
0
0
0
0
0
0
0
0
0
0
0.00058
0.000763333
0.00425
0.00584333
0.0249633
0.0142633
0.02035
0.00900333
0.0104233
0.00389667
0.00828333
0.00629
0.0129033
0.00922333
0.01799
0.01384
0.0204167
0.0184633
0.0237433
0.0302833
0.0371033
0.03672
0.0292133
0.02265
0.0234133
0.0309667
0.03866
0
0
0
0
0
0
0
0
0
0
0
0
0
0
0
0.0004
0.0004
0.00084
0.00044
0.00044
0.000183333
0.00054
0.00031
0.000206667
0.18964
0.0782167
0.0798767
0.03271
0.02943
0.01849
0.0226967
0.0190167
0.0328
0.02868
0.0396567
0.0326467
0.0404733
0.0323933
0.0381433
0.0314467
0.03787
0
0
0
0.00118667
0.00118667
0.00158667
0.000356667
0.000356667
0
0
0.41005
0.283123
0.193203
0.10138
0.06949
0.0447067
0.0491567
0.0380867
0.0493633
0.0477567
0.0514633
0.0474833
0.0456133
0.000483333
0.000483333
0
0
0
0
0.396833
0.27031
0.193607
0.12193
0.0896367
0.0763767
0.06068
0.056
0.0557533
0.0522767
0.00182
0.00230333
0.00182
0.1073
0.07363
0.0438867
0.00828667
0.0502233
0.0405467
0.06778
0.04069
0.0727467
0.03698
0.0378633
0.00209667
0.00226333
0.000166667
0.00397333
0.00381667
0.00354333
0.00114667
0.000973333
0.00322
0.0508633
0.0304533
0.0207767
0.0159533
0.00863333
0.00613667
0.00242667
0.00121333
0
0
0
0
0
0.00106
0.00452333
0.00471333
0.00603
0.00455667
0.01012
0.00289333
0.0251233
0.01062
0.0487633
0.0311867
0.05476
0.05399
0.05173
0.04123
0.03261
0.0652533
0.0414467
0.01268
0.01242
0.00388667
0.00492333
0.00121333
0.00121333
0
0
0
0
0
0
0
0.00165333
0.00121667
0.00890333
0.0118833
0.02137
0.0155
0.0163667
0.00128333
0.00708667
0.00047
0
0
0.09362
0.06612
0.04431
0.01285
0.00502667
0.00105667
0.000176667
0
0
0
0
0
0
0
0
0
0
0
0
0
0
0
0
0
0
0
0
0
0
0
0
0
0
0
0
0
0
0
0.00421
0.00234667
0.00261333
0.0258367
0.00971
0.0345167
0
0.00162
0.00226333
0.0122333
0.0300033
0.07212
0.102123
0.136023
0.0907633
0.0720033
0.09678
0.01977
0.0445033
0.00192667
0.00992667
0
0.00088
0
0
0
0
0
0
0
0
0
0
0
0
0
0
0
0
0
0
0
0
0
0
0
0
0
0
0
0
0
0
0
0
0
0
0.00037
0.00720333
0.00357667
0.00138333
0.00238667
0.00878
0.02476
0.14677
0.15589
0.15422
0.156357
0.132897
0.0911267
0.0472433
0.0418633
0.0331867
0.06839
0
0
0
0
0
0
0
0
0
0.000556667
0.000926667
0.00742
0.00958333
0.0231067
0.00821
0.00467667
0.00064
0.000973333
0.000823333
0.00762667
0
0
0
0
0
0.000556667
0.00111333
0.00224
0.00817667
0.0230467
0.0358133
0.0429567
0.00825333
0.00435
0.000176667
0.000666667
0
0
0
0
0
0.000556667
0.000556667
0.00168333
0.00622333
0.02165
0.02524
0.03378
0.00558333
0.00220333
0.00119
0
0
0
0
0
0.000573333
0.00567
0.00643333
0.0105767
0.00567
0.0109833
0.00371333
0
0
0
0
0.000573333
0.000573333
0.00133667
0.000763333
0.000953333
0.00019
0.0510233
0.0221933
0
0
0
0
0
0
0
0
0
0.103843
0.06727
0
0
0
0
0
0
0
0
0.10295
0.08577
0
0
0
0
0
0
0
0
0
0.05807
0.0573433
0
0
0
0
0
0
0
0
0
0.00121667
0.00802333
0.00534667
0.0236333
0.02304
0.03485
0.04412
0.0227933
0.0169267
0
0
0
0
0
0
0
0
0
0.00082
0.02442
0.0356367
0.01004
0.00998333
0
0
0
0
0
0
0
0
0
0.00028
0.0107667
0.00824
0.00121
0.000983333
0
0
0
0
0
0
0
0
0
0.00028
0.00056
0.00131
0.00331
0.00497333
0.00254667
0.000586667
0.02875
0.0128667
0.0179133
0.0231167
0.06123
0.09922
0.135653
0.138933
0.123307
0.0918033
0.05241
0.05478
0.03565
0.0564
0
0
0
0
0
0
0
0
0
0
0.00086
0.00790333
0.00234
0.00414
0.0263
0.0279833
0.00270333
0.0136
0.0127933
0.0280233
0.0427133
0.0520267
0.0401567
0.0591967
0.0276067
0.0385867
0.00717
0.00886667
0.0003
0.000443333
0
0
0
0
0
0
0
0
0
0
0
0.00436
0.01122
0.00190333
0.0018
0.0838267
0.03645
0.0343167
0.0319733
0.0305367
0.0170133
0.0447267
0.03056
0.0119833
0.00733333
0.000606667
0.0003
0
0
0
0
0
0
0
0
0
0.000756667
0.000316667
0.000316667
0
0
0
0
0
0
0
0
0
0.00413667
0.00927333
0.000103333
0.000103333
0.44119
0.183763
0.0398333
0.0305267
0.0275967
0.0196667
0.0220467
0.0252567
0.0355067
0.0157133
0.00635667
0.00140667
0.000306667
0
0
0
0
0
0
0
0
0
0
0
0
0
0
0
0
0
0
0
0.00567333
0.00528
0.00492667
0.00151
0.00166
0.00118333
0.000593333
0.000276667
0
0
0
0
0
0
0.00567667
0.00566333
0
0
0.753843
0.573993
0.0369733
0.0313833
0.0375833
0.0339067
0.0221533
0.0127667
0.00320667
0.00120333
0.000103333
0
0
0
0
0
0
0
0
0
0
0
0
0
0.00149
0
0.0108233
0.00267667
0.01342
0.0271667
0.0254667
0.0112867
0.0128967
0.00704
0.00935667
0.00393667
0.00334667
0.000276667
0
0.00182333
0.00196333
0.00119333
0.00119333
0.624023
0.690017
0.430957
0.04248
0.03254
0.0189333
0.01425
0.00386667
0.00221
0.000206667
0.000103333
0
0
0
0.01397
0.02537
0.03597
0.0395367
0.0330933
0.0238567
0.01055
0.01089
0.00372333
0.00309667
0.01003
0.3153
0.156433
0.229983
0.0881867
0.125083
0.0519067
0.0717733
0.0482567
0.0516333
0.04159
0.00852
0.00889667
0.00221
0.00186333
0.000103333
0.000103333
0
0
0.02456
0.0178767
0.00183333
0.00045
0.00045
0
0
0
0
0
0
0
0
0
0
0
0
0
0
0.0002
0.0002
0.000466667
0.00134667
0.00088
0.00375667
0.00307667
0.0116367
0.0284967
0.0210833
0.0842133
0.06594
0.115873
0.174827
0.249603
0.208923
0.39322
0.0764933
0.0681833
0.06797
0.0348233
0.0201033
0.00385667
0.00494
0.181613
0.0708533
0.13024
0.0406033
0.0597867
0.0351733
0.0467667
0.0232667
0.0357133
0.0188967
0.01822
0.00132333
0.00168
0.000746667
0.16427
0.112137
0.15197
0.0117067
0.00585
0.0101333
0.00461667
0.00615667
0.002
0.00229333
0.000586667
0.000293333
9.66667e-05
0.000193333
0.00029
0.04632
0.03802
0.0459433
0.0231833
0.0268333
0.00717667
0.00538
0.00157333
0.00131
0.00063
0.0706333
0.105313
0.000333333
0.000166667
0.000166667
0
0.000293333
0.000293333
0.000293333
0
9.66667e-05
9.66667e-05
0.000193333
9.66667e-05
0.06105
0.02368
0.02589
0.00976333
0.01759
0.0110833
0.00314
0.0139933
0.0272067
0.0449467
0.04933
0.09662
0.0712733
0
0
0
0
0
0
0
0
0
0
0
0
0
0
0
0
0
0
0
0
0
0
0
0
0
0
0.06243
0.0491667
0.00585333
0.0117967
0.00231
0.0457367
0.0553433
0.0335033
0.0180567
0.00788333
0.0960667
0.100017
0
0
0
0
0
0
0
0
0
0
0
0
0
0
0
0
0
0
0
0
0
0
0
0
0
0
0
0
0
0
0.0448567
0.0295533
0.0109367
0.00504
0.00208
0.00047
0
0
0.08888
0.0928333
0
0
0
0
0
0.000353333
0.000353333
0.00107
0.000716667
0.000716667
0.0222367
0.0385867
0.00989
0
0.00162
0.00375333
0.0221667
0.0321767
0.0700167
0.0681033
0.0767267
0.00037
0.00344333
0.000723333
0.00774667
0.00574333
0.0103833
0.00571
0.00499333
0
0
0.0267433
0.0201833
0.0652067
0.113303
0.0745933
0.126187
0.0913333
0.0975
0.0549867
0.0465
0.0236333
0.0330533
0.03692
0.0212867
0.0269433
0.0180433
0.0183233
0.00994667
0.00495333
0
0
0.03022
0.0172967
0.0359067
0.0282533
0.01957
0.0119
0.00566
0.000706667
0
0.000546667
0.0300667
0.0175
0.0222433
0.02072
0.00878333
0.00712333
0.000883333
0.000706667
0
0.000546667
0.0186333
0.0102233
0.00727333
0.00255667
0.00254333
0.000176667
0.000176667
0
0
0
0.0190267
0.0224933
0.00019
0
0
0
0
0
0
0
0.0519967
0.0862267
0
0
0
0
0
0
0
0
0.121827
0.14968
0
0
0
0
0
0
0
0
0
0.148877
0.139003
0
0
0
0
0
0
0
0
0
0.0938033
0.0729933
0
0
0
0
0
0
0
0
0
0.0141633
0.0287567
0.0418533
0.0466333
0.0441
0.0348433
0.0410233
0.0431267
0
0
0
0
0
0
0
0
0
0
0.00082
0.0100333
0.02546
0.0156167
0.0123367
0.0207467
0
0
0
0
0
0
0
0
0
0
0.00028
0.000646667
0.00788667
0.00407667
0.00185667
0.00194333
0
0
0
0
0
0
0
0
0
0.00299
0.00307667
0.00249333
0.00225333
0.01588
0.0141633
0.0266733
0.00729
0.0241833
0.00738
0.00301
0.0138233
0.0239133
0.05959
0.0967833
0.132453
0.13817
0.123077
0.0923367
0.0757833
0.06501
0
0
0
0
0
0
0
0
0.00975333
0.0154467
0.00618667
0.00427333
0.03889
0.101273
0.01412
0.00589667
0.00947333
0.01263
0.01848
0.0333333
0.0627667
0.0553333
0
0
0
0
0
0
0
0
0.01596
0.0183367
0.00252
0.00679333
0.136527
0.307223
0.0117667
0.01993
0.0197467
0.0230967
0.0519833
0.0590333
0
0
0
0
0
0
0
0
0.0142367
0.0140767
0.00252
0
0.763017
0.51195
0.0207567
0.0183667
0.0106667
0.0148967
0.0610433
0.05145
0
0
0
0
0
0
0
0
0.0091
0.00608333
0
0
0.88307
0.872107
0.0185667
0.02187
0.02092
0.02699
0.05317
0.0410433
0
0
0
0
0
0
0
0
0
0
0
0
0
0
0
0
0.00412667
0.0162967
0.00292333
0.00173
0.8308
0.797217
0.0267433
0.0239867
0.0471533
0.0389633
0
0
0
0
0
0
0
0
0
0
0
0
0
0
0
0.00167667
0.00149
0.00601
0.0205333
0.00645667
0.01189
0.000263333
0.00333333
0
0
0
0
0
0
0
0.02258
0.0578867
0.00868
0.0138833
0.61489
0.50769
0.31643
0.26064
0.0505933
0.0280867
0.0387967
0.0346967
0.03089
0.0344067
0.03658
0.0192867
0
0
0
0
0
0
0
0
0
0
0
0
0
0
0
0
0
0.000186667
0.00657667
0.00224333
0.0190867
0.01928
0.0185633
0.0287433
0.0175467
0.00895667
0.00638
0.00352
0.000396667
0.000263333
0
0
0
0.0731967
0.0595267
0.0417
0.0383133
0.0342433
0.0263767
0.02246
0.14677
0.12788
0.0801167
0.01296
0.00174333
0
0
0
0
0
0
0
0
0
0.00036
0.00036
0
0
0
0
0
0
0
0
0
0
0.000633333
0.000833333
0.00126667
0.000633333
0.000633333
0
0
0
0.00047
0.000936667
0.00702333
0.00926667
0.0134933
0.00793667
0.00809333
0.00142333
0.00079
0
0.00678667
0.0166067
0.0384667
0.0496033
0.06285
0.04012
0.0410033
0.0145333
0.00797667
0.000903333
0.000113333
0.0616433
0.05174
0.10695
0.147763
0.1148
0.105683
0.0546167
0.02968
0.00951
0.00377333
0.00145
0.15714
0.23785
0.184313
0.23655
0.147213
0.101547
0.0448767
0.0240767
0.00513
0.378547
0.45914
0.33723
0.45322
0.30079
0.16301
0.156213
0.0837467
0.651553
0.7845
0.63616
0.65003
0.415867
0.293993
0.192243
0.9334
0.793147
0.66376
0.429597
0.130433
0.09553
0.09722
0.0376667
0.0679767
0.01362
0.0301
0.0199833
0.0327467
0.0395067
0.0479233
0.0500033
0.0418767
0.0279433
0.144883
0.110697
0.10654
0.0854933
0.109493
0.0120333
0.00414333
0.0257133
0.0404233
0.0461033
0.0472667
0.0380867
0.02689
0.0105767
0.217033
0.187007
0.00212667
0.00325
0.0189467
0.02302
0.0354667
0.0227367
0.0241933
0.0102367
0.00781667
0.000906667
0.102383
0.0591067
0.05266
0.0401167
0.213173
0.236293
0.00196667
0.00318333
0.00854
0.00725
0.009
0.00366333
0.00344333
0.00038
0.000263333
0
0
0
0
0
0
0
0.65487
0.16771
0.417087
0.09752
0.0285333
0.01317
0.00602333
0.00202667
0.000906667
0.00044
0.109163
0.16489
0.00141
0.000483333
0.00179667
0.000116667
0.0006
0
0.000116667
0
0
0
0
0
0
0
0
0
0
0
0
0
0
0
0.37277
0.631133
0.14713
0.00044
0.0114833
0.0841233
0.0775433
0
0
0
0
0
0
0
0
0
0
0
0
0.380347
0.299953
0.0110433
0.0311067
0.01307
0.0307067
0.0801733
0.0484233
0
0
0
0
0
0
0
0
0.221847
0.158127
0.0159867
0.0149133
0.0153533
0.00497333
0.00187333
0.06044
0.0390367
0
0
0
0
0
0
0
0.00017
0.00017
0.00243
0.10545
0.115617
0.00240667
0.00550667
0.00342667
0.00352667
0.000426667
0.000263333
0
0
0
0
0.0428233
0.0370433
0
0
0
0.000846667
0.00101667
0.00925667
0.01067
0.0299633
0.0341267
0.0345033
0
0.000163333
0.000163333
0.000326667
0.000163333
0.000163333
0
0
0
0
0
0
0
0.00213333
0.00213333
0.0137633
0.0130167
0.02662
0.0299333
0.01679
0.00644667
0.0171567
0.0144367
0
0.000546667
0.00139333
0.00713
0.0148233
0.0361033
0.04983
0.0640367
0.0534533
0.03991
0.0383333
0.0419333
0
0
0
0
0
0
0
0
0
0
0
0
0
0
0
0
0.00138667
0.00138667
0.0143833
0.01499
0.0354
0.0151633
0.04159
0.02491
0.0227033
0.00109333
0.00673333
0.0119233
0.0321133
0.0486
0.0614833
0.0631933
0.04827
0.03557
0.04489
0.0411367
0
0
0
0
0
0
0
0
0
0
0
0
0
0
0
0
0
0
0.00078
0.00676667
0.00112667
0.00739333
0.02755
0.02729
0.0447367
0.02659
0.0284133
0.00998333
0.0289933
0.0265133
0
0
0
0
0
0
0
0
0
0
0
0
0
0
0
0
0
0
0.00058
0.00058
0.00175333
0.00196
0.00734
0.00636333
0.00816667
0.00278667
0.00278
0.00019
0.0297533
0.0360067
0
0
0
0
0
0
0
0
0
0
0
0
0
0
0
0
0
0
0
0
0.000786667
0.000786667
0.000983333
0.000196667
0.000196667
0
0
0.0737033
0.10439
0.00217333
0
0
0
0
0
0
0
0
0
0
0
0
0
0
0
0
0
0
0
0
0
0
0
0
0
0
0
0.144767
0.13823
0.00104
0.00321333
0
0
0
0
0
0
0
0
0
0
0
0
0
0
0
0.000333333
0.000333333
0.000443333
0
0
0
0
0
0
0
0
0
0.13327
0.0844667
0
0.00104
0
0
0
0
0
0
0
0
0
0
0
0
0
0.00069
0.00102333
0.00456
0.00398
0.00848667
0
0
0
0
0
0
0
0
0.08089
0.0695567
0
0
0
0
0
0
0
0
0
0
0
0
0
0.000726667
0.00141667
0.00809
0.0109
0.0241
0.0222667
0.0229933
0
0
0
0
0
0
0
0
0.0392867
0.0429533
0.0376
0.0327233
0.0350333
0.0395133
0.0495133
0
0
0
0
0
0
0
0
0
0
0
0.000366667
0.00109333
0.00504
0.0113467
0.02451
0.0344533
0.0414933
0.0318667
0.02364
0
0
0
0
0
0
0
0
0.0153133
0.02816
0.0255433
0.02731
0.01926
0.01067
0
0
0
0
0
0
0
0
0.0008
0.0008
0.0008
0.000366667
0.000533333
0.00448
0.00621667
0.01994
0.02138
0.03299
0.0258333
0.0230367
0.0241067
0.01041
0
0
0
0
0
0
0
0
0.000453333
0.00618667
0.00970667
0.0105933
0.00148
0.00324667
0
0
0
0
0
0.000803333
0.000803333
0.00562
0.00561667
0.00796333
0.00314667
0.00234667
0.000166667
0.000166667
0.00227
0.00247
0.00785667
0.00687667
0.0132433
0.00956
0.0120967
0.00640667
0.00797333
0.00793
0.00294
0.0057
0.000933333
0.00232
0.000596667
0
0
0
0
0
0
0
0
0
0.00519
0.00284667
0.00720667
0.00585667
0.01959
0.00684667
0.00605333
0.0012
0.00485333
0.01187
0.00782
0.0166533
0.0144533
0.0273933
0.0209067
0.02238
0.00863667
0.00713
0.00084
0.00107
0.000596667
0.00213
0.00302333
0.00517333
0.00534333
0.00553333
0.00406
0.00486333
0.00677667
0.01366
0.01254
0.00166333
0.00281333
0.0139633
0.0268533
0.06239
0.0729433
0.105813
0.0797567
0.0913033
0.05866
0.07388
0
0
0
0
0
0
0
0
0
0
0.0107967
0.00721667
0.0184533
0.0190233
0.135183
0.0763867
0.02781
0.0146167
0.0262633
0.029
0.02344
0.0309533
0.0371067
0.0438433
0.0356033
0.0266433
0.0119133
0.00761333
0.00306
0.00453
0.00407333
0.00676
0.00696667
0.0121567
0.0105533
0.0543433
0.0349867
0
0
0
0
0
0
0
0
0
0
0.03471
0.0317833
0.0201067
0.0304233
0.31661
0.367873
0.0313067
0.03686
0.0428567
0.0365433
0.0333233
0.0332933
0.0294633
0.03386
0.0259667
0.02699
0.01449
0.00984333
0.00737
0.00661
0.00693
0.00753667
0.04006
0.0382
0
0
0
0
0
0
0
0
0
0
0.0321733
0.0340233
0.0162633
0.00295
0.666227
0.483113
0.0256767
0.02729
0.03569
0.02762
0.0315667
0.0207667
0.0186933
0.0107733
0.01365
0.01478
0.0145967
0.0163967
0.0138167
0.0521333
0.05184
0
0
0
0
0
0
0
0
0.0128233
0.01769
0.00027
0.0007
0.752433
0.63437
0.0214667
0.02065
0.0184233
0.01589
0.0142867
0.0112167
0.00977667
0.0122067
0.0143333
0.0616467
0.05943
0
0
0
0
0
0
0
0
0.0219
0.0422333
0.0024
0.00094
0.70854
0.36575
0.549097
0.14093
0.247803
0.0481633
0.102463
0.0393433
0.03771
0.0173
0.01873
0.01425
0.0198
0.0191967
0.0591433
0.04857
0
0
0
0
0
0
0
0
0.0719367
0.0953933
0.00724667
0.0123333
0.23989
0.143937
0.106607
0.0581933
0.04111
0.02394
0
0
0
0
0
0
0
0
0.115423
0.10171
0.0274967
0.0225733
0.0130833
0.00186667
0
0
0
0
0
0
0
0
0
0.00205667
0.00205667
0.00652
0.00619667
0.00553
0.00923
0.00374
0.00627333
0.000453333
0.00343333
0.000143333
0.000276667
0
0
0
0
0
0.0918367
0.06671
0.0610733
0.04393
0.03836
0.00036
0
0
0
0
0
0
0
0
0
0.000243333
0.000243333
0.000243333
0
0
0
0
0
0
0
0
0.000243333
0.000243333
0.000486667
0.00047
0.00074
0
0
0
0
0
0
0.000536667
0.00078
0.00746
0.01304
0
0
0
0.000373333
0.000373333
0.00091
0.0327633
0.0478233
0
0.00133667
8.66667e-05
0.00046
0.14245
0.185527
0.00294
0.00147
0.000133333
8.66667e-05
0.406047
0.519073
0.00173667
0.0607567
0.000266667
0.732613
0.850797
0.129203
0.0701833
0.905853
0.93657
0.30558
0.436703
0.141843
0.81196
0.690107
0.101427
0.06752
0.0536067
0.02119
0.01226
0.00242
0.0739067
0.05822
0.03976
0.0447233
0.0378367
0.03659
0.0759333
0.0726067
0.0486733
0.08481
0.03474
0.03697
0.01392
0.0120533
0.00186
0.00115667
0
0.122827
0.105203
0.0818833
0.01401
0.00669
0.00437
0.00134667
0.000703333
0
0
0
0.10946
0.104807
0.00431
0.00193
0.00128667
0.000643333
0
0
0
0
0.16537
0.09474
0.125407
0.0790933
0.00128667
0
0.000643333
0
0
0
0
0
0
0
0
0
0
0
0.446093
0.220613
0.1202
0.0771133
0.05285
0.04352
0.0353267
0.19963
0.09363
0.158733
0.0696
0
0
0
0
0
0
0
0
0
0
0
0
0
0
0.891573
0.715467
0.0225767
0.0120033
0.13659
0.14821
0.0674033
0.05372
0.01082
0
0
0
0
0
0
0
0
0
0
0.867837
0.842413
0.0011
0.00393
0.000906667
0
0
0.0683667
0.04003
0.0274467
0.00768
0.00473667
0.000873333
0
0
0
0
0
0
0
0
0.632853
0.474387
0
0.000193333
0
0
0
0
0
0.0272467
0.0116233
0.00464
0.000823333
0
0
0
0
0
0.0001
0.0001
0.000696667
0.000596667
0.00119333
0.000596667
0.000596667
0.2856
0.18512
0
0
0
0
0
0
0
0
0.00202667
0.00427
0.01519
0.00895333
0.00197
0
0.000823333
0
0.00236
0.00514667
0.00348333
0.01096
0.00877
0.00817333
0.000596667
0
0.1112
0.03468
0
0
0
0
0
0
0
0
0.00224333
0.00897
0.00852
0.00146
0
0.00114667
0
0.02451
0.0385833
0.0298267
0.0255133
0.01397
0.00639333
0
0
0
0
0.0190567
0.0242533
0.0009
0.00045
0.00045
0
0
0
0
0
0.00191
0.000626667
0.00222333
0.000313333
0.000313333
0
0.0238567
0.0129033
0.00698333
0.00059
0
0
0
0
0.02823
0.03017
0.0009
0.00135
0.00045
0
0
0
0
0
0.00533333
9e-05
0.00222
0.000313333
0
0.000313333
0.00727333
0.0138867
0.00135333
0.00059
0
0
0
0
0.0416667
0.0334433
0.00651333
0.00156
0.00111
0
0
0
0
0
0
0.00078
0.00156
0.00078
0.00389333
0.00311333
9e-05
0.00320333
9e-05
0.00815667
0.000953333
0.000763333
0
0
0
0
0
0.0244467
0.0264367
0.0108033
0.00635333
0.00161333
0.000503333
0
0
0
0
0
0
0
0
0
0
0
0
0
0.00019
0
0
0
0
0
0
0
0.0296767
0.0232367
0.0200433
0.00205
0.00154667
0
0.00067
0.00067
0.00067
0
0
0
0
0
0
0
0
0
0
0
0
0
0
0
0
0.0634233
0.0595767
0.0156933
0.0148167
0.00134
0.00351333
0.00284333
0
0
0
0
0
0
0
0
0
0
0
0
0
0
0
0.0940067
0.0507933
0.0462133
0.01241
0.01278
0.00011
0.00011
0
0
0
0
0
0
0
0
0
0
0
0
0
0.05511
0.0201733
0.0116467
0.00208
0.00495
0.00484
0
0.0001
0.0001
0.0001
0
0
0
0
0
0
0
0
0.000133333
0.000133333
0.0420767
0.02205
0.0130067
0.00156333
0.000523333
0.00910333
0.00436333
0.0002
0.0002
0.0001
0
0
0
0
0
0
0
0
0
0
0.000133333
0.0461667
0.05194
0.07535
0.06332
0.0742867
0.05213
0.0400567
0.0214667
0.0144433
0.00319333
0.000716667
0.000193333
0.0100267
0.00604
0.000376667
0.00044
0
0.000163333
0.00161667
0
0
0
0
0
0
0
0
0
0
0
0.0122
0.0250467
0.0354933
0.0233967
0.0125
0.00514667
0.00286333
0.000386667
0.000193333
0.00702667
0.00152667
0.00171667
0.00063
0.000466667
0.00174667
0.00013
0.0154
0.00703333
0.0299767
9e-05
9e-05
0.0003
0.00021
0.000683333
0.000473333
0.000473333
0
0
0
8.66667e-05
0
0.00618667
0.01256
0.00693333
0.0026
0.00267
0.000193333
0.000193333
0
0.00026
0.00554667
0.00703333
0.0354367
0.02086
0.05369
0.0519833
0.0299667
0.0485933
0.0147233
0.000496667
0.000406667
0.00341667
0.00322
0.01005
0.00760333
0.0119567
0.00503667
0.00695667
0.00239333
0.00478667
0.00248
0.00813333
0.00754333
0.00613667
0.00786667
0.00185333
0.00195333
0.0001
0.0013
0.0257
0.0147633
0.00051
0.000103333
0.00749333
0.01031
0.0274267
0.0273633
0.0420067
0.0290467
0.02235
0.02452
0.00718
0.0297333
0.02075
0.0653733
0.00972
0.00410333
0.00235
0.00481333
0.00561667
0.01408
0.0213033
0.00728
0.000103333
0.000206667
0.00138
0.00639333
0.0122033
0.0199033
0.03231
0.0488033
0.0585633
0.0644567
0.0433733
0.03788
0.038
0.175433
0.161633
0.0459567
0.0551833
0.0157933
0.0242367
0.02172
0.01063
0.0224533
0.00648
0
0.000103333
0.000103333
0.000456667
0.00163
0.00541667
0.01018
0.01681
0.07037
0.0540633
0.01925
0.03067
0.332527
0.287643
0.125977
0.0963233
0.0339733
0.02744
0.0344567
0.02977
0.0136167
0.01174
0
0
0
0
0
0
0
0.000133333
0.000486667
0.00437667
0.02033
0.0367233
0.00632333
0.00108667
0.42506
0.315883
0.148813
0.0918067
0.0327833
0.0276067
0.0449367
0.0276067
0.0294767
0
0
0
0
0
0
0
0
0.0357967
0.0530233
0.00171667
0.00143333
0.03906
0.0244867
0
0
0
0
0
0
0
0
0.0829167
0.0880233
0.00749
0.01156
0.0168267
0.00635667
0
0
0
0
0
0
0
0
0.09103
0.105953
0.0326267
0.0267
0.00225333
0.000956667
0
0
0
0
0
0
0
0
0
0
0.06737
0.0968967
0.0383867
0.0566733
0.03227
0.0372167
0.0394533
0.00021
0.00100333
0.000243333
0.00238
0.00238
0.00257
0.00282
0.00263
0.00274667
0.00119667
0.000643333
0.00073
0.000873333
0
0
0
0
0
0.000793333
0.000793333
0.00467
0.00442667
0.00812333
0.00818667
0.00424667
0.00637667
0.00027
0.00107
0.00799667
0.00435
0.0263933
0.0267633
0.0268267
0.00779
0.0173867
0.00448
0.00767667
0.0247567
0.0398267
0.0374967
0.04695
0.00952
0.00603667
0.0267633
0.100353
0.178087
0.000273333
0.00585
0.403343
0.502223
0.000133333
0.000133333
0.000186667
0.69806
0.620603
0.03865
0.01241
0.00151333
0.75494
0.42678
0.650737
0.3346
0.170697
0.109063
0.0112933
0.00602667
0.00882333
0.00346
0.06103
0.0340233
0.02451
0.01767
0.0179433
0.0221767
0.00549667
0.00593
0.000433333
0.000663333
0.00023
0.00023
0.05721
0.08768
0.0917
0.0953233
0.06884
0.00126333
0
0
0
0
0
0
0
0.0401333
0.0532833
0
0
0
0
0
0
0
0
0.05851
0.0325767
0.04874
0.0331667
0
0
0
0
0
0
0
0
0.06381
0.0197167
0.0447967
0.0172667
0
0
0
0
0
0
0
0
0
0
0
0
0
0
0.05357
0.04294
0.0154733
0.0112633
0.00215
0
0
0
0
0
0
0
0
0
0
0
0
0.0286933
0.02831
0.00856667
0.00636
0.00066
0.00066
0
0
0
0
0
0
0
0
0
0
0
0.654627
0.24293
0.40757
0.09837
0.163773
0.0674067
0.03682
0.02319
0.00982333
0.00374
0.00286667
0
0
0
0
0
0
0
0
0
0
0
0
0
0
0
0.814313
0.74689
0.03299
0.0722267
0.01454
0.00585333
0.000873333
0
0
0
0
0
0
0
0
0
0
0
0
0
0.00152667
0.568513
0.381137
0.0147233
0.0353333
0.00369333
0.000863333
0
0
0
0
0
0
0
0
0
0
0.00152667
0.00319
0.0121433
0.0195267
0.18653
0.12054
0.0203167
0.0133267
0.00210333
0.00067
0
0
0
0
0
0
0
0
0
0
0
0.00166333
0.00594667
0.0148567
0.01679
0.04045
0.02992
0.0271367
0.0239167
0.01144
0.00418667
0.00184
0.00056
0.000153333
0.000153333
0
0
0
0
0
0.00025
0.00453333
0.00487667
0.00822333
0.00403333
0.00405667
0.00046
0.0142967
0.0100433
0.00601
0.00316
0.00169
0.00143667
0.00148
0.000603333
0
0
0
0
0.00025
0.00025
0.000593333
0.000343333
0.000436667
9.33333e-05
9.33333e-05
0
0.0174
0.01502
0.0196833
0.00639667
0.00597
0
0
0
0
0
0
0
0
0
0
0
0
0
0
0.02376
0.0104733
0
0
0
0
0
0
0
0
0
0
0
0
0
0
0
0
0
0
0
0
0
0
0
0
0
0
0
0
0
0
0
0
0
0
0
0
0
0
0
0.00021
0.00021
0
0
0
0
0
0
0
0
0.000213333
0.000213333
0.00121333
0.00121
0.00744667
0
0
0
0.00011
0.00011
0.00036
0
0.00034
0.000553333
0.00527
0.00593
0.01969
0.02121
0.04806
0
0.00011
0.00022
0.00047
0.00061
0.00585
0.00081
0.000603333
0.00739667
0.0116433
0.0325533
0.03994
0.0701367
0.0767367
0.09902
0.00011
0.000433333
0.000683333
0.00469333
0.0203867
0.0191567
0.03589
0.00361
0.00314
0.0156933
0.0100633
0.05457
0.0339367
0.09839
0.0833833
0.0953533
0.107427
0.0488133
0.07097
0.03464
0.00194
0.00606
0.0142333
0.0274033
0.03807
0.04569
0.0447233
0.03925
0.00300667
0.00910667
0.02586
0.0187867
0.0394767
0.04613
0.0470067
0.0267033
0.03402
0.0120033
0.0111767
0.00472667
0.0138567
0.00407667
0.00087
0.00548667
0.00550667
0.00742667
0.00058
0
0.00016
0
0.01947
0.00687333
0.00032
0
0.00016
0
0.0198933
0.02932
0.00297
0.000893333
0.00370333
0.000893333
0.02063
0.03939
0.0402167
0.05393
0.0193633
0.0181333
0.00533667
0.00515
0.00514
0.00776333
0.00459667
0.00463667
0.01344
0.0146667
0.01817
0.02103
0.03653
0.00763333
0.00601333
0.0134233
0.02279
0.01787
0.0309933
0.01174
0.0271367
0.00762
0
0.000266667
0.000133333
0.00088
0.00168
0.00867333
0.0128567
0.0365533
0.0355033
0.00116333
0.000506667
0.02427
0.0301267
0.04177
0.0453633
0.0374833
0.0308433
0.0163767
0.00995333
0
0
0
0
0
0
0.000133333
0.000586667
0.00152
0.00835
0.0150233
0.0418333
0.05918
0.0145267
0.00848333
0.0198733
0.01955
0.0333967
0.02418
0.0295067
0.01651
0.0114233
0.00231667
0.000136667
0.000236667
0.000136667
0.0001
0.0002
0.0001
0
0
0.0548667
0.07522
0.0282533
0.0363567
0.00473667
0.00979667
0.0153933
0.0124067
0.00819667
0.00239
0.00159667
0
0
0.000606667
0
0.000743333
0.00370333
0.00319667
0.0652467
0.0515467
0.0469167
0.0419867
0.0448167
0.00681
0.00739333
0.00158667
0.000793333
0
0
0
0
0
0
0
0
0
0
0
0
0
0.0245367
0.0267033
0.02036
0.0270967
0.0329733
0.000793333
0
0
0
0
0
0.0190367
0.0203133
0.0151133
0.01264
0.00838333
0.00569333
0.00111333
0.000383333
0
0
0
0
0.0008
0.00133
0.00053
0.00165667
0.00112667
0.00121667
0.03395
0.02797
0.0111967
0.0115233
0.01808
0.00324667
0.0102433
0.00212
0.0661333
0.05958
0.0331267
0.02529
0.0111467
0.00917667
0.00714667
0.00995333
0.04471
0.06901
0.116847
0.10579
0.151633
0.0249667
0.0680033
0.0201967
0.00912667
0.00365
0.0304567
0.308667
0.357863
0.210727
0.25241
0.0423933
0.131603
0.00172667
0.02876
0
0.00138
0
0
0.0001
0.000286667
0.473963
0.40137
0.32606
0.18912
0.125937
0.0547867
0.255353
0.38455
0.0579267
0.02593
0.0519933
0.0216833
0.02663
0.00965667
0.0102367
0.00206
0.00181667
0.00012
0.0539433
0.0473533
0.03413
0.00434667
0.00111667
0.00148
0.000363333
0.000363333
0
0
0.04936
0.0484233
0.0670333
0
0
0
0
0
0
0
0.0443933
0.05192
0
0
0
0
0
0
0
0
0.0558167
0.0395533
0.0637633
0.0325167
0
0
0
0
0
0
0
0
0.0181167
0.0276167
0.018
0.02199
0.00603667
0
0
0
0
0
0
0
0
0
0
0.00913333
0.00939333
0.00281667
0.00192333
0.000173333
0.000296667
0.00021
0
0
0
0
0
0.000103333
0.000206667
0.000206667
0.000103333
0
0.00247
0.00098
0.00106667
8.66667e-05
0
8.66667e-05
0
0.000103333
0
0.000103333
0
0
0
0
0
0
0
0
0
0
0
0
0
0
0
0
0
0
0.000133333
0.000133333
0.00065
0
0
0
0
0
0
0.000133333
0.000266667
0.00447333
0.00485667
0.0130433
0.0095
0.0146433
0.55916
0.427537
0.285133
0.18601
0.125427
0
0
0
0
0.00166
0.0146867
0.00586667
0.0290267
0.0283933
0.0395667
0.02936
0.0217533
0.439207
0.2878
0.26535
0.144873
0.104073
0.0532167
0
0
0
0.03373
0.03887
0.04534
0.0331267
0.0197467
0.0047
0.00104667
0.000333333
0.16374
0.0999233
0.0455033
0.0395967
0
0
0
0.0266
0.00761667
0.0213433
0.00411667
0.00408333
0.00043
0.000333333
0
0
0
0
0
0
0
0.000463333
9.66667e-05
9.66667e-05
0
0
0
0
0
0
0
0
0
0
0
0
0
0
0
0
0
0
0
0
0
0
0
0
0
0
0
0
0
0
0
0
0
0
0
0
0
0
0
0
0
0
0
0
0
0
0
0
0
0
0
0
0
0
0
0
0
0
0
0
0
0.000613333
0.000823333
0.0018
0.00118667
0.00148333
0.000296667
0.000296667
0
0
0
0
0
0.000496667
0.000496667
0.000776667
0.00706
0.0153267
0.0102767
0.0164967
0.00831667
0.00768333
0.00085
0.000553333
0
0
0.00025
0.00114
0.00138667
0.00623333
0.00562333
0.00828667
0.0425633
0.0641167
0.0431
0.04866
0.0214233
0.0155467
0.00151
0.00144667
0.00049
0.00049
0.00649
0.0150467
0.0145433
0.02032
0.0146733
0.0238467
0.0918967
0.0621667
0.0780833
0.0320067
0.02109
0.01143
0.00582333
0.00578333
0.00140667
0.02991
0.0312267
0.03644
0.0347067
0.0329
0.0266367
0.0278133
0.0235233
0.0248067
0.0126733
0.03812
0.0225133
0.026
0.00883
0.0287433
0.03288
0.0332333
0.0238567
0.01243
0.00410333
0.00421667
0.00047
0.0256033
0.0206933
0.0185933
0.000583333
0.000133333
0.000133333
0
0.00800333
0.00648333
0
0
0
0
0.00313333
0.000823333
0.000226667
0
0
0
0
0.00253667
0.0067
0.000113333
0
0
0
0
0.00628333
0.00427667
0.00035
0.000126667
0.000476667
0.000126667
0.00200667
0.00212667
0.000603333
0.000253333
0.000126667
0.00012
0.00012
0.000126667
0.000846667
0.000123333
0.00770667
0
0.00072
0
0.000123333
0
0.000216667
0
0
0
0.000453333
0.000453333
0.0113067
0.00741667
0.0314667
0.0101733
0.0246767
0
0
0
0
9.33333e-05
0.000186667
0.00582
0.00286
0.00296
0
0.0001
0
0
0
0.0422733
0.04033
0.0557
0.02902
0.0314733
0.0226067
0
0
0
0
9.33333e-05
9.33333e-05
0.00047
0.00440333
0.00107667
0.0117667
0.00689333
0.0112
0.0190933
0.0136133
0.01604
0.0118467
0.0119933
0.00790667
0.01233
0.0129467
0.0269367
0
0
0
0
0
0
0.00534667
0.000383333
0.000766667
0.000483333
0
0.00165333
0.000483333
0.00117
0.00117
0
0
0
0
0
0
0.00047
9e-05
9e-05
0
0
0
0
0.0302433
0.0319933
0.0328033
0.0262367
0.0180033
0.0110567
9e-05
0
0
0
0
0
0.04809
0.0619067
0.0247333
0.00483667
0.00483667
0
0
0
0
0
0.0628967
0.0825767
0.08594
0.00518333
0.000346667
0.000346667
0
0
0
0
0.00100333
0.0001
0.00436667
0.0144633
0.0350767
0.00399
0.00287667
0.00414667
0.0214533
0.01762
0.0398
0.02744
0.0366367
0.0142667
0.0309567
0.11033
0.06069
0.15408
0.0932733
0.173987
0.110503
0.12782
0.0706433
0.0841667
0.228327
0.312543
0.33568
0.37952
0.235143
0.207993
0.114193
0.456467
0.627983
0.509267
0.547107
0.51345
0.348737
0.245953
0.0244267
0.0129367
0.0136333
0.00456333
0.0782067
0.0802
0.0744467
0.0568
0.02238
0.0556667
0.00466667
0.0170533
0.00297
0.00386667
0.00101667
0.00101667
0.000186667
0.000186667
0.00261667
0.0766767
0.0849833
0.00012
0
0
0.000473333
0.00066
0.00677667
0.00873333
0.07904
0.0779767
0
0
0
0.000473333
0.00535
0.0114667
0.06639
0.0718067
0
0
0
0.000843333
0.00572
0.05034
0.05725
0.0365767
0
0.000136667
0.00098
0.00133
0.0150767
0.0253733
0.0204033
0.0246967
0.00994
0.000136667
0.00035
0.000486667
0.00464333
0.00893667
0.0109833
0.00616
0.00052
0.00446667
0.00495667
0.00613667
0.00585667
0.00429333
0.00239667
0.00669
0.00565333
0.00794667
0.000363333
0.00591333
0.00026
0.00026
0
0
0
0.00031
0.0001
0.00113667
0.0008
0.00501333
0
0
0
0
0
0
0
0
0
0
0
0
0
0.000436667
0.000566667
0
0
0
0
0
0
0
0
0
0
0
0
0.00013
0.000516667
0.00118
0.000516667
0.00132667
0.000663333
0.000663333
0
0
0
0
0
0
0.00698667
0.0068
0.00114
0.000476667
0
0
0
0
0
0
0
0
0.00685
0.000713333
0.00119
0
0
0
0
0
0
0
0
0
0
0
0
0
0
0
0
0
0
0
0
0
0
0
0
0
0
0
0
0
0
0
0
0
0
0
0
0
0
0
0
0
0
0
0
0
0
0
0
0
0
0
0
0
0
0
0
0
0
0
0
0
0
0
0
0
0
0
0
0
0
0
0
0
0
0
0
0
0
0
0
0
0
0
0
0
0
0
0
0
0
0
0
0
0
0
0
0
0
0
0
0
0
0
0
0
0
0
0.000176667
0.00028
0.000373333
9.33333e-05
9.33333e-05
0
0
0
0
0
0
0
0
0.000696667
0.000873333
0.00353333
0.00359667
0.000436667
0.000596667
0
0
0
0
0
0.00052
0.00121667
0.00229333
0.0175233
0.0157333
0.00196667
0.00175
0
0.000916667
0
0
0
0.00052
0.00107667
0.00215333
0.0068
0.02025
0.01109
0.00162333
0.00635667
0.000253333
0.00168
0.00906
0.000763333
0
0
0
0
0.000556667
0.00115333
0.00632
0.0100567
0.00532333
0.000463333
0.000126667
0
0.0118167
0.00477333
0.0011
0.000336667
0
0
0
0
0.000596667
0.000336667
0
0
0
0.00412333
0.00590333
0.00045
0.000336667
0
0
0
0
0
0
0
0
0.00223
0.00223
0.000113333
0.000113333
0
0
0
0
0
0
0.000113333
0.000113333
0
0
0
0
0
0
0
0
0
0
0
0
0
0
0
0
0
0
0
0
0
0
0
0
0
0
0
0
0
0
0
0.000123333
0
0
0
0
0.000123333
0.000246667
0.00316
0
0
0.00313
0.00853333
0.00246667
0
0.00585333
0.00042
0.0108733
0
0.00061
0
0.00551667
0.00495333
0.02274
0.0226767
0.0269667
0.00823667
0.0026
0.000326667
0.000376667
0.00560667
0.000636667
0.00549
0.0126567
0.00180333
0.00180333
0
0
0
0
0.00061
0.00980333
0.00599333
0.0101767
0.00119333
0.00598333
0.00111
0.00653
0.000893333
0.00615
0.000143333
0.000143333
0.000403333
0.00026
0.000376667
0.00169333
0
0.00109333
0
0.01245
0.00156333
0.0342733
0.0146833
0.0646367
0.0288667
0.06488
0.05543
0.0275867
0.0187767
0.00451
0.00246667
0.000663333
0
0
0.000513333
0
0
0
0
0.00227333
0.000696667
0.0118167
0.02276
0.0106433
0.0187167
0.0213833
0.00876333
0.00667
0.00099
0.000796667
0.00561
0.00568
0.0160067
0.01198
0.0138767
0.00355
0.00238
0
0
0.0857933
0.0539167
0.0241933
0.00992667
0.00337
0.00132667
0.000663333
0
0
0
0.000696667
0.00139333
0.0186767
0.00983
0.0656067
0.0491633
0.05713
0.0809433
0.0394
0.0160433
0.00937
0.0143667
0.0717433
0.0506067
0.0202733
0.00931667
0.00209667
0.000663333
0
0
0.000696667
0.0016
0.0100367
0.0195367
0.0498167
0.01595
0.0437467
0.00199333
0.0136133
0.00143333
0.00143333
0
0
0
0.00548333
0.00544333
0.00183
0.00275333
0.00183
0.00247
0.00154667
0.00522
0.00798667
0.00786333
0.02099
0.0302467
0.0154
0.0283233
0.02715
0.0437367
0.0111633
0.0502767
0.0537367
0.05672
0.0461533
0.0566967
0.0554533
0.07164
0.20005
0.0802533
0.107297
0.0756467
0.0626567
0.271363
0.443563
0.10958
0.154437
0.0814633
0.541667
0.673287
0.62517
0.54621
0.365627
0.2926
0.16859
0.0473133
0.02769
0.02555
0.01643
0.0202233
0.01018
0.00967333
0.00233333
0.00160667
0.00044
0.06972
0.0793933
0.0468867
0.00522
0.00116667
0.00284
0.00136667
0.00136667
0.000733333
0.000533333
0.000533333
0.0934
0.0968067
0.0974233
0.00263
0.00894
0.00704333
0.0117467
0.00543667
0.0692133
0.0756367
0.0225767
0.0223833
0.0286067
0.0196733
0.0147067
0.0709333
0.0538633
0.0359167
0.0352
0.02624
0.0466267
0.03984
0.03435
0.01815
0.0628567
0.0412667
0.0313967
0.0167733
0.0283467
0.0139433
0.0407467
0.0500667
0.0516833
0.0427533
0.03918
0.0295433
0.0149567
0.0120567
0.0038
0.00941667
0.02192
0.02585
0.0366133
0.0491833
0.0446167
0.0435433
0.03223
0.00723333
0.0105133
0.00998
0.0147633
0.0217333
0.0206567
0.03015
0.01136
0.02381
0.00052
0.00607
0
0.00026
0
0.01294
0.02496
0.0273167
0.03254
0
0
0
0
0
0
0
0
0.00673333
0.0292133
0.0195967
0.0398
0
0
0
0
0
0
0
0
0.00255
0.00298667
0.0159133
0
0
0
0
0
0
0
0
0.00013
0.00013
0
0
0
0
0
0
0
0
0
0
0
0
0
0
0
0
0
0
0
0
0
0
0
0
0
0
0
0
0
0
0
0
0
0
0
0
0
0
0
0
0
0
0
0
0
0
0
0
0
0
0
0
0
0
0
0
0
0
0
0
0
0.00017
0
0
0
0
0
0
0
0
0
0
0.000503333
0.000673333
0.00696333
0
0
0
0
0
0
0
0
0
0.00069
0.00119333
0.00832667
0.0139267
0.0278
0
0
0
0
0
0
0
0.000766667
0.00145667
0.00619667
0.0125633
0.0266033
0.03624
0.0489667
0
0
0
0
0
0
0
0.000766667
0.00212333
0.00686333
0.0227667
0.03614
0.04624
0.04943
0.0393967
0
0
0
0
0
0.000176667
0.0031
0.00428
0.01427
0.0280167
0.03419
0.03904
0.02469
0.0218567
0
0
0
0
0
0.00932667
0.0071
0.0234833
0.0272467
0.0405033
0.0337
0.0250767
0.0112167
0.00427
0.000253333
0.000253333
0
0
0
0
0.008
0.0227933
0.03605
0.0435567
0.0442467
0.0346833
0.0223167
0.00691
0.00272333
0.00135667
0.00038
0.000126667
0
0
0
0
0.0217333
0.0254567
0.0340233
0.02087
0.02084
0.00729667
0.00573333
0.000963333
0.000773333
0
0.000126667
0
0
0
0
0.0105633
0.00636
0.00559
0.00733
0.00253
0.00252667
0.00019
0.00019
0
0
0
0
0
0
0.00119333
0.000596667
0.000596667
0.00079
0.000193333
0.000193333
0
0
0
0
0
0
0
0
0
0
0
0
0
0
0
0
0
0
0
0
0
0
0
0
0
0
0
0
0
0
0
0
0
0
0
0
0
0
0
0
0
0
0
0
0
0
0
0
0
0
0
0
0
0
0
0
0
0
0
0
0
0
0
0
0
0
0
0
0
0
0
0
0
0
0
0
0
0
0
0
0
0
0
0.000123333
0.00317667
0
0
0
0
0
0
0.00609
0.0189633
0
0
0
0
0
0
0.0214367
0.03143
0
0
0
0
0.0235467
0.01861
0.02048
0.00581
0.000133333
0
0.00769
0.00367333
0.00368333
0.0018
0.00061
0.000563333
0.00117333
0.00440667
0.00497
0.000606667
0.00501333
0.000596667
0.00120333
0.000596667
0.00038
0.00038
0.000513333
0.000133333
0.0028
0.00526667
0.00897667
0.0109733
0.00845667
0
0
0
0
0
0
0
0
0
0
0.0137033
0.01941
0.0417067
0.01524
0.0395333
0.00237
0.00948
0.00143667
0.00248
0.00460333
0.00412667
0.00383
0.00608667
0.00266
0.00267
0.00161
0.00202333
0.0138867
0.0176667
0.0513767
0.0496467
0.0809933
0.04925
0.0413433
0.0048
0.00242
0
0.000326667
0.00142
0.00830667
0.0188667
0.0467333
0.0599067
0.118397
0.0881167
0.121203
0
0
0
0
0
0
0.0930967
0.110463
0
0
0
0
0
0
0.04866
0.03803
0
0
0
0.00221667
0.00221667
0.00304667
0.0102733
0.00701667
0.00367333
0.0148967
0.00589
0.0227467
0.01457
0.01994
0.01011
0.00235
0.00187333
0.04079
0.0460633
0.03339
0.00451
0.00816333
0.0555
0.0619433
0.0223033
0.0466667
0.0596067
0.0590767
0.169803
0.0735167
0.267493
0.0656733
0.0597667
0.467157
0.45269
0.479083
0.287717
0.25322
0.116147
0.104543
0.0407233
0.0387967
0.03731
0.0366067
0.0209533
0.0317
0.00924667
0.0212533
0.00889333
0.0162967
0.00918667
0.0140867
0.00646667
0.00715667
0.00144333
0.0563
0.0422
0.0473233
0.00125333
0.000813333
0.00134333
0.00053
0.000753333
0.000223333
0.000223333
0.0736433
0.0597967
0
0
0
0
0
0
0.0811633
0.0670567
0.03865
0
0.00490333
0
0
0
0
0.0502267
0.0554267
0.0261533
0.0234833
0.00486667
0.00624667
0.00134333
0
0
0
0.0258567
0.0124633
0.00756
0.00139333
0.00137
0.000106667
0.00271667
0.0110633
0.00199333
0.00062
0.000716667
0.0079
0.00248
0.000876667
0.00093
0.000183333
0.000183333
0.02369
0.0188
0.00545
0.00430667
0.000946667
0.000326667
0.00309667
0.00772667
0.00716333
0.00655
0.000316667
0.000133333
0.0229767
0.00604
0.00923667
0.00026
0.00049
0
0
0
0.0132133
0.01803
0.00583
0.01193
0.000266667
0
0
0
0
0
0
0
0
0.0248033
0.02238
0.00950667
0.00417333
0
0
0
0
0
0
0
0
0.03371
0.01155
0.0240267
0.00457
0
0
0
0
0
0
0.0177533
0.01208
0.0249633
0.00835
0
0
0
0
0
0
0
0
0
0.00426
0
0.00487
0
0
0
0
0
0
0
0
0
0
0
0
0
0
0
0
0
0
0
0
0
0
0
0
0
0
0
0
0
0
0
0
0
0
0
0
0
0
0
0
0
0
0
0
0
0
0
0
0
0
0.00016
0.00016
0.00073
0
0
0
0
0.00017
0.00249333
0.00248333
0.00847
0.00671667
0.0115167
0
0
0
0.00878333
0.0228233
0.02252
0.0284533
0.0192033
0.02028
0
0
0
0.0348767
0.0470967
0.0409767
0.03218
0.0207333
0.0182967
0.0228167
0.0202233
0
0
0
0
0.0527467
0.0417167
0.02727
0.00945667
0.01193
0.00723667
0.01101
0.00538333
0
0
0
0
0.0279033
0.00872333
0.00472333
0.00137667
0.00141667
0.00072
0.000913333
0.000193333
0
0
0
0
0.00555
0.00719
0.000853333
0.00068
0
0
0
0
0
0
0
0
0
0.00307667
0.000756667
0.000173333
0
0
0
0
0
0
0
0
0
0
0
0.000583333
0
0
0
0
0
0
0
0
0
0
0
0
0
0
0
0
0
0
0
0
0
0
0
0
0
0
0
0
0
0
0
0
0
0
0
0
0
0
0
0
0
0
0
0
0
0
0
0
0
0
0
0
0
0
0
0
0
0
0
0
0
0
0
0
0
0
0
0
0
0
0
0
0
0
0
0
0
0
0
0
0
0
0
0
0
0
0
0
0
0
0
0
0
0
0
0
0
0
0
0
0
0
0
0
0
0
0
0
0
0
0
0
0
0
0
0.000376667
0
0
0
0
0
0
0
0
0
0
0.00343
0.00656333
0
0
0
0
0
0
0
0
0.0191833
0.02944
0
0
0
0
0
0
0.0392133
0.0168733
0.02946
0.00372
0
0
0
0
0
0
0.00350667
0.000263333
0
0
0
0
0
0
0.000693333
0.000586667
0
0
0
0
0.00117333
0.00026
0.000846667
0.00026
0
0
0
0
0
0
0
0
0
0
0
0
0.00074
0.00048
0.0007
0.00022
0.000403333
0.000183333
0.000183333
0.002
0.00341667
0.02029
0.0303467
0.0600367
0.0772867
0.108407
0.113843
0.0906367
0.04988
0.0145467
0.00363
0.00121
0.000326667
0.000326667
0.00721333
0.00795333
0.0369133
0.0378533
0.0871267
0
0
0
0
0.000483333
0.000483333
0.000483333
0.0725667
0.02475
0
0
0
0.000926667
0.00141
0.00701667
0.01763
0.02101
0.00083
0.00345
0.00175667
0.00861
0.0125233
0.00712333
0.00122
0.01523
0.0168267
0.000636667
0.000736667
0.02673
0.0334633
0.00388667
0.0153067
0.0172833
0.0356233
0.0410767
0.05044
0.0320467
0.0650767
0.0595233
0.1394
0.0540833
0.0532833
0.243673
0.231153
0.310243
0.0990033
0.182233
0.04088
0.0674133
0.0448367
0.0504733
0.09533
0.0821033
0.0579433
0.0366133
0.0486467
0.0299433
0.05758
0.0789567
0.0533067
0.0709767
0.0558233
0.0151367
0.0387867
0.0101767
0.0124967
0.00466667
0.01008
0.00672
0.00892333
0.0430067
0.05817
0.00197333
0.000753333
0.00112667
0.000373333
0.000553333
0.00018
0.0429533
0.0379333
0
0
0
0
0
0
0.0421367
0.0325467
0.01624
0
0
0
0
0
0
0.0275767
0.0121167
0.01037
0.00272
0
0
0
0
0
0
0.00457333
0.00107667
0.00097
0
0
0
0
0
0
0
0.000106667
0
0
0
9.66667e-05
9.66667e-05
0
0
0
0
0
0
0
0
9.66667e-05
0
0
0
0
0
0
0
0
0
0
0
0
0
0
0
0.000133333
0
0
0
0
0
0
0
0
0
0
0
0.00023
0.000363333
0
0
0
0
0
0
0
0.00076
0.00023
0
0
0
0
0
0
0
0
0.00114
0.00053
0
0
0
0
0
0
0
0
0.00061
0.00061
0
0
0
0
0
0
0
0
0
0
0
0
0
0
0
0
0
0
0
0
0
0
0
0
0
0
0
0
0
0
0
0.00047
0
0.00047
0
0
0
0
0
0
0.000373333
0
0.000843333
0.00057
0.00107
0.0005
0.00236333
0.00186333
0.00650667
0.00065
0.00102333
0.00566667
0.00603
0.00829
0.00519333
0.01877
0.0205833
0.0258967
0.000276667
0.00475667
0.000926667
0.00912333
0.0148533
0.0310733
0.02397
0.0376367
0.03488
0.0252
0.01271
0.00600667
0.0004
0.000276667
0.00423
0.02803
0.02059
0.0205167
0.00708
0.00506
0.000663333
0
0.000123333
0.000123333
0.00715667
0.00268667
0.00268333
0.000326667
0.000326667
0.00284
0
0
0
0
0.000193333
0
0.000136667
0.000653333
0.00335667
0.00971
0
0
0
0
0
0
0.000516667
0.00131333
0.00780333
0.01155
0.0267567
0.02516
0.0429967
0.0324167
0
0
0
0
0
0
0.000796667
0.00151667
0.00578
0.00528667
0.00946
0.00588333
0.0110033
0.00639333
0
0
0
0
0
0
0.00072
0.00072
0.00102333
0.000303333
0.00099
0.000686667
0.00097
0.000283333
0
0
0
0
0
0
0
0
0
0
0
0
0
0
0
0
0
0
0
0
0
0
0
0
0
0
0
0
0
0
0
0
0
0
0
0.00016
0.00016
0.0005
0.00034
0
0
0
0
0.00193
0.00193
0.00359
0.00182
0.00527667
0.00395667
0
0
0
0.000593333
0.00252333
0.00710333
0.0187033
0.0157833
0.01731
0
0
0
0.00105333
0.00046
0.00429667
0.00841667
0.0131467
0.0220967
0
0
0
0
0.00046
0.000596667
0.00592
0.00902667
0.01389
0
0
0
0
0
0
0
0
0.000226667
0.000363333
0.00568667
0.000376667
0.000376667
0
0
0
0
0
0
0
0
0.00344
0.00657333
0.00333333
0
0
0
0
0
0
0
0
0.0195067
0.00365333
0.0166933
0.000746667
0
0
0
0
0
0
0
0
0.000633333
0.000553333
0
0
0
0
0
0
0.000396667
0.00024
0
0
0
0
0
0
0
0
0
0
0
0
0
0
0
0
0
0
0
0
0
0
0.00112667
0.00641
0.00112667
0.00554667
0.000263333
0.000263333
0
0
0
0.000583333
0.00258333
0.00373333
0.0200233
0.0290133
0.05897
0.06552
0.0977067
0.0761767
0.06367
0.0217267
0.01336
0.00244333
0.00121
0
0
0.000396667
0.00146333
0.00186
0.00929
0.00233667
0.00298
0.0152267
0.0186567
0.0107467
0.00292
0.00794333
0.0160567
0.0226967
0.00323
0.000706667
0.0321933
0.0295867
0.000706667
0.000706667
9.33333e-05
0.0382333
0.02779
0.000613333
0.00126667
0.00178667
0.0038
0.00469333
0.00661333
0.0363767
0.03372
0.02553
0.0255033
0.0435267
0.0313333
0.0413733
0.04152
0.127943
0.07454
0.153127
0.03078
0.0693367
0.0351233
0.0339133
0.0530967
0.0477267
0.05312
0.0447033
0.0970233
0.08476
0.110293
0.0999433
0.09896
0.0962767
0.16006
0.114
0.09923
0.08651
0.0860033
0.08224
0.0557067
0.0175033
0.04423
0.01311
0.0371533
0.0300367
0.0431
0.0172
0.0183167
0.09583
0.09175
0.00435
0.00275667
0.00177333
0.00341667
0.00164333
0.00236333
0.00131667
0.0504033
0.06188
0.00018
0
0
0
0
0
0.000596667
0.0240233
0.02133
0.00958667
0
0
0
0
0
0
0.000266667
0.0127367
0.00589667
0.00544
0.00242333
0
0
0
0.000246667
0.000246667
0.00306667
0.00308667
0.00175
0
0.00113
0
0.00113
0
0
0.000543333
0.00079
0.00560667
0.00788333
0
0
0
0
0
0.000523333
0
0
0.000543333
0.00108667
0.00272333
0.00699667
0
0
0
0.000403333
0.000926667
0.00565333
0
0
0.000543333
0.000543333
0.00218
0.00330667
0
0.000303333
0.000706667
0.00115333
0.00557667
0.0198367
0
0
0
0
0.00167
0.00240333
0.000303333
0.000303333
0.000746667
0.00075
0.01541
0
0.000733333
0.000733333
0.000156667
0.00089
0
0.000156667
0
0
0
0
0.0003
0
0
0
0
0
0
0
0
0
0
0
0
0
0
0
0
0
0
0
0
0.00028
0.0013
0
0
0
0
0
0
0
0.00102
0.00102
0.00136667
0.00704667
0.00637333
0
0
0
0
0.000346667
0.000346667
0.000693333
0.000523333
0.00093
0.000583333
0
0
0.000176667
0
0.000176667
0
0
0
0
0
0
0
0
0
0
0
0
0
0
0
0
0
0.00063
0.00016
0.000946667
0
0.00015
0.00015
0.000296667
0.00548667
0.00762667
0.00527333
0.00377
0.00479333
0.00787
0.00337333
0.00337
0.000293333
0.000146667
0.02409
0.00966
0.02227
0.0148967
0.00846
0.0104
0.00175667
0.00062
0.000473333
0.0232767
0.03425
0.04287
0.00208333
0.000946667
0.000473333
0
0.00613667
0.01921
0.0208167
0.03029
0.000473333
0.00014
0.00014
0.00206
0.00230667
0.00440667
0.00663
0.00894
0.00284333
0.00747
0.00668667
0.01959
0.00222333
0.00222333
0.00671667
0.01382
0.0355367
0.02416
0.0611267
0.05207
0.06101
0.0555433
0.03937
0
0
0
0.04341
0.0245933
0.02602
0.0112867
0
0
0
0
0.00899
0.00444667
0.00531667
0.00764333
0
0
0
0
0.00116333
0.00604667
0.0116567
0
0
0
0
0.00516667
0
0
0
0
0
0
0
0
0
0
0
0.00034
0.00068
0.00034
0
0
0
0
0.00186
0.00497667
0.00173
0.00055
0
0
0
0.0284433
0.01743
0.0170767
0.00464333
0.00175
0
0
0
0.0374167
0.0299467
0.0276367
0.01831
0.00587667
0
0
0
0.0183933
0.0255
0.0279833
0.0229833
0.01759
0
0
0
0.00564
0.01316
0.00801
0.00878
0.0164133
0.0114133
0
0
0.00027
0
0.000226667
0.000226667
0.000316667
9e-05
0.000263333
0.00054
0.00126
0
0
0
0
0
0
0
0
0.00114667
0.00489
0
0
0
0
0
0
0.00441
0.00467333
0
0
0
0
0
0
0.00066
0.000603333
0
0
0
0
0.000183333
0
0.000183333
0
0
0
0
0
0
0
0
0
0
0
0
0
0
0
0.00554667
0
0.000263333
0
0
0
0
0
0.000583333
0.000583333
0.00173333
0.00226333
0.0132533
0.0180467
0.0403567
0.0321633
0.0357967
0.01259
0.0110267
0.00145
0.00123333
0
0
0
0.000396667
0.000793333
0.000396667
0.00343667
0.0261067
0.01386
0.00343667
0.0123
0.00335333
0.0101933
0.0488067
0.0488267
0.000313333
0.00156
0.000626667
0.00155333
0.00124667
0.00062
0.05791
0.0479167
0.000406667
0.000406667
0.000373333
0.000123333
0.000403333
0.00068
0.0595633
0.0524867
0.00331
0.000803333
0.00315333
0.00765667
0.00423
0.01512
0.0490733
0.0456867
0.0122867
0.01293
0.0203633
0.0267467
0.0262833
0.0375233
0.0409567
0.0272067
0.0412467
0.03004
0.0291633
0.22271
0.22053
0.254947
0.217717
0.115927
0.13383
0.133197
0.143047
0.118727
0.164923
0.13724
0.0370833
0.0841833
0.0255667
0.0439867
0.03803
0.0552933
0.0472567
0.0818333
0.0964667
0.00678
0.00418
0.01012
0.02295
0.03488
0.0419233
0.0444367
0.0602
0.05588
0.03335
0.00201667
0.00619333
0.0116967
0.0263233
0.0366767
0.04425
0.0449667
0.0363233
0.0387233
0.0158867
0.0148333
0.00828667
0.00602667
0.00113
0.01054
0.0253333
0.0252
0.0337633
0.0131033
0.0100867
0.01047
0.00280667
0.00167667
0
0.0008
0.00201667
0.00686
0.0071
0.0106467
0.00572333
0.00355333
0.00235667
0.00122667
9.66667e-05
0
0
0.00650667
0.00811
0.0115467
0.00729667
0.00608
0.00096
0.00122667
9.66667e-05
0
0
0.000713333
0.022
0.0217933
0.0346967
0.0258467
0.02564
0.0101233
0.000523333
0.00123667
0.00142667
0.00758667
0.0287933
0.0162733
0.0384433
0.04414
0.0370567
0.0274067
0.00596333
0.0189833
0.0204167
0.02202
0.0131267
0.0198433
0.03264
0.0262333
0.0249533
0.0106667
0.0329333
0.0419167
0.02957
0.0202
0.0107567
0.00430333
0.0125
0.000336667
0.00375
0.00018
0.0202267
0.02185
0.0336367
0.02076
0
0
0
0
0
0
0
0
0.000586667
0.00845333
0.00585
0.0110433
0
0
0
0
0
0.00056
0.00028
0.00446
0
0.000416667
0.00013
0.00332
0.0052
0.02175
0.01997
0.0286433
0.0379333
0.0265467
0
0
0.01394
0.00441667
0.0119233
0.0043
0.00410667
0.000443333
0
0
0.000636667
0
0.00023
0.000126667
0.00043
0.00333333
0
0
0
0
0.000126667
0.000126667
0.00303
0.00317667
0
0
0
0
0
0.000273333
0.000273333
0.000273333
0.00073
0.000456667
0.000433333
0.00102333
0.000433333
0.00059
0
0
0
0
0.00554333
0.00122
0.00534667
0.000146667
0.000146667
0.000146667
0
0.01093
0.01243
0.0176167
0
0
0
0
0.0235167
0.0263033
0.0160333
0.0263867
0
0
0
0
0.0339567
0.0252267
0.0250567
0.0220233
0
0
0
0
0.02022
0.0117167
0.02407
0.00984
0.00192
0.00192
0
0.000636667
0.01145
0.0101367
0.00655333
0.00182
0.0149633
0.0367033
0.01368
0.0408267
0.02483
0.0187767
0.00449333
0.00091
0.00540333
0.00091
0.0244567
0.0104133
0
0
0
0
0.0105933
0.01743
0
0
0
0
0.02045
0.03486
0
0
0
0
0.02994
0.02634
0
0
0
0
0.0148633
0.00565333
0.0137933
0
0
0
0
0.000486667
0
0.00062
0.00471667
0
0
0
0
0
0.00043
0.000563333
0
0
0
0
0.00043
0.00021
0
0
0
0
0.00021
0.00057
0
0
0
0.00292333
0.00051
0.00015
0
0
0
0.00275333
0.00535
0.00034
0
0
0.00196333
0.00376
0.00309
0.000726667
0.00392667
0.00223333
0.0175933
0.000173333
0.00101333
0.00103333
0.00116667
0.00295333
0.01635
0.0290833
0
0
0
0
0.01943
0.0247633
0
0
0
0
0
0
0
0
0.0104867
0.00665667
0
0
0
0
0
0
0
0
0.000786667
0.000183333
0.000366667
0
0
0
0
0
0
0
0
0
0
0
0
0
0
0
0
0
0
0
0
0
0
0
0
0
0
0
0
0.000546667
0.00166
0.00241
0.00780667
0.00689333
0.00894
0.00299667
0.00301333
0.000216667
0.000216667
0
0
0.000206667
0.000206667
0.0004
0.000193333
0.00617
0.00332333
0.0244433
0.0121333
0.00355667
0
0
0
0
0.03026
0.0340967
0.0514367
0.03824
0.02577
0.0234533
0.0145733
0.01111
0.03346
0.0578867
0.00117
0.00161
0.00055
0.00253
0.00133667
0.00215
0.0595133
0.07064
0.000556667
0.000833333
0.00438333
0.00463
0.0075
0.00622333
0.00807333
0.0160733
0.0539567
0.05843
0.0152433
0.0154133
0.0234833
0.01797
0.0191833
0.0382533
0.0251167
0.0479667
0.253753
0.274343
0.249917
0.207837
0.13855
0.0662967
0.0953733
0.0657167
0.06532
0.06775
0.0632833
0.0626067
0.140917
0.193837
0.05423
0.0433633
0.0485433
0.0438133
0.0760267
0.101877
0.0762933
0.07852
0.09512
0.0933667
0.0389033
0.0309667
0.0306967
0.0249033
0.06387
0.0582033
0.107017
0.03913
0.0203833
0.0409467
0.02993
0.0273333
0.0358
0.0119033
0.00974333
0.00467667
0.01417
0.00805667
0.00144667
0.00275667
0.00131
0.0220533
0.0207333
0.00854
0.00685667
0.000773333
0.000753333
0
0
0
0
0
0.00724667
0.00248333
0.00245667
0.00016
0.00016
0
0
0
0
0
0
0
0.000186667
0.000186667
0
0
0
0
0.000713333
0.000903333
0.00019
0.00019
0
0
0
0.00481667
0
0
0
0
0.00706333
0.00635
0.00019
0
0
0
0.00544667
0.01252
0.00063
0
0
0
0.00847667
0.00277
0.000453333
0.000453333
0
0
0.00788333
0.00081
0.00063
0
0
0
0.00694333
0.00493333
0.000306667
0.00076
0
0.00018
0
0
0
0
0
0
0
0.00766
0.000916667
0.00509
0.000306667
0
0
0
0
0
0
0
0
0.00028
0.00072
0.00588333
0.00359
0.00308333
0.000713333
0.00462
0.0236067
0.00899667
0.0376233
0.02731
0.0266067
0.00303333
0.00300667
0.0226667
0.00420333
0.00802333
0.00054
0
0.00013
0
0.00013
0.000213333
0.00075
0.000446667
0.00445667
0
0
0.00691333
0.0196867
0
0
0.0162533
0.00409333
0.0167133
0.00418
0
0
0.000816667
0.00036
0.00059
0
0
0
0
0
0
0.00715333
0.00224
0.00283
0
0
0
0
0
0.02127
0.0125367
0.0152967
0
0.00015
0.0339433
0.0339067
0.03172
0.00015
0.000713333
0.02256
0.0308267
0.02349
0.000563333
0.00113667
0.00785
0.00802333
0.00393
0.00784667
0.00552333
0.00121
0.00254333
0.00194667
0.00474667
0.00107333
0.000163333
0.000696667
0.000533333
0.00498333
0.0043
0
0
0
0
0.00405
0.0083
0
0
0
0
0.0215
0.0344767
0
0
0
0
0.0466333
0.04663
0.0503267
0
0
0
0.0421533
0.0352333
0.0434033
0
0
0.02195
0.0184333
0
0
0.0147067
0.00914667
0
0
0.0112
0.00671333
0.0284333
0
0
0.01072
0.00457
0.0255633
0.03879
0
0
0.000116667
0.00455
0.00041
0.00950667
0.02437
0
0
0.000116667
0.000116667
0.00169333
0.00128333
0.00665
0
0
0.00117333
0.00093
0.00202333
0.00703
0.00362667
0.00441667
0.00906
0.00718
0.00682333
0.0119967
0.0180833
0.0215533
0.0274
0.000686667
0.00362333
0.000916667
0.00949333
0.0354433
0.04184
0.0278033
0
0
0.000153333
0.000533333
0.0342267
0.02217
0.0221967
0.00881667
0
0
0
0
0
0
0.00890333
0.00279
0.00285
0.000123333
0
0
0
0
0
0
0
0
0
0
0
0
0
0
0
0
0
0
0
0
0
0
0
0
0
0
0
0
0
0.000546667
0.000546667
0.000546667
0
0
0
0
0
0
0
0
0.00129667
0.00075
0.00095
0.0002
0.0002
0
0
0.000206667
0.000206667
0.0062
0.000413333
0.00711667
0.00618667
0.00943
0.00446
0.0265667
0.00355667
0.00601667
0.000116667
0.000116667
0.000433333
0.000316667
0.000316667
0
0
0.04521
0.0755167
0.07796
0.0910133
0.0689467
0.06619
0.0443633
0.0188967
0.0392967
0.02414
0.01059
0.03114
0.0167167
0.02269
0.0273433
0.0336867
0.00278667
0.00889667
0.00341667
0.01868
0.00980667
0.04839
0.0293767
0.0547533
0.05455
0.0552433
0.0482867
0.0141767
0.02921
0.0442433
0.05057
0.0675933
0.06259
0.0583233
0.0633267
0.05756
0.0613067
0.0681633
0.0672033
0.09341
0.106963
0.13598
0.147007
0.15722
0.19271
0.122993
0.0562033
0.110913
0.0547633
0.14384
0.20278
0.20778
0.221573
0.32085
0.300053
0.06065
0.0715833
0.0533567
0.034
0.0692767
0.0330067
0.1271
0.07424
0.109287
0.182963
0.15956
0.0347867
0.00808333
0.01572
0.0102633
0.0126233
0.00400667
0.0255533
0.0142967
0.0207
0.0515733
0.0418133
0.0761233
0.00178
0.00047
0.00131667
0.000846667
0.00117667
0.00033
0.00419
0.00014
0.00405
0.00930333
0.00525333
0.00689
0.00163667
0
0
0
0
0
0
0
0
0
0
0
0
0
0.000926667
0
0
0
0
0
0
0
0
0
0
0
0
0
0.000926667
0
0
0
0
0
0
0
0
0
0
0
0
0
0
0
0
0
0
0
0.00057
0
0
0
0
0
0
0
0
0
0
0.00057
0
0.00114
0
0
0
0
0
0
0
0
0
0
0
0.00057
0
0
0
0
0
0
0
0.000236667
0
0
0
0
0
0.000676667
0.000236667
0.00589333
0.00147333
0.00987667
0.0166833
0.0155133
0.000103333
0
0.0151233
0.0109033
0.00774333
0.00371
0.000103333
0.000206667
0.000103333
0.000103333
0.000326667
0.00027
0.000716667
0.00449667
0
0
0.00793333
0.0214133
0
0
0
0
0.03071
0.03074
0.0413033
0.02136
0
0
0
0
0.00742
0.00452667
0
0
0
0
0.00083
0
0.00047
0
0
0
0
0
0
0
0
0
0
0.00015
0.0131733
0.000386667
0.000116667
0.00027
0.0003
0.00628333
0.01696
0.00417333
0.000656667
0.00054
0.00669667
0.01326
0.01399
0.0208967
0.009
0.000656667
0.00444333
0.00027
0.01492
0.01384
0.00574667
0.00092
0.000386667
0
0.00921
0.0207367
0
0.000533333
0
0.01559
0.01666
0
0
0
0.00962
0.0126433
0
0
0
0
0.0243
0.0228533
0
0
0
0.0367233
0.0294267
0
0
0
0.0403033
0.0406767
0
0
0
0
0.02899
0.0383067
0
0
0
0
0.0406567
0.0276133
0
0
0
0
0.0392867
0.0528167
0
0
0
0.000116667
0.05016
0.0469867
0.000116667
0.000233333
0.00301667
0.03649
0.0271
0.00358333
0.0008
0.00881667
0.00990333
0.01549
0.00185667
0.00849
0.0126667
0.0188
0.0118667
0.01321
0.01324
0.0188833
0.0188867
0.0250633
0.0257333
0.01358
0.0152433
0.00884333
0.0227433
0.0224367
0.03369
0.0158367
0.00271667
0.00804667
0.00120667
0
0.000853333
0.00038
0.00679667
0.00918333
0.00666
0.000633333
0.000123333
0
0
0
0
0
0
0.000123333
0
0
0
0
0
0
0
0
0
0
0
0
0
0
0
0
0
0
0
0
0
0
0
0
0
0.00018
0.000693333
0.000513333
0.000513333
0
0
0
0
0
0
0
0
0
0.00018
0
0
0
0.00468667
0.00468667
0.0317833
0.00489333
0.0328833
0.00258
0.00197667
0.00197333
0.00549667
0.00395667
0.00451667
0.000993333
0.000676667
0
0
0
0
0.0659433
0.03576
0.04019
0.00795667
0.00765667
0.0263733
0.0283733
0.03425
0.0665567
0.06118
0.0831933
0.06472
0.0697833
0.0470067
0.0383467
0.0316833
0.0377433
0.0432
0.04402
0.02886
0.0364933
0.02503
0.02394
0.0362733
0.0387833
0.0325267
0.0460833
0.0236933
0.03424
0.0188733
0.00991667
0.00352333
0.0362
0.00437
0.0792433
0.10667
0.09622
0.111977
0.0899067
0.129717
0.159847
0.241077
0.30512
0.379663
0.414307
0.40889
0.0448167
0.03852
0.05362
0.0468167
0.0332167
0.0616433
0.35345
0.234077
0.0148667
0.0281167
0.0258467
0.0274467
0.0156867
0.157277
0.0737033
0.00724333
0.00441333
0.00976667
0.00568333
0.0100033
0.00432
0.0428333
0.04297
0.00327
0.00033
0
0
0
0
0
0
0.00340667
0.00206
0.00206
0.00414333
0
0
0
0
0
0
0
0.00121667
0.00677667
0.00970333
0.0269433
0
0
0
0.00062
0.00062
0.00062
0.0130233
0.00746333
0.02612
0.0371133
0.06243
0.07038
0
0.00100333
0.00162333
0.00722667
0.00622333
0.01256
0.00780333
0.00126667
0.0181367
0.0308933
0.0373967
0.05794
0.07935
0.00157333
0.00717667
0.01221
0.02725
0.0286033
0.02603
0.00126667
0
0.00126667
0.0116
0.01549
0.02853
0.0302467
0.0605233
0.00898
0.0140133
0.0294867
0.04674
0.03769
0.0337267
0
0
0
0.000236667
0.00539333
0.00841333
0.0202267
0.0213333
0.00127
0.00876
0.00911
0.0313633
0.01554
0.0381767
0.000473333
0.00405333
0.00349333
0.01008
0.0155467
0.0193233
0
0.0007
0
0.00092
0.0114833
0.0147067
0.0174833
0.0201967
0
0
0
0
0.0167833
0.0138467
0.00393333
0.000816667
0
0
0.000536667
0.00137667
0.00489
0.00839333
0
0
0
0
0.02148
0.0215367
0.0320633
0.02238
0
0
0
0
0.02224
0.00823333
0
0
0
0
0.00446
0.00118
0.000886667
0
0
0
0
0.000833333
0.000416667
0.000416667
0
0
0
0
0
0
0
0
0
0.00015
0.00015
0.00027
0
0
0.00613333
0.0191333
0
0.00027
0
0.0258467
0.03403
0.02835
0.0307267
0
0
0
0.0221933
0.0267833
0
0
0
0.0299567
0.0368833
0
0
0
0.0287333
0.0218067
0
0
0
0
0.0127567
0.00936333
0
0
0
0
0.00780333
0.00842
0
0
0
0
0.0161733
0.0155133
0
0
0
0
0.0296733
0.04121
0
0
0
0
0.0509
0.0568267
0
0
0
0
0.0508967
0.04732
0
0
0
0
0.0478067
0.0365467
0.000116667
0.000116667
0
0.000223333
0.0376933
0.02909
0.0029
0.00312333
0.000563333
0.00591333
0.0242533
0.0222833
0.00847333
0.01104
0.0153467
0.0112433
0.0106167
0.0228333
0.0250033
0.01935
0.00941333
0.0156233
0.02629
0.02383
0.01906
0.00718333
0.0257667
0.03221
0.01169
0.00627667
0.00601333
0.00226667
0.0268
0.03422
0.0408033
0.00165667
0.00130667
0.000346667
0.01034
0.00468
0.01709
0
0
0
0
0
0
0.000283333
0.000756667
0
0
0
0
0.00019
0.000796667
0.000606667
0.00121333
0.000606667
0.000606667
0
0
0
0
0
0
0
0
0
0
0
0
0
0.00019
0
0
0.00532333
0.00618667
0.00155667
0.00104333
0
0
0
0
0
0
0
0.00016
0.00016
0.00244667
0.00246667
0.00709667
0
0.00468667
0.00937333
0.0202767
0.04248
0.00636667
0.0186467
0.01778
0.0226267
0.0109033
0.00812333
0.00142
0.000743333
0
0
0
0
0.07851
0.100873
0.0288733
0.0397333
0.0421067
0.0276467
0.0403333
0.02592
0.03076
0.01552
0.0251033
0.02059
0.0326267
0.0210767
0.0241233
0.0120267
0.01603
0.01689
0.02338
0.0310867
0.0304233
0.0384633
0.03002
0.02436
0.00907667
0.0036
0.0021
0.00554667
0.0897067
0.0787267
0.0505667
0.00301333
0.00331333
0.0046
0.01971
0.02067
0.02746
0.04183
0.04491
0.0188633
0.0241867
0.00314
0.00156333
0
0.00015
0.00427333
0.0294867
0.01807
0.00969
0.00279
0.0602867
0.0674367
0.05691
0.0703367
0.0636233
0.146217
0.0933867
0.261673
0.184
0.34207
0.26398
0.322837
0.28625
0.214963
0.02078
0.01536
0.0289667
0.01878
0.0395733
0.02302
0.04707
0.0270933
0.104283
0.0398233
0.00458333
0.000263333
0.000853333
0.00106333
0.00243667
0.00203
0.00263667
0.00213
0.00718333
0.0015
0
0
0.000473333
0.000473333
0.000656667
0.000183333
0.00105
0.000866667
0.00447667
0.00385333
0.01191
0
0
0
0
0
0
0.0288167
0.0463467
0.0608867
0
0.00036
0.00036
0.00045
9e-05
9e-05
0.0919333
0.0742333
0.00731667
0.00740667
0.00054
0.00018
9e-05
0
0.105983
0.12805
0.0100767
0.00657667
0.00354667
0.00345667
0
0
0.128823
0.08793
0.0210467
0.00985
0.00706333
0.000243333
0.0037
0
0.05876
0.11935
0.0296967
0.01155
0.02558
0.00374667
0.00412667
0.000383333
0.0857
0.124107
0.00022
0.00838667
0.000906667
0.0161267
0.00925
0.00927
0.0802667
0.06138
0.0383967
0
0
0
0
0.0132633
0.00909667
0.00656333
0.01302
0
0
0
0
0.00811333
0.01545
0.0122167
0.0142967
0
0
0
0
0.01053
0.0072
0.00852333
0
0
0.000736667
0.00498
0.000626667
0
0
0.00104333
0.00116667
0
0
0.00125
0.000833333
0.000416667
0
0
0
0
0
0
0
0
0
0.000276667
0
0.00335667
0
0
0
0.01623
0.0221833
0
0
0
0.03327
0.02847
0.0316067
0
0
0
0
0.0264833
0.0295
0
0
0
0
0.0226567
0.0306933
0
0
0
0
0.01013
0.02192
0.00621333
0
0
0
0.00596
0.00096
0
0
0.00458
0.00498
0
0
0
0.00785333
0.00736
0
0
0
0
0.0398267
0.0260233
0
0
0
0
0.0557867
0.0492167
0
0
0
0
0.03128
0.0446533
0
0
0
0
0.0270233
0.02556
0.000223333
0.000306667
8.33333e-05
8.33333e-05
0.0215133
0.0189533
0.00565667
0.00572
0.00037
0.000286667
0.02003
0.0147567
0.0102833
0.00513667
0.00049
0.00207
0.0138367
0.00772667
0.00671667
0.00393667
0.00373333
0.01079
0.00973
0.00196667
0.00292667
0.00083
0.0222633
0.01394
0.00140667
0.00117667
0.00602667
0.0267067
0.0233433
0.00579667
0.000846667
0.0108233
0.00457
0.00513667
0.0119967
0.0141933
0.0005
0.00587333
0.0005
0.00627333
0.00063
0.00126
0.00063
0.000283333
0.000646667
0
0.0009
0
0.0009
0.00719333
0.0122233
0.00643333
0.00604
0.00082
0.000843333
0.00063
0
0
0
0
0
0.000163333
0.000163333
0.00249
0.00251667
0.00891333
0
0
0
0
0.0139433
0.0103933
0.00212333
0.00108
0
0
0
0.00502333
0.00468667
0.01154
0.000723333
0.00666333
0.00838667
0.0218433
0.0205333
0.0265167
0.0221067
0.0512633
0.0299067
0.0384033
0.03199
0.0251
0.0129567
0.00683333
0.00132333
0.00058
0
0
0
0.000563333
0.0854633
0.0894633
0.00968
0.00294667
0.00772667
0.00468333
0.00622667
0.00464333
0.00767667
0.00538667
0.00669
0.00914667
0.0153433
0.0230267
0.03228
0.0401067
0.0469533
0.04084
0.02669
0.0120367
0.00423
0.00556667
0.00838333
0.0204633
0.0779067
0.0522167
0.0114767
0.00432667
0.0110633
0.00467
0.00096
0.00119
0.0499567
0.0402467
0.00412333
0.00453667
0.000413333
0.000616667
0.0415767
0.0389433
0.00150667
0.00028
0.00028
0
0.000443333
0.000443333
0.0388467
0.0619133
0.01882
0.0237167
0.00655333
0.0105533
0.00860667
0.00338
0.00354333
0.0698267
0.0500567
0.1114
0.122887
0.197793
0.14861
0.158977
0.08981
0.0822533
0.00681667
0.00642
0.0611467
0.05845
0.0710067
0.0227367
0.0311733
0.0179333
0.0162933
0.00568333
0.00568333
0.00155
0.000683333
0.00285667
0.00217333
0.00949667
0.00732333
0
0.00732333
0
0
0
0
0
0
0.000623333
0.00227667
0.00971
0
0
0
0
0
0
0
0
0.0162433
0.0359733
0.0525133
0
0
0
0
0
0
0
0
0.111457
0.08503
0
0
0
0
0
0
0
0
0.152107
0.140427
0
0
0
0
0
0
0
0.171343
0.18225
0
0
0
0
0
0
0.228207
0.19104
0.00014
0
0
0
0
0
0.16662
0.194923
0.00177
0.00170667
0.00108333
0.000763333
0.000623333
0.00014
0.11469
0.0796267
0.03809
0
0.000686667
0
0.000686667
0.02236
0.0181533
0.01976
0.0216167
0
0
0
0
0.02187
0.0222133
0.0171867
0.0152267
0
0
0
0
0.00649
0.00900667
0
0
0
0
0.000736667
0.000846667
0.000666667
0.00776667
0
0
0
0
0.0203233
0.00785
0
0
0
0
0.019
0.0132233
0
0
0
0.00619333
0.00619333
0
0
0
0
0.000276667
0.00339333
0.00647333
0
0
0
0
0.0157433
0.01215
0
0
0
0
0.02942
0.0209767
0
0
0
0.0271867
0.02882
0.0195067
0
0
0
0.0168133
0.01116
0
0
0
0.00521333
0.00119
0.000876667
0
0
0
0.000453333
0.000443333
0
0
0
0
0.00057
0.000856667
0
0
0
0
0.00536
0.00832333
0
0
0
0.02509
0.02462
0
0
0.0375367
0.03091
0
0
0.0447533
0.0278233
0
0
0.0556067
0.0767933
0
0
0.0704967
0.103127
0
0
0.0640467
0.111953
0
0.00186667
0.00015
0.0316833
0.07662
0.00186667
0.00016
0.00031
0.00347667
0.03099
0.0151467
0.00089
0.0106767
0.00824
0.0181967
0.0150267
0.0150567
0.01303
0.02834
0.03107
0.03935
0.01505
0.0122767
0.0263633
0.03693
0.0266733
0.0254467
0.00121333
0.000363333
0.00193667
0.00805667
0.0115333
0.0103833
0.00672667
0.00530333
0.00253
0.00680333
0.0019
0.00063
0
0.000363333
0.00146667
0.000746667
0.000566667
0.00018
0.0201933
0.0287533
0.0173133
0.00895
0.00863333
0.00574667
0
0
0
0
0
0.00045
0.000613333
0.005
0.00687667
0.0204933
0.0225033
0
0.000336667
0.000336667
0.000636667
0.01389
0.0263133
0.00616667
0.00162667
0.000546667
0
0
0.00715333
0.00785333
0.0110367
0.0055
0.0255767
0.03466
0.0422233
0.03539
0.0413967
0.03662
0.0204667
0.0329567
0.02556
0.0210433
0.0208333
0.00814333
0.00628667
0.000776667
0.00058
0
0
0.000403333
0.000966667
0.0504867
0.0220167
0.00324
0.0155433
0.00477333
0.0158667
0.0104067
0.0116467
0.01807
0.02097
0.0337533
0.0293
0.02954
0.0145733
0.01122
0.00277333
0.00492667
0.01647
0.0391067
0.0294533
0.000646667
0.00293333
0.00086
0.00535333
0.0221267
0.0307833
0.03678
0.04167
0.00154667
0.00164333
0.00154667
0.000513333
0.00785667
0.0100633
0.04885
0.068
0.00214
0.00304
0.0103333
0.02194
0.0149467
0.0209467
0.0810933
0.104837
0.0137133
0.01231
0.0297467
0.02687
0.120873
0.105203
0.09332
0.0643633
0.0624867
0.0326767
0.0246967
0.0277
0.0213533
0.0248433
0.06998
0.0762867
0.119887
0.121613
0.07407
0.07122
0
0
0
0
0
0
0.00165333
0.00277333
0.00993
0
0
0
0
0
8.66667e-05
0.00120667
0.00396333
0.0110333
0.02448
0.0456967
0.07412
0.107363
0
0
0
0
8.66667e-05
0.000226667
0.00298333
0.0118067
0.0262333
0.04628
0.0936633
0.07295
0.134507
0.121977
0.15028
0
0
0
0
0.00014
0.00028
0.00230667
0.0110767
0.0143033
0.03508
0.0421767
0.07409
0.06631
0.153447
0.180283
0
0
0
0
0
0.00014
0.00014
0.00216667
0.00014
0.00539333
0.00202667
0.02129
0.00528333
0.0329467
0.208503
0.181867
0
0
0
0
0
0
0
0
0.162253
0.153653
0
0
0
0
0
0
0.0847967
0.0627
0.0255633
0
0
0
0
0
0
0.02901
0.0238133
0.0294133
0.0361533
0
0
0
0
0
0
0.03383
0.0280133
0.0257267
0.0231333
0
0
0
0
0.00493
0.0101167
0
0
0
0
0.00408333
0.00119333
0.0107267
0.0231067
0
0
0
0
0.03881
0.03262
0
0
0
0
0.0287867
0.03229
0.0159733
0
0
0
0
0.00667
0.000476667
0
0
0
0
0
0.00351667
0.00311667
0
0
0
0
0.01101
0.01019
0
0
0
0.0318767
0.0250067
0.04161
0
0
0
0.0347833
0.02268
0.0157267
0
0
0
0
0.00271333
0.00943
0
0
0
0
0.000633333
0.00042
0
0
0
0
0.00137333
0.00075
0
0
0
0
0.00526
0.00136333
0
0
0
0.00886667
0.00771667
0
0
0
0.00994333
0.0155067
0
0
0
0
0.0477133
0.0226333
0
0
0
0
0.0677167
0.121177
0
0
0
0
0.17454
0.19596
0
0
0
0
0.22671
0.276937
0
0
0
0
0.23627
0.318397
0.00015
0.00015
0.00015
0.15696
0.268703
0.00315667
0.00632333
0.00636667
0.11417
0.136523
0.0138533
0.0140467
0.0121167
0.0375267
0.0756933
0.0142867
0.02884
0.00718
0.0135067
0.0113133
0.03875
0.0257167
0.00692333
0.0109067
0.00139333
0
0.00053
0.00287667
0.00396333
0.00555667
0.001
0.00018
0.0148433
0.0279633
0.01111
0.00244
0.0017
0.00053
0.00018
0
0
0
0.0367167
0.0365067
0.0335733
0.02273
0.0285433
0.02281
0
0
0
0
0.00045
0
0.00520667
0.00959333
0.01751
0.0265333
0.0003
0.0003
0.0006
0.0003
0.0203667
0.0219533
0.00705667
0.00528
0.00074
0.000546667
0
0
0.00163667
0.00103333
0.00207
0.000733333
0.00493667
0.000403333
0.00543667
0.02054
0.0221333
0.0347333
0.00351
0.00348
0.00174
0.00100667
0.00123667
0.00394667
0.0012
0.0109
0.0108
0.00828667
0.01371
0.00713333
0.00853333
0.00281333
0.00263333
0.000196667
0.000196667
0
0
0
0.000403333
0.00653
0.00812
0.00115667
0.03202
0.03241
0.0174967
0.01901
0.01606
0.0135067
0.0139633
0.00616333
0.0244267
0.0154
0.0657367
0.06665
0.03897
0.0357333
0.0171733
0.0532833
0.0268167
0.0835467
0.0879367
0.06215
0.04152
0.03554
0.0439833
0.0520833
0.10812
0.11948
0.0464733
0.06018
0.0418967
0.0597533
0.13095
0.147723
0.09664
0.0697033
0.0787967
0.07385
0.18754
0.17556
0.188367
0.17564
0.229247
0.177257
0.142323
0.24813
0.285883
0.227847
0.284723
0.10142
0.0919267
0.12788
0.0379467
0.0618167
0.0900433
0.120013
0.147163
0
0
0
0
0
0.00191667
0
0.0272233
0.00621667
0.0757733
0.0368233
0.08647
0.12789
0.116343
0
0
0
0
0
0
0
0
0
0
0.04354
0.0660433
0.03466
0.0430967
0.0150933
0.0196567
0
0
0
0
0.0257033
0.0368067
0.0433533
0.0422967
0
0
0
0
0.0344533
0.0341267
0.0281233
0.0252333
0.01254
0
0
0
0
0.00128667
0.00525333
0
0
0
0
0
0
0.00563667
0.00385333
0.0182467
0.0173667
0
0
0
0
0.0207333
0.0284167
0
0
0
0
0.0159667
0.0276233
0.0114133
0
0
0
0
0.00211
0.000476667
0
0
0
0
0.000396667
0.00064
0.0004
0
0.00073
0
0.00112667
0.00718
0.00457667
0
0
0
0.00073
0.0235
0.0204833
0.0341667
0
0
0
0.000463333
0.0253833
0.0207233
0.00728667
0
0
0.000463333
0.000586667
0.00252667
0
0
0
0.00485333
0.000986667
0
0
0
0
0.01828
0.00512333
0
0
0
0.0232433
0.0184267
0
0
0
0.0112267
0.0148933
0
0
0
0
0.0118933
0.0150967
0
0
0
0
0.06232
0.03683
0
0
0
0
0.137153
0.176007
0
0
0
0
0.291603
0.270127
0
0
0
0
0.40807
0.401317
0
0
0
0
0.43059
0.470037
0
0
0
0
0.317577
0.397337
0.00336
0
0.00336
0
0.228187
0.16768
0.00443667
0.00107667
0
0
0.06059
0.09622
0.00165
0
0.000573333
0
0.0178333
0.0132933
0.0412867
0.000573333
0
0
0
0.00053
0.00161667
0.00281
0.00568667
0
0
0
0
0
0.03749
0.04363
0.03116
0.0179
0.0103167
0.00278667
0
0
0
0
0.0300533
0.01665
0.029
0.03231
0.03276
0.0398367
0
0
0
0.000203333
0
0.000203333
0
0
0
0.000533333
0.00529
0.00624667
0.01408
0
0
0
0.00239667
0
0.00239667
0.00859333
0.00672
0.00246667
0.00251667
0.000193333
0.000193333
0
0
0
0
0
0
0
0
0
0
0
0.000903333
0.00135333
0.00748
0
0
0
0
0
0
0.00551667
0.000656667
0.000223333
0
0.00355
0.00355
0.00384667
0.000296667
0.00133333
0.00103667
0.00141333
0.000376667
0.000376667
0
0
0
0
0
0.00015
0
0.00031
0.00031
0.00031
0
0.04774
0.0710033
0.0347
0.0208833
0.00976333
0.0105467
0.00067
0.0012
0.00147667
0.00099
0.000796667
0.0903033
0.0982433
0.0228033
0.0163367
0.0088
0.0244633
0.00876667
0.0924
0.0806533
0.0700133
0.0500633
0.0610367
0.0706
0.0660733
0.11349
0.10716
0.0873167
0.07522
0.07409
0.0611067
0.142583
0.191877
0.07651
0.0783067
0.232157
0.32333
0.151997
0.10846
0.0775233
0.07096
0.335607
0.436553
0.37336
0.46044
0.405953
0.396773
0.285193
0.225657
0
0
0
0
0
0
0
0
0
0.00448
0.00018
0.0159967
0.00466
0.0120167
0
0
0
0
0
0
0
0
0.0005
0.00295667
0.00032
0.00699333
0.00329333
0.01916
0.02056
0.03365
0
0
0
0
0
0
0.0196367
0.0214967
0.00874667
0.0157
0.00952
0.00925
0
0
0
0
0.00150667
0.00083
0
0
0
0
0.000103333
0.00234333
0.00224
0.00465333
0
0
0
0
0
0
0.00335333
0.00838333
0
0
0
0
0
0
0.00663
0.00732333
0.00229333
0.000433333
0.000433333
0.00102333
0.00059
0.00059
0
0
0.00163333
0
0.00083
0.00537333
0.0111367
0.00556667
0.00659333
0
0.00024
0.00866667
0.0268
0.01248
0.0252633
0.00033
0.00333333
0.0061
0.00119333
0.0136533
0.00873333
0.0279067
0.0102033
0.0129633
0.000926667
0.00657667
0.0117633
0.0248167
0.00549333
0.0119567
0.00548333
0.000463333
0.00791
0.00611333
0.0214267
0.000723333
0.000586667
0
0
0.00226
0.00226
0.00078
0.00464667
0.00664
0
0
0
0
0.0302367
0.0187933
0
0
0
0
0.0399333
0.0327933
0
0
0
0
0.02117
0.0130467
0
0
0
0
0.0114033
0.0122867
0
0
0
0
0.0469833
0.0280333
0
0
0
0
0.157903
0.12578
0
0
0
0
0.32364
0.25498
0
0
0
0
0.446357
0.390157
0
0
0
0
0.460563
0.443637
0
0
0
0
0.283827
0.38628
0
0
0
0
0.18891
0.0965633
0
0
0
0
0.0397033
0.0136967
0
0
0
0
0.0110633
0.00345667
0
0
0
0
0.00108667
0.00164333
0
0.00281
0
0.000103333
0.000103333
0.00255333
0.0334767
0.0231567
0.0231467
0.02697
0.0130967
0.00970333
0.000103333
0.00275667
0.000306667
0.00275333
0.00915
0.00224667
0.0120367
0.0184833
0.0152667
0.0262333
0.000303333
0.0184267
0.00249667
0.02029
0
0
0
0
0
0.000533333
0.000956667
0.00191333
0.00436
0.00196333
0.00196333
0
0
0.00045
0.00045
0.000593333
0.000143333
0.000143333
0.000143333
0
0
0
0
0
0
0
0
0
0
0
0
0
0
0
0
0
0
0.0209933
0.00805
0.00356667
0.0006
0.000223333
0
0
0
0
0
0
0
0
0
0
0
0
0
0
0
0
0.0912867
0.0717233
0.0500733
0.0363133
0.000803333
0.000643333
0.000316667
0.000186667
0.000513333
0.000186667
0.0985067
0.08953
0.0214767
0.02665
0.0141933
0.0135867
0.07752
0.0690367
0.0408567
0.045
0.0599667
0.0414767
0.0524233
0.0676433
0.05998
0.0808767
0.103617
0.05874
0.108367
0.06815
0.0575567
0.23895
0.156343
0.20836
0.0692967
0.0560833
0.06027
0.365657
0.418887
0.08942
0.0470667
0.0595433
0.461507
0.476707
0.488603
0.43528
0.344957
0.227007
0.200097
0.107397
0
0
0
0
0
0
0
0
0
0.00018
0
0.00036
0.00018
0.00018
0
0
0
0
0
0
0
0
0
0
0
0.000656667
0
0.00575667
0.000656667
0.00589
0.00100667
0.00200333
0
0
0
0
0
0
0
0
0.00491667
0.00376333
0.00668667
0.00276667
0
0
0
0
0.00215333
0.000166667
0.000166667
0
0
0
0
0
0
0.00094
0.0016
0
0
0
0
0.00132
0.00226
0.00066
0
0
0
0
0
0
0.00600333
0
0
0
0
0
0
0.03402
0.01383
0.0193033
0.00053
0.00018
9e-05
0.00318667
0.0338833
0.0347
0.0415333
0.0217133
0.00334
0.00349333
0.0326833
0.0349167
0.0292833
0.0167367
0.000976667
0.00122333
0.00098
0.02033
0.0134067
0.0259533
0.00982333
0
0.00049
0.00681333
0.00455333
0.00552333
0.00097
0.000426667
0.000426667
0.00277333
0
0
0
0
0.00849667
0.0210767
0
0
0
0
0.0279867
0.0322933
0
0
0
0
0.0202367
0.0263433
0
0
0
0
0.00722
0.00727
0
0
0
0
0.00753667
0.0257867
0
0
0
0
0.0775533
0.0243567
0
0
0
0
0.1888
0.0760533
0
0
0
0
0.305913
0.173217
0
0
0
0
0.33603
0.254507
0
0
0
0.000373333
0.250503
0.13453
0
0.000373333
0
0.000373333
0.0116867
0.0755067
0
0
0
0
0.00129333
0.00673667
0
0
0
0.00368
0
0.000646667
0
0.00645
0.00277
0.03432
0.000946667
0.000556667
0
0
0.00522
0.03548
0.01006
0.06938
0.00453667
0.00856
0.00518667
0.00536333
0.00910667
0.00542667
0.00739
0.05744
0.02087
0.0554733
0.000423333
0.00129
0.000866667
0.00108
0.00492333
0.00816667
0.0207667
0.00483667
0
0
0
0
0
0
0
0
0
0.000423333
0.00196333
0.000286667
0.000286667
0.000603333
0
0
0
0
0
0
0
0
0.000316667
0.00043
0.000316667
0.000113333
0.000113333
0.00099
0.000383333
0.00703667
0.00439667
0.0195967
0
0
0
0
0
0
0
0
0
0
0
0
0
0
0
0.000443333
0.000826667
0.00150333
0.00446667
0.0145533
0.0351933
0.0324967
0.02939
0.0449533
0.01919
0.00655333
0.00365
0.00349667
0.00053
0.000376667
0
0
0
0
0
0
0.000146667
0.00059
0.00631
0.00684
0.0238133
0.0285633
0.0657367
0.06694
0.00036
0.00032
0.000843333
0.00901
0.00639
0.0296133
0.0442633
0.0763933
0.0848167
0.0136933
0.000936667
0.00061
0.000346667
0.00036
0.00346333
0.00311333
0.00605667
0.0507533
0.0361633
0.0643233
0.0492967
0.02363
0.0122367
0.00167
0.00197333
0.000293333
0.0478033
0.0382667
0.13554
0.0821967
0.0840133
0.0133033
0.0360267
0.00316
0.0305733
0.04093
0.25192
0.17435
0.246097
0.20547
0.204373
0.0253067
0.03743
0.0296933
0.03932
0.33574
0.344047
0.4351
0.26492
0.37431
0.08962
0.169387
0.02098
0.05454
0.0314833
0
0
0
0
0
0
0
0
0
0
0
0
0
0
0
0
0
0
0
0
0
0
0
0
0
0
0
0.00025
0.00025
0.00218667
0.00222
0.00589
0
0
0
0
0
0
0
0
0.01695
0.0104633
0.0197533
0.00692667
0
0
0
0
0
0
0.00799667
0.000333333
0.00339
0.000166667
0
0
0
0
0.000166667
0.00066
0
0.00066
0
0
0
0
0
0
0
0
0
0
0
0
0
0
0
0.00053
0
0
0
0
0
0
9e-05
0.00879667
0.000913333
0.000383333
0
0
0
9e-05
0.000333333
0.00923667
0.00135333
0
0.000383333
0
0.000243333
0.000733333
0.00049
0.00049
0.00194
0.00097
0
0
0
0
0
0.00097
0
0
0
0
0
0
0
0
0
0
0.00101667
0.00716667
0
0
0
0
0.0130467
0.0203033
0
0
0
0
0.02591
0.0245367
0
0
0
0
0.00999667
0.0212067
0
0
0
0
0.0059
0.00339
0
0
0
0
0.00643
0.00371333
0
0
0
0
0.0104167
0.0268433
0
0
0
0.00167
0.0702667
0.03664
0
0.00104667
0.00271667
0.00929667
0.116947
0.0654033
0.00142
0.00592667
0.0121333
0.02722
0.0185867
0.0824967
0.00488
0.0248267
0.00869333
0.02575
0.0068
0.00120333
0.00418667
0.00671667
0.0121467
0.0226967
0.000646667
0
0.00621
0.03082
0.0197633
0.0716933
0
0
0
0.0451033
0.0848267
0.127083
0.00039
0.00039
0
0
0.12035
0.137873
0.000426667
0.00064
0.00064
0.000426667
0.00095
0.00112667
0.09757
0.05505
0
0
0
0
0
0
0
0.000213333
0.0213967
0.00589
0.00025
0.0004
0.00025
0.0003
0.00015
0.00015
0.00015
0
0
0
0
0
0.00578333
0.00305333
0.00694667
0.00449667
0
0
0
0
0
0
0.00463667
0.000856667
0.000653333
0.000226667
0.000113333
0.000606667
0.000833333
0.00385667
0.0188667
0.00592667
0.00622667
0.0189
0.00117667
0.00408
0.000306667
0.000836667
0
0.000153333
0
0
0
0
0
0
0
0
0
0
0
0
0
0.0178033
0.00281333
0.00546
0.0131067
0.0228567
0.02791
0.00666333
0.00769333
0.01288
0.0156467
0.0209467
0.02346
0.0723267
0.0531067
0.0115967
0.01455
0.0148033
0
0
0
0
0
0
0
0
0
0
0
0
0
0
0
0
0
0
0
0
0
0
0
0
0
0
0
0
0
0
0
0.0008
0.00055
0.00494667
0.00636667
0.0173933
0
0
0
0
0
0
0
0
0
0
0.00803
0.0290067
0.0210633
0.0282367
0.0370467
0.0200167
0
0
0
0
0
0
0
0
0.0172
0.00332667
0.00511667
0.00027
0
0
0
0
0
0
0.000103333
0
0
0
0
0
0
0
0
0
0
0
0
0
0
0
0
0
0
0
0
0
0
0
0
0
0
0
0
0
0
0
0
0
0
0
0
0
0
0
0
0
0
0
0
0
0
0
0
0
0
0
0
0
0
0.000606667
0.00162333
0
0
0
0
0
0.00712667
0.0124
0
0
0
0
0
0.0241133
0.0303667
0
0
0
0
0.0294367
0.0372233
0
0
0
0
0.0208867
0.00856
0
0
0
0
0.00144333
0.00378
0
0.000993333
0.000993333
0.000993333
0.00222667
0.00848333
0.00266333
0.00896667
0.00729667
0.01524
0.02008
0.00835
0.0145533
0.0301133
0.03247
0.04707
0.0258833
0.0141867
0.0399433
0.05445
0.05922
0.0632567
0.00119667
0.0135167
0.04265
0.0477833
0.0431167
0.000556667
0.00067
0.0365867
0.04727
0
0
0.0742533
0.0756367
0.09019
0.0926733
0
0
0
0
0.146457
0.119443
0.136013
0.10919
0
0
0
0
0.148447
0.126943
0
0.000213333
0.000213333
0.000213333
0.000426667
0.000213333
0.10963
0.09083
0.000233333
0
0
0
0
0
0
0
0
0
0.0813833
0.05447
0
0.00025
0.00076
0.0042
0.00384
0.00927
0.00598
0.00606333
0.000383333
0.000233333
0.05678
0.0236
0.0248167
0.0108933
0.01057
0.00840333
0.00840333
0.00299
0.00290333
0.00092
0.00348333
0.000266667
0.00076
0
0.000153333
0
0
0
0
0
0
0
0
0
0
0
0
0
0
0
0
0
0
0
0.02429
0.0204833
0.0189833
0.00293333
0.00250667
0.00035
0.00035
0.000566667
0.000216667
0.00036
0.000143333
0.000143333
0
0
0
0
0
0
0
0
0.00055
0.00122
0.00455333
0
0
0
0
0
0.00112
0.00035
0.00465667
0.00521
0.00681667
0.0107633
0.00332
0.00977667
0
0.00317667
0
0
0
0
0
0
0.00079
0.00012
0.00412333
0.00091
0.00668
0.0201433
0.0289967
0.0199767
0.0187067
0
0
0
0
0
0
0
0.000683333
0.000683333
0.00145333
0.00363
0.00838667
0.00410667
0.00665
0.00529
0.00208667
0.00206
0.000103333
0
0
0
0
0
0
0
0
0.00013
0
0
0
0
0
0
0
0
0
0
0
0
0
0
0
0
0
0
0
0
0
0
0
0
0
0
0
0
0
0
0
0
0
0
0
0
0
0
0
0
0
0.0003
0.000196667
0.000496667
0.000196667
0
0
0
0
0
0.00535
0.00052
0.00567333
0.00052
0
0
0
0
0
0.00260667
0.00269333
0
0
0
0
0
0.01739
0.0147567
0.01083
0
0
0
0
0.000213333
0.0229933
0.0233533
0.0226467
0.0306567
0
0
0.000213333
0
0.000426667
0.03118
0.0377067
0.03789
0
0.00012
0.000333333
0.00332333
0.0257267
0.0326067
0.02161
0.00012
0.00012
0.00311
0.0156267
0.0138967
0.00673667
0.00903667
0
0.000956667
0.0135933
0.0146167
0.000326667
0.00107
0.00152
0.01145
0.00989333
0.00353667
0.00302667
0.00270333
0.00168
0.00225333
0.0313967
0.03626
0.00468667
0.00693
0.00135667
0.00156
0.05597
0.0503533
0.000706667
0.00466
0.000936667
0.0538
0.0526667
0.00143667
0.00041
0.000113333
0.0469567
0.0486467
0.00201333
0.00114
0
0
0.0388733
0.0429367
0.04925
0.0515433
0.0926233
0.06337
0.107367
0.00174667
0.000873333
0.0536633
0.0593067
0.0958833
0.0670467
0.137977
0.111017
0.123883
0
0
0
0
0.000873333
0.000873333
0.07355
0.0950933
0.111783
0.00068
0.000373333
0.000373333
0
0
0
0
0
0.0977233
0.0971
0.0126733
0.0180433
0.0148
0.00765
0.0125967
0.000966667
0.00123333
0.000806667
0.000306667
0.000306667
0.108843
0.111927
0.00257
0.000426667
0.00074
0
0.000113333
0
0
0
0
0
0
0
0
0
0
0
0
0
0
0
0
0
0
0
0
0
0.000796667
0.00435
0.00406333
0.00750333
0.119787
0.0983
0.0783267
0.0383367
0.0586667
0.04611
0.0366833
0.02423
0.0322167
0.0187467
0.0313167
0.0250833
0.01012
0.00225667
0.00851
0.0119167
0.02496
0.02436
0.0234467
0.01281
0.00742333
0.00424667
0.00118333
0.000113333
0.000113333
0
0
0
0.000333333
0.000453333
0.00107
0.000856667
0.00120333
0.00087
0.000263333
0.000946667
0.00455333
0.0113467
0.02411
0.0343167
0.0423333
0.0320633
0.02324
0.00923667
0.00737667
0.00154333
0.0025
0.000113333
0.000226667
0
0
0.000803333
0.00047
0.00529
0.00514333
0.00800667
0.01188
0.00160333
0.00824333
0.00113667
0.00088
0.000726667
0.00013
0.00013
0
0.000263333
0.00049
0.00409667
0.00447333
0.0174033
0.0176933
0.0352733
0.0235167
0.0246533
0.0264167
0.00718333
0.0104567
0.00230667
0.000853333
0
0
0
0
0
0
0
0
0
0
0
0
0.000226667
0.000226667
0.00142333
0.000783333
0.00451333
0
0
0
0
0
0
0
0
0
0
0
0
0
0
0
0.000233333
0.000233333
0.000443333
0.00021
0.00021
0
0
0
0
0
0
0
0.00705667
0.00733667
0.000723333
0.000813333
0
0
0
0
0
0
0
0.01487
0.01018
0.0176233
0.00978
0.01895
0.0146333
0
0
0
0
0
0
0
0.0404767
0.01217
0.03769
0.00910333
0.000266667
0.000266667
0.000266667
0.000126667
0
0.000126667
0.0301167
0.02455
0.00048
0.00392
0.00356667
0.00370667
0.000253333
0.0400933
0.0303367
0.00341667
0.00664333
0.0219933
0.01913
0.0178267
0.0221233
0.0266367
0.0263067
0.00619333
0.0271933
0.0624033
0.0397667
0.0433267
0.0301433
0.0291033
0.02742
0.0556733
0.03684
0.0686633
0.0280667
0.0365933
0.0139333
0.0349267
0.0557267
0.0127133
0.0261767
0.00818667
0.00248333
0.0045
0.02421
0.0101267
0.00723333
0.00411667
0.02305
0.0172767
0.0127567
0.0118067
0.01376
0.0152667
0.01315
0.0266667
0.02651
0.0379333
0.0364167
0.02986
0.0193467
0.0134933
0.0264633
0.0337
0.0252267
0.0265367
0.01794
0.0237233
0.02523
0.0431933
0.0345667
0.0467167
0.0194
0.03284
0.0105667
0.01604
0.0295167
0.03686
0.0437133
0.0304633
0.03524
0.0362933
0.0275433
0.0426067
0.0157833
0.0245833
0.0163267
0.0111433
0.00982333
0.0135167
0.0270767
0.03002
0.03515
0
0.00033
0
0.00120333
0.00174667
0.00262
0.00664333
0.0182833
0.0281
0.00512667
0.00246333
0.00237667
8.66667e-05
8.66667e-05
0
0.01542
0.0451233
0
0
0
0
0.0271333
0.00618333
0.0123667
0.00130667
0.00173333
0.00129
0.00111333
0.00135667
0.0038
0.00312333
0.0373833
0.06844
0.00545
0.0007
0.00101333
0
0
0
0
0
0
0
0
0
0
0
0
0
0
0
0
0
0
0
0
0.000536667
0
0.00603
0.00133333
0.0227633
0.00904667
0.0237467
0.0356933
0.0278633
0.0565833
0.111483
0.08413
0.111057
0.0272633
0.0299633
0.02866
0.04528
0.0381033
0.0217333
0.03226
0.00669333
0.116277
0.08603
0.0781567
0.0471467
0.04763
0.0367267
0.00099
0.000113333
0
0
0.00103
0.0015
0.00584
0.00915
0.0228933
0.0254767
0.0290733
0.0157133
0.0101333
0.00219667
0.00430333
0.0105
0.00789667
0.0120567
0.00573
0.00589333
0.00130333
0.000876667
0
0
0.000563333
0.00159333
0.00651
0.0102867
0.0237333
0.03303
0.04406
0.03752
0.0286667
0.01464
0.00737667
0.00201667
0.000673333
0
0
0
0
0.000556667
0.000556667
0.000986667
0.00043
0.00114333
0.000713333
0.00114
0.000426667
0.000426667
0
0
0
0.000563333
0.000563333
0.00579333
0.000876667
0.0227033
0.00854
0.0331167
0.0210567
0.0253
0.02321
0.00655667
0.0104533
0.000673333
0.00119667
0.00052
0.00052
0.00052
0.00157667
0.00105667
0.00105667
0
0
0
0
0
0
0
0
0
0
0
0
0
0
0
0
0
0.00104
0.00263333
0.00209667
0.00667333
0.00773
0.00687
0.00125333
0.00148667
0.00530667
0.0106667
0
0
0
0
0
0
0
0
0
0
0
0
0
0.00912333
0.0125767
0.01101
0.0260167
0.0251267
0.02905
0
0
0
0
0
0
0
0
0
0
0.0302267
0.03856
0.0388467
0.0376667
0.0444233
0.06002
0.0487467
0.06542
0.000126667
0
0
0
0
0
0
0
0
0
0.08075
0.0865933
0.09065
0.0724633
0.0485033
0.00239
0.00226333
0.00230667
0.00017
0.00017
0
0
0
0
0
0.06916
0.0507667
0.0044
0.00985
0.00788333
0.00599667
0.00042
0.00025
0
0
0
0.0266633
0.0410367
0.0366133
0.0248367
0.0165633
0.0112633
0.0214233
0.000436667
0.00587333
0.000186667
0.0210833
0.0189567
0.0309567
0.0906867
0.0856833
0.0964233
0.06792
0.0973033
0.0527033
0.0253867
0.0166567
0.03568
0.0423567
0.0143667
0.0295867
0.03833
0.05142
0.0503167
0.0560533
0.0532733
0.07503
0.07024
0.0755867
0.0318167
0.02269
0.04119
0.0335367
0
0
0
0
0
0.000206667
0.00162
0.00303333
0.00961333
0.0131333
0.0283533
0.0262467
0.04057
0.0278667
0.0452033
0.0444533
0.0206567
0.0213433
0.0234767
0.0158467
0.0139833
0
0
0
0
0
0
0.00037
0.00037
0.00100333
0.00084
0.00384667
0.00225333
0.0105967
0.00814667
0.0158733
0.0134767
0.01393
0.01133
0.00919667
0.01516
0.0242967
0.0226667
0.0233833
0
0
0
0
0.000826667
0.000826667
0.00586667
0.00119667
0.0112833
0.00567333
0.00841333
0.00795333
0.0110967
0.0156967
0.0250667
0.0349
0.0348467
0
0.000363333
0.000363333
0.00853
0.00119
0.0128367
0.00268333
0.00654667
0.0111467
0.0171533
0.0269867
0.0353633
0.03829
0.000726667
0.00170333
0.00868
0.0121633
0.00286667
0.00575667
0.00108
0.000196667
0.0064
0.00653333
0.0211133
0.00134
0.0021
0
0
0
0
0
0
0
0
0
0
0
0
0.01803
0.0317267
0.0181333
0.0231567
0.02051
0.0125567
0.00623667
0.00386
8.66667e-05
0
0.00112333
0.00197333
0.00039
0
0
0
0
0
0
0
0
0
0
0
0
0
0
0
0
0
0
0
0.0254
0.00595
0.0104
0.00446333
0.00130667
0.00474333
0.00176333
0.00521667
0.00718667
0.00888667
0.00085
0.000976667
0.00278333
0.0238467
0.00190667
0.00968333
0.00109
0.0007
0
0
0
0
0
0
0
0
0
0
0
0
0
0
0
0
0.00140667
0.000536667
0.0128833
0.00610333
0.0364467
0.0265267
0.0456167
0.04463
0.03595
0.0109633
0.00606667
0.03111
0.0278533
0.0378533
0.01973
0.03458
0.0279133
0.0437067
0.0438067
0.0383833
0.0279567
0.0133033
0.0621433
0.08338
0.06182
0.03947
0.0666133
0.0188533
0.0278767
0.0203833
0
0.000313333
0.00045
0.00376
0.00671667
0.00985
0.00681333
0.00811333
0.00525667
0.00550667
0.000936667
0.000523333
9.66667e-05
0.000616667
0
0
0
0
0
0.000136667
0.000136667
0.00340667
0.00327
0.00354333
0.000686667
0.0011
0.000826667
0.000413333
9.66667e-05
0.000193333
0.00286
0.00328333
0.0137433
0.0121333
0.02753
0.02259
0.0377533
0.02409
0
0
0
0
0
0
0
0
0
0
0
0
0
0.000413333
0.000413333
0.000413333
0
9.66667e-05
0.00133333
0.004
0.00783333
0.0171533
0.0298433
0.04183
0.0471233
0.0479867
0.0386
0.0250033
0.01087
0.0118433
0.0112233
0.0171667
0
0
0
0
0
0
0
0
0
0
0
0
0
0
0
0
0
0
0
0.00123667
0
0.00786
0.00393
0.00949
0.0221533
0.0340733
0.02304
0.0267033
0.0123867
0.01015
0.00429333
0.00439333
0.00344667
0.0108033
0.0252933
0.0402767
0.0482067
0.05264
0.05655
0.0706867
0
0
0
0
0
0
0
0
0
0
0
0
0
0
0
0
0
0
0.00842667
0.00736
0.00590333
0.00480667
0.00617
0.00252
0.000986667
0.00181333
0.00674667
0.02287
0.03338
0.0437333
0.0476433
0.0560267
0.0624967
0.07256
0.0683767
0.0764033
0.0576467
0.0645333
0
0
0
0
0
0
0
0
0
0
0
0
0
0
0
0
0.000483333
0.000313333
0.000313333
0.00115667
0.00676333
0.0184133
0.02197
0.0408467
0.0380067
0.0512733
0.0377667
0.0448067
0.02561
0.0304233
0.0278433
0.0473467
0.0422433
0.000583333
0.000396667
0.000646667
0.00025
0.000716667
0.000466667
0.000713333
0.000246667
0.000396667
0.00015
0.00015
0
0
0
0
0.00194333
0.00624
0.0146167
0.02227
0.0196333
0.0218633
0.0160367
0.0127433
0.00782667
0.0181133
0.0178733
0.0225
0.0135867
0.000336667
0.000336667
0.000336667
0
0
0
0
0
0
0.00682333
0.000656667
0.0303733
0.0155
0.03468
0.0415333
0.04248
0.0517233
0.0737467
0.0714033
0.0829967
0.0909933
0.115093
0.124263
0.117213
0.12661
0.0702533
0.107473
0.02591
0.0468733
0.0167333
0.00685667
0.00181667
0.00634
0.00535667
0.00849
0.00424667
0.00795333
0.00467
0.00784333
0.00403667
0.00603
0.00239
0.00240333
0.000163333
0.000163333
0
0.00946667
0.0213733
0.0235167
0.0222033
0.0290467
0.0179633
0.0162533
0.00587667
0.00558
0.00866333
0.00960667
0.00137
0.00137
0.000913333
0.000456667
0
0
0
0
0
0
0
0.00141333
0
0.00758
0.0151933
0.0133633
0.01255
0.0149667
0.0188567
0.02537
0.02814
0.0351233
0.02088
0.0191633
0.02172
0.0086
0.00652333
0.000326667
0.000163333
0.0318133
0.0228267
0.0394333
0.0327267
0.02063
0.00857333
0.0039
0.00515333
0.00777667
0.01213
0.000456667
0.000456667
0.000913333
0.000456667
0.000913333
0
0.000456667
0
0.0459567
0.0494833
0.0338367
0.0289533
0.01476
0.00959667
0.000163333
0.00119667
0
0.02552
0.0252
0.0254267
0.02113
0.0163733
0.0241467
0.0176
0.0188033
0.01071
0.0107967
0
0
0
0
0
0
0.0259633
0.03927
0.0277667
0.01456
0.0105833
0.00227333
0.00112333
9e-05
0
0
0.00970333
0.0138133
0.0171133
0.0178033
0.0295933
0.0361467
0.0319033
0.0268133
0.0138
0.0128867
0
0
0
0
0
0.00629667
0.01234
0.00671333
0.00170333
0.00124
9e-05
9e-05
0
0
0
0.000206667
0.00671667
0.00790667
0.0118533
0.01434
0.0181733
0.02819
0.02702
0.0298867
0.0158633
0.0118767
0
0
0.00128667
0.00184
0.00110667
0.000553333
0
0
0
0
0
0
0
0.000206667
0
0.000206667
0.00814333
0.01188
0.0251067
0.02389
0.02542
0.0172167
0.01359
0.0133767
0.00845667
0.00807667
0
0.000363333
0
0.000553333
0.000553333
0.000553333
0
0
0
0
0
0
0
0
0
0
0
0
0
0
0
0
0.000863333
0.000143333
0.00100667
0.00386
0.00346667
0.0106867
0.0237433
0.0344267
0.0419733
0.0341833
0.0265833
0.0141933
0.000363333
0.000363333
0.000363333
0.000973333
0
0.0007
0
0
0
0
0
0
0
0
0
0
0
0
0.000523333
0.000333333
0.00436
0.00413
0.00539
0.00899667
0.00569
0.01064
0.00595667
0.00559333
0.00396667
0.00748
0.0205733
0
0
0.000206667
0.000423333
0.0032
0.00324333
0.00449333
0.00704
0.00492
0.00546333
0.00151667
0.00120667
0.00039
0
0
0.00087
0.00120333
0.00852
0.0112567
0.02554
0.02305
0.0349433
0.0252767
0.000206667
0.000253333
0.000333333
0.00484
0.00438667
0.0100633
0.0129933
0.00822333
0.01513
0.0124267
0.0178967
0.00816667
0.0188667
0.000613333
0.00842667
0.000753333
0.00688
0.00926333
0.0224367
0.0202567
0.0323
0.0196267
0.0248033
0.0274
0.0401267
0.0370633
0.03148
0.0135433
0.01251
0.0133433
0
0
0
0
0
0.00269333
0.00269333
0.00556
0
0
0
0
0
0
0
0
0
0
0
0.00286667
0.00286667
0.00303667
0.00017
0.00017
0.0168567
0.00583667
0.0055
0
0
0
0
0
0
0.000656667
0.000656667
0.00933333
0.00867667
0.0102633
0
0
0
0
0
0
0
0.00062
0.00062
0.00062
0
0
0
0
0
0
0
0.000643333
0.000643333
0.000903333
0.00026
0.000353333
0.00088
0.00268333
0.00955333
0.0197367
0.0187367
0.0291333
0.0114767
0.0224967
0.0113567
0.0207367
0.0261933
0.04938
0.05304
0.0562567
0.0826167
0.108277
0.125823
0.129097
0.136933
0.134183
0.116817
0
0
0
0
0
0
0.00129667
0.00191667
0.0068
0.00550333
0.00726333
0.00238
0.00258
0.0002
0.000813333
0.000613333
0.00208
0.00211
0.00764333
0.00643667
0.00844333
0.00300333
0.00309333
0.00123
0.00198333
0.00601667
0.00103
0.000546667
0.000936667
0.00122
0.00161667
0.00827333
0.00848667
0.00817333
0.0943067
0.0428167
0.0578733
0.0203133
0
0
0
0
0
0.0014
0.00269667
0.00806
0.0115433
0.02407
0.0210867
0.0185833
0.00496
0.00464
0.00287333
0.00410667
0.00351333
0.00843333
0.0125333
0.0251967
0.0223133
0.0194267
0.00564667
0.00796
0.00616
0.0101933
0.00961333
0.0145167
0.000756667
0
0.000273333
0.000556667
0.00083
0.00101333
0.01394
0.0210433
0.0247733
0.0276033
0.0392533
0.04368
0.05527
0
0
0.000723333
0.00212333
0.00316333
0.00780333
0.0133867
0.02617
0.0365567
0.0319533
0.0247533
0.0110633
0.0151933
0.0100033
0.02655
0.0255733
0.0421633
0.0376867
0.0462833
0.0309067
0.02174
0.0125733
0.0111867
0.0106067
0.0113933
0.0158833
0.01758
0
0
0
0.02042
0.0174867
0.03915
0.0327833
0.0444767
0.0320033
0.000723333
0.00176333
0.00280333
0.0026
0.00854333
0.0144367
0.0296667
0.0287933
0.0284833
0.0193567
0.0197567
0.0296167
0.0416
0.0552367
0.0567767
0.05675
0.0507333
0.03871
0.0250933
0.0121433
0.00740333
0.00244
0.00701
0.00592333
0.0120033
0.00791667
0
0
0.00775333
0.00733333
0.0144733
0.00857
0.0144067
0.00805
0.00124667
0.00176667
0.00122667
0.00795333
0.00773
0.01334
0.0071
0.0134267
0.00996667
0.0257567
0.0257167
0.0432133
0.0321767
0.0441733
0.0300267
0.03058
0.0125667
0.00774667
0.00174667
0.00118
0
0.000173333
0.000953333
0.00261667
0
0
0
0
0
0
0.00037
0
0.00113
0.00076
0.00148
0.00072
0.00145333
0.000706667
0.000796667
0.000296667
0.00099
0.000776667
0.00342667
0.00306
0.00956
0.00776
0.01288
0.00690333
0.0120533
0.00660667
0.00656667
0.000566667
0.000566667
0
0
0.000536667
0.00131667
0.00041
0.00041
0.000756667
0
0
0
0
0
0
0
0
0
0
8.33333e-05
0.00041
0.000326667
0.00117667
0.00104
0.00164667
0.00136
0.00117
0.000563333
0
0.000346667
0
0.000346667
0.000356667
0
0.00435
0.00092
0.0098
0.00436667
0.01273
0.00967333
0.00389667
0.00690667
0.000293333
0.000466667
0
0
0
0
0
0
0
0.000106667
0.000106667
0.00038
0.000273333
0.000546667
0.000273333
0.00077
0.00114333
0.000706667
0.00380333
0.00401
0.00405667
0.00195667
0.00137667
0.00257667
0.00137333
0.00155
0.000176667
0.000353333
0.000176667
0.000176667
0.000106667
0.0658233
0.0617
0.00806
0.0181333
0.0336167
0.0610267
0.0501433
0.03898
0.0508167
0.0352867
0.0285267
0.0230067
0.0125333
0.00604667
0.000546667
0
0
0
0
0
0
0
0
0
0.167337
0.09766
0.104703
0.0132133
0.05418
0.00144333
0.00815
0.00279333
0
0.00167333
8.66667e-05
0.0158067
0.0144767
0.04238
0.189993
0.136257
0.03314
0.06658
0.00687333
0.0284167
0.0778533
0.03823
0.0810467
0.114743
0.117737
0.102753
0.09669
0.15109
0.0325133
0.0683733
0.00597333
0.0674
0.0551167
0.08232
0.06665
0.0694167
0.0508433
0.0416833
0.0183467
0.0118267
0.00521667
0
0.0183633
0.0393667
0.0410167
0.05338
0.0363033
0.031
0.0176133
0.01412
0.00400667
0.00557
0.00412667
0
0
0
0
0.00158
0.00203333
0.00124667
0.00491
0.00394
0.0190433
0.02117
0.0260667
0.01124
0.00809
0.00281333
0.00222333
9.66667e-05
0.000436667
0.00071
0
0
0
0.000316667
0.000316667
0.00791333
0.000726667
0.02223
0.00835333
0.0196667
0.0157767
0.00711
0.00632333
0.0141167
0.00728
0.0360167
0.0269367
0.04099
0.04164
0.0209267
0.0335867
0.0078
0.00764
0.00155667
0.00109
0.000886667
0.000476667
0.00565667
0.00527667
0.00596333
0.000686667
0.000686667
0
0
0.00151333
0.00183667
0.00108
0.00167667
0.0013
0.00611667
0.00860333
0.0225867
0.0237667
0.03374
0.02283
0.0233267
0.0102167
0.00737
0.000876667
0.00068
9.66667e-05
9.66667e-05
0
0
0
0
0.07195
0.0646333
0.0615867
0.340103
0.17696
0.161867
0.09489
0.08006
0.0908633
0.0521433
0.0241
0.01027
0.00883
0.00885667
0.02357
0.02606
0.0482733
0.0476
0.0338433
0.0328567
0.0179833
0.00994
0.00345333
0.000546667
0
0
0.49768
0.718033
0.337523
0.00056
0.00138
0.00082
0.00082
0.00082
0
0.0001
0.0001
0.56184
0.38123
0.00194
0.0022
0.00450333
0.00368333
0.00322333
0.00046
0.00046
0.0001
0
8.66667e-05
8.66667e-05
0.000343333
0.000256667
0.000426667
0.432267
0.212753
0.00968333
0.00964
0.0156767
0.01028
0.01232
0.00608333
0.00409
0.00123
0.00125667
0.000386667
0.000686667
0.0003
0.00078
0.00048
0.00048
0.00017
0.00120667
0.0112767
0.02497
0.155643
0.0731133
0.0475067
0.01117
0.00549667
0.000686667
0.00577
0.00525
0.0136867
0.02727
0.0293033
0.03533
0.0237433
0.0223067
0.00889
0.00746667
0.00269333
0.00251
0.00137333
0.00761
0.00740333
0.00728333
0.00066
0.000453333
0.00131
0.00266
0.01625
0.00028
0
0
0
0
0
0
0
0.000343333
0.00066
0.00522333
0.0120667
0.0261967
0.03592
0.04302
0.03322
0.0240933
0.0113267
0.00811667
0.0107367
0.00990333
0.0223633
0.0212067
0.03421
0.0204933
0.0146133
0.00119667
0.0561233
0.765387
0.62137
0.43434
0.305957
0.196627
0.168153
0.0469867
0.0749033
0.102603
0.0274533
0.0143567
0.00471333
0.77878
0.79931
0.00287667
0.00192
0.00951
0.0172933
0.0120533
0.0144033
0.00597333
0.00306667
0.00016
0
0
0.00056
0.79031
0.875923
0.000556667
0.00111333
0.00346333
0.00302667
0.00318667
0.00028
0.00016
0
0
0.00056
0.00112
0.531987
0.747173
0.338453
0.00246667
0.000433333
0.000713333
0
0.00012
0.00024
0.00024
0.00012
0.000343333
0.000343333
0.00120667
0.00142333
0.181623
0.108713
0.05179
0.00770667
0.02272
0.00231333
0.00056
0.00028
0
0.00012
0.00012
0.00012
0
0.000343333
0.87855
0.663233
0.808393
0.358783
0.52903
0.244853
0.163553
0.0980033
0.07741
0.0409967
0.03179
0.00331333
0.91681
0.730917
0.78806
0.487203
0.54393
0.278883
0.1805
0.0995033
0.06756
0.03626
0.00766
0.00223333
0.00099
0.36028
0.20517
0.110433
0.05382
0.02303
0.00817
