0.783983
0.827423
0.775193
0.85267
0.89611
0.457277
0.40262
0.239227
0.192893
0.101853
0.0925033
0.0719133
0.0439133
0.0244233
0.316713
0.304747
0.134187
0.123323
0.06665
0.0915133
0.0795367
0.0692867
0.0418267
0.0249633
0.0119867
0.00822333
0.0102433
0.146367
0.154527
0.0619067
0.0535333
0.0185033
0.0424833
0.0388233
0.0510133
0.02735
0.0284133
0.00979333
0.01023
0.00404667
0.00782333
0.00508
0.0109833
0.0101667
0.08553
0.07327
0.0462933
0.02677
0.00975
0.00985667
0.00830667
0.0132933
0.00721333
0.00908
0.0034
0.00305
0.000413333
0.000973333
0.00056
0.00089
0.00033
0.00370333
0.00805667
0.0145267
0.0241933
0.04412
0.0564033
0.0775467
0.0725467
0.0507067
0.0367133
0.01573
0.00829
0.00398667
0.00389667
0.0101433
0.00847333
0.01336
0.00642
0.00565667
0
0
0
0
0
0
0.00468333
0.00521667
0.0182567
0.0167333
0.0349533
0.0250967
0.0497967
0.05736
0.0334867
0.0318333
0.0118867
0.00977667
0.00689
0.00854
0.0234033
0.0250967
0.0406233
0.0305567
0.0247667
0.00680667
0.00172667
0.000576667
0.000576667
0
0
0
0
0.000533333
0.0007
0.00386
0.00603333
0.00905
0.01321
0.0143267
0.0135067
0.0241233
0.0111433
0.0129433
0.00334333
0.00394
0.00212
0.00718
0.0159867
0.03056
0.0410367
0.0494067
0.03893
0.0243567
0.00697333
0.00230333
0.00115333
0.000576667
0
0
0
0
0.00074
0.000906667
0.00792
0.00988667
0.0255133
0.02582
0.0410767
0.0276467
0.02151
0.00117
0.00135667
0.000186667
0.000373333
0.000763333
0.00191333
0.00738333
0.0163967
0.0221867
0.0322533
0.0250967
0.0234033
0.00784333
0.00598667
0.00074
0.000576667
0
0
0
0
0.000573333
0.00131333
0.00696
0.0134
0.0306067
0.0407533
0.0493567
0.0493733
0.03875
0.0243167
0.0114733
0
0
0
0
0.000576667
0.00115333
0.00681
0.00681
0.0131733
0.00768
0.00953667
0.00259667
0.00259667
0.000163333
0.000163333
0
0
0
0
0
0.000573333
0.00114667
0.00679333
0.0118667
0.02924
0.02883
0.0388
0.02327
0.0232033
0.00874333
0.0114467
0
0
0
0
0
0.000576667
0.000576667
0.00115333
0.000576667
0.00074
0.000163333
0.000163333
0
0
0
0
0
0
0
0
0
0.000573333
0.00114667
0.00679333
0.00679333
0.0114567
0.00597333
0.00781667
0.00258
0.00357333
0.00360333
0.00028
0.00114
0.00086
0.00144
0.00058
0.00058
0
0
0
0
0
0
0
0
0
0
0
0
0
0
0
0
0.000573333
0.000573333
0.00114667
0.000573333
0.000736667
0.000163333
0.000163333
0
0.00244667
0.0132467
0.0143867
0.00286
0.002
0.00058
0
0
0
0
0
0
0.00074
0.00074
0.00074
0
0
0
0
0
0
0
0
0
0
0
0
0
0
0
0
0.0738267
0.0264533
0.02293
0.0100033
0.00858333
0
0.000163333
0.000163333
0.00259667
0.00243333
0.00937333
0.00768
0.00883
0.00189
0.00115
0
0
0
0
0
0
0
0
0
0.000163333
0.000163333
0.000903333
0.00074
0.00074
0
0
0.147993
0.125153
0.0474633
0.0354433
0.00949
0.00148333
0.00074
0.00598667
0.00784333
0.0234033
0.0250967
0.0407867
0.0262133
0.02567
0.00754667
0.00754667
0.00115
0.00115
0
0
0
0.000163333
0.000163333
0.00259667
0.00259667
0.00784333
0.00615
0.00713
0.00188333
0.00114333
0
0
0.203577
0.13885
0.05474
0.0290233
0.00307
0.00148333
0.00623333
0.01148
0.0290267
0.0390933
0.0520033
0.0520033
0.0467733
0.0350133
0.0186167
0.00927333
0.00287667
0.00115
0
0
0.000576667
0.00074
0.00598667
0.00784333
0.0234033
0.0234033
0.03893
0.02435
0.02475
0.00679
0.00621667
0.00057
0.00074
0.148647
0.12808
0.0376967
0.0290833
0.00246
0.00216333
0
0.00565667
0.0120533
0.0301767
0.0384
0.05016
0.0501933
0.0468067
0.0384033
0.0219733
0.01263
0.00287667
0.00172667
0.000576667
0.000576667
0.000576667
0.00172667
0.00697333
0.0159867
0.03056
0.0410733
0.0494433
0.0407167
0.0306033
0.0132133
0.00678667
0.00151667
0.00111667
0.00714333
0.00951667
0.0250633
0.06448
0.0529533
0.05967
0.0141833
0.0127767
0.002
0.000296667
0
0
0
0.00639667
0.00812333
0.0220033
0.0337333
0.0501633
0.0520067
0.0436333
0.0324167
0.0178433
0.00883
0.00246667
0.00131667
0.000576667
0.000576667
0.00172667
0.00288667
0.0119
0.0177467
0.0323467
0.0252467
0.0252467
0.00967333
0.00775333
0.00113333
0.00132333
0.00551667
0.0117367
0.0191333
0.0300867
0.0155133
0.01819
0.00496
0.00576333
0.00170333
0.00340667
0.00170333
0.00170333
0
0
0
0
0.000576667
0.00230333
0.00796
0.02551
0.0307233
0.04079
0.0250967
0.0250967
0.00953667
0.00784333
0.000903333
0.00074
0
0.000576667
0.00116
0.00232
0.00251333
0.00892667
0.00795333
0.00967333
0.00267667
0.00267667
0.000186667
0.000563333
0.00079
0.00555333
0.00575
0.01311
0.00157333
0.00138333
0.00228333
0.0009
0.0009
0
0
0
0
0
0
0
0
0
0.000576667
0.00115333
0.00681
0.00697333
0.0133367
0.00784333
0.00953667
0.00259667
0.00259667
0.000163333
0.000163333
0
0
0
0.000583333
0.000583333
0.00135333
0.00077
0.000956667
0.000186667
0.000186667
0
0
0.000573333
0.000986667
0.00156
0.00290667
0.000503333
0.00019
0
0
0
0
0
0
0
0
0
0
0
0
0
0
0
0.000576667
0.000576667
0.00131667
0.00074
0.000903333
0.000163333
0.000163333
0
0
0
0
0
0
0
0
0
0
0
0
0
0
0.000573333
0.00544
0.00405
0.00369
0.00190333
0.00093
0.000616667
0
0
0
0
0
0
0
0
0
0
0
0.000303333
0.000303333
0.00107667
0.000773333
0.000773333
0
0
0
0
0
0
0
0
0
0
0
0.000636667
0.000636667
0.000636667
0.0103267
0.00690333
0.01236
0.00946667
0.0145467
0.00734333
0.00696333
0.00121
0.000593333
0
0
0
0
0
0
0
0.000306667
0.000306667
0.00374667
0.00374333
0.0121333
0.00946667
0.0163733
0.00798333
0.00721
0
0
0
0
0
0.000156667
0.000156667
0.000156667
0.0188133
0.02295
0.0210767
0.0387267
0.0334333
0.04817
0.0321767
0.0300333
0.0120233
0.00684667
0.00117
0.000576667
0
0
0
0
0
0.00109
0.00139667
0.00728333
0.00963333
0.0262067
0.02871
0.0448467
0.0351767
0.0294733
0.00989667
0.00268667
0
0
0
0.000156667
0.000313333
0.0320267
0.0239367
0.0325067
0.0364
0.05847
0.06267
0.0666967
0.05749
0.041
0.0295367
0.0116833
0.00700333
0.00132667
0.000576667
0
0
0
0
0.000153333
0.00124333
0.00351333
0.00924667
0.0271467
0.0417567
0.0543467
0.0549333
0.05653
0.04074
0.0263633
0.00788667
0.0052
0
0.000156667
0.19237
0.0946067
0.0476767
0.0528567
0.0457767
0.05463
0.06343
0.0608
0.0598667
0.0355833
0.0259233
0.00896
0.00618333
0.000926667
0.00075
0
0
0
0
0
0.000153333
0.00149333
0.00376333
0.0113767
0.0290267
0.0372533
0.0479633
0.0337767
0.0417567
0.02848
0.414727
0.24511
0.161777
0.119833
0.0728267
0.05278
0.03883
0.04776
0.0427567
0.0469967
0.0330067
0.0225267
0.00847333
0.00456667
0.00210667
0.00124333
0.00117667
0.00011
0.00022
0.00011
0.00011
0
0.00138
0.00272
0.0105533
0.01694
0.0260967
0.634183
0.417727
0.23555
0.149217
0.0962067
0.06176
0.0325433
0.02966
0.0397067
0.0438733
0.0458733
0.0307667
0.02384
0.0120267
0.0113733
0.00536
0.00571
0.00239
0.00183667
0.000733333
0.000623333
0.5861
0.380757
0.246663
0.147063
0.08294
0.04942
0.03347
0.0394733
0.0485933
0.0577867
0.0509
0.0429667
0.0310133
0.0217667
0.13426
0.121483
0.424273
0.57014
0.366353
0.494057
0.277493
0.47919
0.61963
0.64452
0.76304
0.531047
0.740173
0.80257
0.72173
0.749187
0.768143
0.61622
0.625447
0.22346
0.371997
0.0807267
0.120643
0.0534933
0.03727
0.0166967
0.722367
0.680103
0.00946
0.00431
0.00620333
0.0145267
0.444603
0.511507
0.0176633
0.0339567
0.0299267
0.03188
0.17632
0.24165
0.01598
0.0174667
0.01714
0.0352167
0.0522033
0.0725133
0.0837433
0.0932967
0.0701433
0.07003
0.0756267
0.0809767
0.0464333
0.0403067
0.0196333
0.02466
0.0742233
0.0627667
0.0143967
0.01576
0.042
0.0204133
0.00873333
0.0103467
0.00763333
0.00155667
0.01028
0.02014
0.000386667
0
0.01861
0.00872333
0.022
0.03891
0.0392667
0
0
0.00605
0.00633333
0.0123967
0.0105867
0.0205467
0.01514
0.03927
0.0601633
0
0.00028
0.00388667
0.00244667
0.00154667
0.00218333
0.00384667
0.00684333
0.01524
0.04443
0.0568333
0.00123333
0.01334
0
0
0.000106667
0.000106667
0.00321
0.00366
0.0126933
0.0109067
0.0258567
0.01798
0.0276433
0.01253
0.0173267
0.00634667
0.0429333
0.0907733
0
0
0
0
0.000556667
0.000556667
0.00187333
0.00131667
0.00247333
0.00115667
0.00155
0.000393333
0.000393333
0
0
0
0
0
0.217727
0.274127
0
0
0
0
0
0
0
0.00051
0.00051
0.00051
0
0
0
0
0
0
0
0
0
0
0
0.000173333
0.000173333
0.00076
0.373503
0.316013
0.00017
0.00292
0.00017
0.00776
0.00501
0.01035
0.00585
0.00636667
0.00102667
0.000516667
0
0
0
0
0
0
0
0.000163333
0.000163333
0.00259333
0.00260333
0.00952333
0.00768
0.00865
0.00231667
0.00229
0.254723
0.281633
0.0234767
0.0382033
0.0278267
0.0238233
0.00686333
0.00201333
0.00100667
0.00049
0
0
0
0
0
0.000573333
0.000736667
0.00766667
0.00952333
0.0250733
0.0250633
0.0405033
0.0259333
0.02007
0.00276
0.0848433
0.12419
0.0477167
0.0380133
0.0385433
0.0250267
0.00804
0.00198667
0.00098
0.00049
0
0
0
0
0.000573333
0.00114667
0.00682333
0.01318
0.03059
0.0406267
0.0494167
0.0493033
0.0386833
0.02402
0.00696
0.00971
0.0224567
0.0260367
0.0120867
0.0205867
0.02339
0.00900667
0.00717333
0.00063
0.00049
0
0
0
0
0
0.000573333
0.000573333
0.00625
0.01146
0.0294433
0.0308433
0.04078
0.0270033
0.02502
0.0132033
0.00980667
0.0124367
0.00205667
0.00130333
0.00447
0.00409333
0.00407
0.00619667
0.00245667
0.00246333
0.00014
0.00014
0
0
0
0
0
0
0
0
0.000643333
0.00642667
0.00724667
0.01368
0.01276
0.0161467
0.02318
0.02222
0.03588
0.0143567
0.000573333
0.00073
0.000156667
0.000156667
0.000353333
0.000196667
0.00033
0.000133333
0.000133333
0
0
0
0
0
0
0
0
0
0
0
0.000643333
0.00082
0.00164
0.00143667
0.00612333
0.0213133
0.0349833
0.03575
0.02648
0.00223
0.00159333
0.00159333
0.000316667
0
0.000316667
0.000593333
0.000683333
0.000406667
0.000656667
0.00025
0.000743333
0.000493333
0.000736667
0.000243333
0.000243333
0
0
0
0
0
0
0
0
0
0
0
0.00044
0.000616667
0.00105667
0.0273133
0.0181333
0.00117333
0.00864
0.00165333
0.00921667
0.0155333
0.01603
0.00907667
0.0078
0.000633333
0.00467333
0.00463333
0.00806
0.00442667
0.00888667
0.00539333
0.00991
0.00566667
0.01139
0.00671
0.00751667
0.00154333
0.0013
0
0
0
0
0.06055
0.0246167
0.00588667
0.00502667
0.0125633
0.0148367
0.0375767
0.0376967
0.04648
0.0302067
0.0285633
0.01311
0.00966667
0.13956
0.0628367
0.00105667
0.00577
0.0141433
0.0343033
0.0326067
0.05165
0.385697
0.22192
0.0101467
0.000143333
0.00534333
0.0009
0.675953
0.525763
0.0207967
0.00822
0.0177667
0.00589667
0.85613
0.781373
0.00140333
0.00108333
0.00157333
0.00342667
0.0110667
0.0121533
0.8009
0.67806
0.0206267
0.0147767
0.01005
0.0100667
0.00517333
0.00485
0.516003
0.24474
0.376337
0.0852433
0.14956
0.0304633
0.0492267
0.0377167
0.03666
0.0448567
0.0527633
0.0418433
0.0389333
0.02584
0.0347667
0.0426
0.0746433
0.0705
0.0655567
0.0915067
0.19036
0.196323
0.272027
0.141967
0.169967
0.27787
0.60321
0.44728
0.215777
0.375537
0.64541
0.49211
0.29541
0.318943
0.54752
0.434907
0.534003
0.815513
0.36157
0.62453
0.104087
0.196477
0.0519167
0.0320433
0.0130467
0.78707
0.87494
0.00402333
0.00252333
0.00602333
0.0161333
0.594267
0.44957
0.0238633
0.03855
0.0461433
0.0435033
0.234577
0.138787
0.0323167
0.02446
0.0249233
0.03944
0.0559433
0.07203
0.0709767
0.0568167
0.0789467
0.0793167
0.07426
0.0642333
0.0548367
0.0549267
0.0588467
0.0414133
0.0390067
0.0621433
0.0504367
0.0199233
0.0236167
0.01095
0.04175
0.0202833
0.01041
0.0119967
0.00775333
0.00167667
0.0217933
0.03884
0.0514233
0.0552933
0.000386667
0
0.04567
0.05108
0.0609333
0.09595
0
0
0.103477
0.142623
0
0
0.111713
0.07097
0.123903
0.0532867
0.0918167
0.04826
0.07381
0.0384433
0.0394833
0.00798
0.000953333
0.0029
0.0119067
0.000986667
0.00694
0
0.000986667
0
0
0
0
0
0
0
0
0
0
0
0.0327733
0.0749667
0
0
0
0
0
0
0
0
0
0
0
0
0
0
0
0.00018
0.00018
0.00283333
0.21208
0.209213
0.000586667
0.00117333
0.000586667
0.000586667
0
0
0
0.000546667
0.000726667
0.00591667
0.00802333
0.0238233
0.0260433
0.0329667
0.30983
0.30386
0.00114667
0.00056
0
0.000546667
0.00109333
0.00667667
0.01132
0.0203133
0.03071
0.0412333
0.04127
0.0322167
0.340623
0.259277
0.00106
0.00211667
0.0005
0.000546667
0.00112
0.00670333
0.00730333
0.01627
0.0159333
0.0305
0.02346
0.02514
0.00958667
0.102163
0.156737
0.00236667
0.00131
0.0005
0
0.000573333
0.00114667
0.00229333
0.00229333
0.00696667
0.00599
0.00791667
0.00267
0.00266
0.00016
0.0106167
0.0406833
0.00149
0.00539333
0.00105
0.00037
0.00037
0.000573333
0.000573333
0.00114667
0.000573333
0.000743333
0.00017
0.00017
0
0
0
0.0131767
0.00370333
0.0207133
0.0341433
0.0213167
0.00555667
0.00527
0.000763333
0.000393333
0
0
0
0
0
0
0
0
0
0.0453267
0.0245433
0.0469833
0.0468633
0.0390667
0.02683
0.01129
0.00549
0.000983333
0.000393333
0
0
0
0
0
0
0
0
0.0535733
0.05375
0.00569333
0.02922
0.0212633
0.04115
0.0313933
0.0255867
0.0255267
0.00898
0.00698
0.000786667
0.00059
0
0
0
0
0
0
0
0
0.03125
0.0398933
0
0
0
0
0
0.00044
0.00044
0.00525333
0.00523333
0.00625333
0.01423
0.0103533
0.0155867
0.00752667
0.00918
0.00292667
0.00278667
0.000196667
0.000196667
0
0
0
0
0
0.0734467
0.04145
0.02511
0.0270533
0.0235433
0.0352067
0.01603
0.04582
0.03258
0.0311833
0.0288733
0.01492
0.0145067
0.00668667
0.00768667
0.0003
0.0003
0
0
0
0
0
0
0
0
0
0.00042
0.00042
0.00144
0.00102
0.00195667
0.000936667
0.00127333
0.000336667
0.000336667
0
0
0
0.19174
0.127913
0.08062
0.06707
0.07533
0.03859
0.0365767
0.0388533
0.39389
0.282293
0.00126667
0.00392
0.0120833
0.0380467
0.0564533
0.0837267
0.58077
0.67374
0.00120667
0.00109333
0.000143333
0.000143333
0.000143333
0.000366667
0.84368
0.826087
0.00468667
0.00157
0.00068
0.00045
0.00230333
0.00236667
0.00457667
0.00367333
0.77286
0.686487
0.0303433
0.02981
0.0376767
0.0225233
0.0121633
0.00764667
0.430407
0.523587
0.157127
0.259143
0.0347867
0.0784067
0.0143933
0.02286
0.0220667
0.0230533
0.0313333
0.0253733
0.0252733
0.02875
0.0205233
0.0176933
0.0281333
0.0188833
0.04058
0.0203967
0.05413
0.01807
0.0310867
0.0834733
0.0958733
0.0589367
0.0556633
0.146333
0.109647
0.0507967
0.08573
0.26495
0.318593
0.0973533
0.11896
0.116423
0.304267
0.0987167
0.112357
0.150057
0.0494
0.20517
0.0352333
0.71817
0.588383
0.31894
0.189993
0.0837667
0.0312267
0.0120133
0.00380667
0.485603
0.290307
0.25343
0.123963
0.0832467
0.0296233
0.01093
0.00234
0.00125333
0.00102
0.00560667
0.00714667
0.0152933
0.158483
0.0752333
0.07759
0.03097
0.02372
0.00415667
0.00147
0.00061
0.00124667
0.00317
0.00448333
0.01263
0.01949
0.0298767
0.03918
0.04398
0.0397567
0.0413767
0.0270033
0.01424
0.00572667
0.00289333
0.00141
0.00181333
0.0115033
0.0122233
0.0197833
0.0188767
0.0331733
0.0373133
0.03859
0.0359533
0.03173
0.0297567
0.01881
0.0214167
0.01413
0.03562
0.0373067
0.0645467
0.0330467
0.0220233
0.00746667
0.00795667
0.00473333
0.0102333
0.0166
0.0311567
0.03362
0.04015
0.04061
0.04208
0.03592
0.0226833
0.02113
0.0112667
0.01092
0.00283333
0.00343667
0.0008
0.01318
0.02859
0.05663
0.0663133
0.0718267
0.0588233
0.0573367
0.0321067
0.0217533
0.01216
0.00949333
0.01079
0.00765333
0.0216533
0.0229333
0.0389667
0.0284633
0.0311167
0.0160667
0.0137933
0.00435
0.00337667
0.000393333
0.000196667
0
0
0.000336667
0.0165467
0.0182033
0.03993
0.0279733
0.0413533
0.0335933
0.0592
0.0499167
0.0486833
0.0627833
0.0326233
0.0186167
0.00746
0.00305
0.00194667
0.00266667
0.00965333
0.00964
0.0124167
0.00600667
0.00700333
0.00174667
0.00136667
0.000196667
0.000196667
0
0
0
0.000336667
0.000336667
0.00199333
0.00297667
0.00723
0.01004
0.0350433
0.0230233
0.0548967
0.0342133
0.0073
0.0178633
0.00955667
0.00129
0
0.00248
0.00265333
0.00282667
0.000346667
0.00075
0.000576667
0.000576667
0
0
0
0
0
0
0
0
0
0.00132
0.00193667
0.0108767
0.00640333
0.0265333
0.0105933
0.03008
0.03585
0.04848
0
0.000173333
0.000173333
0.000173333
0
0
0
0
0
0
0
0
0
0
0
0
0
0.000616667
0.000826667
0.00662
0.0138667
0.0523233
0.0645467
0.08824
0.10979
0.124937
0.140027
0
0
0
0
0
0
0
0
0
0
0
0
0
0
0
0
0.00021
0.00021
0.00807333
0.01077
0.164027
0.169057
0.159843
0.132283
0.155663
0.13572
0.132213
0.0713433
0.0495133
0.01765
0.00434
0.00335667
0.00394667
0.00059
0.00059
0
0
0
0
0
0
0
0
0
0
0
0
0
0
0
0.000573333
0.00130333
0.000573333
0.00363667
0.00797667
0
0.000983333
0
0
0
0
0
0
0
0
0
0
0
0
0
0
0
0
0
0
0
0.00194667
0.00194667
0.00194667
0
0.00133
0.00133
0.00133
0
0
0
0.000573333
0.00114667
0.00638
0.00653667
0.00828667
0
0
0
0
0
0
0
0
0
0.000536667
0.000536667
0.00107333
0.000536667
0.000536667
0.0450933
0.0444767
0.00266
0.0296667
0.0283367
0.0270067
0
0.00106667
0.00164
0.01104
0.0152067
0.0302567
0.02318
0.0256567
0.00265333
0.0106
0.00319
0.0136333
0.00676
0.00681667
0.00113
0.000593333
0
0.0002
0.0714833
0.0553433
0.06266
0.0356533
0.00977
0.00219
0.00540333
0.01368
0.0193167
0.0317267
0.0379733
0.03898
0.03391
0.0226733
0.0207967
0.0118133
0.00664
0.00110667
0.00105
0.000736667
0.00788
0.0101767
0.02587
0.168743
0.172013
0.0400467
0.0407167
0.0136533
0.0148767
0.0122633
0.0159067
0.0292067
0.0330567
0.0367533
0.0346133
0.0220367
0.0131367
0.00672333
0.00172667
0.00158667
0.00216
0.00876667
0.02599
0.0407967
0.0492933
0.225783
0.108653
0.0555533
0.0260033
0.01239
0.00323
0.00936
0.00717
0.0175667
0.0162733
0.0296233
0.0347567
0.00776333
0.000836667
0.00121333
0.000536667
0.00162333
0.00216667
0.0199267
0.0239167
0.0384767
0.0231767
0.108927
0.0943367
0.0326467
0.0174133
0.00145333
0.000883333
0.000156667
0.000313333
0.000156667
0.00572
0.00792333
0.02361
0.0204333
0.00016
0
0
0.000533333
0.00161333
0.00230333
0.00684667
0.00592333
0.00769333
0.00261667
0.0488
0.0187633
0.0172
0.00124
0.000726667
0
0
0
0
0
0.00236
0.00253
0.00491667
0.00272667
0
0
0.000533333
0.000533333
0.00122333
0.00069
0.000846667
0.000156667
0.000156667
0
0.00397
0.00355333
0.00184
0.00109
0.000576667
0
0
0
0
0
0
0.00017
0.00017
0.00034
0.00017
0
0
0
0
0
0
0
0
0
0
0.01539
0.00429
0.00591667
0.00388333
0.00838
0.00582333
0.00768
0.00243333
0.00259667
0.000163333
0.000163333
0
0
0
0
0
0
0.000783333
0
0
0
0
0
0
0
0
0
0
0.0423567
0.02478
0.0169767
0.00921333
0.0123833
0.0135833
0.02675
0.0234033
0.0250967
0.00953667
0.00726667
0.000326667
0.000163333
0
0
0
0
0
0.00104333
0.00182667
0.00755
0
0
0
0
0
0
0
0
0
0
0.03854
0.02066
0.0166733
0.00732667
0.0108
0.0224767
0.0372267
0.04717
0.0383867
0.02832
0.01276
0.00697
0.00131333
0.00115
0
0
0
0.00026
0.00130333
0.00648667
0.01195
0.02806
0
0
0
0
0
0
0
0
0
0
0
0
0
0.0485367
0.02897
0.02578
0.00812333
0.00638667
0.0172667
0.0187267
0.03388
0.0234033
0.0266267
0.0120533
0.00795667
0.0023
0.00115
0.00077
0.00077
0.00077
0.00026
0.00052
0.00570333
0.00544333
0.0261067
0.00895333
0.0246433
0
0
0
0
0
0
0
0
0
0
0
0
0
0
0.106513
0.0591333
0.0561233
0.0423367
0.04166
0.0233667
0.0188733
0.00335333
0.00352333
0.00842
0.00713667
0.00754667
0.0023
0.00115
0.00073
0.0015
0.00764
0.00691
0.00910333
0.00322333
0.00322333
0.00026
0.000246667
0.00401667
0.00773667
0.01121
0.00763667
0.0531533
0.0552467
0.04292
0.0932133
0.0585567
0.09893
0.0831033
0.0562167
0.0639567
0.0248467
0.0238567
0.00949
0.01491
0.00114667
0.00126667
0.00036
0.00018
0.00018
0.00018
0
0
0
0
0
0
0
0
0
0
0
0
0
0
0
0
0
0
0
0
0
0
0
0
0
0
0
0.215223
0.238047
0.126327
0.19153
0.12065
0.13143
0.0479467
0.03076
0.00185667
0.00150667
0.00189
0.00115
0.00115
0.00073
0.00146
0.00702
0.01243
0.0284767
0.02588
0.0359267
0.01915
0.01692
0.00098
0.00098
0.00396667
0.00372
0.00417333
0.00397667
0.000196667
0.000453333
0
0
0
0
0.000736667
0.000366667
0.00339
0.00680667
0.0193467
0.0424267
0.0675867
0.09048
0.09292
0.0806033
0.0650233
0.0535033
0.0576167
0.0373267
0.0355933
0.0176933
0.0142333
0.00591
0.00512333
0.00054
0.00036
0
0
0
0
0
0
0
0
0
0
0
0
0
0
0
0
0
0
0.489993
0.572687
0.385943
0.340883
0.15725
0.08041
0.0374033
0.00845
0.00145667
0.00124333
0.000553333
0.00169667
0.00187333
0.00727667
0.0116933
0.0268867
0.03826
0.0530333
0.0532967
0.04178
0.02218
0.00648
0.00122
0.000486667
0
0.000256667
0.000513333
0.00077
0.000513333
0.0499467
0.0436167
0.0315367
0.0200533
0.01173
0.73884
0.573003
0.36179
0.172467
0.07472
0.03405
0.0107867
0.00445667
0.00190667
0.0024
0.00288
0.00601
0.01023
0.0144267
0.0266667
0.0397267
0.05472
0.0526033
0.0394
0.0223767
0.00905667
0.0256667
0.03861
0.0276867
0.0269433
0.573877
0.410977
0.22078
0.134993
0.04601
0.0245233
0.00623333
0.00803
0.00674667
0.0121233
0.0109067
0.01489
0.01419
0.0164467
0.0297433
0.00766333
0.01471
0.01978
0.0198133
0.01271
0.0136167
0.0365067
0.0356233
0.0364533
0.0355767
0.0741533
0.0741767
0.0977133
0.184947
0.162263
0.282587
0.00770333
0.00539
0.00582333
0.0107133
0.00305
0.0118833
0.01362
0.00722333
0.0351167
0.0395233
0.0138133
0.0110733
0.07231
0.0622133
0.0240033
0.0115033
0.100183
0.0763133
0.00933
0.02614
0.0832267
0.0485133
0.00786
0.01238
0.0423933
0.0246367
0.00790333
0.0137867
0.00926
0.02835
0.0225033
0.00717667
0.0149833
0.0682367
0.06985
0.0653733
0.04954
0.02993
0.05178
0.0525433
0.0645233
0.0484667
0.04324
0.02536
0.01531
0.00429667
0.00461667
0.0145067
0.0118633
0.0133933
0.00283333
0.00224333
0.000123333
0.02152
0.0327633
0.0419367
0.0402733
0.0348233
0.01855
0.0143133
0.00272667
0.00276
0.000796667
0.00308
0.00228333
0.0148267
0.01415
0.0390167
0.00549
0.00730333
0.00778
0.00118
0.00453667
0.00059
0.00130333
0.000713333
0.000713333
0
0
0
0.0278067
0.0201667
0.02346
0.00708667
0.00762667
0.00142667
0.000763333
0
0
0
0
0.00121333
0.00282
0.0136867
0.0542467
0.03734
0.08114
0.0610467
0.09411
0.0718633
0.118527
0.08042
0.13006
0.09832
0.141267
0.1379
0.14879
0.0993967
0.0330133
0.06099
0.0117233
0.01561
0.00540667
0
0
0
0
0
0
0
0
0
0
0
0
0
0
0
0
0
0
0
0
0.00386
0.00335333
0.00102333
0.00146333
0.00140333
0.000826667
0.000163333
0
0
0
0
0.00121333
0.00121333
0.0204033
0.01208
0.0389167
0
0
0
0
0
0
0
0
0
0
0.00327667
0.00312333
0.00137667
0.0064
0.00598667
0.00784
0.00259333
0.00259333
0.000163333
0.000163333
0
0
0
0
0.00953667
0
0
0
0
0
0.000176667
0.000176667
0.000593333
0.000416667
0.000416667
0.01061
0.0140733
0.01161
0.0269167
0.02356
0.0207433
0.00502333
0.00333
0.0009
0.000736667
0
0
0
0.00015
0.0002
0.00321
0.000376667
0.00997
0.00755333
0.0125
0.00554
0.00512333
0.02405
0.0298467
0.0351767
0.0520133
0.0409367
0.0370467
0.01516
0.01404
0.00204667
0.00131
0
0
0.00015
0.00015
0.0256867
0.04037
0.0296
0.0278433
0.0103267
0.00520333
0
0
0.0375667
0.0496367
0.0587533
0.0577833
0.0471533
0.02584
0.0146133
0.00262
0.00131
0
0
0
0
0
0.04905
0.0380733
0.0276367
0.0105833
0.00566667
0.000463333
0
0
0.0518167
0.05922
0.05607
0.03964
0.02004
0.00806667
0.00187333
0.000563333
0
0
0
0
0
0
0.0230167
0.00752667
0.00553
0.000613333
0.000463333
0
0
0
0.0389833
0.0334367
0.0372433
0.01756
0.00798333
0.00179
0.000563333
0
0
0
0
0
0
0
0.00261
0.00015
0.00015
0
0
0
0
0
0.0126967
0.0115367
0.0125933
0.00245333
0.00122667
0
0
0
0
0
0
0
0
0
0
0
0
0
0
0
0
0
0.00139667
0.00122667
0.00122667
0.000953333
0.000953333
0.000953333
0
0
0
0
0
0
0
0
0
0
0
0
0
0
0
0
0
0.000783333
0.00173667
0.00917333
0.00839
0.0174133
0.00997667
0.0144
0.00442333
0.00442333
0
0
0
0
0
0
0
0
0
0
0
0
0
0
0.0139433
0.0324867
0.03674
0.0337267
0.0188233
0.00931667
0.00489333
0.00047
0
0
0
0.00028
0
0
0
0
0
0
0
0
0
0
0.0422033
0.0547367
0.0420067
0.02993
0.0121433
0.00872
0.00147
0.001
0
0
0.00177667
0.00149667
0.00862667
0
0
0
0
0
0
0
0
0
0
0.03913
0.0292267
0.0118567
0.00913667
0.00188667
0.001
0
0
0
0.00149667
0.00336333
0.0244133
0.01943
0.0352933
0
0
0
0
0
0
0
0
0
0
0
0
0.00480333
0.00108333
0.000886667
0
0
0
0
0.00037
0.00223667
0.00602
0.0217167
0.03276
0.0562567
0.05679
0.05923
0.0694933
0.0448533
0.0670767
0.0305167
0.0469133
0.03509
0
0
0
0
0
0
0
0
0
0
0
0
0.05935
0.05381
0.0843633
0.0905867
0.115263
0.0634267
0.0832933
0.0479833
0.00018
0
0
0
0
0
0
0
0
0
0
0
0
0
0
0
0
0
0
0
0.05531
0.0512633
0.00732667
0.00054
0.00036
0
0
0
0
0
0
0
0
0
0
0
0
0
0
0
0
0
0
0
0
0
0
0
0
0
0
0
0
0
0
0
0.0357
0.0240367
0.00788
0.01143
0.00109333
0.00036
0
0
0
0
0
0
0
0
0
0
0
0
0
0
0
0
0
0.00695667
0.00728667
0.0112133
0.0188533
0.00835667
0.00178667
0.00105333
0
0
0.00708667
0.00688
0.0415167
0.05832
0.0439667
0.0184467
0.0127733
0.00195
0.01338
0.0269933
0.0994633
0.114437
0.113297
0.0746033
0.0618267
0.0255167
0.144823
0.19247
0.161127
0.208977
0.16252
0.129663
0.09741
0.0682667
0
0
0.000106667
0.464907
0.303327
0.43521
0.384283
0.394613
0.2413
0.176543
0.123743
0.00456
0.00949
0.00234
0.00443333
0.00432667
0.65209
0.80499
0.643133
0.76751
0.622273
0.484603
0.33129
0.0255167
0.0209067
0.0175833
0.0163967
0.0211133
0.0251867
0.0306133
0.02703
0.00756667
0.0118767
0.0389233
0.0477933
0.00087
0.0051
0.03273
0.0108267
0.00058
0.00029
0.00275667
0.00505
0.00702333
0
0.000333333
0.00112
0.00096
0.00245333
0.000333333
0.00129333
0.0572533
0.02882
0.00995
0.00407
0.000936667
0
0.000116667
0.000116667
0.000116667
0.08798
0.0324867
0.0619333
0.00537667
0.02506
0.00325667
0.00313333
0
0
0
0
0
0.0527967
0.00801
0.05977
0.000123333
0
0
0
0
0
0
0
0.00650333
0.0027
0.00522
0
0
0
0
0
0
0
0
0
0
0
0
0
0
0
0
0
0
0.0905
0.0870133
0.0443767
0.0274467
0.02802
0.00954333
0
0
0
0
0
0
0
0
0
0
0.0364733
0.0446033
0.0315133
0.03868
0.0299067
0.0341633
0.0494
0.0526767
0.0310733
0.0482233
0
0
0
0
0
0
0
0
0
0
0.00968667
0.01811
0.00898
0.0142533
0.00631
0.00937333
0.0147967
0.00924667
0
0
0
0
0
0
0
0
0.0003
0.000706667
0.000963333
0.000813333
0.00048
0.000886667
0.00048
0
0
0
0
0
0
0
0
0
0
0.000556667
0.000406667
0
0.000406667
0
0
0
0
0
0
0
0
0
0
0
0
0
0
0
0
0
0
0
0
0.000476667
0.000646667
0.00815667
0
0
0
0
0
0
0
0
0
0.000476667
0.000953333
0.00723667
0.01427
0
0
0
0
0
0
0
0
0.000476667
0.000476667
0.00676
0.00884667
0
0
0
0
0
0
0
0
0
0.000466667
0.00303
0.0220833
0
0
0
0
0
0
0
0
0.000466667
0.00677667
0.02583
0.04982
0
0
0
0
0
0
0
0
0.000506667
0.00681667
0.00786667
0.0318167
0.00028
0.00056
0.00151
0.00179
0.00165333
0
0
0
0
0
0.000506667
0.00105
0.0021
0.00741
0.00864
0.0149433
0.00631
0.01275
0.00827
0
0
0
0
0
0
0
0.000543333
0.02581
0.0236167
0.0345833
0.0152067
0.0292867
0.00797
0.0143767
0.01258
0
0
0
0
0
0
0
0
0.02356
0.0228433
0.0338033
0.02201
0
0
0
0
0
0
0
0
0
0
0.0556267
0.0612933
0.0729267
0
0
0
0
0
0
0
0
0
0
0.05378
0.0516067
0
0
0
0
0
0
0
0
0
0
0
0
0.0358967
0.0219667
0
0
0
0
0
0
0
0
0
0
0
0
0
0
0
0
0
0
0
0
0
0
0.0104367
0.00754333
0
0
0
0
0
0
0
0
0
0
0
0
0
0
0
0
0
0
0
0
0
0
0
0
0
0
0
0
0.00418667
0.00141667
0.000403333
0.0013
0.000403333
0
0
0
0
0
0
0.0177233
0.0478533
0.00265667
0.01605
0.00176
0.000403333
0
0
0
0.165097
0.261153
0.0180033
0.03391
0.00784667
0.00499667
0.00364
0.00222
0.00038
0.00038
0.000316667
0.00059
0.000316667
0.456557
0.579947
0.0983567
0.0376667
0.0314733
0.01756
0.00725333
0.00444
0.000213333
0.000106667
0.741197
0.77058
0.275597
0.133097
0.09241
0.0514767
0.0186533
0.01879
0.00551333
0.00566667
0.834373
0.743767
0.80585
0.564287
0.648627
0.373083
0.00759667
0.0185967
0.0141533
0.00592667
0.00304667
0.00580333
0.0130133
0.00479667
0.00029
0.00058
0.00480667
0.00880333
0
0.00029
0.000733333
0.00027
0.005
0
0
0
0
0
0
0
0.0104267
0.00965
0.0171067
0.00919333
0.00949667
0.00192333
0.00187333
0.00775333
0.000936667
0.000936667
0.00186667
0.00175
0.000233333
0.00198333
0.000116667
0.00109
0.000973333
0.00162
0.000646667
0.000646667
0.07665
0.04602
0
0
0
0
0
0
0
0.116623
0.109973
0
0
0
0
0
0
0
0
0.0685633
0.10418
0
0
0
0
0
0
0
0
0
0
0
0
0
0
0
0
0.00468667
0.0232433
0
0
0
0
0
0
0
0
0
0
0.0100767
0.00497333
0.00493333
0.0014
0
0
0
0
0
0
0
0
0.0268733
0.0263667
0.02153
0.00643
0
0
0
0
0
0
0
0
0.000353333
0.00580333
0.00615667
0.00641
0
0
0
0
0
0
0
0
0
0.000523333
0
0.000523333
0
0
0
0
0
0.000163333
0.000163333
0.000803333
0
0
0.00093
0.00145333
0.00724333
0
0.00017
0
0.00283
0.00282333
0.01055
0.00853
0.0174433
0
0.000706667
0.0109667
0.00163667
0.01605
0.01034
0.03367
0.0338867
0.0792767
0.0648533
0.09821
0.000706667
0.00507333
0.0144033
0.0325667
0.0465467
0.02933
0.08827
0.120783
0.177587
0.169437
0.186457
0.00436667
0.00436667
0.0232367
0.021
0.0243833
0.06328
0.10995
0.168733
0.203857
0.217653
0.208403
0.159297
0
0.00213
0.00426
0.00439
0.0667967
0.111643
0.16691
0.16433
0.17995
0.126043
0.11464
0.05481
0.00213
0.00213
0.00226
0.000833333
0.09092
0.0934867
0.11163
0.07249
0.0712833
0.0294933
0.0244233
0.00401
0
0
0.000703333
0
0.000703333
0.05186
0.03129
0.0300667
0.0325533
0.0110967
0.00924333
0.000973333
0.00081
0.000143333
0.000143333
0.000316667
0.000173333
0.000173333
0.00737667
0.00213667
0.00653
0.00865
0.00286667
0.00282667
0.000163333
0.000163333
0.00378667
0.000846667
0.00431667
0.00101667
0.00108667
0.000543333
0.000543333
0.000746667
0.000203333
0.000203333
0
0
0.00909667
0.00138667
0.00911667
0.00829
0
0
0
0
0
0
0
0
0.0151867
0.0183767
0
0
0
0
0
0
0
0
0.0308667
0.0317933
0
0
0
0
0
0
0
0
0.0430733
0.02961
0
0
0
0
0
0
0
0
0
0
0.02507
0.0105133
0
0
0
0
0
0
0
0
0
0
0.00451667
0.00174667
0.00056
0.000966667
0.00056
0.000813333
0.000406667
0.000406667
0.000406667
0
0
0
0
0
0.00200333
0.0116033
0
0
0
0
0
0
0
0
0
0
0
0
0
0
0
0
0
0.0001
0
0.00066
0.00341333
0.0166
0.0142533
0.01471
0.00183
0.00142333
0.000406667
0
0
0
0.0411467
0.0879167
0
0
0
0
0
0
0.0373533
0.0305933
0.00754333
0.00652667
0
0.00076
0.00038
0.00501
0.00518
0.00514667
0.19068
0.25899
0.00687667
0.00323667
0.00826333
0.00502667
0.0522133
0.0377567
0.0155033
0.00732333
0.00222
0
0.000726667
0.00103333
0.452853
0.528847
0.02433
0.0164967
0.0298767
0.0252833
0.0299067
0.0321767
0.0139533
0.0117367
0.0111
0.00784667
0.00503333
0.000516667
0.000516667
0.685323
0.655157
0.0520433
0.03881
0.0101
0.0118333
0.0160733
0.0159233
0.0354167
0.03281
0.005
0.00573
0.00026
0.00052
0.70973
0.477567
0.615563
0.31824
0.19756
0.115707
0.0982133
0.06433
0.0311467
0.0236167
0.0509933
0.0417167
0.0883567
0.0822067
0.00484
0.00218667
0.00052
0.00078
0.10479
0.103367
0.16691
0.122067
0.217837
0.193403
0.265563
0
0.00275667
0.00027
0.00053
0.240917
0.401827
0.329243
0.37094
0.304377
0.365983
0.351603
0.00011
0
0.00027
0.00054
0.623913
0.593643
0.704457
0.554337
0.508167
0.00011
0.00011
0
0.00027
0
0
0
0
0
0
0
0.0357533
0.0482133
0.0368833
0.01432
0.0329333
0.00705
0.0112433
0.00577333
0.00547
0
0
0
0.00115
0.00934333
0.0029
0.0167533
0.00158
0.000303333
0.000303333
0
0
0
0
0.000936667
0.00115
0
0
0
0
0
0
0
0.0427533
0.00355
0
0
0
0
0
0
0
0
0.09753
0.06094
0
0
0
0
0
0
0
0
0
0
0
0
0.07745
0.03939
0
0
0
0
0
0
0
0
0
0
0.0200433
0.0206533
0
0
0
0
0
0
0
0
0
0
0.000833333
0.00092
0
0
0
0
0
0
0
0
0
0
0.000986667
0.000826667
0.000526667
0.0003
0
0
0
0
0
0
0
0
0.000606667
0.00046
0.00106667
0.00046
0
0
0
0
0
0
0
0
0.00171667
0.00119333
0.00201
0.000816667
0.000816667
0.00064
0.00125333
0.000613333
0.00123333
0.00062
0.00111667
0.000496667
0.000496667
0.00750667
0.0078
0.00178
0.00282667
0.000963333
0.01033
0.0186
0.0101433
0.01591
0.00749667
0.0131233
0.00674333
0.00624667
0.03685
0.0547
0.0283367
0.0331167
0.05907
0.0814467
0.0467433
0.0488133
0.0236067
0.01819
0.00721
0.000963333
0.04993
0.0619667
0.07525
0.0777933
0.137607
0.12744
0.07335
0.04821
0.0182567
0.00775333
0.00144
0.000476667
0.0423667
0.0308967
0.05304
0.0375367
0.127183
0.0724833
0.0476
0.01729
0.00739667
0.00108333
0.000476667
0.00966
0.00879667
0.01453
0.00769
0.0447667
0.0137133
0.01112
0.00075
0.000606667
0
0.0021
0.00197
0.00182667
0.00056
0.00334333
0.000143333
0.000143333
0
0
0
0.000703333
0
0
0
0
0
0
0
0
0
0
0
0
0
0
0
0
0
0
0
0
0
0
0.000343333
0.00035
0.000693333
0.0007
0
0
0
0
0
0
0
0
0.00794667
0.000903333
0.00815
0.0007
0
0
0
0
0
0
0
0
0.0116833
0.00115667
0.00489333
0.000603333
0
0
0.000213333
0.000426667
0.000213333
0.000653333
0.00044
0.00044
0.0125133
0.00189667
0.01007
0.00144
0
0
0.00054
0.00129333
0.000966667
0.00651667
0.00597667
0.00620333
0.0158867
0.00884667
0.00144
0.00257333
0.000333333
0
0
0
0.00062
0.00116
0.00852333
0.00865667
0.0136667
0.00801333
0.00174
0.00113333
0.00243
0.00276333
0.0102167
0
0
0
0
0
0.00062
0.00062
0.00124
0.00147
0.00241333
0.00398
0.0198867
0.02579
0.0311467
0
0
0
0
0
0
0
0
0
0
0.01229
0.02537
0.0314
0.0637733
0.0576167
0.0658133
0
0
0
0
0
0
0.0153967
0.0198167
0.04898
0.0585267
0.0714533
0.10564
0.09193
0.11965
0.09969
0.0792633
0
0
0
0.000846667
0
0.0016
0.000846667
0.000913333
0.000753333
0.00032
0.00016
0.00016
0.00016
0.00239333
0.0001
0.02244
0.00514667
0.0641567
0.0334333
0.0698133
0
0
0
0
0
0
0.00038
0.0295
0.0313633
0.190413
0.184443
0.20955
0.12433
0.15717
0.00765667
0.00325
0.00062
0.00062
0.08201
0.0856
0.07751
0.00068
0.00147667
0.00120667
0.000526667
0.00248
0
0.00694333
0.01271
0.35652
0.332307
0.218177
0.183867
0.04602
0.05912
0.03163
0.04276
0.0580333
0.00902
0.0143567
0.00734
0.0103067
0.00529333
0.00642667
0.00661667
0.474467
0.214573
0.391043
0.0932567
0.180417
0.08085
0.0570433
0.04421
0.03852
0.0401767
0.0447667
0.0129633
0.00853333
0.0260633
0.0424367
0.0309933
0.00807333
0.00793
0.00026
0.000706667
0.0861567
0.06393
0.0130633
0.01564
0.0686433
0.105807
0.0675467
0.04627
0.00321
0.00306
0.00026
0
0.0351467
0.02737
0.184117
0.16465
0.0852433
0.000363333
0.000253333
0
0
0.116863
0.260767
0.169367
0.274873
0.00022
0.00313333
0
0
0.451947
0.43803
0.48535
0.266437
0.170023
0.00302333
0.00513667
0
0
0.615783
0.74845
0.742137
0.7938
0.563413
0.000556667
0.00278
0.000556667
0.000556667
0
0
0.0157967
0.0151933
0.0267067
0.0146267
0.0197033
0.00766
0.0363
0.02188
0.01162
0.01641
0.00688333
0.00756333
0.00099
0.00240333
0.00099
0.0018
0.00081
0.00212333
0.00131333
0.00177333
0.0395467
0.0529933
0.0431833
0
0
0
0
0
0.00779333
0.0189967
0
0
0
0
0
0.00115
0.00135
0
0
0
0
0
0
0.00261333
0
0
0
0
0
0
0
0
0
0
0
0
0
0
0.0227367
0.001
0.00361333
0
0
0
0
0
0
0
0
0
0
0
0
0
0
0
0.0212667
0.00214333
0.001
0
0
0
0
0
0
0
0
0
0
0
0.00153
0
0.00114333
0
0
0
0
0
0
0
0
0
0.000386667
0
0.000386667
0
0
0
0
0
0
0
0
0
0
0
0
0
0
0
0
0
0
0
0
0
0
0
0
0
0
0
0
0
0
0
0
0
0
0
0
0
0
0
0
0
0.000146667
0
0
0
0
0
0
0
0
0
0
0
0.0343833
0.00641
0.00223
0.00432667
0
0
0
0
0
0
0
0
0.05851
0.0310833
0.0111367
0.00974
0
0
0
0
0
0
0
0
0.0348633
0.01099
0.00581333
0.00108667
0
0
0
0
0
0
0
0
0
0.00682333
0.00096
0.0004
0
0
0
0
0
0
0
0
0
0
0
0.00056
0
0
0
0
0
0
0
0
0
0
0
0
0
0
0
0
0
0
0
0
0
0
0
0
0
0
0
0
0
0
0
0
0
0
0
0
0
0
0.00035
0
0.00035
0
0
0
0
0
0
0
0
0
0.000146667
0.000146667
0
0
0
0
0
0
0
0
0
0.000146667
0
0
0
0.00044
0
0
0
0
0
0
0
0
0
0
0
0
0
0.00782667
0.00227667
0.00183667
0
0
0
0
0
0
0
0.000333333
0.000333333
0.000666667
0.0334367
0.02791
0.0311267
0.0116733
0.00290667
0.00107
0
0
0
0
0.00845333
0.0155733
0.00823333
0.00251
0.02879
0.00925333
0.0480433
0.0612033
0.05317
0.0414133
0.0217733
0.01072
0.00195333
0.0230267
0.0219667
0.0142933
0.00687667
0
0.00062
0.00062
0.00189
0.00127
0.0073
0.0274567
0.0318667
0.04636
0.0383267
0.0382833
0.0347167
0.0109833
0.00593333
0
0
0
0
0
0
0
0
0
0
0.000726667
0.0250133
0.0107233
0.0741033
0.0545567
0.102317
0.0973367
0.04182
0.02313
0.0109767
0.01072
0
0
0
0
0
0
0
0
0.0367567
0.0737033
0.0934133
0.114777
0.02925
0.0601467
0.0354733
0.00387
0.0147367
0.00137667
0.000756667
0.00256667
0.00243
0.00842
0.00683667
0.0107733
0.00553667
0.00825333
0.00447667
0.00402
0.000616667
0.000456667
0.00016
0.00455
0.00684333
0.0414333
0.0242367
0.0680233
0
0.000526667
0
0
0
0.00780333
0.00248
0.0125267
0.0181033
0.144223
0.08777
0.0727833
0.0577967
0.04798
0.0562167
0.05025
0.0405367
0.08621
0.05674
0.084
0.104337
0.0739233
0.03809
0.0555933
0.0418133
0.00175667
0.00789
0.00123
0
0.02159
0.0219
0.00732333
0.00212
0.0603767
0.0587967
0.0111167
0.00749667
0.0198367
0.0199267
0.00745333
0.0231167
0.0342567
0.000706667
0.00141333
0.00564333
0.00696333
0.0284833
0.04367
0.0211633
0.00707333
0.0219667
0
0
0.00918333
0.0272233
0.0512233
0.07152
0.0365367
0.0216633
0.00422667
0.0137167
0
0
0.11791
0.210637
0.07349
0.09193
0.0591467
0.04249
0.0127667
0.02491
0.00148333
0
0.32139
0.38823
0.0871267
0.102923
0.0644
0.01739
0.0203367
0.00296667
0.00148333
0.563943
0.603127
0.549663
0.41716
0.39117
0.211067
0.165107
0.0980067
0.0101267
0.00482333
0.00408333
0.00204
0.00148333
0.00966333
0.00268333
0.0495233
0.0598933
0.0503733
0.0380733
0.0551
0.0290667
0.03016
0.01076
0.00767
0.00069
0.000406667
0
0.01856
0.00758667
0.02646
0.00984333
0.00407333
0.00389667
0.0004
0.000283333
0
0
0.01699
0.00673
0.00675333
0.000576667
0.00046
0.000116667
0.000116667
0
0
0.0252867
0.0135133
0
0
0
0
0
0
0
0.0133
0.0150933
0.00274
0
0
0
0
0
0
0
0
0.0002
0.000746667
0.000946667
0.000746667
0
0
0
0
0
0
0
0
0
0
0
0
0
0
0
0
0
0
0
0
0
0
0
0
0
0
0
0
0
0
0
0
0
0
0
0
0
0
0
0
0
0
0
0
0
0
0
0
0
0
0
0
0
0
0
0
0
0
0
0
0
0
0
0
0
0
0
0
0
0
0
0
0
0
0
0
0
0
0
0
0
0
0
0
0
0
0
0
0
0
0
0
0
0
0
0
0
0
0
0
0
0
0
0
0
0
0
0
0
0
0
0
0
0
0
0
0.00432667
0
0
0
0
0
0
0
0
0
0
0
0.00501333
0.000686667
0
0
0
0
0
0
0
0
0
0
0.000686667
0
0
0
0
0
0
0
0
0
0
0
0
0
0
0
0
0
0
0
0
0
0
0
0
0
0
0
0
0.00018
0.00018
0.00277
0.00279667
0.00805667
0.00622667
0.00714667
0.00188667
0.00112667
0
0.0006
0.00139333
0.00257
0
0
0
0
0
0
0
0
0
0
0
0
0
0.000753333
0.000933333
0.008
0.00983667
0.0254867
0.02368
0.0390367
0.0243333
0.02021
0.00226333
0.00113667
0.0006
0.00117667
0.00235333
0
0
0
0
0
0
0
0
0
0
0
0
0.000753333
0.00192333
0.00899
0.0178767
0.0325367
0.0413267
0.0496333
0.04085
0.02613
0.00874667
0.0017
0.000563333
0.000576667
0
0
0
0
0
0
0
0
0
0
0
0
0
0
0.00117
0.00690333
0.0165433
0.02249
0.0326133
0.0255167
0.0254467
0.00976667
0.00778667
0.00074
0.000563333
0
0
0
0
0
0
0
0
0
0
0
0
0
0
0
0
0
0.00573333
0.00633333
0.01345
0.00792667
0.00987
0.00275333
0.00272
0.000176667
0.000176667
0
0
0
0
0
0
0
0
0
0
0
0
0
0
0
0
0
0
0
0.0006
0.0006
0.00081
0.00021
0.00021
0
0
0
0
0
0
0
0
0
0
0
0
0
0
0
0
0
0
0
0
0
0
0
0
0
0
0
0
0
0
0
0
0
0
0
0
0
0
0
0
0
0
0
0
0
0
0
0
0
0
0
0
0.000333333
0
0
0
0
0
0
0
0
0
0
0
0
0
0
0.00232333
0.00232333
0.00447
0.00214667
0.00429333
0.00214667
0.00214667
0
0
0.000446667
0
0.000113333
0
0.000883333
0
0
0
0
0
0
0
0
0
0
0
0
0
0
0
0
0.00305
0.00537333
0.0254633
0.02456
0.0265167
0.00857333
0.00642667
0.000483333
0.00104
0.00067
0.00159667
0.0184567
0.00153667
0.01366
0.000883333
0
0
0
0
0
0
0
0
0
0.000726667
0
0.0137733
0.00377667
0.05963
0.0331367
0.0756
0.0503367
0.00238333
0.00303667
0.0139733
0.01407
0.0255267
0
0.01171
0.00603
0.0123133
0.01739
0.00728667
0.00160667
0.000653333
0.000653333
0
0
0
0.000726667
0.09874
0.101463
0.00633
0.00781333
0.0162267
0.0309567
0.06277
0.0663
0.0716333
0
0
0
0
0
0
0
0
0.00568
0.00663333
0.000313333
0
0.0673
0.0936567
0.0184267
0.0302167
0.0535733
0.0801067
0.106253
0.0978733
0.118533
0.0333967
0.07119
0.0127767
0.00129
0.00092
0.00105667
0.00434333
0.00647333
0.0208667
0.02295
0.03621
0.0256167
0.02566
0.0135333
0.0067
0.00989333
0.00037
0.000666667
0.00467
0.00455
0.02416
0
0
0
0.00011
0.00011
0.00011
0.0205467
0.00563667
0.0247767
0.02102
0.0200567
0.02478
0.0202633
0.00552
0
0
0.00226
0.00226
0.00237
0.04544
0.03433
0.00191667
0.00336333
0.00563667
0.000673333
0.000493333
0.00671667
0.00247667
0.00424333
0.0405033
0.0456767
0.00121
0.000503333
0.00310667
0.00521333
0.01187
0.00791667
0.00474667
0.0258433
0.0279333
0
0
0.02711
0.04989
0.00827333
0.0127267
0.0266633
0.0429067
0
0
0.14273
0.176103
0.0130367
0.0279267
0.0421033
0.0448767
0.00600333
0.00300333
0.00152
0.31085
0.26546
0.0537633
0.0339467
0.03063
0.02423
0.02042
0.0141533
0.0131967
0.00596667
0.32856
0.24098
0.205843
0.15616
0.0937833
0.0765
0.07902
0.0582133
0.0207833
0.0170733
0.00689333
0.00418667
0.02345
0.0345633
0.0349567
0.03499
0.0201667
0.00930333
0.00350333
0.0194367
0.0149533
0.02436
0.0243567
0.03456
0.02628
0.0263167
0.00997667
0.00778667
0.06573
0.05842
0.03794
0.0611833
0.0205333
0.00907
0.00779667
0.0136767
0.00718667
0.00958667
0.00370667
0.00406
0.0451633
0.0564233
0.04777
0.00100333
0.00100333
0.00130667
0.000303333
0.000303333
0.0190233
0.0225633
0
0
0
0
0.00607333
0.00737
0
0
0
0
0
0.00257333
0.00058
0
0
0
0
0
0
0
0.00199333
0
0
0
0
0
0
0
0
0
0
0
0
0
0
0
0
0
0
0
0
0
0
0
0
0
0
0
0
0
0
0
0
0
0
0
0
0
0
0
0
0
0
0
0
0
0
0
0
0
0
0
0
0
0
0
0
0
0
0
0
0
0
0
0
0
0
0
0
0
0
0
0
0
0
0
0
0
0
0
0
0
0
0
0
0
0
0
0
0
0
0
0
0
0
0
0
0
0
0
0
0
0
0
0
0
0
0
0
0
0
0
0
0
0
0
0
0
0
0
0
0
0
0
0
0
0
0
0
0
0
0
0
0
0
0
0
0
0
0
0
0
0
0
0
0
0
0
0
0
0
0
0
0
0
0
0
0
0.000146667
0.000493333
0.00258667
0.00703667
0.0173767
0.01995
0
0
0
0
0
0
0
0
0
0
0
0
0
0
0
0
0
0
0
0
0.000346667
0.00054
0.00513667
0.00756
0.0120333
0.0146633
0.0159733
0.01707
0.0108667
0.0120933
0
0
0
0
0
0
0
0
0
0.000206667
0
0.000966667
0.000206667
0.00076
0.00076
0
0
0.000986667
0.000193333
0.00626
0.00823667
0.0238067
0.02576
0.0324967
0.0224967
0.01687
0.01267
0.01223
0
0
0
0
0.00724333
0.02438
0.0389667
0.04936
0.0409367
0.03033
0.0162633
0.00781
0.00797667
0.00705
0
0
0
0
0.0202633
0.00291
0.02602
0.04053
0.0250167
0.02324
0.00773
0.00636667
0.00121
0.00172667
0
0
0
0
0.00173333
0.000576667
0.00174
0.00867333
0.00769
0.00952333
0.00259
0.00257333
0.000156667
0.000156667
0
0
0
0
0
0
0.000583333
0.000583333
0.000756667
0.000173333
0.000173333
0
0
0
0
0
0
0
0
0
0
0
0
0
0
0
0
0
0
0
0
0
0
0
0
0
0
0
0
0
0
0
0
0
0
0
0
0
0
0
0
0
0
0
0
0
0
0
0
0
0
0
0
0
0
0
0
0
0
0
0.00428
0
0.00213333
0.00213333
0
0
0.000923333
0.00185
0.000923333
0
0
0
0
0
0
0.0068
0.0327667
0.00465333
0.0140733
0.00251667
0.01474
0.00159333
0
0
0
0.000163333
0
0.000163333
0.000466667
0.000443333
0.00014
0.00028
0.00014
0.00014
0
0.0374767
0.0672233
0.0350567
0.00226333
0.0235033
0.00067
0.000953333
0
0.000953333
0
0
0
0
0
0
0.000163333
0.000326667
0.00445333
0.00459333
0.00785
0.00386333
0.00387333
0.0037
0.000453333
0.0579033
0.0487333
0.00067
0.0003
0.0006
0.00119333
0.0048
0.01162
0.0255567
0.03508
0.04365
0.02241
0.0351533
0.00935
0.000713333
0.000983333
0.000603333
0.00038
0.00038
0
0.01546
0.0262433
0.0186433
0.02779
0.0105233
0.00355
0.000603333
0.00037
0
0.00012
0.00012
0.000566667
0.000446667
0.000773333
0.000556667
0.000326667
0.00023
0.00523333
0.00357667
0.00876
0.00627667
0.03002
0.0392567
0.0019
0.00355
0.00023
0
0.0213967
0.0205167
0.02443
0.03653
0.03328
0.000503333
0.00100667
0.000893333
0.00344333
0.000893333
0.0386067
0.0246033
0.0331533
0.0439267
0
0
0.0288867
0.0263367
0.0264133
0.0292367
0.00973667
0.05286
0.0595
0
0
0.04655
0.10085
0.0263733
0.01345
0.0146033
0.05232
0.0468533
0.02157
0.00845
0.00545
0.00152
0.125407
0.0628767
0.10761
0.0530533
0.0161733
0.02178
0.0368267
0.02731
0.0705467
0.0412067
0.0510833
0.0318967
0.0365067
0.180197
0.16156
0.00968
0.05405
0.0586333
0.05276
0.0783767
0.03681
0.06597
0.06034
0.0850933
0.00678
0.00908333
0.00354667
0.00504333
0.01269
0.02873
0.04722
0.00896333
0.0122867
0.00806667
0.00588667
0.02915
0.0421667
0.04274
0.04406
0.01972
0.0106867
0.00678667
0.01851
0.0347933
0.05314
0.0472733
0.00605
0.00113333
0.0109133
0.0194733
0.0221067
0.0274767
0.0255367
0.000476667
0
0.000476667
0.00599667
0.00627333
0.0138233
0.01353
0.0142733
0
0
0
0
0
0.000753333
0.000753333
0.00187667
0.00449667
0.00262
0
0
0
0
0
0
0
0
0
0
0
0
0
0
0
0
0
0
0
0
0
0
0
0
0
0
0
0
0
0
0
0
0
0
0
0
0
0
0
0
0
0
0
0
0
0
0
0
0
0
0
0
0
0
0
0
0
0
0
0
0
0
0
0
0
0
0
0
0
0
0
0
0
0
0
0
0
0
0
0
0
0
0
0
0
0
0
0
0
0
0
0
0
0
0
0
0
0
0
0
0
0
0
0
0
0
0
0
0
0
0
0
0
0
0
0
0
0
0
0
0
0
0
0
0
0
0
0
0
0
0
0
0
0
0
0
0
0
0
0
0
0
0
0
0
0
0
0
0
0
0
0.000146667
0.000726667
0.00305333
0.00645667
0.02194
0.0241933
0.0365733
0.0251533
0.0209967
0
0
0
0
0
0
0
0
0
0.000146667
0
0.00238667
0.000293333
0.0151067
0.00456667
0.0310467
0.0364233
0.0490567
0.0469533
0.03444
0.0199033
0.00664
0.00339
0.0087
0
0
0
0
0.0333867
0.0237067
0.03766
0.00865333
0.02259
0.00957
0.0112133
0.0241833
0.02492
0.03904
0.0269133
0.0382667
0
0
0
0.0113267
0.0283933
0.0396067
0.0557967
0.0544933
0.05402
0.04992
0.0489933
0
0
0.02872
0.0307433
0.0466067
0.0361567
0.0448733
0.0286133
0.0368333
0.0228167
0
0
0.0133267
0.00816333
0.01513
0.00825
0.0130167
0.00551
0.00709
0.00216333
0.00203
0
0
0
0.000833333
0.000673333
0.00016
0.00061
0.00045
0.000583333
0.000133333
0.000133333
0
0
0
0
0
0
0
0
0
0
0
0
0
0
0
0
0
0
0
0
0
0
0
0
0
0
0
0
0
0
0
0
0
0
0
0
0
0
0
0
0
0
0
0
0
0
0
0
0
0
0
0
0
0
0
0
0
0
0
0
0
0
0
0
0
0
0
0
0
0
0
0
0
0
0
0
0
0
0
0
0
0
0
0
0
0
0
0
0
0
0
0
0.00465333
0
0.00213333
0
0
0
0
0
0
0
0.0118967
0.00290667
0
0.0003
0.0003
0.0003
0.00976333
0.0168533
0.000893333
0.00452667
0.0116467
0.0161833
0.02568
0.02033
0.0181467
0
0
0
0
0
0
0
0
0
0.00051
0.000163333
0.0101467
0.00463667
0.0177133
0.00875667
0.00128
0.00471667
0.00318
0.000233333
0.000233333
0
0
0
0
0.000233333
0.000233333
0.000623333
0.00039
0
0.00039
0
0.0127333
0.00706
0.00744
0
0.01374
0.0190667
0.01926
0.00139667
0.000503333
0
0
0.0286267
0.0194133
0.0210467
0.0139867
0.03442
0.0245667
0.00052
0.000503333
0.000503333
0
0
0.0424
0.05569
0.0330533
0.0463967
0.0498533
0.00145333
0.00052
0.00122667
0.00219667
0.00222667
0.0750667
0.0626167
0.0489667
0.0540333
0.0256333
0.0332
0.00800667
0.0110033
0.000933333
0.00746333
0.01036
0.0146267
0.0103067
0.0494033
0.05537
0.0489767
0.03321
0.0237133
0.01744
0.02658
0.00641
0.01288
0.0123733
0.0213833
0.335033
0.427157
0.14691
0.06994
0.236133
0.30962
0.146107
0.289163
0.14394
0.163337
0.09468
0.00911333
0.0228667
0.0833267
0.0766833
0.0578333
0.04979
0.0241967
0.000896667
0.00263333
0.06834
0.06363
0.05829
0.04114
0.01991
0.01101
0.00308
0.00052
0.06911
0.0661367
0.07224
0.05671
0.03937
0.01972
0.0125167
0.01018
0.0693433
0.0510167
0.0595467
0.05947
0.0349933
0.0304233
0.01783
0.01096
0.0373667
0.0314933
0.0353467
0.0148867
0.01461
0.0105567
0.00871667
0.00162333
0.01092
0.00851
0.00337
0.00348333
0.00032
0.00524
0.000843333
0.00346333
0.000843333
0.00096
0.000206667
0.000206667
0
0
0
0.00262
0
0
0
0
0
0
0
0
0
0
0
0
0
0
0
0
0
0
0
0
0
0
0
0
0
0
0
0
0
0
0
0
0
0
0
0
0
0
0
0
0
0
0
0
0
0
0
0
0
0
0
0
0
0
0
0
0
0
0
0
0
0
0
0
0
0
0
0
0
0
0
0
0
0
0
0
0
0
0
0
0
0
0
0
0
0
0
0
0
0
0
0
0
0
0
0
0
0
0
0
0
0
0
0
0
0
0
0
0
0
0
0
0
0
0
0
0
0
0
0
0
0.000143333
0.000143333
0.00035
0.000206667
0.000206667
0
0
0
0
0
0
0
0
0.00058
0
0.00427333
0.000723333
0.00833667
0.0039
0.00922333
0.00478667
0.00464333
0
0
0
0
0
0
0
0.00506667
0.000723333
0.000423333
0.000446667
0.000146667
0.000356667
0.00021
0.000683333
0
0
0
0.00618
0.0103367
0.00609
0.01242
0.0085
0.00984
0.00202333
0.00262667
0
0
0
0.0292967
0.0357733
0.0202367
0.0140467
0.00425333
0.00270333
0
0
0
0.0438167
0.03476
0.0205267
0.0102067
0.00217667
0.00055
0
0
0
0
0
0
0.02592
0.00258
0.01061
0.00055
0.00055
0
0
0
0
0
0
0
0
0
0
0
0
0
0
0
0
0
0
0
0
0
0
0
0
0
0
0
0
0
0
0
0
0
0
0
0
0
0
0
0
0
0
0
0
0
0
0
0
0
0
0
0
0
0
0
0
0
0
0
0
0
0
0
0
0
0
0
0
0
0
0
0
0
0
0
0
0
0
0
0
0
0
0
0
0
0
0
0
0.000386667
0
0
0
0
0
0
0
0
0
0
0.00028
0.000773333
0.000386667
0.000386667
0.00421333
0.00449333
0.00934333
0.0069
0.00541
0.00188333
0.000386667
0
0.00188333
0.000393333
0.00028
0.00028
0
0.000256667
0.000256667
0.00335333
0.00333
0.00777667
0.00507
0.00937667
0.00493
0.000326667
0.00486667
0.000483333
0
0
0
0
0
0
0
0.000346667
0
0.00804
0.000693333
0.0154133
0
0
0
0.000156667
0.00369333
0.00033
0.01237
0.00692667
0
0.0305933
0.03757
0.0432267
0.00104
0.00052
0
0
0.000173333
0.00910667
0.000273333
0.0112033
0.0305467
0.01148
0.04316
0.02684
0.0347067
0.00821667
0.01477
0.00197333
0.0011
0.00322667
0.00195667
0.0108433
0.07774
0.0971167
0.0466433
0.00303
0.0102367
0.00369333
0.04584
0.0219633
0.0737733
0.0996333
0.321417
0.426397
0.586033
0.512233
0.434957
0.57409
0.259803
0.384377
0.216243
0.187657
0.263263
0.10549
0.07237
0.08945
0.0760733
0.0300533
0.117873
0.0359667
0.0370533
0.06008
0.0828233
0.0159233
0.0136667
0.0195667
0.00529333
0.0252033
0.0654333
0
0
0.00289667
0.00842333
0.00238667
0.01042
0.000223333
0.000223333
0.00750333
0.00985333
0.00067
0.00108
0.000543333
0.00100333
0.000223333
0
0.00302
0.00320667
0.000133333
0.000133333
0
0
0
0.00078
0
0
0
0.00032
0
0
0
0
0
0
0
0
0
0
0
0
0
0
0
0
0
0
0
0
0
0
0
0
0
0
0
0
0
0
0
0
0
0
0
0
0
0
0
0
0
0
0
0
0
0
0
0
0
0
0
0
0
0
0
0
0
0
0
0
0
0
0
0
0
0
0
0
0
0
0
0
0
0
0
0
0
0
0
0
0
0
0
0
0
0
0
0
0
0
0
0
0
0
0
0
0
0
0
0
0
0
0
0
0
0
0
0
0
0
0
0
0
0
0
0
0
0
0
0
0
0
0
0
0
0
0
0
0
0
0
0
0
0
0
0
0
0
0
0
0
0
0
0
0
0
0
0
0
0
0
0
0
0
0
0
0
0
0.00016
0.00016
0
0
0
0.000473333
0.000473333
0.000473333
0
0.000206667
0.000206667
0
0
0
0.00107667
0.00107667
0
0
0
0
0
0.00107667
0
0
0
0
0
0
0
0
0
0
0
0
0
0
0
0
0
0
0
0
0
0
0
0
0
0
0
0
0
0
0
0
0
0
0
0
0
0
0
0
0
0
0
0
0
0
0
0
0
0
0
0
0
0
0
0
0
0
0
0
0
0
0
0
0
0
0
0
0
0
0
0
0
0
0
0
0
0
0
0
0
0
0
0
0
0
0
0
0
0
0
0.00028
0
0.00028
0
0
0
0
0
0
0.00056
0.00028
0.00028
0.00044
0.000326667
0.00463
0
0
0
0.00458333
0.00909333
0.00490333
0.00614333
0.00177667
0.00718667
0.00876333
0.0241433
0.02318
0.03675
0.0256533
0.02176
0.00542
0.00164
0.00124333
0
0
0
0
0.01063
0.0132333
0.0401167
0.0409967
0.0766433
0.0006
0.0006
0
0
0
0
0
0
0.000346667
0.000736667
0.00808333
0.01029
0.0245967
0.0194133
0.0298633
0.0135233
0.00052
0
0
0
0.0509933
0.07936
0.0554367
0.05929
0.00562
0.00853667
0.00166667
0.02817
0.03277
0.0202867
0.0232633
0.0586367
0.0465333
0.07336
0.0838033
0.0765633
0.0458267
0.0336467
0.0304933
0.390067
0.58894
0.54256
0.544553
0.409117
0.155307
0.252917
0.09804
0.08763
0.11593
0.41735
0.368243
0.505753
0.112963
0.153903
0.14473
0.269907
0.194237
0.139757
0.14672
0.0546533
0.0553933
0.0698
0.0646767
0.0844867
0.0601333
0.0552767
0.000106667
0.01737
0.0145133
0.0531267
0.01929
0.00980667
0.0111
0.0227333
0.0172767
0.000106667
0.000106667
0.00296333
0.00340333
0.00123667
0.000693333
0.00107333
0.00111667
0.00568667
0
0
0.000546667
0.00106
0
0
0.000736667
0.00187333
0
0
0.000513333
0.00063
0
0
0.00113667
0.00395333
0
0
0.000116667
0.000116667
0
0.00281667
0.00281667
0
0.00281667
0
0
0
0
0
0
0
0
0
0
0
0
0
0
0
0
0
0
0
0
0
0
0
0
0
0
0
0
0
0
0
0
0
0
0
0
0
0
0
0
0
0
0
0
0
0
0
0
0
0
0
0
0
0
0
0
0
0
0
0
0
0
0
0
0
0
0
0
0
0
0
0
0
0
0
0
0
0
0
0
0
0
0
0
0
0
0
0
0
0
0
0
0
0
0
0
0
0
0
0
0.0006
0.00044
0.00474667
0
0
0
0
0.00430667
0.00466333
0.00860333
0.00507
0
0
0
0.000613333
0.000406667
0
0
0
0
0
0.000163333
0.00284333
0
0
0
0
0.00268
0.00268
0.00268
0
0
0
0
0
0
0
0
0
0
0
0
0
0
0
0
0
0
0
0
0
0
0
0
0
0
0
0
0
0
0.00038
0.00038
0
0
0.00412667
0.00374667
0
0
0
0.000236667
0.00398333
0.00806333
0
0
0
0.000236667
0.000473333
0.00455333
0.00839667
0
0
0
0.000236667
0.00071
0.00479
0
0
0
0
0
0
0
0
0
0
0
0
0
0
0
0
0
0
0
0
0
0
0
0
0
0
0
0
0
0.00038
0
0
0
0
0
0
0
0
0
0
0.00038
0.00109
0.00103667
0.0102567
0.00677667
0.01896
0
0
0
0
0.0178433
0.0151733
0.00766333
0.00899667
0.0128867
0.0274967
0.0371767
0.0468867
0.0474233
0.0361267
0.02156
0.00534
0.00176
0
0
0
0
0.00657333
0.01584
0.0419867
0.06454
0.119183
0.1062
0.13002
0.0006
0
0
0
0
0
0
0.00039
0.00039
0.00266
0.00294333
0.00482333
0.0130033
0.0130033
0
0
0
0
0
0.10484
0.05172
0.0706567
0.0224
0.0406233
0.0100833
0.0244
0.00700667
0.0114033
0.00729333
0.0122867
0.0149467
0.00763667
0.00657
0.00227
0.00216333
0.0151667
0.26646
0.1498
0.0812733
0.07637
0.08297
0.118593
0.461367
0.359483
0.466567
0.24927
0.137703
0.17598
0.19311
0.297293
0.194313
0.251303
0.136303
0.147237
0.177997
0.0843067
0.0861333
0.10077
0.09395
0.0695067
0.0551333
0.02715
0.0404767
0.0666633
0.0411967
0.05086
0.0380333
0.0218367
0.03011
0.00516
0.00692
0.01677
0.03315
0.04475
0.0518267
0.0356333
0.01577
0.0576133
0.00567667
0.00741
0.0250333
0.0271733
0.0423667
0.0296067
0.0123367
0.0241433
0.0495567
0.06419
0.00291
0.00239667
0.0118467
0.00903667
0.0172233
0.0164967
0.0279133
0.0404567
0.00115667
0.0262533
0.00126
0.000116667
0
0.00509
0.00509
0.000103333
0
0.000103333
0
0
0
0
0
0
0
0
0
0
0
0
0.000133333
0
0
0
0
0.000133333
0.000133333
0.000266667
0.00173
0.00176333
0
0
0.000133333
0.000166667
0.0003
0.000166667
0.000333333
0.000166667
0.000166667
0
0
0
0
0
0
0
0
0.00012
0.00024
0.00024
0.00328333
0.00316333
0
0
0.00012
0
0.00012
0
0
0
0
0
0
0
0
0
0
0
0
0
0
0
0
0
0
0
0
0
0
0
0
0
0
0
0
0
0
0
0
0.00111
0.00067
0.00953333
0
0
0
0.01301
0.0253733
0.02934
0.0373033
0
0
0
0.02094
0.0197667
0
0
0
0
0.00369
0.000326667
0.00344667
0.00436
0
0
0
0.00687667
0.02491
0
0
0
0.0208767
0.0368567
0
0
0
0
0.01866
0.0189533
0
0
0
0.000293333
0
0
0
0
0
0
0
0
0
0
0
0.000206667
0.000206667
0
0
0.00354667
0.00372
0
0
0
0.0152933
0.0157
0
0
0
0.03644
0.0289467
0
0
0
0.01588
0.03292
0
0
0
0.0122733
0.01952
0
0
0
0.00105333
0.000473333
0.00877333
0
0
0
0
0
0
0
0
0
0
0
0
0
0
0
0
0
0
0
0
0
0.000623333
0.000243333
0.00576
0
0
0
0
0
0
0
0
0
0
0.00622667
0.02911
0.0115867
0.0330033
0
0
0
0
0.05307
0.0416667
0.01738
0.0149267
0.0143067
0.02355
0.0242267
0.0228067
0.03653
0.00696667
0.0218667
0.00500667
0
0
0
0
0
0
0.001
0.00594667
0.01098
0.0189833
0.0407233
0.0760467
0.11897
0.115397
0.113463
0
0
0
0
0
0
0
0
0.0703967
0.05277
0.0145267
0.00781667
0.00271333
0.00298
0.00682
0.00952667
0.02514
0.0276133
0.0425367
0.0321133
0.02544
0.00720667
0.00123667
0
0
0
0
0
0
0
0
0.000106667
0.000106667
0.000106667
0
0
0
0.11837
0.0670333
0.0416967
0.0625367
0.06619
0.105733
0.113583
0.0493333
0.0287833
0.0188667
0.03683
0.0354333
0.0924167
0.05427
0.150297
0.09815
0.14376
0.0900433
0.07048
0.04761
0.02216
0.0139667
0.00999
0.0162867
0.0337267
0.0313267
0.01717
0.0138767
0.03123
0.02298
0.00993333
0.0110967
0.0285933
0.02628
0.0504567
0.03213
0.0834367
0.03686
0.02554
0.0128233
0.0100333
0.00599333
0.00183
0.08672
0.10698
0.0277467
0.01071
0.000816667
0.00571333
0.000973333
0.0925067
0.0771233
0.03742
0.0164567
0.0109667
0.000936667
0.00631333
0.000436667
0.00539333
0.000466667
0.0046
0.00079
0.000426667
0.000853333
0.00559
0.0005
0.0005
0
0.000426667
0
0.000426667
0.00033
0.00033
0.000966667
0
0
0
0
0.00077
0.00764667
0.00682
0.01282
0.0299567
0.0322
0
0
0
0
0.00693667
0.00862667
0.0137667
0.000626667
0.00892
0.000673333
0
0
0
0
0.000213333
0.00676333
0.00685667
0.00944333
0.0129233
0.02491
0
0
0
0
0.01875
0.00043
0.0160167
0.000673333
0
0
0.000243333
0
0.000243333
0
0
0
0
0
0
0
0
0
0
0
0
0
0
0
0
0
0
0
0.000386667
0.00105667
0.00199
0
0
0
0.0100267
0.01749
0.0333267
0.04016
0
0
0
0
0.0481033
0.0346967
0
0
0
0.0227233
0.00723667
0.00403667
0
0
0
0.0136433
0.00478667
0.0345233
0
0
0
0
0.0437
0.0644933
0
0
0
0
0.0616833
0.05661
0
0
0
0.0320767
0.0135933
0
0
0
0.00047
0.000293333
0
0
0
0
0
0
0
0
0
0
0
0
0
0
0
0
0.00103
0.00123667
0
0
0
0
0.00968
0.01199
0
0
0
0.03266
0.03579
0
0
0.05978
0.0600233
0
0
0.0528867
0.0724967
0
0
0
0.02458
0.0409067
0
0
0
0.00899667
0.0175567
0
0
0
0
0
0.000343333
0.000923333
0.00162
0
0
0
0
0
0
0
0
0
0.000223333
0
0
0
0
0.000466667
0.00560333
0.0105167
0
0
0
0
0
0
0
0
0
0
0.0283833
0.04148
0
0
0
0
0.06279
0.0676367
0.0704867
0.0243533
0.04802
0.01111
0
0
0
0
0.05972
0.0546067
0.0316367
0.021
0.00541333
0.00675
0.00661333
0.00855333
0.00260667
0.00788667
0.00253667
0.00275667
0.000683333
0.000886667
0.00509
0.00992333
0.0175767
0.01804
0.0582433
0.0538433
0.0768733
0
0.00016
0
0.00032
0.00016
0.00105667
0.000896667
0.000896667
0
0
0.0476333
0.02827
0.0173867
0.00574333
0.04355
0.0339033
0.0348433
0.01164
0.00895
0.000643333
0.00111667
0.00181
0.00724667
0.02475
0.0399367
0.05039
0.0505167
0.0394533
0.0248
0.00714667
0.00181667
0.00058
0
0
0
0
0
0
0
0
0
0
0
0
0
0
0.0512233
0.04979
0.05857
0.0414533
0.0520933
0.0246033
0.0234
0.02998
0.00990667
0.0126
0.00414333
0.00195667
0.00550667
0.00501333
0.00266667
0.0164533
0.0105733
0.0373733
0.05679
0.0888433
0.00204333
0.00118667
0.000593333
0
0
0
0.0979533
0.112807
0.10985
0.0983667
0.000593333
0.000593333
0
0
0
0
0.07292
0.0359233
0.0191633
0.00836
0.00448333
0.00062
0
0
0
0
0
0
0.00079
0.00758333
0.00715667
0.0170133
0.0102833
0.0101867
0.0155
0.01073
0
0
0
0
0
0.00605333
0.01222
0.0112567
0.0293033
0.04237
0.05323
0
0
0.0438033
0.0138333
0.0302833
0.00641667
0
0
0.00155
0.0109367
0.00517
0.0285933
0.0265133
0.0381533
0
0
0.03795
0.0205867
0.03636
0.00583
0
0
0.00150333
0.00083
0.00166
0.00174667
0
0
0
0
0.00116
0.00127
0.00011
0.00022
0
0
0
0.00011
0.00011
0
0
0
0
0
0
0
0
0
0
0.000386667
0.00145333
0.00238667
0.00629
0
0
0
0.0133567
0.0236833
0.03465
0
0
0
0.0181567
0.02988
0.00729667
0
0
0
0
0.00435333
0.00659667
0
0
0
0.0152167
0.0370133
0.0528767
0
0
0
0.0693833
0.0686833
0.06012
0
0
0
0.0510733
0.02764
0
0
0
0.0146933
0.00157
0
0
0
0
0.000176667
0
0
0
0.000306667
0
0
0.000943333
0.00125
0
0
0.00444333
0.00435667
0
0
0.0207567
0.0157267
0
0
0.0454867
0.0358933
0
0
0
0.0702967
0.0591333
0
0
0
0.0666067
0.0685633
0
0
0.03861
0.0466567
0
0
0
0.0104833
0.00169333
0.01521
0
0
0
0
0
0
0.000343333
0.000693333
0.00139
0
0
0.000223333
0
0
0
0
0
0
0.000446667
0.00120667
0
0
0
0
0
0.00612
0.0233267
0.00014
0.00061
0.00047
0.00047
0
0
0
0
0
0.0406767
0.0643967
0
0
0
0.00014
0.0734133
0.08131
0
0
0
0
0.07295
0.0597667
0.00013
0.000933333
0.000463333
0.00529
0.00535667
0.00939333
0.00644
0.00972667
0.00717667
0.00542
0.00271
0.00181333
0
0
0.05025
0.0513467
0.00663667
0.00457
0.00570333
0
0.0002
0
0
0
0.0006
0.0006
0.000866667
0.00628333
0.00158
0.00833667
0.0198733
0.02229
0.0273367
0.01666
0.0127433
0.00537667
0.00333333
0.00013
0.00013
0.000603333
0.00181
0.00758
0.0250833
0.0309967
0.0411167
0.0255567
0.0237667
0.00805333
0.00608667
0.000756667
0.00058
0
0
0
0
0
0
0
0
0
0
0
0
0.00018
0.00018
0.00279333
0.00277333
0.00889333
0.0848633
0.159127
0.06581
0.0695067
0.0161667
0.03442
0.0249867
0.0056
0.00176667
0.000536667
0.00107333
0.000536667
0.000713333
0.000176667
0.000176667
0.286873
0.390127
0.256553
0.30544
0.13295
0.152667
0.0509967
0.0327333
0.00289
0.00219667
0.00071
0.00124667
0.00876333
0.01229
0.03776
0.0430933
0.0697567
0.0892833
0.09989
0.0960133
0.0860067
0
0.000536667
0.00131
0.00892667
0.00554667
0.03427
0.0253367
0.0609333
0.0575267
0.03289
0.0123133
0.00443667
0.000573333
0.000256667
0.00214
0.00887
0.02064
0.0381133
0
0
0
0.00099
0.000216667
0.00490667
0.0362
0.03958
0.02528
0.02051
0.0218833
0.0173067
0.0125467
0.00641333
0
0
0
0
0.0238067
0.0225733
0.03893
0.02629
0.0105733
0.0113333
0
0
0
0
0.0110167
0.01314
0.01216
0.0270733
0.0299633
0.0302033
0
0
0
0
0.0394367
0.0286067
0.0257333
0.0163167
0
0
0
0
0.0121867
0.0207967
0.0145967
0
0
0
0
0.022
0.0149267
0.01282
0
0
0
0
0.00527
0.00625333
0.00236333
0.00225333
0
0
0
0
0.00011
0
0
0
0
0
0
0
0
0.00069
0
0
0
0
0.00175667
0.01095
0.01455
0
0
0
0
0.0375367
0.0247433
0.04604
0
0
0
0.03249
0.0356767
0.01838
0
0
0
0.02526
0.0204533
0.0136933
0
0
0
0
0.0308733
0.0474367
0
0
0
0.0667267
0.0506633
0.0416167
0
0
0
0.00789333
0.02084
0
0
0
0.000176667
0.00157
0
0
0
0
0.0001
0
0
0
0
0.00524333
0.000406667
0
0
0
0.0174633
0.01357
0
0
0.0243367
0.01543
0
0
0.0344667
0.0346767
0
0
0
0.0515
0.0476867
0
0
0
0.05017
0.0520233
0
0
0
0.0398433
0.0432633
0
0
0
0.0265967
0.00981333
0
0
0.000996667
0.00105
0.00647333
0
0
0
0
0
0.00035
0.00035
0
0.000223333
0.00081
0
0
0
0
0
0
0.000983333
0.00157
0.00621333
0
0
0
0
0
0.0228333
0.0266633
0.00544667
0.00619
0.00135333
0.00129667
0.000413333
0.000413333
0
0
0.0508767
0.04267
0.00011
0.00251
0.00254
0.00737667
0.0640867
0.0484933
0
0
0
0.00011
0.0525333
0.0458433
0.00789
0.00518
0.00181333
0
0
0
0.04907
0.07723
0.01172
0.0424633
0.0175267
0.0427
0.03655
0.0219033
0.00863333
0.00670333
0.000243333
0.000243333
0.000603333
0.00119667
0.00696667
0.00713333
0.01366
0.00806667
0.00984333
0.00272333
0.00272333
0.000176667
0.000176667
0
0
0
0
0
0
0
0
0
0
0
0
0.000593333
0.000773333
0.00652667
0.00854667
0.0300867
0.0304533
0.06067
0.04166
0.0389067
0.146537
0.215263
0.000176667
0.00501667
0.00131333
0.0131033
0.0295267
0.05308
0.353903
0.412923
0.00252
0.00141667
0.00157333
0.000556667
0.00038
0.00370333
0.543173
0.64323
0.554987
0.450843
0.527257
0.16891
0.248743
0.0336467
0.05457
0.01144
0.01259
0.00351333
0.07234
0.0567367
0.0836567
0.0406133
0.0124533
0.00879
0.000656667
0.000316667
0
0.00214
0.00939667
0.0211667
0.0386767
0.0510333
0.0589133
0.00812667
0.0254867
0.0250933
0.0457833
0.0258367
0.03258
0.03668
0.0493733
0.0237167
0.0144167
0.00782333
0.00113667
0.00088
0.000553333
0.00098
0
0.000216667
0
0.00452
0.000526667
0.00861333
0.00528
0.00605667
0.00682333
0.00758333
0.0116333
0.0261033
0
0
0
0
0.0280633
0.03003
0.0212
0.02144
0.01924
0
0
0
0
0.0155633
0.0171733
0.01758
0.03615
0
0
0
0
0.07282
0.0434967
0.0732067
0
0
0
0
0.0447567
0.0463233
0.0264067
0
0
0.0221
0.02089
0.00735333
0.00536
0
0
0.00015
0.00015
0
0
0.000173333
0
0.000863333
0.00449
0
0
0.0273967
0.01351
0
0
0
0.05115
0.0408533
0.05427
0.0548333
0
0
0
0
0.0474
0.04979
0
0
0
0.02317
0.03496
0.0107433
0.00819333
0
0
0
0.0256267
0.0277067
0
0
0
0
0.00748
0.0292933
0
0
0
0.000533333
0.00685667
0
0
0
0.000533333
0.000176667
0
0
0
0
0.00116333
0.00159667
0
0
0
0.03271
0.006
0
0
0
0.0700033
0.0844933
0
0
0
0
0.0682733
0.110047
0
0
0
0
0.0797633
0.104663
0
0
0
0.0715
0.0999733
0
0
0
0.05397
0.0714867
0
0
0
0.03772
0.02539
0
0
0
0.00582667
0.00686
0
0
0
0.000673333
0.00027
0.00211
0
0
0
0
0
0
0
0.00081
0.00081
0
0
0
0
0
0
0.00157
0.00621333
0.00076
0
0
0
0
0
0.00999333
0.00686
0.00227
0.00151
0.01412
0.0100167
0.00203
0.00114667
0.000413333
0
0
0.0153233
0.01443
0.00520667
0.00490667
0.0064
0.0217267
0.0226733
0.0286733
0.02142
0.0261833
0.00936667
0
0.000356667
0.000466667
0.00435667
0.03704
0.0423667
0.00576667
0.0024
0
0
0
0
0.115547
0.0927133
0.0255933
0.0125667
0.00694667
0.000486667
0.000243333
0
0.000593333
0.000593333
0.00136333
0.00077
0.000946667
0.000176667
0.000176667
0
0
0
0
0
0
0
0
0
0
0
0
0
0
0
0.000593333
0.00827333
0.0140267
0.0343067
0.0483467
0.09123
0.103187
0.104937
0.0596667
0.0292367
0.181447
0.276803
0.0851833
0.09593
0.06901
0.0476167
0.40206
0.559777
0.00532
0.0222267
0.0383467
0.0748333
0.64187
0.70474
0.00594667
0.01402
0.00437
0.00107667
0.00231333
0.735847
0.725393
0.670493
0.511917
0.34458
0.203673
0.101
0.0453133
0.0307
0.0201833
0.00866667
0.00432
0.00432333
0.00034
0.00034
0
0
0.00801333
0.000756667
0.0332867
0.0143933
0.0456833
0.0324133
0.0329533
0.01406
0.00848667
0.00156667
0.00081
0
0
0
0.000426667
0.00462
0.00865333
0.00431
0.00468667
0.00087
0.0022
0.00663667
0.0114367
0.0183567
0.0292933
0.0411267
0
0
0
0.00031
0
0.00031
0.0292
0.0399033
0.0168933
0.01515
0
0
0
0
0.0322967
0.0158867
0.0505433
0.0832833
0
0
0
0
0.10745
0.0982133
0.0927933
0.07543
0
0
0
0
0.0478267
0.05741
0
0
0
0
0.0272567
0.03429
0.0130733
0.00801333
0
0
0
0
0.00015
0.0003
0
0
0
0
0.000173333
0.000173333
0.0038
0.00362667
0
0
0
0
0.0214033
0.0182033
0
0
0
0.03363
0.0408933
0.04445
0.031
0
0
0
0.0297667
0.0389933
0.0283233
0
0
0
0
0.02256
0.00737
0.00543
0
0
0
0.000916667
0.00357333
0
0
0
0.00097
0.00115667
0
0
0
0
0.00605333
0.00097
0
0
0
0
0.0112733
0.00597333
0
0
0
0.02722
0.00689667
0
0
0
0.04873
0.112533
0
0
0
0.23366
0.24568
0
0
0.248417
0.35754
0
0
0.16733
0.26931
0
0
0
0.11437
0.156827
0
0
0
0.0712167
0.0856267
0
0
0
0.03115
0.04968
0
0
0
0.0119267
0.00361667
0
0
0
0.00054
0.00128333
0.00245
0
0
0
0
0
0
0
0
0.00027
0
0
0
0
0
0
0
0
0
0
0
0
0
0.00015
0
0
0
0
0
0
0
0.00122
0.000543333
0.00161333
0.00109333
0.0133367
0.0271633
0.00525667
0.00105333
0.00032
0
0.00243
0.0137867
0.01297
0.02102
0.0102133
0.01548
0.03574
0.0211967
0.04641
0.0383967
0.01409
0.0209867
0.0370667
0.0379167
0.0540733
0.02059
0.0424433
0.01232
0.00081
0.00068
0.00170333
0.00514
0.03147
0.0443
0.043
0.0688767
0.0791
0.0802267
0.0271367
0.05159
0.00972
0.00352667
0.0130933
0.00112667
0
0.000226667
0.000226667
0.137283
0.0997667
0.115473
0.0858833
0.121717
0.11872
0.105837
0.0686567
0.0699967
0.0158133
0.0436867
0.00671667
0.000853333
0.000243333
0.000243333
0
0
0
0
0
0
0
0
0
0
0
0
0
0
0
0
0
0
0
0
0
0
0
0
0
0.00768
0.0126933
0.0335667
0.0694867
0.11311
0.12795
0.10782
0.06875
0.0354367
0.255473
0.334683
0.2322
0.321197
0.292283
0.240303
0.18658
0.0535333
0.101747
0.08648
0.100847
0.51373
0.558703
0.529833
0.402047
0.00406667
0.01027
0.00372333
0.0257667
0.67986
0.759907
0.411367
0.6009
0.288913
0.0660133
0.0325233
0.0340333
0.0230267
0.0165333
0.00595
0.26955
0.118367
0.0131533
0.00753
0.00114667
0.000756667
0.000343333
0
0.000343333
0
0
0
0
0.000756667
0
0.00713667
0.000756667
0.00677
0
0
0
0
0
0.000443333
0.00119
0.00605333
0.00990333
0.0174067
0.0206767
0.03346
0
0
0
0
0
0
0.0300733
0.0270367
0.01126
0.01168
0.01033
0
0
0
0
0
0
0.0326867
0.03021
0.0675133
0.0791
0
0
0
0
0.0804367
0.104107
0.0664167
0.04965
0
0
0
0
0.0380467
0.04908
0
0
0
0
0
0
0.0157333
0.02976
0.00817
0.000456667
0
0
0
0
0
0.00015
0
0
0
0
0
0
0
0.000143333
0
0
0
0
0.00771333
0.00697
0
0
0
0
0.00888
0.0148833
0.0141767
0.0114833
0
0
0
0
0.0137233
0.01908
0.0137
0.00573667
0
0
0
0
0.000573333
0.00517
0
0
0
0
0.000196667
0.000116667
0
0
0
0.00845
0.00081
0
0
0
0.0337633
0.0136933
0
0
0
0.0615567
0.0314233
0
0
0
0.0621033
0.07682
0
0
0
0
0.142893
0.171813
0
0
0
0
0.411453
0.34354
0
0
0
0
0.570377
0.61227
0
0
0
0
0.442687
0.63463
0
0
0
0.194517
0.378397
0
0
0
0.0826767
0.14911
0
0
0
0.0430367
0.0580467
0
0
0
0.0154467
0.00680667
0
0
0
0.00101333
0.00175667
0.00259333
0
0
0
0
0
0
0.00027
0
0
0
0
0
0
0
0
0.00015
0
0.00015
0
0
0
0
0
0
0
0.0007
0
0.00055
0
0.0206133
0.0223133
0.00617333
0.00464333
0.00044
0.00032
0.00621
0.00603
0
0.00037
0
0
0
0.0220233
0.00903667
0.0270333
0.0368767
0.00703
0.00137
0.00127
0.00027
0.00027
0
0
0.00298
0.00199
0.00229
0.00397
0.00161
0.00475333
0.00458
0.00795333
0.00477333
0.00980333
0.00701333
0.00901333
0.00327
0.003
0
0.00249
0.00448
0.0207967
0.0192967
0.04948
0.01064
0.0425033
0.00092
0.01026
0
0.00061
0
0
0
0
0
0.0109733
0.0164867
0.00140667
0.00112667
0.00028
0.000506667
0.0615933
0.0201567
0.0336133
0.02526
0.0268833
0.0103667
0.00858667
0.00371
0.00512
0.0202167
0.04711
0.0778733
0.09373
0.0736867
0
0
0
0
0
0
0
0
0
0
0
0
0
0
0
0
0
0
0
0
0
0
0
0.00076
0.00577333
0.0186867
0.0615267
0.0669567
0.0897567
0.0527967
0.05192
0.156047
0.0811233
0.0519367
0.0458633
0.05059
0.0399633
0.0285733
0.0137133
0.00775667
0.00404
0.0100633
0.0380367
0.33367
0.193373
0.14784
0.0813267
0.0715267
0.0468633
0.04015
0.0324867
0.0183667
0.00849667
0.165683
0.0939667
0.00039
0.00039
0.00039
0
0
0
0
0
0
0.000746667
0.00105
0.00534333
0
0
0
0
0
0
0
0
0
0
0.00475333
0.0128933
0.00491667
0.0134633
0.00563667
0.00647
0.00215
0.00559
0
0
0
0
0
0
0
0
0.00924667
0.0164633
0.02927
0.05708
0
0
0
0
0
0
0
0
0.0682733
0.0666233
0.0395733
0.03662
0
0
0
0
0
0
0.02295
0.0249467
0.00970333
0
0
0
0
0.00106333
0.00877667
0.000306667
0
0
0
0
0
0
0
0
0
0
0
0
0
0
0
0
0
0.000143333
0.000143333
0
0
0
0
0.000743333
0.000886667
0
0
0
0
0.000406667
0.000823333
0.00156667
0.00544333
0.00462
0
0
0.00039
0
0.000796667
0.000683333
0.00530333
0.00114
0
0.00037
0
0.00076
0.000456667
0.000456667
0
0
0.00037
0
0.00074
0.00315
0.000196667
0
0
0
0.00037
0.02937
0.01079
0
0
0
0
0.0734667
0.0471
0
0
0
0
0.09542
0.0902633
0
0
0
0
0.0938267
0.08372
0
0
0
0.217967
0.154183
0
0
0
0.381143
0.477797
0
0
0
0
0.700857
0.634297
0
0
0
0
0.652053
0.676387
0
0
0
0
0.38089
0.462603
0
0
0
0.129713
0.177613
0
0
0
0.04827
0.0235367
0
0
0
0.00470667
0.00966333
0
0
0
0.000743333
0
0.00185
0
0
0
0
0
0
0
0
0
0
0
0
0
0
0
0
0
0
0
0
0
0
0
0
0
0
0
0
0
0
0.00665667
0.00787667
0.00197333
0.00185
0.00197
0.00012
0.00012
0
0.00099
0.00099
0.00031
0.0013
0.00031
0.0264067
0.0147167
0.01192
0.01125
0.00062
0
0.00031
0
0
0
0.00516
0.00847667
0.0246033
0.0239067
0
0
0
0
0
0.00012
0
0.00024
0.0116367
0.00753667
0.0175167
0.00738333
0.000743333
0.00103667
0.00103667
0.00103667
0.00012
0.00012
0
0
0
0
0
0
0
0
0
0
0
0
0
0
0
0
0
0.00076
0.00152
0.00228
0.0144333
0.0241167
0
0
0
0
0
0
0
0
0
0.000303333
0
0.00046
0.000313333
0.00078
0
0
0
0
0
0
0
0
0
0
0
0
0
0
0.000623333
0.000773333
0.000466667
0.00125
0.000706667
0.0059
0.00837667
0.02453
0
0
0
0
0
0
0
0
0.0273
0.0432333
0.03254
0.03053
0
0
0
0
0
0
0.01281
0.00818333
0.00246667
0.00199
0
0
0
0
0
0
0
0
0.000756667
0.000756667
0
0
0
0
0
0
0
0
0
0
0
0
0
0
0
0
0
0
0
0
0
0
0
0
0
0
0
0.000406667
0.00095
0.000543333
0.000543333
0
0
0
0
0.00134
0.00349
0.00149333
0.00294667
0
0
0
0.00939
0.0245467
0.00956333
0.01832
0.000176667
0
0.000176667
0.00123667
0.02442
0.00949667
0.0392967
0.000276667
0.00305333
0.000496667
0.00075
0.000993333
0.0159167
0.00563667
0.0243133
0.000126667
0.000126667
0.000253333
0.00078
0.0241867
0.05561
0
0.00093
0
0.00158333
0.04927
0.0722833
0
0.00074
0.00167
0.0104467
0.05094
0.06081
0
0.00544667
0.00074
0.0142233
0.15435
0.0710833
0
0
0.00470667
0.0109167
0.38774
0.22473
0
0
0.00621
0.00621
0.524473
0.37457
0
0
0
0.000146667
0.48145
0.396097
0
0
0.000146667
0.000146667
0.284313
0.278827
0
0
0
0
0.09456
0.119547
0
0
0
0
0.0219267
0.00694667
0
0
0
0
0.0036
0
0
0
0
0
0
0
0
0
0
0
0
0
0
0
0
0
0
0
0
0
0
0
0
0
0
0
0
0
0
0
0
0
0
0
0
0
0
0
0
0
0
0
0
0.00449333
0.000893333
0.000263333
0.000123333
0.000123333
0
0
0
0
0
0
0
0.0473067
0.0386833
0.026
0.0109267
0
0
0
0
0
0
0.000103333
0.00527667
0.00086
0.00929667
0.0237367
0.0357267
0
0.00412667
0.00424667
0.00451
0.00851667
0.00502333
0.00439
0.00110667
0
0.00076
0.00076
0.00076
0.00152
0.00119333
0.000433333
0.000433333
0.000896667
0.000463333
0.000353333
0.000353333
0
0
0
0
0
0
0
0
0
0
0
0
0
0
0
0.000156667
0.000156667
0.000156667
0
0
0
0
0.00012
0.00012
0.00012
0.00012
0
0
0.00012
0
0
0
0
0
0
0
0
0.0004
0
0.00604
0.00302
0.0133667
0
0
0
0
0
0
0
0.00014
0.00014
0.00024
0.00026
0.00024
0.00036
0.00024
0.0103467
0.0139533
0.00809333
0.00746
0.0016
0.00123333
0
0
0
0
0
0
0
0
0
0
0
0
0
0
0
0
0
0
0
0
0
0
0
0
0
0
0
0
0
0
0
0
0
0
0
0
0
0
0
0
0
0
0
0
0
0
0
0
0
0.00254
0.000136667
0.000273333
0.000136667
0.000136667
0
0.0006
0
0.0006
0.0331433
0.0179067
0.0160567
0.00069
0.000826667
0.000136667
0.000776667
0.000353333
0.00385333
0.04799
0.0480633
0.03815
0.00703667
0.02138
0.00157667
0.00949333
0.00377667
0.01783
0.0350267
0.025
0.0174367
0.02805
0.0131933
0.0110467
0.00857667
0.00319
0.00833
0.01753
0.0129433
0.0189733
0.00643667
0.00798
0.00277667
0.00711333
0.0146567
0.02046
0.0435867
0.01683
0.0163033
0.0109
0.0260133
0.0383433
0.0254333
0.0506933
0.0297967
0.0204867
0.0196933
0.03798
0.03103
0.0458733
0.0535767
0.02216
0.0171267
0.0147033
0.02422
0.0269433
0.0507733
0.13866
0.00849333
0.00243
0.0113633
0.01006
0.200387
0.127487
0.000293333
0.000846667
0.00168
0.00153333
0.173747
0.12794
0.0007
0.000553333
0.000553333
0
0.11954
0.0998133
0
0
0
0
0.0130467
0.05214
0
0
0
0
0.00374
0.00461333
0
0
0
0
0
0.000786667
0.000393333
0
0
0
0
0
0.000393333
0.000393333
0
0
0
0
0
0
0
0
0
0
0
0
0
0
0
0
0
0
0
0
0
0
0
0
0
0
0
0
0
0
0
0
0
0
0
0.00751333
0.00402
0.000296667
0.00014
0.00014
0
0
0
0
0
0
0
0
0.02012
0.03331
0.0217467
0.02306
0
0.000703333
0.000703333
0.0173733
0.00483
0.0418867
0
0
0
0.000103333
0.000206667
0.00272
0.00703333
0.0221267
0.0336133
0.0381867
0.0137233
0.01046
0.00211333
0
0
0
0
0
0
0
0
0
0
0
0
0
0
0.00136
0.000353333
0
0
0
0.00041
0.00029
0.00017
0
0
0
0
0.000143333
0
0.000176667
0.00032
0.000176667
0.000353333
0.000176667
0.00262
0.00262
0
0
0.00027
0.00041
0.00425667
0.00410667
0.00831
0.0194667
0.00458333
0.00633
0.0211633
0.00077
0.00681
0.000206667
0.000806667
0.00302667
0.00323333
0.00317
0.000176667
0
0
0.000366667
0
0.000366667
0.000366667
0
0
0
0
0
0
0.000403333
0.00027
0.00759
0.00387667
0.0238667
0.0229967
0.0350233
0
0
0
0
0
0
0
0
0
0
0
0.000133333
0
0
0
0
0
0
0
0
0
0
0
0
0
0
0
0
0
0
0
0
0
0
0
0
0
0
0
0
0
0
0
0
0
0
0.0006
0.0012
0
0
0
0
0
0
0.00709
0.00666667
0.01008
0.00769
0.00177667
0.000753333
0.000753333
0
0
0
0.0134067
0.0152867
0.01613
0.0101733
0.01962
0.0106033
0.0112233
0.000133333
0.01686
0.0135367
0.0421
0.0435
0.0710133
0.05663
0.05309
0.02254
0.0105433
0.00651
0.0637833
0.122647
0.15984
0.128477
0.105917
0.0106433
0.0110967
0.0765333
0.12829
0.159827
0.185547
0.165213
0.0224233
0.02443
0.0387633
0.0570733
0.07916
0.116107
0.130157
0.125443
0.02697
0.0173967
0.0335933
0.0188467
0.0476133
0.0461033
0.06662
0.0198633
0.0179033
0.0108933
0.00196
0.0114233
0.0104433
0.0463767
0.02664
0.00098
0
0
0
0.0603967
0.0517333
0
0
0
0
0.0361833
0.0425733
0
0
0
0
0
0.0168167
0.0130267
0
0
0
0
0
0.00582333
0.00630333
0
0
0
0
0.00118
0.00118
0
0
0
0
0
0.000393333
0.000786667
0
0
0
0
0
0
0
0
0
0
0
0
0
0
0
0
0
0
0
0
0
0
0
0
0
0
0
0
0
0
0
0
0
0
0.00392667
0.00393667
0.000303333
0.000156667
0.000156667
0
0
0
0
0
0
0.00193
0.000703333
0.0234133
0.0144733
0.0573533
0.000103333
0.00492333
0.00261667
0.00733333
0.00496667
0.00619
0.0729267
0.0829433
0
0
0
0
0
0
0
0
0
0.000103333
0.0368633
0.0564767
0.01531
0
0
0
0
0
0
0
0
0
0.00726333
0.00166
0.00100667
0
0
0.00669333
0.00384333
0.00421667
0.00087
0.00103
0.000513333
0.04648
0.0368433
0.0258033
0.0106033
0.00516
0.0013
0.00140333
0.00785667
0.00532667
0.0225067
0.0236067
0.02062
0.03606
0.00175667
0.018
0.000336667
0.00124
0
0
0
0
0
0
0
0.000436667
0.00391
0.00431
0.0196833
0.0236733
0.02746
0.03894
0.0233667
0.0236
0.00485333
0.00786
0.00138667
0
0
0
0
0
0
0
0.000303333
0.000606667
0.000836667
0.00114
0.00822667
0.000763333
0.01189
0
0
0
0
0
0
0
0
0
0
0
0.000303333
0
0.000303333
0
0
0
0
0
0
0
0
0
0
0
0
0.00230667
0.00290667
0
0
0
0
0
0
0.0189767
0.02256
0.03355
0.0214933
0
0
0
0
0
0
0.03421
0.0285133
0.000266667
0.000133333
0.000133333
0
0
0
0.0391233
0.02559
0.0128633
0.00106
0.000926667
0
0.000133333
0
0.0225967
0.0108733
0.09058
0.0316167
0.0211633
0.00148333
0.00227667
0
0.0109167
0.01472
0.12417
0.0841067
0.022
0.0400633
0.00230667
0.02726
0.0365167
0.0852067
0.0849133
0.0402867
0.0214167
0.00172333
0.0385667
0.0461067
0.03229
0.04154
0.0226
0.00194667
0.02164
0.0009
0.019
0.03009
0.0123033
0.00186
0.00290667
0.00104667
0.00104667
0
0.0256667
0.0199867
0
0
0
0
0
0
0.0437733
0.0374433
0
0
0
0
0
0
0.0379
0.0477633
0
0
0
0
0
0.01719
0.02772
0
0
0
0
0
0.00600333
0.0104667
0
0
0
0
0
0.00124667
0.00136
0
0
0
0
0.00028
0.000673333
0
0
0
0
0
0
0
0
0
0
0
0
0
0
0
0
0
0
0
0
0
0
0
0
0
0.000523333
0
0
0
0
0
0
0
0.00175
0.00122667
0.01559
0.0113933
0.0375567
0.00241
0.000293333
0.00255667
0.00044
0.00044
0.000293333
0.000146667
0
0
0
0.0673
0.0863033
0
0
0
0
0
0
0
0.00241
0.0863733
0.0687667
0
0
0
0
0
0
0.03377
0.0457267
0
0
0
0
0
0
0.0116367
0.00667
0.00108
0.00668333
0
0.000653333
0
0
0
0.000636667
0.00106333
0.000426667
0.00130333
0.00563333
0.02116
0.0366033
0.0471067
0.0476633
0.03701
0.0227867
0.00677333
0.00147
0.000566667
0
0
0
0.000113333
0.000113333
0.000226667
0.000113333
0.00485333
0.00822667
0.00415667
0.00402333
0.00042
0.000736667
0.000806667
0.0197067
0.00390667
0.0462767
0.03432
0.0241167
0.03394
0.00617667
0.00929667
0.000566667
0.000873333
0.000206667
0.000206667
0.00299667
0.00309
0.00344
0.00621
0.00033
0.00354333
0
0.000216667
0
0.00023
0.00046
0.00046
0.000656667
0.000553333
0.000253333
0.00068
0.000126667
0.000126667
0.000223333
0
0
0
0
0
0
0
0
0
0.00023
0.00023
0
0.00023
0.000126667
0
0.000126667
0
0
0
0.00230667
0
0
0
0
0
0
0
0
0
0
0.00783
0.0239
0
0
0
0
0
0
0
0
0.0283333
0.0489033
0.0440533
0.05144
0
0
0
0
0
0
0.05783
0.05121
0
0
0
0
0
0
0.03577
0.02069
0
0
0
0
0
0
0
0.00684667
0.00879667
0.000823333
0
0
0
0
0
0
0
0.00925667
0.0239167
0.000823333
0
0
0
0
0
0
0.0361067
0.0231733
0
0
0
0
0
0
0.02398
0.0224567
0
0
0
0
0
0
0.01505
0.00795333
0
0
0
0
0
0
0.02937
0.0126567
0
0
0
0
0
0
0.0379133
0.02585
0
0
0
0
0
0
0.0143067
0.0275167
0.0271867
0
0
0
0
0
0
0.00743667
0.00922
0.0121933
0
0
0
0
0
0
0.0001
0.00066
0.00038
0.00113333
0
0
0
0
0
0
0
0
0
0.00028
0
0
0
0
0
0
0
0
0
0
0
0
0
0
0
0
0
0.000496667
0.000496667
0.00073
0
0
0
0
0.000523333
0.00102
0.00644333
0.00141333
0.00660333
0.000916667
0
0
0
0
0
0
0.0285967
0.00592
0.02841
0.00573333
0.000943333
0
0
0
0
0
0
0
0
0
0.000146667
0.000146667
0.000293333
0.000146667
0.000146667
0
0.05818
0.03477
0.0127767
0.000576667
0.00152
0.000576667
0.000943333
0.0302167
0.05325
0
0
0
0
0.0168333
0.02878
0
0
0
0.00733
0.0118567
0
0
0
0
0.00678333
0.00171667
0
0
0
0.00570333
0.00570333
0
0
0
0.000223333
0.00339333
0.0033
0.0184267
0.0153867
0.0189433
0.00396333
0.00414
0.000453333
0.000306667
0
0.000503333
0.000206667
0.0100933
0.00750667
0.0209167
0.0247067
0.01288
0.0274833
0.00988333
0.000433333
0.000216667
0
0
0
0
0
0.00013
0.00013
0.00026
0.00013
0.000276667
0.00013
0.000146667
0.000146667
0.000296667
0.000296667
0.000593333
0.01667
0.000423333
0.00742667
0.000206667
0.000413333
0.000206667
0
0
0
0
0
0
0
0
0
0
0
0
0.000206667
0
0
0.000113333
0.000113333
0.00563667
0
0
0
0
0
0
0
0
0.000226667
0.00589
0.00048
0.0125167
0
0
0
0
0
0
0
0
0.00733
0.0166067
0.0375133
0.0487533
0
0
0
0
0
0
0
0
0.01035
0.0134633
0.03096
0.0245967
0
0
0
0
0
0
0
0.00406
0.00674333
0.00370333
0.00407333
0
0
0
0
0
0
0.00383
0.00114
0.00695667
0
0
0
0
0
0
0.00563333
0.00977333
0.01055
0
0
0
0
0
0
0.0105367
0.01133
0
0
0
0
0
0
0.00205667
0.00616333
0
0
0
0
0
0
0.00403667
0.000533333
0
0
0
0
0
0
0.00363333
0.00700667
0.0121067
0
0
0
0
0
0
0
0.00572333
0.00349667
0.01096
0
0
0
0
0
0
0
0.00023
0.00258667
0.00273667
0
0
0
0
0
0
0
0
0
0
0.0001
0
0
0
0
0
0
0
0
0
0
0
0
0
0
0
0
0
0
0
0
0
0
0
0
0
0.000233333
0.000233333
0.000233333
0
0
0
0
0
0
0
0.000233333
0
0
0
0
0
0
0
0
0
0
0
0
0
0
0
0
0
0
0
0
0.000496667
0
0
0.00632333
0.00131
0.000366667
0
0.00773
0.000686667
0.00411
0.00292
0.00793333
0.00653333
0.0157233
0.0142933
0.0103
0.00176667
0.00176667
0.00176667
0.0286933
0.01684
0
0
0.02425
0.02416
0
0
0
0.01231
0.0124867
0
0
0
0.00428333
0.00660667
0
0
0
0.00436333
0.00681667
0.000983333
0
0
0.00115667
0.00786333
0.0237467
0.0380033
0.0460067
0.0392767
0.0330033
0.025
0
0
0
0
0
0
0.000163333
0.00046
0.000623333
0.00108
0.00102333
0.0174733
0.00164667
0.0348667
0.02059
0.0306733
0.0258067
0.02003
0.0199133
0.0115733
0.00550333
0.00134667
0.00114
0.000206667
0
0
0
0
0
0
0
0
0
0
0
0.00072
0.000556667
0.00450667
0.0049
0.00469667
0.0282267
0.01466
0.03047
0.00177333
0.0111367
0.00084
0
0
0
0.000113333
0
0
0
0
0
0
0
0
0
0
0
0
0
0
0.000953333
0
0.000113333
0
0.000113333
0.000366667
0.00039
0.000726667
0
0
0
0
0
0
0
0
0
0
0
0
0
0.00065
0.000786667
0.00112333
0.00175
0.00158333
0
0
0
0
0
0
0
0.000453333
0.000453333
0.000453333
0.00249667
0.01062
0.0117033
0.01316
0.00443667
0.0038
0
0
0
0
0
0
0
0
0.0166533
0.00744667
0.00331667
0.000253333
0.00036
0
0
0
0
0
0
0
0
0.00543333
0.00117667
0.000233333
0.00281667
0
0
0
0
0
0
0
0
0
0.00117667
0.00258333
0.00695667
0
0
0
0
0
0
0
0
0
0
0.00437333
0.00437333
0
0
0
0
0
0
0
0
0
0
0
0.000266667
0
0
0
0
0
0
0
0
0
0
0.00013
0.000396667
0
0
0
0
0
0
0
0
0
0
0
0.00013
0.00026
0
0
0
0
0
0
0
0
0
0
0
0
0
0
0.00013
0
0
0
0
0
0
0
0
0
0
0
0
0
0
0
0
0
0
0
0
0
0
0
0.00216
0
0
0
0
0
0
0
0
0
0
0.00216
0.00432
0.02102
0
0
0
0
0
0.00367333
0.00216
0.0203733
0
0
0
0
0
0
0.00151333
0.00151333
0.00251333
0
0
0
0
0
0
0
0
0
0
0
0
0
0.02398
0.0119633
0.00946333
0.00288
0.00019
0
0.0164933
0.01582
0.01974
0.0116433
0.00631333
0.00354
0.000473333
0.00343667
0.00167
0.0376967
0.0231933
0
0
0.02674
0.0377867
0
0
0.00998333
0.0130267
0
0
0
0.0144567
0.00694333
0
0
0
0.0226867
0.01425
0.00110667
0.000123333
0
0.02307
0.0150267
0.00721
0.00488
0.00526333
0.00181333
0.00514
0.00809
0.00836667
0.0118067
0.0135967
0.0293333
0.000396667
0.000953333
0.00952333
0.0133067
0.0285
0.02066
0.0328433
0.0207733
0.0214133
0.00605667
0.00784667
0.0119467
0.0266067
0.03788
0.0469667
0.0406633
0.03359
0.0198733
0.0151967
0.00564
0
0
0
0.000396667
0.00156333
0.0151333
0.0101333
0.0405167
0.0301633
0.0481967
0.04803
0.02747
0.0421833
0.00788
0.0121467
0.0238967
0.00927
0.0359333
0.0241367
0.0249533
0.0289133
0.0190433
0.00952333
0.00495
0.000263333
0.000113333
0
0
0.00062
0.000166667
0.000166667
0
0
0
0
0.00196667
0.0008
0.00736333
0.0105
0.00483667
0.00479
0.00015
0.00015
0
0
0
0.000103333
0.00195
0.00046
0.000913333
0.00153333
0.00124
0.00764667
0.00705
0.00702667
0.00019
0
0.000516667
0.000516667
0.00062
0.00233
0.00366
0.0149233
0.02242
0.0380767
0.0309667
0.000853333
0.00131333
0.00651667
0.00628333
0.0214667
0.0379967
0.0231233
0.0225433
0.00093
0.00626667
0.00756333
0.0184133
0.0332767
0.0454433
0.0537033
0.0413867
0.0324133
0.0139633
0.000396667
0.00125
0.00573667
0.0105433
0.0244267
0.0355833
0.0480667
0.0488233
0.0380433
0.00849333
0.00575
0.0250667
0.0278
0.04427
0.03488
0.03534
0.0184367
0.01243
0.0039
0.000396667
0.000916667
0.00540333
0.00695
0.0211667
0.0233633
0.0298133
0.0391067
0.0279933
0.00315667
0.00315667
0.0112267
0.00909667
0.01628
0.00897
0.0106667
0.00348333
0.00272333
0
0.00052
0.000643333
0.00258667
0.00206667
0.00862667
0.00668333
0.01297
0.00752667
0.00686667
0
0
0.00102667
0.00102667
0.00178667
0.00076
0.00076
0
0
0
0.000123333
0.000123333
0.000123333
0
0
0
0.000843333
0.000843333
0.00142333
0.00058
0
0
0
0
0
0
0
0
0
0
0
0
0
0
0
0
0
0
0
0
0
0
0
0
0
0
0
0
0
0
0.000156667
0.000156667
0.000313333
0.000156667
0
0
0
0
0
0
0
0
0
0.000156667
0.000313333
0.00295667
0.00295667
0.00493
0.00228667
0.0024
0
0
0
0
0
0
0.00231667
0.00496
0.0215033
0.0212333
0.0214733
0.00480333
0
0
0
0
0
0
0
0
0.0533967
0.03556
0.0391
0
0
0
0
0
0
0
0
0
0
0
0
0
0
0
0
0.03821
0.0566933
0.00157
0
0
0
0
0
0
0
0
0
0
0
0.00151333
0.02151
0.0192467
0.00408333
0
0
0.03413
0.0435067
0.02426
0
0
0.0300133
0.0182467
0.00342667
0.000463333
0.000283333
0
0.00228667
0.00104
0.0229267
0.00849
0.000423333
0.000846667
0.0235267
0.0224533
0.000423333
0.000423333
0.01234
0.01157
0
0.000566667
0.0344133
0.0182667
0.000696667
0.000826667
0.00126333
0.000566667
0.03904
0.0542467
0.000253333
0.000876667
0.04767
0.04424
0.0273367
0.0158633
0.00768667
0.00452
0.00954667
0.0249433
0.03563
0.0483633
0.0419033
0.0355567
0.0261
0.0174033
0.01033
0.00646333
0.00577
0.00881667
0.00628333
0.00604
0.00038
0.00019
0.000716667
0.00132667
0.00651333
0.00933667
0.0112333
0.02213
0.02433
0.03137
0.0215967
0.0226733
0.0288333
0.0251867
0.0257733
0.0102233
0.01293
0.00594333
0.0057
0.000433333
0.000206667
0.000103333
0
0
0.0164067
0.00110333
0.00203333
0.00183667
0.0111967
0.0152633
0.0304367
0.0235833
0.0216567
0.0115067
0.0147967
0.0178467
0.02802
0.03793
0.0496133
0.0411033
0.03095
0.0183267
0.0117233
0.00608333
0.000713333
0.000103333
0
0
0
0
0
0.000413333
0.02108
0.00695333
0.00321
0.00775
0.0159333
0.0305367
0.0409733
0.0493833
0.03692
0.0270433
0.01507
0.01482
0.02472
0.0256733
0.0406567
0.03018
0.0289833
0.0115833
0.00694667
0.00120333
0.00061
0
0
0
0
0
0
0
0.000413333
0.000413333
0.0116733
0.00759667
0.00349
0.00738667
0.00619
0.0211567
0.01833
0.03612
0.0260533
0.02944
0.0120567
0.00941
0.00375
0.0101133
0.00784333
0.0129267
0.00656333
0.00641667
0.00117
0.000593333
0
0
0
0
0
0
0
0
0
0
0
0.00739
0.00270333
0.00133667
0.000926667
0.00034
0.00277667
0.00785667
0.0133433
0.0114833
0.00681
0.00115333
0.00074
0.000163333
0.000903333
0.00074
0.00131667
0.000576667
0.000576667
0
0
0
0
0
0
0
0
0
0
0
0
0
0.00058
0
0.00017
0.00034
0.00559
0.00599667
0.00640333
0.00115333
0.000576667
0
0
0
0
0
0
0
0
0
0
0
0
0
0
0
0
0
0
0
0
0
0
0
0.00017
0.00017
0.000746667
0.000576667
0.000576667
0
0
0
0
0
0
0
0
0
0
0
0
0
0
0
0
0
0
0
0
0
0
0
0
0
0
0
0
0
0
0
0
0
0
0
0
0
0
0
0
0
0
0
0
0
0
0
0
0.00027
0.00054
0.00027
0.00027
0
0
0
0
0
0
0
0
0
0
0
0
0
0
0
0
0
0
0
0.0103733
0.00824
0.00810667
0.000406667
0.000136667
0
0
0
0
0
0
0
0
0
0
0
0
0
0
0
0.0301
0.0178033
0.02497
0.0174067
0.0129767
0.00340667
0.00797333
0.00470333
0.00470333
0
0.0627567
0.0503933
0.0493733
0.0644367
0.0311167
0.0432233
0.02812
0.0175433
0.0126767
0.0109767
0.00627333
0.0203667
0.028
0.0358267
0.03451
0.0214367
0
0.00037
0.0470833
0.0338533
0.00179667
0.00179667
0.01851
0.00359
0.00649333
0.00631333
0.00811
0.00208
0.00561333
0.0110267
0.01183
0.0119933
0.00499667
0.00498667
0.00832
0.00681333
0.000836667
0.00132
0.0154267
0.00872
0.00147333
0.00687
0.0317433
0.03374
0.00743667
0.00902
0.0127033
0.00666
0.0516167
0.04291
0.00303333
0.00779333
0.0553
0.0604467
0.0376133
0.0559
0.0272567
0.00880333
0.0125667
0.00590333
0.0357967
0.0175967
0.0504867
0.03421
0.0436833
0.0514833
0.00037
0.00134
0.03168
0.0357933
0.00662667
0.00483
0.01676
0.02291
0.01294
0.0114567
0.0132733
0.0198367
0.0119833
0.0262633
0.0270767
0.0264067
0.0121667
0.01562
0.00228
0.00729667
0.00892333
0.0167733
0.0116867
0.00675333
0.0145667
0.03053
0.02039
0.0204767
0.0238033
0.02195
0.0383933
0.0288767
0.02512
0.0180233
0.0119267
0.01669
0.02221
0.0416967
0.05665
0.0421167
0.03101
0.0475933
0.00193333
0.00132667
0.0102833
0.00668333
0.0250267
0.0243767
0.03425
0.0252333
0.00543333
0.000966667
0.0381233
0.0451033
0.0132933
0.00906667
0.03194
0.03146
0.0351333
0.0463233
0.0367833
0.0251533
0.02281
0.01933
0.0112633
0.02482
0.01999
0.0275
0.00773333
0.00722667
0.0402467
0.0498767
0.0127533
0.00947333
0.0375633
0.0507
0.0496767
0.0101
0.0101133
0.02122
0.0222
0.03207
0.01275
0.0169233
0.0287767
0.0284
0.0189867
0.02084
0.0326833
0.00468333
0.00907
0.0147367
0.0264433
0.000966667
0.000603333
0.00372
0.0357933
0.02617
0.00484
0.00120667
0.02654
0.0234133
0.04775
0.0423467
0.02929
0.0132033
0.01093
0.01441
0.03968
0.05142
0.02336
0.0276467
0.0244033
0.0433
0.0414167
0.0409767
0.02163
0.0420733
0.05046
0.05122
0.02993
0.0489267
0.03109
0.0322633
0.0440067
0.0459667
0.0318333
0.0568
0.0229967
0.03514
0.0566767
0.0300167
0.0430833
0.0287
0
0.00598667
0.00263
0.0104633
0.0144633
0.000603333
0.000603333
0
0.00739
0.00733667
0.0261167
0.01003
0.00106333
0.00703667
0.00529333
0.0635233
0.0927233
0.0436233
0.0153667
0.0134733
0.0779033
0.105803
0.0291
0.0380233
0.07945
0.0826333
0.05066
0.05334
0.0642533
0.130807
0.03856
0.0353467
0.04532
0.05194
0.140447
0.22013
0.0411933
0.0683333
0.192583
0.112777
0.119697
0.0766633
0
0
0
0
0.00023
0.00286
0.00046
0
0.00201333
0.00107333
0.103357
0.08846
0.0579267
0.0314533
0.0078
0.0113333
0.189173
0.180613
0.03916
0.0278233
0.164457
0.264193
0.05204
0.0447033
0.248923
0.431673
0.0367867
0.0422767
0.0340633
0.0393833
0.39324
0.421947
0.26472
0.160273
0.140063
0.278937
0.215813
0.00029
0.00757333
0.00029
0.00058
0.00113333
0.000843333
0.0811667
0.0501733
0.0264633
0.00817667
0.00399333
0.27407
0.42984
0.18952
0.0246867
0.02708
0.429783
0.558403
0.0488733
0.0342167
0.575563
0.705627
0.0615667
0.108503
0.05404
0.722307
0.57012
0.336807
0.476017
0.27861
0.186313
0.0834133
0.138653
0.01003
0.06669
0.00560667
0.00344
0.43185
0.264267
0.187443
0.0500933
0.0456833
0.678197
0.551587
0.112743
0.0792433
0.760787
0.79779
0.211583
0.131347
0.730307
0.75063
0.570773
0.43399
0.281037
0.27986
0.23107
0.208913
0.0997733
0.08319
0.546197
0.39871
0.504893
0.363887
0.292657
0.1211
0.70981
0.66265
0.60522
0.536093
0.364537
