0.880023
0.797137
0.413653
0.37773
0.18703
0.4969
0.253537
0.673787
0.611337
0.391763
0.166137
0.58143
0.317173
0.67543
0.563163
0.38188
0.46762
0.151473
0.20398
0.162973
0.143683
0.07512
0.0908033
0.04501
0.0368567
0.0930467
0.118783
0.04683
0.0213633
0.05666
0.197173
0.105477
0.0786033
0.12618
0.255273
0.244163
0.28954
0.15578
0.19842
0.153993
0.1379
0.181427
0.0371467
0.0806367
0.0178267
0.0100067
0.0800967
0.0952833
0.0134733
0.00929
0.0225533
0.0222467
0.036
0.01595
0.03651
0.05757
0.0808667
0.11297
0.0982533
0.100353
0.05009
0.06014
0.0791533
0.121297
0.0728133
0.07568
0.0385267
0.0797
0.139283
0.0414
0.0241633
0.0272133
0.0792233
0.0353733
0.0565467
0.03237
0.0268367
0.0255033
0.04911
0.0237667
0.0181267
0.0363633
0.0499167
0.07336
0.0770467
0.0698367
0.05735
0.0355033
0.0190233
0.0128
0.0244467
0.02354
0.0347533
0.05418
0.02965
0.0291033
0.1041
0.07519
0.0367767
0.0529333
0.09349
0.107253
0.0485567
0.05714
0.0775833
0.10079
0.04047
0.0212133
0.0124167
0.0124467
0.01673
0.0359633
0.0531567
0.0707967
0.08206
0.0758233
0.00705667
0.00757
0.00666333
0.0109867
0.03346
0.06544
0.09703
0.0315433
0.0223667
0.104013
0.11468
0.0392667
0.05399
0.110097
0.0962767
0.0324567
0.0538033
0.06989
0.102607
0.0477033
0.04537
0.0255733
0.0118767
0.0107667
0.01559
0.0201933
0.0385267
0.0642
0.00104667
0.00078
0.00588333
0.00896667
0.03222
0.0443967
0.0772267
0.0725033
0.01682
0.00163333
0.0491533
0.08164
0.01792
0.00273333
0.0582333
0.0334833
0.00522333
0.0136
0.0393367
0.01065
0.0315933
0.04435
0.0544667
0.0380233
0.0241267
0.0105667
0.00792
0.0127233
0
0
0.00386333
0.00477667
0.0220567
0.0191067
0.0367233
0.0215333
0.00136667
0
0.00629667
0.0248267
0.00136667
0
0.00733667
0.00447667
0
0.00385667
0.0034
0.00066
0.00787
0.03919
0.0545367
0.0699667
0.05714
0.0445933
0.0280233
0.00965
0.00310667
0
0
0
0.000913333
0.00308333
0.00399667
0.00589667
0.00581667
0.00692667
0
0
0.00202333
0.00411333
0
0
0.00027
0
0
0
0.00039
0.0005
0.00658333
0.0105967
0.0421433
0.06688
0.0862133
0.0739533
0.05122
0.0346867
0.01578
0.00731333
0
0
0
0
0.00217
0.00715333
0.00996667
0.0372867
0.0343267
0.03759
0
0
0.0022
0.00827667
0
0
0
0.000176667
0
0
0.00038
0.00064
0.00272333
0.00930667
0.0270267
0.05585
0.0674133
0.07304
0.0469767
0.0374167
0.01433
0.00922667
0
0.00245667
0.00245667
0.01885
0.0213767
0.0408333
0.05393
0.0694667
0.0560867
0.0305933
0
0
0.00655333
0.0103733
0
0
0.000176667
0.000476667
0
0
0.00026
0
0
0
0.00272333
0.00272333
0.0204433
0.0200533
0.0382
0.02161
0.02476
0.00661333
0.00574333
0
0.00245667
0.00551333
0.0219067
0.0389067
0.0553067
0.06108
0.0621433
0.0594433
0.0412733
0.0208867
0
0
0.00441667
0.00425
0
0
0.0003
0.00042
0
0
0
0
0
0
0
0
0
0
0
0.00233333
0.00233333
0.00346333
0.00113
0.00113
0
0
0.00305667
0.00608
0.0255367
0.0358633
0.0550067
0.0512667
0.05464
0.0379533
0.02237
0.00574667
0
0
0.000253333
0.000266667
0
0.00485333
0.00012
0.00012
0.00502333
0.00017
0
0
0.00017
0
0
0
0
0
0
0
0
0
0
0
0
0.0129733
0.0159967
0.0289967
0.0294067
0.02927
0.0319867
0.0208733
0.0234667
0.00787
0.00573333
0.00554667
0.00262667
0.00262667
0.000133333
0.00542667
0.00748
0.0238733
0
0
0.03732
0.0210967
0
0
0.0198467
0.00377333
0.00017
0
0
0
0
0
0
0
0
0
0
0.00331333
0.01606
0.0291533
0.0390667
0.0283567
0.01815
0.00515
0.00515667
0.00239
0.00251
0.0034
0.00857333
0.02572
0.00919
0.00285333
0.01172
0.0289867
0.0387567
0.0253567
0.00442333
0.01085
0.0474533
0.0475
0.00025
0.00467333
0.0364767
0.0250467
0.01128
0.00591
0.00230667
0
0
0
0
0
0.00025
0.00025
0.0005
0.00025
0.00612333
0.0101267
0.02041
0.0206733
0.0187067
0.00788333
0.00453333
0.00277333
0.000623333
0.000836667
0.00349333
0.00358667
0.02064
0.0258233
0.00704667
0.00352
0.0413567
0.0432733
0.0228467
0.0166967
0.0186433
0.0318833
0.0196567
0.0345033
0.00924667
0.01679
0.0226833
0.02461
0.0226967
0.0207967
0.03024
0.01712
0.0148133
0
0
0
0.000153333
0.000403333
0.00497667
0.00507333
0.0235333
0.0240733
0.01093
0.01124
0.01016
0.01982
0.0157833
0.0140167
0.00122
0.00093
0.00064
0.000426667
0.00855667
0.0133733
0.00835667
0.0243667
0.04449
0.0318567
0.00573333
0.00621333
0.0413033
0.0519933
0.00115
0.00363
0.01813
0.0294033
0.00571333
0.00992
0.0212533
0.0321033
0.0409067
0.0409433
0.0300933
0.0170833
0.00227
0
0
0.000153333
0.00591667
0.01049
0.09188
0.0642167
0.0546633
0.01483
0.0245067
0.0305767
0.0408133
0.02829
0.01755
0.00298667
0.00248333
0.000213333
0.000353333
0.00538333
0.00715667
0.04166
0.05257
0.0394533
0.0227433
0.01161
0.00811333
0.0476133
0.0477067
0.00253
0.000963333
0.0361467
0.0436667
0
0
0.00227
0.00277333
0.01755
0.0203233
0.03283
0.0185567
0.0157833
0.00277333
0.00227
0.00215667
0.00215667
0.0166933
0.0203
0.11976
0.146843
0.10941
0.08765
0.04258
0.03843
0.0305933
0.0198367
0.0193167
0.00454
0.00227
0
0.000353333
0.000353333
0.00212667
0.00319333
0.08097
0.0704133
0.0191333
0.00461333
0.0276067
0.03172
0.01647
0.0306433
0.0112633
0.00969667
0.01943
0.0322
0
0
0
0
0.00277333
0.00327667
0.0162867
0.0185567
0.02259
0.0100833
0.00813333
0.00359667
0.006
0.00506333
0.00944333
0.0210733
0.14238
0.123187
0.10589
0.05552
0.03313
0.0105167
0.00506
0.00227
0.00227
0
0
0
0
0
0.00142
0.00142
0.10474
0.06971
0.00493
0.00284
0.0394967
0.0196433
0.00669667
0.01101
0.0103
0.00073
0.01188
0.0259433
0.000126667
0
0
0
0
0.00277333
0.00794667
0.0209567
0.03403
0.0333933
0.0283167
0.0155633
0.0250467
0.02002
0.0327567
0.0231167
0.0739767
0.0429533
0.0417933
0.0168367
0.00795
0.000223333
0
0
0
0
0
0
0
0
0
0.000193333
0.05814
0.0186667
0.0103133
0.00370333
0.0103833
0.00144667
0.0193033
0.02018
0.00113667
0.00879333
0.0316233
0.0420333
0.0122367
0.00397667
0.004
0.00015
0.000996667
0.000846667
0.00790333
0.01223
0.0280767
0.0368667
0.03939
0.0314767
0.0315333
0.0378567
0.0460667
0.0459933
0.0177733
0.00911
0.000223333
0.000223333
0
0
0
0
0
0
0
0
0.000193333
0.000386667
0.00664
0.00960333
0.00916667
0.02971
0.0130567
0.00112333
0.00572667
0.0334567
0.0402433
0.0137067
0.0278367
0.04299
0.0436333
0.03186
0.0211733
0.01491
0.00599667
0.00526333
0.00411333
0.0173167
0.0212567
0.0390033
0.0414967
0.04743
0.0365333
0.0251767
0.02809
0.0350733
0.0467267
0.04761
0
0
0
0
0
0
0
0
0
0.00250333
0.00269667
0.00568667
0.00943667
0.0244933
0.00086
0.00058
0.0489133
0.03835
0.0059
0.0245433
0.0504533
0.05045
0.0385
0.07268
0.0461767
0.0461133
0.08343
0.0532733
0.0560367
0.02836
0.0333033
0.01912
0.0231733
0.02252
0.0323967
0.04494
0.0366867
0.0366833
0.01881
0.0182
0.00796333
0.0219233
0.0299733
0.0440067
0
0
0
0
0
0.00182667
0.00182667
0.00433
0.00500667
0.01072
0.0112067
0.0169267
0.0264633
0.03205
0.00254
0.00196
0.0287
0.0406433
0.0214633
0.0613833
0.0214467
0.0369733
0.0986433
0.112113
0.03068
0.01943
0.0885
0.08578
0.04616
0.06386
0.02976
0.04328
0.0125867
0.0238367
0.0166467
0.0218
0.00599667
0.01899
0.00072
0.00582
0.00275333
0.00347333
0.00377
0.01631
0.0148467
0.00116333
0.00116333
0.00415333
0.00481667
0.0197867
0.0193
0.0360067
0.02675
0.04622
0.03591
0.0503
0.0369033
0.00196
0.00453667
0.00116333
0.04912
0.0323233
0.0286767
0.00823667
0.0450367
0.06032
0.00459667
0.00129
0.0901367
0.05495
0.00258
0.00129
0.0494767
0.06105
0.0297233
0.0299267
0.00101667
0.00101667
0.00230667
0.01371
0.0164233
0.00445
0.00653667
0.00275667
0.00365333
0.000896667
0.000896667
0
0
0
0
0
0.0199833
0.03379
0.0574467
0.06015
0.05665
0.0519767
0.0461367
0.05477
0.00257667
0.00116333
0
0.0169933
0.0532367
0.0609833
0.05646
0.04095
0.0233867
0.00780667
0.00287667
0.0260033
0.00876
0
0
0.02874
0.0114967
0
0
0.00531333
0.0170833
0.0128367
0
0
0.00106667
0.00106667
0.00173667
0.00067
0.00067
0
0
0
0
0
0
0
0
0
0
0
0
0
0.0185167
0.00268667
0.05804
0.03408
0.0562133
0.0603067
0.0405167
0.04592
0.0494867
0.0507033
0.04993
0.0340267
0.0229933
0.00741333
0.00287667
0
0.00618333
0
0.000196667
0
0.00618333
0
0.0063
0.00649667
0
0
0.00156667
0.00786667
0
0
0.000873333
0.000873333
0.00284667
0.00197333
0.00197333
0
0
0
0
0
0
0
0
0
0.00156667
0.00156667
0.00313333
0
0.00268667
0.00358333
0.0191467
0.0173567
0.0345567
0.0353467
0.0508033
0.0493767
0.0469333
0.0351167
0.0229833
0.00967
0.00513333
0.000596667
0
0.000196667
0
0
0.00532
0.000393333
0
0
0.02011
0.0114233
0
0
0.03247
0.0251533
0
0
0.00219
0.00306333
0.0161467
0.01593
0.0295367
0.0164533
0.01675
0.00227
0.00227
0
0
0
0.000163333
0.000163333
0.00581
0.00721333
0.0245
0.02042
0.000896667
0.00179333
0.00269
0.00234333
0.0178
0.0320533
0.0481733
0.0511167
0.0405033
0.02443
0.00573
0.00119333
0.000596667
0
0.000196667
0.000196667
0
0
0.00492667
0.00512333
0
0
0.0162567
0.01381
0
0
0.0436267
0.0337133
0
0
0
0.00219
0.00623333
0.0193167
0.0301067
0.0405433
0.03062
0.01991
0.00543
0.00227
0
0
0.000163333
0.000326667
0.00049
0.00597333
0.0145033
0.0316267
0.0434367
0.000896667
0.00144667
0.00361333
0.0187633
0.03751
0.0537433
0.06651
0.04781
0.0315167
0.0036
0.00525
0.00224667
0.00224667
0
0
0
0
0
0
0
0
0
0
0.00737333
0.00752667
0
0
0.0280533
0.01075
0
0
0
0
0.00589667
0.00404333
0.0157233
0.0188767
0.00405
0.01703
0
0.00316
0
0
0.000163333
0.000163333
0.000163333
0.000326667
0.000303333
0.00899667
0.0120567
0.0293733
0.00306333
0.00614333
0.02544
0.0387133
0.06355
0.0613933
0.04806
0.02326
0.00836667
0.00536333
0.00224667
0
0
0
0
0
0
0
0
0
0
0
0
0.000153333
0
0
0
0.00337667
0.000153333
0
0
0
0
0.00014
0.00014
0.00336333
0.000636667
0.00249
0.00534
0.00559333
0.00659
0.00374
0.00508333
0.00223333
0.00223333
0
0
0
0
0
0
0.00699667
0.0233333
0.0289233
0.0421467
0.04155
0.0359967
0.0208133
0.00507333
0.00195667
0
0
0
0.00391667
0
0
0
0
0
0
0
0
0
0
0
0
0
0
0
0
0
0
0
0
0.000903333
0.00638
0.00611333
0.0238267
0.0212
0.0417167
0.0268533
0.04378
0.02486
0.0271533
0.00737667
0.01022
0.00507667
0.00507667
0
0
0
0
0
0
0.00391667
0
0.0150467
0.00637667
0.04181
0.02853
0.0435867
0.05903
0.00695667
0.0328467
0.005
0.005
0
0
0
0
0
0
0
0
0
0
0
0
0
0
0
0
0
0
0.00345333
0.00435667
0.0200667
0.02209
0.0427567
0.04476
0.0614167
0.061
0.0865333
0.0841767
0.0857733
0.04767
0.0432067
0.0255333
0.0245233
0.00921
0.0061
0.00196667
0.00196667
0
0
0
0
0.00246
0.00492
0.00823667
0.0231767
0.0466067
0.06918
0.05678
0.03589
0.01223
0.00723
0.00502
0.00279
0.00279
0
0
0
0
0
0
0
0
0
0
0
0
0
0
0
0
0
0.00345333
0.00807667
0.0237867
0.0359367
0.0528833
0.0468
0.05333
0.05195
0.08557
0.08253
0.08509
0.0591933
0.0554133
0.04558
0.0323633
0.0197267
0.00877667
0.00464333
0.00196667
0
0
0.00246
0.00577667
0.00909333
0.00749
0.0300633
0.0289533
0.0330967
0.00943667
0.00946
0.0192333
0.0197933
0.0203933
0.00562
0.0076
0.00477
0.00554667
0.000776667
0
0
0.000776667
0
0
0
0
0
0
0
0.00283667
0
0
0.00389667
0.00106
0.00212
0.00568333
0.00776
0.0223033
0.0185533
0.0261033
0.0105
0.0298167
0.0221467
0.04124
0.0238667
0.03926
0.0228467
0.0329467
0.0163067
0.0163033
0.00338667
0.00267667
0
0
0
0.00331667
0.00417333
0.000856667
0.00306333
0.00451667
0.00674667
0.0193133
0.0317767
0.0426633
0.03072
0.02508
0.0167333
0.0323867
0.02403
0.0225767
0
0.00224667
0
0.00331667
0.00409333
0
0
0
0.00224667
0.00417
0
0.00663667
0.00476
0.0190167
0.00484667
0.0114833
0.0297167
0.01652
0.0136833
0.0147433
0.00280667
0.00313667
0.00446
0.00368
0.00498
0.00373
0.00408
0.00408
0.00281667
0.00477333
0.00268
0.00549667
0.00071
0.00339
0.00114667
0.00071
0.00229333
0.00114667
0.00599333
0.00484667
0
0
0.00231
0.00531333
0.0200867
0.0308933
0.0410067
0.0305667
0.0265833
0.04075
0.0549
0.0662533
0.0422867
0.0266667
0.00239667
0.00015
0.00015
0.00319
0.00618
0.000326667
0.000326667
0
0.00813333
0.0198167
0.0180433
0.0488833
0.01477
0.0318267
0.0420967
0.0636833
0.0344167
0.0390733
0.02693
0.0147367
0.0201167
0.0367933
0.0238167
0.0456033
0.00509667
0.00371333
0.0169333
0.0168067
0.02047
0.00937333
0.00651667
0.00212333
0
0
0
0
0
0
0.00299
0.00413667
0.02196
0
0.00300333
0.00300333
0.01612
0.01745
0.0217833
0.0143633
0.0373133
0.0478867
0.0626767
0.0443867
0.0323433
0.00015
0.00358333
0
0.0121833
0.00351667
0.000653333
0.000326667
0.00325667
0.01139
0.03082
0.0212967
0.00908333
0.0750367
0.0616767
0.03334
0.02077
0.08047
0.07903
0.0196967
0.0187333
0.0545367
0.0601367
0.06418
0.01049
0.00621667
0.00525
0.01767
0.0307367
0.0410533
0.0309133
0.0207567
0.00745667
0.00306333
0
0
0
0
0
0.00299
0.00598
0.0241667
0.039
0.0549
0.00343333
0
0
0
0
0.0085
0.00416667
0.02382
0.02229
0.03551
0.0343933
0.0259233
0.0318367
0.0113433
0.00235
0.000326667
0.00475
0.00800667
0.0168267
0.0315067
0.0462833
0.00927667
0.00377667
0.05976
0.0589567
0.00892
0.0103333
0.06293
0.05974
0.0144167
0.0298967
0.0489167
0.04804
0.04512
0.0305133
0.0336533
0.01167
0.0111
0.0180667
0.0207533
0.0306733
0.0169333
0.0171567
0.00385667
0.00306333
0
0
0
0
0
0.00299
0.00459333
0.02278
0.0227
0.0399867
0.0284033
0.00793
0.01211
0.00418
0.00637667
0.00636333
0.01944
0.0310333
0.0399133
0.0417433
0.02992
0.0188967
0.00399
0.00202333
0.00242
0.00717
0.0204033
0.0268033
0.0400867
0.0448867
0.04391
0.00724667
0.0148333
0.0610433
0.04611
0.01416
0.04946
0.0961867
0.0712133
0.0611133
0.103733
0.0840733
0.04547
0.10659
0.0791933
0.0840667
0.0531333
0.0460733
0.0260233
0.0320667
0.01983
0.0176333
0.00481667
0.00286667
0.00168333
0.00089
0
0
0
0
0
0
0.00160333
0.00347667
0.00638667
0.0256367
0.0303667
0.0291067
0.0371267
0.0223267
0.01879
0.0159167
0.0267667
0.03917
0.02826
0.01718
0.00413333
0.00196667
0
0.00242
0.00299667
0.01623
0.0166933
0.03415
0.02876
0.03372
0.0304367
0.0619167
0.07201
0.0539667
0.05556
0.0764433
0.08963
0.170443
0.1154
0.127447
0.172893
0.190083
0.0855933
0.109753
0.12164
0.107307
0.05721
0.0812033
0.0431933
0.0530133
0.0326
0.0422967
0.02014
0.0201733
0.0278267
0.01565
0.0155933
0.01425
0.00223333
0.00223333
0
0
0.00187333
0
0.00669
0.00374667
0.0371233
0.02567
0.0537133
0.0500933
0.0354767
0.0189733
0.00302333
0.01369
0.0152133
0.01738
0.00433333
0.00216667
0
0
0
0.000576667
0.000576667
0.00346
0.00288333
0.0107267
0.00881333
0.0235633
0.0209967
0.13564
0.105703
0.0528333
0.0262767
0.0847833
0.113537
0.20636
0.25478
0.119167
0.117243
0.236053
0.18432
0.0991433
0.0795267
0.0918067
0.0249567
0.0750967
0.0364733
0.0378967
0.03955
0.02179
0.00388
0.00657333
0.0193467
0.00573
0.01917
0.0302633
0.0219067
0.0224033
0.0387233
0.03207
0.0287033
0.03897
0.00554333
0.0189033
0
0.00223333
0
0
0.00294333
0.00187333
0.00710333
0.00588667
0.0184367
0.01936
0.0203833
0.00705667
0.00681
0.00089
0.00089
0.00303667
0.00214667
0.00556
0.00341333
0.0165267
0.0138333
0.0258667
0.01383
0.01642
0.00438667
0.00331
0
0
0
0
0
0.00107
0.00107
0.00416
0.00309
0.00511
0.00202
0
0
0
0
0.02386
0.00671333
0.00238
0
0.00216667
0.00216667
0.00216667
0
0
0
0
0
0
0
0
0
0.00097
0.00209667
0.00737333
0.0207933
0.12379
0.0565633
0.0756333
0.0609733
0.0962467
0.0648833
0.0742733
0.22609
0.202147
0.10348
0.0694167
0.16747
0.22699
0.0419933
0.0560333
0.00284333
0.00094
0
0
0.00366
0.0419633
0.0749567
0.0171067
0.0169767
0.00457333
0.00435
0.00623667
0.00379
0.00771333
0.00758333
0.0135167
0.0269467
0.0387267
0.0403667
0.0282167
0.00299
0.00598
0.00361333
0.00383667
0.00440333
0.0107433
0.01085
0.0373333
0.0329433
0.0363033
0.01352
0.0138867
0.0140133
0.01223
0.0235133
0.0227833
0.0021
0.0042
0.0021
0
0.00184
0.00625
0.0208967
0.0188267
0.0329033
0.0264367
0.05275
0.06354
0.0790067
0.05616
0.0313333
0.0118433
0.00817667
0.00913
0.00493
0.00986
0.00283
0.00072
0.00251667
0.00144
0.00215333
0.00287333
0
0.00107667
0
0
0
0
0
0
0
0
0
0
0
0
0.00256667
0.00697667
0.01233
0.02441
0.0351633
0.0457267
0.0360067
0.0494967
0.0572267
0.01059
0.00283
0.00566
0
0
0.00072
0.00072
0.00072
0.00179667
0.00218333
0.00218333
0.00185667
0.00075
0.00075
0
0
0
0
0
0
0
0
0
0
0
0.00256667
0.00433333
0
0
0
0
0
0
0
0
0
0
0
0
0
0
0
0.00112667
0.00112667
0.0155167
0.01556
0.0186233
0.0371833
0.0404667
0.00538333
0.03739
0.0317733
0.0248933
0.03927
0.0118367
0.0293267
0.0999633
0.131637
0.0302667
0.00094
0.00094
0
0
0
0
0.00277333
0.00389667
0.00515333
0.00850667
0.0393933
0.134897
0.00366
0.0237867
0.00643333
0.0261833
0.0213833
0.00899667
0.00142333
0.000166667
0
0
0
0.00667
0.0205233
0.00509667
0.00299
0.0389733
0.0129433
0.00537
0.000166667
0
0
0.00159333
0.00826333
0.0112
0.0389767
0.03145
0.0154267
0
0.00299
0.00734333
0.00520333
0
0
0
0.00293667
0.00453
0.00746667
0.01695
0.0164867
0.00256333
0.0021
0.00402
0.00214
0
0
0
0
0.00263333
0.0159333
0.01554
0.0204
0.0306133
0.00498667
0.0275667
0.00294667
0.01264
0.0126567
0.00108333
0.00108333
0.0299633
0.03281
0.0427667
0.02227
0.00535333
0.02275
0.0107067
0.03136
0.0351267
0.00651333
0.0216767
0.00696667
0.0038
0.0158533
0.01516
0.0246933
0.0364767
0.0213433
0.0255933
0.00448333
0.00683333
0.00181333
0.00048
0.00133333
0.00133333
0.00326333
0
0.0164633
0.00437
0.0158633
0.01395
0.00302
0.00377
0
0
0
0
0
0
0
0
0
0
0.00278667
0.00278667
0.00437333
0.0189833
0.0177833
0
0
0
0
0
0
0
0
0.00101
0.00101
0.00202
0.00101
0.00101
0
0.000816667
0.000816667
0.000816667
0
0
0.00117
0.00234
0.00540333
0.00729667
0.00802
0.00685
0.00378667
0.00189333
0.00154333
0.00105
0.0021
0.00105
0.00105
0.00154333
0.00261667
0.00416
0
0.00261667
0
0
0.00312333
0.00424667
0.01873
0.0225333
0.00818667
0.0072
0.00446
0.0168633
0.00251333
0.0169967
0.00122667
0.00248333
0
0.00122667
0.000843333
0.00168667
0.01753
0.0362433
0.0371467
0.0271333
0.0176933
0.0131833
0.00280667
0.00223667
0.00381333
0.00698
0.00632
0.0200867
0.0217767
0.0379733
0.0379633
0.02607
0.0363067
0.0132833
0.00751333
0.0518833
0.0233567
0.0712567
0.04611
0.0316367
0.00123
0.00123
0.00253
0.00319
0.0198133
0.0220267
0.05111
0.04983
0.0726567
0.05911
0.0591933
0.03672
0.07048
0.0473733
0.04286
0.0291633
0.00312
0.00388667
0.00388667
0.00701667
0.00566
0.0209267
0.03442
0.0585567
0.0730333
0.0724333
0.0733367
0.0596167
0.05902
0.00950667
0.0216367
0.0220267
0.0201433
0.0203033
0.0291333
0.0311133
0.0308267
0.0447767
0.0307733
0.0439533
0.01775
0.03251
0.00363667
0.0192633
0.00657333
0.01926
0.00172667
0.00217
0.00430333
0.00685667
0.0203133
0.0297833
0.00170667
0.0165933
0.0351567
0.0241433
0.0241867
0.0158333
0.0205233
0.0276033
0.00317333
0
0.00158667
0.00295667
0.00176
0.01439
0.0252467
0.0350167
0.0194133
0.0265133
0.01778
0.0214633
0.0202967
0.0190667
0.00698333
0.01797
0.0138967
0.0221133
0.00867
0.0387933
0.0288
0.0196533
0.02837
0.00337667
0.00639667
0
0
0
0
0
0
0
0
0
0
0
0
0
0.00158667
0.00158667
0.00143333
0.00143333
0.00143333
0.0007
0
0
0.0007
0
0
0
0
0.00389667
0.00288667
0.0188233
0.0169467
0.0159367
0.0185967
0.00448667
0.00929333
0.00562333
0.00761
0.00280333
0.00280333
0.00117
0.00117
0.00423333
0.00306333
0.00495667
0.00189333
0.00189333
0.00383667
0.00538
0.0182333
0.0170133
0.0290233
0.01617
0.0135533
0
0
0.00430333
0.003
0.00542333
0.003
0.00242333
0.00242333
0
0.00742667
0.0321433
0.0219633
0.02934
0.04262
0.00371
0.0160833
0.00245333
0.00122667
0.000843333
0.000843333
0.000843333
0.02655
0.0332733
0.0401867
0.0295367
0.0236433
0.00694
0.03162
0.02701
0.0295233
0.00473
0.0160367
0.00157667
0.00315333
0.00643333
0
0.0247667
0.00943333
0.0207567
0.0166867
0.0200667
0.0158433
0.00422333
0.00114667
0
0
0
0
0
0
0.000223333
0
0.00994
0.00294333
0.0195067
0.00339
0.00374
0.00168333
0.00336667
0.0375067
0.0478933
0.0456867
0.02756
0.04131
0.0153567
0.00559333
0.00137
0.00137
0.00125333
0.00125333
0.00725333
0.00662333
0.00738333
0.00200667
0.00561333
0.00691667
0.02373
0.0256233
0.0417767
0.0254867
0.0225467
0.00433
0.00318333
0
0
0
0
0
0.00277
0.00254667
0.0262733
0.00976667
0.05302
0.0431833
0.02729
0.04419
0.00290667
0.0108067
0.00035
0
0.00168333
0.0352533
0.03335
0.0161633
0.01501
0.00175
0.00125333
0.00499333
0.02123
0.02349
0.0294367
0.01396
0.01058
0.00761
0.0240133
0.03883
0.0487467
0.0498
0.03503
0.0240667
0.00585
0.03441
0.0188767
0.00319333
0.00238333
0.00507667
0.00175
0.0331867
0.00287667
0.0173367
0.0200767
0.00595333
0.0312967
0.0170367
0.00404
0.00767333
0.00332667
0.0290733
0.0396167
0.0392133
0.0261433
0.03821
0.00406333
0.01678
0.00126333
0.00410667
0.00126333
0.0389233
0.02618
0
0
0
0
0.0152267
0.0171033
0.0300833
0.03964
0.00239667
0.00803333
0.0136767
0.0139167
0.02401
0.0133467
0.0235367
0.0124833
0.02515
0.0519233
0.02945
0.05062
0.000866667
0.00236333
0.000866667
0.00149667
0.00149667
0
0
0.00146667
0
0.00165
0.00138
0.00242667
0.05938
0.0234733
0.03644
0.0224533
0.03217
0.0404033
0.0313733
0.02189
0.02193
0.0185667
0.0287433
0.0182033
0.0195367
0.01178
0.00887667
0.00920667
0.00370667
0.00370667
0
0
0
0
0
0.000866667
0.01653
0.00355
0.00285
0
0
0
0
0.00288667
0.00476333
0.0239433
0.00254333
0.000886667
0.00177333
0.000886667
0.000886667
0.00561
0.00143333
0.0144133
0.01859
0.01368
0.0369933
0.0486233
0.0641333
0.0177867
0.0430067
0.0104133
0.01692
0.00365
0.00645333
0
0.000846667
0
0
0
0
0.00613
0.00229333
0.03012
0.01956
0.03996
0.0398367
0.01873
0.0322833
0.000836667
0.00601333
0.00620667
0.00274
0.01008
0.0227133
0.03201
0.0208867
0.01824
0.00727667
0.00619
0.0114867
0.0298567
0.0229267
0.0267033
0.03801
0.00358333
0.0158267
0.00165667
0.00366333
0.00165667
0.00355333
0
0.00232667
0.00194667
0.00194667
0.00194667
0.00434333
0.00284667
0.0134333
0.00067
0.00126333
0.000593333
0.000593333
0
0
0
0
0.00272
0.00272
0.01676
0.00272
0.0353033
0.0186
0.02542
0.02643
0.00367333
0.00884
0.00418667
0.00262667
0.0480367
0.0394067
0.03335
0.0255067
0.0205133
0.00045
0
0.00045
0.00230667
0.00230667
0.00135667
0.00304
0.00124667
0.00135667
0.00268667
0.000623333
0.01009
0.00396667
0.0200333
0.02079
0.01391
0.0796733
0.161853
0.207947
0.0135833
0.01817
0.0553333
0.08012
0.1145
0.108977
0.11094
0.0990633
0.08057
0.0618233
0.0494567
0.02142
0.102553
0.05556
0.16668
0.0229033
0.00654333
0.00415333
0.00635
0.00874
0.01358
0.0325367
0.0619133
0.07674
0.0894233
0.06907
0.0767467
0.0585933
0.0621633
0.00391333
0.00665
0.00124667
0.00540333
0
0
0.00254667
0.00478
0.02151
0.03719
0.05179
0.0413733
0.0257033
0.01114
0.00482667
0.00312333
0.000853333
0.02059
0.0106833
0.0116433
0.0286567
0.0424333
0.06114
0.0687233
0.06397
0.06027
0.0472167
0.00102667
0.00828667
0.011
0.02697
0.0359467
0.0455167
0.0367467
0.0229633
0.0122733
0.00542333
0.0201333
0.0233367
0.0371333
0.0212133
0.0180567
0.00515667
0.0746367
0.0608367
0.07045
0.04656
0.00433667
0.00531667
0.00536333
0.0314467
0.00545
0.01933
0.01553
0.0141833
0.00238667
0.00169333
0.0156333
0.0178967
0.02726
0.00474
0.0169467
0.00093
0.00122
0.00093
0.0138833
0.0152567
0.0280333
0.01532
0.00195667
0.00102667
0.00102667
0.00239667
0.00399667
0.00483667
0.00313333
0.00265667
0.00239667
0.00239667
0.0195133
0.00245
0.00523
0.00203
0.0109533
0.00891
0.0100433
0.0197967
0.0479067
0.0198033
0.0462467
0.01997
0.02007
0.0206067
0.0306267
0.0110367
0.0209
0.0169667
0.00866333
0.0424467
0.01633
0.0419067
0.0365633
0.0164933
0.0174533
0.00454
0.00824667
0
0
0.00122333
0
0.00331
0.00295333
0.01555
0.01496
0.02909
0.0164933
0.0237667
0.00877
0.0236867
0.0163833
0.0171833
0.00803667
0.00915667
0.0276233
0.0336167
0.0468833
0.0332733
0.02477
0.00732667
0.00447667
0
0.000596667
0.000596667
0.00295
0.00423
0.00946
0.0262867
0.0555367
0.0803333
0.0812267
0.05941
0.0463767
0.0291067
0.05334
0.0371933
0.0373367
0.00379333
0.00521667
0.00227
0.00227
0
0
0.00229333
0.00319333
0.0166233
0.0237967
0.03645
0.0431667
0.0388767
0.0416367
0.0223267
0.02067
0.00626
0.0140233
0.0276567
0.04928
0.0477
0.0512767
0.0241067
0.0346567
0.0151367
0.0154633
0.00782
0.00705
0.0163
0.01957
0.0178367
0.0307067
0.00787333
0.0239367
0.0111633
0.02293
0.0366767
0.0229367
0.0217
0.0320933
0.01877
0.0303867
0.01658
0.0142533
0.00374667
0.00355667
0
0.00178333
0.00634333
0.0109033
0.0142867
0.0238133
0.0193767
0.0150867
0.00350333
0.00588333
0.0604967
0.0698367
0.0456767
0.03835
0.02186
0.00569333
0.0169767
0.0183267
0.0172433
0.00506
0.00266333
0.00674
0.00683333
0.00987333
0.00608
0.00734667
0.00430667
0.00357333
0
0.00190333
0.00380667
0.0186967
0.0295567
0.0496333
0.0354133
0.0277067
0.00632
0.00881667
0.00376
0.00537333
0.00563333
0.00220667
0.00355667
0.00698333
0.00355667
0.101843
0.252723
0.22798
0.389987
0.0336167
0.05776
0.02927
0.100053
0.0681
0.101787
0.0853767
0.0842067
0.0935467
0.05541
0.40052
0.30327
0.130807
0.0415067
0.09153
0.0201067
0.0368867
0.02495
0.231243
0.32174
0.217157
0.0950067
0.05531
0.0410867
0.0156867
0.04281
0.0179333
0.00765
0.0121533
0.00673667
0.02202
0.0357433
0.04892
0.03995
0.02473
0.01159
0.01207
0.00991667
0.0321433
0.0450867
0.0971933
0.121373
0.20034
0.0579267
0.02275
0.0393633
0.0182767
0.0039
0.0204667
0.0345567
0.0461867
0.0358867
0.0349
0.0355533
0.0214467
0.0176267
0.00922
0.00770667
0.00546667
0.00638667
0.00603667
0.00706667
0.00656
0.00780667
0.0336867
0.0337733
0.0243433
0.0125233
0.0128767
0.0296233
0.0250667
0.0533667
0.03111
0.0420533
0.0172867
0.03922
0.0404267
0.0335067
0.0471433
0.03088
0.00569
0.00471
0.03079
0.0221633
0.01117
0.00885
0.00787333
0.00462
0.00492667
0.00462
0.00254333
0.0105067
0.0188333
0.01914
0.0311867
0.0177367
0.0171933
0.00390667
0.0161
0.01415
0.01479
0.00259667
0.00797667
0.00795333
0.00433667
0.00377
0.00157
0.0022
0.03948
0.065
0.0376067
0.0347
0.0044
0.00575333
0.00488
0.00522
0.0165433
0.0427167
0.0279167
0.05089
0.04448
0.0499367
0.0427733
0.05303
0.0458467
0.03802
0.0228667
0.02442
0.0206533
0.0494267
0.00869667
0.0242167
0.0215833
0.0370233
0.0234167
0.0357567
0.0230667
0.04364
0.0313167
0.0650433
0.0530667
0.1039
0.0939167
0.13084
0.0847133
0.0618933
0.0181267
0.01241
0.00707
0.00253
0
0
0.00122333
0.0144567
0.00964667
0.00322
0.0032
0.00735667
0.0241567
0.0356
0.0604933
0.05887
0.0659333
0.04387
0.0437267
0.0393667
0.04854
0.0500633
0.0430333
0.03135
0.0290167
0.0195867
0.0282767
0.0137633
0.01844
0.00762667
0.0219633
0.0225167
0.03824
0.0544333
0.0841033
0.0861
0.0848667
0.06696
0.08349
0.08714
0.111703
0.0780467
0.0535633
0.0142767
0.01133
0.00227
0
0
0
0.0009
0.00317
0.0126367
0.0293867
0.0472633
0.06701
0.0656733
0.06557
0.0398767
0.0354167
0.0239733
0.0516333
0.0569333
0.0702933
0.0509267
0.0588267
0.0593067
0.07263
0.04463
0.06618
0.0191767
0.0446167
0.0544733
0.0564667
0.05507
0.0594667
0.0324567
0.02086
0.00640333
0.0088
0.0187767
0.0315467
0.0354167
0.02434
0.04179
0.0244333
0.0531533
0.03406
0.0582267
0.03051
0.0513733
0.0412933
0.0632767
0.0415067
0.0348367
0.0107967
0.0300567
0.07813
0.162483
0.270987
0.34044
0.420207
0.06539
0.03879
0.03312
0.03394
0.0312767
0.05076
0.0399667
0.0663433
0.0804633
0.0969567
0.101503
0.0726167
0.02756
0.0313633
0.01557
0.0197467
0.0139567
0.0371033
0.0342867
0.0510967
0.0234233
0.0251367
0.00719
0.01018
0.0197833
0.0354
0.05439
0.0745267
0.0620633
0.0827233
0.0508633
0.0527767
0.02381
0.0123433
0.0202667
0.476377
0.542533
0.354313
0.12351
0.13042
0.0683633
0.102253
0.06025
0.582337
0.526713
0.63447
0.3555
0.380287
0.48801
0.705887
0.531927
0.0656967
0.0640567
0.0591967
0.0385567
0.0560467
0.0399267
0.0517267
0.0392367
0.0533467
0.0493067
0.05576
0.0401533
0.0464467
0.0315033
0.0717333
0.0745267
0.137543
0.147267
0.20697
0.235863
0.325313
0.457533
0.14155
0.243877
0.07737
0.0665733
0.0653467
0.05831
0.0369367
0.0438333
0.02769
0.0500433
0.0353933
0.0633933
0.03498
0.03478
0.00491667
0.00470333
0.00531667
0.01396
0.0410833
0.0807967
0.0516567
0.0316167
0.0391667
0.0251933
0.03951
0.0361267
0.0273733
0.0633067
0.05871
0.0489433
0.0496233
0.02842
0.0149633
0.0155567
0.01308
0.0142067
0.01051
0.0230933
0.00581333
0.0268367
0.01314
0.0371367
0.0349667
0.0366633
0.0515267
0.0393467
0.0277533
0.0506367
0.02781
0.0640567
0.0385133
0.0423833
0.0256567
0.03525
0.0404733
0.0316367
0.0218067
0.0296167
0.0197833
0.0265733
0.00962333
0.0231067
0.0288333
0.0184667
0.0181667
0.01628
0.08031
0.07179
0.0663767
0.04816
0.02897
0.01866
0.0206867
0.0073
0.0368467
0.0374367
0.0401633
0.0533967
0.0664267
0.01861
0.02054
0.0399
0.0427833
0.0522833
0.0491567
0.0415233
0.04173
0.0479067
0.0625067
0.0760067
0.0908667
0.10341
0.12842
0.126677
0.13908
0.106297
0.0752367
0.0446533
0.0255933
0.04131
0.0235867
0.0275167
0.00646
0.00646
0.0132333
0.0150067
0.0318933
0.0244733
0.0417067
0.0399667
0.0563133
0.04721
0.0480167
0.0396
0.00782
0.00101333
0.00282
0.00688667
0.0240667
0.0508033
0.0757867
0.0679667
0.0597367
0.0456167
0.05167
0.0355433
0.0367733
0.02584
0.0305767
0.0295267
0.03965
0.0435067
0.0415633
0.03482
0.02621
0.02819
0.0347567
0.0481567
0.0510867
0.0478133
0.0646367
0.09054
0.108773
0.110477
0.1031
0.114763
0.119717
0.0942767
0.06178
0.0202233
0.00906
0
0
0
0
0.00280333
0.00507333
0.01888
0.0337267
0.0496867
0.0650933
0.0674867
0.0693
0.0442667
0.0360767
0.0224967
0.0494967
0.0591267
0.0746233
0.0520633
0.0423933
0.03855
0.0484
0.0269667
0.0507167
0.03958
0.0399433
0.0126633
0.06333
0.05694
0.0634167
0.0390633
0.0235167
0.00771
0.00745
0.00696667
0.0210867
0.0361867
0.0449333
0.0511767
0.05911
0.0622667
0.0736667
0.0898733
0.0935267
0.0838967
0.06946
0.0629867
0.0668833
0.0538067
0.04353
0.0371233
0.04769
0.09912
0.16584
0.23028
0.296377
0.296527
0.378573
0.372833
0.119087
0.104783
0.08767
0.0778367
0.0498867
0.0377367
0.0183067
0.0315
0.0336767
0.0458267
0.0662367
0.06391
0.07359
0.0388233
0.0339033
0.0428433
0.0227967
0.04164
0.0617367
0.0726333
0.06481
0.05266
0.04066
0.0238
0.0112667
0.0215067
0.0360367
0.0496367
0.0691367
0.0942567
0.120307
0.10455
0.06888
0.0392967
0.03466
0.0406333
0.418977
0.480623
0.389383
0.19396
0.15198
0.130723
0.526273
0.424823
0.894563
0.650663
0.473887
0.33305
0.883907
0.723243
0.04475
0.01646
0.04164
0.0544467
0.0437567
0.0659967
0.0631433
0.0649933
0.0479433
0.0487867
0.0570367
0.06805
0.0758833
0.0698867
0.09182
0.10861
0.147907
0.174047
0.19804
0.22124
0.21702
0.2922
0.501387
0.413697
0.04312
0.0203467
0.0475533
0.0615167
0.0517567
0.0554467
0.0506767
0.0614167
0.0687367
0.0853633
0.06144
0.03927
0.00940667
0.00470333
0
0.00864333
0.193487
0.134997
0.0590333
0.0690133
0.0364267
0.0362767
0.0199733
0.0304767
0.0380333
0.0167333
0.03558
0.0418933
0.0247433
0.0368167
0.03652
0.04026
0.03687
0.0255467
0.0313167
0.0182567
0.0150467
0.00617333
0.0301233
0.0520867
0.00937333
0.0134133
0.01193
0.02814
0.0344367
0.0561267
0.0716267
0.0533433
0.0656
0.08571
0.0635733
0.04579
0.0181833
0.02437
0.0159067
0.01795
0.00793667
0.0202167
0.0219033
0.0218367
0.01302
0.0334333
0.0180967
0.01939
0.0207567
0.0307733
0.0506733
0.0374667
0.0340733
0.0412567
0.0393233
0.0394067
0.0292967
0.0208867
0.0457933
0.0416967
0.0406767
0.0455533
0.02193
0.03304
0.0446133
0.0495433
0.0415967
0.0414533
0.0299933
0.03319
0.0461267
0.0606367
0.06877
0.06954
0.05592
0.07493
0.06438
0.0911167
0.0689533
0.07173
0.0470767
0.05106
0.0600633
0.0693733
0.0611333
0.037
0.0159433
0.00646
0
0.00177333
0.00420333
0.0100167
0.0106733
0.02339
0.0210633
0.0285367
0.0258367
0.0360933
0.0161667
0.0197267
0.0229767
0.0368733
0.0426733
0.0487833
0.0227267
0.02779
0.0197433
0.0214433
0.00651333
0.00968
0.00579667
0.0209067
0.01897
0.0314467
0.0247033
0.03002
0.0350067
0.0417867
0.04285
0.0426533
0.0391667
0.0413967
0.0673
0.09962
0.120287
0.11291
0.10015
0.10938
0.07715
0.0570933
0.0155367
0.0111633
0
0
0.00227
0.00227
0.01531
0.0158433
0.0196367
0.0204033
0.0313233
0.04576
0.03414
0.04046
0.0262533
0.0282467
0.0146667
0.0171067
0.01967
0.03469
0.03303
0.0349067
0.01601
0.0293233
0.0164267
0.0172333
0.01578
0.02058
0.02557
0.03089
0.0362233
0.05184
0.0506533
0.03779
0.0216633
0.00713
0.00664667
0.00674333
0.01773
0.0330533
0.0442633
0.0416933
0.0492633
0.0358033
0.0650133
0.0645367
0.0797667
0.0603767
0.0580333
0.04005
0.0319267
0.0317133
0.0471867
0.0642933
0.10566
0.138473
0.196373
0.224533
0.25859
0.2704
0.302597
0.0728167
0.0652267
0.09471
0.0731333
0.0596767
0.0300433
0.0131767
0.01229
0.01009
0.0113267
0.0277367
0.0384567
0.0420267
0.03503
0.04554
0.0334233
0.0483667
0.0463033
0.0337367
0.02119
0.0214933
0.0350933
0.0487067
0.0365133
0.0625633
0.0522167
0.0681533
0.0302067
0.03702
0.0183833
0.0287067
0.0163967
0.0235233
0.27338
0.28197
0.153703
0.0908267
0.0718267
0.0886267
0.0630333
0.106583
0.10026
0.113713
0.287817
0.220557
0.5651
0.263563
0.18897
0.24843
0.648337
0.36207
0.00781667
0
0.00781667
0.01335
0.00988333
0.0274833
0.0302233
0.0436433
0.0323567
0.0348067
0.0272133
0.0486
0.05551
0.07178
0.0560467
0.0820833
0.0676033
0.116637
0.138557
0.19382
0.19841
0.301253
0.0449033
0.140593
0.0198533
0.00967333
0.00563
0.0073
0.0224067
0.0213767
0.0367633
0.0220167
0.03224
0.0216367
0.0473933
0.0405567
0.0379767
0.0111033
0.00470333
0
0
0.0280633
0.01756
0.0159433
0.0147
0.01052
0.0151033
0.0124133
0.0283533
0.00940667
0.00429
0.00511667
0.00999
0.0356033
0.0468467
0.0443733
0.04058
0.0388467
0.0260733
0.0153333
0.0285367
0.0293267
0.00477667
0.00757667
0.00269
0.00816
0.0122567
0.0223233
0.0135133
0.0372733
0.0345933
0.02217
0.0437567
0.0354133
0.03512
0.00834333
0.00919
0.00257
0.0031
0.00332333
0.00053
0.00279333
0.01688
0.00619667
0.00241333
0.00917
0.00528667
0.0047
0.0188767
0.03018
0.03474
0.0253367
0.0191667
0.0295967
0.0159967
0.0156133
0.01564
0.0303533
0.0243733
0.03499
0.03715
0.00576
0.0204867
0.02155
0.0345667
0.02006
0.02216
0.00636
0.0143367
0.03749
0.0660833
0.0841167
0.0722933
0.04824
0.0310967
0.0142033
0.0284767
0.021
0.03474
0.0228167
0.0323767
0.0385167
0.06222
0.0720233
0.0616267
0.0340567
0.0125067
0.00302333
0
0.00119
0.00362
0.00441333
0.00565333
0.00401667
0.00671
0.0167267
0.00224333
0.00529333
0.0111033
0.0180367
0.04336
0.0550133
0.0751867
0.0562433
0.0450567
0.0281767
0.0202033
0.0570967
0.0508333
0.0817033
0.0416633
0.0674867
0.03516
0.0355933
0.00437333
0.00437333
0
0
0
0.00227
0.00542667
0.0184667
0.03045
0.0310867
0.0203167
0.0197867
0.0159933
0.01591
0.00434333
0.00836667
0.0196467
0.0239533
0.0338433
0.02712
0.0227433
0.0136333
0.00689
0.00739
0.03027
0.04006
0.0621633
0.0466767
0.0591233
0.0324867
0.0450233
0.0258767
0.0295867
0.0142
0.02346
0.00663333
0.00615333
0.00182
0.00364
0.00143333
0.00425333
0.0197733
0.0213033
0.0365667
0.0252433
0.0232033
0.00627333
0.00425
0.00375
0.0171333
0.0312633
0.04154
0.02822
0.0290733
0.02689
0.0376533
0.05148
0.0626467
0.05656
0.09102
0.0769033
0.152517
0.00553667
0.0229667
0.0193767
0.04045
0.01653
0.0283367
0.0165233
0.02173
0.00834667
0.00735667
0.00163667
0.0171933
0.0204333
0.0346
0.0257633
0.02492
0.0104533
0.0203233
0.0206233
0.0232
0.00678
0.00974667
0.00658333
0.0111067
0.00486333
0.00532667
0.00126667
0.00397333
0.00334
0.01058
0.00270667
0.01691
0.00949333
0.0128467
0.127287
0.233203
0.164537
0.203987
0.135613
0.13785
0.149697
0.0789167
0.135513
0.0104267
0.0465333
0.00734
0.17337
0.16539
0.177577
0.02782
0.0112733
0.0232233
0.0274867
0.0927733
0.0486167
0.120997
0.13593
0.18117
0.192847
0.03634
0.00452333
0.00258333
0.00507
0.00828
0
0
0
0
0.00432667
0.00867667
0.0275267
0.0314733
0.0343
0.0217633
0.0186233
0.0216233
0.0222333
0.0347333
0.0266167
0.03166
0.0265767
0.0364833
0.0901067
0.00935
0.00649333
0.01005
0.0230467
0.00858
0.0514767
0.00211
0.00286667
0.00886
0.00872333
0.00523
0.0110233
0.0120633
0.0102333
0.0048
0.00178667
0.0084
0.00728333
0.0136833
0.0064
0.0064
0
0
0.04388
0.0333467
0.0484133
0.0349633
0.0393467
0.02562
0.03867
0.0146433
0
0
0
0
0.0149133
0.00308
0.00407667
0.00556667
0.00149
0.00149
0.00159667
0.00519
0
0.00519
0.00675667
0
0.0108333
0.0121033
0.00691333
0.00863667
0.00172333
0.00172333
0
0
0
0
0
0
0.0130967
0.01543
0
0
0.00220667
0
0.00355667
0.03919
0.0400367
0.0293533
0.00634
0.00618667
0.00696
0.00686
0.00766333
0.00221
0.00302333
0.01562
0.0034
0.01499
0.0142033
0.00395333
0.00356333
0.00437667
0.00478
0.0158467
0.0211167
0.0317333
0.00681667
0.00698667
0.00699333
0.00468333
0.00473333
0.00127
0.000796667
0.00370667
0.0324233
0.03613
0.05923
0.0323067
0.03314
0.00633333
0.00454
0
0.00218667
0.00218667
0.00907667
0.00850333
0.0283833
0.0261333
0.04607
0.0292133
0.0711133
0.0498267
0.02488
0.0121367
0.0164933
0.00606
0.00472
0.00182
0.00125
0.00411667
0.00393333
0.0209733
0.0170367
0.0433567
0.0279033
0.0509367
0.00519
0.00910333
0.00384667
0.0132767
0.0115867
0.00394
0.00788
0
0
0
0
0
0
0.00404667
0.00089
0.01935
0.00598667
0.01975
0.01942
0.00445
0.00767667
0.00215667
0.00218
0.0169433
0.00347667
0.0284533
0.01586
0.0196767
0.0186633
0.00301333
0.00669
0.00259333
0.0150133
0.0182033
0.0292467
0.0210233
0.0169067
0.00419667
0.0543433
0.0544067
0.04614
0.04586
0.03704
0.0421367
0.0305267
0.0380467
0.03806
0.02737
0
0.00157667
0
0.00314667
0.00314
0.00471
0.00314
0.00157
0
0.00105667
0.00034
0.00017
0
0.000633333
0.000633333
0.000633333
0
0
0
0.00162
0.00162
0.01323
0.00942
0.0314467
0.03253
0.0327833
0.0381933
0.0411267
0.0331933
0.0381367
0.03387
0.0241867
0.01988
0.0405133
0.00740333
0.0225867
0.0194267
0.04002
0.00105667
0.00487667
0.00105667
0.01677
0.01005
0.0232833
0.0287567
0.0129167
0.0254467
0.00771333
0.0164267
0.00443667
0.0319567
0.0895133
0.13532
0.117613
0.153483
0.164083
0.15796
0.122323
0.0674933
0.03813
0.01048
0.0141333
0.00691
0.00476667
0.0167867
0.0148433
0.0743433
0.0324367
0.0451167
0.0857033
0.118523
0.161033
0.148877
0.11629
0.0663867
0.0430567
0.01716
0.00858
0.000826667
0
0
0
0
0
0
0
0.00244
0.00676667
0.02917
0.04558
0.0626833
0.0474567
0.0327367
0.01644
0.0117367
0.01453
0.0114567
0.106367
0.122303
0.0719467
0.0486167
0.0291667
0.02104
0.0137867
0.00215333
0.00381
0
0.00211
0.00631667
0.0136667
0.0154533
0.0205567
0.01518
0.0157367
0.0150733
0.0204767
0.0145967
0.00820333
0.000826667
0.000156667
0
0
0.00446667
0.00574333
0.00435
0
0
0
0.00408667
0.00499667
0.00260333
0.00239333
0.00435
0.00719
0.00435
0
0
0
0
0
0
0
0
0
0
0.00284
0
0
0
0
0.00368667
0.00233333
0
0
0
0.00135
0.0027
0.00238
0.0144233
0.0134467
0.0283467
0.01745
0.01761
0.01778
0.0192567
0.0330067
0.04463
0.04323
0.0139967
0.000473333
0.000946667
0.00370667
0.00370667
0.00370667
0.00741333
0.00179333
0.0055
0
0.00179333
0
0
0
0
0.00161333
0.00161333
0.00464
0.00625333
0.00464
0
0.00221
0.00442
0.00745
0.01746
0.0272233
0.02617
0.0151333
0.00434333
0.00356333
0.0172533
0.01427
0.01807
0.02974
0.04207
0.0362967
0.0317933
0.0259
0.0201167
0.0188733
0.0186167
0.00481333
0.00346
0.00463
0.0192133
0.0209133
0.0318467
0.0171233
0.0154533
0.00227
0.00227
0
0
0
0
0.00089
0.00227667
0.00421667
0.0176933
0.0195333
0.0370667
0.02488
0.0430633
0.02359
0.0277867
0.00769667
0.00769667
0.00239333
0.00107333
0.00475
0.00367667
0.00460333
0.0166767
0.00156
0.00446
0.0025
0.00125
0.0166367
0.00205
0.02686
0.0155633
0.0376833
0.0384867
0.0139267
0.02648
0.00121667
0.00121667
0
0
0.00157
0.0274533
0.0299167
0.01255
0.00393333
0.0114067
0.0142333
0.00196667
0.0254233
0.0132067
0.0141967
0.0135767
0.00198
0.00157
0.00157
0.00157
0
0
0
0.00525667
0.00099
0.00099
0
0
0
0
0
0
0
0
0.0158467
0.0078
0.0511233
0.03825
0.0640233
0.07587
0.0242567
0.0496767
0.0143333
0.0160133
0.00912
0.0011
0.00447
0.00608333
0.00919333
0.00609333
0.00387667
0.00698667
0.00196667
0
0
0
0.00623
0.0206733
0.03648
0.0460967
0.0405367
0.03536
0.02378
0.0281933
0.0185533
0.0163567
0.00306
0.00207
0
0
0
0
0
0
0
0
0.0104867
0.00244
0.0528533
0.03289
0.07638
0.0662367
0.04325
0.0581067
0.0113367
0.00723667
0.00334
0.0019
0.0162833
0.0278633
0.0173667
0.01348
0
0
0.00420667
0.01865
0.026
0.03764
0.03041
0.03369
0.0243933
0.0304767
0.0272233
0.0227433
0.00960333
0.00222667
0.000156667
0
0.0168667
0.0303333
0.0385833
0.0413067
0.0246967
0.00151
0
0
0
0.0185533
0.0295267
0.0176267
0.0143967
0.0162933
0.00176667
0.01021
0.00586
0.00366333
0.00127
0.00127
0
0
0
0
0
0
0
0.01433
0.0208933
0.0165433
0.01154
0
0
0
0
0.000626667
0.000626667
0
0.00313333
0.00599667
0.00270667
0.00488
0.00135333
0
0
0.00448333
0.0343167
0.0195633
0.0574533
0
0.00303
0.00221
0.00559
0.00606
0.0158133
0.0167433
0.00328333
0.0152567
0.00118333
0.00247
0.00464333
0.0680733
0.0541267
0.0673467
0.0278767
0.0173367
0.00298333
0.000473333
0
0
0.00110667
0.00110667
0.00296333
0.00185667
0.00260667
0.00075
0.00075
0
0
0
0
0
0
0
0
0.0267667
0.01509
0.00667333
0.00441667
0.00108
0.00332
0.0169633
0.0316867
0.0425033
0.0409633
0.02851
0.0177233
0.00454
0.00227
0
0
0
0
0.00138667
0.00277333
0.01714
0.03012
0.0624367
0.0675433
0.0998433
0.08755
0.08656
0.04627
0.02167
0.0354333
0.0267033
0.0246333
0.03309
0.00715
0.01538
0
0.000773333
0
0
0.00112333
0.00112333
0.0146367
0.00042
0.00240667
0.00125
0.00869
0.0156667
0.0293233
0.0189233
0.01487
0.01691
0.00121667
0.00231667
0
0
0
0
0
0
0.00094
0.00094
0.00136
0.00042
0.00115667
0.00042
0.00231333
0.00197
0.00271333
0.000743333
0.000743333
0.000743333
0
0
0
0.0120667
0.000496667
0.000496667
0
0
0
0
0
0
0.00115667
0.00302
0.00519
0.00641667
0.00148667
0.000743333
0
0
0
0.0125633
0.000993333
0.000496667
0
0
0
0
0
0
0.00186333
0.00291333
0.0198967
0.0169367
0.0147433
0.00225333
0.000496667
0
0
0
0
0
0
0.00105
0
0.00284333
0.0191367
0.0298967
0.0305433
0.01835
0
0.00179333
0.00358667
0.000126667
0.00235667
0.000626667
0.01606
0.00179333
0.00488
0.00209333
0.000126667
0
0.000626667
0.00622
0.0235567
0.0223233
0.0241067
0.00333667
0.00453333
0.00384
0.01731
0.00453333
0.0217833
0.0173467
0.00826
0.00775667
0.00332
0.04601
0.0205
0.04426
0.00502
0.0193733
0
0.00251
0.00337667
0
0.00634
0.00448333
0.00446333
0.00482
0.0015
0.00335667
0
0.00075
0
0
0
0
0.00133
0
0.00133
0.00292667
0.00319333
0.00241667
0.00415667
0.00333667
0
0
0
0.0147233
0.02778
0.0408367
0.0306433
0.0198567
0.00907667
0.00454667
0.00227667
0
0
0
0
0.00138667
0.00346
0.0178267
0.0171267
0.0487567
0.0768267
0.07388
0.0675967
0.05664
0.13053
0.106113
0.110113
0.14179
0.0716767
0.0717
0.134803
0.0767133
0.0277433
0.05049
0.0154433
0.0341833
0.01467
0
0
0
0.00215333
0.02111
0.0842133
0.184553
0.01467
0.00253
0.00253
0.00215333
0.00253
0.00215333
0.00541
0.00435667
0.0011
0.0011
0
0.00197
0.0218167
0.0365867
0.13622
0.164737
0
0
0
0
0.00370333
0.00567333
0.00937667
0.01884
0.0321833
0.0784467
0.0651867
0.00640333
0
0.00173
0.00543333
0.00913667
0.01111
0.01805
0.0196667
0.0181767
0.0129333
0.00653
0.000126667
0.00173
0.00346
0.00716333
0.0288433
0.01692
0.03928
0.0401633
0.0168433
0.0251133
0.00862333
0.00234667
0.000253333
0.0182133
0.02993
0.0207867
0.01786
0.0152767
0.03952
0.02725
0.01873
0.0301267
0.00203
0.00513
0.00986667
0.00269667
0.03919
0.02448
0.0466933
0.0339867
0.0212033
0.00849667
0.00418667
0.00926667
0.00434667
0.00741
0.000573333
0.00308333
0.00227
0
0.01926
0.00564667
0.0287267
0.0188467
0.0162767
0.0158633
0.00227
0.00302
0
0
0
0
0.00119
0
0.00252
0.00266
0.0158233
0.01609
0.0181233
0.00655667
0.00496
0
0
0
0
0.0130567
0.0153167
0.0198467
0.00898667
0.00900333
0.0073
0.00510333
0.00337667
0.00055
0.00055
0
0
0.00207333
0.00207333
0.00276
0.07973
0.01547
0.00099
0.02324
0.05039
0.100247
0.0977
0.114827
0.242177
0.193387
0.107953
0.11177
0.279413
0.287223
0.0664733
0.10106
0.05096
0.04211
0.04808
0.0355133
0.0208433
0.22088
0.124277
0.0505467
0.0463233
0.0129033
0.0242033
0.01785
0.02319
0.00868667
0.00634
0.0051
0.00746333
0.02232
0.0173867
0.01948
0.00462333
0.0548733
0.00756
0.0282867
0.0187333
0.00663333
0.00502667
0.00165667
0.00318
0.00251333
0.00268
0.00296
0.00772667
0.0228433
0.0350733
0.04665
0.03599
0.0275367
0.0110267
0.0172767
0.0309933
0.01746
0
0.01563
0.00270667
0.01807
0.0177233
0.01584
0.01599
0.00341333
0.00259
0.000166667
0.00043
0.00305667
0.00811
0.02313
0.02885
0.04014
0.03126
0.0293167
0.0405567
0.0209967
0.0303767
0.00285
0.00638667
0
0
0
0
0.00499667
0.00309
0.01704
0.01714
0.0174
0.0287233
0.00082
0.01441
0
0
0
0
0
0
0.00270667
0.0154633
0.02804
0.0389333
0.0287667
0.0179567
0.00435667
0.00203
0.000526667
0.00769667
0.0126533
0.0295333
0.03071
0.01703
0.0048
0.00183667
0.000573333
0.000573333
0
0.00227
0.00536
0.0189733
0.0288467
0.0390133
0.03899
0.0291167
0.01586
0.00227
0
0
0
0
0
0.00119
0.0139467
0
0
0
0
0.00226
0.00445667
0.00665333
0.0174133
0.0180433
0.0309033
0.0184333
0.0179267
0.00287
0.00232
0
0
0
0
0.000303333
0.0543733
0.0389033
0.000606667
0.00091
0.0284433
0.0478433
0.0373833
0.16803
0.197933
0.104353
0.0784433
0.2311
0.133043
0.120827
0.127937
0.0925633
0.01896
0.02089
0.00531667
0.0366833
0.07078
0.0410333
0.0904633
0.00529
0.000396667
0.00235333
0.000396667
0.00708
0.00310333
0.0248033
0.00716667
0.04102
0.0353633
0.0208667
0.0299367
0.02031
0.02684
0.00344
0.0171133
0
0.00227
0
0
0.00857333
0
0.0221133
0.0264633
0.0393867
0.00285
0.00285
0.00285
0.00114667
0.00114667
0.00319
0.00204333
0.01658
0.0164433
0.0241433
0.0125967
0.0243633
0.0174833
0.0167633
0.00309
0.00227
0
0
0
0
0
0
0
0
0.00219667
0.00498
0.018
0.01941
0.0316833
0.0211633
0.0198767
0.00482
0.00232
0
0
0
0
0
0.000303333
0.000303333
0.0446467
0.00574333
0.00250667
0.000606667
0.0198833
0.09002
0.05464
0.0484767
0.0876367
0.0644967
0.0195433
0.0947167
0.113547
0.0168667
0.01941
0.0089
0.00779
0.0253567
0.00991333
0.0555033
0.04016
0.04058
0.0458033
0.0212967
0.0267267
0.00344
0.00890667
0
0.00117
0.00404667
0
0.0228567
0.00404667
0.04573
0.0273833
0.04149
0.05545
0.08039
0
0
0
0.00103667
0.00382
0.00596
0.00853
0.00876333
0.00912333
0.00551667
0.0025
0
0
0
0
0
0
0
0
0
0.00574333
0
0.00237667
0.00220333
0.00926667
0.00352333
0.0495667
0.0208433
0.00394333
0.00042
0.0698967
0.0631467
0.00042
0.00126667
0.00280667
0.00678667
0.0201567
0.0355967
0.0465467
0.05165
0.0392433
0.0378733
0.0196067
0.0168833
0.00332333
0.00227
0
0
0.00561
0.00965667
0.0270233
0.0402233
0.0583233
0.0593033
0.06264
0.0630267
0.000536667
0
0
0.00103667
0.00103667
0.00418
0.00317667
0.01835
0.0173733
0.0166533
0.00346
0.000443333
0.0018
0.00135667
0.00135667
0
0
0
0
0
0.000173333
0.00236333
0.000536667
0.00354667
0.000346667
0.00182667
0.00182667
0.02184
0.00657333
0
0
0.0446933
0.0438133
0
0
0
0.00196
0.00399
0.0182067
0.01903
0.03193
0.0184667
0.0206767
0.00574667
0.00604667
0.00105333
0.00105333
0.000163333
0.000163333
0.00172667
0.00717333
0.0127833
0.0285867
0.0423233
0.05886
0.06364
0.0152567
0.02845
0.0445
0.0411733
0.0145667
0.01403
0
0
0
0
0.00204
0.0235267
0.0156633
0.0241967
0.0174867
0.00362333
0.00226667
0.00226667
0
0.00372333
0.00389667
0.00846333
0.0309567
0.0163933
0.00956
0.00794
0.0201167
0.00501667
0.0107467
0.00934
0.00319
0.00334333
0.0268933
0.03667
0.000153333
0.000153333
0
0.00179333
0.00382333
0.00932333
0.0103133
0.00828333
0.00353667
0.000753333
0.000753333
0
0
0
0.000163333
0.00174667
0.00331
0.00826
0.0122867
0.0237
0.0379333
0.00025
0
0.00264
0.0158567
0.0184967
0.0339467
0.03882
0.04607
0.04597
0.0417433
0.04774
0.0320167
0.00725667
0.0210367
0.00025
0.0183967
0.0112433
0.00897667
0.0104333
0.02849
0.0263467
0.0429567
0.0417167
0.0336233
0.0136867
0.0322267
0.0320967
0.0227
0.00831667
0.0112967
0.00775333
0.00349667
0.0178933
0.0195
0.000306667
0.000153333
0.00446667
0.00626
0.0329933
0.0340267
0.04048
0.0137467
0.00824667
0
0
0
0
0
0
0.00158333
0.00432333
0.00943667
0.02083
0.00025
0
0.00264
0.00528
0.00792
0.0188467
0.0342967
0.0341767
0.0386
0.0256267
0.0389933
0.0243833
0.0215333
0.00863
0.0117333
0.00750667
0.0005
0.02411
0.01196
0.0391833
0.0499067
0.0558233
0.0180367
0.02407
0.0455133
0.0354067
0.0149333
0.01837
0.0109067
0.0164767
0.00456333
0.00578333
0.00446667
0.000153333
0.0377833
0.00893333
0.0816633
0.06005
0.04056
0.06106
0.00623333
0.01448
0
0
0
0
0
0
0.00359333
0.00274
0.00577
0.00443333
0
0
0
0.00264
0.00264
0.0162067
0.0160867
0.0186067
0.00712667
0.00972333
0.0105833
0.0118767
0.00676
0.00636333
0.00298333
0.00418
0.00122333
0.0057
0.00025
0.0185967
0.01681
0.0330467
0.00642333
0.00194667
0.00949333
0.0263767
0.000973333
0.00234667
0.00195333
0.0097
0.00196667
0.00196667
0.00280333
0.00667667
0.00888667
0.0355267
0.0366667
0.0605367
0.03338
0.0340067
0.00792667
0.00623333
0
0
0
0
0
0
0
0.000853333
0.00225667
0
0
0
0
0
0
0.00252
0.00639667
0.00848333
0.0200767
0.01958
0.0318767
0.0177633
0.0145267
0.000143333
0.000143333
0.00119667
0.00119667
0.000973333
0
0.00119667
0.00239333
0.000973333
0
0.00174667
0.00119667
0
0
0.00055
0
0
0.00291333
0.00350667
0.0166567
0.0159533
0.0300733
0.0191333
0.0169233
0.00781667
0.00560667
0.0073
0.00169333
0.00169333
0
0
0
0
0
0
0
0
0
0
0.00403333
0.00403333
0.01705
0.0130167
0.0156733
0.00653333
0.0196433
0.0311
0.04188
0.0431533
0.0321367
0.0176233
0.00338333
0.000286667
0.000143333
0
0
0
0
0
0
0
0
0
0
0
0
0
0
0
0
0.00231667
0.00523
0.01997
0.0308033
0.0410733
0.0410467
0.0301667
0.0169833
0.00227
0
0
0
0
0
0
0
0
0
0
0
0
0.00615
0.00403333
0.0325467
0.0216467
0.0367333
0.0495733
0.03163
0.03958
0.0303167
0.0315233
0.0186733
0.01922
0.00470667
0.00161
0.000143333
0
0
0
0.00300667
0
0
0
0.00300667
0
0
0
0
0.00093
0
0
0
0.00093
0.00374
0.00512667
0.00731333
0.0192433
0.01979
0.0307867
0.0167233
0.01613
0.00294667
0.00227
0
0
0
0
0
0
0
0.00754667
0.0230433
0.0389
0.05453
0.0704367
0.0683267
0.07641
0.0475567
0.0352733
0.00613
0.00205333
0
0
0.00211667
0.00401667
0.00158667
0.00158667
0.00012
0.00024
0.00012
0.00242333
0.0217133
0.00506
0.00336
0.00566333
0.0253333
0.00868
0.00117667
0.00453667
0.00790667
0.00316333
0.00817
0.00578333
0.00696
0.00117667
0.0169533
0.01753
0.02247
0.0108667
0.00893
0.00592333
0.00659
0.00639333
0.00353
0.000676667
0
0
0.00238667
0.00238667
0.00238667
0.00228667
0.00771667
0.02569
0.0413767
0.05392
0.06735
0.0720767
0.0832467
0.0602233
0.0411033
0.0121
0.00372
0.00014
0.00012
0.00487
0.00692333
0
0.00024
0.000483333
0.000483333
0.00266667
0.0235767
0.0281633
0.0189467
0.0220633
0.0388033
0.0378367
0.0181333
0.0333567
0.0259033
0.0240833
0.02657
0.0559167
0.0322
0.0411867
0.04561
0.02333
0.01611
0.0202767
0.0168167
0.00433333
0.00718667
0.00517
0
0.0229633
0.00755667
0.0235767
0.03721
0.0354
0.0205567
0.00228667
0.00286
0.0208333
0.01912
0.03652
0.0235167
0.0456433
0.0446
0.04801
0.0262833
0.00949333
0.00111333
0.00014
0
0.00012
0.00012
0.01151
0.00664
0.00557
0.000363333
0.01815
0.0153567
0.02197
0.0108967
0.0242267
0.01891
0.0420933
0.0338233
0.01869
0.0220867
0.00657667
0.0208967
0.02284
0.04879
0.04924
0.0519433
0.03562
0.0320833
0.03618
0.0308867
0.02015
0.00668667
0.00299
0.00580667
0.0194633
0.0342333
0.04116
0.0435233
0.0417133
0
0.000573333
0.000573333
0.00114667
0.00269333
0.00766333
0.02402
0.03883
0.05079
0.0348333
0.0203467
0.00341667
0.00244333
0
0
0
0
0.00871667
0.00664
0.00532667
0.00532667
0.0107933
0.00415333
0.0125133
0.00718667
0.0034
0.00132333
0.0158167
0.0192833
0.00132333
0.00318
0.00185667
0.00185667
0.00229333
0.00895667
0.02484
0.0391733
0.0478733
0.0416167
0.0281067
0.0262067
0.0174533
0.01669
0.00386333
0.00362667
0.00313333
0.0161533
0.0276133
0
0
0
0
0.00212
0.00212
0.01905
0.01983
0.03676
0.0219167
0.02146
0.00453
0.00244333
0
0
0
0
0
0.00207667
0.00207667
0
0
0.00207667
0.00199
0
0.00186
0.00199
0.00199
0.00372
0.00186
0
0
0
0
0
0.00229333
0.0170667
0.03295
0.0438133
0.0444033
0.03077
0.02073
0.00536667
0.00399
0.000873333
0.00151
0.000636667
0.00249667
0
0
0
0
0
0
0.0029
0
0.00707333
0.00498667
0.00417333
0.00208667
0
0
0
0
0
0.00199
0
0
0
0.00906
0.00398
0
0
0.00721333
0.00213333
0
0
0.000143333
0
0.00076
0.00076
0.00237667
0.00161667
0.00547
0.0186267
0.0215467
0.03085
0.0167533
0.0160833
0.00292667
0.00225
0
0
0
0.0029
0.000666667
0.00365667
0.00299
0.00372667
0.00282333
0.00282333
0.00208667
0.00537333
0.00244667
0.000213333
0.00223333
0.00208667
0
0
0
0
0.0270867
0.00715
0
0
0.0270067
0.0434933
0
0
0.0111733
0.0295067
0.00623667
0
0.00287667
0.000286667
0.00299667
0.00361333
0.0162267
0.01499
0.0276933
0.0189333
0.0296933
0.01915
0.01779
0.00609
0.00604667
0.00355333
0.00575333
0.00287667
0.0176033
0.0160367
0.0167933
0.00664667
0.0233067
0.0210533
0.0212133
0.00388667
0.00315
0
0
0
0.0123567
0.0152833
0.00468
0
0.000236667
0.000236667
0.0350067
0.05071
0.00374
0.00397667
0.0592767
0.0487933
0.00661667
0.0103567
0.0309867
0.0274833
0.00609333
0.00900667
0.00403333
0.00299667
0.01743
0.03355
0.0268967
0.0236667
0.0353367
0.0209767
0.0263467
0.0226067
0.00949333
0.0288633
0.0383867
0.0384533
0.0382167
0.03183
0.0460567
0.0325867
0.0367767
0.0376433
0.04804
0.0338633
0.0189467
0.00556
0.00241
0
0.00407333
0.00407333
0.00579
0.0296733
0.0362233
0.00195333
0.00195333
0.0483033
0.0566267
0.00795333
0.00421333
0.04855
0.0348367
0.0181267
0.0154867
0.0174233
0.01333
0.00669333
0.00587333
0.00501
0.00337333
0.01616
0.00495667
0.0172833
0.0273567
0.0244967
0.0209167
0.0378533
0.0446633
0.0561267
0.05272
0.0448833
0.03124
0.0521567
0.0430333
0.0411233
0.0320667
0.0381167
0.0361233
0.03113
0.0205333
0.0052
0.00998333
0.0112667
0.03753
0.0320533
0.0370967
0.06038
0.0620867
0.0121
0.0108333
0.0621533
0.06503
0.00800667
0.00701333
0.04579
0.0352267
0.0172133
0.0157767
0.0181
0.01125
0.0174833
0.01702
0.03087
0.01968
0.0191067
0.00602
0.00662667
0.00770667
0.0214633
0.02746
0.0397867
0.0447067
0.0413233
0.0459333
0.0334433
0.05771
0.04581
0.0291267
0.0172933
0.02304
0.03582
0.0431933
0.0329
0.02476
0.0171767
0.0206
0.03967
0.0620633
0.0649667
0.0592533
0.0743933
0.0648633
0.0401333
0.03265
0.0755633
0.08757
0.0133767
0.0259467
0.0664733
0.05071
0.0158067
0.0167
0.0125367
0.0111733
0.0093
0.02246
0.0367
0.0455733
0.0344333
0.0191567
0.00448667
0.00504333
0.0028
0.01814
0.0178033
0.0334533
0.0230367
0.0259867
0.0897667
0.104367
0.0556267
0.0373567
0.0166033
0.0168567
0.0306667
0.0198533
0.02424
0.0156767
0.01962
0.038
0.0613733
0.0618833
0.05686
0.03202
0.0992967
0.118457
0.0513867
0.0395333
0.10556
0.0859033
0.04662
0.0387467
0.05215
0.01409
0.02707
0.0230333
0.00498
0.00486667
0.00476333
0.01056
0.0391267
0.0521067
0.0535933
0.0270467
0.00952667
0.00224333
0
0
0
0.00246333
0.00479
0.00971333
0.11471
0.0736133
0.045
0.0115933
0.00420333
0.00323667
0.00507667
0.00227
0.00848333
0.00621333
0.0317867
0.0255733
0.0322967
0.00963667
0.0143833
0.00778667
0.11927
0.0888333
0.0258933
0.0117833
0.0683633
0.0311333
0.03738
0.0285067
0.0106133
0.00150333
0.02547
0.0141367
0.000336667
0.000336667
0.00454
0.00908
0.03863
0.06288
0.0843567
0.06209
0.0388433
0.0128267
0.00807333
0.00253
0.00734333
0.00481333
0.00926333
0.00677667
0.0425367
0.0133867
0.00319
0.00043
0
0
0
0
0
0
0
0.00291333
0.00291333
0.00304
0.00038
0.05442
0.0363233
0.0139967
0.00734
0.0260067
0.00515
0.0313433
0.0309433
0.00116667
0
0.02724
0.0398633
0
0
0.00454
0.00454
0.03409
0.03409
0.0601067
0.0316967
0.0327
0.01053
0.01192
0.01262
0.0135867
0.0264867
0.0246933
0.00276
0
0
0
0
0
0
0
0
0
0
0
0.000253333
0.000253333
0.00674333
0.00276
0.00746667
0.000506667
0.00398333
0
0.0302
0.01338
0
0
0.0489067
0.0396433
0.000506667
0.000506667
0.00328333
0.00277667
0.00504667
0.00681
0.00681
0.00568
0.00127333
0.00512
0.00993333
0.0160433
0.0286
0.0380767
0
0
0
0
0
0
0
0
0
0
0
0
0
0
0
0
0.000253333
0
0
0
0.00642
0.000253333
0
0
0.02481
0.00840667
0.00284333
0.00335
0.0168667
0.0168
0.0231
0.0118533
0.0136167
0.00681
0.00454
0.000133333
0.000133333
0.00608667
0.00819333
0.0245967
0
0
0
0
0
0
0
0
0
0
0
0
0
0
0
0
0
0
0
0
0
0
0
0.00224
0
0
0.00284333
0.0204567
0.0339733
0.0571467
0.04634
0.0506233
0.0291467
0.02486
0.00706
0.00252
0
0
0.00224
0
0
0
0.00474
0.00474
0.01788
0.01314
0.01629
0.00315
0.00796
0.00481
0.00733
0
0
0
0.00252
0
0.00177667
0
0
0.00177667
0.00177667
0
0
0
0
0.0176133
0.03516
0.0611767
0.05745
0.0577033
0.0342067
0.02284
0.00504
0.00252
0
0
0.000203333
0.00268667
0.00722333
0.0206133
0.03127
0.04155
0.03131
0.0285533
0.0183433
0.0345033
0.02664
0.02857
0.000153333
0.000356667
0.00278333
0.00952333
0.00193
0.00814333
0
0.000263333
0.0248733
0.01866
0
0
0.0221133
0.00523
0.00544
0.0177567
0.0200267
0.0337033
0.01678
0.01703
0.00314333
0.00252
0
0
0.00336
0.0165467
0.0147367
0.0290833
0.0208533
0.0305633
0.0348533
0.0490033
0.0696367
0.0570667
0.0447367
0.00514667
0.00566667
0.00772333
0.01444
0.0111567
0.01832
0.000263333
0.000983333
0.0304133
0.03914
0
0
0.0388133
0.0291033
0.01243
0.00565
0.00042
0.00248
0.00227
0.00289333
0.000623333
0.000623333
0
0
0.00134667
0.00583333
0.0109933
0.0162267
0.0303767
0.0562333
0.0813433
0.0868167
0.06278
0.0398733
0.01278
0.00799
0.00851667
0.0159067
0.0194233
0.0173667
0.00185333
0.00267
0.02499
0.0196433
0.00169
0.00282333
0.0239
0.00896
0.0072
0.00021
0.00021
0.000926667
0.000926667
0.00354333
0.00261667
0.00430667
0.00169
0.00689667
0.0128033
0.0169733
0.02681
0.05192
0.0707967
0.0805833
0.0675567
0.0508833
0.03202
0.01005
0.00447
0.0100133
0.0151167
0.0127833
0.00546667
0.00884
0.00303667
0.00273333
0.00470333
0.0251667
0.0202367
0.00251
0.00251
0.00341667
0.00287667
0.00935
0.0074
0.0241067
0.02025
0.0367367
0.02172
0.02264
0.0359
0.0529
0.0626867
0.0681067
0.06319
0.04569
0.0311933
0.0139333
0.00620667
0.01847
0.00217
0.00773667
0.00447
0.00173667
0.00806
0.0248133
0
0
0.0418733
0.0529933
0.00301
0.00355
0.0196533
0.01952
0.0472267
0.0375967
0.05589
0.04435
0.0556167
0.05186
0.0389767
0.0415067
0.06085
0.0561367
0.0458933
0.0345267
0.0170633
0.00978
0.0167333
0.01607
0.000353333
0.00108333
0.00173667
0
0.0256967
0.00785667
0
0.00247
0.0430833
0.0315633
0.00548
0.0228767
0.03651
0.0617467
0.0725967
0.0755
0.0684233
0.0464967
0.04523
0.0203033
0.0363467
0.0528367
0.05215
0.0440833
0.02992
0.01308
0.00652667
0.00107333
0.00277667
0.00508
0.00249667
0
0
0.00843333
0.00351333
0
0.00247
0.0147533
0.00818
0.00537333
0.02277
0.0254733
0.0508167
0.0372267
0.05106
0.0237433
0.0262567
0.03207
0.0472067
0.04334
0.03412
0.0227133
0.01196
0.0232467
0.00170333
0.0149533
0.0355167
0.0203967
0
0
0.00380333
0.02049
0
0.00137333
0.00215
0.00457667
0.00869
0.01022
0.0323067
0.0301633
0.0325967
0.0143167
0.0125
0.00809333
0.0307267
0.0249033
0.02611
0.0293067
0.0371967
0.05506
0.0174767
0.0217033
0.0773033
0.05623
0.00422667
0.00678
0.0283133
0.0644133
0.00392667
0.0181367
0.0140533
0.0393267
0.0512833
0.04439
0.10326
0.0896467
0.115613
0.0607067
0.0641833
0.0342567
0.0264167
0.0386367
0.0545067
0.06304
0.0478367
0.0583733
0.118777
0.13187
0.222927
0.03865
0.07548
0.10879
0.212737
0.0486333
0.12248
0.0979633
0.18898
0.12631
0.227683
0.211527
0.31782
0.23552
0.2767
0.16027
0.110733
0.184997
0.0971267
0.130417
0.154547
0.27429
0.329577
0.416773
0.12946
0.186617
0.316577
0.413963
0.166477
0.23206
0.303647
0.384867
0.313833
0.331963
0.401223
0.403237
0.430867
0.38663
0.271113
0.241153
0.320133
0.337673
0.435453
0.459267
0.264637
0.33193
0.46074
0.444123
0.273063
0.34311
0.427957
0.43224
0.365687
0.39475
0.412157
0.41669
0.433387
0.369523
0.389233
0.387687
0.436927
0.407127
0.445873
0.372277
0.380183
0.38139
0.416073
0.398077
0.43354
