0.175313
0.14253
0.0877833
0.133743
0.14444
0.231887
0.174317
0.15831
0.05619
0.0497733
0.05299
0.0713467
0.17007
0.201457
0.284693
0.237987
0.379147
0.255443
0.41797
0.344893
0.32032
0.17541
0.09547
0.0719533
0.08005
0.0762267
0.0870833
0.14689
0.202483
0.3089
0.452223
0.401793
0.409393
0.475803
0.295847
0.175077
0.115977
0.0989733
0.0709533
0.0755467
0.0924633
0.0534667
0.07688
0.0743433
0.0607967
0.0761167
0.06359
0.0372
0.04112
0.00773333
0.02994
0.0336967
0.113493
0.13615
0.0522133
0.06152
0.107763
0.0889833
0.12127
0.07746
0.0730333
0.196863
0.233437
0.120437
0.0708767
0.0779767
0.08025
0.07894
0.183943
0.29613
0.201023
0.0546533
0.0718
0.0557133
0.0536767
0.146773
0.144713
0.24152
0.297437
0.156977
0.28715
0.0899867
0.15845
0.0439233
0.0787533
0.0623667
0.0531267
0.0835867
0.14319
0.242237
0.0451433
0.0609733
0.0449767
0.0340467
0.01602
0.0105667
0.0027
0
0.0427
0.0524967
0.0404433
0.0397433
0.00378667
0.01149
0.00378667
0.0165333
0.0814433
0.0635633
0.0480467
0.132247
0.266317
0.13505
0.265123
0.394593
0.472957
0.35203
0.498433
0.46823
0.375817
0.222477
0.405687
0.519493
0.0955967
0.0482933
0.04595
0.0432967
0.0475033
0.0748933
0.0851633
0.0934633
0.0991567
0.06865
0.08084
0.0415167
0.04919
0.01607
0.0220367
0.04323
0.0743567
0.16536
0.212973
0.37421
0.00134333
0.00489667
0.00624
0.0424167
0.02362
0.0418867
0.0551567
0.0113167
0.0262533
0.0027
0.00586333
0
0
0
0
0
0.00715333
0.00849667
0.00883
0.0156167
0.116303
0.0592367
0.10752
0.1584
0.36094
0.269777
0.312597
0.363063
0.478407
0.460087
0.504967
0.451593
0.44406
0.36524
0.0589967
0.01262
0.0303233
0.00929
0.56783
0.5231
0.25231
0.12949
0.07165
0.01958
0.02421
0.0346033
0.0560333
0.0811333
0.0957867
0.09163
0.00779
0.00233333
0.00294
0.0153633
0.0496867
0.0787533
0.1633
0.308057
0.471353
0.551167
0.00176333
0.0257867
0.0204867
0.04272
0.0303833
0.0246733
0.02787
0.00316333
0.00703667
0
0
0
0
0
0
0
0
0
0
0
0
0
0.00678667
0.0142333
0.105373
0.06422
0.0739433
0.07776
0.24905
0.24862
0.130373
0.26214
0.244613
0.34305
0.319247
0.407427
0.23446
0.31687
0.03638
0.0388333
0.00606333
0.0103033
0.0127767
0.0229833
0.0285967
0.0213533
0.349693
0.411993
0.226343
0.240603
0.126107
0.08588
0.0204533
0.0119933
0.00847
0.02645
0.0563167
0.00220333
0.00220333
0.0147567
0.0147567
0.04443
0.05319
0.23227
0.287233
0.442833
0.02756
0.04899
0.03392
0.0141067
0.0306033
0.00774667
0.00387333
0
0
0
0
0.00176333
0
0.00706333
0
0
0
0
0
0
0
0
0
0
0.000186667
0
0.00744667
0.00814333
0.04784
0.04134
0.0187467
0.0142867
0.112303
0.11596
0.116227
0.0591533
0.15427
0.112863
0.00561333
0.0166233
0.0112267
0.0321733
0.21747
0.146217
0.0988467
0.1301
0.00666
0.00225
0.00420667
0.00362333
0.00274667
0.00273333
0.0445667
0.0235567
0.0411567
0.00220333
0.00440667
0
0.242047
0.172133
0.0989867
0.11282
0.0616533
0.06068
0.0193833
0
0
0.0235167
0.07042
0.155057
0.03881
0.03276
0.01239
0.00387333
0
0
0
0.0321833
0.00992333
0.0525533
0.00387333
0
0
0
0
0
0
0
0
0
0
0
0
0
0
0
0
0
0.000186667
0
0.000696667
0.000696667
0.00668667
0.0128333
0.00597333
0.00298667
0.0576433
0.0601633
0.05084
0.00756667
0.0770733
0.0366667
0
0.00425333
0.00425333
0.00770333
0.01446
0.0306133
0.01426
0.02724
0.0494467
0.0884467
0.05844
0.0184433
0.0488933
0.00367333
0.01737
0.00333
0.000996667
0.000996667
0.00137333
0.00137333
0.02539
0.00584
0.00245667
0
0.000253333
0
0
0.0534667
0.0469033
0.09406
0.03043
0.0494567
0.0420067
0.0283333
0.00413
0.00314667
0
0
0
0.00517667
0.00517667
0.0183567
0.01361
0.0426433
0.04256
0.0116633
0.0358667
0
0.00314667
0
0
0
0
0
0
0
0
0
0
0
0
0
0
0
0
0
0
0
0
0
0
0
0.00102667
0
0.00633333
0.00633333
0.00331667
0.00205333
0.0153533
0.01161
0.00215667
0.00905667
0.00560667
0.02292
0.00434333
0.00560667
0.0160133
0.0109967
0.0208867
0.0207533
0.01788
0.00287333
0.00387
0
0
0
0.0235233
0.00836333
0.021
0.00118
0.00456333
0.000953333
0.000253333
0.00190667
0.00854333
0.00988
0.00875
0.00434667
0.000953333
0.00751667
0
0.00136667
0.00136667
0.0195533
0.00273333
0.0178033
0.0181867
0.000983333
0.000983333
0
0
0
0
0
0
0
0.229187
0.1856
0.12884
0.05318
0.0327267
0.0084
0.000543333
0.000543333
0
0
0
0.00654333
0.00136667
0.0233633
0
0
0
0
0
0.00289
0.0101367
0.0225333
0.02048
0.0723533
0.11379
0.195513
0.224157
0.265237
0.168173
0.201213
0.163297
0.13875
0.0640767
0.0352667
0.01604
0.00962667
0.00677
0
0
0
0
0
0
0
0.00695667
0.0107433
0.03217
0.0335733
0.0344733
0.00401667
0.00401667
0
0.000543333
0
0
0.00289
0.00289
0.02505
0.0374467
0.00640333
0.00896
0.0280833
0.0348
0.0538867
0.0344833
0.03078
0.00815333
0.00399667
0
0
0
0
0
0.00693333
0.0170467
0.06892
0.0791233
0.16428
0.207913
0.280227
0.25487
0.00920667
0.00347333
0.02216
0.0307667
0.00573333
0.0114667
0.00383
0.0124367
0.00573333
0.00853667
0.00867
0.0125
0
0.00280333
0.0071
0.0147433
0
0.00345
0.00308
0.00812667
0.00604
0.0239633
0.0230933
0.00287333
0.00574667
0.00654667
0
0.00870333
0.01831
0.0340733
0.0279167
0.03549
0.04178
0.01762
0.0329667
0.00339333
0.0016
0.00639333
0.00572667
0.00308
0.0245167
0.03881
0.0521533
0.0371033
0.00462667
0.00558
0.0083
0.00565333
0
0
0
0
0
0
0
0
0
0
0
0
0
0
0
0
0
0
0
0.00136667
0
0.00136667
0.00136667
0
0
0
0
0
0
0
0
0
0
0.00795333
0.00795333
0.0480433
0.07434
0.06871
0.03813
0.129443
0.0518067
0.105983
0.106753
0.03644
0.0340367
0.0124967
0.00733667
0.000766667
0.000383333
0
0
0
0.00142333
0.00407333
0.02097
0
0
0
0
0
0
0.0152
0.00795333
0.07558
0.108423
0.155227
0.0318633
0.01196
0.00399667
0.00399667
0
0
0
0.0135467
0
0.06853
0.02016
0.134663
0.06076
0.127463
0.05253
0.05766
0.0220733
0.01649
0.107457
0.106413
0.137137
0.11759
0.150083
0.11196
0.17393
0.00592667
0
0.000383333
0
0
0
0
0.00265
0.00265
0.00534667
0.00421
0.01232
0.00552
0.0131067
0.00474667
0.00486333
0.00029
0.00029
0
0
0
0
0
0
0
0
0
0.000166667
0.000166667
0.00738667
0.0027
0.02367
0
0.0800233
0.16251
0.20487
0.00483
0.0002
0
0
0
0
0
0
0
0
0
0
0
0.00338
0.00602333
0.0222167
0.0238767
0.04483
0.0391233
0.0700867
0.0677467
0.0345867
0.05449
0.00799333
0.0159567
0
0.00399667
0
0
0.0135467
0.211137
0.17027
0.141527
0.0866267
0.0167133
0.00580667
0
0.11137
0.131203
0.152067
0.159043
0.156083
0.1723
0.01762
0.00526667
0.00955
0.00058
0.00029
0
0
0
0
0
0
0
0
0.00284333
0.00301
0.01279
0.0171667
0.0702533
0.00617333
0.15049
0.0829167
0.0347067
0.0110133
0.00638333
0.0002
0
0
0
0
0.00208
0.00208
0.00434
0.00226
0.00226
0.00226
0.00436333
0.00338
0.00534667
0.221857
0.132157
0.08303
0.03185
0.0110633
0.141553
0.126747
0.119193
0.0861133
0.123923
0.0513833
0.0924467
0.0371367
0.04756
0.0499433
0.0344267
0.0253533
0.0287
0.00342333
0.00342333
0
0
0.00316667
0
0.0321067
0.0101233
0.0639733
0.0503667
0.02852
0.0466767
0.00356
0.00824667
0.00029
0
0
0
0
0
0
0
0
0.119273
0.0732867
0.11636
0.0766067
0
0.000336667
0.00241667
0.0230933
0.0250167
0.00835
0.0290267
0.0295633
0.00707333
0.0345233
0.02791
0.0111367
0.0155733
0.0077
0.01124
0.00415667
0.0118567
0
0.00415667
0
0
0
0
0
0
0.0101133
0.0101133
0.0310067
0.02725
0.19422
0.126513
0.236787
0.211937
0.14788
0.0579967
0.01427
0.0649533
0.0229433
0.01134
0.00560667
0.03359
0.0354267
0.00280333
0
0.0378833
0.0529
0.00345
0.00913667
0.0737133
0.0732167
0.0563333
0.05546
0.0553467
0.02731
0.04805
0.0360633
0.0495533
0.03024
0.02706
0.02503
0.0409567
0.0222167
0.00897667
0.0339667
0.02986
0.0335333
0.0351667
0.0272333
0.01148
0.0262867
0.0307
0.0489533
0.02724
0.0300867
0.000596667
0.000596667
0.00119333
0.00483667
0.00543333
0.00207
0.00690667
0
0.00207
0
0
0
0.00207
0
0
0
0
0
0
0
0
0
0
0
0
0.00799333
0.00902
0.0263933
0.00796333
0.0193833
0.00796333
0.0123
0.01142
0.0259767
0.00088
0.0303467
0.0272067
0.01285
0.00839
0.00695333
0.00971
0.00108667
0.00108667
0.00128333
0.00198667
0.00327667
0.00313667
0.0248867
0.0450733
0.0603433
0.03982
0.0213333
0.00516
0.00407333
0.00248667
0.00153667
0.00153667
0
0
0
0
0
0
0
0
0
0.0248033
0.00207
0.00414
0
0.0480833
0.0758367
0.05312
0.0621733
0
0
0
0
0
0
0
0
0
0
0
0.00416
0.00567667
0.0243067
0.02197
0.0208033
0.00217333
0.00035
0.00035
0
0
0
0
0
0
0.0159267
0.0159267
0.0105433
0.0198567
0.01239
0.0105433
0.01136
0.00577667
0.0111667
0.00558333
0.00558333
0
0
0.0281667
0.0304333
0.00648667
0.06337
0.03191
0.0508433
0.0256833
0.0213333
0.0413833
0.00485667
0.0218067
0.000173333
0.00329667
0
0
0
0
0
0
0
0
0
0
0
0
0
0
0.00312667
0.00312667
0.0106133
0.00748667
0.0183133
0.0122833
0.0398767
0.0367167
0.0835967
0.0795533
0.120223
0.09255
0.0713767
0.07107
0.02304
0.1226
0.107783
0.0700733
0.0612833
0.0373967
0.02035
0.00138667
0
0
0
0.00277333
0.003
0.02206
0.00204
0.0211
0
0.00181333
0
0
0
0
0
0
0
0
0
0
0.00264333
0
0.0246567
0.00680333
0.05677
0.0406433
0.0445367
0.0392667
0.02425
0.00558333
0
0
0
0
0
0.0476067
0.0611467
0.0549367
0.0407133
0.0515367
0.0629367
0.0103467
0.04651
0.0467767
0.05837
0.0330333
0.0628033
0.0756767
0.161337
0.172417
0.2535
0.20535
0.159713
0.0720067
0.16226
0.22672
0.181997
0.11873
0.0934567
0.0189633
0.00169
0.00169
0.00683
0.00514
0.00999667
0.00536667
0.00485667
0
0
0
0
0
0
0.0377067
0.05181
0.0555
0.0659633
0.0762233
0.0655567
0.0391733
0.0984967
0.0910433
0.06928
0.0663767
0.137243
0.21933
0.289677
0.312767
0.28036
0.175457
0.25181
0.21794
0.22291
0.217557
0.14801
0.0871767
0.0188867
0.00789333
0.02888
0.0278167
0.05002
0.0336633
0
0.00525667
0
0
0
0.0769533
0.09177
0.102403
0.108727
0.00599667
0.0329267
0.00884
0.0626167
0.03671
0.0607033
0.0794733
0.0908833
0.20445
0.146307
0.208053
0.174047
0.0576067
0.06395
0.0704733
0.0272367
0.0491467
0.00198333
0.00816667
0
0
0
0.11985
0.0595067
0.0363567
0.01557
0.0923167
0.0880233
0.0820733
0.0436867
0.0376767
0.0157667
0.02314
0.0333367
0.0511567
0.0619767
0.0634733
0.0480567
0.03118
0.00925
0.00342333
0
0
0
0.00316667
0.00316667
0.02515
0.02915
0.0497133
0.03055
0.0266533
0.00609
0.00327
0
0
0
0
0
0
0
0
0.00599667
0.08761
0.0576467
0.0872933
0.156633
0.000566667
0.00744333
0.000903333
0.0515067
0.0275533
0.0670033
0.0488033
0.0379833
0.0384367
0.0517667
0.0495067
0.0329033
0.0134833
0.00588667
0
0
0
0
0
0
0
0
0
0
0
0
0
0.00684667
0.0207167
0.0305133
0.10851
0.140607
0.201467
0.14503
0.00818667
0.00280333
0.04858
0.0387233
0
0
0.06583
0.0498167
0.0134933
0.00780667
0.0193533
0.10377
0.0697533
0.100213
0.02101
0.04287
0.00714333
0.01286
0.0240467
0.0439533
0.0585267
0.05474
0.0135433
0.0137167
0.0119633
0.02967
0.0507967
0.0832933
0.04389
0.05817
0.0448433
0.0349367
0.0365467
0.0538467
0
0.00791
0.00731333
0.00910667
0.0158233
0.13872
0.141797
0.05001
0.181227
0.00833667
0.05144
0
0.00626667
0
0
0
0
0
0
0
0
0
0
0.000596667
0
0
0
0
0
0.00102667
0
0.00102667
0
0
0
0
0
0
0
0.00211
0
0.00525
0.00211
0.00314
0.00314
0.000703333
0
0.00269
0.00140667
0.00442
0.00327
0.0253167
0.00499
0.0237833
0.02455
0.00312333
0.00326
0.00343667
0.00298667
0.00307333
0.00402333
0
0.00153667
0
0
0
0
0
0
0
0
0
0
0.00148
0.0208333
0.0223133
0.0388
0.02146
0.0271933
0.00922667
0.00388
0.00463667
0.00256667
0.00207
0.0184
0.0347467
0.0181533
0.0203167
0
0.00357
0.00913333
0.0154767
0.0319433
0.0440933
0.0554633
0.03923
0.0227167
0.00380333
0.00500333
0
0
0
0
0
0
0
0
0
0
0.00595667
0.00444
0.00614333
0.00876
0.00364667
0.00645
0
0.00182333
0
0
0
0
0
0
0.0196333
0.00370667
0.0357833
0.03556
0.00684333
0.02277
0
0.00291333
0
0
0
0
0
0.00190667
0.00597
0.00406333
0.00406333
0.00406333
0
0
0
0
0
0
0.00148
0.00148
0.00148
0.00296
0.00347
0.00349333
0.00912333
0.00347
0.03253
0.00898
0.04678
0.02743
0.0253
0.0517933
0.0205967
0.0365833
0.00138667
0.00355
0
0
0.00634333
0.00357
0.0281767
0.0126867
0.0385867
0.0431167
0.00561667
0.02333
0.00380333
0
0
0
0
0
0
0
0.00226
0.00614667
0.00465667
0.000193333
0.00448
0.00428667
0.02495
0.00619333
0.0445
0.0247267
0.0257433
0
0
0
0.00401
0.00627
0.0247533
0.02747
0.03311
0.0151133
0.00863667
0.01275
0.01441
0.0223067
0.0142367
0.0123467
0.00705333
0.015
0.0311833
0.00576
0.00175
0.02505
0.0417833
0.0568167
0.0454267
0.0315167
0.0127233
0.0175967
0.0113233
0.00862667
0.0176067
0
0.00175
0.00481667
0.0241067
0.0100767
0.0097
0.0313333
0.0273867
0.05069
0.0486733
0.0330433
0.0539867
0.0799267
0.0528567
0.05604
0.0481567
0.132263
0.163813
0.225467
0.164303
0.166373
0.104017
0.15817
0.0824367
0.07763
0.0216333
0.0237233
0.03512
0.0607
0.05545
0.0628133
0.0576833
0.0423967
0.01912
0.00880667
0
0
0.0806733
0.0663467
0.0537433
0.0226467
0.01854
0.00229333
0.00553
0.00596
0.0263933
0.02791
0.0456733
0.0276433
0.02853
0.00823
0.00582667
0
0
0
0
0
0
0
0.00716667
0.00716667
0.00998667
0.00282
0.00282
0
0
0
0
0
0
0
0
0.00315333
0.00915
0.0308267
0.05176
0.0698333
0.0769067
0.07689
0.08137
0.0638367
0.0602267
0.0416767
0.0947533
0.11902
0.0724733
0.0674633
0.03935
0.0233567
0.00428667
0.00198333
0
0
0
0.000566667
0.00771333
0.00117333
0.0359333
0.0314367
0.0573633
0.04064
0.0322033
0.0344933
0.0174033
0.0342233
0.0268433
0.0277833
0.00836333
0.00588667
0
0
0
0
0
0
0
0
0
0
0
0
0
0.00684667
0.00684667
0.0166433
0.0127467
0.0587133
0.0773233
0.00891
0.00538333
0.0463
0.0169
0
0.00344667
0.03286
0.0128067
0.03353
0.0112533
0.0359433
0.0185667
0.0141333
0.0357333
0.04776
0.0306333
0.01687
0.02666
0.0307133
0.0395667
0.0581133
0.0108767
0.04748
0.00157
0.01129
0.00400333
0.00557333
0.02589
0.0254167
0.03148
0.0452867
0.0249867
0.0279633
0.00968
0
0.00731333
0
0.03276
0.0248467
0.25651
0.140757
0.243347
0.315553
0.0597833
0.120473
0.0125333
0.0229467
0
0.00626667
0
0
0.00374
0.00748
0.00816333
0.0210333
0.02209
0.0254867
0.0274367
0.0392033
0.05158
0.05149
0.03822
0.0217633
0.00329333
0
0.00342333
0.00342333
0.02227
0.0211467
0.04058
0.0225533
0.0236767
0.00424333
0.00342333
0
0
0
0
0
0
0
0
0
0
0
0
0
0
0
0
0
0
0.02242
0.0220133
0.0225667
0.00481333
0.00328333
0
0
0
0
0
0
0.00346
0.00692
0.01136
0.02814
0.04535
0.04661
0.03223
0.0281967
0.0239867
0.02155
0.00491333
0.00342333
0
0
0.00327
0.00485333
0.0210767
0.01956
0.0181467
0
0.000443333
0.000443333
0.00113
0.00157333
0
0.00113
0
0
0
0
0.00374
0.00374
0.000683333
0.00442333
0.00479667
0.00548
0.0192633
0.0233567
0.0184433
0.03572
0.00643
0.0210333
0.00294
0.00514667
0.00559667
0.00451
0.0208833
0.0233567
0.02192
0.03923
0.00496
0.0243933
0
0.00342333
0
0
0
0
0
0
0
0
0.02432
0.00496667
0.05507
0.04207
0.0323733
0.04291
0.01469
0.00983667
0.00264333
0.00236
0
0
0
0
0
0
0.00078
0
0.00078
0
0
0.00453333
0.00179333
0.00632667
0.00556333
0.00179333
0.0275967
0.00756
0.041
0.0252833
0.02085
0.0229
0.00393
0.00586667
0.00153
0.00426
0
0.00153
0
0
0
0
0
0
0.0079
0.00346
0.0116833
0.01234
0.0252967
0.0279133
0.00768333
0.0283533
0.00149
0.00735
0
0.00149
0
0
0.00697667
0.00327
0.0358567
0.0232
0.01901
0.03232
0.00314
0.00331
0.00077
0.000996667
0.000543333
0.00131333
0.000543333
0.000543333
0
0.000573333
0.00128333
0.00185667
0
0.00128333
0
0
0
0
0
0.00749667
0.00131333
0.000283333
0.00131333
0.00294333
0.00216333
0.00216333
0
0
0
0
0
0
0
0
0
0
0
0.0421033
0.0256033
0.02612
0.00608333
0.00388333
0.00388333
0
0
0
0
0
0.00226
0.00898667
0.00226
0.00745333
0.00696667
0.000976667
0.00446333
0.00422333
0.00758667
0.00605667
0.00605667
0.0397033
0.0576967
0.0245267
0.04288
0.00556667
0.000986667
0.0005
0.00025
0.00244333
0.00488667
0.02562
0.02638
0.0234467
0.00025
0.00482333
0.00244333
0.01166
0.0400667
0.0153067
0.07154
0.0454067
0.04942
0.0312667
0.0351833
0.0472433
0.02766
0.0250033
0.00596
0.0549733
0.0210967
0.00657333
0.00113
0.00122
0.000843333
0.00107667
0.00537667
0.0100533
0.00982
0.00950667
0.0336567
0.00480667
0.00642333
0.0352733
0.000186667
0.0064
0
0.000186667
0.00507333
0.00253667
0.00988
0.0100133
0.00480667
0.00974667
0
0.00240333
0
0
0
0
0
0
0
0
0
0
0
0
0
0.0352867
0.0126967
0.00148
0.00432333
0.0366
0.0379633
0.0590533
0.02417
0.00668
0.01749
0.0216033
0.00895
0.0137867
0.0356433
0.0164
0.0612633
0.01551
0.0052
0.0127667
0.00494667
0.00754667
0.00247667
0.00742333
0
0.00247667
0
0
0
0
0
0
0
0
0
0
0
0
0
0
0.00295
0
0.0100667
0.0059
0.03121
0.0339733
0.03853
0.0560933
0.03527
0.0353533
0.0120767
0.00880667
0
0
0.00306667
0.00613333
0.0150433
0
0
0
0
0
0
0
0
0.00315333
0.01036
0.0320367
0.05056
0.0674233
0.0698167
0.07221
0.0593567
0.02755
0.0282333
0.0149067
0.00822667
0.0725133
0.06641
0.0382567
0.0225833
0.00460667
0.00230333
0
0
0
0.00038
0.000986667
0.00633
0.0169867
0.0239467
0.0043
0.00352667
0.00977333
0.00154667
0.00344667
0.00482667
0.00763
0.00349667
0.0145367
0.0354333
0.00608333
0.00252333
0.0314533
0.05161
0.00939
0.0268933
0.00907667
0.0100667
0.01627
0.00670333
0.0168433
0.00168667
0.00582
0.0058
0.00557333
0.00554333
0.00483667
0.00251333
0.00367
0
0
0
0
0.00447667
0.00447667
0.00447667
0.00766667
0.0228233
0.02082
0.0432867
0.0284333
0.0552967
0.03125
0.0287367
0
0.00378
0.00378
0.0114467
0.00766667
0.0153333
0
0
0
0.0277533
0.01022
0.1539
0.04881
0.297577
0.251677
0.07796
0.182857
0.0270933
0.0214167
0.00626667
0.01668
0
0.00323333
0
0
0.00517
0.00143
0.02249
0.00731
0.0214
0.01946
0.0206433
0.00479
0.0350333
0.0165633
0.01847
0.01847
0
0
0
0
0.0023
0
0.00542
0.0046
0.00164
0.00394
0
0.00082
0
0
0
0
0
0
0
0
0
0
0.00461667
0.00766667
0.0269
0.0394133
0.0546267
0.0543433
0.0406133
0.02575
0.0068
0.0034
0
0
0
0
0
0
0
0
0
0
0
0
0.00151667
0.00151667
0.00151667
0.00151667
0
0
0.00398333
0.00595
0.0271467
0.0409033
0.05893
0.0572367
0.0432233
0.02323
0.00372667
0
0
0.00140667
0.0180233
0.01867
0.0497867
0.03268
0.0230867
0.03522
0.00503667
0.00708667
0
0.00175333
0
0
0
0
0.00346
0
0.0237
0.00346
0.03164
0.02594
0.0389733
0.0280367
0.02078
0.0339933
0.00342333
0.00414333
0
0
0.00158333
0
0.00333667
0.00158333
0.00175333
0
0.00265
0.00340333
0.00520667
0.00816667
0.02041
0.0240433
0.00436333
0.0232
0
0.00323333
0
0
0
0
0.00496667
0
0.0273333
0.00958333
0.0441767
0.0416
0.0278167
0.04469
0.00576
0.0240233
0
0.0034
0
0
0
0
0
0
0.00398333
0.00398333
0.02573
0.02518
0.02632
0.0457233
0.00552
0.0255133
0.00199667
0.00372667
0.00524667
0.00199667
0.0218033
0.0198667
0.0363067
0.00192333
0.00304667
0.00282
0.0180233
0.0199033
0.0192167
0.0357
0.00397667
0.02188
0.00343333
0.000713333
0
0
0
0
0.00397333
0.00737333
0.0229933
0.02582
0.0181867
0.03535
0.00448667
0.0208167
0
0.00320333
0
0
0
0
0
0
0
0
0
0
0
0.00547
0.0101233
0.0314467
0.0444233
0.0508267
0.0331167
0.0274367
0.02408
0.0243833
0.00565667
0.00569
0.00556667
0.00408
0.0022
0.0022
0
0
0.00397333
0.00397333
0.00454667
0
0.00024
0
0.00886667
0.00489333
0.0260333
0.0270733
0.00722667
0.0256733
0.01224
0.01224
0.0172533
0.0122667
0.0178533
0.00803
0.00496
0.00653667
0.02214
0.0236433
0.0193733
0.01319
0.0286433
0.0265233
0.0234833
0.00372667
0.00577
0.0226067
0.0497233
0.04142
0.05655
0.00408667
0.00240333
0.00684
0.00758667
0.00514333
0.04412
0.00523667
0.00929667
0.0445633
0.01744
0.0719433
0
0.00021
0.00021
0
0.00021
0
0
0.00081
0
0.00435
0.00334667
0.00340667
0.00594333
0
0.00240333
0
0
0.00081
0
0.00081
0.00081
0.00019
0
0.00019
0.00019
0
0
0.000926667
0
0.00116667
0.000926667
0.00024
0.00024
0
0
0
0
0
0
0.00038
0.00038
0.0026
0.00298
0.00081
0.0026
0.00181333
0.00081
0.00119333
0.00100333
0.00019
0.00019
0
0
0
0
0
0
0
0
0.00081
0
0.001
0.00081
0.00019
0.00019
0.00295
0.00295
0.00416667
0.00711667
0.00597
0.00988
0.00622667
0.00861667
0.0100033
0.00277333
0.00138667
0.00138667
0.09358
0.09993
0.0834433
0.0558033
0.02241
0.00727667
0.00052
0
0.000233333
0.000233333
0.00514333
0.00491
0
0
0
0
0
0
0
0
0
0.00720667
0.00720667
0.02377
0.0288833
0.0261633
0.04784
0.02407
0
0
0
0
0.00284333
0.00284333
0.00568667
0
0
0
0
0
0.00483667
0.00673
0.0134567
0.0390767
0.0105133
0.01987
0.0503267
0.00230333
0.02028
0
0.00230333
0
0
0
0.00038
0.00076
0.00610333
0.00832333
0.0146933
0.01225
0.0152633
0.00654
0.00327
0
0
0
0.00306667
0.00306667
0.0119767
0.01614
0.00387667
0.00465
0
0
0.00284
0.00180667
0
0.02057
0.00241333
0.00606333
0.0225033
0.0411233
0.0221033
0.0281633
0.0230767
0.0277867
0.04714
0.0321867
0.02239
0.05187
0.03092
0.0121433
0.0602333
0.08262
0.0740033
0.0829267
0.0753133
0.105057
0.217987
0.218353
0.178053
0.104247
0.11045
0.0355167
0.04658
0.03194
0.0214533
0.0485333
0.0219333
0.0980267
0
0
0
0
0
0.0136433
0.00342333
0.05008
0.0324467
0.154537
0.05803
0.119337
0.136917
0.0110033
0.00402667
0.0104133
0.0104133
0
0
0.00243333
0.00199333
0.00063
0.00063
0
0
0.00143
0
0.00357
0.00143
0.00538667
0.00467667
0.00311333
0.00565
0
0.00240333
0
0
0
0
0.00253667
0.00253667
0.00240333
0.00494
0.00470333
0.00480667
0.00312
0.00470333
0.00082
0.00082
0
0
0
0
0
0
0
0
0
0
0.00305
0
0.02018
0.00305
0.03608
0.01713
0.0241833
0.0207833
0.00695
0.00878333
0.000623333
0.00417333
0.000623333
0.00124667
0
0.000623333
0
0
0
0
0.00243333
0.00243333
0.0180367
0.0189533
0.00788
0.0244
0.00504333
0.0114067
0.00216333
0.00524
0.02243
0.00488667
0.0417833
0.0250033
0.0195033
0.0240433
0
0
0.00140667
0
0.00205333
0.00140667
0.0160633
0.000646667
0.0174667
0.0154167
0.00380333
0.00205
0.00175333
0.00175333
0
0
0
0
0
0
0.00253667
0.00253667
0.01064
0.00747667
0.02474
0.0130433
0.0173567
0.01904
0.00072
0.00072
0
0
0
0
0
0
0
0
0
0.00032
0.01667
0.000503333
0.00340333
0
0.00953
0.00476667
0.0249633
0.00749
0.0227
0.02083
0.00386333
0.00265
0.0360267
0.019
0.0388233
0.03727
0.0215833
0.0220433
0.00368
0.000246667
0
0.00785667
0.02312
0.02196
0.0364933
0.02071
0.0195267
0.00118333
0
0
0
0
0
0
0.0034
0
0.0231067
0.00466
0.0360367
0.0209667
0.0200367
0.0180933
0.00320333
0.00370667
0.00340333
0.00343333
0
0
0
0
0
0
0
0
0.00785333
0.00238333
0.0329667
0.0140267
0.0699233
0.06504
0.0571833
0.0690567
0.0332433
0.0327
0.0163133
0.0632367
0.0766333
0.122063
0.116883
0.0378667
0.0196667
0.0214633
0.0221033
0.05443
0.0373667
0.04115
0.0547167
0.00411333
0.0217433
0.000713333
0.0232533
0.00534333
0.0139267
0.0101833
0.00827333
0.0333367
0.0511333
0.0760733
0.0963933
0.115477
0.0279567
0.02261
0.0239933
0.0207633
0.0423967
0.03238
0.0497967
0.0756933
0.0735967
0.09306
0.0159133
0.00593667
0.00886333
0.00493333
0.0216333
0.03342
0.0540033
0.0682833
0
0.00186333
0.0781167
0.04836
0.00186333
0.00186333
0.00204333
0.00018
0.00036
0.00212667
0.00212667
0.00212667
0.00081
0
0.00262333
0.00162
0.00219667
0.00281667
0.00019
0.00119333
0
0
0.00423333
0
0.0205167
0.00504333
0.0199867
0.0162833
0.00494
0.00470333
0.000236667
0.000426667
0.000926667
0
0.00302
0.00185333
0.00164667
0.00233333
0.00024
0.00048
0
0
0.00437667
0
0.0202167
0.00437667
0.0198567
0.01584
0.00401667
0
0.00093
0
0.00093
0.00093
0
0
0
0
0
0
0.00081
0
0.00262333
0.00162
0.00219667
0.00281667
0.00038
0.00138333
0
0.00019
0
0
0
0
0
0
0.00081
0
0.00262333
0.00162
0.00570667
0.00200333
0.00475667
0.00470333
0.000243333
0.000243333
0
0
0
0.00943
0.00428667
0.0478033
0.08005
0.10722
0.00018
0.00062
0.00044
0.0132
0.0479
0.01628
0.04419
0.0690533
0.0135133
0.0474267
0
0.00675667
0
0
0.00322
0
0.00322
0.00322
0
0
0
0
0
0
0.00209333
0.00209333
0
0.00209333
0.00327
0
0.00435
0.00327
0.00108
0.00108
0
0
0
0
0
0
0.00378667
0.00189333
0.00378667
0.00568
0.00189333
0.00189333
0
0
0
0
0
0.000256667
0.000513333
0.000256667
0.00327
0.00352667
0
0.00327
0
0
0
0
0
0
0.00138667
0.00138667
0.00138667
0.00138667
0
0
0
0
0
0
0.00103333
0.0035
0
0
0.0214367
0.0200033
0.02057
0.0449367
0.02262
0.0274033
0.0769067
0.08072
0.0159767
0.0272333
0.0629967
0.0630067
0.04645
0.0602967
0.0572767
0.0672833
0.0516667
0.04661
0.138797
0.118053
0.107103
0.155783
0.175057
0.18641
0.346787
0.400067
0.168027
0.215313
0.551173
0.478947
0.321527
0.271637
0.16226
0.163307
0.09423
0.172213
0.123987
0.22591
0.160463
0.227643
0.0256567
0
0.0226633
0
0
0
0
0.00342333
0
0.0231333
0.00433
0.03788
0.0206167
0.0218667
0.0193367
0.00343667
0.00369667
0
0
0
0
0.00190333
0.00380667
0.00881
0.00249
0
0
0
0
0
0
0
0
0.00849667
0.00596
0.02435
0.0279067
0.00823
0.02764
0
0.00582667
0
0
0.00849667
0.00596
0.02435
0.0279067
0.0106333
0.02764
0.00240333
0.00823
0
0
0.00388667
0.00388667
0.00267333
0.00656
0.00267333
0.00534667
0
0.00267333
0
0
0
0
0
0
0.00828
0.00828
0.0173333
0.02378
0.0265333
0.0384833
0.02179
0.0423167
0.00424
0.0212333
0.000623333
0.00361667
0
0.00433667
0.0239567
0.00934
0.0423267
0.0409667
0.01832
0.03272
0.00730667
0.0140233
0.00894
0.00828333
0.0277567
0.0292367
0.00945
0.0299433
0
0.00491
0
0
0
0
0
0
0
0
0
0
0
0
0
0
0
0
0
0
0.00849667
0.00596
0.0268867
0.0279067
0.01317
0.0301767
0.00240333
0.00823
0
0
0
0
0
0
0
0
0
0
0.00308333
0.00340333
0.0212767
0
0
0
0.00649667
0.00649667
0.00838667
0.01352
0.00521667
0.0108767
0.00385333
0.0345433
0.0365933
0.0505733
0.00924333
0.0253467
0.000246667
0.00535
0
0
0
0.0352733
0.0122433
0.0365467
0.00276333
0.00883
0.00118333
0.00158
0
0
0
0
0
0
0
0
0.00126
0
0.00252
0.00126
0.00176333
0.00126
0.000503333
0
0
0
0
0
0
0
0.00238333
0
0.00855667
0.00238333
0.04925
0.0117067
0.0822933
0.0648967
0.03606
0.04984
0.0973333
0.05377
0.151787
0.140453
0.21985
0.37995
0.02394
0.17903
0.01149
0.212163
0.21208
0.302237
0.36284
0.24306
0.135883
0.217953
0.18393
0.162993
0.19766
0.0931733
0.07661
0.0818167
0.0609567
0.0788233
0.0893633
0.09611
0.0500633
0.0064
0.0486033
0.0064
0.0282167
0.0084
0.0105267
0.00342333
0.00212667
0.00846667
0.00423333
0.0233233
0.00604667
0.0217
0.01928
0.00342333
0.00361333
0.00342333
0
0.0263633
0.00765667
0.0531667
0.0384133
0.0280567
0.0389733
0.00503
0.00930667
0.00366
0.000473333
0.0087
0.00435
0.0211567
0.00644333
0.0195433
0.0170467
0.00366333
0.00390333
0.00338333
0
0.0266067
0.00776
0.0505267
0.0390633
0.0265867
0.0356967
0.0347867
0.01461
0.08216
0.0313267
0.06154
0.00283
0.00195667
0.00239333
0.00131
0.00076
0.00304
0.00186
0.00143
0.00211
0.00025
0.00025
0
0
0.00342333
0
0.02294
0.00423333
0.0377967
0.02052
0.0217
0.01928
0.00342333
0.00361333
0
0
0
0
0
0
0.00342333
0
0.00846667
0.00423333
0.0242233
0.00604667
0.0280133
0.0245033
0.005
0.00927
0.000243333
0.000486667
0
0
0
0
0
0.0449633
0.0450533
0.0374267
0.06306
0.0645433
0
0
0
0.000893333
0.000893333
0.000893333
0.000893333
0.000263333
0
0.00467
0.00378333
0.00876667
0.0111633
0.00136
0.00788
0.000236667
0.000236667
0.00628667
0
0.0293233
0.00950667
0.0251633
0.00534667
0.00425333
0.00788
0.00713333
0.00327
0.0101133
0.00654
0.00573333
0.00792333
0.00108
0.00216
0
0
0.00108667
0
0.00190333
0.00108667
0.00163333
0.00271
0.00309
0.00227333
0.00038
0
0
0
0
0
0
0
0
0
0
0
0
0
0
0
0
0
0
0
0.00428667
0.00857333
0.01526
0.0493467
0.0773733
0
0
0
0
0
0.00143333
0
0
0.0039
0.02072
0.000716667
0
0.0372233
0.05301
0.0250833
0.0642867
0.0420067
0.02742
0.09539
0.0993533
0.0156767
0.01313
0.07675
0.06137
0.0252467
0.0448433
0.0576333
0.0395733
0.0536333
0.07429
0.162433
0.0936033
0.142183
0.25128
0.244473
0.223433
0.407203
0.47287
0.247707
0.262413
0.527297
0.593357
0.517743
0.46614
0.372573
0.33549
0.315953
0.253147
0.303857
0.292
0.394343
0.37648
0.373027
0.289637
0.0774033
0.0283733
0.0306133
0
0.0204233
0
0
0.00149333
0.00149333
0.00369667
0.00428333
0.00181333
0.00369667
0.00116667
0.000906667
0.00137
0.00137
0.00111
0.00222
0.00813333
0.00924333
0.0145633
0.00833333
0.02392
0.00681
0
0
0
0
0
0.00342333
0.00938333
0.0299533
0.04594
0.06176
0.0470167
0.03103
0.00925
0.00342333
0
0.00342333
0.00938333
0.0299533
0.04594
0.0617633
0.04702
0.0310333
0.00925
0.00342333
0
0.00731
0.0111967
0.03223
0.0275933
0.0298067
0.0114467
0.00877333
0.00267333
0
0
0
0
0.00119667
0.00119667
0.0214733
0.0285567
0.07974
0.0749633
0.108683
0.07865
0.09194
0.0911967
0.0675567
0.0674
0.109197
0.0724467
0.0224933
0.0575333
0.0536767
0.05964
0.0334667
0.01609
0.0177133
0.0166233
0.03505
0.0470067
0.0622833
0.0467
0.03303
0.0117333
0.00682333
0
0
0
0
0
0
0
0.00434
0.00434
0.00675333
0.00241333
0.00241333
0
0
0
0
0
0.00342333
0.00938333
0.0299533
0.04594
0.0617633
0.04702
0.0310333
0.00925
0.00342333
0
0
0
0.00241333
0.00241333
0.00241333
0
0
0
0
0.00434667
0.000476667
0.000476667
0.0154867
0.0598967
0.0215067
0.0646667
0.0960333
0.03859
0.0872467
0.0093
0.0383767
0.00681
0.00743
0.03858
0.0250533
0.06203
0.0633033
0.0338233
0.0565267
0.0268267
0.0144567
0.00935333
0.01148
0.00425333
0.103387
0.04828
0.06596
0.00859333
0.0160033
0.000396667
0.00134333
0
0
0
0
0
0
0
0
0
0
0
0
0
0.00212667
0.00454333
0.00667
0
0.00454333
0
0
0
0
0.00728
0.00174667
0.03033
0.0102567
0.0281433
0.02603
0.0463033
0.00689667
0.0680667
0.118653
0.18985
0.621033
0.207447
0.398097
0.07614
0.279713
0.406493
0.428287
0.736473
0.631303
0.355373
0.36346
0.6049
0.5858
0.302977
0.419963
0.364677
0.295417
0.326017
0.277523
0.146353
0.108293
0.12014
0.127453
0.0332933
0.00627333
0.0125467
0.00708333
0.00342333
0.0260267
0.0113167
0.0405433
0.0404533
0.00774667
0.0258333
0
0.00342333
0.00708333
0.00342333
0.0413967
0.02579
0.0611333
0.0567233
0.0458067
0.04666
0.0217933
0.0229267
0.01027
0.00708333
0.0259067
0.0111967
0.0525667
0.0381233
0.02588
0.0380967
0.00342333
0.00708667
0.00708333
0.00338333
0.0407167
0.02593
0.0387067
0.0528567
0.0148933
0.0272667
0.0514567
0.03439
0.132777
0.102687
0.132807
0.147637
0.0853067
0.00672333
0.0216867
0.00683333
0.02235
0.0172467
0.0260167
0.00761
0.0356167
0.0208967
0.0195733
0.01708
0.00367333
0.00392333
0
0
0.00708333
0.00342333
0.0379733
0.02579
0.0380167
0.0524
0.00774667
0.0258333
0
0.00342333
0
0
0.00116667
0
0.00275667
0.00116667
0.00909667
0.00501333
0.02645
0.01174
0.0602367
0.0413533
0.0466667
0.0466167
0.0229467
0.0237933
0.00366667
0.00391
0
0
0
0
0
0.140243
0.134837
0.140937
0.130453
0.0921033
0.0563
0.00682
0.0145167
0.00439667
0.00042
0.0204967
0.00487
0.01589
0.01652
0.00141333
0.000526667
0.00289667
0.00203667
0.00248333
0.00313333
0.000473333
0.00159667
0.00306667
0.000236667
0.0301133
0.00935333
0.0613233
0.0468633
0.0468367
0.0969267
0.04652
0.04331
0.00678333
0.00786333
0
0.00108667
0.00326
0.00217333
0.00299
0.00272
0.00283
0
0
0
0
0
0
0
0
0
0
0
0
0
0.00127333
0
0.00178333
0.00127333
0.00479667
0.00479667
0.00908667
0.0109733
0.01505
0.0122733
0.03132
0.0520967
0.0723233
0.0824733
0
0
0
0
0
0
0
0
0.00143333
0.00235
0
0
0.01917
0.0357233
0.000716667
0.00143333
0.05306
0.04002
0.0594567
0.02097
0.0232133
0.0227833
0.0791433
0.0603433
0.0078
0.0264267
0.04331
0.06121
0.0407133
0.0623
0.02541
0.0266767
0.0838467
0.101887
0.163083
0.0986067
0.201427
0.25395
0.233787
0.226333
0.36947
0.352607
0.279077
0.251727
0.435383
0.350627
0.366927
0.244693
0.301943
0.22187
0.272963
0.208443
0.302143
0.314183
0.41824
0.373153
0.0430667
0.0226433
0.00379667
0.00157667
0.00157667
0.00837667
0.00688333
0.04011
0.0442033
0.0409467
0.0767733
0.00642333
0.04458
0.00111
0.00642333
0.0217433
0.0228533
0.0298767
0.05137
0.0561367
0.153733
0.150193
0.152157
0.0751633
0.11004
0.0487967
0.0399633
0.0588633
0.0686767
0.132703
0.128943
0.14896
0.188263
0.140683
0.13137
0.1093
0.0706167
0.04835
0.0311133
0.01865
0.01368
0.00184
0.00184
0
0
0.00342333
0.00609667
0.0266667
0.0298033
0.04891
0.0322267
0.02909
0.00731
0.00342333
0
0.00342333
0.00609667
0.0266667
0.0259167
0.0450267
0.0317667
0.0325167
0.0107333
0.00342333
0.00342333
0.0107333
0.0325167
0.0501267
0.0650533
0.04937
0.03176
0.00952333
0.00342333
0
0
0
0.000466667
0.00166333
0.0110933
0.0309033
0.0856167
0.12737
0.200853
0.186943
0.19587
0.137267
0.1309
0.121947
0.0758
0.086
0.0589333
0.0723167
0.0759433
0.0539533
0.0402833
0.0349433
0.0136467
0.00682333
0
0
0
0
0
0
0.00776667
0.0121067
0.0333333
0.02798
0.04395
0.0227233
0.0237333
0.00342333
0.00342333
0
0
0.00342333
0.00342333
0.0239933
0.0416033
0.0633867
0.0501267
0.0325167
0.0107333
0.00342333
0.00342333
0.00342333
0.02465
0.02364
0.0294767
0.00825
0.00583667
0
0
0
0.00163667
0.00598333
0.0404167
0.0564033
0.10177
0.0951433
0.134313
0.09697
0.126547
0.08177
0.0436733
0.0295867
0.0274433
0.00661
0.00566333
0
0
0
0
0
0
0
0
0
0
0
0.00106667
0.00154333
0.0236467
0.13584
0.03759
0.152127
0.03374
0.0162667
0.0261567
0.02593
0.02327
0.0256867
0.0285967
0.00958
0.00503667
0
0
0
0
0.00174667
0.00174667
0.00472333
0.00297667
0.00421
0.00123333
0.00180667
0.00133667
0.0294467
0.286567
0.418907
0.0929333
0.123997
0.0560633
0.0555367
0.214613
0.130887
0.28619
0.641843
0.551833
0.388207
0.43227
0.70718
0.60127
0.460737
0.459383
0.611463
0.424497
0.4564
0.473713
0.329573
0.18137
0.0365
0.0181267
0.0361533
0.00415
0.0104233
0.00389667
0.00366
0.0195033
0.02203
0.00635333
0.02359
0.000896667
0.00522
0
0
0.00389667
0.00366
0.0238267
0.0229267
0.0468933
0.0467067
0.0564133
0.0604667
0.02591
0.04062
0.00708333
0.01027
0.0192667
0.0217933
0.01969
0.0378233
0.00342333
0.0222167
0
0.00342333
0.00401667
0.0037
0.0195433
0.0221867
0.00681
0.0239233
0.0049
0.00922
0.0262533
0.02764
0.05865
0.08016
0.04444
0.0964367
0.04786
0.04534
0.03834
0.0392467
0.01402
0.0258833
0.0386533
0.0288933
0.0507733
0.0504967
0.02616
0.0383867
0.00342333
0.00709667
0
0
0.00389667
0.00366
0.0169767
0.0195033
0.00635333
0.0210633
0.000896667
0.00522
0
0
0
0
0.00575667
0.00116667
0.02224
0.00734667
0.0242267
0.0217333
0.0267767
0.0263
0.0468933
0.04581
0.0573367
0.06137
0.0261733
0.0417867
0.00342333
0.00709
0
0
0
0
0
0
0
0.354157
0.238297
0.145107
0.136113
0.12302
0.09705
0.139583
0.0340367
0.0600533
0.024
0.0243033
0.0298167
0.01179
0.05214
0.03805
0.0219267
0.0339567
0.0232667
0.00474667
0.03902
0.0207933
0.0239933
0.0204733
0.00505
0.00488
0.00654
0.00347333
0.0304467
0.0268933
0.0495567
0.0636833
0.0491967
0.0523567
0.00570667
0.01249
0
0.00792
0.0262667
0.00559
0.02767
0
0
0
0.00124333
0
0.00294333
0.00124333
0.00215667
0.0017
0.000456667
0.000456667
0.00127333
0
0.00433
0.00254667
0.00280333
0.00356667
0.00636333
0.00102
0.0121633
0.00825333
0.0306633
0.01022
0.0611967
0.0482
0.0856633
0.0645433
0.145807
0.172633
0
0
0.00682667
0.00450333
0
0
0.00341
0.00341
0
0
0
0
0
0.000916667
0
0.00465667
0.0189033
0.0205867
0.00239667
0.00633667
0.0243667
0.00638
0.0239533
0.0219333
0.00496
0.00118
0.02314
0.0426767
0.0231567
0.0219767
0.00721333
0.0229067
0.0323633
0.05722
0.0131267
0.0348233
0.0288833
0.0458433
0.06875
0.0466333
0.0718133
0.130003
0.0714667
0.11032
0.16512
0.239147
0.20094
0.175313
0.311113
0.206997
0.279337
0.135543
0.156053
0.14452
0.14411
0.15494
0.15776
0.227643
0.217663
0.253683
0.0188733
0.0072
0.0161767
0.0516867
0.0785667
0.107747
0.0798933
0.0525533
0.0143967
0.00642333
0
0.0192267
0.07891
0.0466033
0.0331633
0.0321633
0.0395567
0.02322
0.0201333
0.03986
0.0592433
0.06262
0.0673867
0.0761367
0.0936
0.14847
0.160453
0.161863
0.15318
0.108263
0.23051
0.197387
0.185843
0.172583
0.24989
0.18024
0.15418
0.0666267
0.0642033
0.0509567
0.0763067
0.160637
0.18581
0.234953
0.182783
0.150067
0.141467
0.178563
0.1459
0.123717
0.0904333
0.02899
0.0170533
0.00705
0.139527
0.161887
0.211403
0.213407
0.228863
0.14165
0.19014
0.146687
0.0567
0.04733
0.03216
0.0113267
0.00566333
0
0
0
0
0
0
0
0
0
0
0.000593333
0.00166
0.0108767
0.0323867
0.05869
0.211857
0.1405
0.28977
0.08197
0.0414533
0.08309
0.00569333
0.0334667
0
0.00385333
0.00267333
0
0.00923333
0.00267333
0.0104467
0.00656
0.00388667
0.00388667
0
0
0.00267333
0
0.00802
0.00534667
0.00998333
0.00534667
0.00731
0.00731
0.00342333
0
0.02762
0.00583667
0.0464333
0.02661
0.03
0.02899
0.00342333
0.00776333
0
0
0.000466667
0
0.0208633
0.0114333
0.0313633
0.000226667
0
0
0
0
0
0
0.01119
0.00342333
0.0488533
0.03105
0.0618467
0.0613967
0.0271567
0.0440433
0.00342333
0.00684667
0
0
0
0
0.0210333
0
0.0283433
0.0210333
0.00731
0.00731
0.00684667
0.00342333
0.03004
0.0122367
0.0488933
0.0484467
0.00926
0.03109
0
0.00342333
0.00327333
0.00163667
0.0565533
0.0237567
0.110297
0.128013
0.0371567
0.0761167
0.0441567
0.06014
0.0448233
0.0284267
0.00765667
0.00262
0
0
0
0
0
0
0
0
0
0.00118667
0.00195
0.01663
0.0435533
0.119777
0.18102
0.282783
0.35271
0.285927
0.33562
0.304227
0.443867
0.377083
0.353883
0.3053
0.427967
0.296327
0.409813
0.330073
0.282663
0.147193
0.00770333
0.00415
0.0118533
0
0.00415
0.000236667
0.000236667
0.00113333
0.00137
0.000896667
0.00203
0
0.000896667
0
0
0.000236667
0.000236667
0.00498333
0.00479667
0.02123
0.0242
0.02182
0.03987
0.00459
0.0236533
0.000236667
0.00366
0.000896667
0.00113333
0
0.000896667
0
0
0
0
0.000316667
0.000316667
0.00105667
0.00137333
0.00105667
0.00211333
0.000376667
0.00143333
0.00208
0.00245667
0.00228667
0.00436667
0.00228667
0.00457333
0.00228667
0.02874
0.00819667
0.0269533
0.00423
0.00772
0.0180733
0.02029
0.02182
0.0367133
0.00459
0.0236533
0
0.00342333
0
0
0.000236667
0.000236667
0.00113333
0.00137
0.000896667
0.00203
0
0.000896667
0
0
0.00342333
0
0.0270033
0.00801333
0.0545333
0.03964
0.02699
0.0396267
0.00840667
0.0120667
0.02125
0.0242
0.0206933
0.03991
0.00525667
0.0225067
0.00528
0.00525667
0.00506
0.00344667
0.00246333
0.00161333
0.00085
0.00085
0
0.362143
0.235867
0.140823
0.083
0.11052
0.04165
0.06692
0.0543933
0.0457633
0.03357
0.0423633
0.0439067
0.0332333
0.0405567
0.05458
0.0147767
0.0260867
0.0447967
0.0291367
0.06161
0.0571533
0.04717
0.0469967
0.0225333
0.0243367
0.00590667
0.00631333
0.00662
0.00968667
0.0143233
0.00799333
0
0.00570667
0
0.0401333
0.0458067
0.0435233
0.04622
0
0.00713333
0.00124333
0.02376
0.00883333
0.0216567
0.0183267
0.00945667
0.00548667
0.0249233
0.0057
0.0395833
0.02228
0.02684
0.02087
0.0373933
0.0141167
0.0657767
0.03355
0.0837667
0.0648333
0.0658433
0.0625933
0.111227
0.0855667
0.13815
0
0
0.0396733
0.0252067
0
0
0.02471
0.0247033
0
0
0.00498333
0.00682
0
0
0.0182567
0.01983
0
0
0.0229133
0.0400733
0.0026
0.0026
0.0215267
0.0234967
0.0026
0
0.00542333
0.00710333
0
0.00220667
0
0.00554
0.0261967
0.00278333
0.00769333
0.00273667
0
0.00333333
0
0.00767333
0.00607333
0.00931
0.0115767
0.0115533
0.0140233
0.02745
0.0158467
0.04016
0.0264233
0.0271533
0.01336
0.00962
0.00274
0.00548
0.0127167
0.0172133
0.05477
0.0538467
0.07015
0.03462
0.0483333
0.0285333
0.03221
0.0168933
0.0455433
0.08355
0.08828
0.111503
0.0942967
0.0760033
0.06557
0.0653667
0.0518067
0.0731333
0.183847
0.183473
0.1064
0.109413
0.0962233
0.122763
0.10234
0.121277
0.10563
0.149273
0.0396233
0.00314333
0.0213833
0.0121033
0.00344333
0.05029
0.0193367
0.0432867
0.0428633
0.00797333
0.00952333
0
0
0.00266667
0.0218933
0.0268033
0.0449867
0.05018
0.0588333
0.0507967
0.0565367
0.04352
0.0278167
0.05426
0.115147
0.133227
0.127893
0.0920433
0.0610733
0.166643
0.199673
0.18422
0.166007
0.11891
0.110733
0.103927
0.182787
0.203813
0.175657
0.117123
0.18822
0.0830633
0.0681133
0.0115467
0.00588333
0
0
0
0
0
0
0
0.155087
0.231873
0.168547
0.15526
0.171003
0.08608
0.0825767
0.100967
0.0239333
0.126417
0.09405
0.16775
0.05396
0.0151067
0.01023
0.000226667
0.135687
0.242203
0.214433
0.234577
0.245477
0.179093
0.121087
0.0783433
0
0
0.000423333
0.00161
0.01611
0.0303667
0.104483
0.16697
0.282163
0.336733
0.267487
0.213233
0
0
0
0.00460333
0.00401
0.03149
0.0262833
0.0581067
0.0524167
0.08558
0.0720167
0.10114
0.0686867
0.0907167
0.0916633
0.05204
0.02809
0.00767667
0.00382333
0
0
0
0
0
0
0
0
0
0
0
0
0.00267333
0.00267333
0.00267333
0
0
0
0
0
0.00241333
0.00241333
0.00482667
0.00241333
0.00675333
0.00434
0.00434
0
0
0
0
0
0.0109667
0.0109667
0.002
0.0129667
0.0453333
0.00510333
0
0
0
0
0
0
0
0
0.00342333
0.00538667
0.0252467
0.0237867
0.0421333
0.0262067
0.0276667
0.00735667
0.00342333
0
0
0
0
0
0
0
0
0
0
0
0.00342333
0.00538667
0.0107767
0.0277233
0.04759
0.0461333
0.0291867
0.00735667
0.00342333
0
0.00163667
0.00525333
0.04219
0.0257367
0.101513
0.05978
0.16418
0.0345967
0.0443433
0.0235733
0.02947
0.03007
0.00496
0.01104
0.00234
0.00468
0
0.00234
0
0.35594
0.333383
0.245327
0.15064
0.01306
0.0582633
0.0314367
0.0676533
0.04465
0.02806
0.00764667
0.00382333
0
0
0
0
0
0
0
0
0
0
0
0
0
0
0
0
0
0
0
0
0
0
0
0
0
0
0
0
0
0
0
0
0
0
0
0
0
0
0
0
0
0
0
0
0
0
0
0.00196333
0.00196333
0.00392667
0.00196333
0.00589667
0.00393333
0.00393333
0
0
0
0
0
0
0
0
0
0
0
0
0.00109333
0.00305667
0.00464333
0.02392
0.0219567
0.0243033
0.00393333
0.00393333
0
0
0
0.00361667
0.00536667
0.03976
0.02342
0.0558533
0.0527
0.0398467
0.300443
0.297083
0.150757
0.0710833
0.01296
0.00278
0.00539667
0.000173333
0.000173333
0.00203667
0
0.00203667
0
0.0204133
0.0204133
0.0242367
0.00382333
0.00382333
0
0
0
0
0
0
0
0
0.000423333
0.000423333
0.00201333
0.00159
0.00275667
0.00116667
0.00116667
0
0
0
0
0
0
0
0
0
0
0
0
0
0
0
0
0
0
0
0
0
0
0
0
0
0
0
0.0165467
0
0.00428333
0.00428333
0.00428333
0
0.000423333
0.000423333
0.00201333
0.00159
0.00275667
0.00116667
0.00116667
0
0
0
0
0
0
0
0
0
0
0
0
0
0
0
0.00342333
0.00451667
0.0235067
0.02167
0.04006
0.02107
0.0229067
0.00342333
0.00384667
0.000423333
0.00203333
0.00161
0.00161
0.00175
0.00358333
0.0216367
0.0233333
0.0380567
0.0216167
0.01949
0.01902
0.00208333
0.00293333
0.00114
0.00057
0.0234733
0.02083
0.0445933
0.23674
0.255693
0.0670233
0.08427
0.0481433
0.0404833
0.0601933
0.05794
0.04555
0.0478533
0.0371333
0.04194
0.00701
0.0250767
0.00718
0.01118
0.0251633
0.0264367
0.04868
0.04798
0.0603
0.0624833
0.03146
0.0431833
0.0131933
0.00563
0.00279
0
0
0
0
0
0
0.0530867
0.03489
0.0240433
0.00998333
0.00057
0.02026
0.02558
0.05755
0.04175
0.0467133
0.04289
0.0320567
0.02945
0.0443367
0.0312867
0.04155
0.0552767
0.01935
0.0318267
0.0519967
0.03764
0.0982933
0.0839767
0.0866633
0.0990267
0.0936
0.0746533
0.146923
0.11045
0.179753
0.170203
0
0
0.0549033
0.0549133
0
0
0.05459
0.0556767
0
0
0.02287
0.0407533
0
0
0.00498333
0.00314667
0
0
0.0375433
0.02086
0
0
0.0527367
0.05313
0
0
0.02055
0.03771
0
0.00220667
0
0.00268667
0.00441333
0.0233467
0.02222
0.03748
0.02274
0.0216733
0.0201467
0.0107433
0.00836667
0.0370867
0.0255333
0.03642
0.05274
0.0228833
0.00438
0.00278333
0.00848333
0.0111367
0.00779333
0.0281967
0.0243067
0.01183
0.0281167
0.00155
0.00428
0
0
0
0.00899
0.0240467
0.00632667
0.00266667
0.00394667
0.00885667
0.0443633
0.0441133
0.02624
0.0383267
0.00971333
0.08648
0.0639567
0.0420533
0.13217
0.145887
0.0911967
0.08393
0.120527
0.13985
0.0937767
0.0365367
0.0762533
0.0682067
0.118503
0.122977
0.135937
0.0725033
0.119247
0.0732533
0.0842033
0.00850667
0.01931
0
0.00262333
0
0
0
0
0
0.0676533
0.0869633
0.0567
0.0774133
0.0429467
0.0475433
0.04356
0.05067
0.0109533
0.0143433
0.00817
0.0335833
0.0558433
0.0372833
0.00873667
0.00510333
0.131087
0.172977
0.0989467
0.08646
0.02381
0.01469
0
0.000423333
0.000423333
0.0149233
0.000423333
0.110473
0.03517
0.237773
0.12857
0.258663
0.0691233
0.0684233
0.0409267
0.0218533
0.00334333
0.00334333
0
0
0
0
0
0.00112333
0.00513333
0.0136067
0.0341633
0.0516733
0.06472
0.0456467
0.03357
0.0122233
0.0160433
0.0066
0.01279
0.0084
0.0194233
0.000226667
0.00384333
0.00361667
0.00455333
0.000936667
0.00619667
0.00685
0.00438333
0.00075
0
0.05002
0.0379333
0.0112033
0.00956667
0.00101667
0.00101667
0.00378333
0.00643333
0.0114767
0.0143433
0.0303333
0.02763
0.02389
0.00702
0.00468
0.00234
0
0
0
0.00224
0.00224
0.00707667
0.105017
0.168613
0.22959
0.0315633
0.0351633
0.04577
0.0478533
0.05264
0.0558067
0.0383333
0.02241
0.00593
0.00258667
0
0.000423333
0.000423333
0.00590667
0.00660667
0.0265633
0.0295533
0.0494867
0.05105
0.05014
0.03169
0
0
0
0
0.0206633
0.0196
0.0343333
0.0172967
0.0299467
0.0459433
0.0608933
0.0415433
0.02997
0.00997667
0.0251133
0.0174767
0.0229733
0.00549667
0.0115967
0.00834
0.03045
0.04518
0.0624533
0.06315
0.0686567
0.0981367
0.10733
0.175187
0.19793
0
0
0
0.0524867
0.0361033
0.05178
0
0
0.0367667
0.0537833
0
0
0.0377933
0.0195133
0
0
0.01946
0
0
0
0.00157333
0.00157333
0
0
0.0225267
0.00481333
0
0
0.0211033
0.0388167
0
0.00255667
0
0.0178633
0.00476333
0.0370133
0.02257
0.0541467
0.05253
0.0249533
0.0406233
0.00704333
0.00838
0.0208767
0.02096
0.00471
0.0206833
0.000346667
0.00194333
0
0.02774
0.0293967
0.0125367
0.0212
0.02637
0.00273
0.00336333
0
0.0526933
0.03309
0.03143
0
0
0
0.01359
0.0355333
0.00128
0.00128
0.00768333
0.01009
0.0335233
0.0348033
0.0248433
0.0063
0.0874067
0.0381933
0.0796667
0.0424833
0.0734867
0.09289
0.06403
0.0827567
0.0453567
0.03176
0.04407
0.05726
0.0261867
0.0262067
0.02665
0.00501667
0.00729333
0.00768667
0.0331867
0.0272967
0.0452867
0.0310767
0.0387833
0.0211333
0.00457333
0.00363667
0.00363667
0
0.00140333
0
0.00280667
0.00462
0.00483667
0.0255067
0.0581033
0.0858633
0
0
0
0.00321667
0.00140333
0.00503
0
0
0.0190667
0.00181333
0
0
0.00118
0.0184333
0
0
0.00118
0.00118
0
0
0
0
0
0
0
0
0
0
0.00324
0.00324
0
0.000353333
0.00186333
0.00324
0.00291
0.02223
0.01956
0.04771
0.0413
0.0710633
0.0448867
0.0874233
0.0497933
0.06187
0.04459
0.02128
0.0221833
0.00372667
0.00221
0.00186333
0.01477
0.0445667
0.0173833
0.0111533
0.03868
0.00509333
0.00247333
0.00491667
0.07081
0.0293667
0.00307667
0.00307667
0.07622
0.0937167
0.00075
0
0.04241
0.0634933
0.00075
0.00075
0.0157
0.0260767
0
0
0.00319333
0.0101867
0
0.00467
0.02532
0.00457333
0.0267033
0.0071
0.0251033
0.00276
0.0199967
0.0220333
0.00138
0
0.000913333
0.000913333
0
0
0.00185667
0.00237667
0
0
0
0.00185667
0
0
0
0
0
0
0
0
0
0.00219
0
0
0.00219
0.00219
0
0
0
0
0.00768
0
0
0
0
0.0168033
0.00912333
0.04595
0.00597333
0.00186333
0.00186333
0
0.00947667
0.0434967
0.0147033
0.132857
0.0574333
0.176843
0.14931
0.117783
0.136227
0.0697733
0.08626
0.02952
0.04448
0.00783667
0.00559
0.00372667
0.136723
0.0886367
0.0777167
0.0248467
0.06772
0.0223
0.0873733
0.00944667
0.04859
0.04668
0.0562133
0.137453
0.0251567
0.06692
0.124653
0.182987
0.0254433
0.02283
0.0690267
0.11269
0.00261333
0.00336333
0.0494233
0.0445333
0
0
0.0101867
0.0140767
0
0
0.00297667
0.00138
0.00243
0
0.00138
0
0.00243
0.00243
0
0
0.00431667
0.00379667
0
0
0.0192267
0.0211667
0
0
0.00371333
0.0205633
0
0
0
0.00185667
0
0.00432
0
0
0.00651
0.0248567
0
0
0.02222
0.00387333
0.02332
0.00632
0
0
0.00936333
0.0126533
0.05432
0.00944333
0.0157633
0
0.0801767
0.172753
0.153147
0.131757
0.179997
0.0791633
0.11016
0.0815433
0.0703
0.0519533
0.0660567
0.0135533
0.167013
0.16013
0.11892
0.0913667
0.05253
0.0598633
0.110363
0.160307
0.130403
0.0713233
0.146183
0.190087
0.141923
0.18391
0.2235
0.22187
0.11691
0.102773
0.130937
0.183413
0.0212233
0.05744
0.0823833
0.05559
0.0186567
0.0372667
0.00915
0.0128133
0.0186567
0
0.00366333
0.00366333
0
0
0
0
0
0
0
0
0.00707333
0.00327667
0
0
0.0408467
0.0272733
0
0
0.0384033
0.0567467
0.00213
0.00213
0.00599
0.0290567
0.0267767
0.00708
0.00645
0.02478
0.02432
0.0266333
0.00633333
0.01047
0.00522333
0
0.0409967
0.0432533
0.0571567
0.0446867
0.0298167
0.00854
0.00743
0
0.0421167
0.0681633
0.05169
0.0679
0.08621
0.0637667
0.0810167
0.0668867
0.07849
0.05304
0.0380833
0.01375
0.07456
0.120023
0.1152
0.11969
0.103817
0.0848867
0.07681
0.08233
0.0690533
0.0541633
0.134053
0.105907
0.10443
0.100467
0.0947367
0.07902
0.162287
0.142917
0.09353
0.103227
0.156247
0.157507
0.20764
0.144437
0.16627
0.135747
0.146417
0.175693
0.154903
0.13939
0.09214
0.07863
0.0756333
0.0326633
0.0570267
0.0621733
0.00732667
0.00713333
0.0239433
0.0437033
0.00366333
0
0.00528667
0.00528667
0
0
0
0
0
0
0
0.00103333
0.00103333
0.00431
0
0
0
0
0.0114767
0.00611
0.0552733
0.0549833
0.0141833
0.05769
0.00881667
0.0145467
0.01004
0.0292067
0
0
0
0
0.00611
0.0496167
0.0931233
0.146437
0.110713
0.0797467
0.0260533
0.03596
0.04362
0.0575867
0.00386
0.00386
0.00986
0.0495067
0.108177
0.1616
0.14536
0.09923
0.0439133
0.0343367
0.0259333
0.0415233
0.0143033
0.0144367
0.0686633
0.06868
0.0919533
0.0387433
0.0368333
0.01394
0.0126167
0.00962
0.0282
0.0297733
0.03539
0.0210867
0.0363467
0.03111
0.0469267
0.02676
0.119887
0.187277
0.169333
0.198437
0.113853
0.135873
0.09547
0.100587
0.0832633
0.0913433
0.1161
0.0639433
0.0864533
0.0274667
0.0838667
0.0326033
0.108377
0.08234
0.0576033
0.03322
0.0617633
0.0487233
0.0301467
0.00717
0.0687267
0.0548067
0.00602333
0.00255333
0.0303333
0.05021
0
0
0
0.0114333
0.0105733
0.00528667
0
0
0
0.00384667
0
0.00646333
0.00384667
0.00876333
0.00261667
0.00614667
0
0
0
0
0.00536667
0.00536667
0.0117667
0.0064
0.0064
0
0.329773
0.498437
0.385043
0.347753
0.183167
0.191687
0.1034
0.265197
0.142373
0.136313
0.0461267
0.0725467
0.0127733
0.07463
0.0391
0.0397167
0.0202233
0.00964333
0.00344
0.00386
0.02555
0.0230867
0.00526667
0.0251467
0.0592733
0.03995
0.0273633
0.00633667
0.06461
0.0873233
0.0726867
0.05281
0.00378333
0.04743
0.00763
0.0822167
0.0462633
0.0647767
0.0311233
0.0337933
0.72665
0.61573
0.53305
0.273593
0.244817
0.537607
0.353817
0.27797
0.10944
0.154347
0.08309
0.22501
0.11807
0.0906233
0.0182233
0.0298133
0.01269
0.04666
0.04193
0.0476467
0.05771
0.104413
0.0843767
0.0637167
0.109097
0.117677
0.12787
0.09457
0.52374
0.73132
0.746467
0.54604
0.275857
0.334793
0.284837
0.53002
0.185837
0.17933
0.0842867
0.19739
0.118087
0.158123
0.0589333
0.0839833
0.1334
0.0942833
0.12789
0.0738767
0.515443
0.484277
0.29712
0.255417
0.177663
0.119333
