0.217597
0.07575
0.02355
0
0.11212
0.0548433
0.211547
0.0672033
0.09919
0.268113
0.102467
0.000293333
0.16796
0.00947
0.198163
0.0231167
0.0672967
0.0744533
0.31361
0.01257
0.169087
0.0423
0.0448733
0.00475333
0.06205
0.12258
0.128913
0.0305333
0.00306667
0.0278333
0.26607
0.28789
0.00989
0.0092
0.000373333
0.100873
0
0.000133333
0.02625
0.21685
0.00467667
0.00729667
0.10458
0.0421767
0.00398333
0.37651
0.0248867
0.210387
0.37382
0.00599
0.0625467
0.2895
0.0581567
0.24287
0.04494
0.09244
0.00955667
0.0549567
0.0155233
0.122423
0.285283
0.0743933
0.000613333
0.472047
0.0518267
0.34496
0.0228033
0.322423
0.285663
0.0919433
0.00852333
0.00662667
0.00288
0
0.0662033
0.00311
0.01038
0.0289933
0.145997
0.0294833
0.202177
0.0173367
0.000413333
0.0004
0.00421333
0.06782
0.000516667
0.0390533
0
0.0493967
0.01472
0.00492667
0.00756
0.0136433
0
0.159157
0.00757
0.04974
0.0533233
0.000463333
0.00391667
0.0592733
0.0214133
0.0910433
0.02351
0.0103933
0.000206667
0.0943633
0.000413333
0.0536767
0.0294633
0.01094
0.01001
0.0395567
0.00032
0.00139333
0
0.00026
0.00539
0.05194
0.03393
0.000683333
0.00224333
0.0188733
0.06389
0.02659
0.0210867
0.04045
0.0430167
0.0310467
0
0.00032
0.000753333
0.00835
0.01148
0.00298667
0.00067
0.0717167
0.0533633
0.01636
0.0270667
0.0788167
0.0172333
0.0535467
0.02049
0.0121467
0.0492567
0.0810767
0.0118133
0.08724
0.0106367
0.00409
0.000376667
0.0321567
0
0.0493
0.00486333
0.01081
0.0590033
0.01352
0.000613333
0.0540767
0.000933333
0.00085
0.0344233
0.02949
0.0373833
0.06368
0.00056
0.000666667
0.08832
0.0177467
0.00378
0.02539
0.0255033
0.01386
0.00288
0.0194133
0.000233333
0.0690033
0.03133
0.0130267
0
0
0.0369867
0.00978667
0.0169633
0.0223
0.0572567
0.04198
0.0318467
0
0.03412
0.00427
0.01179
0.00111667
0.00451667
0.00019
0.0223967
0.00023
0.00879667
0.0275867
0
0.0472267
0.0624933
0.0525067
0.02358
0.0141467
0.0145033
0.01034
0.00114
0.0203667
0.0104567
0.0277367
0.00646
0.00112
0
0.000463333
0.0627967
0.000233333
0.0410033
0.00495
0.04313
0.01641
0.00451667
0
0.0839967
0.04593
0
0.0198933
0.0228267
0.0322833
0.05737
0.0789033
0.05343
0.00579333
0.0324033
0.0139667
0.0661767
0.000726667
0.0936333
0.0315433
0.0584833
0.03782
0.0115333
0.02765
0.0297067
0.04843
0.0308033
0.0877033
0.0124833
0.0250333
0.00448333
0.0509067
0.00438
0.0407
0.0624667
0.03846
0.0489267
0.0661133
0
0.00015
0.0042
0.00407
0.00961
0.01183
0.03864
0.00885333
0.00187
0
0
0.05095
0.03314
0.0277333
0.04893
0.000783333
0.0262833
0.0368167
0.0128933
0.0349467
0.02064
0.00216667
0.03296
0
0.00782333
0.0490367
0.00046
0.0139767
0
0
0.0246
0.0570933
0.00465667
0.0444833
0.0558667
0.0763933
0.04027
0.0555333
0.0372233
0.07418
0.000746667
0.0166533
0.01868
0.0193633
0.0261933
0.03393
0.0388367
0.08149
0.0204767
0.0562767
0.000966667
0.02854
0.101077
0.00351667
0.00987
0.03376
0.00838667
0
0.00613333
0.0139933
0.00797
0.00447
0.04822
0.000233333
0
0.00227333
0
0.0260067
0.02176
0.01108
0.00120333
0.0445167
0.0003
0.0116767
0.0229233
0
0.0311267
0.01275
0.0841067
0.05658
0.00814333
0.0234633
0.06813
0.0408833
0.0318867
0.02913
0.00120333
0.0391667
0.0412833
0.00913667
0.01963
0.0155233
0.00069
0
0.00023
0.0168533
0.00726
0.0417233
0.0063
0.0162867
0.000186667
0.01805
0.00590333
0.0532433
0.0517167
0.0105433
0.00562333
0.01416
0.0106833
0.0359333
0.00158667
0.00019
0.0576
0.0582867
0.0600433
0.02036
0.0391
0.04788
0.0706733
0.0285467
0.01545
0.0505767
0.0385233
0
0.0231033
0.00873333
0.000373333
0.00365333
0.0847667
0.0329267
0.0604133
0.0487867
0
0.0198667
0.02386
0.02904
0.0135467
0.0417967
0.02206
0.00023
0.0526033
0.04453
0.0225167
0.0508333
0.0638633
0.0705533
0.00046
0.0331033
0.0555667
0.01469
0.02867
0.03392
0.0681633
0.00019
0.04728
0.00641
0.00664667
0.0581467
0.000156667
0.0844767
0.0341767
0.0524533
0.0128133
0.0106933
0.00428
0.02476
0.00205333
0.000143333
0.0103767
0.0476333
0.00470667
0.000693333
0.0326867
0.08935
0.01132
0.0349067
0.00546667
0.0539167
0.0036
0.00808667
0.0252667
0.04519
0.000143333
0.06544
0.04632
0.0190367
0.0191667
0.00544
0.0601667
0.0094
0.0743633
0.0398267
0.0319933
0.00024
0
0.00202667
0.0199133
0.0255067
0.06835
0.0460767
0.05006
0
0.00442667
0.0482667
0.00255667
0.01038
0.02226
0
0.01885
0.000263333
0.10928
0.0270167
0.0158633
0.05968
0.02237
0.04076
0.0103433
0.0220167
0.00028
0.02063
0.00417333
0.0118
0.0618267
0.0407467
0.0544633
0.0253433
0
0.0366667
0.07353
0.0008
0.0206433
0
0.00526
0.0199367
0.04708
0.00612
0
0.0696467
0.000513333
0.0193333
0.00097
0.02218
0.03287
0.0128933
0.00351
0.00871333
0.05675
0.00911667
0.0459067
0.02659
0.000643333
0.00395667
0.04218
0.07431
0.000643333
0.0238533
0.0256633
0.05928
0.0282233
0.0311333
0.0284933
0.0159133
0.0436133
0.0198367
0.0300033
0.0325167
0.0446233
0.06091
0.06699
0.02049
0.00101333
0.000123333
0.0483167
0.0148467
0.0440233
0.0161667
0.05309
0
0.04445
0
0.02787
0.000156667
0.0513367
0.00496
0.00402
0.00667667
0.03159
0.0252233
0.0419
0.000553333
0
0.02085
0.0327267
0.0648433
0.00554
0
0.0494433
0.0466333
0.102123
0.0135633
0.0190667
0.0154133
0.04435
0.08562
0.08048
0.00489333
0.0398133
0
0.0445367
0.0107267
0.03355
0.0359033
0.07472
0.0588933
0.0301167
0.02471
0.0561833
0.0173567
0.00657333
0.000313333
0.03823
0.0424267
0.0399533
0.03702
0.01583
0.00563
0.03244
0.102107
0.02603
0
0.04435
0.0640633
0.0375033
0.0587333
0.0259467
0
0.02554
0
0.00610333
0
0.05736
0.0480333
0.02436
0.04986
0.0334733
0.01761
0
0.01382
0.06427
0.0581433
0.01401
0.000803333
0
0.03321
0.0190867
0
0.02567
0.0202267
0.0198867
0.00683667
0.0516833
0.0617833
0
0.02103
0
0.0578033
0.02716
0.0517167
0.0116967
0.0339033
0.0578033
0.0585333
0.022
0.02872
0.00862333
0.0168567
0.0375133
0.02242
0.04003
0.0227867
0.04574
0.0069
0.0430733
0.0327
0.000136667
0.00179667
0.0848167
0.03669
0.00952333
0.00679
0.0165433
0.0150933
0.07607
0.000313333
0.0168867
0
0.01193
0.0445233
0.04113
0.0257067
0.000216667
0.0330567
0.0155467
0.00205
0.05771
0.00752333
0.0364033
0.0611667
0.0721867
0.0149667
0
0.000126667
0.000663333
0.000666667
0.0363133
0.0585867
0.000443333
0
0.0177367
0.06297
0.0835833
0.03916
0.0219567
0.00219333
0.00197667
0.00205
0.0750233
0.0936233
0.102073
0.0625833
0.000216667
0.0177
0
0.0747333
0.0341167
0
0.01118
0.03308
0.0469633
0
0.00489
0.00918333
0.03745
0.01339
0.00228
0
0.00916667
0.0472067
0.00696333
0.00153
0.0302333
0.0185467
0.01151
0.0580067
0.0476533
0.0577267
0.0357733
0.102153
0.03859
0.00965
0.01236
0
0.0653633
0.06672
0.0101333
0.03554
0.01506
0.0256
0.000786667
0.0265233
0.05781
0.0162333
0
0.0619167
0.0239867
0.0805767
0.0182467
0.0335067
0
0.0643033
0.0160167
0.0936133
0
0.0388633
0.02837
0
0
0.02271
0.0281533
0.00489333
0
0.05928
0.02024
0
0.00085
0.0163933
0.08686
0.0189033
0.0259367
0.000126667
0.0180167
0.00263333
0.000606667
0
0.0224733
0
0.00293667
0.0426267
0.0288333
0.0567667
0.0136467
0.00468333
0.0130567
0.00112
0.00924333
0.0287333
0.00566333
0
0.0492333
0.0110667
0.000393333
0.01967
0.000636667
0.01761
0
0.02603
0.000893333
0.00796667
0.01091
0.00026
0
0.0311533
0
0.0364233
0.00453333
0
0
0.0405467
0
0.0460067
0.02448
0.0317433
0.0329933
0.00256
0.01727
0
0
0.0169433
0.000163333
0.0213767
0.00293667
0.00850333
0.0462
0.00026
0.00205
0.000653333
0.0473867
0.00453333
0.00249333
0.0396333
0.0338833
0.02999
0.0008
0.03238
0.0258433
0.00223
0.0266567
0
0
0.0401933
0.0346733
0.00545667
0.000433333
0.000253333
0.00851
0.0204833
0.0165833
0.0469867
0.0192367
0.0383267
0.03241
0.000653333
0.000183333
0.0245667
0.00015
0.01039
0.0192133
0.00713
0.0187533
0.0441233
0.00606667
0.03303
0.0428967
0
0.00026
0.01993
0.03978
0.0194767
0.0231433
0.0361533
0.0501533
0.0246967
0.0208567
0.0159933
0.00742333
0.0281067
0.03279
0.01436
0.03803
0.000786667
0.0158033
0.00141
0.0561333
0
0.00215
0.02425
0.00530333
0.000843333
0.0673667
0.00293667
0
0
0.0367667
0.0205567
0.00951
0.00180333
0.0219967
0.0378833
0.0532067
0.00323
0.00515333
0
0.0113667
0.02291
0.0366067
0.01964
0.01121
0.0449167
0
0
0.0143867
0.0200133
0.0398667
0.04193
0.0499767
0.05224
0.0105967
0.0296933
0.000776667
0.0380867
0.0406767
0.00647
0.04171
0.0203667
0.0468067
0.00437333
0.0119367
0.0725467
0.00210667
0.00537667
0.03937
0.0262033
0.0349533
0.0736933
0.000516667
0.04692
0.01283
0.02755
0.08339
0.00924333
0.000656667
0.0267667
0.0367733
0.00034
0.00177667
0.0194533
0.03187
0.0575133
0.0365467
0.0138067
0.0694833
0.03642
0.05858
0.00026
0.0380333
0.00730667
0.0288433
0.02415
0.06652
0.0166033
0.01692
0.07956
0.0948933
0.00272667
0.0273233
0.00422667
0.08954
0
0.02986
0.00119667
0.02313
0.06489
0.0252667
0.0222367
0.03555
0.01124
0.0135
0.04783
0.0569533
0.0127867
0.0377067
0.00630333
0.0454
0.00529667
0.0573533
0.02974
0.0390033
0.00301667
0.04318
0.01968
0.00532333
0.0106333
0.0212167
0.0739
0.0144267
0.0199533
0.02791
0.00091
0.0271667
0.00687333
0.00890667
0.0513533
0.0417333
0.00026
0.01064
0.0434967
0.00246667
0.05643
0.00146
0.03472
0.0105067
0.01762
0.0481433
0.0191533
0.0109233
0.00938
0.0279933
0.0227933
0.000176667
0.05981
0.0206
0.0381067
0.0276867
0.08184
0.0230533
0.0142333
0.00850667
0.01182
0.00188667
0.0556267
0.0367367
0.0886533
0.00748333
0.0058
0.02765
0.107337
0.0409267
0.01687
0.0058
0.00653333
0.03625
0.06158
0.0242467
0.06938
0.06992
0.01045
0.0809367
0.02603
0.03103
0.00164333
0.0338867
0.0116233
0.0203067
0.0219133
0.000773333
0.00870333
0.0133967
0.00051
0.0503
0.00015
0.0201733
0.03851
0.06345
0.02726
0.0486167
0.0451533
0.0561733
0.00951333
0.0177767
0
0.000346667
0
0.0114967
0.0269667
0.00157667
0.0176333
0.0453667
0.00415667
0.00111
0.05231
0.0339733
0.00453667
0.0383767
0.00315667
0.02279
0.0396867
0.0641
0.03166
0.0283233
0.00598
0.0276367
0
0.00491667
0.0208267
0.000436667
0.04444
0.000733333
0.00433667
0.000446667
0.00048
0.0288267
0
0.00017
0.0277767
0.01157
0.06047
0.00125333
0.000393333
0.0217533
0
0.0411733
0
0.00765333
0.0649833
0.00195667
0.00912667
0.00135667
0.0228
0.0477
0.0147867
0.06824
0.03291
0.03487
0.00642
0.00198667
0.0291933
0.00322333
0.0657767
0.000346667
0.0124167
0.07238
0.0606767
0.0390167
0.0201067
0.0272467
0.02175
0.0190933
0.000346667
0.0326033
0.002
0.043
0.00111
0.0459867
0.02746
0.00190667
0.02083
0
0.0182233
0.00239333
0
0.000693333
0.00155667
0.00472
0.0855633
0.0203633
0.000343333
0.04185
0.0756933
0.03215
0.00534
0.000413333
0.0362233
0.0564433
0.0651567
0.0315033
0.0159933
0.0277967
0.000116667
0.00433
0.00534667
0.0809167
0.00043
0.00768667
0
0.00519333
0.0814233
0.00557333
0.0207333
0.00159667
0.04089
0.0534333
0.00255667
0.0166867
0.107133
0
0.0465267
0.0165967
0.0016
0
0.0209833
0.190843
0.146413
0
0.00119
0.0165433
0.000603333
0.00909333
0.0235033
0.0123333
0.0709367
0.0690233
0.00481333
0
0.0291133
0
0.0378767
0.000393333
0.0262367
0.0190233
0.0758933
0.00179
0.0155967
0.000126667
0.0007
0.0218367
0.0205033
0.00889
0.0132667
0.00391667
0.00193667
0.0139933
0.000806667
0.00507667
0.00502333
0.02899
0.0508667
0.00824
0.00976333
0.000393333
0.00493333
0.0583233
0.00296667
0.0168833
0.0958433
0.0105833
0.000786667
0.01654
0.00888333
0.00031
0.0225
0.01252
0.000126667
0.0258167
0.00717
0.0538867
0.0570467
0.01332
0.00966667
0
0.00906667
0.01359
0.00598667
0.00902667
0.00810333
0.0357433
0.00249333
0.00614333
0.000406667
0.00183
0.00614667
0.00110333
0.0147567
0.00993667
0.00536667
0
0.000513333
0.0591
0.00574
0.105423
0.0287867
0.02317
0.0199133
0.0580733
0.00331
0.00284667
0.0104
0.000393333
0.00321333
0.000183333
0.0187967
0.0241933
0
0.00482
0.00458333
0.01351
0.00938667
0.02137
0.04465
0.0119033
0.131137
0.02175
0.00116667
0.0203967
0.109023
0.0378967
0.00132667
0.0103667
0.0339133
0
0.0341633
0.0556767
0.0134333
0.05157
0.0170433
0.01462
0.0264633
0.0109967
0.0326633
0.00034
0.05056
0.000406667
0.0501433
0.01068
0.0136367
0.06272
0
0
0.000493333
0.00338
0.00115
0.0170767
0.000266667
0.03199
0.00019
0.03095
0.03536
0.0738633
0.0292967
0.01368
0.00312667
0.0376167
0.0676767
0.00064
0.0295733
0.000936667
0.0454533
0.000276667
0.00313333
0.000183333
0.0334567
0.00737333
0.0264833
0.10186
0.00110333
0.01693
0.00307333
0.01214
0.06112
0
0.00860333
0
0.00132667
0.00484333
0.00378
0.00203667
0.000343333
0.0629967
0.00828333
0.0131867
0.00663333
0.02446
0.0580333
0.000836667
0.03974
0.000683333
0.0482567
0.000133333
0.00220667
0.0635133
0.0277333
0.0129133
0.00022
0.000176667
0.00085
0.0504433
0.00692
0.13539
0.04606
0.0430067
0.0368567
0.00514667
0.0182667
0.00231
0.00147667
0.0593033
0.00068
0.03438
0.0574133
0.00339333
0.0446167
0.0707367
0.0497567
0.03384
0.01548
0.0475133
0.0316267
0.00021
0.0482533
0.00042
0.00307333
0.0007
0.00615333
0.0696167
0.0516533
0.0309633
0.01191
0.00483333
0.02517
0.00638333
0.00181667
0.00820333
0.00693333
0.00986667
0.00514333
0
0.0126933
0.00175
0.00223667
0.0586433
0.03156
0
0.00903
0
0.000133333
0.0138433
0.0338567
0.0316033
0.00880667
0.0164833
0.00396667
0.000176667
0.00442333
0
0.0255
0.0258433
0.0390433
0.0106667
0.00715667
0.03362
0.03471
0.142737
0.00126333
0.00392333
0.000406667
0.00664333
0.07122
0.01019
0.00078
0.0211933
0.00775
0.0393233
0.01542
0.00743667
0.03269
0.0237933
0.0517033
0.00943333
0
0.000393333
0.102477
0.05369
0.00982667
0.00526333
0.00693333
0
0.00100333
0.03977
0.07112
0.00152667
0.00754667
0.0150733
0.09089
0.0123033
0.04163
0.000406667
0.00297
0.0175433
0.000246667
0.0445733
0
0
0.00145333
0.00183
0.01045
0.0780733
0.05286
0.0217833
0.0590867
0.0656667
0.00608667
0.00727
0.01646
0
0.0281933
0.0708033
0.03527
0.00563
0.0181433
0.00324333
0.00871333
0.0333933
0.03582
0.07533
0
0.00637667
0
0.05791
0.000563333
0.0327433
0.0550167
0.00534667
0.0133633
0
0.0439333
0.0268833
0
0.0631833
0.00242667
0.119743
0.00278
0.0076
0.000856667
0.00315
0.06579
0.0140233
0.000776667
0.0301967
0.0630167
0.0518333
0.000926667
0.0442267
0.00096
0.0486333
0.06629
0.0781233
0.0236233
0.000793333
0.0136967
0.02532
0
0.03059
0.02251
0.140173
0.01239
0.0443433
0.00087
0.00527333
0.00129333
0.00323667
0.03198
0.000406667
0.00318333
0.0737967
0.00186333
0.00365667
0.00140667
0.0235667
0.000403333
0.0817733
0.000646667
0.00233667
0.01454
0.00219
0.06071
0.05408
0.0240533
0.02873
0.00472
0.00823333
0.0229333
0.0249433
0.00782333
0.09041
0.05587
0.00194
0.0643133
0.0636333
0.0546433
0.0784133
0.01324
0.0609367
0.07429
0.000653333
0.000223333
0.00432667
0.00874333
0.0113567
0
0.00592333
0.0216567
0.04618
0
0.000993333
0.00902667
0.000153333
0.00241333
0.0273433
0.0223367
0
0
0.0584
0.0297767
0.0614767
0
0.0182533
0.02059
0
0.0349233
0.04431
0.0567833
0
0.0591733
0.00490333
0.01349
0
0.0149267
0.0418133
0.00140333
0.00124667
0.0455867
0.0278067
0.00487333
0.0328667
0.0187267
0.0157633
0.03417
0.00292667
0
0.000583333
0.00674
0.06667
0.01875
0.02941
0.00798
0
0.00341667
0.0702667
0.0578833
0.000706667
0.04725
0.02447
0.00763333
0.00215333
0.06563
0.00306333
0.0301167
0.00964
0.0094
0.0143667
0.0237433
0.04183
0.000283333
0.02118
0
0.00690333
0.04173
0.00704
0.113153
0.07607
0.0396167
0.000626667
0.0451
0.00415333
0
0.01287
0.116547
0.0626633
0.000466667
0
0.000156667
0.0640233
0.0322567
0.00439
0.00212667
0.0499767
0.01117
0.000546667
0.08047
0.0272067
0.00389333
0
0.02119
0.13046
0.0290467
0
0
0.00517
0.00840333
0.0524167
0.0410867
0.0514733
0.00851
0
0
0.01378
0
0.0211633
0.0313133
0.00044
0.0281867
0.000976667
0.0824467
0.06681
0.00620667
0.0253633
0.00035
0.0083
0.0410867
0.0161867
0.02544
0.0121033
0
0.0155333
0.0014
0.0408367
0.0121267
0.0120633
0.0244167
0.0780533
0
0.000656667
0.00120333
0.00714333
0.000313333
0
0
0.00622333
0.0340867
0.00949667
0.00036
0.00013
0.0290433
0.05586
0.0294067
0.00263667
0.00316333
0.02242
0
0.00197
0.0107567
0.0305833
0.00481
0
0.0036
0.00408
0.00339333
0.00264333
0.01222
0
0.000313333
0.0132867
0
0.0305667
0.0411267
0.00346667
0.00271333
0
0.00125333
0.00986333
0.02605
0
0.0673067
0.0564767
0.00173667
0.00645
0.01179
0
0
0.0396367
0.000273333
0.00640333
0.0328467
0.00648667
0.00767
0.031
0.129633
0.00013
0.00107667
0.00808
0.0242067
0.0176733
0.00749667
0
0
0.01119
0.00013
0.00115333
0.000486667
0.00162
0.0104933
0.0241467
0.01461
0.000313333
0.102773
0.05406
0.00226
0.0140567
0
0
0.0188667
0.00233667
0.05025
0.0242933
0.0358767
0.000156667
0.00796667
0.00265667
0.07971
0.0605267
0.00928333
0
0.02932
0.00794333
0.0110933
0.0503467
0.00798
0.0443433
0.00682333
0.00221333
0.0154867
0.00271333
0.0106367
0.00540333
0
0.000183333
0.00517
0.0416333
0.0489133
0.00255667
0
0.00176667
0.01009
0.00119
0.0477933
0.0460833
0.00273333
0.1114
0.00901
0
0.0751267
0.00478667
0.0388567
0.0207933
0.09303
0.0309033
0.0482967
0.0281533
0.0539033
0.026
0.00741
0.0111733
0
0.0523
0.0583967
0.0373667
0.02336
0.0475
0.00560333
0.05005
0.02642
0.0077
0.0228467
0.0186533
0.0196933
0.0166733
0.07457
0.0526833
0.00655333
0.0260167
0.00651667
0
0.00524
0.00585
0.0715867
0.00843333
0.02068
0.0415333
0.0243633
0.0190033
0.000546667
0.000273333
0.000366667
0.00392333
0.00036
0.00261
0.00171667
0.0179733
0.00188
0.05053
0.00285667
0.00105333
0.00457
0.0516567
0.0497767
0.00690667
0.00469333
0.01113
0.00592333
0.0136133
0.00461333
0
0.00794333
0.0201967
0.00821667
0.02614
0.00948
0.05336
0.0056
0.127127
0.00409667
0.0113867
0.0237933
0.00691333
0.000466667
0.000843333
0.01816
0.00623
0.0365233
0.0596467
0.0536233
0.0123667
0.00855667
0.00561
0.00302667
0.00603333
0.00858667
0.0943867
0.0450167
0.00861667
0.00698667
0.0068
0.0104933
0.00366667
0.05559
0.00112
0.04754
0.01987
0.0657267
0.00729333
0.00675333
0
0.02327
0.0133833
0.0467267
0.0177833
0.0316733
0.0610367
0.0235467
0.00137333
0.00069
0.00176667
0.0110067
0.03108
0.00283
0.05072
0.000126667
0.0240933
0.00614667
0.000343333
0.00972
0
0.0780833
0.0564033
0.04947
0.0268233
0.0342967
0.00152333
0.01924
0.000876667
0.0739433
0.0458933
0.000546667
0.01479
0.00254
0.000666667
0.0180833
0.00786333
0.0389833
0
0.00220667
0.0491033
0.0190233
0.00726
0.00815667
0
0.00102
0
0
0.00149
0.0411433
0.0329067
0.0750333
0.00952333
0.0310233
0.102887
0.0313067
0.0843233
0.06461
0
0
0.00969
0
0.00483333
0
0.06245
0.0165333
0.0125167
0.0193767
0.00546667
0.0323
0.00669667
0.03403
0.0176133
0.00687667
0.00602333
0.02537
0.00873
0.04187
0.01973
0.0521133
0.00962667
0.0169467
0.0462433
0.09015
0
0.00146333
0.000223333
0
0.00204667
0.00644667
0.000516667
0.0289833
0.03009
0.00081
0.00543333
0.01069
0.00744333
0.00745667
0
0.00353333
0.02095
0.00935
0
0
0
0.00697667
0.000773333
0.00317333
0.0360833
0.0241033
0.00367
0
0.0686367
0.00837
0.0661067
0.00864667
0.0400233
0.0233333
0.0405133
0
0.01004
0.0769233
0.0152833
0.0300867
0.000276667
0.01911
0.0234
0.000276667
0
0.00490333
0
0
0.00161667
0.0466867
0.00479
0.0435233
0
0.0147067
0.0925967
0.0425833
0.00666333
0.00385
0.0431767
0
0.0077
0.0648467
0.00140667
0.0151
0.0284933
0.00478
0.00697667
0.03423
0.0156467
0.0582133
0.00221333
0.0238633
0.0651833
0.00526333
0.101267
0.0301833
0.0643733
0
0.00911
0.00704667
0.0272167
0.0447367
0.00543
0.00755333
0.0200967
0.00281333
0.0366033
0.00737667
0
0.0304433
0.00137667
0.0299167
0.0339133
0
0
0.00140667
0.0334567
0.04374
0
0.0118367
0.00666333
0.00241667
0.08068
0
0.03487
0
0.06144
0.03092
0.00179333
0.0173267
0.0663533
0.0443867
0.000553333
0.00494333
0.01048
0.00352
0.0269633
0.00721667
0
0.0657333
0.0861367
0.0236033
0.0245333
0.0218133
0.0387
0.00817667
0
0.0122
0.00186333
0.05694
0.0698067
0.04925
0
0.0475633
0.0377167
0
0.0399567
0.00137333
0.000263333
0.00396667
0
0
0
0
0.0388
0
0.0076
0
0.000586667
0
0.00140667
0.00137667
0.0445667
0.00052
0.00513667
0.107887
0
0.00044
0.0166067
0.00109333
0.00380667
0.0193167
0
0.00121667
0.0641633
0.000503333
0.00158
0.00028
0.0320167
0.00802333
0.102017
0.0182833
0
0
0.0967133
0.000163333
0.00023
0.0647333
0.0694133
0.0136733
0.0625333
0
0.02807
0.0211433
0.00106
0
0.0368667
0.0405133
0.0161733
0
0.000136667
0
0.0944367
0.0186067
0.00099
0.0344667
0.00648333
0.00393667
0
0.07939
0.07033
0.0183233
0
0.00208333
0
0
0.0005
0
0
0
0.0244567
0.00015
0.00104333
0
0
0.0725633
0.0758067
0.0140933
0.00015
0
0.0724733
0.0121267
0.00167667
0.00741667
0.00447667
0.00399
0.00610333
0
0
0.00015
0.0215233
0
0.0684267
0.0133267
0.00393667
0.0276767
0
0.00741333
0.01181
0
0.0350667
0.00202667
0.000453333
0
0.07549
0.0303767
0.0402333
0.0284267
0
0
0
0.0638567
0
0.000186667
0.00917
0.00137667
0.0954967
0.0206733
0.000186667
0
0.04557
0
0.0668467
0.000696667
0.000413333
0.000986667
0.106103
0.0510967
0
0
0.06385
0.0534833
0.0112233
0.0117
0.0503633
0.00427333
0
0.00357667
0.00015
0.000263333
0.00545
0.000696667
0.00936
0
0.05155
0.0666733
0.04616
0.000263333
0.0002
0.02155
0.00372667
0.00062
0
0
0.02448
0.0237933
0
0
0.0394267
0.04418
0.0680933
0.0782867
0.000206667
0.0129167
0.00697667
0
0.00858667
0.00163667
0.00932
0
0.07227
0.00644667
0.000283333
0
0
0
0.000453333
0
0.0475633
0
0
0.00470667
0
0.01109
0.000373333
0.00412333
0.000326667
0.0005
0.00637
0.000916667
0.00741
0.0287367
0.00268
0
0
0
0.0265933
0.03879
0.0203467
0.000723333
0.06768
0
0.00262667
0
0
0
0.00132333
0
0
0.00533333
0.00686667
0.00664333
0
0.00149667
0.00395333
0.05543
0.0301833
0.00138
0
0
0
0.0235967
0
0.0292833
0.00161667
0
0.00946333
0.0958033
0.0272433
0.0141967
0.0357267
0.0717933
0
0.0338733
0
0
0
0
0.0490567
0
0.00508333
0
0.0303733
0
0
0.00737667
0
0
0
0.0470467
0.000283333
0.00677333
0.00171
0.0219133
0.00295333
0.0311567
0.01725
0.06563
0.03364
0.0499633
0.000696667
0
0.0224933
0.02753
0.000966667
0.109927
0
0.00873
0.160017
0.00176667
0.116347
0.0188433
0.0349833
0.0825367
0.00384667
0.0404033
0.000856667
0.000663333
0
0.0323933
0.0489233
0.00215333
0.00121333
0.000313333
0.0461533
0.0306867
0
0
0.000136667
0
0
0.00328667
0.0139067
0.0115033
0.02276
0.00580333
0.02288
0.01755
0.00526667
0
0
0.0141067
0.0255467
0
0
0.00194333
0
0.00863
0.00137
0
0.01335
0.0248333
0.0661733
0.00392333
0.00736333
0
0.00645667
0
0.0295333
0.03829
0.0506167
0.0113133
0
0.0359567
0.0176733
0
0
0.00176667
0.00682
0.00468333
0.00358333
0.00206667
0.06489
0.0687033
0.0235
0.01559
0
0.07744
0.0291867
0
0.00459333
0.0103167
0
0.00948333
0.0420133
0.00022
0.000773333
0.00631667
0.00388667
0.000136667
0.04131
0.00276
0.00708333
0.00995667
0.00138
0.00455667
0.0053
0.00138
0.000856667
0.02629
0.0223
0
0.03834
0.00567
0.03855
0.03307
0.00032
0.000313333
0.0522433
0.0437433
0.01389
0
0.0149967
0.0134
0
0.05076
0.00374
0.03794
0.00022
0.0352433
0.00513667
0
0.02059
0.00046
0
0.00679667
0.00409333
0.11653
0.0244167
0.0115933
0.00136667
0
0.00043
0.00578
0.0210167
0.00313667
0.0306933
0
0.0319433
0.0150133
0.00147
0.02184
0.0830867
0.13138
0.0348533
0.0357167
0.00656667
0.02079
0.107957
0.000453333
0
0.217043
0.00696333
0.0271833
0
0.0596667
0.0618167
0.0366267
0.00032
0.0247233
0.00401
0.0783067
0.00632333
0.00065
0.0051
0.00573
0.00496667
0.00793667
0.0175167
0
0.00593667
0.00795667
0.04036
0.00269333
0.00926
0.05508
0.00283667
0.16916
0.0883
0.00397667
0.0232333
0.000163333
0.05043
0.0994467
0.0401433
0.198307
0.0335567
0.0066
0.0331067
0.0672533
0.08518
0.00032
0.00299667
0.11394
0.0641267
0.00599333
0.122303
0.0541267
0.01242
0.00521
0.07433
0.00108333
0.0151033
0.000393333
0.227673
0.0449667
0.10353
0.09865
0.000353333
0
0
0.0473233
0.02912
0.04749
0.000233333
0.00535
0.0162467
0.000686667
0.00642
0.0220633
0.0331167
0.229437
0.000956667
0.0132233
0.0403133
0.00160333
0.00034
0.205223
0.0428767
0.22464
0.0751933
0.00012
0.03166
0.000196667
0.00151
0.00496667
0.0466633
0.0145967
0
0.00297
0.0143633
0.00226333
0.0135667
0.00052
0.000766667
0.06587
0.000163333
0.02849
0.0620233
0.000743333
0.000196667
0.000276667
0.0125033
0.0402533
0.00182333
0.0235067
0.00469667
0.0434633
0.00277667
0.0300533
0.00636333
0.0326267
0.04917
0.0306067
0
0.0793933
0.0184633
0
0.0140167
0.02411
0.00978
0.000196667
0.0279767
0.00445333
0.0154867
0.00379333
0.0266867
0.0230833
0.00762333
0.01187
0.0381633
0
0
0.01889
0
0
0.00360667
0.0256033
0.0821533
0.000466667
0.000703333
0.00386333
0.02373
0.01711
0.00689
0.00059
0
0.04074
0.0636767
0.00401333
0.09645
0.00686667
0.00286
0.03661
0.05278
0.17249
0
0.000743333
0.0836633
0.00425
0.00515
0.00916333
0.0328267
0
0.000276667
0.0159233
0.0127067
0.000136667
0.000393333
0.0127933
0.0472533
0.00118333
0
0.000543333
0.0351233
0.0156767
0.00466667
0.0701767
0.00671667
0.0194267
0.0200333
0.0344267
0.00498667
0.0523433
0.04228
0.193243
0.00012
0.0240267
0.00366667
0.02371
0.0242767
0.01325
0.00834
0.00852667
0.05923
0.0221733
0.00219333
0
0.0196767
0.0192667
0.0203867
0.0475433
0.0203067
0.0163367
0.01353
0.0267667
0.01141
0.0448467
0
0.000226667
0.0753033
0.00107
0.0255167
0.04806
0.00177333
0
0.0158367
0.04257
0.0160633
0
0.0525833
0.0250367
0.00182333
0.0141167
0.00283667
0.0453367
0.0354433
0.00180667
0.00567333
0.000726667
0.0056
0.00609667
0.00799667
0.00663333
0
0.000496667
0.03061
0.0449767
0.00384
0.00255
0.02701
0.000136667
0.0296633
0.0511133
0.03129
0.0332167
0.0164233
0.0530933
0.0110867
0.00985333
0
0.04273
0.00644667
0.0492
0.000273333
0.02214
0
0.0468433
0.000163333
0.000686667
0.00108333
0
0.0004
0.000486667
0.0206467
0.00191
0.0144533
0
0.0469867
0.01566
0.0346733
0
0
0.02194
0.075
0.00635
0.0302667
0.0111233
0
0.01459
0.120737
0.0639333
0.0402733
0.116313
0.0590033
0.01322
0.0164933
0.0256967
0.0182733
0.00296
0
0.02415
0.00926333
0.0615333
0.00741333
0.00300667
0.00611
0
0.0622833
0.00906
0.0129467
0.00854333
0.03983
0
0.01197
0.0445367
0.04025
0.0336533
0.03068
0.0179567
0.01978
0.000276667
0.0142567
0.0134133
0
0
0.01338
0.01909
0.01822
0.03879
0.148873
0.0554667
0.15894
0.03632
0.0268633
0.000363333
0.0580633
0.00882333
0.04001
0.0671533
0.0109067
0.00877333
0.0611233
0.0350533
0.01376
0.0123333
0.00138
0.02742
0.000246667
0.0728
0
0.0204567
0.0210933
0.00182333
0.00112667
0.0258167
0.00382333
0.0438967
0.00166333
0.0313467
0.00227333
0.000246667
0.00784333
0.0170467
0.0183867
0.00765667
0.101957
0.00721333
0.000366667
0.0158067
0.0268633
0.0213867
0.0168367
0.0375533
0
0.00411667
0.0220833
0.0476033
0.0414067
0.00490667
0.00349
0.01449
0.000143333
0.000753333
0.129013
0.0519767
0.127633
0.01395
0.07735
0
0.000363333
0.000623333
0.00166333
0.00234333
0.00996333
0.00810667
0.0345567
0
0.0320067
0.0178067
0.0399
0.00705
0.0101067
0.00344667
0.00703333
0.0802267
0
0.0411367
0.01123
0
0.0404233
0.00222333
0.00486333
0.0188467
0.00444667
0.00387
0.0127333
0.00639667
0.0226867
0.0617233
0.0317933
0.00150667
0
0.07505
0
0.00646333
0
0.0329133
0.02505
0
0.0312667
0.00119667
0.0119667
0
0.000183333
0
0.0214867
0.04784
0.0123067
0.05076
0.0111433
0
0.0930133
0.00619333
0
0.108767
0.0800067
0.00323
0.0116233
0.03147
0
0.00572667
0.03863
0.0445967
0
0.0122267
0.0130067
0.00716667
0.0212233
0.0432833
0.0128567
0.0824367
0.000183333
0.0336533
0.0107933
0.04335
0.05442
0
0.0560667
0.0853233
0.000623333
0.0311767
0.00739333
0.04942
0.0976933
0
0.07512
0.00846667
0
0.00605667
0.0322667
0.0639367
0
0.000183333
0
0.0483167
0.02466
0.00346333
0
0.00166333
0
0.00374333
0.0568567
0
0.01762
0.0642167
0.0344233
0.0139267
0.00102667
0.0149333
0.000753333
0
0.03745
0.01414
0.00753333
0.0101167
0.113823
0.00964
0.09803
0.00706667
0.01065
0.01381
0.00507
0.0433867
0.0320267
0.03687
0.00149667
0.000456667
0.0601967
0.00025
0.00148333
0.01494
0
0
0
0.00784
0.0143667
0.0235467
0.03126
0.0238067
0.02442
0.0118067
0.0480667
0.0317967
0.0561767
0.0262667
0.0141
0.00717667
0.00465
0.000153333
0
0.04351
0
0.05639
0.0572633
0.0537267
0.03609
0.0142933
0
0.000593333
0.0481933
0.0431233
0.03365
0.0006
0.0610233
0.00605667
0.00273
0
0.0184067
0
0.000756667
0.00985
0.04936
0.0156267
0
0.0176533
0.0206833
0
0.01026
0.0281667
0.00492333
0.00045
0.00024
0.00786667
0.0605467
0.0504467
0.0416967
0.0268633
0.01039
0.00652667
0.03029
0
0.06294
0.00190333
0.0481967
0
0.00212
0.00876
0
0
0.0766967
0.04153
0.0353733
0.03751
0.000153333
0.0137933
0.02221
0.0619267
0.0556
0.0465567
0.0149633
0
0.0166233
0.00246
0.00340667
0.00159
0.00445333
0.00307667
0.000183333
0.0455933
0.0176367
0.04545
0.00126333
0.0499967
0
0.000566667
0.0216233
0.0320567
0.0384567
0.0554067
0.01424
0.01453
0.00360333
0.0067
0.02543
0.01038
0.00076
0.000363333
0.00743
0.0231033
0.04746
0.0247833
0
0.04587
0.00168
0.00179667
0.0452767
0.0586667
0
0.0018
0.0442133
0.0224567
0
0.00678333
0.000223333
0.0449533
0.00163667
0.000146667
0
0.00980667
0.00696333
0.0531133
0.00121667
0.00034
0.0611067
0.0388333
0.05538
0.000176667
0.0308933
0.0043
0.03843
0.0264933
0.01781
0.00049
0.000426667
0
0.00778
0.00110667
0.02656
0.03327
0.05318
0.04834
0.0379367
0.0648467
0
0.00196333
0.000736667
0.00874333
0.06655
0.0309133
0.118037
0.000123333
0.00665333
0
0.00871
0.00418333
0.000336667
0.00594333
0.00422333
0
0
0.02404
0.00154
0.000176667
0.00761333
0
0.00047
0.0168533
0.0122267
0.00511
0
0.0214333
0
0.00581
0.00473667
0.00475333
0.0186767
0.0351633
0.00508667
0.000483333
0
0.0456033
0.00039
0.0305467
0.09394
0.0207433
0
0.000736667
0.00554667
0
0
0.02922
0.000386667
0.04553
0
0
0.06112
0.00078
0.000816667
0.0127433
0.04107
0.0071
0.000613333
0.00142
0.0440167
0.00702667
0
0.00109667
0.03118
0.00470667
0.000993333
0.000316667
0.000576667
0
0.0032
0.0410167
0.00212
0.00110667
0
0.0171967
0.00668333
0.0392833
0.00933667
0.00735333
0.05724
0
0.06753
0
0.000393333
0
0.03071
0.0177933
0.04899
0.00236333
0.000146667
0
0.00149
0.000426667
0.00034
0.01358
0
0.0513433
0.0330933
0.00835667
0
0
0.00179667
0
0
0.01658
0
0.000176667
0.0303533
0.01154
0.02191
0
0
0.0173767
0.000203333
0.02626
0.00177667
0.00225
0.02308
0.000763333
0.00120667
0.00110667
0.0128733
0.0229167
0.01403
0.00830333
0.0909967
0.0510933
0.00506
0.0153333
0.00550333
0.00197
0
0
0
0
0.0364133
0.00382667
0.000123333
0.00738333
0.0210133
0.0167
0.0124567
0.00175667
0.04758
0.0331267
0.00212
0.00261333
0
0.02489
0.00110333
0.0254167
0.03975
0.000756667
0
0.000203333
0.0692233
0
0.0881833
0.0206967
0.0371367
0.00039
0.000233333
0.000176667
0.00128667
0.0422933
0.00955
0.07797
0
0.00175667
0
0.10668
0.09062
0.0330833
0.00497
0.00447333
0.0316433
0.000883333
0.01025
0
0.00182
0.00524
0.02869
0.03445
0.01791
0.00169667
0.00176
0
0.000316667
0.07915
0.00393333
0.0543
0.09662
0
0
0.00786667
0.00378333
0.0342133
0
0
0.07066
0.00201333
0.0108433
0.00401333
0.000433333
0.00039
0.00104333
0
0.000316667
0.0260033
0.09054
0
0.00442333
0.000436667
0.00126333
0
0
0
0.000273333
0.000406667
0.0265467
0.0107
0.03881
0
0.0416533
0.0138167
0
0
0
0.0376467
0
0.000293333
0.00374
0.0408733
0.00972667
0.000173333
0.0914
0
0.01242
0.000403333
0.00109
0
0.00954
0.000273333
0.00861333
0.000273333
0.0421067
0.00610333
0.00457667
0.02442
0.0144667
0.00081
0.0407033
0.00261333
0.0572767
0.0114033
0.0518467
0.03187
0.00916
0.01301
0.0248133
0.02065
0.01679
0
0.00317667
0
0.0475333
0.0325167
0.000953333
0.0327467
0
0.0432767
0.0544933
0.0118833
0.0242567
0.000453333
0.00442667
0.00781333
0.00475
0.00024
0
0.00474
0.02014
0
0
0.00375667
0
0.000683333
0.000806667
0.00822333
0.0123267
0
0.00769
0.0239767
0.0011
0.0250767
0.0077
0
0.0126233
0.000173333
0.0148333
0
0
0.00526667
0.00733667
0.00098
0.00746667
0.00433667
0.0297867
0.00293667
0.07565
0
0
0
0.0338133
0.000763333
0.000273333
0
0.03046
0.00509333
0.0370167
0.000443333
0.03278
0.0277633
0.000476667
0.000813333
0.000286667
0.0338967
0.0528233
0.0282233
0
0.02592
0.05283
0
0.00551333
0.0418367
0.0244067
0
0.0153833
0
0.0157367
0.00582333
0.0267967
0
0.000216667
0.0429867
0
0.000233333
0.01818
0
0.0710067
0.0119533
0.03123
0.0279267
0
0
0.00312
0.0346167
0.0308367
0.0316367
0.0211767
0.0253767
0.00562
0.00028
0
0.0269933
0.0287033
0.0430133
0.0386967
0.00725667
0.00826
0.0190967
0.03588
0.000873333
0.00413
0.0110733
0.00413
0.0172
0.03277
0
0
0.00413
0
0
0.0312133
0.00899667
0.02147
0.01254
0.0479933
0.0132033
0.04011
0.0310767
0.01165
0.0642333
0.0170067
0.02614
0.00262667
0.0309133
0.0220767
0.00447333
0.0213167
0.0286733
0.03092
0.0125733
0.000443333
0
0.0412433
0.0122467
0.0268967
0.0163167
0
0
0.03916
0
0
0.00418667
0.0247033
0.000286667
0.000163333
0.0282733
0.00037
0.00984
0.0323167
0.0179467
0.0760967
0.0116967
0.0191433
0
0.00683333
0
0.0101833
0.000173333
0.0291967
0.00245
0.0202067
0.0236767
0.00464
0.0115167
0.00061
0
0.01656
0.0507133
0
0
0.0280733
0.0277
0.00369667
0.02789
0.00676667
0.00503333
0
0.0445867
0.0621867
0.000946667
0.0310867
0.00258
0.00447333
0.0135233
0.0168467
0.01195
0.0435033
0.0398667
0.00138
0.0316867
0.0363
0
0.0406167
0.0437533
0.00262667
0.0259667
0
0.00817
0.00736333
0.02271
0
0.0246333
0.02927
0
0.00456
0.00596667
0.00836
0.0049
0.0446567
0.00872333
0.0368933
0.00989333
0.000443333
0.0139967
0
0.00676333
0
0.0126067
0.0139867
0.00152667
0.00273333
0.0101433
0.0211467
0.00109333
0.0195367
0
0.05186
0.00062
0.0636967
0.02302
0.0666533
0.0404667
0.00506333
0.0225267
0.0747333
0.00484667
0
0.00742333
0.05098
0.000436667
0.00418667
0.00430333
0.00959667
0.00436
0.04215
0.00190667
0.00238667
0.00290667
0.000443333
0.00838667
0.0140933
0.000443333
0
0.0346467
0.0391333
0.01111
0.00505333
0
0
0
0.0109967
0.0276367
0.0291733
0.00201333
0.00706667
0
0.0549
0.0104033
0.00263333
0
0.0174933
0.01418
0.00096
0.00705667
0.0291367
0.0275267
0.00261667
0
0.00273333
0
0.00507667
0.00523333
0.02913
0.153323
0.00817667
0.0390933
0.00337333
0.02231
0.0323867
0.0319367
0.00168667
0.00910667
0.0284133
0.0324933
0
0.0323933
0.0389533
0.0164667
0.02493
0.00272333
0.0910533
0.00048
0.03184
0.00473
0.0433767
0.00023
0
0.0993833
0.0157767
0.0273633
0
0.0285133
0.00462
0
0.0210533
0.0179567
0.00308
0.0247067
0.0497033
0.06852
0.01441
0.0122133
0.00627667
0.00829
0.0562467
0.0606633
0.00121333
0.00976
0.01318
0.0122067
0.04698
0.0301833
0.0209267
0.0305267
0.00454333
0.0310467
0.0431933
0.03621
0.0262767
0.00708667
0.00902333
0
0.01274
0.02201
0.08257
0.00109
0.09389
0.000966667
0.0700367
0.0356167
0.00836
0.00560667
0.00021
0.00634333
0.0288433
0.0189067
0.0967933
0.00895667
0.0268033
0.00224
0.00106
0.03757
0.00720667
0.10453
0.0204233
0.00842333
0.0286867
0.0477533
0.00922667
0.0305067
0.00595333
0.03578
0.0131
0.00471333
0.119477
0.019
0.0457867
0.0183033
0.00778667
0.00218
0.0349833
0.03388
0.01782
0
0.0489333
0.0618867
0.0203467
0.00331
0.17967
0.00902
0.00528333
0.0744067
0
0.01564
0.01162
0.0434633
0.0386033
0.0121933
0.0353633
0.00401667
0
0.0133633
0.00208
0
0.0168133
0.00646667
0.0467033
0.00796333
0.00888667
0.0114367
0.0691
0.01568
0.0510033
0
0.0168933
0.00513667
0
0.0505267
0.131983
0.218017
0.0158767
0.0195233
0.173333
0.01025
0.00814667
0.00149
0.0003
0.00117667
0.120607
0.0427033
0.01876
0
0.0230267
0.00392
0.0980267
0.0330333
0.02734
0.02642
0.00081
0.0223133
0.0310133
0.02332
0.0868367
0.08544
0.01758
0.05392
0.0335533
0.0992933
0.0886967
0.109203
0.0661233
0.06681
0.0331733
0.00765
0.0392
0.0555467
0.02124
0.06242
0.0226333
0.00015
0
0.0209467
0.00197333
0.00116333
0.00776
0.036
0.00580667
0.0323333
0.0139033
0.0389867
0.04286
0.02017
0.0141967
0.00560667
0.000536667
0.02809
0.0116567
0.00647
0.0163067
0.00254333
0
0.0465767
0.02735
0.0279033
0.0183333
0
0.00733
0.00796333
0.00097
0.01822
0.00818667
0
0.0562033
0.0261433
0.0103333
0.0265367
0.0509867
0.00116
0.00058
0
0.0355733
0.00978333
0.02957
0.08546
0.00107333
0.0715633
0.0638067
0.02148
0.0736467
0.03428
0.000126667
0.02205
0.0125567
0.00824667
0.0799033
0.0467967
0.0695067
0.00628667
0.0768067
0.0512767
0.0295333
0.0378433
0.0359333
0.02976
0.0688933
0.00843667
0.00275333
0.00109
0.0261733
0.00417333
0
0.00498667
0.000706667
0
0.01321
0.000856667
0.035
0.05265
0.00894667
0.00877667
0.00476333
0.01396
0.0358633
0.0197
0.0347967
0.04531
0.00757333
0
0.0695367
0.00274333
0.14011
0.0485467
0.01667
0
0.0231433
0.0485433
0.0113833
0.0386233
0.214903
0.00513
0.00198667
0.0371733
0.00858
0.00461
0.0390667
0.0277567
0
0.00647667
0.0455167
0.0342067
0
0.0391667
0
0.0994967
0.000566667
0.00834667
0.0451367
0.116643
0.01738
0.0402533
0.11677
0.0304233
0.00259333
0.0678833
0.0300633
0.04637
0.0147167
0.0228533
0.00825667
0.0179667
0.0795467
0.08075
0
0.0175533
0.01625
0.0364633
0.00174
0.00910333
0.00786333
0.0102267
0.0252967
0.01728
0.0665933
0.00575
0.00922
0.00498667
0.00641333
0.0193333
0.05986
0.00015
0.0514267
0.0725167
0
0.00301667
0.03093
0.01606
0.00586667
0.0587033
0.0136233
0.00475
0.00292667
0.05179
0.0400567
0.0706
0.0609367
0.0967667
0.02463
0.00162333
0.00228333
0.0772833
0
0.0230933
0.0131133
0
0.00797333
0
0
0.000673333
0.00129333
0.0133933
0.00146
0.0351033
0.000316667
0
0.103537
0.0355
0.03895
0.0479767
0.0113233
0.0236733
0
0.0454833
0.00258667
0.01474
0.0602367
0.0535867
0.0126633
0.0202967
0
0.0506233
0.000483333
0.0242033
0
0.0197267
0
0.0003
0.00198
0.0271733
0.0759867
0.000356667
0.00599
0.00518
0.03528
0
0.00685333
0.0356333
0
0
0.00145667
0.000673333
0.1152
0
0.00129333
0
0.00628333
0.00738667
0.0155633
0.0595933
0.01153
0
0.0206367
0.00091
0.0211367
0.0593433
0.0223
0.164213
0.0339733
0.101993
0.0314967
0.0255967
0.01632
0.000926667
0.0211067
0.00645667
0.00126
0.03636
0.00884667
0.00739
0.0327767
0
0.0932033
0.02165
0.0674267
0.0394067
0.00280333
0.00017
0.0138467
0.00573333
0.00292333
0.01145
0
0.0332333
0.0324267
0.0374
0.0290233
0.0369533
0.0228867
0
0.00162667
0.00629333
0.14242
0.0149967
0.02807
0.00162667
0.07527
0.0707167
0.114223
0.00784333
0.00506667
0.00410667
0.00058
0.04875
0.0354533
0.03468
0.000356667
0.00143667
0.000356667
0.00368
0.00537333
0.0022
0.01476
0.00377333
0.04563
0.0270333
0.0709067
0.06731
0
0.00227667
0.03408
0.0603433
0.000316667
0
0
0
0
0.000713333
0.00394667
0
0
0.0111133
0.0191433
0.0187967
0.0295233
0.04924
0.0101367
0.01349
0.0205867
0.000316667
0.00954
0.0225233
0.000356667
0.0336267
0.01793
0.0258833
0.000813333
0
0.0257733
0
0.000173333
0.0181533
0.000836667
0.000173333
0.0146767
0
0.04346
0.102357
0.00272333
0.01683
0.00776
0
0.00798333
0.04534
0.05862
0.0529767
0
0
0
0.01691
0.00091
0.0227567
0
0
0
0.09873
0
0.000673333
0.0252333
0
0
0.000226667
0.0417633
0.01841
0
0.00817333
0.00717333
0.000136667
0
0.00256667
0.0274733
0.0411667
0.0887167
0.00704
0.00089
0
0.00912333
0.03163
0.0429267
0.0422133
0.00237
0.0559433
0.00298333
0.06507
0
0.06012
0.00906333
0.0513633
0.03613
0.00354
0.01166
0.01435
0.0105567
0.0658467
0
0.03641
0.0362533
0.0209633
0.02897
0.00129333
0.000203333
0.0169467
0.0406
0.0372333
0.02454
0.0549833
0
0.0443533
0.0216267
0
0.06908
0.00767
0.0688167
0.01624
0.02264
0.0298967
0.0434033
0.07829
0.0345033
0.0814033
0.000526667
0
0
0.00185333
0
0.06
0.00448
0.01893
0.00470667
0
0.0279567
0.0468333
0.0194433
0.0294
0.00535667
0.00330667
0.00548667
0
0.0233633
0.0266233
0.0189767
0.0237
0.0699767
0.06077
0
0
0
0.00068
0.00621333
0.0309467
0
0.0116533
0.0101167
0.000496667
0.0779867
0.00194333
0.01742
0.05517
0
0.01085
0.0321667
0.01181
0.04998
0.00425333
0
0.00776667
0.07069
0.02843
0.00388
0.00417333
0.0295533
0.01022
0.0481567
0.0395133
0.00258333
0
0.00717333
0.0506067
0.03075
0
0
0.02833
0.0200633
0.102983
0.02846
0.0321567
0
0.000966667
0.0408167
0.0251567
0.0302367
0.00535333
0.0406867
0.00520333
0
0.00637667
0.0136667
0.0413033
0.06253
0
0.0144267
0.0434267
0.0159867
0.0141167
0.0579133
0.01941
0.0515433
0.0359467
0.0214733
0.0238967
0
0.00822667
0.0330833
0.0280833
0.00942
0.01756
0.0106367
0.00682
0
0.000146667
0
0.00432333
0.03014
0.00101
0.04717
0.0183467
0.000576667
0.0113867
0.00606667
0.0499633
0.00851667
0.04583
0.0587533
0.0132067
0.00707667
0
0.00549333
0.0464067
0.000136667
0.000546667
0
0.00706
0.03539
0.00122667
0.0941833
0.07419
0.000813333
0.0135067
0.0315633
0.00918667
0.00663667
0.04472
0
0.000203333
0.00581
0.0385633
0.0370667
0.00922333
0.000406667
0.0151433
0.00054
0.0163267
0.00256333
0.02039
0.00872333
0.0342233
0.00185333
0.0834267
0.0343567
0.0380167
0.00231333
0.0356667
0.0426733
0
0.00432333
0
0
0.04045
0.000346667
0.0129833
0.00111
0.0261233
0.00785
0.0122433
0.03368
0.0278767
0
0.05096
0
0.00785333
0.00644333
0
0.04389
0.000406667
0.0341333
0
0.02376
0.000533333
0.000406667
0
0.00524333
0.0428767
0.00335667
0
0.00624333
0.01489
0.0385467
0.00689667
0.0462867
0.03509
0.0140767
0.00335333
0.01604
0.0691533
0.0317033
0.0411567
0.0224933
0
0.00321333
0.01498
0.00135667
0.0399433
0.0389333
0.00585667
0.0538633
0.0479067
0.0654467
0.000596667
0.0121333
0.06067
0.06286
0.0360933
0.000183333
0.0321433
0.0323833
0.00696667
0.00122
0.03048
0
0.01299
0.01067
0.00048
0.000146667
0.0147233
0.0209233
0.0388333
0.02038
0.00035
0.000433333
0.00138333
0.03661
0.0118833
0.04807
0.08536
0.0611167
0.07273
0.00169
0.000826667
0.0239033
0.00669
0.00756
0
0.0178267
0.0149467
0.0155167
0.0312233
0.000406667
0.000356667
0.0458233
0.0246867
0.0473067
0.04976
0
0.0765967
0.0159133
0.00502333
0.00362
0.04155
0.0623533
0.00038
0.0388967
0.00578333
0
0.0116167
0.00945
0.0419267
0.000893333
0.0289133
0.0548733
0.0023
0.00811333
0.0175833
0.00932667
0.035
0.00492
0.0612567
0.0511
0
0.05958
0.0758667
0.0581733
0.0626967
0.03508
0.05215
0.0442567
0.0163833
0.01553
0
0
0.000216667
0.00104667
0.0304433
0.00192
0.01799
0
0.0519333
0.0202433
0.0507833
0.0208133
0.0251567
0.0107667
0.000133333
0.00465333
0.0592467
0.0120333
0.08518
0.00074
0.000203333
0.0300267
0.0272367
0.000616667
0.07059
0.01701
0.0230533
0.00899333
0.0494867
0.0466833
0.05419
0.00356333
0.03765
0.0396333
0.000403333
0.0496267
0.02064
0.0507133
0.0531767
0.0320667
0.02309
0.0183067
0.00012
0.000496667
0.07928
0.04609
0
0
0.0905767
0.00038
0.00115
0.00216
0.0365633
0.0199733
0.0283867
0.00447667
0.0105567
0.0105167
0
0.00038
0.0491733
0.00029
0.0124033
0.00100333
0.0232867
0.02908
0.00621333
0.00741667
0.0140433
0.10758
0.00988333
0.0117767
0.00101
0.0510833
0.00257667
0.00563333
0.00717333
0.0100867
0.0130167
0.0107633
0.00553667
0.00153667
0.0047
0.0289567
0.01077
0.0529067
0.00307667
0.00593667
0.0198433
0.0298867
0.0177233
0.00420667
0.000313333
0.00140333
0.000233333
0.0438267
0.00331
0.07777
0.0289833
0.0173033
0.0260167
0.03347
0.00642333
0.000326667
0.0554833
0.0126
0.0228533
0
0.00747667
0.0316567
0.0231933
0.0453567
0.0580033
0.0676967
0.0465833
0.00747667
0.00924333
0.000396667
0.04161
0.00621667
0
0.00816
0.00635667
0.0142267
0.00810667
0.00076
0.0156633
0.00613333
0
0.00372667
0.0285633
0.000216667
0.00564667
0
0.01203
0.03557
0.00973333
0.05735
0.01271
0.00859667
0.02946
0.0420833
0.0233
0.00838
0.000303333
0.0133067
0
0.0165567
0
0.000823333
0.07995
0.06477
0.02805
0.02675
0.00115
0.0457567
0.000183333
0.01711
0
0.0125
0
0.00470333
0.0180133
0.000433333
0.00381333
0.0296933
0.0116167
0.00028
0.0585367
0.06883
0.0338067
0.06614
0.000183333
0
0.0299867
0
0.03136
0.00593667
0.00199667
0.000156667
0
0
0
0
0.00852
0.0574067
0.0490967
0.01371
0.04143
0.00794667
0.00676667
0.0462567
0.0220767
0.0406467
0.00115
0
0.000543333
0.00274
0
0.000303333
0
0.0446333
0.08767
0
0.0279633
0.0357767
0.00769
0.00876
0.00918
0.0421333
0.01953
0.0316333
0.00512333
0.00463667
0.00204
0.00859333
0.0124033
0.0440467
0.04714
0.00599667
0.0306767
0.0282833
0
0.02198
0.000233333
0
0
0
0.0596733
0.0222933
0.00692333
0.0292667
0.0129
0.0138833
0.0450267
0.0226
0.0158933
0.0481133
0.0492033
0.00353667
0.02308
0.0335
0.0335167
0.0434067
0.0120033
0.0216567
0.00422333
0.0913733
0.0128633
0.00609
0.0639033
0.0572067
0.0310433
0.00613667
0.02307
0.0468367
0.0334867
0.00644333
0.0233
0.01916
0.00271667
0
0.02876
0.0333567
0.01259
0.0365067
0.06245
0.00098
0.03532
0.048
0.05557
0.01239
0
0.00044
0.00062
0.0725667
0.00027
0.0431167
0.0618
0.000233333
0.01276
0.00203667
0.00914333
0
0
0.0229167
0.00413333
0.00278
0.02809
0.0386767
0.00512333
0
0.04019
0.03175
0.00562
0.0654833
0.0190833
0.0135933
0.0354667
0.0285333
0
0.03583
0.0290933
0.03657
0.06382
0
0
0.000796667
0.0456767
0.00754667
0.02952
0.0147833
0.0420467
0
0.0456
0.0416567
0.05368
0
0.02118
0.00373667
0.03962
0
0.0551367
0.0680267
0.0117967
0.0360833
0.0614333
0.0182667
0.00282333
0.000123333
0.00657
0.0544433
0
0.00256
0.01141
0.0110433
0.00041
0.00941
0.0350633
0.0213833
0.0389067
0.00928
0.04564
0.00354667
0.0336
0.0160967
0.00546333
0.0111033
0.00497
0.000193333
0
0.00414667
0.0241833
0
0.01857
0
0
0.0140833
0.0407433
0.0219267
0.0426967
0.0717767
0.0475433
0.0698533
0.0239833
0.0254967
0.0544933
0.0405933
0.0505367
0.0258567
0
0.00138667
0.0275367
0
0.0341667
0.00692333
0.00669667
0.0278667
0.000193333
0.03238
0.0125567
0.0119767
0.00996667
0.000403333
0.00627333
0.0565333
0.0326267
0
0.0608
0.0697867
0.0671933
0
0.00226667
0.01815
0.00984333
0.0105267
0.000646667
0.00449333
0.06725
0.0503333
0.00397
0.03343
0.01713
0.00183
0.00378333
0.0583933
0.00631
0.0257133
0.0707867
0.00846
0.00453333
0.06393
0.0519433
0.0317333
0.0191233
0.0869567
0.0545567
0.0654467
0.0536167
0.05615
0.02349
0.0316833
0.00791667
0.0377867
0.0383333
0.0150467
0.0205167
0.05828
0
0.0249533
0.0382767
0.003
0.00522667
0.0211067
0.0157167
0.0262433
0.0517033
0
0.00058
0.0487267
0.00528333
0.0294967
0.02537
0.0579967
0
0.0367967
0.0459267
0.0540633
0.01176
0.00138667
0.0290767
0.01137
0.0237967
0.0570267
0.0189867
0.486973
0.000123333
0.00031
0.13206
0.04077
0.00383
0.00971
0.00131333
0
0.0216133
0.01712
0.0602467
0.10386
0.02755
0.294117
0.02656
0.0239033
0.10801
0.0450167
0.0267733
0.0085
0.0427567
0.0195267
0.0240533
0.0290733
0.10705
0.132577
0.0235633
0.000726667
0.0450833
0.00937333
0.00158333
0.01946
0.02599
0.0262633
0.0345967
0.387963
0
0.17203
0.0648633
0.332337
0.00023
0.000403333
0.05124
0.00416
0
0.00409
0.00661667
0.0443733
0
0.0350733
0.0541333
0.0327233
0.03102
0.0387133
0.40412
0.02768
0.0713367
0.0465467
0.00770333
0.01136
0.0535467
0.00304333
0.0093
0.000193333
0.0673533
0
0.02905
0.0554633
0
0.160323
0.00744333
0.118783
0.30191
0.01772
0.000386667
0.20928
0.0103033
0.01822
0.00134
0.00191333
0.00541333
0.000403333
0.0349133
0
0.0597733
0.00467
0.000403333
0.00274667
0.01894
0
0.00665667
0.00135333
0.05149
0.0061
0.0241167
0.125843
0.0241967
0
0.13376
0.0290633
0.12701
0.0256167
0.0296667
0.0626267
0.183523
0.00191667
0.00058
0.06522
0.0294033
0.0414967
0
0.42264
0.12207
0.0528267
0.02937
0.0617167
0.00600333
0.01585
0.000806667
0.01076
0.0127833
0.04631
0.000193333
0.0404467
0.02229
0.0268833
0.02635
0.0269
0.0418067
0.00273333
0.00198
0.02724
0.107293
0.0193267
0.345413
0.02629
0.0403567
0.05286
0.12238
0.03823
0.137227
0.000176667
0.217283
0.165033
0.02648
0.311743
0.0460267
0.223733
0.00423333
0.23791
0.0251167
0.0160267
0
0
0.00047
0.43622
0.0487333
0.254837
0.0282833
0.560803
0.716863
0.671137
0.37068
0.56721
0.22666
0.335173
0.112277
0.0562233
0.513593
0.10331
0.394103
0.77301
0.623823
0.440237
0.556703
0.635173
0.492407
0.0927367
0.0343767
0.0483367
0.00512
0.000376667
0.840303
0.329617
0.0775
0.04709
0.73091
0.00592333
0.659103
0.0151033
0.0494533
0.435783
0
0.680867
0
0.65467
0.84804
0.364313
0.49824
0.412387
0.51683
0.49824
0.384
0.441407
0.748377
0.749063
0.0274867
0.0405133
0.56213
0.398137
0.07626
0.0255133
0.0214733
0.108927
0.0306067
0.0543367
0.35386
0.0116233
0.104787
0.00019
0.03214
0.0694133
0.00485667
0.03251
0.0102733
0.124207
0.118687
0.169107
0
0.0671633
0.146747
0.0343533
0.20514
0.00192333
0.4639
0.00013
0.0104033
0.00388
0.20456
0.0282333
0.03968
0.000803333
0.00288
0.00306667
0.00755667
0.000136667
0.00486333
0
0.00130667
0.05097
0.00383667
0.000746667
0.0171167
0.0141533
0.00893333
0.00661667
0.0396633
0.0201233
0
0.00448333
0
0.03411
0
0.0465433
0.00751333
0.0535333
0.0101333
0
0.0281267
0.123587
0
0.000186667
0.03316
0.0309233
0.00383667
0.000783333
0.0502133
0
0.0800567
0.01235
0.000233333
0.02513
0.0769667
0.03313
0
0
0.0393367
0.04884
0.01676
0.00111667
0.0109633
0.02198
0.0828533
0.00884667
0.0609267
0.00306667
0.01403
0.0636
0.00451667
0.0280333
0.05253
0.0007
0.01239
0.0404967
0.000153333
0.00156667
0.00992333
0.00937333
0.0288767
0.0102467
0.000233333
0.04662
0.0458267
0.00759667
0.00465
0.0492267
0.0042
0.0555233
0.01207
0.0632
0.000843333
0.00296
0.0617067
0.0513033
0.0451433
0.0271667
0.00506
0.04031
0.00447
0.06764
0.03543
0
0.0446667
0.0456333
0.00587667
0.00874333
0.05854
0.05431
0.0500467
0.01941
0.00403667
0.0309967
0.0223933
0.03281
0.00164333
0.00826333
0.00529333
0.0417133
0.00179667
0.0316767
0.00112667
0.02964
0.0651567
0.0036
0.00464333
0.0172
0.00141
0.0507167
0.03799
0.04298
0.01481
0
0.0749
0.01515
0.0536567
0.04116
0.0566933
0.02531
0.00736333
0.04897
0.0518767
0.0309133
0.0398867
0.0347867
0
0
0.0375667
0.00979333
0.02744
0
0.0117333
0.0418267
0.032
0.00506
0.00458
0.0800667
0.0584267
0.0982067
0.0236667
0.0305933
0.00621333
0.00342667
0.09221
0.00795333
0.09435
0.0364167
0.07132
0.10461
0.000313333
0
0
0.0349867
0
0.00477667
0.071
0.0823233
0.0443533
0.000263333
0.00160667
0.00414
0.00655
0.0496967
0.0201467
0.0263733
0.000293333
0.02925
0.0986333
0.02206
0.0574867
0.03403
0.00977667
0.03371
0.04533
0.000313333
0
0.00467667
0.0857333
0
0.0606733
0.0328567
0.04589
0.00729333
0.06786
0.0208
0.0280133
0.0800567
0.0165033
0.00136333
0.02744
0.0114367
0
0.00691333
0.05833
0.0337733
0.00688667
0.0364933
0.0166967
0.0279133
0.0691833
0
0.01953
0
0.00853
0.0136233
0.0676867
0.0307567
0.0349033
0.00933333
0
0.109973
0
0.02369
0.0482767
0.0979167
0.00543333
0
0.00606333
0.0475533
0.05735
0.0833733
0.0605867
0.05002
0.00734
0.0632633
0.00293667
0
0.06766
0
0.0361767
0.00196333
0.0147533
0.0170167
0.000886667
0.0667167
0.03951
0.00543
0.0170667
0.0043
0.0275733
0
0.057
0.04082
0.0342833
0.00205
0
0.0450467
0.0763467
0
0.0334233
0.00564667
0
0.02302
0.00371667
0
0.000126667
0.0136533
0
0.0345133
0.00293667
0.0381333
0
0.000653333
0.05008
0.00058
0.0287467
0.00077
0.0301433
0.01674
0.000183333
0.0267367
0.0164933
0.000663333
0.00299667
0.01241
0.0348733
0.000733333
0.0199767
0.00368333
0.00241333
0.009
0.0369567
0
0.09361
0.0179833
0.0268267
0.0835167
0.05619
0.00896333
0.00104667
0.0420133
0.0446867
0.0271533
0.04454
0.00029
0.00664667
0.000343333
0.0185633
0.00950333
0.0369833
0
0.00806333
0.00837333
0.0186567
0.00241
0.0394533
0.000853333
0.0419533
0.000546667
0
0.02323
0.02732
0.0719133
0.0347933
0.0720567
0.0232
0
0
0
0.0574133
0.06685
0.00599667
0.0542733
0.0536267
0.0540767
0.0169267
0.00826333
0.00793333
0.01766
0.00129333
0.0538033
0.0468467
0
0.03298
0.0187133
0.00205667
0.102933
0.00093
0.01294
0.0403967
0.0461633
0.000586667
0.04597
0.00594667
0.0591
0.00870667
0.01215
0.05844
0.00409667
0.00996
0.00500333
0.0728633
0.00317667
0.00721667
0.07705
0.0270767
0.000526667
0.00492
0.00071
0.00966
0.000393333
0.000496667
0.000686667
0.0328467
0.01497
0.05144
0.0536267
0.00977667
0.0749533
0.02046
0.06677
0.00893667
0.000683333
0.00089
0.03478
0.0126667
0.00268
0.100827
0.0304933
0.03007
0.0264767
0.000523333
0
0.0326933
0.00132333
0.00573667
0.000346667
0.00504
0.0403067
0.0885633
0.00513
0.00192667
0.0845267
0.0677
0.00175
0.06312
0.0132667
0.00186667
0.07776
0.0567867
0.12023
0.01303
0.00976333
0.0218567
0.0388867
0.00873333
0.0118167
0.0400033
0
0.000183333
0.0233267
0.04396
0.01711
0.0415033
0.0223333
0.00624667
0.04899
0.00194
0.01368
0.01281
0.00847
0.000976667
0.0549667
0.0114067
0.02559
0.000353333
0.0102567
0.02001
0.0386567
0.00302
0.00484667
0.0249933
0.00204333
0.0461233
0.00883333
0.00019
0.000133333
0.00263667
0.00174333
0.0521
0.01803
0.00872333
0.0152333
0.0427467
0.0249033
0.0451767
0.0298
0.00665333
0.00262667
0.04201
0.01138
0
0
0.01166
0.0333867
0.0129367
0.12475
0
0.0733533
0.000466667
0
0.0182633
0.0650467
0.00206667
0
0.0850467
0.0135367
0.00161667
0.0261933
0.00638
0.00663667
0.00130667
0
0.0585867
0.0930367
0.00481333
0.0468767
0.0808833
0.03319
0.0996033
0.0383833
0.0533867
0
0.0124567
0.0110467
0.0268167
0.0123667
0.0143233
0.0643
0.01259
0
0.00322333
0
0.00121333
0.00175
0.00394333
0
0.0188267
0
0.0376333
0.07405
0.0745967
0.06533
0.02436
0.0429
0.00051
0.0230333
0.0672767
0.000246667
0.0583367
0.00107667
0.01006
0.00801
0
0.0343867
0.03949
0.00873
0.00426333
0.00615667
0.000393333
0.0516033
0.000393333
0.03139
0.000283333
0.000846667
0
0.00482667
0.0574033
0.00738333
0.11453
0.0336867
0.02145
0.0279933
0.000486667
0.01598
0.00725
0.00112
0.00262667
0.000393333
0.00508667
0.0415167
0.00722333
0.000193333
0.000313333
0
0.000626667
0.000436667
0.00022
0.00721333
0
0.00768333
0.000283333
0.07995
0.03093
0.0985533
0.04958
0.00466333
0.00206667
0.0408233
0.0125567
0.0146567
0.00114667
0.02449
0
0.01812
0.01024
0.00839333
0
0.00433333
0.00037
0.0336233
0.0110067
0.00225667
0.04983
0.00646667
0.00163333
0.00174667
0.0116433
0.0356667
0.0484867
0.0592833
0.00096
0.00302667
0.0343767
0.000803333
0.0106267
0.00258
0
0.0143667
0.00662
0.0086
0.00277667
0.00779333
0.03979
0.000846667
0.02992
0.00459667
0
0.0199567
0.00151333
0.00373
0.00312667
0.0564
0.00249
0.02492
0
0.0305867
0.0481167
0.0560967
0.00234
0.00778333
0.00426
0.0245033
0.0317233
0.01292
0.00385333
0.00026
0.02288
0.0031
0.00625
0.03382
0.0621333
0.0146567
0.00826667
0.000643333
0.0677633
0.00684667
0.0374367
0.00411667
0.00091
0.04141
0.0256633
0.0111733
0.00074
0.0537667
0.01598
0.0187667
0.00078
0
0.0938667
0.0309433
0.0221033
0.07838
0.0565433
0.0461167
0
0.0203133
0.00159
0.0464767
0.04587
0.00365
0.0408733
0.0204633
0.0380633
0.0289767
0.02887
0.0229067
0.0568333
0.00213333
0.04467
0
0.00217
0.01716
0.0425467
0.04749
0.0125
0.0460633
0
0.00072
0.0194667
0.05449
0.0444833
0.000546667
0.0552
0
0.02887
0.105483
0
0.03064
0.00124
0.00710667
0.0366867
0.00101
0.0372667
0
0
0.0251567
0.00104333
0
0.0486433
0.04627
0.0194867
0.0245067
0.0797767
0.000666667
0.03557
0
0.00528333
0.00517667
0.00204333
0.00388667
0.00254
0.00585333
0.0320867
0.01698
0.00809
0.00278
0.0407167
0.105483
0.00119
0
0.07973
0.00340667
0.03401
0.00492
0.100983
0.121613
0
0.07906
0.0137933
0.0886167
0.04025
0.000133333
0.00647
0.0170633
0.08085
0.10196
0.000223333
0
0.0173333
0.00140667
0.0145067
0
0.000943333
0.0585333
0
0.00746667
0
0
0.0193067
0
0.05762
0.01368
0
0.000586667
0.0665467
0.00161667
0
0
0.0362067
0.01539
0.0360433
0.01776
0
0.000276667
0.0508033
0.0195533
0.00783667
0.0432367
0.00594
0
0.00687667
0
0.00273333
0.00022
0
0.00308
0.00353333
0.0149133
0.00691
0.000163333
0
0.0215467
0.0318767
0.07515
0.00396
0.00761333
0.0461267
0.00310333
0.00117333
0
0
0.00205333
0
0.00012
0.00612333
0
0.05915
0.02289
0
0.0579533
0.00213
0
0.000586667
0.0192567
0.00291333
0
0
0.000526667
0
0.00055
0
0.000263333
0.0286033
0.0123167
0.0359333
0
0.000593333
0
0.00931333
0.000463333
0.00055
0
0.0341033
0.0308267
0.01958
0.0101367
0
0.00828333
0
0.0611933
0
0.0825233
0.00076
0.00788667
0.00023
0.01024
0.00651333
0.00881333
0.118667
0.01804
0.0221633
0.01848
0
0.0127833
0.0414133
0.00504333
0
0
0.00504667
0.0664833
0
0.00651667
0.00686667
0.00129
0
0.000413333
0.00043
0.10939
0.04053
0
0
0.02127
0.03364
0.0112967
0.04199
0.05924
0
0.000666667
0.0311633
0.0552033
0.00490667
0.0113333
0
0
0.00023
0.00958333
0.0615367
0
0.0383833
0.0235533
0.05935
0.00108
0.00310333
0
0.0265833
0.0306767
0.0690033
0.0455067
0.04346
0.00623
0.00651667
0.0897433
0.0175967
0.0375367
0.0358333
0.000836667
0.0475167
0.0241167
0.0179767
0.0143433
0.0473833
0.0166567
0.0348733
0.10432
0.00683
0.00023
0.00065
0.03559
0.00718333
0.00337333
0.00818
0.147987
0
0.0403267
0.01552
0.00864667
0.00497667
0.0259133
0.00849333
0.0239633
0.0171467
0.04935
0.05778
0.0395367
0.0897533
0.167563
0.0581533
0.0287067
0.0150733
0.0114133
0.00354
0.09084
0.159417
0.000453333
0.03192
0.00203667
0.0372033
0.00269
0.0341467
0.0129267
0.00102
0.00674667
0.01736
0.000213333
0.000166667
0.00742333
0
0.0140033
0.0320733
0.0246467
0.0285533
0.00269667
0.0271033
0
0.000196667
0.02696
0.0582367
0.00963
0.01358
0.0394867
0.0810433
0.00569
0.0252167
0
0.179793
0.0264067
0.00695333
0.00200333
0.0157667
0.0211067
0.0215567
0.00657333
0.00960667
0.00542667
0.000196667
0
0.000326667
0.00484
0.00283667
0.00428333
0
0.04624
0.09796
0.00111333
0.07399
0.01525
0.000213333
0.000163333
0.101437
0.02255
0.00300667
0.0217033
0
0.01469
0.101053
0
0
0.00038
0.0201867
0.00761333
0
0
0.0222567
0.00227333
0.0545633
0.0155167
0
0.0167233
0.00895
0.0725233
0.03612
0.00599333
0.0517133
0.000363333
0.110927
0.02158
0.00196333
0.0658833
0.0333133
0.0611467
0
0.0146633
0.0318267
0.0397167
0
0.0323167
0.0004
0
0.0209033
0.00729333
0
0.0183033
0
0.0402533
0.00479667
0.0100167
0.0792367
0.0180533
0.0137067
0.01551
0.06746
0.00894
0.03865
0.0381667
0.01119
0
0
0.000753333
0.000623333
0.0170767
0.01973
0.01677
0.00755667
0.0296733
0.0578533
0.0211133
0.00433333
0.0416967
0.00242333
0.0918033
0.00071
0.0164
0.06344
0.0824567
0.00355667
0
0.00905667
0.000543333
0.000183333
0.00477333
0
0
0.0117667
0.00648
0
0.0446267
0
0.00167
0.01387
0.00639333
0.00204
0.00823
0.00483333
0.03157
0
0.0110733
0
0.0111967
0
0.0324733
0.13418
0
0.00835333
0.01095
0.06385
0.0618267
0.0595867
0
0
0.0591733
0.05554
0.00539
0.000913333
0.0395567
0.00061
0.00432333
0.0329933
0
0.02279
0.0353533
0.000153333
0.0618333
0.00105333
0.00323
0.01915
0.03151
0
0.000153333
0
0.0262233
0
0.00956333
0
0.00746667
0.0170333
0.000893333
0.00594667
0.00735667
0.00291
0.00620667
0.00628333
0.0330367
0.01851
0.03075
0.0502067
0.0125767
0
0
0
0.0513667
0.00151
0.00700667
0.00943
0.0149233
0
0
0.0421333
0.100463
0.00251
0.000363333
0.0622333
0.0120067
0.0144933
0.0221633
0.0485
0.00770667
0.000456667
0.00012
0.00352
0.01769
0.0566
0.0457467
0
0.000453333
0
0.00946333
0.0587267
0.00907667
0.02898
0.07159
0.0323267
0.00653
0.0561767
0.00674
0.00904667
0.0003
0.00017
0.0459467
0.04529
0.000353333
0.0162333
0.000453333
0.0318367
0.00906
0
0.00751333
0.0135367
0.000146667
0.04366
0.04376
0.02944
0.02924
0.000176667
0.0962267
0.00966333
0.0277333
0.0308133
0.00086
0.02271
0
0.01766
0
0.0439433
0.0303733
0.00333
0.000193333
0.0165033
0.000146667
0.00673
0
0.0210833
0.0469033
0.02487
0.00039
0.00034
0.0203033
0.01382
0
0
0.0680067
0.00039
0.01525
0.000406667
0.00595333
0.000233333
0.00024
0.00826333
0.02791
0.00567667
0.00373
0
0.00039
0.00393333
0.0251833
0.00187333
0.0106033
0.0391133
0.00956
0.00813
0.00406333
0.0375533
0.04444
0
0.00081
0
0.00739333
0
0.06458
0.0982033
0.000923333
0.03129
0.00618333
0.000923333
0
0
0
0.00541333
0.00272667
0.0147267
0.00727333
0.0131
0.0484433
0.00993
0.00691
0.000166667
0.000693333
0
0.0121467
0
0.00802
0.00098
0.00935
0.00402667
0.00024
0.00039
0.000333333
0.00556667
0.00278667
0
0.00777667
0.0385867
0.00188333
0.01878
0.00423333
0.0280633
0.000693333
0.0063
0
0
0.0138
0.00168667
0.0139333
0.0467567
0.00265667
0.00262667
0
0.00635
0.00344
0
0
0.0448133
0.00447333
0.0225233
0.00986
0.0194133
0
0.03567
0.0357033
0
0
0
0.00898
0.00443333
0
0.0328267
0
0.000173333
0
0.000376667
0.00109
0.0242667
0.000603333
0.0412267
0
0.0370033
0
0
0.07145
0.0257467
0.0112167
0.04281
0
0.02403
0.0135833
0.0556333
0.0657333
0.05082
0
0
0.0284467
0.0583533
0
0.129583
0.0369267
0.000713333
0.00484667
0.0179267
0.01977
0.000376667
0.00581333
0.00879
0
0.00967
0.00266
0.01254
0.00168333
0.0116167
0.00401333
0.0906733
0.01371
0.109923
0.0586667
0.02204
0.00337333
0.0217033
0.0783367
0.0166
0.00576667
0.00977667
0.00493333
0.0747833
0
0.00231667
0.0403233
0.142723
0.135977
0.14054
0.08931
0.11289
0.00613667
0.00897
0
0
0.00058
0.00502
0.000126667
0.02431
0.00239333
0.02666
0.0417367
0.00318
0.0168133
0.0207967
0.0234733
0.00634667
0.0121233
0.00651333
0.0154733
0.0342067
0.03819
0.0444933
0.04346
0.105783
0.0441333
0.01594
0.00228
0.0370067
0
0.02081
0.00226
0.00457
0.0389633
0.000553333
0
0.000883333
0.0317367
0.0344533
0
0.03259
0.0386033
0.00966667
0.0273833
0.0420767
0.00254333
0.01383
0.0630567
0.03622
0.0176933
0.0450667
0.0113867
0.0560567
0.0116933
0.0231967
0.00634
0.0548933
0
0.00124333
0.00077
0.140767
0.0452467
0.0387933
0.0186033
0.0939833
0.02004
0.00279333
0.0273067
0.00663333
0.04688
0.04659
0.0570367
0.00036
0.0252833
0.00479667
0.00521667
0.0110833
0.02855
0.00391
0.0401267
0.0320467
0.000126667
0.0523033
0.04974
0.00135667
0.0364533
0.0268733
0
0.00307667
0.0287033
0.00633667
0.04247
0.08962
0.00313667
0.0833367
0.00881
0.01824
0.0191833
0.000203333
0.00355
0.131263
0.0292267
0
0.0075
0.00904
0.0254533
0
0.0362767
0.05894
0.120967
0.000446667
0.08994
0.00072
0.0755367
0.0481733
0.05907
0.00987667
0.00845
0.00718667
0.09668
0.0343167
0.000926667
0
0
0.0261867
0
0.0657533
0.0593367
0.00147667
0.00659333
0
0
0.00305333
0.00942667
0.0428667
0.0136967
0.01207
0
0.0122733
0
0
0.00272
0.00132
0.0608933
0
0.03593
0.00854667
0.0249833
0.0302133
0.00344667
0.0321733
0.00441
0.0146333
0.0100933
0.00162667
0.00499333
0.000913333
0.0560867
0.0544467
0.00441
0.0138167
0
0
0
0.00887667
0.117303
0.0112633
0.0130167
0.00182
0.00646667
0.0171433
0.0254967
0.0264867
0
0.00393333
0.0102467
0
0.0353733
0.0245233
0.00766
0.00763333
0.000453333
0.0525567
0.00045
0.0666167
0.0164833
0
0.0154433
0.0304633
0.00961667
0
0.0152667
0.00227667
0
0.0663267
0
0
0.00844333
0
0
0.00447667
0
0.0600867
0.0707567
0.00791333
0.0388667
0.0138233
0.00645
0.00052
0.0555367
0
0
0
0
0.0519933
0
0.0500233
0.000953333
0.00199
0
0
0.0151667
0.00619667
0.00602667
0
0.00708333
0.01094
0.0637033
0.000526667
0.04718
0.00752667
0
0
0.0324733
0.0166633
0.0391967
0.0244967
0.00173
0.0326067
0.0252933
0.00816667
0.0159167
0.00797333
0.00045
0.0311467
0.0261267
0.00482
0.0417667
0.000583333
0.0584767
0.0293
0.00014
0.0832367
0
0
0.00594667
0.00548667
0.0330967
0.00335667
0.000293333
0.00629
0.000343333
0.000693333
0.00140667
0.0515033
0.00475
0.04968
0.0175167
0.0246067
0
0.06478
0.0120167
0.0699867
0.00532667
0.0195733
0.00014
0.0131
0.000266667
0.0123567
0.0103133
0.0257633
0.0392467
0.000813333
0.07561
0.0442767
0.00038
0.01402
0.0129167
0.0474567
0.04209
0
0.0512833
0.00544
0.00564333
0.0312033
0.0576333
0.0169433
0.0700167
0.00497667
0.00793
0.0105733
0.0145133
0.0583
0.00797333
0.04389
0.00129667
0
0.0196067
0.02753
0.03598
0.07174
0.0419633
0
0.01795
0.0537167
0.0343333
0.0389067
0
0.0424133
0.00071
0.0149233
0.000896667
0.00289333
0.0118867
0.07284
0.00648667
0.0358067
0.00265667
0
0.0525267
0.0263167
0.03801
0.00048
0.01024
0.0284833
0.0177533
0.00946
0.000446667
0.00109
0.0808433
0
0.0297067
0.00466667
0.0361233
0.0397933
0.02615
0
0.01592
0.04341
0
0.0350433
0.05392
0.000156667
0.00501333
0.02283
0.0150767
0.0169467
0.0304667
0.00257667
0.0468433
0.04804
0.0181933
0.04468
0
0.000326667
0.03207
0.0202667
0.05594
0.0118967
0
0.0200767
0
0.01553
0.00624333
0.00274
0.0261067
0.00474667
0.06624
0.0102467
0.0233667
0.02924
0.0494433
0.00405667
0.0415933
0.00274
0.000513333
0.02539
0.00542
0
0
0.0427567
0.00393333
0.02162
0.0224733
0.00485
0.00304333
0
0.0439833
0.00612333
0.01683
0.00855667
0.08442
0.000233333
0.0393067
0.00482333
0.00972333
0
0.00876333
0.0679533
0.00827333
0.00968
0.0656633
0.05509
0.00226667
0.00864667
0
0.00759667
0
0.000313333
0.0189
0.00658667
0.05623
0.00802667
0.03861
0.0334067
0
0.0283133
0.0372567
0.0184533
0.00245333
0.0217633
0.0262967
0.0556133
0
0.0026
0.0288733
0.0439867
0.0419933
0
0.000486667
0.00116667
0.00044
0.0204767
0.0441333
0.00109
0.04288
0.0118533
0.0556333
0.00042
0.00032
0.01431
0.0304567
0.0471067
0.00881667
0.0218267
0.0591167
0.0481167
0.0346167
0.0334033
0.02736
0.02366
0.00485
0.00963667
0.01729
0.0112033
0.0473867
0.04287
0.0142433
0.00226667
0.0340067
0.01728
0.04912
0.00241667
0
0.05865
0.0113633
0.0202867
0.03323
0.01073
0.0140933
0.06314
0
0.223967
0.0460433
0.0535567
0.07381
0.03695
0.0117567
0.0138733
0.00469
0
0.0331867
0.0540833
0.00115667
0.00138667
0.0124533
0.0160067
0.0165967
0
0.000156667
0.00703333
0.00398333
0.02331
0.00143667
0.0358367
0.00803333
0.02717
0.00618333
0.0230667
0.0100433
0.0569933
0.03883
0.385037
0.0154967
0.08318
0.00047
0.0265833
0.00404333
0
0.01162
0.00916
0.114673
0.04096
0.00506333
0.01296
0.0363367
0.0116967
0.00282333
0.284557
0.250907
0.06801
0.124797
0.391737
0.0117267
0.241447
0.02616
0
0.0199233
0.000403333
0.0479067
0.0587767
0.00991
0.00417
0.02442
0
0.0622533
0.00428333
0.00158333
0.00058
0.00481
0.41372
0.207953
0.0556767
0.000403333
0.349913
0.1373
0.00806333
0.26976
0.0632433
0.0516667
0.00659333
0.00627667
0.325243
0.00163333
0.0240367
0.143217
0.0180167
0.04449
0.0119633
0.52815
0.326797
0.00930667
0
0.0459933
0.00757333
0.221417
0.000193333
0.0112333
0.144707
0.0212167
0.00612667
0.03777
0.00047
0.546993
0.201007
0.06474
0.3951
0.0412733
0.01055
0.0501833
0.663
0.555933
0.532363
0.01775
0.39756
0.11092
0.0942233
0.811637
0.00503667
0.497737
0.770383
0.403293
0.783593
0.0235967
0.477457
0.02482
0.154617
0.04052
0.2021
0.0423733
0.0211833
0.151697
0.176827
0.327287
0.03925
0.12056
0.00326333
0.0706533
0.17664
0.09997
0.00633
0.00315
0.0218467
0.0977667
0.0990067
0.00446333
0.03289
0.0712
0.06034
0.0148767
0.00592
0.0721333
0.24198
0.0775167
0.305677
0.08246
0.000376667
0.02737
0.00309667
0.00914333
0.0115167
0.0293933
0.00369
0.0711533
0.00458
0.0621267
0
0.0261933
0.122053
0.06498
0.04204
0.000463333
0.0596333
0.21098
0.00214
0.0281167
0
0.02593
0.0208533
0.0422133
0.0292067
0.185783
0.0507433
0.0002
0.0109267
0.000206667
0.000433333
0.0294967
0.00885333
0
0
0.00954333
0.0851333
0
0.0141733
0.0685967
0.05299
0.0638833
0
0.0319233
0.01217
0.0468167
0
0.0109633
0.06579
0.0099
0.0119267
0.0478867
0
0.0407433
0.01662
0.04115
0.0336
0.0131067
0.00223333
0.0406733
0.00292667
0.05038
0
0.0481233
0
0.05938
0
0.00125667
0.000576667
0.00759667
0.01454
0.00450333
0.0109267
0.000206667
0.0492167
0.0338367
0.0306133
0.05534
0.0147133
0.00941
0.0418067
0.0182867
0.0185733
0.0406733
0.00772333
0.0162233
0.0581433
0.0606433
0.000206667
0.00950333
0.0279967
0.111297
0.000666667
0.000466667
0.02507
0.0496167
0.00711667
0.00023
0.0412933
0.0221633
0.05211
0.000563333
0.00024
0.000666667
0.0229067
0.000136667
0.0151667
0.05455
0.00762667
0
0.03178
0.0649533
0.0688933
0.0100967
0.00469333
0.0114667
0.03169
0.01923
0.0182933
0.0124533
0.0196967
0.0257333
0.00938
0.0494933
0.0408133
0.000726667
0.03342
0.0238867
0.0316267
0.03068
0.02316
0.04129
0.0441367
0.01945
0.04899
0.0308767
0.0740067
0
0.00339
0.04903
0.0393267
0.04314
0.00341333
0.0655133
0.0114033
0.00952
0.0426833
0.02271
0.049
0.00938
0.00396333
0.0123767
0.0244333
0.03477
0.0109467
0.00805667
0
0.0222567
0.0537367
0.000123333
0.000543333
0.0299133
0.00484
0.000123333
0.02663
0.00263
0.0556367
0.0129367
0.0431433
0.0717967
0.00143
0
0.05174
0.000383333
0.00021
0.000546667
0.0706833
0.000186667
0.01184
0.06172
0.00179333
0.0464167
0.0342167
0.000156667
0.02591
0.00951333
0.00984667
0.0387267
0.000156667
0.0335067
0
0
0.00342667
0.00445667
0.00730667
0.000606667
0.05911
0
0.0199567
0.000483333
0
0.0800467
0.0610067
0.0212267
0.0296667
0.0548367
0.0388667
0.0239367
0.03143
0.0255633
0.0258133
0.02647
0.09809
0.03358
0.0428667
0.00946
0.0745733
0.0260233
0
0.0848367
0.0308867
0
0.02749
0.00122
0.07941
0.000293333
0.0226833
0.0217233
0.01435
0.02538
0.000856667
0.0304033
0.0510967
0.0119333
0.07198
0.000313333
0.0161633
0.0605967
0.00483
0.06551
0.000553333
0.0109867
0.00363
0.00122
0.02647
0.03838
0.0225133
0.0732433
0
0.00553333
0.0936367
0.0694767
0
0.0123967
0.0328667
0
0.05167
0.00352
0.0328433
0.09502
0.0258233
0.0408933
0.07173
0.00051
0.02362
0.08883
0.0941267
0.00338
0.0578067
0
0.00743667
0.0144833
0.000636667
0.01642
0.02934
0.0127567
0.00852
0.0648467
0
0.00872333
0.0984433
0.0338867
0.0122
0.000216667
0.00186
0.0371333
0.04839
0.00409
0.000126667
0.0230467
0
0.0348533
0.00044
0.000223333
0.03185
0.00382
0.0439667
0
0.01024
0.0265767
0.00194
0.00454333
0.00133333
0.00623333
0.0307033
0.0532367
0.03161
0.01273
0.0276767
0.00145
0
0.00575333
0.00015
0.07987
0.00022
0.03741
0.0325067
0.05195
0.00088
0.00785
0.00676667
0.00122667
0.0555233
0.0214033
0.01336
0.03201
0.0396267
0
0.0766867
0.0003
0.000136667
0.0172267
0.02269
0.00773667
0.000176667
0.03626
0
0.0291733
0
0.00754667
0.00022
0.0670733
0.0124567
0.0158967
0.00524667
0.02599
0.0282167
0.02963
0.00633333
0.0635733
0.00219667
0.00220333
0.00348
0.00015
0.0103067
0.0381967
0.0025
0.000236667
0.0531367
0.01074
0.0297367
0.0147533
0.0231267
0.0187433
0.000516667
0.0197533
0.0243467
0.0274933
0.00401
0.03176
0.0192367
0.00455667
0.05299
0.0784133
0.0304033
0.0305433
0.00349
0.05855
0.00964
0.00118
0.0299033
0.0407533
0.000733333
0.01967
0.0436233
0.0754233
0.0693233
0.00174667
0.0363333
0.08088
0.0168567
0.01889
0.08235
0.0374533
0.07297
0.0450767
0.05995
0.0829233
0.00304
0.100617
0.0529133
0.00883333
0.0423333
0.00264
0.05808
0.0326033
0.00041
0.04276
0.00909333
0.0178433
0.00220667
0.000436667
0.0005
0.05477
0.06281
0.0148533
0.08658
0
0.0065
0.0392867
0.0141533
0.0639767
0.0291467
0.00409667
0.00253667
0.0734233
0.0470967
0.00100667
0.00089
0.00835333
0.00857667
0
0.00093
0.00472333
0.00029
0.0610067
0.00443
0.0174133
0.000413333
0.0197133
0.00426
0.00673
0.00482
0.0450033
0.0917067
0.00782667
0.000786667
0.00465
0.0307267
0.000806667
0.02496
0.000393333
0.02794
0.00206667
0.0277367
0.03093
0.02505
0.0181733
0.00460667
0.0339867
0.0391833
0.0284533
0.00206667
0.0230967
0.00877333
0.00155667
0.0475767
0.035
0
0.0336267
0.00330667
0.00599333
0.02819
0.0351033
0.00019
0.0157233
0.000156667
0.103807
0
0.0158033
0.00043
0
0.0296933
0
0.000773333
0.00391
0.0235133
0.0464667
0.16509
0.0358167
0.01369
0.00455667
0.00243333
0.187927
0.12711
0
0.0249967
0
0.01568
0.0142
0.00426667
0.02057
0.00312667
0.00501333
0.0205167
0.224107
0.00022
0
0.05486
0.0269167
0.0560033
0.0565033
0.14168
0.0318067
0.179953
0.00694667
0.06666
0.05409
0.0389767
0.0352233
0.01417
0.0501167
0.0597367
0.0127933
0.03458
0.00129333
0.00121333
0.0592633
0.0321433
0.0373933
0.0206967
0.0210867
0.00712
0.00493
0.00279667
0.00723
0.00121333
0.0164567
0.0185233
0.00531667
0.0450233
0.0569433
0.00075
0.0194067
0.0330167
0.03936
0.000946667
0
0.02695
0.0155033
0.00260667
0
0.0887967
0.0597567
0.00977
0.0212733
0.00263667
0.0208567
0.00645667
0.00021
0.0195833
0.112977
0.00156
0.01556
0.11212
0.0743033
0.00544667
0.00034
0.00498
0.02012
0.0290433
0.09195
0.0312967
0.03557
0.0061
0.0111967
0
0.0354933
0.0083
0
0.000466667
0.00967
0.00122333
0.00954
0.000733333
0.0196467
0.00130667
0.0171367
0.0130567
0.00853333
0
0.07134
0.000246667
0.0357233
0.000873333
0.08143
0.00427
0.0236867
0
0
0.01943
0.00021
0
0.00651
0.00587667
0.02002
0.00159333
0.05707
0.06563
0.0117333
0.000153333
0.0481167
0.0565467
0.00143
0.07847
0.00635667
0.04122
0.00814
0.0507167
0.000366667
0.0120267
0
0
0.05618
0.03192
0.09202
0.00567667
0.04593
0.0277567
0.0042
0.00082
0.0784233
0.0290567
0.03332
0.0445633
0.00571
0.0906567
0.01818
0.01566
0.00547333
0.00682667
0.00841
0.09232
0.000623333
0
0.04009
0.0505333
0.0164467
0.0231067
0
0.00022
0.000313333
0.04162
0.00839
0.000273333
0.0405
0.0818033
0.0357233
0.00078
0
0.00086
0.00780667
0.00518667
0.0378233
0
0.01247
0.00094
0.04181
0.0103867
0.00819
0.0702367
0.01714
0.0459433
0.0100533
0
0.000476667
0.00086
0.140747
0.00036
0.00631667
0.00170333
0
0.03468
0.0150967
0.00477667
0.0315933
0.0560167
0.00717667
0.00139667
0.0487167
0
0.03642
0.00162
0.00258333
0.00808
0.0185833
0.00339667
0.00601667
0.00382667
0.0308933
0.0640367
0.0238633
0.07184
0.00631667
0.04344
0.0125733
0.0195567
0.00215333
0.0305733
0.0219033
0.00638333
0
0.0426533
0.06514
0
0.02788
0.00013
0.0187433
0.0156333
0.00457333
0.07167
0.0298533
0.01739
0.01558
0.00507333
0.0818833
0.00093
0.01217
0.0521333
0.0143467
0.04868
0
0.06247
0.00829
0.03541
0.0694767
0.01952
0.117393
0.01978
0.0618767
0.00417
0.0112467
0.0129967
0.0361933
0.0361633
0.0563833
0.0417567
0.00338333
0.0296733
0.0129567
0.00866667
0.00067
0.0476833
0.00119
0.0235067
0.0170633
0.0024
0.0211767
0.0189967
0.0495167
0.0333567
0.00137667
0.0225767
0.000466667
0.00036
0.00149
0.00655667
0.00921333
0.0516733
0.0126867
0.01436
0.00228333
0.00391
0.00484
0.04931
0.0225767
0.01649
0
0.0412767
0.02665
0.00268
0.0310167
0
0.00180333
0.00438333
0
0.0230767
0.00483667
0.000843333
0.00316
0.03414
0.0249867
0.00120333
0.01638
0.02972
0.00532333
0
0.0360933
0.0137633
0
0.00848333
0.00122667
0.0258267
0.0226667
0.0366667
0.02073
0
0.0642733
0.00368
0.01766
0.00111667
0.0140933
0.00629333
0.04747
0.00981333
0.0102533
0.00396
0.0721733
0.00180667
0.0560167
0
0.0336233
0
0.00067
0
0.0443167
0.0592867
0
0
0.000163333
0
0.113947
0.0383367
0.0208067
0
0.00111667
0.0231667
0.0118867
0.00476
0.0285267
0.00368
0.01942
0.00666333
0
0.133463
0.0159533
0.00402667
0
0.00104333
0.07615
0.0302233
0.00545333
0
0
0.00429667
0.00086
0
0.000526667
0.05616
0
0.00335
0
0.00126667
0
0
0.0390067
0
0.00076
0.00085
0.00728667
0.05888
0
0.000586667
0.00308
0
0
0.02549
0.00157
0.00743667
0.00491333
0.0304767
0
0.00023
0.0536467
0.00066
0.000696667
0
0
0
0
0.000646667
0
0
0.0592933
0.00287
0.000773333
0.02471
0
0.000283333
0.0139267
0
0
0
0.000263333
0
0.0002
0.02064
0.0118033
0
0.0559833
0.00148667
0.0726667
0
0.0723367
0.00185
0
0.00034
0
0.0211233
0
0
0
0.000206667
0
0
0
0
0.0107967
0.00762333
0.0126633
0.00623333
0.0805733
0.0482567
0
0.00569
0.00121333
0.0730567
0.00757667
0
0.0289367
0.0074
0
0.06585
0.0493333
0
0
0.0160567
0
0
0.00113333
0
0.0475
0
0.00076
0
0.07868
0.01378
0.08117
0.03897
0.00223
0.00176667
0
0.0196633
0.00813
0.000526667
0.0421667
0
0.00239
0.0147767
0.0334833
0.00465
0
0.0263567
0.00616667
0.00922333
0.0322967
0.0346733
0.00724667
0.0369633
0
0.00338
0.02512
0.00138
0.0250567
0
0.00188667
0.04164
0.02053
0
0
0.00039
0.0481867
0.000206667
0
0
0
0
0.00974333
0.0894033
0
0
0.00178
0.00015
0.0468867
0.0103433
0.0200333
0.01136
0.0166233
0
0.01676
0.00412
0.00119
0.00916
0.0355
0.0357533
0.0432067
0
0.00012
0.00023
0.0283467
0.01544
0
0.0366533
0.00979333
0.00087
0.0401633
0.0472767
0.00138
0
0.05458
0.01256
0.00283667
0
0.01012
0.0197433
0.02725
0.14887
0.03052
0.0691767
0.00701333
0.01541
0.00959667
0.0626467
0
0.00032
0.00993333
0.0920367
0
0.01086
0.01339
0.0212667
0.00883333
0.0113
0.00222667
0.0179667
0.0139467
0.00758
0.02282
0.0162433
0.00952667
0.02013
0.0227433
0.0575467
0.0624367
0.0970467
0.0316933
0
0.131967
0.06791
0
0.00647
0.0262033
0.16274
0.07665
0.0939433
0.0679933
0.05011
0.00399
0
0.0886533
0
0
0.0115533
0.00337333
0.00145
0.188257
0.00012
0.0320967
0.0126167
0.01949
0.0218667
0.218093
0.0285867
0.000163333
0.00660667
0.0699167
0.02594
0.00012
0
0.00844333
0
0.170803
0.0740967
0.0217367
0.0298667
0.00346333
0.000426667
0.00121
0.0116733
0.00289333
0.0263533
0.0269833
0.00183
0.00242333
0.01131
0.01838
0.0164233
0.02859
0.0995067
0.0160333
0.0114667
0.0560767
0.0217533
0
0.000136667
0.0182167
0
0
0.01094
0.00631
0.00789333
0.01251
0.0326567
0.00875667
0.13118
0.0314033
0.00055
0.000316667
0.03449
0
0.00046
0.00750333
0.00642
0.03697
0.02953
0.0342833
0.01659
0.00447333
0.04165
0.04541
0.00679
0.0542667
0.00782333
0.0150867
0.00949333
0.0478333
0.0388333
0.0415133
0.0198867
0.00884
0.00318333
0
0
0
0.01319
0.0525
0.000486667
0.01023
0.01786
0.03016
0.0206167
0.02188
0.0450133
0.02181
0.0186833
0.00407
0.03213
0.03217
0.0335267
0
0.0534233
0.0219567
0.01299
0
0.0033
0.0176433
0
0.0135167
0
0.00858
0
0
0.02446
0.0032
0.0112167
0.03641
0.110573
0.0323633
0.0558533
0.0264967
0.0112167
0.0352567
0.05043
0.0255667
0.00717667
0.0850533
0.00429
0.00384333
0.0146167
0.00356667
0
0.01931
0.0445367
0.00245333
0.0208533
0
0.00597667
0.00523667
0.0316867
0
0.0870667
0.02995
0.00382333
0.00196
0
0.0521467
0.0485767
0
0.0198033
0
0.00523
0.02874
0.0304167
0.0522033
0.00640667
0.00515
0
0.10307
0.01571
0.0168033
0.00143333
0.05257
0.04245
0.0338
0.01032
0.00941333
0.0129333
0.00012
0.0631633
0.0629733
0.0193533
0.0462767
0.00111667
0
0.000693333
0.0579067
0
0.00834333
0.0301567
0
0.00185
0.000876667
0
0.00878
0.00091
0.0593567
0.00885667
0.0669
0.000223333
0.00795
0.00209333
0.00176667
0.0342233
0
0.00465
0
0.00988333
0.0185367
0.00336
0.00650333
0.0455767
0.000213333
0.00364333
0.0396567
0.00616667
0.02309
0.00106667
0.000153333
0
0.00695667
0.0288167
0.00353
0.00540333
0.0249067
0.00295
0.0505833
0.100707
0.00151
0.02616
0.0285167
0.00448333
0.00635667
0.01197
0.0177333
0.000213333
0.00017
0
0.00830333
0
0.000246667
0.00910667
0.000303333
0.0049
0.0163333
0.00712
0.0150433
0
0.00130333
0.00598667
0.0018
0.00952333
0.000773333
0.0409767
0.000546667
0.0212133
0.0417267
0.00732333
0.0431767
0.0016
0.000123333
0.00566667
0.000576667
0.00384667
0.00995
0.0349933
0.03463
0.000393333
0.00430667
0.0235367
0
0.0447767
0
0
0.00145333
0.00162
0.00427333
0.00623667
0.00206333
0.00832667
0.01802
0.00157333
0
0
0.00077
0
0.01327
0.00068
0
0.01803
0.0675467
0.00073
0
0
0.0169367
0.00665667
0.02268
0.0321467
0.0172933
0
0
0
0.0606667
0.01348
0.0618867
0.00956333
0.0307533
0
0.000193333
0.00243
0.0115867
0.0180633
0.00591
0.02218
0.00578667
0
0.00401
0.00189333
0.0292533
0.03298
0.0308467
0
0.0305267
0.000406667
0.01966
0.0234433
0.00595333
0
0.0760367
0.0348067
0.0257133
0.00073
0.00783
0.00211333
0.02005
0.00995
0.00408333
0
0.00676333
0.00508333
0.0577033
0.00300333
0
0.00929
0.00363667
0.000203333
0
0.00199667
0.00398667
0.000476667
0.00885667
0.0195867
0.00132
0
0.00722333
0.00148
0.0764833
0.00539333
0
0.000333333
0.00381667
0.0465967
0.00642
0.0411767
0.04219
0.109
0.000363333
0.00872667
0.00192
0.00481333
0.000403333
0.00838667
0.00585667
0.00634333
0.03895
0
0.000286667
0.02836
0.00425667
0.00959333
0.00595333
0.00840667
0.03522
0.00348
0.00135
0
0.00122
0.000286667
0.00211333
0.0208367
0.0128567
0.09076
0.02433
0.000376667
0
0
0
0.0144833
0
0.00089
0
0.000763333
0.0238733
0
0
0.0798833
0
0.000276667
0
0.00909333
0.00560333
0.00208667
0.000286667
0.000783333
0.00417667
0.00924
0
0.000133333
0.0344833
0.00539333
0
0.03707
0.03581
0.01083
0.0411267
0.01649
0.0498433
0.00125333
0.000266667
0
0.00463667
0.02227
0
0
0.00805333
0.00472333
0.00505333
0
0.02854
0.01224
0.00245
0.000196667
0.000996667
0.01265
0
0.000346667
0.00121333
0.00250333
0.01493
0.00456
0.00463333
0
0.0119433
0
0.0081
0.0136433
0.02491
0.000133333
0.0138333
0.00184667
0.0082
0.0137867
0.0192033
0.00873333
0.0108967
0.00426667
0.0266733
0.0146133
0
0.00781333
0.0107467
0
0.01895
0
0.00508
0
0.0220433
0.04317
0.00104333
0.05658
0.00389667
0.00918333
0.00173333
0.00647
0
0.0118267
0
0.0718533
0.0221467
0.00412
0.00902667
0.05141
0.000443333
0.0101967
0.0282133
0.00017
0.00903333
0.0199733
0.02594
0.00845667
0.0283733
0.0347
0.00775667
0
0.0166
0.02149
0.00559667
0.00666
0.00926
0.000806667
0.000403333
0.0240733
0.03334
0.0233433
0.05533
0.0111367
0.0535167
0.0260533
0.00595333
0.1295
0.149123
0.0266233
0.00058
0.0529133
0.00017
0.00921
0.0065
0.01387
0.00779333
0.000266667
0.01927
0.171343
0.165133
0.07665
0.0171433
0.04761
0.00929
0.0160767
0.03438
0.0448267
0.100037
0.0175833
0.0231767
0.0129267
0
0.0431367
0.0262233
0.12007
0.03122
0.00431667
0.0540567
0.0125433
0.08571
0.0102233
0.00508333
0.0159733
0.0134667
0.0170967
0.00762
0.04049
0.00368667
0.00324
0.0259933
0.02204
0.0603767
0.0182567
0.03543
0.0106
0.04389
0.00118
0.00107333
0.0169867
0.0138933
0.0486433
0.0012
0.00461667
0.0250267
0.00495
0.04962
0.0408033
0.00023
0.04196
0.0536633
0.0249933
0.00806333
0.00107333
0.0450167
0.0571833
0.00306
0.11117
0.0342467
0.0474133
0.05614
0.00184667
0.0267867
0.00161667
0.00455
0.0401267
0.0261667
0.0109067
0.0818567
0.00071
0.0561633
0.0290033
0.0126033
0.03497
0.0101133
0.119163
0.0416267
0.00932
0.0300633
0.00951
0.02185
0.106843
0.180087
0.02023
0.0513767
0.00071
0.0334233
0.000793333
0.104833
0.05023
0.02182
0.00354
0.0589533
0.03465
0.000266667
0.03878
0.0506033
0.00871
0.04245
0.00382333
0.0219467
0.00954667
0
0
0.143397
0.0243467
0
0.00156333
0.0748967
0
0.00875333
0.000813333
0.00017
0.0107033
0
0.00275667
0
0.04919
0.00605333
0
0.0529033
0.000633333
0.000803333
0.131477
0.00139667
0.155663
0.00238
0.0263533
0.137373
0.00662
0.0101033
0.000926667
0.0637033
0.00457
0.00955
0.000173333
0.14515
0.0368233
0.00775333
0.0110267
0.00712333
0.00128
0.0530833
0.00646
0.01368
0
0.0288467
0.01435
0.00253667
0.00265333
0.000573333
0.0434933
0
0.10686
0
0
0
0.0571567
0.09679
0.02352
0.08817
0.00889
0
0.0345967
0
0
0
0.000526667
0
0.000316667
0.00249
0.0544967
0.0204233
0.00676667
0.0204033
0.1006
0.0131667
0.0863667
0.0216467
0.000953333
0.08431
0
0.0648933
0.000436667
0.01064
0.00525333
0.00258667
0
0
0.00972333
0.00662
0.0614367
0
0.0311933
0.0231
0.00729
0.0221067
0.0228133
0.0649167
0
0.08338
0.0178633
0
0.0204533
0.0719167
0.00380667
0.03095
0.0497633
0.0550733
0.0306567
0.0531867
0.0634533
0.03969
0.00949667
0
0.0153133
0.00514
0
0.0471733
0.0795267
0.0447133
0.00037
0.05828
0.01359
0.0528833
0.000203333
0
0.00672333
0.0100267
0.03817
0.02806
0.00115667
0.07781
0.000273333
0.00822667
0.00764333
0.05305
0.000523333
0.0148167
0.0240867
0.00140333
0.0482433
0.0115367
0.000346667
0.00617667
0
0.00981
0.0109733
0.00986667
0.00432333
0
0.0441967
0.01658
0.000916667
0.03448
0.000183333
0.0312167
0.00941333
0.00102333
0
0.0470767
0.06791
0
0.000403333
0.0104367
0.03784
0.000816667
0.0483633
0.000873333
0.000183333
0.04665
0
0.0423967
0.0337767
0.000873333
0
0
0.0972967
0.00656667
0.00804667
0.05477
0.0387533
0.0078
0.01116
0
0.00766667
0.000433333
0.0754
0.00363667
0
0.0177433
0.0107333
0.00081
0.00345
0.00124
0.0537233
0
0.0269
0.0431467
0.00679
0.0417467
0.00481333
0.000796667
0.04056
0.000693333
0.00104667
0.0405267
0.0441467
0.00066
0.0214933
0.00054
0
0
0.00243333
0
0.0373167
0.00255333
0
0.00276
0.0262567
0.129923
0.03652
0.00256
0.00274
0.01185
0.02032
0.0254733
0
0.000676667
0
0.01455
0.0655233
0.0401
0.0590333
0.02507
0.01776
0
0.00104333
0.00063
0.0208
0.05477
0.0308333
0
0.00256
0.04824
0.00886333
0.02408
0.00703667
0.0120733
0.0302233
0
0
0.00510667
0.0174267
0.0331833
0.0423033
0
0.04471
0.0455367
0.03218
0.00869333
0.00868333
0.03306
0.0422233
0.107413
0
0.00062
0.00250667
0.0563233
0.0178133
0.0351867
0.00653333
0.0369033
0
0.000286667
0.08376
0.0413933
0.000726667
0
0.034
0.0471133
0.00497
0.00134
0.00578333
0.00410667
0.00625667
0.000163333
0.0310833
0.0356267
0.07645
0.0119367
0.06221
0
0.0376033
0.00579
0.0593667
0.0332033
0.0463233
0.02616
0.01339
0.02074
0.00955667
0.01468
0
0.0436133
0
0.0443567
0.03416
0.05765
0.01962
0.01304
0.0147
0.0265667
0
0.0136
0.0116533
0.02958
0.04506
0.01538
0.00282333
0.00565333
0.00322667
0.01809
0.00151
0
0.03485
0.0367333
0.00688667
0.3919
0.0226733
0.222983
0
0.0272
0.000403333
0.0239967
0.03252
0.41047
0.0604333
0.201913
0.0672333
0.00138667
0.00138667
0.00331333
0
0.000193333
0.00152
0.127707
0.000386667
0
0.00622333
0.04995
0.00444667
0.00675333
0.19212
0.297037
0.0105667
0.00906
0.00269333
0.133133
0.00058
0.0142533
0.03867
0
0.127207
0.0133433
0.00322667
0
0.17685
0
0.00187
0.09494
0.210323
0.0858733
0.670437
0.42514
0.568953
0.34448
0.880147
0.62356
0.109707
0.0157033
0.623253
0.7639
0.492597
0.944267
0.0555167
0.0301067
0.00706
0.0429033
0.08605
0.453157
0.0835967
0.0820467
0.0282333
0.189713
0
0.0130333
0.05405
0.0210833
0.00374333
0.0151733
0.0734533
0.00340333
0.00490333
0.06087
0.0414467
0.0002
0.000133333
0.00682333
0
0.0351433
0.0726867
0
0.0771333
0.00455333
0.0458033
0.0373867
0.02492
0.0271433
0.00831
0.0163333
0.08942
0.09543
0.00899
0.04855
0.0606733
0.102247
0.0132233
0.0612967
0.0047
0.00918
0.0301433
0.03513
0.0236433
0.0566267
0.0686067
0
0
0.0888
0.0632267
0.0332167
0.000923333
0.0475
0.0164567
0.05648
0.00552667
0.0435033
0.00295333
0.000393333
0.00889
0.0477567
0.0129133
0.0469533
0.04133
0.0141267
0.0171767
0.00766667
0.0455267
0.0189567
0.0366267
0.00586
0.03426
0.0363933
0.02513
0.0576567
0.0179433
0.06681
0.000186667
0.0142867
0.0450633
0.00921
0.00477333
0.0409067
0.0399133
0.04134
0.0192633
0.0311767
0.01448
0.00592333
0.0623
0.0685433
0.0141367
0.0723933
0
0.0193833
0.03755
0.0235967
0.06115
0.02198
0.01062
0.00536667
0.0471333
0.00891333
0.0843267
0
0.0207433
0
0
0.01858
0.00977333
0.0484433
0.0144633
0.0601567
0.0252667
0.00399
0.0296433
0.0171467
0.05491
0.07336
0.0368233
0.0008
0.0275367
0.0148333
0.00845
0.00553333
0.00022
0.00022
0.05481
0.02167
0
0.0293367
0.02663
0.03923
0
0.0153967
0
0.0167667
0.0584767
0.00207333
0
0.00600667
0.0582133
0
0.000183333
0
0.0114067
0.04767
0
0.0701033
0.0156967
0.00284667
0.0114467
0.02205
0.07089
0.00532
0.00486333
0.000443333
0.01466
0.00806
0.00574
0
0
0.0528
0.0268933
0.0279367
0.02173
0.0216967
0.0267233
0.0188067
0.02075
0.0624933
0.00907667
0.0375233
0.00789
0.0323967
0.0326933
0.00057
0.04203
0.01865
0.01548
0.0214767
0.0238267
0.0215667
0.0224067
0.00372667
0.0016
0.0355367
0.00024
0.0101067
0.0737033
0.00443
0.0291333
0.00084
0.000873333
0.0789767
0.00872333
0.04191
0.08794
0.00748333
0.104657
0.00412667
0.0573533
0.00387333
0.000436667
0.000153333
0.06597
0.00338
0.216133
0.0200567
0.000833333
0.05966
0.06979
0.00736333
0.0357733
0.0210533
0.00553
0.00611
0.00525
0.03295
0.0389
0.03206
0.01397
0.0005
0.000176667
0.00676
0.0426933
0.0495233
0.04922
0
0.00175
0.0585067
0.00263667
0.0309267
0.0263167
0.0442167
0.00525
0.0109533
0.07641
0.0035
0.0331533
0.04803
0.000353333
0.00957333
0.0375933
0.0332733
0.000813333
0.0606967
0.000153333
0.0166133
0.04227
0.03137
0.0481167
0.12057
0.00530333
0.00276333
0.0150967
0.00320333
0.01189
0.000326667
0.05449
0
0.0224867
0.00029
0.000183333
0.04226
0.0509733
0
0.00591
0.00915
0.01936
0.00031
0.0209233
0.02709
0.00159
0.00144
0.0728333
0
0.0271267
0.0342133
0.00362
0.00400333
0.0175067
0.0265567
0.00354667
0.02383
0.003
0.00481667
0.0197267
0.0354867
0
0
0.0391767
0.0343033
0.122657
0.03748
0.0601333
0.0418033
0
0.0769967
0.000126667
0.0303233
0.00274
0.02625
0.04579
0.03838
0.0152333
0.0974333
0.00235667
0
0
0.0473033
0.0117433
0.0472833
0.00102667
0.07828
0.0304467
0.0348533
0.0227767
0.000263333
0.0459433
0.00144333
0.0170333
0.0218333
0.0104333
0.0412
0.05081
0.01474
0.09332
0.0230567
0
0.05072
0.00629333
0.0148333
0
0.00128667
0.00111667
0
0.0429267
0.0472467
0.0682067
0.01823
0
0.01579
0
0
0.0247267
0.0361033
0.00140667
0.02042
0.0993533
0.00751667
0.00201333
0.03136
0.00357667
0.0220467
0
0.00066
0.00105667
0.0259233
0
0.0330833
0.000163333
0.00062
0.09921
0
0
0
0
0.00777667
0.0443667
0
0.00718333
0
0.00503333
0.0309967
0
0.00186333
0.04947
0
0
0.00372667
0.01371
0.0183567
0
0.00765667
0
0
0.0174367
0
0
0
0.000183333
0.0400267
0.00452667
0.00138333
0.0131533
0.00369667
0.00511667
0.159407
0.00377333
0.00100333
0
0.01581
0.00872
0.00116
0
0.0423267
0.00832333
0.00076
0.0417933
0.111327
0.00552667
0.0478867
0.0573867
0.000466667
0.0286333
0.09823
0.00592667
0.000176667
0.02617
0
0.0057
0.0285467
0.0306333
0.0306667
0
0.00992333
0.0105867
0.0444567
0.00825
0.0154467
0.0217033
0.00418
0.00395667
0
0.00265667
0.0147067
0.0235333
0.000916667
0.00345333
0.000773333
0.0424933
0.0206367
0.0143067
0.00805667
0.00592
0.000743333
0
0.00093
0
0
0.0230333
0.00461333
0
0.113413
0.0114333
0.0380867
0.04989
0.0653433
0
0.00818667
0
0.00382
0.05376
0.0201867
0.0317733
0.0105333
0.0376733
0
0.0400033
0.000526667
0
0.00313667
0.0064
0.00816667
0
0
0.0262333
0.0661533
0.0333867
0.0106933
0.0018
0.0346633
0.02831
0.0296133
0.0434067
0
0.0275
0
0.0259233
0.03107
0.000306667
0.000406667
0.0449733
0.0346067
0.0259033
0.06969
0.0594433
0.00360333
0.00083
0
0
0.02181
0.0347167
0.00465
0
0.0441267
0
0.0170867
0.00677333
0.0536767
0.00711333
0.04019
0.0499767
0
0.03417
0.0258533
0.0485033
0.0442467
0.000193333
0
0.00102333
0.00119333
0.0764367
0.0287967
0.000303333
0.0380967
0.0351533
0.0103933
0.0345033
0.00094
0.000173333
0
0.0294667
0.0193567
0.000316667
0
0
0.00211333
0
0.00992667
0.00252667
0.00740667
0.000203333
0.00393333
0.0191933
0.00398667
0
0.00466
0
0.0005
0
0.02247
0.00162
0.00034
0.0114933
0.00121
0.0281233
0.0285
0.00148
0.000883333
0
0.0596933
0
0
0.00122667
0
0.02595
0
0.0328967
0.00031
0.00256333
0.00948333
0.08098
0.0055
0.00533667
0
0.000163333
0
0.0430233
0.00013
0.01305
0.00507667
0.00794
0.04695
0.000743333
0
0.00171667
0.00455
0.01395
0
0.0169633
0.00640333
0
0.02486
0.03112
0
0.00013
0.0094
0.00049
0.00361
0.04072
0.000753333
0.0149833
0.00929333
0.00425667
0.000343333
0.0119933
0.0419833
0.00612333
0.04804
0.0292033
0.0291967
0.0236533
0
0.0403667
0.00417333
0.000886667
0.00440667
0.000286667
0.0304367
0.0246267
0.189397
0.0013
0.18431
0.0173467
0.0606533
0.0186
0.04163
0.00724333
0.0563867
0.02155
0.0588267
0.0126567
0
0.00984
0.0145267
0.000403333
0.126143
0.01617
0.05565
0.0107967
0.0198667
0
0.000316667
0
0.0346067
0
0
0.08798
0.0687633
0.0170433
0.02987
0.01142
0.0380333
0
0.0142033
0.00224333
0.0189233
0.104267
0.01798
0.0204733
0.0256733
0.00425333
0.03858
0.0307633
0.00527667
0
0.00132667
0
0.00561667
0.00889667
0
0.0229367
0.00727667
0.00329333
0.00447
0.0117067
0.02461
0.0476767
0.00162333
0
0.0478767
0.00674667
0
0
0.0672167
0
0.00949333
0.0568267
0.000446667
0
0
0.0472467
0.000346667
0.00548
0.0441267
0.0540933
0.0388433
0.03252
0.0233333
0.0482833
0.000346667
0.02217
0.00980667
0.00857667
0.03148
0.09408
0.00117667
0.06981
0.03692
0.000146667
0.00322667
0.000873333
0.00364667
0.0722867
0.0511767
0.01013
0.0966067
0.05415
0.0521633
0.0113333
0.00724333
0.00451333
0.0613133
0.00028
0.0604533
0.07201
0.00987667
0.00216
0.00292333
0.0274933
0.0601967
0.00044
0.0802067
0.0548367
0.00027
0.0464933
0.0103
0.0301133
0
0.0784867
0.0964867
0.0232933
0.0373933
0.000286667
0.0211133
0.0280667
0.02183
0.00288333
0.0111
0
0.00277333
0.00289667
0.0196267
0
0.0476633
0.04505
0.01377
0.0247
0
0.0103367
0.0153733
0.0448467
0.00346
0.00075
0.0111567
0.00816667
0.373763
0.2925
0.00844667
0.625427
0.446363
0.78767
