0.703127
0.823807
0.351277
0.526933
0.380403
0.66802
0.67674
0.7887
0.491827
0.704403
0.11002
0.230163
0.11099
0.19195
0.34122
0.768637
0.600773
0.0867733
0.254613
0.34062
0.469693
0.432517
0.433173
0.0611333
0.08438
0.19893
0.537197
0.0245867
0.0613933
0.0814233
0.0502267
0.111483
0.20545
0.326943
0.01368
0.0123633
0.112073
0.18242
0.220753
0.2321
0.311273
0.00135
0.0147967
0.02825
0.0445267
0.07826
0.0973933
0.0009
0.00045
0.00100667
0.0543267
0.0897433
0.0828433
0.00278667
0.0122367
0.07653
0.00765333
0.00738333
0.0101733
0.00279
0.000556667
0.00344
0.09178
0.0400467
0.00072
0.00260667
0.01882
0.0403833
0.06503
0.0576767
0.08726
0.0916767
0.0175567
0.00331333
0.0649267
0.03657
0.0374867
0.01412
0.00786
0.00322
0.00530333
0.01318
0.0209067
0.04655
0.0493833
0.0566367
0.03047
0.0442867
0.0205433
0.01359
0.00454
0.01702
0.0710533
0.00887333
0.01256
0.01697
0.0285267
0.0757167
0.0642867
0.00507667
0.00886333
0.03143
0.0487133
0.02852
0.0106267
0.0218067
0.0346933
0.00980333
0.0737667
0.0461467
0.0205233
0.00273667
0.0106333
0.0127133
0.0550833
0.00624667
0.00336667
0.00289
0.0123533
0.00968
0.00462333
0.0133233
0.01183
0.00819667
0.00381333
0.000646667
0.0008
0.00328333
0.0359833
0.06946
0.0333667
0.05327
0.0104867
0.0180733
0.00074
0.00218667
0.00451667
0.00400333
0.03808
0.0528733
0.00871667
0.00540333
0.0119233
0.00630667
0.00357667
0.00352667
0.000636667
0.0131433
0.00482
0.00857333
0.0406333
0.00835
0.0373167
0.03583
0.02734
0.0249333
0.00406667
0.00876333
0.00273333
0.000943333
0.000523333
0.0380633
0
0.04008
0.01487
0.0235767
0.0508233
0.06781
0.06163
0.0749233
0.0467167
0.02499
0.00669333
0.00639333
0.00721
0.02694
0.0339833
0.0528833
0.05923
0.07551
0.0921767
0.0884833
0.0220367
0.00146667
0.0111433
0.00104667
0.0639633
0.0482233
0.0135833
0.02361
0.01999
0.03305
0.0119067
0.0259433
0.02634
0.07058
0.04102
0.01117
0.00638667
0.00150667
0.0619467
0.07975
0.04644
0.0162233
0.0363067
0.00866667
0.02196
0.0117933
0.00354667
0.00667333
0.00578
0.00396333
0.00172667
0.00237
0.00371667
0.0218167
0.0252433
0.01056
0.01504
0.03561
0.0625033
0.0612667
0.02363
0.0221133
0.0112467
0.00483667
0.0242333
0.00772333
0.0135933
0.04199
0.03311
0.03013
0.0385
0.0265567
0.0346833
0.0395933
0.0266633
0.0192367
0.0262
0.02101
0.0144933
0.0176933
0.0116
0.0250733
0.0305567
0.0234467
0.0357933
0.0466633
0.04699
0.03618
0.0693767
0.0684533
0.0581467
0.0726867
0.0586033
0.0716133
0.0566067
0.0317467
0.05468
0.01686
0.00829
0.0203233
0.00761
0.000416667
0.00611333
0.00786333
0.0171567
0.00499667
0.0165933
0.0501167
0.0401767
0.0603667
0.04222
0.0341533
0.0401167
0.0448967
0.0448
0.05143
0.04537
0.0460433
0.0484433
0.0378167
0.04023
0.0356633
0.0256533
0.0293067
0.0248367
0.01752
0.0255
0.0303733
0.01765
0.0261467
0.02814
0.00661333
0.0230167
0.03651
0.03013
0.0449833
0.0298367
0.0114567
0.0305
0.0382467
0.0127467
0.00444
0.01846
0.00335
0.0209867
0.00591333
0.00013
0.0109933
0.00698
0.0348367
0.01233
0.01447
0.00161
0.00934333
0.0462267
0.05378
0.0261
0.0291167
0.0453467
0.0485933
0.0171867
0.0224833
0.0356267
0.02618
0.03171
0.0363933
0.03218
0.0225033
0.02112
0.0170133
0.01268
0.0129067
0.01664
0.0218133
0.0302267
0.0289433
0.0376233
0.01781
0.0166167
0.00388667
0.03265
0.00374
0.00895667
0.00761667
0.00804667
0.00441
0.00463667
0.000166667
0.00119
0
0.0272
0.0197367
0.00235
0.00266667
0.0162433
0.0212633
0.0577233
0.01634
0.02708
0.0360433
0.08165
0.01381
0.0742433
0.07749
0.07817
0.00824
0.00871333
0.0475633
0.0231733
0.0225467
0.0173967
0.01965
0.0127733
0.00818
0.00628667
0.00947
0.0379067
0.0262533
0.00349
0.0223333
0.00804
0.0109667
0.00727
0.00319333
0.00173
0.00206667
0.00168667
0.00516333
0.00431333
0.00026
0.00636
0.00039
0.0144267
0.00604333
0.00108667
0.00346
0.01642
0.0285133
0.01538
0.07798
0.04269
0.0586233
0.0311467
0.0681867
0.0883933
0.0145767
0.100307
0.0051
0.03316
0.00831333
0.0132267
0.01378
0.00991
0.00305667
0.000943333
0.0190367
0.0038
0.03066
0.00341333
0.00512
0.00213
0.0250067
0.00171333
0.00249
0.0149633
0.00043
0.000596667
0.000166667
0.000166667
0.000606667
0
0.00871
0.00907333
0.00013
0.00561
0.00117
0.00035
0.00121
0.00166667
0.06525
0.0895467
0.0199033
0.03775
0.0720867
0.0150933
0.0213967
0.07285
0.0807533
0.10653
0.102253
0.00783
0.0893033
0.00402333
0.0620333
0.00120667
0.0364967
0.00588333
0.0105567
0.00361667
0.00142333
0.00264
0.0399667
0.0398167
0.0333133
0.00172
0.00086
0.000356667
0.000676667
0
0.000573333
0.000983333
0.00013
0.00026
0.000523333
0.00184
0.00131667
0.0499867
0.0673433
0.10484
0.00979667
0.0794967
0.05088
0.00485333
0.00441
0.00441
0.000883333
0.00116333
0.01651
0.0047
0.00476667
0.000433333
0.00034
0.000206667
8.33333e-05
0.00593333
0.000473333
0.000473333
0
0.000356667
0.00317
0.00294667
0
0
0
0.0436767
0.0918233
0.105023
0.0297367
0.0557567
0.000576667
0.0344833
0.000443333
0.05795
0.07573
0.0479933
0.0190433
0.00583
0.00137667
0.00426667
0.00380333
0.00358333
0.00485333
0.00031
0.00250333
0.0153967
0.000216667
0.0219
0.0348467
0.000123333
0.0268067
0.0254233
0
0.0120667
0.0124667
0.00587
0.00086
0
0
0
0
0
0.000286667
0.00013
0.00013
0.00263667
0
0.0360067
0.0667967
0.0732333
0.04931
0.00304333
0.0234267
0.000133333
0.02425
0
0.0260367
0
0.04612
0.0416433
0
0.00028
0.00127667
0.000136667
0.00023
0
0.00086
0.00086
0.000696667
0.000533333
0.00013
0.00276
0
0
0
0
0.01686
0.0640633
0.0573
0.0167367
0.01225
0
0.0134033
0
0
0.00028
0.00845333
0.00056
0.000453333
0.00136667
0.00088
0.000806667
0.000826667
9.33333e-05
0.00144
0.00994
0
0.00041
0
0
0
0
0
0
0
0
0
0.000123333
0
0
0.0176667
0.0243767
0.03831
0.0309
0.00423333
0.0289033
0.00299667
0.01196
0.00766667
0
0.00468333
0
0.0147833
0.0170867
0
0
0
9.33333e-05
9.33333e-05
0
0
0
0.0144
0
0
0.00683
0
0
0
0
0
0
0
0
0
0
0.000286667
0
0.000286667
0
0
0.000123333
0
0
0.0212267
8.66667e-05
0
0
0
0.00252
0
0.01224
0.00777333
0
0.00731333
0.000226667
0
0.00203667
0.00367333
0.00243
0
0
0.00237333
0.01048
0.00177
0
0.00259333
0.00259333
0
0
0
0
0
0
0.00994667
0.0187633
0.0203467
0.00229
0.0057
0.0160867
0.000393333
0.00163
0.00671667
0.00141333
0.00171667
0.00101
0
0.00247333
0.00146333
0
0
0.00141333
0.00588
0.00654333
0
0
0
0
0
0
0
0
0
0
0
0
0.00962333
0.00749333
0
0
0.00528667
0.00561667
0
0.00115
0.00011
0.00011
0.000226667
0.000226667
0.00335667
0.00501333
0
0
0.00587333
0
0.0139533
0.00398333
0.00136
0.00049
0.00249333
0.00508667
0
0
0
0
0.02305
0.0262233
0.03068
0.01262
0.02234
0.01426
0.000306667
0
0
0
0
0.000356667
0.00082
0
0.00164333
0
0.00471667
0
0
0.0115833
0
0.0185933
0
0
0.00284333
0
0.00049
0.000123333
0.000123333
0.00049
0.00307333
0.00230333
0
0.00306333
0.00047
0.00313667
0
0
0
0
0.02552
0.00105333
0.00219
0.000706667
0
0
0.000706667
0
0
0
0
0
0
0.000463333
0
0
0
0.0179933
0
0
0
0.000703333
0.00098
0.00279333
0.00230333
0.00555667
0.00313667
0.00084
0.00375667
0.00652333
0.00037
0.00037
0.0168
0.00189
0.00778333
0.01388
0.00394
0.00124333
0.000746667
0
0.000463333
0.00022
0.00175333
0.01642
0.0277633
0.0306267
0
0.02042
0.0247333
0
0
0
0
0.00395
0.00444
0.00387333
0.01452
0.00544
0.00627333
0.00858667
0.00422667
0.0198067
0.00990333
0.0204333
0
0
0
0
0
0
0
0
0
0.0162967
0
0
0.0317433
0
0
0.00346
0.00033
0.0171667
0.00624333
0.0204133
0.02115
0.0228667
0.02351
0.00941
0.0121467
0.00966
0.00948
0.0200467
0.0186867
0.011
0.00923
0.00416
0.00179
0.00245667
0
0
0
0
0
0
0
0
0
0.000463333
0.000463333
0.00011
0
0.0205867
0
0.04502
0
0.04773
0
0.0379633
0.0139133
0.00148333
0.000206667
0.0035
0.0156767
0.00546667
0.0216533
0.0248033
0.0327633
0.000763333
0.000266667
0.000266667
0
0
0
0
0
0
0
0
0.00391333
0.0112767
0
0
0.0247733
0
0.00258333
0.000533333
0
0.00399333
0.00871333
0.0199067
0.00310667
0.03093
0.0208333
0.0334933
0.0452
0.03724
0.00918667
0.00477667
0.00683
0.00288
0.00346
0.00782667
0.00510333
0.00379
0.00149
0.00164
0.00126
0
0
0.00066
0.0001
0.0001
0
0.00011
0.000513333
0.00278333
0.0496867
0.0431167
0
0.0153533
0
0.00301
0.000206667
0.00101667
0.02886
0.00749667
0.02226
0.0325833
0.0347767
0.00527667
0.00273333
0.00142
0.00245667
0
0
0
0.000476667
0
0
0
0
0
0.00056
0
0.03673
0
0
0.00208667
0.000823333
0.000176667
0.00693667
0.00554333
0.00562
0.00673667
0.0189367
0.01906
0.00268667
0.000656667
0.00459667
0
0
0
0
0
0
0
0.00089
0
0
0.04817
0.0487267
0
0
0
0.0475333
0
0
0.03401
0.00238
0.00039
0.00214
0.00102333
0.00253667
0.000716667
0.000546667
0.00264667
0.000423333
0.000276667
0
0.00436667
0.00408
0
0
0.00021
0.00011
0.00011
0.0005
0
0.00095
0.000586667
0.0147067
0
0.0217767
0
0.04488
0
0.0338033
0.01989
0
0.0166167
0.000163333
0.00445
0.000163333
0.000616667
0.000453333
0.00039
0.00209
0.00065
0.00879333
0.00593667
0.00901
0.00568333
0.00770333
0
0.00421667
0.00392667
0
0.00385333
0
0
0.0392367
0
0
0
0
0.00817667
0.000163333
0.00254
0.000176667
0.000163333
0.000163333
0.000326667
0.00112667
0.000753333
0.0149133
0.000586667
0
0.00833
0
0.00021
0
0
0.00317333
0
0
0.0101433
0.02169
0
0.0188933
0.00738667
0.00299333
0.00236333
0
0.00988
0.00492333
0.00339
0.000853333
0.0108267
0.0120567
0.00044
0
0
0.0199567
0
0
0.0127733
0.0136867
0.00472667
0
0
0.00011
0.00633
0
0
0
0.0610133
0
0
0.0483867
0.0369167
0.0208133
0
0
0
0
0
0.00955333
0.00159333
0.0177033
0.02275
0.0206133
7.66667e-05
7.66667e-05
7.66667e-05
0
0
0
0.0232467
0.0292333
0
0.0546867
0
0.06626
0
0
0
0.00220333
0
0.00063
0
0
0.0195367
0.02081
0.00488667
0.000993333
0.00366667
0
0
0.0211467
0
0.0379667
0.04421
0
0
0
0.04544
0
0.00951333
0.00241
0
0.0311933
0.0291233
0.00127
0.000636667
0.000196667
0
0.02792
0.0209933
0.000963333
0
0.000593333
0
0.00147667
0.00934
0.0236633
0
0.0459633
0.06126
0.00265333
0.00265333
0.00265333
0
0.00171667
0.00088
0.03467
0.119167
0.10666
0.129507
0.0314967
0.0278567
0.0317
0.0209867
0.0295567
0.000126667
0.0257033
0.000643333
0.000593333
0.0198933
0.00372
0.00945
0.00535333
0.0042
0.000556667
0
0.0415767
0
0.03587
0
0
0
0.0258533
0.01196
0.00353333
0.00573667
0.03964
0.03946
0.0242733
0.0137
0.00111333
0.0263067
0.02651
0.000126667
0.00143
0
0.00675
0.0220867
0
0.0225967
0.06102
0
0.0586433
0.00272333
0.0523833
0.00537667
0.193477
0.13766
0.0282767
0.000673333
0.00039
0.0187267
0.00407333
0.0072
0
0.0343367
0
0
0.0548733
0.00015
0.0527533
0.0536967
0.0183833
0.00544667
0.0450167
0.0189667
0.0183133
0.0343067
0.03255
0.0178733
0.01723
0.00691
0.0499833
0.11508
0.308153
0.239577
0.03107
0.02374
0.0188967
0.00032
0.00916333
0.00814667
0.00907
0.00543333
0.00488333
0.000936667
0.01024
0.00038
0.000626667
0.000626667
0.0592167
0.06201
0.00015
0.05529
0.0003
0.0427567
0.04597
0.000353333
0.00292667
0.03824
0.19367
0.0765667
0.07436
0.02355
0.01592
0.0156767
0.01269
0.00333
0.00409333
0.00689
0.00363333
0.0136267
0.00698667
0.01107
0.02029
0.00061
0.03506
0.00015
0.000763333
0.000816667
0.03558
0.0228467
0.0292867
0.0190267
0.00842
0.00680333
0.00480333
0.0474467
0.120413
0.03037
0.00857333
0.00949333
0.01299
0.02512
0.0179433
0.02354
0.00057
0.0314067
0.0366933
0.00123667
0.00793667
0.00537667
0.0205867
0.04238
0.05687
0.0740733
0.0635333
0.0617767
0.0680533
0.0477433
0.0292067
0.03475
0.0206633
0.0114767
0.02038
0.0122833
0.0181367
0.03005
0.0268733
0.02068
0.0166167
0.0150633
0.0176067
0.00499
0.00675333
0.00448667
0.0065
0.00266667
0.00604
0.00526
0.00381333
0.00635667
0.00453667
0.00048
0.00228333
0.00224333
0.00180333
0.00180333
0.00188667
0.00178
0.00199333
0.000213333
0.000213333
0
0
0
0
0
0.00015
0
0
0
0
0.30928
0.01033
0.00417667
0.0105967
0.00779667
0.0242867
0.0101667
0.0204533
0.00451667
0.0008
0.04082
0.0458533
0.00609
0.0494733
0.01325
0.0127
0.0523367
0.0596067
0.06152
0.0350067
0.0325367
0.0267767
0.0202633
0.0183967
0.0263767
0.00518667
0.0106233
0.0298333
0.0417467
0.000106667
0.00266667
0
0.0232333
0.0219367
0.0087
0
0.00256
0.00758
0
0.00452
0.00385
0
0.000703333
0.000106667
0.000106667
0.00044
0
0.000263333
0.000333333
0.000616667
0
0.000483333
0.00095
0
0
0.00494333
0
0
0.00015
0.00447667
0
0
0.00192
0.00881333
8.66667e-05
8.66667e-05
0.00185667
0.00659
0.00364333
0
0
8.66667e-05
0.0336433
0.000243333
0.00203
0.00653333
0.000156667
0.00514333
0.0114533
0.0316
0.05522
0.130063
0.20948
0.000553333
0.282773
0.23574
0.00071
0.000313333
0.00098
0.000666667
0.00449667
0.00435667
0.0151167
0.0115067
0.01258
0.0258233
0.02028
0.0383
0.02798
0.0520133
0.03716
0.0537867
0.0358733
0.00854
0.0456767
0.00726667
0.0528533
0.01212
0.0456567
0.04522
0.01731
0.0324667
0.1257
0.121437
0.11494
0.00273333
0.0540533
0.000106667
0.0580833
0
0.0377033
0.02496
0.00707667
0.00196333
0
8.66667e-05
0.00035
8.66667e-05
0
0
0.000263333
0
0
0.0009
0
0
0.0389733
0
0
0
0
0.0386333
0.0683267
0.03641
0.0618267
0
0
0
0.160017
0
0.0364633
0
0
0
0
0
0.13156
0
0.0890467
0
0
0.07199
0
0.0150033
0.01845
0.000676667
0.0204767
0.00584667
0.0213767
0.00857
0.0364633
0.0250067
0.0355333
0.00677
0.02697
0.02627
0.0291667
0.0341533
0.0408533
0.05081
0.0587533
0.01874
0.0252467
0.0329467
0.0304767
0.00032
0.000106667
0.000213333
0
0
0.00187667
0
0
0
0
0
0
0
0.000283333
0.00677
0
0.04085
0
0
0.164293
0.140193
0.134323
0
0.22989
0.252847
0.18138
0.107127
0
0
0
0
0.0384833
0
0
0.0225633
0
0
0.00015
0.00723667
0.02193
0.0359867
0.03676
0.0746133
0.0101367
0.01261
0.0309333
0.0305667
0.0440867
0.117277
0.17155
0.00514667
0.00906
0.0334867
0.04925
0.06544
0.0854867
0.0733267
0.0216367
0.00366667
0
0
0
0
0
0
0
0
0
0.000283333
0.000283333
0.00615333
0
0
0
0
0
0.0390133
0.05885
0
0.03272
0
0
0
0.0136
0
0.0147367
0
0
0.0180433
0
0
0.00015
0.0284767
0.00206667
0.0221967
0.0268133
0.0237633
0.0729833
0.02969
0.0625967
0.04236
0.0293833
0.04974
0.0288767
0.0365667
0.03422
0.0395233
0.0378867
0.03625
0.131757
0.183597
0.01476
0.0285733
0.000213333
0.000106667
0.00179
0
0
0
0
0
0
0
0
0
0
0
0
0
0
0
0
0
0.00587
0
0.01052
0
0
0
0
0.00677
0
0
0
0
0.00191667
0.0208467
0.00232333
0.00799333
0.0164667
0.0324433
0.0302067
0.0519733
0.02173
0.0589
0.0134467
0.02564
0.0185
0.02446
0.0381833
0.04067
0.0440867
0.0153933
0.0140633
0.0276
0.0940067
0.169017
0.112433
0.244353
0.256487
0.000106667
0.00262667
0.00654
0.0198933
0.000106667
0.0537933
0.02572
0
0
0
0
0.00041
0.00192667
0.00151667
0.00151667
0
0
0
0
0
0
0
0
0
0
0.00465
0
0
0.00465
0
0.00701333
0
0
0.00318667
0.00327
0
0
0
0.0254867
0
0
0
0
0.000406667
0.0102133
0.0173533
0.0291933
0.0499067
0.0221833
0.0330367
0.0154867
0.0443733
0.02097
0.00919
0.0291267
0.00523
0.01884
0.0109667
0.0247867
0.278773
0.287183
0.0116433
0.01098
0.0591233
0.0663533
0.07704
0.00775
0
0
0
0
0
0
0
0
0
0
0
0
0
0
0
0
0
0
0
0
0
0.0338933
0
0
0
0
0.00413667
0.00454333
0.0270967
0.0116833
0.0120333
0.0291867
0.04124
0.0282167
0.0121033
0.04328
0.0116333
0.0240233
0.0436333
0.0451933
0.04153
0.00472667
0.00209667
0.00141667
0.14226
0.0159633
0.23838
0.10641
0.16685
0.27963
0.00409667
0.00581
0.0300433
0
0
0
0
0.00596
0
0
0
0
0.00041
0
0.00284333
0
0.00132667
0
0
0.00141
0.00058
0.00058
0
0
0
0
0.00244667
0
0
0.0261367
0
0
0
0
0.0214767
0.0170967
0
0
0.00515333
0.00582
0.0126933
0.02128
0.00852667
0.00828667
0.000853333
0.0432033
0.000816667
0.00039
0.000456667
0.0132733
0.0163167
0.0035
0.00369
0.000363333
0.00072
0.00954667
0.0176833
0.31088
0.281173
0.304013
0.00195333
0.05195
0
0
0.0351933
0.0361133
0.00625
0.00596
0
0.00965
0.00593333
0
0.00564333
0.01663
0
0.01424
0
0.00297667
0
0.00306
0
0
0.00199
0
0
0.000783333
0
0
0.000203333
0
0.00462667
0
0
0.01557
0
0
0
0
0
0.02164
0.0296333
0.03542
0.0350833
0
0.0253533
0.000666667
0.0218467
0.000666667
0.00133333
0.0260567
0.000666667
0.0403433
0.000986667
0.00032
0.000426667
0.000106667
0.000173333
0.0311333
0.000173333
0.000173333
0.0203667
0
0.000356667
0.000356667
0.00885
0.00849333
0.0181167
0.02661
0.08533
0.123457
0.20652
0
7.66667e-05
0.00200333
0.00283
0.00111667
0.00133667
0.0205133
0
0
0
0.0165767
0
0
0.00683
0
0
0.00552333
0
0.00431667
0
0.000203333
0.00439
0
0.0153333
0.01635
0
0.01848
0
0
0
0
0
0.0267867
0
0.0351367
0
0
0
0
0
0
0.0328833
0
0.03622
0
0
0
0
0.01008
0.0239367
0.08095
0
0
0.140713
0.223087
0.252803
0
0
0
0
0.168247
0.21168
0
0
0.00962333
0.01111
0.05773
0
7.66667e-05
0.00029
0.0276967
0.0426033
0.0284667
0.01171
0.00574667
0
0.0235367
0.02941
0
0
0.0217067
0
0.0130633
0.0171833
0
0.0110333
0
0.0185233
0
0.00394
0
0.000406667
0
0
0
0.00221
0
0.00894
0
0
0.0246533
0.0223933
0
0
0
0
0
0
0.0359533
0
0
0
0.02396
0.0302033
0
0
0
0.01928
0
0.00536
0
0
0
0.0206733
0
0
0
0.08883
0
0
0
0.145763
0.18002
0
0
0.0842967
0
0
0.0481067
0.0553567
0.00148667
0
0
0
0
0
0
0.0194633
0.0213167
0
0.000223333
0.000316667
9.33333e-05
0
0
0
0
0.0405633
0.0327233
0.01787
0
0
0.0229633
0
0
0.000203333
0
0
0.00221
0
0
0.00540667
0.0046
0
0.00993
0
0
0.0409533
0.03491
0
0
0.0201667
0.01808
0
0
0
0.00203667
0
0.0181233
0
0.0264067
0
0
0.0794867
0
0.0978033
0
0.06237
0
0.0443367
0.03379
0
0.0160867
0
0
0.00873667
0.00942667
0
0
0
0
0.00069
0
0
0
0
0
0
0
0
0
0
0
0
0
0
0
0
0.000213333
0
0.000286667
0.00696
0.00029
0
0.01408
0
0.0281533
0
0
0
0
0
0
0
0.02146
0
0.0285467
0.0290767
0
0.0350967
0.0221567
0.00998333
0.00514333
0
0.00161
0
0
0
0
0.00171333
0
0
0.00706667
0.01953
0
0
0
0
0
0.0327167
0
0
0.01976
0.02582
0
0
0.0208833
0
0.000303333
0.0129433
0.000303333
0.00722
0.00410333
0.00399
0.00037
0.00017
0.000943333
0.00017
0
0
0.00922667
0.000773333
0
0.01629
0.0356333
0
0.0281567
0
0.00771
0.00105
0.00069
0
0
0
0
0
0
0
0
0
0
0
0
0
0
0
0
0
0
0
0
0
0
0
0
0
0
0
0
0
0
0
9.33333e-05
0
0
0
0.00867
0.00058
0
0
0.00865
0.0309633
0.03175
0
0.0382867
0.0304467
0.0202567
0.01858
0
0
0.04135
0
0.03285
0
0
0.00140667
0
0
0
0
0.00031
0
0
0.0288333
0
0.0445967
0.0459033
0.0501667
0.0452567
0.0194333
0
0.0154033
0.00326667
0.00440667
0.00212333
0
0.00447333
0
0.000493333
0.000123333
0.000123333
0
0.00799
0
0.00901667
0
0
0
0.00138667
0.00036
0
0
0
0
0
0
0
0
0
0
0
0
0
0
0
0
0
0
0
0
0
0
0
0
0
0
0
0
0
0
0
0
0
0
0.00035
0.000193333
0.000506667
0.000543333
0.00259667
0.000186667
0
0.000213333
0.000213333
0.000213333
0
0
0.00229
0.00682
0.00696
0
0
0.00041
0
0.03311
0
0
0
0.0195667
0.02843
0.0352133
0.0205433
0.00772333
0
0.00031
0
0.00202333
0.00319
0
0
0
0
0.03385
0
0
0
0
0.00017
0.00372667
0.00386
0.00114333
0.00796333
0
0
0.01031
0.00824333
0
0.00253
0
0.000123333
0
0.000153333
0.000153333
0
0.00118
0.000153333
0
0.00102667
0
0
0
0
0
0
0
0
0
0
0
0
0
0
0
0
0
0
0
0
0
0
0
0
8e-05
8e-05
0
0.000273333
0.000156667
8e-05
0.000296667
0.00075
0.00443667
0.00396
0.00593333
0.00457333
0.00267667
0.00481333
0.00278333
0.00831667
0.01762
0.0180267
0.00875
0.01016
0.02137
0.00929667
0.0117333
0.0301467
0.0290233
0.0220667
0.0373933
0.0300967
0.0205533
0
0
0
0
0
0
0
0
0
0.0225767
0
0
0
0
0.0266533
0
0
0.0204833
0.00332667
0
0.00205333
0
0
0
0
0
0
0
0.00062
0
0.00178667
0
0
0.0381867
0.0345833
0
0
0.01202
0.00017
0.00855333
0.00351
0.00114333
0.0148433
0.0171233
0
0.0201
0
0.0161667
0.00406333
0.00215
0
0.000246667
0
0
0
0
0
0
0
0
0
0
0
0
0
0
0
0
0
0
0
0
0
0
0
0
0
0
0
0.000133333
0.000133333
0
0.00308
0.000273333
0.000696667
0.00318
0.00136667
0.00598667
0.00717
0.00534333
0.00576333
0.0106167
0.0065
0.0126333
0.00580333
0.0119167
0.02438
0.02316
0.0208933
0.0151067
0.00611333
0.00857
0.01084
0.00777
0.00391333
0.00652333
0.0111067
0.00526
0.000993333
0.00041
0.000676667
0.000266667
0.00041
0.00041
0
0
0.00029
0
0.00163333
0
0
0.00015
0
0
0
0.0284567
0.0303333
0.0186367
0.01849
0.0224867
0
0.0200367
0
0.02015
0.000296667
0.01825
0.0104567
0
0.01345
0
0.0137533
0.00625667
0
0.00192
0
0
0.000646667
0
0
0.00031
0.00031
0
0.00163667
0.0151267
0
0.0211067
0
0
0.0162767
0.011
0.00740333
0
0.00017
0.00338
0.00236667
0.01004
0.0170533
0
0.0252467
0.00226667
0.000363333
0.000123333
0
0
0
0
0
0
0
0
0
0
0
0
0
0
0
0
0
0
0
0
0
0
0
0
0
0
0
0
0
0
0.00311667
0.000696667
0.01795
0.0152133
0.0271
0.0199967
0.000696667
0.0285267
0
0
0.02489
0.01507
0.01768
0
0
0.0108033
0
0.00576667
0.00088
0.00519333
0
0.000153333
0
0
0
0
0
0
0
0
0
0
0
0
0
0
0
0
0
0
0.000206667
0.00058
0
0
0
0
0
0
0.00044
0
0
0.0251567
0
0.0147367
0
0.0174967
0.000296667
0
0
0.000646667
0
0
0
0.000646667
0
0
0
0
0
0
0.00016
0
0.0173433
0.0104433
0
0
0.00157
0.00101333
0.000353333
0
0.00666667
0.02639
0
0
0
0
0.0323033
0
0
0
0
0
0
0
0
0
0
0
0
0
0
0
0
0
0
0
0
0
0
0
0
0.00017
0.00034
0
0
0
0.0166
0
0
0.02423
0.01768
0.0181767
0.0175167
0
0.00987
0.00573333
0.000306667
0.000903333
0.00075
0
0
0
0
0
0
0.00029
0
0
0
0.00029
0.000206667
0.00250667
0.00259
0
0
0
0
0
0
0.000206667
0.00151333
0
0
0.0118433
0.00154
0
0
0
0
0.00015
0
0.0162833
0.01974
0.0147967
0.01761
0.000296667
0.00888
0.00644
0
0.00252
0
0.00684
0
0.00551333
0.000646667
0
0
0
0
0
0
0
0
0
0
0
0
0.00016
0
0
0.00761667
0
0.00745667
0
0.00111333
0.000183333
0
0.0100367
0.0227467
0
0
0.03633
0.0166
0.00461333
0
0
0
0
0
0
0
0
0
0
0
0
0
0
0
0
0
0
0
0
0
0
0.00017
0
0
0
0.00051
0
0.00467333
0
0.00450333
0
0.0058
0
0.0113467
0
0.00744667
0
0.0111267
0.00673
0
0
0.00118333
0
0.00075
0.00075
0.00034
0.00034
0
0.00063
0.00068
0
0.00453
0
0.00649
0
0
0.02444
0
0.00381333
0.0304767
0.0135433
0.00334667
0.0132833
0.00029
0
0.03415
0
0
0
0
0
0
0
0.0143867
0.02081
0
0.0232633
0.000296667
0.000593333
0.000296667
0
0.00053
0
0
0
0
0
0
0
0
0
0
0
0.000556667
0
0
0.000556667
0
0
0
0
0.000183333
0.00403333
0
0.0220567
0.0297267
0
0
0
0.0259067
0
0.00282667
0.000356667
0
0
0
0
0
0
0
0
0
0
0
0
0
0
0
0
0
0
0
0
0
0
0
0
0.00017
0.00017
0.00017
0.00034
0
0
0.00017
0.00146667
0
0.0019
0
0
0.000433333
0.000433333
0
0
0.00034
0
0.00034
0.00147667
0.00113667
0.00503667
0.0132667
0.03071
0
0
0
0.05943
0.000153333
0.000153333
0.00311333
0.005
0.0182167
0
0
0
0
0
0.0167067
0.00649667
0
0
0
0
0.0279267
0.00133333
0.00163
0.0301833
0.0254467
0.00089
0.0286267
0.0181767
0.000593333
0.00119333
0
0
0
0
0
0
0
0
0
0
0
0
0
0
0
0
0.000556667
0
0
0
0.000493333
0
0
0
0
0.0194167
0.0162633
0.00294667
0
0
0
0.000116667
0
0
0
0
0
0
0
0
0
0
0
0
0
0
0
0
0
0
0
0
0
0
0
0
0
0
0
0
0
0
0
0.00146667
0
0
0
0
0
0
0.00165333
0.0102233
0
0.01883
0
9e-05
0.0534667
0.04463
0.0751867
0
0.0797833
0.000153333
0.0317833
0.0567967
0.01124
0
0
0
0
0
0
0.03609
0.0273167
0.000126667
0
0
0
0
0
0
0
0.0202933
0.0276233
0.0330833
0.01032
0.01226
0.00887
0
0.00104
0
0.00053
0
0
0
0
0
0
0
0
0
0
0
0
0
0
0
0
0
0
0
0
0.00427333
0
0.00736667
0
0.0125667
0
0
0
0.00541333
0
0
0
0
0
0
0
0
0
0
0
0
0
0
0
0
0
0
0
0
0
0
0
0
0
0
0
0
0
0
0
0
0
0
0
0.000856667
0.00209333
0.0114967
9e-05
0.04227
0.0516033
9e-05
0.0756833
0
0
0.0685133
0.0831967
0
0
0.00508333
0
0
0
0.00133333
0.0345433
0.0277633
0.0180367
0.000296667
0
0
0
0.00053
0.00053
0
0
0
0
0
0
0
0
0
0
0
0
0
0
0
0
0
0
0
0
0
0
0.00031
0.00062
0.00104333
0
0.0118367
0
0.0110167
0.01079
0.00552667
0
0.000476667
0
0.000116667
0
0
0
0
0
0
0
0
0
0
0
0
0
0
0
0
0
0
0
0
0
0
0
0
0
0
0
0
0
0
0.00123667
9e-05
0.01685
9e-05
0.00018
0.000493333
0.00345333
0.00607333
0.01216
0
0
0
0.0186867
0.0298833
0.02269
0.000126667
0
0
0
0.0174767
0.0372767
0.0403867
0.0405533
0.0277933
0.0141567
0.00878667
0.000376667
0
0
0
0
0
0
0
0
0
0
0
0
0
0
0
0
0
0
0
0
0
0.00394333
0.00633
0
0
0
0
0
0
0
0
0
0
0
0
0
0
0
0
0
0
0
0
0
0
0
0
0
0
0
0
0
0
0
0
0.0100267
0.00381667
0.0119867
0.00350333
0.0281433
0.0126033
0.00374
0.000416667
0
0.00034
0.0438733
0.0585567
0.0220867
0.0347333
0
0
0
0.0108633
0.00540667
0
0
0
0
0
0
0
0
0.00266667
0.01888
0.00296333
0.03038
0.0184833
0.0340133
0.0205567
0.00281667
0
0
0.000376667
0
0
0
0
0
0
0
0
0
0
0
0
0
0
0
0
0.00031
0
0.00031
0.000733333
0.000656667
0
0
0.00551
0
0
0.00294333
0
0.00036
0
0
0
0
0
0
0
0
0
0
0
0
0
0
0
0
0
0
0
0
0
0
0
0
0
0
0
0
0
0
0
0
0
0
0.00184333
0.00284333
0.01009
0.00833667
0.01166
0.00746667
0.02643
0.00876667
0.05609
0.0302967
0
0
0.0439667
0.000436667
0.0288333
0
0
0
0
0
0
0
0
0
0
0.01694
0
0
0.01009
0.0362067
0.0522967
0.0279033
0.000956667
0.000376667
0
0
0
0
0
0
0
0
0
0
0
0
0
0
0
0
0
0
0.00054
0
0.0027
0
0.00258333
0
0
0
0
0
0
0
0
0
0
0
0
0
0
0
0
0
0
0
0
0
0
0
0
0
0
0
0
0
0
0.0011
0.00294333
0.000263333
0.00604
0.00364667
0.00445667
0.0150067
0.00708667
0.000533333
0.00221333
0.00507667
0.0176233
0.0402433
0.03397
0
0
0
0
0.0165933
0.0199367
0.00610333
0.000646667
0.000323333
0.000126667
0
0
0
0
0.000193333
0.00152667
0.0152567
0.00773
0.04119
0.00690667
0.00116
0.0029
0.00058
8.33333e-05
0
0
0
0
0
0
0
0
0
0
0
0
0
0
0
0
0
0
0
0
0
0
0
0
0
0.000116667
0
0
0
0
0
0
0
0
0
0
0
0
0
0
0
0
0
0
0
0
0
0
0
0
0
0.000263333
0
0.00918
0.0163267
0.000263333
0.00045
0.00397
0.000206667
0
0
9.66667e-05
0.0139333
0.0143833
0.0177
0.0276733
0.0223733
0
0
0.00778667
0.00578
0
0
0
0
0
0.00752667
0.0157933
0.0236533
0.00860333
0.02637
0.0430167
0.06361
0.0594133
0
0
0
0
0
0
0
0
0
0
0
0
0
0
0
0
0.000233333
0
0.000116667
0
0
0
0
0
0
0
0
0
0
0
0
0
0
0
0
0
0
0
0
0
0
0
0
0
0
0
0
0
0
0
0
0
0
0
0
0
0.0286933
0.000186667
0.0245633
0.00126
0
0.00825333
0.0120433
0.01133
0.00197
0.00491
0
0
0
0
0
0
0
0.000193333
0.00344667
0.00502333
0.00467667
0
0
0
0
0.0106133
0.00706333
0.03929
0.01359
0.00058
0
0
0.000166667
8.33333e-05
0
0
0
0
0
0
0
0
0
0
0
0
0
0
0
0.000116667
0
0
0
0
0
0
0
0
0
0
0
0
0
0
0
0
0
0
0
0
0
0
0
0
0
0
0
0
0
0
0
0
0.0011
0.0117833
0.0248933
0.0353367
0.00580667
0.00131
0.00385
0.00497
0.00521667
9.66667e-05
0.000193333
0.00547333
0.0165
0.0174733
0.01977
0
0
0
0
0.00243667
0.00220333
0.000196667
0
0
0
0.00548333
0.00522333
0.0425533
0.01078
0.0665033
0.00198333
0.02437
0.0247367
0.00058
0.00418667
0.00145333
0
0
0
0
0
0
0
0
0
0
0
0
0
0
0
0
0
0
0
0
0
0.000116667
0
0.000116667
0
0
0
0
0
0
0
0
0
0
0
0
0
0
0
0
0
0
0
0
0
0
0
0
0
0
0
0
0
0
0
0
0
0
0
0
0
0.00139333
0.00584
0.0321333
0
0.000236667
0.000413333
0.000206667
0
0.00141333
0.000943333
0.00155667
0.00102333
0.00877667
0.00353333
0.00498
0.00629333
0
0
0
0
0
0
0
0.00672333
0.00167333
0.000196667
0.000196667
0
0
0
0
0
0.06674
0.04436
0
0.000253333
0
0
0
0
0
0
0
0
0
0
0
0
0
0
0
0
0.000123333
0
0
0
0
0
0
0
0
0
0
0
0
0
0
0
0
0
0
0
0
0
0
0
0
0
0
0
0
0
0
0
0
0
0.000293333
0.00526333
0
0.0405667
0
0.01908
0.00640667
0
0
0.000706667
0.00110667
0.00529
0
0.000193333
0.000723333
0.01163
0.00101
0
0
0
0
0
0
0.00101
0.05783
0.00140333
0.00314
0.00202333
0
0
0
0
0
0
0
0
0
0
0.000123333
0
0
0
0
0
0
0
0
0
0
0
0
0
0
0
0
0
0
0
0
0
0
0
0
0
0
0
0
0.03073
0.0200167
0.00031
0.000563333
0.000576667
0.00298
0.00244667
0.00616333
0.00497333
0
0
0
0
0
0
0
0.000663333
0.000896667
0.000233333
0
0
0
0
0
0
0
0
0.0166033
0.0232267
0.00127
0.00127
0
0.04145
0.00127
0.00267333
0.00534
0.00466
0
0.00017
0
0
0
0
0
0
0
0
0
0
0.00043
0
0.00036
0
0
0
0
0
0
0
0
0
0
0
0
0
0
0
0
0
0
0
0
0
0
0
0
0
0
0
0
0
0
0
0
0
0
0
0.00855333
0.01162
0.0215133
0
0.000236667
0.00307333
0.000443333
0.000103333
0.00021
0.00082
0.00341
0.00287333
0.00342667
0.00205333
0.00232333
0.00113333
0
0
0
0
0
0.00563
0
0
0
0
0
0
0
0
0.0253433
0
0
0
0.01276
0
0.0113267
0
0
0
0
0
0
0
0
0
0
0.00015
0
0.00058
0.00079
0.00072
0.000843333
0
0.000606667
0
0
0
0.000123333
0
0
0
0
0
0
0
0
0
0
0
0
0
0
0
0
0
0
0
0
0
0
0
0
0
0
0
0
0
0
0
0
0
0
0.000816667
0
0.02144
0
0.00034
0.000103333
0.01272
0.0144733
0.00401
0.00433
0.00264333
0
0
0
0
0
0
0
0
0
0
0
0.0256767
0
0
0
0.00752
0.00750667
0
0
0
0
0
0
0.00015
0.00120333
0
0
0
0
0
0
0
0
0
0
0
0
0
0
0
0
0
0
0
0
0
0
0
0
0
0
0
0
0
0
0
0.00011
0.000633333
0
0.000863333
0
0.00433667
0.00740333
0.00761667
0.000213333
0.00334667
0.00297
0.00257
0.01486
0.00021
0.0247367
0.00382
0.02637
0.00112
0.00308
0
0
0
0
0.0051
0.0106033
0
0
0
0
0
0
0
0
0
0.03167
0.0248367
0
0
0.01066
0.00127333
0
0
0
0
0
0
0
0
0
0
0
0
0
0.00073
0.000246667
0
0
0
0.00263
0
0
0
0
0
0
0
0
0
0
0
0
0
0
0
0
0
0
0
0
0
0
0.00011
0
0.00867667
0
0
0.00257667
0.000206667
0.000103333
0.00110667
0.00410667
0.0366333
0.01751
0.00801667
0.01971
0.00399667
0.00330667
0.00058
0.000836667
0
0
0
0
0
0
0
0
0
0.00550333
0
0
0
0
0
0
0
0
0.0153933
0
0.0118333
0.0144433
0.0203767
0.00110333
0
0
0
0
0
0
0
0.00015
0
0.00537333
0.00558333
0.00693
0.000123333
0
0
0
0
0
0
0.000163333
0
0.00279333
0.00263
0
0
0
0
0
0
0
0
0
0
0
0
0
0
0
0
0
0
0
0
0
0
0
0
0
0
0
0
0
0
0
0
0
0.000673333
0
0.00556667
0.00011
0
0.000583333
0.00351333
0.0374533
0
0
0
0
0
0
0
0
0
0
0
0
0.00694333
0.00364667
0.00859333
0.01196
0.01973
0.03059
0.0272567
0.0165433
0
0.00715667
0
0
0.00192333
0.00671667
0.01124
0
0.00669333
0
0
0
0.000163333
0
0
0.000136667
0.000136667
0
0
0
0
0
0
0
0
0
0
0
0
0
0
0
0
0
0
0
0
0
0.00048
0.000813333
0
0
0.000796667
0
0.00405333
0
0
0.00453667
0.00119333
0.00048
0.00115
0.000103333
0.000103333
0.0218633
0.01051
0.03244
0.00940667
0.02209
0.02393
0.0132467
0.000743333
0.00153333
0.00691667
0
0
0
0
0
0
0
0
0
0
0
0
0
0
0
0
0
0
0
0.00347
0
0
0
0
0
0
0
0
0
0
0
0
0
0
0
0
0
0.00538667
0
0
0.000136667
0
0
0
0
0
0
0
0
0
0
0
0
0
0
0
0
0
0
0
0
0
0
0
0.00026
0.00063
0.00405667
0
0
0
0.000896667
0.02952
0.0338333
0.01436
0.00518
0.00236
0
0
0
0
0
0
0
0
0
0
0
0
0
0
0
0
0
0
0
0
0
0.000233333
0
0.00200667
0
0.0166567
0.02097
0.0106333
0
0
0
0.00542333
0
0.00801667
0
0
0.000563333
0
0
0
0
0
0
0
0
0
0
0
0
0
0
0
0
0
0
0
0.00026
0
0
0.00103667
0.0009
0
0.000946667
0
0.000713333
0
0
0.00104
0
0
0.00926
0.000896667
0.0077
0.037
0.0319867
0.02546
0.00185667
0.00724
0
0
0
0
0
0
0
0
0
0
0
0
0.00161333
0
0.000286667
0.000286667
0
0.00705667
0.00100333
0
0
0
0
0
0
0
0.0206
0
0.00642333
0
0
0.002
0
0
0.00279333
0
0
0
0
0.00318333
0
0.0007
0.000273333
0
0
0
0
0
0
0
0
0
0
0
0
0
0
0
0
0
0
0
0
0
0
0
0.00410333
0.00704333
0
0.00390333
0
0
0
0.000233333
0.000466667
0
0
0
0.00215333
0
0.00219
0.0131733
0.0307833
0.00982667
0.0210167
0.0246433
0.0158533
0.00219667
0.000903333
0
0
0
0
0
0
0
0
0
0
0
0
0
0
0
0.00144
0
0
0
0
0
0.00042
0.000706667
0.0109733
0.000396667
0.0232067
0.0281333
0.00011
0
0
0
0
0.000233333
0.00387667
0
0.0137333
0
0
0.00203333
0
0.000236667
0
0.00286667
0
0.000136667
0
0
0
0
0
0
0
0
0
0
0
0
0
0
0
0
0
0
0
0
0
0.00073
0.00099
0.00446333
0.00104
0.000706667
0
0
0
0
0.00933333
0.02244
0.0116133
0
0
0
0
0
0
0
0
0.00144
0
0
0
0
0
0
0
0.00152667
0.00417
0.01513
0.0180633
0.0223167
0.02144
0.0106267
0
0.00100333
0
0
0
0
0
0
0
0
0
0.00210333
0
0
0
0
0.000156667
0
0.01176
0.00955667
0
0
0
0
0
0
0
0
0
0
0
0
0
0
0
0
0
0
0
0
0
0
0
0
0
0
0.00222667
0.00463333
0.0178833
0.00909333
0.00470333
0.00212
7.66667e-05
0.000826667
0
0
0
0
0
0
0
0
0
0
0
0
0
0
8.66667e-05
0.00084
0.00408333
0.00383667
0.01407
0
0
0
0
0
0
0
0
0
0
0
0.03249
0.0258133
0.0176
0
0.00219
0.000143333
0.00038
0.00365
0.02155
0
0
0
0
0
0
0
0
0
0
0
0
0
0
0
0
0
0
0
0
0.0128033
0.00966333
0
0.00247
0
0
0
0
0
0.00120333
0
0.0187133
0.01849
0.00704
0.0213733
0.0174133
0.0159033
0.00101667
0
0
0
0
0
0
0
0
0
0
0
0
0
0
0.00372667
0
0
0
0
0
0
0.00397
0.00447
0.00871333
0.00408667
0.00162667
0.0149567
0.00106667
0.00078
0.0142833
0.00465333
0
0.00108333
0
0
0
0
0
0
0.00187
0.00374
0.0147567
0
0.0239867
0
0.01446
0.00331667
0.000313333
0.000156667
0.00116333
0
0
0.0107533
0.00451667
0
0
0
0
0
0
0
0
0
0
0
0
0
0
0
0
0
0
0
0
0
0.00073
0.0101433
0.0235867
0.0237767
0.0088
0
0
0.00846667
0
0
0
0
9e-05
0
0.00957667
0.00129333
0.00766333
0.00507
0.00266
0
0
0
0.000183333
0.00414667
0.00471667
0.00802667
0
0
0
0
0
0
0
0
0
0
0.00653667
0.0187367
0.02724
0.0143267
0
0
0
0.00974333
0
0.0215067
0
0
0.00453667
0.000583333
0
0.000136667
0
0
0
0
0
0
0
0
0
0
0
0
0
0
0
0
0
0
0
0.00146333
0
0.00740333
0
0
0.0144567
0.0104633
0.00247
0
0
0
0
0
9e-05
0
0
0.00872333
0
0.01162
0.00637
0.01054
0.00097
0
0
0
0
0
0
0
0
0
0
0
0
0
0
0
0
0.00391
0
0
0
0
0
0
0
0
0
0
0
0.000473333
0.000473333
0.00123
0.00764333
0.00056
0.00419333
0.00747333
0.00398333
0.00373
0
0
0
0
0
0.00203333
0
0
0.0178833
0
0.000436667
0.00144
0.00058
0.00439
0.03163
0
0.0230367
0
0
0
0
0
0
0
0
0
0
0
0
0
0
0
0
0
0
0
0.000506667
0.0398967
0
0
0.01321
0.00521667
0
0
0
0
0.00396333
0.00151333
0
0.00658
0.00567333
0.00812667
0.000353333
0.000353333
0.00105667
0
0
0
0
0
0
0
0
0
0
0
0
0
0.000183333
0
0
0
0
0.0104033
0
0.00980667
0.0019
0
8e-05
0
0
0
0
0
0
0
0
0
0.00312333
0.00575667
0
0.00856333
0.00053
0.000966667
0.00404333
0.0105767
0
0
0.0315867
0
0
0
0
0
0
0
0
0
0
0
0
0
0
0
0
0
0
0
0
0
0
0
0
0.00068
0.00118667
0.000733333
0.00065
0.0157367
0.0291767
0.000143333
0.000143333
0.0453167
0.0337167
0.0406633
0
0
0.0238167
0
0.0004
0
0.0275367
0.0236667
0.00417
0.00241
0.00241
0.00660333
0.0109533
0
0
0
0
0
0
0
0
0
0
0
0
0
0
0.0228233
0
0.0369367
0
0.02417
0.00378333
0
0
0.00016
0
0
0
0
0
0.000163333
0
0.00481333
0
0
0.0072
0.00364333
0
0
0.01711
0.00484667
0
0
0
0
0
0
0
0
0
0
0
0
0.000273333
0
0
0.00059
0
0.000316667
0
0.04283
0
0
0.0227767
0
0
0.0404367
0
0.0233
0.00015
0.00298667
0.00319
0
0
0
0
0
0
0
0.000393333
0.000393333
0
0
0
0.00753333
0.00409333
0.000366667
0
0
0
0.0136067
0
0.00407333
0.0216
0.00436333
0.00056
0.000623333
0.000413333
0
0
0
0
0
0
0
0
0.00125333
0.00626667
0.00595667
0.00053
0.0019
0.00540667
0.00128333
0.00834
0
0
0.01677
0.01763
0.0233633
0
0
0.00114
0
0.000693333
0
0
0
0
0
0
0
0
0
0
0
0
0
0
0
0
0
0.000996667
0.0046
0.00734
0.00407
0.0101333
0.000236667
9.33333e-05
0
0
0
0.00318333
0
0
0.000596667
0.00016
0
0
0
0.0328333
0
0.000183333
0.00873667
0
0
0
0
0
0
0.000173333
0.000566667
0
0
0
0
0
0
0
0
0
0
0
0
0.05423
0
8e-05
0
8e-05
0
0
0
0
0
0
0
0
0
0.00201667
0
0.0210267
0.0220633
0
0
0
0
0.000246667
0
0
0
0
0
0
0
0
0
0
0
0.000546667
0.00441
0.00107
0.00365667
0.000186667
0.0460333
0.0565633
0.01626
0.000156667
0.000156667
0.000686667
0.0665733
0
0
0.0300633
0.000183333
0.02292
0
0
0
0.00256333
0.00217
0.00463667
0.00246667
0.000136667
0.000136667
0
0
0.000183333
0
0.0204867
0.0542833
0.0401167
0.00029
0.00058
0.0421367
0.0262
0.00583
0.00029
0.00066
0.00066
0
0
0
0
0.000163333
0
0
0
0
0.00111667
0.00096
0.0054
0
0.0215733
0.0198933
0.0160167
0
0.00094
0
0
0
0
0
0
0
0
0
0
0
0
0
0.000273333
0
0
0
0.000336667
0.0183867
0.0354267
0
0
0.000533333
0
0.0108433
0
0
0.0593367
0.0008
0.000766667
0.0207
0.0305333
0
0
0
0
0
0.000483333
0.000656667
0.00661333
0.000136667
0
0.00032
0
0
0
0
0
0
0
0.0372867
0
0
0.0621567
0.05823
0
0
0
0
0
0
0.000163333
0.000163333
0
0.000926667
0.00142667
0.000616667
0.000616667
0.00767667
0.02037
0
0.02821
0
0
0.0142733
0
0.00355333
0.00235
0
0.00232
0.000216667
0.000216667
0
0
0
0
0
0
0
0
0
0
0
0
0
0.00509
0.00823
0.0205867
9.33333e-05
0.0531133
0.0488133
0
0
0
0
0.000756667
0
0.00032
0.000156667
0.000333333
0.00364
0.01364
0.0303933
0
0.03849
0.00421667
0.00643667
0.0186033
0
0
0
0
0.0130467
0.0150433
0.0164567
0.0204667
0
0.0178767
0.00740667
0.00394333
0
0
0
0
0
0.07056
0.00029
0.00029
0.00593
0
0
0
0
0
0
0
0
0
0
0
0.0005
0.0001
0.0005
0.00053
0.02935
0
0
0
0.0101567
0
0
0
0
0
0
0
0
0
0
0
0
0
0
0
0
0
0.000273333
0.00082
0
0.0214933
0.0307467
0.00827667
0
0.03825
0.0225433
0.00016
0
0
0.00344
0.0602
0.08125
0.0557467
0.000183333
0.03721
0
0.00616
0.0181567
0.05936
0.07118
0.000113333
0
0
0
0
0.000146667
0.00232667
0.0607433
0.00218
0.07985
0.00242333
0.0715
0
0
0.00066
0
0
0
0
0
0
0
0
0
0.00333667
0.0381667
0.0212133
0
0.00605333
0
0
0.00469667
0
0.000216667
0
0
0
0
0
0
0
0
0
0
0
0.000546667
0
0.00123
0.00545667
0.00144667
0.0242767
0.0176567
0.0152867
0.00495
0.05113
0.00721667
0.0582867
0.00245333
0
0.00962667
0.000756667
0.00032
0
0
0
0
8e-05
0.00593667
0.0380233
0.0142667
0.0214467
0.0315
0
0
0
0
0
0
0.000223333
0.000706667
0.0575267
0.0492033
0.01228
0.00591667
0.00025
0
0
0.00479
0.00114333
0.00100667
0
0
0
0
0
0
0.00460333
0.000183333
0.0259267
0.000183333
0.01009
0
0
0
0
0
0
0
0
0
0
0.03166
0.000346667
0
0.00318667
0.000573333
0
0.00267333
0.000266667
0.01581
0.0168367
0.00569333
0
0
0
0
0
0
0
0
0
0
0
0
0
0
0
0
0
0.00978
0
0
0
0
9.33333e-05
0.00027
0
0.0179333
0.0449433
8e-05
0.08468
0.00309667
0.0664133
0.00877
0.01751
0.0123733
0.0277133
0.0231933
0.01481
0
0
0
0
0
0.00621
0.0474767
0.0693733
0.105773
0.000146667
0
0
0
0.0822133
0.0561467
0.000183333
0.0335
0.00482
0.00066
0
0.00066
0
0
0
0
0
0
0
0.000573333
0
0
0
0.0001
0.00566333
0.0189833
0.0256833
0
0.0108133
0.00441667
0.000346667
0
0
0.000266667
0.00033
0.00735333
0.00398
0
0
0
0
0
0
0
0
0.000273333
0
0
0
0.02466
0.000243333
0.000243333
0.00135333
0.0420867
0.0651267
0.04939
0.00929
0.00016
0.00521
0.00219667
0.00970333
0
0.0483333
0.06702
0.0355167
0.02239
0.0293467
0.01429
0
0
0
0
0.0966967
0.121927
0.00578
0.000113333
0
0
0.00073
0
0.000223333
0.113303
0.00558667
0.08072
0.00334667
0.0675033
0.0589833
0.000366667
0.000183333
0
0
0
0
0
0
0
0
0.000226667
0
0.000326667
0.00295667
0.0169533
0.0198433
0.000346667
0.0134867
0.000693333
0.00308
0.00286
0.00324
0.00332
0.00280667
0.00111667
0.00296
0.00302333
0
0
0
0
0
0
0
0
0.00147333
0
0.0057
0.0115967
0.0339133
0.0274367
0.00829333
0.0213667
0.00290667
0.000546667
0.0392633
0.0151467
0
0.00026
0
0
0.00016
0.0512333
0.03609
0.0523433
0.0548333
0.0226733
0
0
0
0.175977
0.158313
0
0
0
0.000583333
0.00413
0.0162967
0
0
0
0
0
0
0.00572667
0.125483
0.0571833
0.137467
0.00776667
0.113233
0.0178833
0
0
0
0.000573333
0
0.00114667
0.000573333
0
0
0
0.00446333
0.00411667
0.00144333
0.00400333
0.000233333
0
0.000173333
0.000173333
0.00102333
0.00693
0.00877333
0.00033
0
0
0.00376333
0
0
0
0
0
0
0
0
0
0.000106667
0
0
0.000496667
0
0.000496667
0
0.000273333
0
0.00079
0
0.0163833
0.0399367
0.0316767
0.0577633
0.0122067
0.0736233
0.00799
0
0
0
9.33333e-05
0
0.00852333
0.00274
0.00163
0.00237
0.05293
0.0419533
0.0256267
0.0586967
0.0189633
0.01211
0.01899
0.0335733
0.0215067
0
0
0
0
0.04554
0.0806233
0.0486367
0.01074
0
0
0.00100667
0
0
0
0
0.000813333
0.00631667
0.135767
0.0935333
0.02039
0.00392333
0.00504
0
0
0
0
0
0
0
0.00413667
0.00363333
0.00778667
0.00773667
0.00701
0.01909
0.0261667
0.0364967
0.02741
0.0198133
0
0
0
0.000106667
0
0.000603333
0.0015
0.00100333
0
0
0
0
0
0.00987
0.000243333
0.0209667
0.07407
0.02726
0.01459
0.00950667
0.0372133
0.000876667
0.00611667
0
0.000126667
0.00222667
0.0003
0.00215667
0.00203
0.00406
0.00477
0.0224267
0.0108067
0.00429
0.00530667
0.0408667
0.0656833
0.0340233
0
0
0
0
0
0
0.0147333
0
0
0.0166367
0.02139
0.14775
0.0211533
0.0207833
0.0762533
0.04749
0.0146033
0.00394
0.000383333
0
0
0
0
0
0
0
0
0
0
0
0
0.00101667
0.00435667
0.00448667
0
0
0
0.00747667
0.00913333
0
0.00557
0.00801333
0
0.00257
0
0
0
0.00011
0.00011
0.00224
0.000476667
0.000366667
0.00381333
0.00787667
0.00379333
0.00209
0.00756333
0.00122333
0.00122333
0.00434667
0.000576667
0.00683667
0.01997
0.00338333
0.00335333
0.0003
0.00729333
0
0
0
0
0
0
0
0
0.000516667
0.00329
0
0.00121667
0.0121467
0.0238867
0.0404733
0.03202
0.0601733
0.00983667
0.0425133
0.000876667
0.00733333
0.00799333
0.03772
0.0176167
0.02116
0.0416833
0.0186867
0.00956333
0.0120367
0.0247133
0.00806
0.02763
0.0490933
0.03411
0.154513
0.203123
0.18546
0.156827
0.04793
0.0100333
0.00496
0
0
0
0
0
0
0
0
0
0
0.0648733
0.02696
0.00309
0
0
0
0
0.00059
0.13387
0.0360167
0.12764
0.117287
0.00088
0
0
0
0
0
0.000443333
0.000473333
0.000473333
0.000853333
0.00513667
0.00607667
0.0003
0
0
0
0
0
0
0
0
0.00299333
0
0
0.00659333
0
0
0
0
0.01237
0.00618
0.01688
0.02555
0.04525
0.0341967
0.06643
0.0649733
0.0116933
0.01063
0.0112133
0.02225
0.0141767
0.0261867
0.06626
0.08444
0.08468
0.0752033
0.0253
0.0479767
0.05238
0.0759133
0.216327
0.2279
0
0
0.00459
0.00799
0
0
0
0
0
0.0133
0.0830067
0.110333
0.0232167
0.0334867
0.01956
0.00176
0.00687333
0.00349667
0.00329667
0
0
0
0
0
0
0
0
0
0.0124733
0
0
0.00038
0.000226667
0.00146333
0.00285667
0.00619333
0.000866667
0.01935
0
0.0162467
0
0.000733333
0.000563333
0.00637667
0.0096
0.0118
0.0241233
0.0209867
0.0325167
0.00374667
0.000216667
0
0.000106667
0.00798
0.00232667
0
0.00132333
0
0.000973333
0.00194667
0.00691
0.0554367
0.0465167
0.0688167
0.0134367
0.000876667
0.00645667
0.00601667
0
0.00692333
0.01121
0.0107267
0.0328167
0.0402333
0.0456667
0.0394233
0.03546
0.0299133
0.0475533
0.02447
0.0922633
0.13411
0.15917
0.160043
0.197
0.0560133
0
0
0
0
0
0
0
0.06632
0.0157133
0.00248
0.000396667
0
0
0
0
0
0
0
0
0
0.00275667
0.0894667
0.0629567
0.0825433
0.0600333
0.0389867
0.00522
0
0
0.00282333
0.000276667
0.00265667
0.0275967
0.0165067
0.0241067
0.0207167
0.02617
0.01129
0.02232
0
0
0
0
0
0
0
0
0.00249667
0.0205267
0.0167567
0.000706667
0
0.0558833
0.0447067
0.0284033
0.0419067
0.01833
0.0113033
0.01936
0.00848333
0.00016
0
0
0
0
0.00039
0.000516667
0.00380333
0.00544333
0.00974333
0.01932
0.0891867
0.07292
0.103527
0.0362
0.190313
0.146063
0.0819867
0.00496
0
0
0
0
0
0.00400667
0
0
0.24726
0.27281
0.258737
0.04653
0.06256
0.0726267
0.02196
0.00927333
0.00945333
0.00344333
0.000146667
0
0
0
0
0
0
0
0.00126333
0.00809667
0.0106167
0.0235967
0
0.0223333
0.0308967
0.0199167
0.0174067
0
0
0.00575667
0
0.000166667
0.00136333
0.00223
0.000866667
0
0
0.01507
0
0.00326
0.00105667
0.00541333
0.01002
0.00889667
0.00412333
0
0
0
0
0.00203
0
0.000706667
0
0.00277333
0.00287667
0.00589333
0.00421
0.00684667
0.01139
0.0154967
0.0282333
0.0463133
0.06865
0.0405333
0.00364333
0.00217667
0.00016
0
0
0.000206667
0.00499667
0.01688
0.0205167
0.0140733
0.03213
0.02627
0.02216
0.0139733
0.0711933
0.182387
0.0196167
0.00646
0
0
0
0.0272433
0.01455
0.0140267
0.000793333
0
0
0
0
0.10178
0.18527
0.0468867
0.00434
0
0
0
0
0
0
0
0
0.00354667
0
0.000486667
0.0178433
0
0.0362133
0.02679
0
0.0162367
0.0003
0
0
0
0
0.000133333
0
0
0
0.00252333
0
0
0.0187133
0.0307533
0
0.000706667
0.000973333
0.0255833
0.0403967
0.0491767
0.00446667
0.0106167
0.0106633
0.03282
0.0179733
0.05843
0.03285
0.07305
0.05284
0.05431
0.0531433
0.0386433
0.615367
0.422087
0
0
0
0
0
0
0
0
0.00339667
0.00740333
0
0
0
0
0
0.00216667
0.276597
0.229297
0.160597
0.0260133
0.04933
0.0589433
0.05825
0.0855033
0.05954
0.0353933
0.0127567
0.00694667
0
0
0
0
0
0
0
0
0
0.000233333
0.000166667
0
0.00136333
0.00136333
0.0264133
0.0205567
0.00881667
0.000473333
0.00105667
0.00654667
0.00895333
0.02994
0.02967
0.01623
0.00866333
0.00312
0.000216667
0
0
0
0.00712333
0.01822
0
0.0397967
0.03374
0.0209267
0
0
0.00188333
0.00279333
0.0114433
0.0611667
0.0446833
0.07017
0.0776167
0.0462167
0.0768867
0.0342333
0.00044
0
0.00016
0.00118
0.0216333
0.0182033
0.03199
0.02009
0.0111667
0.01364
0.0211
0.0955033
0.09346
0.0589333
0.01263
0.0716633
0.0476733
0.126757
0.389417
0.397123
0
0
0
0
0
0
0
0
0
0
0.00512
0.0344367
0.238113
0.0931033
0.05383
0.07401
0.0134433
0.00434
0
0
0
0.0261633
0.0312333
0.0180233
0.00635333
0
0.00297
0.01482
0
0.00057
0.000666667
0.00113333
0.0229533
0.00922667
0.000593333
0
0
0
0
0
0.00720333
0.000103333
0.0261567
0.0238567
0.0130533
0.00406667
0.00710333
0.00146
0.00150333
0.00044
0.00032
0
0
0.0197567
0.0111333
0.01086
0.0240633
0.0886233
0.152227
0.382033
0.0015
0
0
0
0
0
0
0
0
0
0
0.000396667
0.000396667
0
0.13944
0.162947
0.204887
0.02407
0.01583
0.0129767
0.0245033
0.01595
0.02051
0.01158
0.0187967
0.0820733
0.00964667
0.0699367
0.03545
0.00466333
0.0224033
0
0
0
0
0
0
0.00082
0.00560333
0.0124367
0.0175233
0
0.00340333
0
0.00059
0
0
0.03626
0
0.0363067
0.03019
0
0.00669
0.000193333
0.0178033
0.00411
0.0118367
0.01056
0.0118233
0.00888
0.000376667
0.00282
0
0
0
0
0
0
7.66667e-05
7.66667e-05
0.0288033
0.03834
0
0
0.00159667
0
0.000706667
0
0
0
0
0
0
0.00091
0.00119333
0.0158967
0.02329
0.0443367
0.0600833
0.00276
0.00255667
0
0.00239667
0
0.00079
0.0257133
0.0203367
0.00937
0.0206067
0.00576333
0.0650667
0.0842
0.03292
0.0839
0.429437
0.379693
0.58391
0.743383
0.00092
0.00131667
0.000396667
0
0
0
0
0
0.00295333
0.0339333
0.0554467
0.00286
0.000146667
0
0
0
0
0
0
0
0.02252
0.0196733
0
0.000343333
0
0
0
9.66667e-05
9.66667e-05
0.00445667
0.00933333
0.00321333
0.000476667
0.00282
0
0
0
0.000133333
0.000266667
0.00486667
0.00803
0.02087
0
0
0.0243533
0.00677
0.00737
0.03517
0.00223667
0
0
0.00079
0.00634333
0.00518667
0.01197
0.0275133
0.02406
0.00759667
0.00824333
0.0237267
0.03912
0.05238
0.07037
0.0539333
0.150627
0.633983
0
0
0
0
0
0
0
0.000686667
0.00408333
0.01438
0
0
0
0
0.00461667
0.10297
0.00267333
0.0015
0.04486
0.0531733
0.00350333
0.0784633
0.00210667
0.0831367
0.000866667
0.05701
0.02034
0
0.00405667
0.000553333
0
0
0
0
0
0
0
0
0.000423333
0.0128133
0
0.0246167
0
0.00683333
0
0.00094
0.01212
0.01441
0.0173333
0.0204633
0.00333667
0
0.00039
0.000313333
0
0.0111067
0
0
0
0.00130667
0
0.00129
0.00238
0.00667
0.0153833
0.0231033
0.0168367
0.04395
0.0343733
0.0373767
0.0447267
0.0328333
0.00640333
0.00441
0.00534667
0
0
0.0308667
0.0182667
0.0368233
0.00865
0.0792667
0.01627
0.02756
0.0857333
0.03488
0.0643267
0.07756
0
0
0
0
0
0
0
0
0
0.0282333
0.05225
0.0943167
0.121067
0.0799533
0.07388
0.0120867
0.00194
0
0.08334
0.0464033
0.04217
0.0295133
0.00780333
0
0.000406667
0
0
0
0
0
0
0
0
0
0.00328
0.00022
0.00011
0
0.000796667
0
0
0.0209067
0
0.00914667
0.00318
0.00283667
0.00368
0
0
0
0
0
0
0
0
0.000316667
0.000133333
0.00153333
0.00184667
0.000643333
0.00033
0.0348367
0.0269067
0
0.00615667
0.0651733
0.0209633
0.0220867
0.0122567
0.0087
0.000363333
0.00780667
0.00485667
0
0.0127667
0.00439667
0.0286667
0.03533
0.0136467
0.0226767
0.00713333
0.00767667
0.00824333
0.06539
0.0471067
0.02085
0.0695533
0.134577
0.191623
0.367527
0.289187
0.39617
0
0
0
0
0
0.000173333
0.00086
0.00398667
0.01411
0
0
0.00166333
0.00332667
0.00543
0.0226233
0.00234667
0
0
0.000123333
0.000123333
0
0
0
0
0
0
0
0
0
0.00156333
0.00041
0.06935
0.00041
0.000323333
0
0
0
0
0
0
0.00478333
0.00524333
0.01115
0
0.00799667
0.00339667
0
0
0
0
0
0.0150067
0
0
0.000443333
0.000626667
0.000516667
0.000316667
0.00343
0.00467333
0.0176467
0.0220767
0.000423333
0.01354
9.33333e-05
0.00670333
0.00089
0
0
0
0.000396667
0.00129
0.04648
0.0424367
0.0287933
0
0.0343333
0.0118667
0.0108
0.00401667
0.00426667
0.00574333
0.0241367
0.00465
0.0466067
0.0253667
0.0481867
0.0330767
0.03004
0.0470733
0.04067
0.0498333
0
0
0
0
0
0.04514
0.0419333
0.0279633
0.07318
0.000246667
0
0
0.0981133
0.0569
0.0406867
0
0
0
0.000476667
0.00821333
0.0124633
0.00331333
0
0
0.000373333
0.0127133
0
0.01234
0
0.000933333
0.000596667
0.000443333
0.00578
0.00325667
0.0001
0
0
0
0
0.00394667
0.00508667
0.00401667
0.00166
0
0.00089
0
0.000396667
0.000793333
0.00214333
0.0189667
0.02423
0.0285467
0.02349
0.00277333
0.000363333
0
0
0.03504
0.000936667
0.00136
0.0511333
0.0421433
0.0410533
0.0216533
0.0447533
0.0176533
0.0347467
0
0
0.00275333
0.00588
0
0
0.00166333
0.0282233
0.00117333
0
0
0.0910167
0.000123333
0
0
0
0
0
0
0
0.0973567
0.00261333
0.0829833
0.05576
0
0
0.00471667
0.000823333
0
0
0
0
0
0
0
0
0.000476667
0.00046
0.00144
0.000963333
0.00678333
0.000336667
0.00011
0.0006
0
0
0
0.00278
0.000466667
0.00324667
0
0
0
0.00013
0
0.0001
0
0
0
0.000133333
0.000133333
0
0.00514333
0.00137667
0.01011
0.00950333
0
0
0
0
0.000396667
0.00048
0.0210233
0.00729667
0.0236133
0.0213867
0.01656
0.0169133
0.0044
0.02057
0.000476667
0.0106567
0.00819
0
0.00567667
0.00305667
0.00055
0.000113333
0
0.00653667
0.00478
0.0111433
0.0165867
0.00557333
0.0252533
0.0312367
0.00486
0.01109
0.0428867
0.02897
0.0316133
0.0236833
0
0
0
0
0
0.0472467
0
0.01215
0.0128833
0
0
0.0722533
0
0.00611
0.00358333
0.0240633
0.0171233
0
0.00486333
0
0
0
0
0
0
0
0.000476667
0.00054
0.00238667
0.00427667
0.00215333
0
0
0
0.000486667
0
0
0.000223333
0.00285667
0.00282
0.0001
0
0
0
0
0
0
0.01521
0.0149533
0.00238333
0.00574333
0.00246333
0
0.00116
0.01724
0.00231
0
0
0
0.0253267
0.00230333
0.000836667
0.0122433
0.0345067
0.0304033
0.0204767
0.0447633
0.035
0
0
0
0
0
0.00258
0.01811
0.00166333
0.00210333
0.00420667
0.00298333
0.00298333
0.00088
0
0.00513
0.00037
0.000246667
0
0
0
0
0
0.00762
0.00358333
0.000416667
0
0
0
0.00062
0.00331333
0.000226667
0
0
0
0
0.000113333
0
0.000226667
0.000113333
0
0
0
0
0
0
0
0
0.000203333
0.00011
0
0
0.00173
0
0.00536
0.0248733
0.01679
0.00177667
0.000286667
0.00077
0.000193333
0
0
0
0
0
0
0.000306667
0
0.00450667
0.00698333
0.00884333
0.00414
0.02633
0.00032
0.000113333
0
0.0137033
0.0256
0.0338667
0.000383333
0.0328867
0.000686667
0.00104667
0.00107333
0.0123733
0.0104267
0
0
0
0
0
0.00044
0.00117333
0.00117333
0
0
0.000123333
0
0
0
0
0
0
0
0.08853
0.0764333
0.0134933
0.0323367
0.00491667
0.0168533
0.00142
0.000536667
0.000536667
0
0
0
0
0
0
0
0.00565333
0.00759
0.0103467
0.00703333
0
0
0
0
0
0
0
0
0
0.00011
0
7.66667e-05
0
0
0.00100667
0.00232667
0
0
0
0
8.33333e-05
0.00739667
0.00212
0.00984
0.00224333
0.0303333
0.02963
0
0
0.00395
0
0.01068
0
0.000383333
0.0159367
0.000303333
0.00657333
0.0148333
0.02619
0.0279667
0.0404067
0.0488233
0.0521167
0.0379333
0
0
0
0.00044
0.00088
0.00044
0
0
0
0
0.00276333
0
0
0
0
0
0
0.0628767
0.0438433
0.0123
0.00195667
0.00097
0.000416667
0
0
0
0
0
0
0
0.00469
8e-05
0.00849
0.00016
0.000306667
0.000226667
0
0.000113333
0
0
0
0
0.000186667
0
0
0
0
7.66667e-05
0.00149
0
0
0.0151667
0
0.01851
0.00100667
0
0
0
0
0
0
0.000166667
0.00686333
0.0182667
0.000206667
0
0.00814333
0
0.00427333
0.00349333
0
0.000383333
0.02894
0
0.000346667
0.000553333
0.00814333
0.00975
0.00593333
0.0013
0.00584667
0
0
0
0.000906667
0.00348667
0.0324133
0
0
0
0.00764667
0.00264
0.000123333
0
0
0
0
0
0.0197867
0.0221633
0.0063
0.000833333
0.000553333
0.00249333
0
0.00466333
8e-05
0.0207
8e-05
0.0295733
0.02012
0.00488667
0.000276667
0
0
0
0.000113333
0
0
0
0
0
0
9.33333e-05
9.33333e-05
0
9.33333e-05
0
9.33333e-05
0
0
0
0
0
0
0
0
0.0237967
0.0319067
0.0268767
0.00732667
0.000193333
0.000193333
0
0.000306667
0
0.00365333
0.00395333
0.01981
0
0.00823667
0
0
0.0341967
0
0.00566333
0.0266867
0.00968667
0.0475233
0
0
0
0.0110533
0.0275767
0
0
0
0
0.0441667
0.0120933
0
0
0
0
0.0490767
0.0316733
0.00961333
0
0.000536667
0
0
0
0
0
0
0
0
0
0
0.0179733
8e-05
8e-05
0.00144333
0
0.000276667
0
0
0
0
0
0
0
0
0
0
0
0
0
0.000153333
0
0
0.00554333
0.00045
0
0
0
0
0
0.000306667
0.000306667
0
8.33333e-05
0.000176667
0.0003
0.000206667
0.000206667
0
0
0.00383667
0
0
0.0168967
0.0258367
0
0
0.0350933
0
0.000346667
0.01057
0.000326667
0.00189
0.0338367
0.0213067
0.0388933
0
0
0
0
0.00121667
0.00878333
0
0
0
0
0
0
0
0
0
0
0
0
0.04563
0.0351633
0.0171333
0.00107333
0.000536667
0
0
0
0
0
0
0
0
0.00045
0
0
0
0
0
0
0
0
0
0
0
0
0
0
0
0
0
0
0.000153333
0
0.00149
0.0035
0
0.01576
0.0242433
0.02239
0
0
0.0174133
0.00726333
0
0
0
0.00073
0.0126533
0.0149
0.00973
0
0
0.0261933
0
0.000633333
0.00822333
0.000346667
0
0
0
0
0.00031
0.0388367
0
0
0
0
0
0
0
0
0.0456033
0.00708667
0.00251667
0
0
0
0
0
0
0
0
0.02115
0.0287467
0.04152
0.03733
0.0334933
0.0102867
0.00028
0
0
0
0
0
0
0.0123533
0.0250767
0
0
0.04016
0.02171
0
0.000276667
0
0
0
0
0
0
0
0
0
0
0
0
0
0
0
0
0
0.01455
0
0.0143233
0.01418
0
0
0
0
0
0
0
0
0.000123333
0
9.33333e-05
0.000853333
0.00119667
0
0
0
0
0.000436667
0
0
0
0
0.0139333
0
0.00659
0.00120667
0.000816667
0.00259
0.0035
0.00904667
0.0190567
0.0259867
0.02574
0
0.0131367
0.0266667
0
0
0
0
0
0
0
0
0
0
0
0.0347633
0
0.0344433
0
0
0
0
0
0
0
0
0
0
0
0
0
0
0
0
0
0
7.66667e-05
0
0.00251667
0
0
0
0
0
0
0
0
0
0
0.00144667
0.0015
0.00303
0.000576667
0.00329
0
0
0
0
0.0191367
0
0.0185967
0
0.00130667
0.01924
0
0
0
0
0
0.000253333
0.000253333
0
0
0
0
0
0
0.03386
0.0289767
0.0137367
0.00506
0.00119333
0.0131533
0.00482333
0
0
0
0
0
0.000843333
0
0.00853333
0.00902
0.00184
0
0.000673333
0
0
0
0
0
0
0
0
0
0
0
0
0
0.00392333
0
0.00563333
0.000603333
0.000256667
0
0
0
0
0
0
0.000316667
0.000316667
0
0.000493333
0
0
0
0.00633
0.00679667
0
0
0.000273333
0.000926667
0.0114
0.00529
0.0103467
0.0220533
0.0216267
0
0
0
0.00031
0.00557
0.0201167
0
0
0
0
0
0
0
0.0184033
0.00683
0.000253333
0
0
0
0
0
0
0
0.0155567
0
0.00756667
0
0.00328
0
0
0
0
0
0.000393333
0.0125533
0.02606
0
0
0.000396667
0
0
0
0
0
0
0
0
0
0
0
0
0
0
0
0
0
0
0
0
0
7.66667e-05
0
7.66667e-05
0.00229
0
0
0
0.00412
0
0
0
0
0
0
0.000806667
0.00121
0.000316667
0.00014
0
0
0.00072
0
0.00647
0.00608333
0.000943333
0.000273333
0.0102
0.00417
0
0
0
0.00627667
0
0
0
0
0
0
0
0
0
0.0467767
0.0526267
0.0435333
0.0395733
0.0264367
0
0
0
0
0
0
0
0
0.02195
0.0251367
0.000396667
0
0
0
0
0
0
0
0
0
0
0
0
0
0
0
0
0.000203333
0
0
0
0
0
0
0.000383333
0.000506667
0.00106667
0.00154
0.00417667
0
0
0
0
0
0
0.00029
0.000293333
0.00512667
0.0173967
0.02393
0.04097
0.0334633
0
0
0
0
0
0
0
0
0
0.0026
0.000593333
0
0
0
0
0
0
0.02226
0.0350367
0.0198733
0.00703667
0.000913333
0.0213867
0
0.00343
0
0
0.00015
0
0
0.00525667
0
0.0190667
0.0188667
0
0
0
0
0.0116333
0.00417667
0
0
0
0
0
0
0
0
0
0
0
0
0
0
0
0
0.000406667
0.00226667
0
0
0
0.00229667
0.000436667
0
0
0
0
0
0.000233333
0.00055
0.00486333
0.00205333
0.00100333
0.00146
0
0
0
0.00072
0.00068
0.000213333
0.000903333
0.00883667
0.02354
0.04293
0.02729
0
0
0.00101667
0
0.01759
0.00129333
0.000953333
0.000446667
0
0
0.00885667
0.00135
0.000913333
0.0207533
0
0
0
0
0.000393333
0
0.000786667
0
0.00556
0
0
0
0
0
0
0
0
0
0
0
0
0
0
0
0
0
0
0
0
0
0
0.00215333
0.00204
9e-05
0
0
0
0
0
0.000233333
0.00409667
0.00487
0.00772333
0.00902
0.00948
0.00156
0.000456667
0
0
0
0.000253333
0
0
0
0
0.000273333
0.00516667
0.00624667
0.0238367
0
0
0
0.00114667
0
0
0
0
0
0
0
0
0
0
0
0
0
0
0
0
0.03664
0.0480233
0.0434167
0.000436667
0.04406
0.03029
0
0
0
0
0
0
0
0.00856667
0.00378
0
0
0
0
0
0
0
0
0
0
0
0
0
0
0
0
0
0
0
0
0
0
0
0
0
0
0
0
0
0
0
0
0.000186667
0.00057
0.01209
0.0149467
0.00054
0
0
0
0
0
0
0
0
0.00124667
0.00656667
0.00935333
0.0372967
0.0547933
0.0580767
0.0578967
0
0
0
0
0.00101667
0.00375
0.00457
0.00467667
0.000446667
0
0
0
0
0
0.01171
0.00601
0.02441
0
0
0
0
0.00719333
0
0
0.00369
0.00358
0.00015
0
0
0
0
0
0
0
0.000393333
0.00109
0
0.00548333
0
0
0
0
0
0
0
0
0
0
0
0
0
0
0
0
0
0
0.000203333
0.000293333
9e-05
0.00018
0
9e-05
0
0
0
0
0
0
0
0.000233333
0.00414333
0.00788333
0.0134267
0.0124033
0.00618667
0.00461
0.00360667
0.000363333
0
0.000253333
0
0.000253333
0
0
0.000693333
0.000973333
0.00557333
0.0229133
0.03856
0.04552
0.0271
0
0
0
0
0
0
0
0
0
0
0
0
0
0
0
0
0
0
0
0.0146433
0.00728
0.00285333
0.00329
0.000556667
0
0.0003
0
0
0
0
0
0
0.00079
0.00130667
0.00429667
0
0.00378
0
0
0
0
0
0
0
0
0
0
0
0
0
0
0
0
0
0
0
0
0
0
0
0
0
0.000203333
0
9e-05
0
0
0
0
0
0
0
0.000186667
0.00116667
0.00471333
0.02142
0.02545
0.0263267
0.0004
0.0004
0
0
0
0
0
0
0.00117667
0.01341
0.00636667
0.0485067
0.0547033
0
0
0
0
0
0
0
0
0
0
0
0
0
0.00442333
0.000893333
0.0318733
0.02235
0
0
0
0
0.00061
0.000516667
0
0
0
0
0
0
0
0
0
0
0
0
0
0
0
0
0
0
0
0
0
0
0
0
0
0
0
0
0
0
0.0248767
0.0341533
0.0213667
0.0169767
0.00355
0.000726667
0
0
0
0
0
0.000483333
0.00271333
0.0478333
0.0400933
0
0
0
0
0
0
0
0
0
0
0
0
0
0
0
0.00979333
0
0.00417333
0.00052
0.00041
0.00015
0
0
0
0
0
0
0
0
0
0
0
0
0
0
0
0
0
0
0
0
0
0
0
0
0
0
0
0
0
0
0
0
0
0
0
0
0
0
0
0
0.000933333
0.01827
0.0311267
0.0263833
0.01333
0.00603333
0.00159333
0.00402667
0.000363333
0
0
0
0
0.000483333
0.00277667
0.0193333
0.0241767
0.0377033
0.0187633
0
0
0
0
0
0
0
0
0
0.0204167
0.02002
0.00509333
0.00156333
0.000446667
0
0
0.00012
0.0248033
0.0261667
0.00012
0.0269133
0.0249967
0.01208
0
0
0.00015
0
0
0
0
0
0
9.33333e-05
0
0
0
0
0
0
0
0
0
0
0
0
0
0
0
0
0
0
0
0
0
0
0
0
0
0
0
0
0
0
0
0
0
0
0
0.00033
0.000516667
0.00168
0.00409
0.01547
0.03585
0.0188767
0.0229633
0.0348833
0.01645
0.00123
0.000363333
0
0
0
0
0
0
0
0
0
0.00103667
0.000483333
0.00859333
0.01423
0.00197
0
0
0
0
0
0
0
0
0
0
0
0
0
0
0
0
0
0
0.0283033
0.02121
0
0
0
0
0
0
0
0
9.33333e-05
9.33333e-05
0
0
0
0
0
0
0
0
0
0
0
0
0
0
0
0
0
0
0
0
0
0
0
0
0
0
0
0
0
0
0.00528667
0.0277633
0.01997
0.000956667
0.00048
0
0
0
0
0.00448
0.0215633
0.01874
0.02801
0
0
0
0
0
0
0
0
0
0.00924667
0.00119333
7.66667e-05
0
0
0.00012
0.00012
0.00656333
0
0
0
0
0
0
0
0
0
0
0
0
0
0
0
0
0
0
0
0
0
0
0
0
0
0
0
0
0
0
0
0
0
0
0
0
0
0
0
0
0
0
0
0
0
0.00033
0.01554
0.0230633
0.03033
0.0132333
0.00557333
8e-05
0
0
0.00103667
0.00685333
0
0
0.000123333
0
0
0
0
0
0
0
0
0
0.0375267
0.0303133
0
0.0333067
0
0
0
0
0.000623333
0.00026
0
0
0
0
0
0
0
0
0
0
0
0
0
0
0
0
0
0
0
0
0
0
0
0
0
0
0
0
0
0
0
0
0
0
0
0
0
0
0
0
0.00033
0
0.000746667
0.00033
0.00175
0.00171333
0.02321
0.01375
0.00470667
0
0
0
0
0
0
0
0
0.00103667
0
0.00629667
0.00347333
0.00299333
0
0
0.000123333
0.000123333
0
0
0
0
0
0
0
0
0
0
0
0
0
0.00849333
0.00397
7.66667e-05
0
0.0381433
0
0.02922
0
0.0214633
0.0148233
0.00746
0
0
0
0
0
0
0
0
0
0
0
0
0
0
0
0
0
0
0
0
0
0
0
0
0
0
0
0
0
0
0
0
0
0
0
0
0
0
0
0
0
0
0
0
0
0
0
0
0
0
0
0
0.00782
0.00123
0.000636667
8e-05
0
0
0
0
0
0
0
0
0
0
0
0
0
0
0
0
0.02001
0
0
0
0.00152
0.000363333
0
0
0
0
0
0
0
0
0
0
0
0
0
0
0
0
0
0
0
0
0
0
0
0
0
0
0
0
0
0
0
0
0
0
0
0
0
0
0
0
0
0
0
0
0
0
0
0
0
0
0
0
0
0.00100333
0.00953333
0.00138333
0.00921667
0.00609
0.0156267
0.00803
0.00470667
0
0.00016
0
0
0
0
0
0
0.00048
0.00048
0
0.00048
0
0.000123333
0
0
0
0
0
0
0
0
0
0
0
0.00293
0.000153333
7.66667e-05
0
0.0326767
0.02777
0
0
0
0
0
0
0
0
0
0
0
0
0
0
0
0
0
0
0
0
0
0
0
0
0
0
0
0
0
0
0
0
0
0
0
0
0
0
0
0
0
0
0
0
0
0.00126333
0.00470667
0.00136
0.000753333
8e-05
0
0
0
0
0
0
0
0
0
0
0
0
0
0
0
0.000246667
0.000123333
0
0
0
0
0
0
0
0
0
0.0181533
0
0
0.0217233
0
0.0153433
0.0101533
0.00242667
0
0
0
0
0
0
0
0
0
0
0
0
0
0
0
0
0
0
0
0
0
0
0
0
0
0
0
0
0
0
0
0
0
0
0
0
0
0
0
0
0
0
0
0
0
0
0
0
0
0
0
0
0.00026
0
0.000946667
0
0
0
0
0
0
0
0
0.000123333
0.00188333
0.00176
0
0
0
0
0
0
0
0
0
0
0
0
0
0
0
0
0
0
0
0
0
0
0
0
0
0
0
0
0
0
0
0
0
0
0
0
0
0
0
0
0
0
0
0
0
0
0
0
0
0
0
0
0
0
0
0
0
0
0
0
0
0
0
0
0
0
0
0
0
8e-05
8e-05
0
0
0
0
0
0
0
0.000226667
0
0
0
0
0
0
0
0
0
0
0
0.00599667
0
0.00956667
0.0073
0
0.00809333
0
0.00127
0
0
0
0
0
0
0
0
0
0
0
0
0
0
0
0
0
0
0
0
0
0
0
0
0
0
0
0
0
0
0
0
0
0
0
0
0
0
0
0
0
0
0
0
0.00152667
0.00152667
0
0.00214
0.000873333
0
0
0.000873333
0
0
0
0
0
0
0
0.000843333
0
0
0
0.0022
0.00266667
0.000466667
0.000466667
0.00376333
0.00212667
0
0
0
0
0
0
0.00333
0.00293
0.00049
0.000413333
0.00119667
0.00181333
0.000953333
0
0.00174667
0
0
0
0
0
0
0
0
0
0
0
0
0
0
0
0
0
0
0
0
0
0
0
0
0
0
0
0
0
0
0
0
0
0
0
0
0
0
0
0
0
0
0
0
0
0
0
0
0
0
0
0
0
0
0
0
0
0
0
0
0
0
0
0.00017
0
0.00126667
0.00253333
0.00467333
0.00428
0
0
0.00301333
0.00301333
0.000873333
0.000873333
0
0
0
0.000843333
0.00304333
0
0.000103333
0.00346
0.00499333
0
0
0
0
0
0
0.000953333
0
0.000953333
0
0.000476667
0
0
0
0
0
0
0
0
0
0
0
0
0
0
0
0
0
0
0
0
0
0
0
0
0
0
0
0
0
0
0
0
0
0
0
0
0
0
0
0
0
0
0
0
0
0
0
0
0
0
0
0
0.00031
0.00048
0
0.00143667
0
0
0
0
0
0
0
0
0.000653333
0.000186667
0.00057
0.00380333
0
0
0
0
0
0
0
0.00109
0
0
0
0
0
0
0
0
0
0
0
0
0
0
0
0
0
0
0
0
0
0
0
0
0
0
0
0
0
0
0
0
0
0
0
0
0
0
0
0
0
0
0
0
0
0
0
0
0
0
0
0
0
0
0
7.66667e-05
0
0.000386667
0
0
0
0
0
0
0
0.01596
0
0.000873333
0.0027
0.0125733
0.000373333
0.000186667
0.0201533
0.03499
0.0218333
0.0219767
0.00390667
0
0
0
0
0
0
0.00559
0.00620667
0.0131567
0.0141067
0.00190333
0
0
0
0.000553333
0.000753333
0
0.000476667
0
0
0
0
0
0
0
0
0
0
0
0
0
0
0
0
0
0
0
0
0
0
0
0
0
0
0
0
0
0
0
0
0
0
0
0
0
0
0
0
0
0
0
0
0
0
0
0
0
0
0
0
0
0
0
0
0
0
0
0
7.66667e-05
0
0.00413333
0
0.00422667
0.01592
0
0.01344
0.0222067
0
0.0381167
0.02517
0
0
0.00243
0.00428667
0
0
0.0117833
0.0121267
0.02119
0.01084
0.00112
0.00084
0.000466667
0
0
0
0
0
0
0
0
0.00187667
0.00564667
0.00936333
9.66667e-05
0
0
0
0
0
0
0
0
0
0
0
0
0
0
0
0
0
0
0
0
0
0
0
0
0
0
0
0
0
0
0
0
0
0
0
0
0
0
0
0
0
0
0
0
0
0
0
0
0
0
0
0
0
0
0.000153333
0
0.00213667
0.00580667
0
0
0
0.03207
0
0.0338867
0
0.0267267
0
0.0201667
0.02682
0.00154333
0.00107667
0.00089
0.00742
0.0222367
0
0.01755
0.00297
9.66667e-05
0
0
0
0
0
0
0
0
0
0
0
0
0
0
0
0
0
0
0
0
0
0
0
0
0
0
0
0
0
0
0
0
0
0
0
0
0
0
0
0
0
0
0
0
0
0
0
0
0
0
0
0
0
0
0
0
0
0
0
0
0
0
0
7.66667e-05
7.66667e-05
0
0
0
0
0.04746
0
0
0.0560433
0.04769
0.0392733
0.03199
0.00418667
0
0
0
0
0
0.000236667
0.000236667
0
0
0
0
0.0210233
0.0285933
0.00190333
0
0.00760333
0.00229333
0
0
0
0
0
0
0
0
0
0
0
0
0
0
0
0
0
0
0
0
0
0
0
0
0
0
0
0
0
0
0
0
0
0
0
0
0
0
0
0
0
0
0
0
0
0
0
0
0
0
0
0
0
0
0
0
0
0
0
0
0
0
0
0
0.00206
0
0
0
0.0261433
0.05587
0
0
0.09504
0
0.08213
0
0.0920333
0
0
0
0.10773
0.09585
0.11753
0.05655
0.0690833
0.01167
0.00122333
0.03253
0.0118033
0.000473333
0.000236667
0
0
0
0
0
0
0.000146667
0.06044
0.02998
0.00380667
0
0.0120067
0.000396667
0
0
0
0
0
0
0
0
0
0
0
0
0
0
0
0
0
0
0
0
0
0
0
0
0
0
0
0
0
0
0
0
0
0
0
0
0
0
0
0
0
0
0
0
0
0
0
0
0
0
0
0
0
0
9.33333e-05
0
0
0.00207667
0.02249
0
0.04281
0
0
0
0
0.119063
0.0991067
0.0711333
0.000333333
0.0196367
0.00386667
0.00744
0.000236667
0
0
0.0282833
0.05165
0.0552867
0.01601
0.0189233
0.0105267
0.00439333
0.00068
0.00038
0.00290667
0.00038
0.000806667
0
0
0
0.000806667
0
0
0
0
0
0
0
0
0
0
0
0
0
0
0
0
0
0
0
0
0
0
0
0
0
0
0
0
0
0
0
0
0
0
0
0
0
0
0
0
0
0
0
0
0
0
0
0
0
0
0
0
0
0
0
0
0
0
0
0
0
0
0
0
0
0
0
0
0
0
0
0
0.000736667
0.000736667
0.00083
0
0.00328667
0
0
0
0.0940733
0.10537
0.000106667
0
0.136283
0.00044
0.172223
0.000333333
0.00952333
0.000666667
0.117723
0.162737
0.189693
0.140423
0.0807933
0.05368
0.04251
0.02975
0.00016
0.000756667
0
0
0.00190333
0.00016
0.0370633
0.01936
0.00946333
0
0
0
0
0
0
0
0
0
0
0
0
0
0
0
0
0
0
0
0
0
0
0
0
0
0
0
0
0
0
0
0
0
0
0
0
0
0
0
0
0
0
0
0
0
0
0
0
0
0
0
0
0
0
0
0
0
0
0
0
0
0
0
0
0
0
0.0103033
0
0
0
0
0.00751667
0
0.0254733
0
0.00119
0.00119
0.00129667
0.00475
0.00389333
0.0258133
0.0312167
0.16366
0.08302
0.08343
0.04133
0.252947
0.263307
0.00166
0.00225667
0.000993333
0.000236667
0
0
0.000146667
0.000146667
0.000293333
0.01672
0.0320833
0.0211233
0.02993
0.0134933
0.00374333
0.0109467
0.00668333
0.00490667
0.00038
0.00113
0
0.000323333
0
0
0
0
0
0
0
0
0
0
0
0
0
0
0
0
0
0
0
0
0
0
0
0
0
0
0
0
0
0
0
0
0
0
0
0
0
0
0
0
0
0
0
0
0
0
0
0
0
0
0
0
0
0
0
0
0
0
0
0
0
0
0
0
0
0
0
0
0
0
0
0
0
0
0
0
0
0
0
0
0
0
0
0
0
0.000573333
0.00185667
0
0
0.000573333
0.01014
0.0114233
0
0.0219133
0
0
0
0
0.02933
0.02222
0.000313333
0.000313333
0
0.00210667
0.00298333
0.00119
0.104033
0.00643667
0.0251767
0.15558
0.176533
0.04541
0.187797
0.14171
0.254907
0.29918
0.163157
0
0
0
0
0
0.00441667
0.00983667
0.00943333
0.0185667
0.0457333
0.0465833
0.00352667
0.000463333
0
0
0
0
0
0
0
0
0
0.000143333
0.000143333
0
0
0
0
0
0
0
0
0
0
0
0
0
0
0
0
0
0
0
0
0
0
0
0
0
0
0
0
0
0
0
0
0
0
0
0
0
0
0
0
0
0
0
0
0
0
0
0
0
0
0
0
0
0
0
0
0
0
0
0
0
0
0
0
0
0
0
0
0
0
0
0
0
0
0
0.00025
0
0
0
0
0.00025
0
0.00025
0.0005
0.00131667
0.00106667
0.000816667
0.00128333
0.00153333
0
0.000816667
0.01199
0.00138333
0
0.0123067
0.0125967
0.0222367
0.000566667
0.03634
0.0258433
0.0152333
0.00088
0.06937
0.0773333
0.000626667
0.0401667
0.0267333
0.02645
0.00154667
0.00302667
0.04513
0.01513
0.03414
0.0929133
0.132867
0.380087
0.344213
0.293333
0.01763
0.02181
0.00667333
0.00777
0.00232667
0.00209
0
0
0.000273333
0.0229933
0.00892
0.00190333
0
0.00016
0.02741
0.02256
0.0254633
0.0163767
0.00442333
8.33333e-05
0.000646667
0
0
0
0
0
0
0
0
0
0
0
0
0
0.000143333
0
0
0
0
0
0.00550333
0
0
0.000653333
0
0
0
0
0
0
0
0
0
0
0
0
0
0
0
0
0
0
0
0
0
0
0
0
0
0
0
0
0
0
0
0
0
0
0
0
0
0
0
0
0
0
0
0
0
0
0
0
0
0
0
0
0
0
0
0
0
0
0
0
0
0
0
0
0
0
0
0
0
0
0
0
0.0920833
0.0576967
0.130233
0.1448
0.0721333
0.0581667
0.0388367
0.0705367
0.08116
0.188087
0.00467333
0.00161667
0
0.000126667
0
0.0267933
0.0145467
0.0131367
0.0119933
0.00385333
0.00478667
0.000323333
0
0
0
0
0
0
0
0
0
0
0
0.000143333
0
0.000286667
0
0.00550333
0
0.01166
0.00681
0.00123333
0
0.00058
0.00109
0
0.00051
0.00102
0
0.00051
0
0
0
0
0
0
0
0
0
0
0
0
0
0
0
0
0
0
0
0
0
0
0
0
0
0
0
0
0
0
0
0
0
0
0
0
0
0
0
0
0
0
0
0
0
0
0
0
0
0
0
0.192603
0.14785
0.05889
0.12461
0.104747
0.0503333
0.09227
0.133857
0.15271
0.123
0.285763
0.163363
0.307233
0.207553
0.0147333
0.0270933
0.0459367
0.0455633
0.0225333
0.00347
0.00161667
0
0
0.00383667
0.00783333
0.0132533
0.0249133
0.000913333
0.00392667
0.0217467
0.0143067
0.00079
0.00101
0
0
0
0
0
0
0
0
0
0
0
0
0
0
0.00133
0
0.00118667
0
0
0
0
0
0.00804333
0
0
0
0.00246667
0.00404667
0.00332333
0
0
0.00325333
0
0
0
0.00235667
0
0.00133667
0.00194667
0
0
0.00061
0.00061
0.000733333
0
0
0
0.000123333
0
0
0
0
0
0
0
0
0
0
0
0
0
0
0
0
0
0
0
0
0
0
0
0
0
0
0
0
0
0
0
0
0
0
0
0
0
0.114193
0.171477
0.05761
0.0973067
0.32621
0.304237
0.00555
0.02084
0.0284767
0.02358
0
0.00789333
0.000363333
0.00858
0.000686667
0.000946667
0.00024
0
0
0
0
0
0
0
0.00017
0
0
0.00017
0
0
0.000313333
0
0.01188
0.01634
0
0.0224967
0
0
0.00459
0
0.00318333
0.00389333
0.00328667
0.000526667
0.00146333
0.000976667
0.00117667
0.00065
0.0013
0.00065
0.000246667
0.000123333
0.00169667
0.000123333
0.000123333
0
0.00104667
0.00104667
0
0
0
0
0
0
0
0
0
0
0
0
0
0
0
0
0
0
0
0
0
0
0
0
0.220947
0.227507
0.0500967
0.21787
0.27616
0.0433233
0.0356233
0.01077
0.00906
0.00176
0.000133333
0.000133333
0
0.000203333
0.00206333
0.000993333
0.00744667
0.01022
0.0311667
0.0349333
0.00825667
0.00803
0.00105
0.00403667
0
0
0
0
0
0
0
0
0
0
0.00017
0.00432667
0
0
0.0052
0
0
0.0143233
0.0211467
0
0
0.02939
0.0197867
0.0218267
0
0
0.0116633
0.02163
0
0
0
0
0.0132467
0
0.00513
0.00143667
0.000526667
0.01805
0.0195667
0.0174867
0.00431667
0.00208667
0.000603333
0.000773333
0.0101067
0.000976667
0.000406667
0.00386667
0.0119167
0.01689
0.00984667
0.000246667
0.000236667
0.000113333
0.00402
0.0104367
0.0102433
0.00486333
0
0
0.000446667
0.00129
0.00189
0.000446667
0.000446667
0
0
0.06527
0.0770433
0.119703
0.20902
0.198163
0.214203
0.0852333
0.000143333
0.0171333
0.0655333
0.0592067
0.07387
0.00024
0.0361467
0.02867
0.000726667
0.02056
0.000363333
0.000363333
0.00411333
0
0.00102333
0.000783333
0
0
0
0
0
0
0
0.00017
0
0.00034
0.0045
0
0.00834333
0
0
0
0.0420367
0
0.0654933
0.0559567
0
0
0
0
0
0
0
0.000396667
0.0379833
0.03595
0.000396667
0.00208667
0.00130667
0.0313433
0.0241233
0.03765
0.0176567
0.00972
0.0112567
0.0191
0.0318767
0.03106
0.00166333
0.00395333
0.00511333
0.0136667
0.0268467
0.0255
0.0297133
0.0240767
0.00768333
0.01489
0.139293
0.203187
0.19412
0.133453
0.102223
0.0606567
0.102613
0.190093
0.08682
0.000276667
0.000266667
0.000266667
0
7.66667e-05
0.103847
0.00048
0.00693333
0.03708
0.0315233
0.02248
0.00032
8e-05
0.00702
0.0100267
8e-05
0.00016
0.000866667
8e-05
0
0
0
0
0
0
0
0
0
0
0
0.0131033
0
0
0.0230833
0
0.02742
0
0
0.04534
0
0
0
0
0
0
0.0749867
0
0.05046
0.00075
0.00075
0
0.0492633
0.000916667
0.06106
0.00131333
0.00209333
0.00324
0.0540467
0.00264667
0.01117
0.0105433
0.00496
0.120483
0.106413
0.00564
0.0250967
0.01009
0.00985667
0.0046
0.186563
0.170937
0.0961767
0.05205
0.05523
0.0619467
0.145257
0.110213
0.16469
0.12617
0.148807
0.0525567
0.02623
0.02725
0.04871
0.01659
0.0268633
0.0213067
0.00925667
0.00632
0.00170333
8.33333e-05
8.33333e-05
0.00162333
0
0
0
0
0
0
0.000426667
0.000596667
0.00578
0
0
0.01177
0.0107467
0
0
0
0.0155067
0
0
0
0
0
0
0
0
8e-05
0
0.00083
0.00075
0.00889333
0.00957333
0.00814333
0.0663767
0.00234667
0.00183333
0.000916667
0.00267
0.12966
0.0351733
0.00588333
0.120653
0.0391033
0.04086
0.0666
0.08595
0.07652
0.03191
0.06593
0.00262333
0.0906067
0.00262
0.00248667
0.000153333
0.00201333
0.0614
0.0208767
0.0273533
0.00956667
0.00293
8.33333e-05
0.000166667
0.00447333
0.00851667
0
0
8.33333e-05
0.00305667
0.00143333
0
0.00966
0.00981333
0
0
0.0148433
0
0
0
0
0
0
0
0
0
0
0.0345267
0.00710333
0.000613333
0.05153
0.01619
0.00978
0.000693333
0.02024
0.0119033
0.05159
0.0506467
0.0199667
0.102417
0.0477167
0.0177167
0.0804867
0.0195467
0.0117267
0.0481567
0.0126267
0.13433
0.0677967
0.183257
0.11321
0.0855733
0.108977
0.0282933
0.15135
0.0738167
0.130283
0.123667
0.101317
0.0754
0.0242033
0.00776333
0.0830767
0.0975467
0.12055
0.00193667
0.00488
0.0464167
0.00310333
0
8.33333e-05
0.01361
0.0299833
0
0
0
0.00718
0.00730667
0
0
0.00201333
0.00201333
0
0
0.0281367
0
0
0.08612
0
0.07298
0.12596
0.00251333
0
0.0738133
0
0.00283
0
0
0.07356
0.000316667
0.00799667
0.00680667
0.01417
0.0534133
0.0220667
0.07068
0.0534733
0.0784133
0.0950033
0.0495467
0.14907
0.2093
0.238423
0.139703
0.106243
0.03435
0.0602867
0.0531433
0.0186833
0.105423
0.0136667
0.0138067
0.00248667
7.66667e-05
0.12462
7.66667e-05
0.09906
0.00282667
0.0810167
0
0.0474567
0.00068
0.00034
0.03092
0.0300633
0.000533333
0.00034
0.00704667
0.0035
0.00687
0.00214333
0.000193333
0.00175
0
0.00057
0
0.00277
0.00244333
0.00572
0
0
0.00014
0.0201267
0.0243967
0.0192
0.0210933
0.05092
0.0472567
0.00014
0.02994
0.0241
0.02522
0.01654
0.00014
0.08117
0.0595833
0.00772
0.02398
0.0525033
0.0100933
0.0176733
0.0179033
0.01094
0.00344667
0.00212333
0.0348467
0.0347333
0.07144
0.0990933
0.12227
0.122897
0.115803
0.0728333
0.0590267
0.06345
0.09036
0.0896
0.222507
0.17358
0.0717433
0.07456
0.0435967
0.0694333
0.0353233
0.0247967
0.0187733
0.09365
0.06723
0.0352733
0.02911
0.00792667
0.0731367
0.0404333
0.0315233
0.02418
0.0116967
0.00578
0.0178167
0.0160967
0.00513667
0.01753
0.0195533
0.00679
0.00757667
0.00691667
0.00223667
0.00277333
0.00218667
0.00719667
0.00594
0.00066
0.00389
0.00589
0.00198
0.00159333
0.00074
0.000466667
0.00705667
0.00945
0.00688333
0.00504667
0.00419333
0.0131567
0.0138
0.01274
0.00896
0.107103
0.124883
0.19908
0.19889
0.14155
0.0841067
0.0558133
0.0580367
0.01823
0.0816033
0.03385
0.01161
0.0380467
0.04594
0.115483
0.12234
0.101793
0.0769733
0.0467467
0.0131933
0.0095
0.0187933
0.0504633
0.103263
0.02181
0.0177633
0.0237533
0.0188833
0.0257867
0.0197967
0.0197067
0.0256967
0.01575
0.0309233
0.03653
0.01078
0.00963
0.02177
0.0187867
0.24559
0.1595
0.19235
0.25233
0.148247
0.151303
0.0960833
0.0843033
0.0655
0.0935933
0.116547
0.140847
0.154693
0.136117
0.10479
0.221503
0.0759533
0.0306767
0.01594
0.0594367
0.0604733
0.0462467
0.04755
0.127107
0.0821333
0.113283
0.0805
0.1214
0.117933
0.0322167
0.0250833
0.0903833
0.315397
0.308847
0.13094
0.0454767
0.04678
0.107287
0.12915
0.102677
0.16817
0.136483
0.179343
0.207463
0.0231233
0.0407433
0.0257833
0.0342633
0.23811
0.265967
0.190193
0.0759233
0.0980767
0.100677
0.13335
0.136637
0.103657
0.08336
0.08383
0.0238733
0.01316
0.0166433
0.00951
0.01861
0.00920667
0.0251567
0.02947
0.0258167
0.0540033
0.0600933
0.23451
0.286947
0.0385633
0.148747
0.03777
0.0954667
0.0810633
0.0887933
0.0500833
0.102737
0.128417
0.0899267
0.151793
0.01028
0.0203367
0.0364633
0.03364
0.275607
0.102193
0.15361
0.06366
0.0291733
0.188893
0.10692
0.07654
0.0825433
0.10057
0.05807
0.0533367
0.0755033
0.00545
0.00618
0.00251
0.0113333
0.162883
0.208157
0.04855
0.0140633
0.0416067
0.0669667
0.0522267
0.06806
0.05772
0.0525333
0.0509667
0.00136333
0.0136367
0.154433
0.12383
0.133157
0.0556567
0.02729
0.0373333
0.0346367
0.0157667
0.0103333
0.00852333
0.0589667
0.0222167
0.0598833
0.00170667
0.000936667
0.0214
0.00454333
0.00532
0.10916
0.0215933
0.0229967
0.0222633
0.02993
0.03785
0.000133333
0
0.00110333
0.0371667
0.0133667
0.0267067
0.0489267
0.00874333
0.02137
0.04259
0.0316567
0.0281467
0.0314333
0.0375
0.02953
0.00267333
0.00277667
0.00733667
0.000166667
0.01033
0.0280867
0.00120333
0.00127667
0.06569
0.05819
0.0385667
0.0514333
0.0405833
0.0258433
0.0286367
0.0281533
0.0108367
0.00253
0.0105033
0.0228133
0.00037
0.000133333
0
0.0297067
0.02207
0.00625333
0.00264667
0.0456867
0.00769333
0.00216667
0.00162
0.00989
0.00866667
0.0269833
0.000466667
0.00402
0.0261667
0.02352
0.0178467
0
0.00844333
0.00906333
0.0205867
0.0274433
0.0311033
0.04097
0.00866667
0.03851
0.02207
0.0176567
0.000576667
0.0131667
0.02174
0.02029
0.00493
0.00152667
0.00501333
0.0360467
0.0102733
0.0337433
0.0327967
0.00741
0.0232233
0.0183267
0.0272267
0.000236667
0.00034
0
0.00314667
0.00128667
0.00935333
0.03067
0.0477067
0.0477267
0.00101
0.00111667
0.01089
0.00396333
0.00948667
0.0162867
0.00034
0
0
0
0.0129433
0.00891
0.00727667
0.00441333
0.0432733
0.00066
0.0601767
0.00127333
0.00122333
0.00960667
0.0131267
0.0224567
0.0242767
0.03021
0.0323933
0.000103333
0.0171767
0.02736
0.0422667
0.00153667
0.0372167
0.00968
0.01346
0.0206667
0.000206667
0.000206667
0.00149333
0.00311667
0.00362667
0.00838
0.00817667
0.0118033
0.01823
0.00808333
0.0181167
0.00560333
0.0530067
0.0664833
0.00228333
0.01432
0.00668333
0.01657
0.00018
0.00018
7.66667e-05
0
0.000206667
0.0126933
0.0175333
0.01538
0.03474
0.05535
0.00379667
0.0472533
0.00999333
0.00716
0.00832667
0.0140967
0.0119333
0.02034
0.000153333
7.66667e-05
0
0.01182
0.00356333
0.00606333
0.0231767
0.01641
0.0355133
0.0731067
0.06405
0.02623
0.00323667
0.0118667
0.00183
0.0079
0.01062
0.0135967
0.0164667
0.0183233
0.00128
0.00395667
0.00062
0.0250167
0.03351
0.06971
0.0227367
0.01318
0.0430267
0.00929667
0.00321667
0.0192633
0.01733
0.00178333
0.00155333
0
0.000413333
0.00680333
0.0155667
0.01101
0.0197833
0.0267733
0.02206
0.0180033
0.00832333
0.00679667
0.00291
0.00318333
0.00147667
0.00495333
0.0075
0.01486
0.0516667
0.0379933
0.04782
0.0652533
0.0373167
0.0476267
0.0122633
0.0101467
0.00856333
0.00528
0.0257967
0.00799333
0.0163867
0.00581333
0.00372333
0.00894333
0.0132667
0.00374
0
0.0157633
0.0296667
0.0271033
0.0115533
0.0221633
0.0150333
0.0100633
0.0441433
0.0485367
0.00310333
0.0135167
0.00062
0.0254533
0.00457333
0.0342867
0.00757667
0.0254
0.0267667
0.02129
0.01899
0.04342
0.0473033
0.0532467
0.0375033
0.0375033
0.01859
0.0427167
0.06495
0.000706667
0.0128267
0.00458333
0.00295333
0.0194867
0.0125533
0.00147667
0.000236667
0.01925
0.0192967
0.0108167
0.0311833
0.0277533
0.01187
0.00097
0.000606667
0.0156733
0.000493333
0.03364
0.02767
0.000443333
0.04118
0.0411533
0.0398
0.0160733
0.04121
0.0733167
0.00495333
0.0415333
0.00243
0.00286
0.00097
0.00108667
0.000626667
0.00609
0.0138133
0.00397
0.00257333
8e-05
0.03156
0.0415167
0.02667
0.0146133
0.0068
0.00689333
0.01775
0.0510033
0.0527
0.00658667
0.0276933
0.000486667
0.000643333
0.02077
0.01658
0.03174
0.000936667
0.05035
0.00411667
0.04265
0.02897
0.02525
0.04352
0.0366333
0.00852667
0.00672
0.00547
0.03015
0.0399867
0.06065
0.06308
0.0360633
0.0237433
0.0124467
0.0142167
0.02583
0.0157
0.00478
0.03097
0.00423333
0.01035
0.01785
0.00609
0.01797
0.00301
0.00285333
0.00277667
0.000776667
0.00609
0.00617667
0.0304733
0.02538
0.0259633
0.0025
0.00722333
0.00622
0.01532
0.00261
0.0277533
0.01432
0.0166667
0.000673333
0.00333667
0.0151533
0.000573333
0.0310533
0.00365333
0.02091
0.00881
0.0359867
0.0515067
0.01458
0.06364
0.0260667
0.02272
0.0152267
0.00817667
0.00882667
0.00546667
0.000603333
0.0240867
0.0336267
0.00108
0.000516667
0.01896
0.0227667
0.0209667
0.0685433
0.0697967
0.0623767
0.0472033
0.0121233
0.0118333
0.00534333
0.00233
0.00527667
0.0011
0.0318967
0.0327467
0.02739
0.0183133
0.00696
0.00072
0.000516667
0.00128
0.05641
0.00946667
0.00554333
0.00496333
0.00518333
0.00611333
0.00156333
0.00572667
0.00585
0.00094
0.00237333
0.02751
0.0202267
0.00326667
0.00935333
0.00516333
0.00122667
0.00214667
0.00036
0.00072
0.00613
0.00888333
0.0175067
0.05768
0.0460267
0.0380233
0.0262467
0.00226
0.00215
0.00428
0.0149933
0.00213667
0.00472
0.00267333
0.00266333
0.00378333
0.00259
0.00344
0.00436333
0.000146667
0.00036
0.00832333
0.01304
0.00761333
0.0111433
0.00582667
0.02468
0.04254
0.0466733
0.0338833
0.00678
0.00685
0.00155667
0.00158
0.01744
0.00685333
0.00614667
0.01073
0.0199533
0.0145067
0.000563333
0.00139333
0.02487
0.0198333
0.0238633
0.0196333
0.00623333
0.0162233
0.000846667
0
0.0263633
0.00765667
0.00211333
0.00540667
0.00706667
0.00422667
0.00440667
0.00720667
0.0134267
0.0232567
0.0320067
0.00113333
0.00064
0.000493333
0.0280167
0.00567
0.0329333
0.04508
0.0389533
0.01476
0.0215933
0.0107067
0.00242667
0.000376667
0.0182733
0.0153767
0.000376667
9e-05
9e-05
0.00404
0.000206667
0.0148333
0.00311333
0.01425
0.02492
0.0164133
0.0339233
0.00784
0.0205233
0.000493333
0.0152067
0.0365433
0.03819
0.0110567
0.0389
0.0451033
0.0491967
0.0411667
0.0562967
0.03232
0.02169
0.00169333
0.00293333
0.00386333
0.00412667
0.01509
0.00117333
0.0208833
0.0126667
0.00167667
0.02683
0.0238333
0.03183
0.03236
0.03047
0.01985
0.0389833
0.0313533
0.0241
0.02075
0.0283133
0.0124433
0.0203433
0.0122233
0.0112667
0.0214267
0.00456667
0.0320133
0.000943333
0.02845
0.00108
0.00191
0.00544
0.0228767
0.0292167
0.0536067
0.0203667
0.0156067
0.00207
0.0016
0.00531667
0.00277333
0.00280333
0.00584
0.00277333
0.00351333
0.00889333
0.0353
0.01226
0.00600333
0.0396333
0.00953667
0.00707333
0.0124333
0.0240333
0.00452333
0.0246433
0.0253567
0
0.000876667
0.04681
0.0382833
0.03938
0.0632233
0.0805733
0.0744167
0.0824867
0.04712
0.0472867
0.06336
0.0511867
0.0262467
0.00197667
0.00917
0.00122333
0.000846667
0.00569
0.00801333
0.00788667
0.0133867
0.01494
0.0208867
0.02249
0.0326233
0.0356633
0.03899
0.00354
0.0292367
0.0206167
0.00917667
0.0400267
0.01301
0.0410467
0.0577633
0.05702
0.0903267
0.0425267
0.00047
0.00421667
0.00193
0.00749333
0.0114967
0.00496667
0.0114033
0.0504067
0.03652
0.0720767
0.103927
0.0865533
0.100257
0.05144
0.0302933
0.0255567
0.00649333
0.00528667
0.00457333
0.00607333
0.00396
0.0179433
0.0100733
0.01428
0.0218667
0.00970667
0.00405
0.00655333
0.02012
0.00639
0.0148767
0.00145333
0.0152967
0.0196333
0.00100333
0.00386667
0.0584733
0.09632
0.0559733
0.116963
0.108853
0.10394
0.08318
0.00574
0.0135867
0.0157267
0.00955667
0.0100933
0.0154667
0.0160767
0.0131767
0.0028
0.01242
0.00301
0.00399333
0.0326567
0.0170733
0.0224833
0.0459933
0.12632
0.100053
0.0880033
0.05303
0.0802533
0.0546433
0.0316867
0.00391
0.00402
0.00838333
0.00557
0.00978
0.00611667
0.02604
0.0308
0.01697
0.01136
0.00938
0.0478
0.0817133
0.150503
0.128613
0.0851067
0.03479
0.0113
0.0116633
0.01644
0.01493
0.0162667
0.0262533
0.0221233
0.0147867
0.00946667
0.0118033
0.0385367
0.0796667
0.06284
0.0438567
0.0426633
0.0218467
0.00735333
0.00365333
0.00388333
0.00388
0.0207533
0.02859
0.0279967
0.0389367
0.0175333
0.02249
0.0127367
0.0138467
0.0184467
0.0141533
0.0183233
0.01701
0.0229567
0.0442933
0.0739967
0.13979
0.115773
0.112707
0.138937
0.0460067
0.0192833
0.0171067
0.0218833
0.0151133
0.00643667
0.02809
0.00445667
0.00467
0.00479333
0.0528267
0.00998333
0.06041
0.05128
0.0409867
0.0108533
0.02909
0.0464967
0.0592333
0.0828667
0.11015
0.02581
0.02914
0.03036
0.03818
0.0258467
0.0269
0.0401967
0.0394133
0.06644
0.0232567
0.0844667
0.0870567
0.106137
0.141507
0.144917
0.0364633
0.0419867
0.03345
0.0332233
0.02546
0.0302833
0.01891
0.0176367
0.0318067
0.00574
0.0191033
0.0237133
0.0457433
0.0371533
0.145107
0.13029
0.01682
0.0412267
0.0706067
0.07716
0.0641967
0.0849567
0.116017
0.0599567
0.0906467
0.0593167
0.16765
0.15915
0.157023
0.1006
0.0397867
0.0404867
0.0333233
0.0345967
0.02702
0.02536
0.0157667
0.0140433
0.00428667
0.00645
0.0114633
0.0133567
0.02639
0.01966
0.109643
0.11486
0.145943
0.124517
0.240647
0.25171
0.25922
0.240767
0.14707
0.0221633
0.0165
0.0101833
0.0116133
0.0147933
0.0248233
0.0694133
0.138617
0.16647
0.13276
0.223687
0.270623
0.334267
0.3558
0.249543
0.0368133
0.0790167
0.147603
0.222873
0.29137
0.267927
0.3396
