0.0259233
0.02753
0.0266933
0.0123767
0.00638667
0.00076
0.000473333
0
0
0
0
0
0
0
0
0
0
0
0
0
0
0
0
0
0
0
0
0.000553333
0.000866667
0.00484667
0.00674333
0.01979
0
0
0
0
0
0
0
0
0
0
0
0
0
0
0
0
0.00132667
0.00206667
0.00746667
0.00654333
0.00949333
0.00426667
0.00417333
0.000483333
0.00031
0
0
0
0
0
0.00992667
0.01457
0.0108867
0.0124933
0.0141
0.01939
0.0158033
0.00962667
0.00316333
0.000286667
0
0
0
0
0
0
0
0
0
0
0
0
0
0
0
0
0
0
0
0
0.000366667
0.00092
0.00527667
0.00889
0.0162267
0.02523
0.04058
0.05202
0.0531133
0.0530367
0.0483333
0.0498633
0.0343633
0.0252967
0.03802
0.0430233
0.04435
0.03402
0.0196267
0.00484333
0.00039
0
0
0
0
0
0
0
0
0
0
0
0
0
0
0
0
0
0
0
0
0.00074
0.00114333
0.00154667
0.000806667
0.000576667
0.000173333
0.000173333
0
0
0
0
0
0
0
0
0.00507
0.00485667
0.00603
0.00117333
0.00763667
0.00646333
0.00934
0.00287667
0.00287667
0
0
0
0
0
0
0
0
0
0
0
0
0
0
0
0
0
0
0
0
0
0.000366667
0.000366667
0.00472333
0.00552667
0.0134167
0.01401
0.03217
0.0321333
0.0416367
0.0305
0.0372733
0.0273133
0.0228733
0.00868
0.00460333
0.00358
0.00386333
0.0136433
0.0181167
0.0310967
0.0239033
0.0321533
0.0175633
0.0153667
0.000973333
0.00078
0.00039
0
0
0
0
0
0
0
0
0
0
0
0
0
0
0
0
0
0
0
0
0.000403333
0.000403333
0.000403333
0
0
0
0
0
0
0
0
0
0
0
0
0
0
0
0
0
0
0
0
0
0
0
0
0
0
0
0
0
0
0
0
0
0
0
0
0
0
0
0
0
0
0.00117
0.00177667
0.00672667
0.00656667
0.0138133
0.00943
0.0166133
0.00906667
0.0129933
0.00523333
0.0199367
0.0478967
0.06365
0.10134
0.08109
0.06865
0.02635
0.0185133
0.0161167
0.0161467
0.0185733
0.00239
0.00318
0.00912667
0.00752667
0.00932333
0.00279
0.00278
0.000193333
0.000583333
0.00039
0.00039
0
0
0
0
0
0
0
0
0
0
0
0
0
0
0
0
0
0
0
0
0
0
0
0
0
0
0
0
0
0
0
0
0
0
0
0
0
0
0
0
0
0
0
0
0
0
0
0
0
0
0
0
0
0
0
0
0
0
0
0
0
0
0
0
0
0.000606667
0.000606667
0.00161667
0.00157667
0.00906333
0.0110933
0.0698833
0.0998067
0.173043
0.158823
0.168817
0.0988933
0.0579467
0.0198667
0.0175567
0.0162333
0.00137667
0.00079
0.000993333
0.000203333
0.000203333
0
0
0
0
0
0
0
0
0
0
0
0
0
0
0
0
0
0
0
0
0
0
0
0
0
0
0
0
0
0
0
0
0
0
0
0
0
0
0
0
0
0
0
0
0
0
0
0
0
0
0
0
0
0
0
0
0
0
0
0
0
0
0
0
0
0
0
0
0
0
0
0.00599
0.106677
0.16854
0.28371
0.25829
0.272317
0.197063
0.146957
0.0777633
0.0375967
0.01547
0
0
0
0
0
0
0
0
0
0
0
0
0
0
0
0
0
0
0
0
0
0
0
0
0
0
0
0
0
0
0
0
0
0
0
0
0
0
0
0
0
0
0
0
0
0
0
0
0
0.00011
0.00011
0.000516667
0.000406667
0.000406667
0
0
0
0
0
0
0
0
0
0
0
0
0
0
0
0
0
0
0
0.0797433
0.168033
0.288037
0.34185
0.33017
0.286057
0.218333
0.154487
0.0872433
0.0395467
0
0
0
0
0
0
0
0
0
0
0
0
0
0
0
0
0
0
0
0
0
0
0
0
0
0
0
0
0
0
0
0
0
0
0
0
0
0
0
0
0
0
0
0
0
0
0.00011
0.00011
0.00195
0.00195
0.00603333
0.0046
0.00530333
0.00122
0.000813333
0
0
0
0
0
0
0
0
0
0
0
0
0
0
0
0
0
0.10457
0.166517
0.261693
0.249777
0.26444
0.166603
0.16461
0.08425
0
0
0.00011
0.00011
0.000626667
0.000516667
0.000923333
0.000406667
0.000406667
0
0
0
0
0
0
0
0.00011
0.00011
0.000626667
0.000516667
0.000516667
0
0
0
0.00012
0.00012
0.000676667
0.000556667
0.000993333
0.000436667
0.000436667
0
0
0
0
0
0
0.00012
0.00012
0.000653333
0.000533333
0.00105333
0.00052
0.000926667
0.000406667
0.000406667
0
0.000516667
0.000626667
0.00603333
0.00735667
0.0198967
0.0185733
0.0242733
0.0124367
0.00916667
0.00162667
0.00122
0.000406667
0.000406667
0
0
0
0
0
0
0
0
0
0
0
0
0
0.151563
0.177287
0.000106667
0.000106667
0.00194667
0.00195
0.00735667
0.00603333
0.0103067
0.00530667
0.00530667
0.000923333
0.00103333
0.000516667
0.000516667
0
0.00011
0.00011
0.00205667
0.00205667
0.00665667
0.00522667
0.00634
0.00174
0.00216
0.000936667
0.00289667
0.00208
0.00627667
0.00487333
0.00574
0.00198
0.00142333
0.000436667
0
0
0
0
0.000123333
0.000123333
0.00204
0.00203667
0.00775
0.00636667
0.01301
0.00781667
0.0113667
0.00501
0.00898
0.00489667
0.00530333
0.00133
0.00571333
0.0103067
0.0242767
0.0325433
0.0397867
0.03284
0.0242733
0.0124367
0.00530333
0.00162667
0.000813333
0.000406667
0
0
0
0
0
0
0
0
0
0
0
0
0.000403333
0.00051
0.00459
0.00602667
0.01857
0.0198967
0.0258167
0.01755
0.01888
0.0116367
0.0113367
0.00511667
0.00541333
0.00133
0.00154667
0.000843333
0.00860667
0.00982
0.0282833
0.02512
0.0356133
0.0182633
0.0232733
0.01177
0.0161567
0.00850667
0.02041
0.0189967
0.03188
0.0200267
0.0169333
0.00209
0.00110333
0
0
0
0.00053
0.00475
0.00626
0.0211167
0.02261
0.04502
0.0368033
0.05417
0.0339267
0.0457433
0.0271533
0.034
0.0162333
0.0133733
0.00682667
0.0103967
0.0232533
0.0229533
0.03122
0.0185733
0.0185733
0.00603333
0.0046
0.000516667
0.000406667
0
0
0
0
0
0
0
0
0
0
0
0
0.000403333
0.00121667
0.00529667
0.0125433
0.02438
0.0351967
0.0353067
0.0375533
0.0293933
0.03918
0.0283667
0.0366333
0.0199
0.0224467
0.00817667
0.0219667
0.0231
0.0520533
0.0560233
0.0892667
0.07202
0.0777367
0.04634
0.04012
0.02144
0.0264667
0.0330867
0.0405033
0.04071
0.0341067
0.0221833
0.00789667
0.00166
0.000556667
0
0.00204
0.00585333
0.01742
0.0311733
0.0586
0.0709533
0.09507
0.0865033
0.0876867
0.06717
0.0708267
0.0562467
0.0513267
0.02622
0.0173267
0.00805
0.00776
0.00980667
0.00595667
0.00645667
0.0028
0.00237667
0.000536667
0.00011
0
0
0
0
0
0
0
0
0
0
0
0.000406667
0.00122
0.00611667
0.01336
0.0207133
0.0307133
0.0383667
0.0450967
0.0523367
0.05458
0.0537733
0.04664
0.0397233
0.0322633
0.0391933
0.0431667
0.0710067
0.07876
0.1016
0.108137
0.0996233
0.08647
0.0515567
0.0366033
0.0137767
0.02232
0.0219367
0.0335
0.0212467
0.0216467
0.00896333
0.00713667
0.0009
0.000556667
0.000406667
0.00163333
0.00408
0.0160533
0.03881
0.0676033
0.1143
0.129413
0.160617
0.127457
0.13824
0.102127
0.117107
0.0808867
0.0675233
0.02907
0.0230667
0.0110333
0.0149733
0.00785
0.0110033
0.00545333
0.00536333
0.00087
0.000443333
0
0
0
0
0
0
0
0
0
0.000406667
0.000406667
0.00530333
0.00612
0.0142867
0.02439
0.03847
0.0438767
0.0510133
0.04704
0.0475567
0.0371633
0.0364633
0.0491133
0.0593033
0.08837
0.0961
0.114293
0.11204
0.09297
0.0740167
0.03941
0.0301033
0.00952333
0.00815
0.00253
0.00777333
0.00647
0.00838
0.00254333
0.00272667
0.000343333
0
0.00214333
0.00499667
0.02499
0.04683
0.0986633
0.13734
0.164053
0.172217
0.163747
0.16293
0.146493
0.136783
0.110113
0.0770733
0.0471733
0.03162
0.03158
0.0269667
0.0339467
0.0251067
0.02368
0.00948667
0.00544
0.00089
0.000446667
0
0
0
0
0
0
0
0
0.000406667
0.00163
0.00601
0.0206033
0.02582
0.0350133
0.0313433
0.0362333
0.03686
0.0372733
0.0485067
0.0610467
0.0890333
0.106167
0.1119
0.112297
0.0845933
0.06752
0.0285967
0.01944
0.00404
0.00343
0.000593333
0.00106667
0.000473333
0.000633333
0.00016
0.00016
0.00051
0.00265333
0.00859667
0.02808
0.0468767
0.09562
0.106853
0.13661
0.09386
0.112833
0.0781767
0.112653
0.0720867
0.0792567
0.0358133
0.03677
0.0214833
0.0318467
0.0344667
0.04118
0.0338367
0.0251767
0.01116
0.00561667
0.00106667
0.000446667
0
0
0
0
0.00012
0.000526667
0.00117667
0.00543667
0.00772667
0.0135167
0.0155
0.0241333
0.03003
0.0378667
0.0458833
0.05611
0.0620867
0.08247
0.08333
0.0956267
0.06055
0.04912
0.0173367
0.0138867
0.00189333
0.00120333
0
0
0
0
0
0.000903333
0.00578
0.01133
0.0392067
0.05527
0.0778633
0.0807033
0.0661967
0.0495967
0.0205033
0.03011
0.0189133
0.0264133
0.0104867
0.0127167
0.00407333
0.0118833
0.0149833
0.0272033
0.0217767
0.0216967
0.00866
0.00678333
0.000793333
0.00062
0
0.00197333
0.00209333
0.00808
0.00675667
0.01293
0.00964
0.0220767
0.0221467
0.03475
0.034
0.03831
0.0423567
0.0399333
0.0494367
0.0442
0.05771
0.0435167
0.03406
0.0112533
0.00596
0.00130667
0.00069
0
0
0
0
0.0100633
0.0182433
0.0418367
0.0560733
0.0760367
0.0607767
0.0480967
0.0245
0.0135067
0.00707333
0.00287333
0.00074
0.000853333
0.000113333
0.00110333
0.00150667
0.00757667
0.00692667
0.00890667
0.00296333
0.00279667
0.0003
0.000173333
0.00607
0.0188633
0.0207533
0.0341933
0.0276933
0.0337567
0.03143
0.03834
0.04159
0.0335567
0.0310267
0.0172367
0.0220967
0.01716
0.02976
0.0219567
0.0222033
0.00826
0.00676667
0.000783333
0.000616667
0
0
0
0.00612667
0.0147
0.0187133
0.0364933
0.0429233
0.0472433
0.0357133
0.02565
0.0133133
0.00573
0.00118667
0.000396667
0.000396667
0
0
0.000516667
0.000516667
0.000856667
0.00034
0.000466667
0.000126667
0.0246867
0.03384
0.0414567
0.0373
0.0361
0.0266833
0.03125
0.0211767
0.0202333
0.00715333
0.00668667
0.00223
0.00784333
0.0065
0.00801333
0.00227667
0.00227667
0.000166667
0.000166667
0
0
0.00133333
0.00267667
0.0114833
0.0177533
0.0314133
0.0355733
0.0355533
0.02466
0.0124833
0.00545667
0.00174333
0.000953333
0.000396667
0
0
0
0
0
0.0255333
0.0202433
0.0243933
0.0117333
0.0152233
0.00673
0.00811667
0.00212
0.0021
0.000123333
0.00072
0.000596667
0.000763333
0.000166667
0.000166667
0
0
0
0.00178
0.006
0.0131667
0.0175933
0.02634
0.0210733
0.0194133
0.00660667
0.00482667
0.000716667
0.000556667
0
0
0
0.00732
0.00283333
0.00309667
0.00059
0.000733333
0.000143333
0.000143333
0
0
0
0
0
0
0
0.0520967
0.0254433
0.0377933
0.00649
0.01123
0.000473333
0.000863333
0
0
0
0
0
0
0
0
0
0
0
0
0
0
0
0
0
0
0
0
0.000313333
0
0.000466667
0.00291667
0.00378333
0
0
0
0
0
0
0
0
0
0
0
0
0
0
0
0.00232333
0.000996667
0.01514
0.0107367
0.0238133
0.0285367
0.0109867
0.0254
0.00237
0.00935667
0.0055
0.00756
0.00473
0.01023
0.00524333
0.00673333
0.00200333
0.000653333
0.00878667
0.00437
0.02923
0.02809
0.0389767
0.01699
0.0395067
0.0213567
0.0495367
0.0371
0.0457167
0.0406867
0.03265
0.01729
0.0346733
0.0227233
0.0201433
0.0221233
0.00457
0.00547667
0
0.000116667
0
0.000513333
0
0.000513333
0
0
0
0
0
0
0
0
0
0
0.000213333
0.000426667
0.00064
0.00528333
0.0259233
0.00473
0.0105
0.00537333
0.00848
0.02901
0.0505033
0.0205533
0.05084
0.00458
0.0153967
0.0165167
0
0
0
0
0
0
0
0
0
0
0
0
0
0
0
0
0.000213333
0.000426667
0.000213333
0.000213333
0.00605667
0.00209333
0.0169633
0.03681
0.0524433
0.0702467
0.06288
0.06605
0.0388767
0.0504967
0.06013
0.0542933
0.06051
0.07724
0.0344967
0.0562167
0.0257033
0.0362467
0.02546
0.03262
0.0298367
0.0311667
0.0232867
0.0268767
0.0196333
0.0197833
0.00802667
0.00759333
0.00187
0
0
0
0
0
0
0
0
0
0
0
0.000183333
0.0005
0
0
0
0
0
0
0
0
0
0
0
0.00074
0.00167667
0.00124333
0.00143333
0.0127567
0.0162133
0.0360533
0.0231233
0.0384533
0.0300033
0.0293733
0.0274233
0.0301233
0.0227067
0.0146
0.00793667
0.00193
0.00143667
0.00035
0.00035
0.000586667
0
0
0
0
0
0
0
0
0
0
0
0
0.000183333
0
0
0
0
0
0
0
0
0
0.000566667
0.000306667
0.000873333
0.000306667
0
0
0
0
0.00019
0.000393333
0.00509333
0.00653
0.0110267
0.0278667
0.0191033
0.0335733
0.03388
0.02596
0.0140967
0.00687
0.00136667
0.000523333
0
0.000586667
0
0.000586667
0
0
0
0
0
0
0
0
0
0
0
0
0
0
0
0
0
0
0
0
0
0
0
0
0
0
0
0
0
0
0
0.000203333
0.00183
0.000203333
0.00325333
0.01637
0.0114133
0.01571
0.02415
0.01863
0.0201333
0.00754
0.00614
0.000636667
0.000523333
0
0
0
0
0
0
0
0
0
0
0
0
0
0
0
0
0
0
0
0
0
0
0
0
0
0
0
0
0
0
0
0
0
0
0
0
0
0.000746667
0.000746667
0.01477
0.01565
0.00715667
0.0131633
0.00513333
0.00873
0.00457
0.00603
0.00203
0.00203667
0.000113333
0.000113333
0
0
0
0
0
0
0
0
0
0
0
0
0
0
0
0
0
0
0
0
0
0
0
0
0
0
0
0
0
0
0
0
0
0
0
0
0
0
0.000846667
0.00159333
0.0183533
0.00517667
0.04406
0.0361667
0.0127767
0.0027
0.0006
0.000866667
0.000463333
0.00057
0.000106667
0.000106667
0
0
0
0
0
0
0
0
0
0
0
0
0
0
0
0
0
0
0
0
0
0
0
0
0
0
0
0
0
0
0
0
0
0
0
0
0
0.000246667
0.00109333
0.00358333
0.00692
0.0563167
0.0323533
0.101873
0.114623
0.04005
0.0892767
0.0288433
0.0053
0.00243667
0.00238333
0.000283333
0.000196667
0
0
0
0
0
0
0
0
0
0
0
0
0
0
0
0
0
0
0
0
0
0
0
0
0
0
0
0
0
0
0
0
0
0
0
0.000656667
0.00337333
0.00545333
0.0274167
0.05098
0.0983033
0.0713733
0.08533
0.0632367
0.04275
0.0186533
0.00838333
0.00623667
0.00387667
0.000926667
0.000676667
0
0
0
0
0
0
0
0
0
0
0
0
0
0
0
0
0
0
0
0
0
0
0.000406667
0
0
0
0
0
0
0
0
0.03394
0.00993
0.000413333
0
0
0
0
0
0
0
0
0
0
0
0
0
0
0
0
0
0
0.000406667
0.000813333
0
0
0
0
0
0
0
0
0.000413333
0
0
0
0
0
0
0
0
0
0
0
0
0
0
0
0
0
0
0.000406667
0
0
0
0
0
0
0
0
0.00105333
0.00034
0.00034
0
0
0
0
0
0
0
0
0
0
0
0
0
0
0
0
0
0
0
0
0
0
0
0
0
0
0
0.00149333
0.00078
0.00034
0
0
0
0
0
0
0
0
0
0
0
0
0
0
0
0
0
0
0
0
0
0
0
0
0
0
0
0
0.000536667
0.00044
0
0
0
0
0
0
0
0
0
0
0
0
0
0
0
0
0
0
0
0
0.000393333
0
0
0
0
0
0
0
0
0
0
9.66667e-05
0
0
0
0
0
0
0
0
0
0
0
0
0
0
0
0
0
0
0
0
0
0
0.000393333
0
0.00518667
0
0
0
0
0
0
0
0
0
0
0
0
0
0
0
0
0.000393333
0.000393333
0.00449
0
0
0
0
0
0
0
0
0
0
0
0
0
0
0
0
0.00479333
0
0
0
0
0
0
0
0
0
0
0
0
0
0
0
0
0.000393333
0.00537333
0.00127667
0.0127767
0
0
0
0
0
0
0
0
0
0
0
0
0
0
0
0
0
0
0
0
0
0
0
0
0
0
0
0
0
0
0
0
0
0
0.000883333
0.00961333
0.00181667
0.0132167
0
0
0
0
0
0
0
0
0
0
0
0
0
0
0
0
0
0.000436667
0
0
0
0
0
0
0
0
0
0
0
0
0
0
0
0
0
0
0.000443333
0.00137667
0.00619
0.00214667
0.00558333
0
0
0
0
0
0
0
0
0
0
0
0
0
0
0
0
0
0.000436667
0
0.00456
0.00465667
0.00626333
0.01033
0.00249
0.00826
0.00016
0.00249667
0
0.00016
0
0
0
0
0
0
0
0
0
0
0
0
0
0
0
0
0
0
0
0.000443333
0.000443333
0.00121333
0.00109667
0.00077
0
0.000326667
0
0
0
0
0
0
0
0
0
0
0
0
0
0
0
0
0
0
0
0
0
0
0
0
0
0
0
0
0
0.00034
0.00034
0.000493333
0.000153333
0.000153333
0
0
0
0
0
0
0
0
0
0
0
0
0
0
0
0
0
0
0
0
0
0
0
0
0
0
0
0
0
0
0
0
0
0
0
0
0
0
0
0
0
0
0
0
0
0
0
0
0
0
0
0
0
0
0
0
0
0
0
0
0
0
0
0
0
0
0
0
0
0
0
0
0
0
0
0
0
0
0
0
0
0
0
0
0
0
0
0
0
0
0
0
0
0
0
0
0
0
0
0
0
0
0
0
0
0
0
0
0
0
0
0
0
0
0
0
0
0
0
0
0
0
0
0
0
0
0
0
0
0
0
0
0
0
0.00012
0.00012
0.000393333
0.000273333
0.000273333
0
0
0
0
0
0
0
0
0
0
0.04382
0.0312567
0.01414
0.00646333
0.00125
0.00039
0
0
0
0
0
0
0
0
0
0
0.00043
0.00043
0.00043
0
0
0
0
0
0
0
0
0
0
0
0
0
0
0
0
0
0
0
0.000756667
0.000756667
0.00118333
0.000426667
0.00100333
0.00157333
0.00567667
0.0135133
0.0208933
0.0315133
0.0304633
0.0290733
0.0217567
0.0164533
0.0209433
0.0190367
0.0325367
0.02579
0.0350867
0.0210167
0.02145
0.00674
0.00196667
0.0194933
0.00518333
0.04101
0.0362433
0.05527
0.000153333
0.00174
0.00056
0.00247
0.00888
0.0186533
0.02834
0.0379367
0.0438233
0.0335067
0.00953
0.0145733
0.0130567
0.00865667
0.0027
0.0015
0.000996667
0.000403333
0.00052
0
0
0
0.00157667
0
8.66667e-05
0
0
0
0
0
0
0.0005
0.0005
0.00094
0.0228533
0.00721667
0.0128433
0.00131
0.00436333
0.00869667
0.07871
0.06814
0.04511
0.0111667
0.0226533
0.00522333
0
0
0
0
0
0.00023
0
0
0
0
0.0295067
0.0669767
0.0427433
0.0746
0.06816
0.0482033
0.0569033
0.0545367
0.0368267
0.08395
0.0670833
0.06737
0.0783733
0.0401767
0.04958
0.04518
0.0421933
0.04039
0.0491933
0.0443167
0.04995
0.0677933
0
0.000546667
0.00023
0.00593667
0.00853
0.0226167
0.000746667
0
0
0
0
0
0
0.00589
0.000683333
0.0199133
0.0340467
0.04385
0.0435
0.0554167
0.00617333
0.00108
0.000333333
0
0
0
0
0
0
0.000183333
0.000366667
0.000183333
0.00561333
0.0199533
0.0269333
0.0366967
0.04229
0.06136
0.0234067
0.00669
0.00159667
0.000333333
0
0
0
0
0
0
0
0
0
0
0
0
8.66667e-05
0.00551667
0.01268
0.0197567
0.0192933
0.0320633
0.0188267
0.00177667
0.00126333
0
0
0
0
0
0
0
0
0
0
0
0
0
0
8.66667e-05
0.000173333
0.00285333
0.00993
0.01481
0.000513333
0
0
0
0
0
0
0
0
0
0
0
0
0
0
0
8.66667e-05
0.00276667
0
0
0
0
0
0
0
0
0
0
0
0
0
0
0
0
0
0
0
0
0
0
0
0
0
0
0
0
0
0
0
0
0
0
0
0.000106667
0.000106667
0.00048
0.000526667
0.0009
0.000936667
0.00059
0
0
0
0
0
0
0
0
0
0
0
0
0
0
0
0
0.000106667
0.00043
0.00301
0.00306
0.00837
0.00631667
0.00471
0.00971667
0.0195367
0.0069
0.0626033
0.0379733
0.130943
0.07244
0.15803
0.130643
0.0818133
0.0155133
0.00985667
0.0116067
0.00187667
0.00198667
0.00083
0.00013
0.000676667
0.000546667
0.00096
0.000413333
0
0
0
0
0
0
0
0
0
0
0
0
0
0.000346667
0.00067
0.00416333
0.00639667
0.0203867
0.02231
0.0349767
0.0244367
0.0463667
0.0441667
0.06774
0.07273
0.03044
0.0411367
0.03097
0.0170633
0.01026
0.00316333
0.00381333
0.00276667
0.00617667
0.00478667
0.00507
0.00876667
0.00452333
0
0
0
0
0.000196667
0.000196667
0
0
0
0
0
0
0
0
0
0
0.000346667
0.00406
0.00755333
0.0218033
0.0324033
0.0514733
0.0521233
0.0651567
0.03845
0.0239
0.0264033
0.0120933
0.00985667
0.00752667
0.00858
0.02013
0.0187733
0.0295633
0.0209467
0.01755
0.00482333
0.00135333
0.00135333
0.00397667
0.00262333
0.00282
0
0
0
0
0
0
0
0
0
0
0
0.000133333
0.00384667
0.00691667
0.02138
0.0243033
0.0437967
0.00901
0.00382
0.0044
0.00179333
0.00715667
0.0137533
0.0256733
0.03283
0.0380767
0.0173233
0.0292333
0.00503667
0.00036
0.00171333
0.00547
0.0162433
0.01511
0
0
0
0
0
0
0
0
0
0
0
0.000133333
0.000266667
0.0004
0.00333667
0.00984
0.000303333
0.000406667
0.000103333
0.00091
0.00161
0.00909
0.01366
0.02548
0.01982
0.0183267
0.0058
0.00442
0.000513333
0.000153333
0.00312333
0.00672667
0.01931
0.0278333
0
0
0
0
0
0
0
0
0
0
0
0
0
0
0.000133333
0.000133333
0.000266667
0
0
0
0
0.000803333
0.00120667
0.00658333
0.00588667
0.00730333
0.00191667
0.00192667
9.66667e-05
0.000153333
0
0.00402
0.00663
0.01942
0
0
0
0
0
0
0
0
0
0
0
0
0
0
0
0
0
0.00026
0
0
0
0
0.000403333
0.000403333
0.00051
0.000106667
0.000106667
0
0
0
0
0
0.00037
0.00423667
0
0
0
0
0
0
0
0
0
0
0
0
0
0
0
0
0
0.00413667
0.000703333
0.000443333
0
0
0
0
0
0
0
0
0
0
0
0
0
0
0
0.00037
0
0
0
0
0
0
0
0
0
0
0
0
0
0
0
0
0
0
0
0.00903667
0.00560333
0.000443333
0
0
0
0
0
0
0
0
0
0
0
0
0
0
0
0
0
0
0
0
0
0
0
0
0
0
0
0
0.000493333
0.000493333
0.000986667
0.000493333
0.00325
0.00275667
0.00275667
0.00609
0.00093
0
0
0
0
0
0
0
0
0
0
0
0
0
0
0
0
0
0
0
0
0
0
0
0
0
0
0
0
0
0.00117333
0.00166667
0.00773
0.00705
0.00931333
0.00093
0
0
0
0
0
0
0
0
0
0
0
0
0
0
0
0
0
0
0
0
0
0
0
0
0
0
0
0
0
0
0.00068
0.00068
0.00185333
0
0
0
0
0
0
0
0
0
0
0
0
0
0
0
0
0
0
0
0
0
0
0
0
0
0
0
0
0
0
0
0
0
0.00068
0
0
0
0
0
0
0
0
0
0
0
0
0
0
0
0
0
0
0
0
0
0
0
0
0
0
0
0
0
0
0
8.33333e-05
8.33333e-05
0.000166667
8.33333e-05
0.000853333
0.00077
0.00077
0
0
0
0
0
0
0
0
0
0
0
0
0
0
0
0.000186667
0.000186667
0.000186667
0
0
0
0
0
0
0
0
0
0
0
0
0
0
0
0
0
0
0
0
0
0.0001
0.0001
0.000183333
0.000166667
0.00571
0.00571
0.00639667
0.00107667
0.00107667
0
0
0
0
0
0
0
0
0
0
0
0
0
0
0
0
0
0
0
0
0
0
0
0.000186667
0
0
0
0
0
0
0
0
0
0.000186667
0.000186667
0.00252333
0.00271
0.00794333
0.00264333
0.00596667
0.00569333
0.000633333
0.000666667
0.00024
0.00024
0
0
0
0
0.000123333
0.000123333
0.000246667
0.000223333
0.00904
0.009
0.0144433
0.00107667
0
0
0
0
0
0
0.00011
0.00011
0.00025
0.00036
0.000396667
0.00025
0.000293333
0.000146667
0.000146667
0.000146667
0
0
0
0
0
0
0
0
0
0
0
0
0
0
0
0
0
0
0.00072
0.000906667
0.00711667
0.00892
0.02145
0.02054
0.0244867
0.0121633
0.0108967
0.00466667
0.00461333
0.00058
0.00034
0
0
0
0
0.000123333
0.00437667
0.0045
0.0131933
0.00048
0.00048
0
0
0
0.00034
0.00045
0.00350333
0.00341333
0.00639
0.00348333
0.00359667
0.000656667
0.000726667
0.000363333
0.000216667
0
0.000423333
0.000423333
0.000743333
0.00032
0.00064
0.00032
0.00032
0
0
0.00143333
0.00873
0.0142267
0.0305467
0.0359667
0.0437767
0.0332067
0.0245167
0.01453
0.0084
0.00471333
0.00068
0.00034
0
0.000816667
0.00714333
0.00972
0.02224
0.019
0.0224067
0.00991
0.01082
0.00457667
0.00542333
0.00142667
0.00163333
0.0275167
0.04056
0.0307633
0.0307967
0.0143533
0.01026
0.00219333
0.00086
0
0
0
0
0
0
0
0
0.00129
0.00129
0.00653667
0.00567667
0.00631667
0.00107
0.00085
0.00021
0.00021
0
0
0
0
0
0
0
0
0
0
0
0
0
0
0
0
0
0.000523333
0.00128
0.00651667
0.00642
0.0063
0.00164
0.00202
0.00548667
0.00582333
0.0133933
0.0157733
0.0222233
0.0232667
0.02419
0.03511
0.0371667
0.04969
0.0469667
0.0493533
0.04422
0.0335233
0.0248233
0.01138
0.00660333
0.00203
0.000676667
0.00059
0
0.000586667
0
0
0.0005
0.00152667
0.00678667
0.00255333
0.02051
0
0.00129
0.000883333
0.00217333
0.01069
0.02631
0.0421367
0.0500533
0.04148
0.0309567
0.0152267
0.00776667
0.00158
0.0127267
0.01425
0.02849
0.0222533
0.02997
0.0148167
0.0219233
0.00930333
0.0135767
0.00159667
0.00634667
0.00119333
0
0
0
0
0
0
0
0.000473333
0.000756667
0.00134333
0.000756667
0.000586667
0.00126
0.00075
0.00615333
0.0131867
0.0289667
0.0397667
0.0547267
0.0547733
0.05051
0.04213
0.0371467
0.0435767
0.0558033
0.0697
0.0754033
0.06658
0.05176
0.03618
0.0360167
0.0322033
0.0423933
0.0487067
0.0650667
0.0611867
0.0611967
0.0433733
0.0181833
0.0378567
0.01395
0.000703333
0.00532
0.00775667
0.0136
0.00109333
0
0.000276667
0
0.0233
0.0417867
0.03387
0.0527033
0.0592733
0.0114067
0.0196367
0.00156333
0.0654567
0.09358
0.124787
0.177623
0.127207
0.0794533
0.0440933
0.0156833
0.0919433
0.0697633
0.104433
0.158907
0.148033
0.136203
0.0956567
0.0513
0.06091
0.04228
0.0517967
0.07314
0.09582
0.116517
0.07438
0.08341
0.0254433
0
0.00145333
0.00145333
0
0.00145333
0
0
0
0
0.00068
0.0112033
0.0259033
0.02651
0.0254333
0.03068
0.0391133
0.05972
0.03305
0.0360433
0.00849
0.01006
0.00061
0
0
0
0
0.00145333
0.00290667
0.0169567
0.0155033
0.0338933
0.0012
0.0210433
0.0012
0
0
0
0
0
0
0
0.00240333
0.00172333
0.0121133
0.0138367
0.01848
0.00268
0.00623667
0.00373333
0.00483
0.0102267
0.00698
0.00836333
0.00663667
0.0107333
0.00536667
0.00707667
0.00219
0.00218
9.66667e-05
9.66667e-05
0
0
0
0
0
0.00145
0.00290333
0.0174333
0.0300333
0.0693633
0.0746767
0.08078
0.0411967
0.03594
0.00288333
0.01747
0.00168333
0
0
0
0
0
0
0
0.00104333
0.00276667
0.01366
0.02405
0.0439
0.0455833
0.06011
0.0493767
0
0
0
0
0.000176667
0.000176667
0.00127333
0.00140667
0.00147
0.00068
0.00048
0.000106667
0.000106667
0
0
0
0
0.00108667
0
0.00108667
0.00386667
0.00423
0.0185467
0.0302967
0.0736567
0.100123
0.125007
0.10035
0.0741533
0.0493267
0.0325833
0.01968
0.00509333
0.00168333
0
0
0
0
0
0
0.00117333
0.00221667
0.00857667
0.0182967
0.0379233
0.0531367
0.0693467
0.07578
0.07211
0.0602333
0.0370267
0
0
0
0
0
0
0
0
0
0.000706667
0.000306667
0
0
0
0
0
0
0.01402
0.00259
0.0152967
0.02495
0.0278367
0.0371933
0.0712633
0.0750733
0.10235
0.0821367
0.0785967
0.0425933
0.0214067
0.00682
0.00341
0
0
0
0.000386667
0
0.000386667
0.00138
0.00216667
0.00872333
0.01409
0.0255767
0.03969
0.06003
0.0744733
0.07626
0.0674633
0.0456533
0.0270933
0.00978
0
0
0
0
0
0
0
0
0
0
0.000496667
0.0004
0
0
0
0
0
0
0
0.05526
0.01382
0.0651133
0.0915967
0.06079
0.06619
0.0464033
0.0379
0.0463567
0.03142
0.0311967
0.00692667
0.00373667
0.000326667
0
0
0
0.00100667
0.00162667
0.002
0.00817
0.0246933
0.0367333
0.06447
0.0736533
0.08759
0.0757533
0.0607
0.0393967
0.0188667
0.00781
0.00251667
0
0
0
0
0
0
0
0
0
9.66667e-05
0
0
0
0
0
0
0
0
0.0802267
0.12954
0.131057
0.104253
0.08913
0.0425633
0.0323333
0.0127333
0.016
0.0104167
0.00734667
0.00012
0.000446667
0
0.13602
0.193317
0.192703
0.184437
0.215627
0.117757
0.0258233
0.00491333
0.0396667
0.0712333
0.0839967
0.107827
0.102237
0.0972067
0.0675067
0.0498133
0.0224767
0.0154
0.00649667
0.00643667
0
0.000196667
0
0
0
0
0
0
0
0
0
0
0
0
0
0.11814
0.106443
0.121083
0.09844
0.0562567
0.0525867
0.03193
0.0392467
0.0202467
0.01532
0.00209333
0.00382333
0.07122
0.129983
0.07263
0.0284
0.03339
0.0599
0.0839
0.103717
0.101073
0.100153
0.0787833
0.0581433
0.0427867
0.0385267
0.02738
0.0264867
0.00327
0.000646667
0.000703333
0.000253333
0
0
0
0
0
0
0
0
0
0
0.0980933
0.11841
0.121007
0.09424
0.0706
0.0503767
0.05627
0.01705
0.0283033
0.00567333
0.04823
0.0335567
0.0109067
0.00606667
0.05585
0.0895267
0.0774633
0.08484
0.0750167
0.0594533
0.05938
0.0540067
0.01474
0.0254233
0.01426
0.00284667
0.00239667
0.000253333
0
0
0
0
0
0
0
0.0945533
0.06502
0.00708
0.0113033
0.00047
0.000773333
0.0893967
0.0796467
0.0347233
0.036
0.02698
0.0172
0.00553333
0
0
0
0
0
0.000443333
0.000133333
0
0
0.0305767
0.0386333
0.0298033
0.01754
0.0168167
0
0
0
0
0
0
0
0.000656667
0.00026
0.0180033
0.00460667
0.01825
0.0219933
0.00849667
0.00588667
0
0
0
0
0
0
0
0
0.00622
0.00409
0.00074
0.00037
0.00037
0.00448333
0.00438333
0
0
0
0
0
0
0
0.0184633
0.0212333
0
0
0
0
0
0
0
0
0
0
0.00313667
0.00038
0.02277
0.0328367
0.01106
0
0
0
0
0
0
0
0
0
0
0
0
0.02336
0.0176767
0.0227533
0.00615333
0.00778
0.00118333
0
0
0
0
0
0
0
0
0
0
0
0
0.0108467
0.0307233
0.01623
0.03627
0.0459533
0.00281
0.000253333
0.000253333
0
0
0
0
0
0
0
0
0
0
0
0
0
0
0
0.000856667
0.00985
0.00997333
0.0137067
0.02857
0.0353233
0
0
0
0
0
0
0
0
0
0
0
0
0
0
0
0
0
0
0.00101667
0.000423333
0.000766667
0.00079
0.00125
0.00498333
0
0
0.000133333
0.000133333
0.000383333
0.000516667
0.000383333
0.000866667
0.00068
0.000953333
0.000273333
0
0.00069
0.00069
0.00102
0.00073
0.00146
0.00073
0
0.00073
0
0.0186967
0.0134
0.0206433
0.00860333
0.000933333
0.00170333
0.00163
0.000813333
0.00330333
0.00262333
0.00703333
0.00492667
0.00184333
0.00625333
0.00253667
0.00435333
0.00503333
0.0115167
0.0103133
0.00391667
0.00539
0.00242667
0.00284333
0.00926333
0.01822
0.0107067
0.00997667
0.00073
0
0
0
0.03858
0.0421467
0.0596333
0.05364
0.0386233
0.0325433
0.01466
0.00766333
0.01865
0.0372067
0.02627
0.04038
0.02247
0.00503
0.0205533
0.00357
0.00134333
0.00551
0.0146933
0.02982
0.0273067
0.0343767
0.02087
0.0163533
0.03908
0.03422
0.01263
0.00338333
0
0
0
0
0
0
0.0369933
0.05696
0.0836167
0.09933
0.0868867
0.0930033
0.0715933
0.0548667
0.07763
0.11619
0.0898767
0.0957467
0.0443333
0.00439
0.02963
0.00237667
0.000106667
0.00145
0.0021
0.00903667
0.01757
0.0364033
0.04583
0.0657867
0.0568467
0.07121
0.0535333
0.00729667
0.00391333
0
0
0
0
0
0
0
0.00018
0
0.000893333
0
0.000143333
0
0.00647667
0.00439667
0.0302567
0.0375633
0.0684933
0.0924067
0.11111
0.117737
0.1126
0.15641
0.196973
0.162623
0.12691
0.04533
0.00285667
0.02057
0.00048
0.00096
0.000243333
0
0.00072
0.00611
0.00556667
0.00522
0.00109
0.00141
0
0.00032
0.000106667
0.000106667
0.000926667
0.00157667
0.00755333
0.0137767
0.0339267
0.04802
0.0701167
0.0712033
0.0272967
0.00624333
0.00284
0.00051
0.00051
0
0
0
0.000493333
0.000673333
0.00477
0.00455
0.0252333
0.0118867
0.0436967
0.0383967
0.0338967
0.0436567
0.0121033
0.0253267
0.00113667
0.00516333
0
0.00034
0
9.66667e-05
0.00112667
0.00117333
0.00687333
0.00792333
0.0229033
0.0287633
0.0596933
0.144973
0.0825933
0.03977
0.02296
0.00186333
0.00138333
0.000243333
0.00461333
0.00413667
0.01729
0.0106967
0.0341867
0.0262567
0.02535
0.0335767
0.0103567
0.01509
0.00819333
0.00693333
0.0109433
0.02498
0.0345533
0.0200767
0.02023
0.0054
0.00463
0
0
0
0
0.00082
0.00566333
0.0117467
0.0317267
0.0133267
0.0135467
0.00616333
0.00693667
0.00198333
0.00133333
0.00680667
0.00253333
0.00131667
0.000726667
0.00415667
0.00096
0.00057
0.000196667
0.000196667
0.00102667
0.00102667
0.00576
0.00102667
0.00529333
0
0
0
0
0
0
0
0
0
0.00169333
0.000403333
0.0110367
0.00619333
0.0201567
0.0240167
0.00754667
0.0216067
0.000883333
0.00758
0
0.000673333
0
0
0
0
0
0
0
0
0.000883333
0.00175333
0.0106767
0.0152433
0.0310833
0.0247833
0.0272633
0.01329
0.0117767
0.00395
0.00121333
0.0246767
0.0365233
0.0493867
0.04907
0.05357
0.0415767
0.0381033
0.0227233
0.02902
0.0206633
0.01777
0.00119333
0.00305
0
0
0
0
0
0
0.00104667
0.000523333
0.0138467
0.00913333
0.0207867
0.0282367
0.00810667
0.0222133
0.00594
0.01169
0.0078
0.00553667
0.0200167
0.011
0.04321
0.02904
0.0581433
0.05372
0.0502367
0.0563033
0.02172
0.0333
0.00844667
0.000136667
0
0
0
0
0
0
0
0
0.000473333
0.00357
0.0101967
0.00684333
0.00117
0.00566
0.00872
0.00552333
0.00454
0.00106
0.00193667
0.00831667
0.0146733
0.02319
0.0325033
0.03447
0.04178
0.0388
0.0434133
0.0444667
0.0496133
0.05763
0.06549
0.0695567
0.0649433
0.0458133
0.03187
0.01587
0.0163667
0.0133133
0.0354633
0.04377
0.0531333
0.0432667
0.0334967
0.0256933
0.0107333
0.01344
0.01845
0.0117167
0.0333733
0.03282
0.0416833
0.0577967
0.0481633
0.04198
0.0151333
0.0184367
0.00676667
0.05121
0.07082
0.115763
0.163473
0.135967
0.07379
0.208453
0.241303
0.17655
0.169203
0
0
0
9.33333e-05
0
0.000393333
9.33333e-05
0.000886667
0.0003
0.000966667
0.000586667
0.00038
0.00038
0
0
0
0
0
0
0
0
0.0002
0
0.000783333
0.0002
0.000966667
0.000583333
0.000383333
0.000383333
0
0
0
0
0
0
0
0
0
0.221967
0.1704
0.10116
0.146383
0
0
0
0
0
0
0
0
0
0
0
0
0
0
0
0
0
0
0
0
0
0
0
0
0
0
0
0
0
0
0
0
0
0
0
0
0
0
0
0
0
0
0
0
0
0
0
0
0
0
0
0
0
0
0
0
0
0
0
0
0.104817
0.06203
0.04243
0.0821133
0
0
0
0
0
0
0
0
0
0
0
0
0
0
0
0
0
0
0
0
0
0
0
0
0
0
0
0
0
0
0
0
0
0
0
0
0
0
0
0
0
0
0.00068
0.00068
0.00068
0
0
0
0.0001
0.0001
0.0001
0
0
0
0
0
0.0243467
0.01434
0.00858
0.03553
0
0
0
0
0
0
0
0
0
0
0
0
0
0
0
0
0
0
0
0
0
0
0
0
0
0
0
0
0
0
0
0
0
0
0
0.00704667
0.00714667
0.00844
0.00139333
0.00129333
0
0
0
0
0
0
0
0.00352
0.00279
0.00834667
0.00806667
0
0
0
0
0
0
0
0
0
0
0
0
0
0
0
0
0
0
0
0
0
0
0
0
0
0
0
0
0
0
0
0.0235667
0.01652
0.0154867
0.00026
0.00026
0
0
0
0
0
0
0.00031
0.00031
0.0106967
0.0178433
0.00525
0
0
0
0
0
0
0
0
0
0
0
0
0
0
0
0
0
0
0
0
0
0
0
0
0
0
0
0
0.0193833
0.00441667
0.00052
0.00026
0
0
0
0
0
0
0
0
0.01689
0.00935333
0.00486
0
0
0
0
0
0
0
0.00150333
0
0
0
0
0
0
0
0
0
0
0
0
0
0
0
0
0
0
0
0.00474667
0.00085
0.00026
0
0
0
0
0
0
0.000393333
0
0
0.00645333
0.00529667
0
0
0
0
0
0.000416667
0.00192
0.00280667
0
0
0
0
0
0
0
0
0
0
0
0
0
0
0
0
0
0
0.00062
0.00059
0.00011
0.00011
0.00011
0
0
0
0.000343333
0.000736667
0.00500333
0
0
0
0.00165333
0.00155667
9.66667e-05
0
0
0
0
0.000416667
0.000886667
0.00177333
0.00241667
0.0383433
0
0
0
0
0
0
0
0
0
0
0
0.22297
0.159637
0.176263
0.168787
0
0
0
0
0
0
0
0.000236667
0.000856667
0.00453
0.00197667
0.00197667
0.00011
0
0
0.000343333
0.00786
0.000686667
0.0117833
0
0
0
0
0
0
0
0
0
0.000223333
0.000223333
0.000693333
0.00206667
0.00290333
0.00755333
0.0425767
0.0613633
0.00185
0.00185
0
0
0
0
0
0
0
0
0
0.123947
0.04675
0.0938167
0.06434
0
0
0
0
0
0.000236667
0.000236667
0.00391
0.00800667
0.0161933
0.0273633
0.00731333
0.00951333
0.00406667
0.00444667
0.000723333
0.00466667
0.01146
0.0234367
0
0
0
0
0
0
0
0
0
0.000883333
0.000553333
0.00192667
0.00929
0.01408
0.03213
0.04439
0.0591167
0.0698467
0.00715
0.0053
0.00345
0
0
0
0
0
0
0
0
0.0291833
0.0289567
0.0148167
0.00561333
0
0
0
0
0
0.000893333
0.00522667
0.0107333
0.0180267
0.0210033
0.0329767
0.0737533
0.05915
0.0438933
0.0143067
0.00924
0.00482667
0.00115
0.00939
0.00471333
0.02132
0
0
0
0
0
0
0
0
0
0
0
0.000766667
0.0173033
0.0247833
0.0438767
0.07222
0.0752
0.08593
0.0801533
0.0939467
0.106553
0.09377
0.088
0.05516
0.02914
0.0227933
0.01218
0.0109567
0.00407667
0.000626667
0
0
0
0
0
0
0
0.00489
0.00809667
0.00047
0
0
0
0
0.000893333
0.00140333
0.00691
0.0133267
0.0201267
0.0176933
0.0278633
0.0272733
0.054
0.04991
0.07729
0.0878033
0.0873567
0.09837
0.06951
0.04197
0.0112867
0.00687667
0.00115333
0.000773333
0.00544667
0.00682667
0.00339
0
0
0
0
0
0
0
0
0
0
0
0
0
0.0392067
0.0169733
0.0751367
0.0923667
0.10018
0.0916333
0.0911767
0.0783933
0.06838
0.0391067
0.0496067
0.0463
0.0559967
0.0319733
0.02479
0.01107
0.00785
0.00097
0.000626667
0.000143333
0.000143333
0.000143333
0
0
0
0.000533333
0.00031
0
0
0
0
0.00051
0.00051
0.00782
0.0103833
0.0134567
0.00640667
0.0100533
0.00859333
0.0217233
0.0532133
0.0857
0.118427
0.11387
0.106763
0.09171
0.0682533
0.0473733
0.0166933
0.00688
0.000876667
0.000493333
0.00011
0.00177
0.00187
0.00339
0.00489333
0
0
0
0
0
0
0
0
0
0
0
0
0.02234
0.0497233
0.08382
0.0888633
0.06448
0.0544667
0.02827
0.0229233
0.00791667
0.0207933
0.0169033
0.0183867
0.00468333
0.00455
0.00124667
0.000886667
0.00113667
0.000736667
0.00664667
0.00605333
0.00809333
0.00218333
0.00232
0
0
0.000136667
0.000533333
0
0
0
0.00307333
0.00307333
0.00333333
0.00187333
0.00348667
0.00738667
0.0439833
0.05535
0.0973067
0.0734133
0.0874267
0.04758
0.04346
0.0209867
0.0151
0.00673
0.00232
0.00193667
0
0.00011
0.0001
0.00150333
0.00177333
0
0
0
0
0
0
0
0
0
0
0.0290133
0.0273833
0.0387267
0.0129733
0.01253
0.00281667
0.00355
0.00236333
0.00284
0.000476667
0.000836667
0.00143
0.00197333
0.00978667
0.00931
0.0146767
0.0124133
0.02497
0.01547
0.0212433
0.00245667
0
0
0.00292333
0.00488333
0
0
0
0
0.00161333
0.00161333
0.00577333
0.00416
0.01714
0.0141633
0.02848
0.01752
0.0226067
0.0154967
0.0179967
0.0238767
0.0184967
0.01902
0.00687
0.00575
0.000706667
0.000706667
0.00027
0.00027
0
0
0
0
0
0
0
0
0
0
0
0
0.00163
0.00163
0.00326
0.00163
0
0
0
0
0.000526667
0.00159667
0.00643333
0.01408
0.0273367
0.02841
0.0333867
0.03403
0.03221
0.0210167
0
0
0.0128533
0.0231367
0
0
0
0
0
0
0
0.00118333
0.00155
0.00357
0.00647333
0.0133133
0.0250933
0.0331567
0.0394733
0.0307167
0.02241
0.00506333
0.00959333
0.00122
0
0
0
0
0
0
0
0.000336667
0.000336667
0
0
0
0
0
0
0
0
0
0
0.000526667
0.00093
0.00576667
0.00582667
0.01975
0.0217233
0.02769
0.0342867
0.02861
0.00038
0.00076
0.0359733
0.03225
0
0
0
0
0
0.000366667
0.000716667
0.00480333
0.00494667
0.0183967
0.02015
0.0228767
0.0331633
0.0209767
0.0206467
0.00796667
0
0
0
0
0
0
0.0024
0.0012
0.000863333
0
0
0
0
0.000403333
0
0.00157667
0.00099
0.00791333
0.00169
0.0150567
0.0203967
0.00623667
0.0274933
0.0211333
0
0.00035
0
0.00137
0.00086
0.0069
0.00157
0.00990333
0.000243333
0.000243333
0.000706667
0.000683333
0.00022
0.000643333
0.000423333
0.0311667
0.0114467
0.0112667
0.00188333
0
0.00102
0
0.0256967
0.0359667
0.00618667
0.00283667
0.00104
0.000796667
0.00449
0.00415667
0.00713
0.0039
0.00386
0.05107
0.0360033
0.01592
0.00698667
0.00147
0.00045
0
0.0246033
0.0263733
0.00028
0
0.000573333
0.00137
0.00494667
0.0108433
0.0107167
0.0232633
0.02001
0.0431667
0.0329967
0.0129133
0.00698667
0.00045
0.00147
0
0.00521667
0.00989333
0
0
0.00105667
0.00117333
0.00489
0.00798333
0.0141233
0.01676
0.0265267
0.0274367
0.0160067
0.0116533
0.00637333
0.00211667
0.00138667
0.00029
0.00255333
0.00253333
0.0004
0.00121333
0.00976333
0.00809333
0.01118
0.00803667
0.00809333
0.01088
0.0138167
0.02823
0.0351667
0.0176633
0.00756333
0.0195833
0.01471
0.0160033
0.0109467
0.0112267
0.0261733
0.0210867
0.01677
0.0404967
0.0524567
0.0303533
0.0425667
0.0266867
0.02618
0.06558
0.0717567
0.0432633
0.0457
0.0622333
0.0611133
0.0650233
0.04337
0.0678033
0.100703
0.0508733
0.0723167
0.07356
0.0675
0.0901367
0.07587
0.0691233
0.0926
0.104013
0.10214
0.109327
0.13382
0.124283
0.101347
0.0871033
0.13832
0.155467
0.0840433
0.0951833
0.10541
0.110023
0.10458
0.102973
0.11006
0.135027
0.16066
0.158203
0.170087
0.1228
0.0945433
0.142517
0.122047
0.12449
0.18607
0.2202
0.216583
0.189987
0.04517
0.07443
0.0906533
0.110493
0.0899167
0.0161933
0.0367367
0.00102
0.00335
0
0.00051
0
0
0.00171
0.000493333
0.0135967
0.00558667
0.03843
0.02644
0.03661
0.0425233
0.0159867
0.0280233
0.00135667
0.00863667
0
0.000796667
0.000306667
0
0.00231333
0.000403333
0.00536
0.00303667
0.02081
0.00915
0.04739
0.0498233
0.0905333
0.127797
0.04386
0.0856867
0.00295667
0.0239567
9.66667e-05
0.00148
0.00488
0.00389333
0.0161333
0.01195
0.0345833
0.0294033
0.01861
0.03114
0.00871
0.00808667
0.0259733
0.01224
0.0453567
0.0359633
0.0340533
0.0447267
0.00973333
0.0240333
0.000976667
0.00516
0.00145333
0.000446667
0.00242333
0.00100667
0.0151633
0.00626
0.0332733
0.00904
0.00604
0.00577333
0.000303333
0.000106667
0
0
0
0
0.00056
0
0.00121
0.00056
0.00065
0.00065
0
0.00372
0.000273333
0.000863333
0.000136667
0
0
0
0
0
0
0
0
0.000196667
0.00329333
0.0533533
0.0106133
0.00598
0.0067
0.00823333
0.0237067
0.0229367
0.02441
0
0
0
0
0
0
0
0
0
0
0.000403333
0.000806667
0.00142667
0.00552333
0.0200933
0.0337433
0.0438533
0.0355767
0.0290033
0.0150667
0.00921667
0.00152
0.000846667
0
0
0
0
0
0
0
0
0.00087
0.00126333
0.00671333
0.00584333
0.00807333
0.00262333
0.00536
0.00310667
0.00111667
0.00321
0.00170333
0.00591667
0.0116533
0.0241167
0.0292967
0.0264033
0.01415
0.00872667
0.0180167
0.00574333
0.0374667
0.0204
0.0563267
0.0399067
0.04971
0.04348
0.03807
0.03668
0.0247367
0.0112033
0.00304333
0.00142333
0.000236667
0.000236667
0
0
0
0.000376667
0.0009
0.00496333
0.0126733
0.0183333
0.0291833
0.0346433
0.0351233
0.02443
0.0151033
0.00928
0.00546333
0.00124333
0.00451667
0.00450333
0.02001
0.02303
0.04257
0.0322267
0.0415367
0.0224033
0.00393333
0.0202333
0.00321667
0.00322333
0.000223333
0.00632667
0.0263633
0.02277
0.0453967
0.0656867
0.0712333
0.06842
0.054
0.0416233
0.0338
0.163603
0.09591
0.0766367
0.05795
0
0
0
0
0
0
0.000403333
0.00062
0.00124
0.00719667
0.0219533
0.02781
0.03606
0.0253667
0.0265867
0.0128233
0.00939
0.00169333
0.000846667
0
0
0
0
0
0
0
0
0
0.000393333
0.000393333
0.000393333
0
0
0
0.00204
0.00167
0.00268333
0.0356767
0.0231167
0.0265967
0.0242567
0.0158833
0.0349667
0.01937
0.04429
0.0267733
0.0378133
0.05522
0.0205433
0.0399
0.00877
0.0100433
0.00821333
0.00416667
0.03141
0.0180033
0.0403267
0.0378333
0.0312667
0.03578
0.0238133
0.0257733
0.01316
0.00523667
0.00166
0.000473333
0.000236667
0
0
0
0.000376667
0.000553333
0.00461667
0.00691333
0.01292
0.01525
0.0261233
0.0244567
0.0222833
0.00917
0.00549333
0.00127333
0.00084
0.000136667
0.000526667
0.000936667
0.00793333
0.00830333
0.0130567
0.00706667
0.00710333
0.00194
0.00094
0.000143333
0.05708
0.08142
0.14287
0.26722
0.191123
0
0
0
0
0
0
0
0.000216667
0.00031
0.00667
0.00675333
0.0131367
0.00736333
0.0113433
0.00524667
0.00550667
0.00122667
0.000846667
0
0
0
0
0
0
0
0
0
0
0
0
0
0
0
0
0.00078
0.01899
0.01704
0.00423667
0.0101967
0.00429
0.000476667
0.000236667
0
0
0
0
0
0.000176667
0.000176667
0.00285
0.00287333
0.00926667
0.00717667
0.0114933
0.00548333
0.00533333
0.000816667
0.000433333
0
0.000136667
0.000136667
0.000546667
0.00041
0.00117
0.00076
0.00190333
0.00114333
0.00114333
0
0
0
0
0.17054
0.20007
0.194767
0.21941
0
0
0
0
0
0
0
0
0
0
0
0
0
0
0
0.00078
0.00101667
0.00024
0.000423333
0.00024
0
0
0
0
0
0
0
0
0
0
0
0
0
0
0
0
0.202803
0.19261
0.07847
0.106683
0
0
0
0
0
0
0
0
0
0.000473333
0.000236667
0.00161333
0
0
0
0
0
0
0
0
0
0
0
0
0.07966
0.12608
0.02807
0.0332633
0
0
0
0
0
0
0
0.000236667
0.000236667
0.00137667
0.000236667
0.00114
0
0
0
0
0
0
0
0
0
0
0
0
0.0154933
0.02802
0.00981667
0.0102867
0
0
0
0
0
0
0
0
0
0
0
0
0
0
0
0
0
0
0
0
0
0
0
0.00122667
0.00319333
0.00589667
0.0108167
0
0
0
0
0
0
0
0
0
0
0
0
0
0
0
0
0
0
0
0
0
0
0
0
0.000186667
0.01695
0.0250667
0
0
0
0
0
0
0
0
0
0
0
0
0
0
0
0
0
0
0
0
0
0
0
0
0
0
0.03556
0.02649
0
0
0
0
0
0
0
0
0
0
0
0
0
0
0
0
0
0
0
0.000393333
0.000886667
0.000493333
0.000493333
0
0
0
0
0.01869
0.02011
0
0
0
0
0
0
0
0
0
0
0
0
0
0
0
0
0
0
0
0
0
0.00515333
0.0100567
0.00704667
0.00579
0.00175
0
0
0.00364667
0.00493667
0
0
0
0
0
0
0
0
0
0
0
0
0
0
0.115473
0.05977
0.114293
0.116837
0.0729467
0
0
0
0
0
0
0
0
0.02562
0.0237433
0.0212267
0.00879667
0.00387
0
0
0.000266667
0
0
0
0
0
0
0
0
0
0
0
0
0
0
0
0.0267367
0.00613
0.0599467
0.0297133
0
0
0
0
0
0
0
0
0.0336733
0.03906
0.02849
0.02148
0.00929
0.00782667
0
0
0
0
0
0
0
0
0
0.00033
0
0
0
0
0
0
0
0
0.00788333
0.00507
0.01432
0.00993333
0
0
0
0
0
0
0
0
0.0299367
0.03744
0.03229
0.0269
0.0146833
0.0078
0.00063
0
0
0
0
0
0
0
0
0.00033
0.00033
0.000436667
0
0
0
0
0
0
0
0
0.00057
0.00397667
0.00026
0.00026
0
0
0
0
0
0
0
0
0.0193867
0.0148233
0.0202233
0.00805667
0.000736667
0.00790667
0.000343333
0
0
0
0
0
0
0
0
0
0.000106667
0.000106667
0
0
0
0
0
0
0
0
0
0.000333333
0.00044
0
0
0
0
0
0
0
0
0
0
0.00236333
0.000986667
0.00128
0.000786667
0.000393333
0
0
0
0
0
0
0
0
0
0
0
0
0.000136667
0.000136667
0
0
0
0
0
0
0
0.00022
0.00055
0
0.000136667
0
0
0
0
0
0
0
0
0.0001
0.000493333
0.000393333
0
0.000393333
0
0
0
0
0
0
0
0
0
0
0
0
0.000273333
0.000136667
0
0
0
0
0
0
0.000493333
0.000713333
0.00249333
0.00246333
0
0
0
0
0
0
0
0
0
0
0
0
0
0
0
0
0
0
0
0
0
0
0
0
0
0.00873
0.001
0.000863333
0
0
0
0
0
0
0.000493333
0.000493333
0.00361667
0.0116167
0
0
0
0
0
0
0
0
0.000513333
0
0
0
0
0
0
0
0
0.000153333
0.00049
0
0
0
0
0
0
0
0
0.0158833
0.00901667
0.00128667
0.000863333
0
0
0
0
0
0
0.00038
0
0.0113467
0.01911
0
0
0
0
0
0
0
0
0
0.00452333
0.000913333
0.0004
0
0
0
0
0
0
0
0.00383667
0.00169
0
0
0
0
0
0
0
0
0
0
0.00857667
0.00848333
0.000753333
0.000423333
0
0
0
0
0
0
0
0.00038
0.00585667
0.0121967
0.01346
0
0
0
0
0
0
0
0
0
0
0
0
0.00464
0.0077
0.00437
0.00419333
0.000583333
0.0004
0
0
0
0
0.000203333
0.000626667
0.03043
0.0242667
0
0
0
0
0
0
0
0
0
0
0
0.000586667
0.000586667
0.00110333
0.000516667
0.000846667
0.00033
0.00033
0
0
0
0
0
0
0
0
0.01182
0.00614
0.00469333
0.00378
0
0
0
0
0
0
0
0
0
0
0
0
0
0.00051
0.00051
0.00106
0.00055
0.00112667
0.000576667
0.00076
0.000183333
0.000183333
0
0
0
0
0.00667667
0.00366333
0.04994
0.06368
0
0
0
0
0
0
0
0
0
0
0
0
0
0
0
0
0
0
0
0
0
0
0.00692667
0.01121
0.00043
0.00028
0
0
0
0
0
0
0
0
0
0
0
0
0
0
0
0
0
0
0
0
0
0
0.01906
0.0293667
0.05065
0.0587833
0
0
0
0
0
0
0
0
0
0
0
0
0
0
0
0
0.00670333
0.00625
0
0.000423333
0
0
0
0
0
0
0
0
0
0
0
0
0
0
0.03343
0.0395233
0.03463
0.0270333
0.00654
0.00706667
0.0007
0.000676667
0.0260067
0.0159033
0.03213
0.0447567
0.0147133
0.0306167
0.00498
0.0147167
0.0275233
0.01431
0.09071
0.104597
0.0542167
0.0780333
0.04941
0.08755
0.0571533
0.03194
0.120053
0.10188
0.0892667
0.115973
0.14023
0.1581
0.0899433
0.0589133
0.08838
0.0851467
0.136953
0.168257
0.16383
0.142047
0.16739
0.116383
0.11433
0.118077
0.09523
0.08847
0.144387
0.12542
0.143763
0.16342
0.107327
0.0763167
0.117813
0.129597
0.160283
0.159577
0.15659
0.178887
0.0738633
0.126657
0.0331767
0.05503
0.10698
0.08315
0.120373
0.0660867
0.0330567
0.0192967
0.00624333
0.00081
0.0003
0
0
0
0.00056
0.00177667
0.00776667
0.01571
0.0280467
0.0379233
0.0393267
0.03392
0.0193967
0.01005
0.00190333
0.00056
0
0
0.000176667
0.000483333
0.00374333
0.00547667
0.0113567
0.0105167
0.02403
0.0305333
0.06274
0.01364
0.00395667
0.00230333
0.000826667
9.66667e-05
0.000383333
0.00137
0.00598
0.0136733
0.0278533
0.0354933
0.0469533
0.0335133
0.0340867
0.0198067
0.0256533
0.02829
0.02923
0.0363067
0.0253833
0.02376
0.00970667
0.0057
0.00419667
0.00404667
0.00937667
0.00731333
0.01335
0.00890667
0.0112
0.01362
0.0388033
0.0552833
0.01235
0.00578667
0.0043
0.00602667
0.0117533
0.0249367
0.0318833
0.0358033
0.0397067
0.00857667
0.02306
0.00335
0.00035
0.000243333
0.000243333
0
0
0
0
0
0
0
8.66667e-05
0
0
0
0
0
0
0
0
0.000406667
0.000196667
0.00344
0.00763667
0.0240667
0.0411233
0.0636467
0.0570467
0.0562733
0.0353967
0.0351667
0.0175833
0.0230367
0.0240533
0.209353
0.157377
0.1309
0.09487
0.00348667
0.000243333
0.000486667
0
0
0
0
0
0
0
0
0
0
0.00819667
0.0108433
0.02681
0.0343467
0.0430067
0.0391567
0.0229867
0.0127
0.00693667
0.00498667
0.0047
0.00784
0.00564667
0.0206467
0.0175167
0.02256
0.00023
8.66667e-05
8.66667e-05
0
0
0
0
0
0
0
0
0
0.00021
0.0498667
0.0591567
0.04864
0.253943
0.266177
0
0
0
0
0
0
0
0
0
0.00245
0.00888
0.0139833
0.0284233
0.0496667
0.0386033
0.0386533
0.0426233
0.0300367
0.0263433
0.0190067
0.0189667
0.00645
0.00680667
0.00686
0.00839333
0.01271
0.01108
0.01037
0.00693333
0.00473
0.00338333
0.00409333
0.0035
0.01321
0.0133633
0.0262567
0.0167367
0.01884
0.0173567
0.00644
0.00805667
0.00135
0.00114
0.00078
0.00193667
0.00173667
0.00058
0.00678
0.00638333
0
0
0
0
0
0
0
0
0
0.08985
0.117223
0.169807
0.230343
0
0
0
0
0
0
0
0.00744667
0.0118167
0.02769
0.03086
0.0426567
0.03269
0.00702
0.0211367
0.0200233
0.0225833
0.0262533
0.0133167
0.03517
0.02898
0.0585767
0.0351833
0.0526
0.0195067
0.0202067
0.00264667
0
0
0
0.000183333
0.000366667
0.000366667
0
0
0
0
0
0
0
0.173943
0.16653
0.106017
0.0797867
0
0
0
0
0.00652667
0.01589
0.0124467
0.01745
0.00865333
0.06173
0.111167
0.0778367
0.08643
0.111647
0.0899833
0.12244
0.08597
0.10845
0.02942
0
0
0.000183333
0.000183333
0.000183333
0
0
0
0
0.135773
0.0985133
0.0470467
0.0528733
0
0
0
0
0
0.00284667
0.00251
0.000803333
0.180957
0.197233
0.144103
0.14683
0.139277
0.0924067
0.0436067
0
0
0
0
0
0
0
0
0.0445767
0.0205033
0.0334267
0.0338
0
0
0
0
0
0
0
0
0.22092
0.122197
0.1751
0.0733967
0
0
0
0
0
0
0
0.00581333
0.0105967
0.01096
0.00666667
0
0
0
0
0
0
0
0
0
0
0
0
0
0
0
0.00069
0.00435
0.0192733
0.03057
0
0
0
0
0
0
0
0
0
0
0
0
0
0
0
0
0
0
0
0.000503333
0.0410633
0.0317567
0
0
0
0
0
0
0
0
0
0
0
0
0
0
0
0
0
0
0
0
0
0.0216967
0.00858
0
0
0
0
0
0
0
0
0
0.101887
0.0729533
0.09415
0.0548067
0
0
0
0
0.00183333
8.33333e-05
8.33333e-05
0
0
0
0
0.00428333
0.00117
0
0
0
0
0
0
0
0.0330033
0.06887
0.0544933
0.04018
0
0
0
0.00220333
0.000453333
8.33333e-05
0
0
0
0
0
0.000533333
0.000266667
0
0
0
0
0
0
0
0
0.00329667
0.002
0.0284
0.0134633
0
0
0
0.000656667
0.000286667
0
0
0
0
0
0
0
0
0
0
0
0
0
0
0
0
0.000323333
0.00094
0.00536333
0.000976667
0
0
0
0
0.000286667
0
0
0
0
0
0
0
0
0
0
0
0
0
0
0
0.000433333
0.000393333
0.00026
0
0
0
0
0
0
0
0
0
0
0
0
0
0
0
0
0
0
0
0
0
0
0
0.00606667
0.00593333
0
0
0
0
0
0
0
0
0
0
0
0
0
0
0
0
0
0
0
0
0
0
0
0
0
0.00104333
0.00645
0
0
0
0
0
0
0
0
0
0
0
0
0
0
0
0
0
0
0
0
0
0
0
0
0
0
0
0.00185
0.00120667
0.000106667
0.000106667
0
0
0
0
0
0
0
0
0
0
0
0
0
0
0
0
0
0
0
0
0
0
0
0
0
0
0
0
0.00135667
0.00102333
0.00126
0.00115333
0
0
0
0
0
0
0
0
0
0
0
0
0
0.000153333
0.000306667
0
0
0
0
0
0
0
0
0
0
0
0
0.00016
0.00016
0.00324
0.00208667
0
0
0
0
0
0
0
0
0
0
0
0
0
0.00279
0.00531667
0
0
0
0
0
0
0
0
0
0
0.000293333
0.000293333
0.00102667
0
0.000663333
0.00328
0.00134333
0.000346667
0.000346667
0
0
0
0
0
0
0
0
0
0
0
0.000376667
0.000173333
0.0125267
0.0110833
0
0
0
0
0
0
0
0
0
0
0.000583333
0.00523
0.000876667
0.00538
0.00191
0.00132667
0.00149333
0.0003
0.000913333
0.000566667
0
0
0
0
0
0
0
0
0
0.00033
0
0.00033
0.00341333
0.00371
0.0153633
0.0363167
0
0
0
0
0
0
0
0
0
0
0
0.000603333
0.00875
0.00118667
0.0125
0.00183
0.00188667
0.000296667
0.000296667
0.000836667
0.00027
0
0
0
0
0
0
0
0
0
0.00033
0
0.00066
0.02249
0.0101833
0.0419233
0.0216133
0
0
0
0
0
0
0
0
0
0
0
0
0
0
0.000313333
0.00500333
0.000916667
0.0122533
0.0116933
0.00202333
0.00057
0.00253333
0.00047
0.0002
0
0
0
0
0
0
0
0
0
0
0
0
0
0.00103
0
0.00136
0.0328267
0.02559
0.0208567
0.0251467
0
0
0
0
0
0
0
0
0
0
0
0
0
0
0
0
0
0
0
0
0
0
0
0
0
0.000433333
0.00012
0.00452
0.0157567
0.03499
0.0134467
0.01176
0.0002
0
0
0
0
0
0
0
0
0
0
0
0
0
0
0
0
0
0
0
0
0
0
0
0
0
0
0.00103
0.0264033
0.0260533
0.0297133
0.0442933
0
0
0
0.000683333
0.000683333
0.00092
0.00160333
0
0.00092
0
0
0
0
0
0
0
0
0
0
0
0.0418867
0.07105
0.01564
0.04647
0
0
0
0
0
0
0
0
0
0
0
0.000406667
0.000406667
0.00094
0.00134667
0.000336667
0.00127667
0
0.000336667
0
0
0
0.01815
0.0199167
0.09471
0.1285
0.0835967
0.100393
0.0705033
0.11965
0.0204933
0.0218567
0.175503
0.15317
0.121537
0.13894
0.151237
0.17619
0.0350633
0.0437367
0.151913
0.10708
0.07818
0.16468
0.165207
0.170913
0.15514
0.136003
0.0728733
0.0928067
0.0661067
0.07963
0.0862467
0.114053
0.0505967
0.106627
0.07736
0.133503
0.15328
0.164207
0.16949
0.12497
0.120213
0.0733633
0.10009
0.0382333
0.128103
0.12528
0.125573
0.11644
0.0987667
0.109443
0.0724433
0.0655233
0.0313767
0.02402
0.01005
0.00603333
0.0006
0.0003
0
0
0.00111667
0.00167667
0.0106967
0.01557
0.0316967
0.03623
0.0397367
0.0329567
0.0208033
0.01265
0.00274333
0.00134333
0
0
0.000176667
0.000353333
0.00108
0.00416333
0.01185
0.01731
0.0294733
0.0191967
0.00956333
0.00326
0.00151
0.00073
0.000383333
0.000766667
0.00522667
0.00945333
0.02492
0.0356267
0.0526933
0.05638
0.06061
0.0517567
0.04179
0.0299667
0.0195467
0.0161733
0.00958333
0.0117167
0.00600333
0.00561667
0.00483333
0.00742
0.02111
0.0232167
0.02932
0.0215167
0.0222433
0.01637
0.02553
0.0455433
0.0794133
0.107127
0.15367
0.100357
0.0572867
0.06648
0.00902
0.01437
0.00407667
0.00223333
0.00908
0.01503
0.0218433
0.0312
0.0400867
0.0391533
0.02603
0.01302
0.00482333
0.00114667
0.00554
0.0137067
0.03286
0.0415567
0.0288733
0.04322
0.0199
0.0196033
0.0118867
0.0139733
0.0147633
0.00805
0.0152333
0.0140067
0.0214033
0.0226033
0.221003
0.177553
0.00746667
0.00748333
0.02266
0.0253967
0.0118033
0.01255
0.00424667
0.00196
0.00038
0.000243333
0
0
0
0.000936667
0.00469
0.0130667
0.0249667
0.0390367
0.0343033
0.0319433
0.102847
0.0772133
0.190813
0.162157
0.00508667
0.00427667
0.0035
0.00280333
0.000273333
0.000136667
0
0
0
0.0321567
0.0158633
0.01402
0.00509667
0.00635
0.00230667
0.00707333
0.00235667
0.00565
0.00390333
0.00609
0.00236
0.00284333
0.000656667
0.00057
0
0
0.000183333
0.00393667
0.00649667
0.01915
0.0179467
0.0284967
0.02253
0.15027
0.134277
0.11492
0.119403
0.00057
0.00387667
0.000136667
0
0
0
0
0.00211
0.0076
0.000796667
0.00130667
0.00105
0.000793333
0.01218
0.01644
0.05698
0.0116533
0.00150333
0.00145
8.66667e-05
0.000576667
0.00026
0.000173333
8.66667e-05
0.000173333
0
0
0.000183333
0.00274333
0.00511
0.00766
0.00918667
0.0135067
0.0113533
0.111733
0.13391
0.0900967
0.13002
0
0.000433333
0
0
0
0.00145667
0.000653333
0.0194133
0.0617567
0.0950633
0.169603
0.0121933
0.0194033
0.00449667
0
0
0.00255
0.00663667
0.00408667
0.00448333
0.000396667
0.0407033
0.0706
0.09317
0.0993533
0
0
0
0
0
0.0536033
0.0741833
0.156877
0.191917
0.07608
0.03908
0.0312267
0
0
0
0
0
0
0.0183233
0.01229
0.0417233
0.0357867
0
0
0
0
0
0.0757067
0.05926
0.12567
0.153513
0.17394
0.134803
0.106703
0.08917
0.0506933
0.02394
0
0
0
0
0
0.01126
0.0144167
0.00852667
0.02035
0
0
0
0
0
0
0.08131
0.0534667
0.131393
0.16
0.142983
0.111893
0.08618
0.06225
0.0384867
0.0199467
0
0
0
0
0.00096
0.00805667
0.02234
0.00943
0
0
0
0
0
0
0.0854267
0.0667333
0.12861
0.10701
0.10731
0.0751033
0.0448
0.0557567
0.0327533
0
0
0
0
0
0
0.000456667
0.00573
0.00116667
0
0
0
0
0
0.0632433
0.0378233
0.0892467
0.046
0.04302
0
0
0
0
0
0
0
0
0.000903333
0.000266667
0
0
0
0
0
0.0400167
0.00960667
0.0375133
0.0245533
0
0
0
0
0
0
0
0
0.000266667
0
0
0
0
0
0
0
0
0.00129667
0.0122833
0.00410667
0
0
0
0
0
0
0
0
0
0
0
0
0
0
0
0
0
8.66667e-05
0.00035
0.0009
0.000183333
0
0
0
0
0
0
0
0
0
0
0
0
0
0
0
0
0
0.00275
0.00281667
0
0
0
0
0
0
0
0
0
0
0
0
0
0
0
0
0
0.000436667
0.02096
0.00829
0
0
0
0
0
0
0
0
0
0
0
0
0
0
0
0
0
0
0.000436667
0.0131267
0.0255
0
0
0
0
0
0
0
0
0
0
0
0
0
0
0
0
0
0
0
0
0.00019
0.00836333
0.00861667
0
0
0
0
0
0
0
0
0
0
0
0
0
0
0
0
0
0
0.00019
0.00019
0.00106667
0.00177
0
0
0
0
0
0
0
0
0
0
0
0
0.000153333
0
0
0
0
0
0
0
0
0.00032
0.00016
0
0
0
0
0
0
0
0
0
0
0
0.00283333
0.00303
0
0
0
0
0
0.000733333
0.00128
0.000546667
0.000546667
0.000663333
0.000663333
0.00015
0.00015
0.00216
0.000906667
0.0016
0
0
0
0
0.000173333
0
0.00407
0.00243
0
0
0
0
0
0.0108467
0.0138767
0.00704
0.00811667
0.00124667
0.000583333
0.00015
9.33333e-05
0.00761
0.00761667
0.00251333
0.00182667
0.00033
0
0.00013
0.00013
0.00013
0.000673333
0.000826667
0.00445333
0.0103733
0.00221
0.00221
0
0
0
0.0315533
0.0329667
0.02975
0.0209
0.00369667
0.00130333
0.00024
0.00330667
0.01985
0.01619
0.00327
0.00262667
0.00112
0.00079
0.00604667
0.00832667
0.00571667
0.00274
0.0119567
0.00563667
0.0110167
0.00415333
0.00229667
0.000173333
8.66667e-05
8.66667e-05
0.0280367
0.06436
0.0435867
0.0555433
0.0234833
0.01395
0.00517667
0.01384
0.02733
0.03533
0.00754667
0.00622333
0.000936667
0.00947
0.0089
0.0141567
0.0244867
0.0116333
0.02151
0.0170267
0.01595
0.0105667
0.0166733
0.00026
0.000173333
8.66667e-05
0
0
0
0.00626
0.0279467
0.0225267
0.05423
0.05693
0.04723
0.0218333
0.0551633
0.0408633
0.019
0.0338567
0.0137133
0.000866667
0.0004
0.00285667
0.0109667
0.02285
0.03193
0.02661
0.03233
0.01825
0.01671
0.0325267
0.0669533
8.66667e-05
0
0
0
0
0
0
0
0
0.00012
0.00012
0.00501
0.00217333
0.0145167
0.0946167
0.0806233
0.07746
0.112647
0.02323
0.0101833
0.0002
0
0
0
0
0.00336333
0.00182667
0.01673
0.00535333
0.0283333
0.0203667
0.02055
0.114557
0.156433
0
0
0
0
0
0
0
0.0018
0.00111667
0.00647
0.00666667
0.00646333
0.00159667
0.000676667
0.000676667
0
0
0
0
0
0
0
0
0.00084
0.00084
0.00358333
0.00442333
0.00654
0.10822
0.10184
0.130803
0.15812
0.01311
0.000186667
0.00331333
0
0.000186667
0
0
0
0
0
0.00167
0.00167
0.00673667
0.00547333
0.00648333
0.00977667
0.00235667
0.00543667
0.0129267
0.000336667
0.00449667
0
0
0
0
0.00139
0.00139
0.00292667
0.0214633
0.0257733
0.18359
0.175293
0.01363
0.00152333
0.00961
0.000406667
0.00125333
0
0.000406667
0
0.144277
0.124177
0.17192
0.1622
0
0.000573333
0.000573333
0.00795667
0.00686
0.01848
0.0197
0.0139033
0.0246367
0.0166633
0.03484
0.0582
0.16595
0.134527
0.109387
0.11688
0.154383
0.143457
0.16528
0.165637
0.159567
0.150697
0.11281
0.12779
0.0640767
0.0898667
0.0351833
0.12433
0.0955
0.0845167
0.09075
0.07637
0.0606267
0.0642733
0.0374367
0.0598333
0.0293367
0.00461667
0
0.0003
0.000556667
0
0.00728
0.00167333
0.03044
0.0157433
0.0483567
0.04152
0.0298967
0.04204
0.00635
0.01544
0.000406667
0.00180667
0
0
0.000903333
0.000176667
0.00931667
0.00163
0.02864
0.0164533
0.0480867
0.06805
0.0998267
0.0308667
0.00397333
0.01086
0.000146667
0.000926667
0.000956667
0.000383333
0.01373
0.00541667
0.04386
0.0290067
0.0626667
0.05684
0.0569533
0.06275
0.0307167
0.0448467
0.00866
0.01724
0.00235
0.00437667
0.00197667
0.00184333
0.01346
0.00535333
0.0404767
0.02663
0.0464167
0.04962
0.0920633
0.0738033
0.115827
0.123847
0.13077
0.0367367
0.0198633
0.0214233
0.00893333
0.03799
0.03669
0.0287467
0.0352167
0.0695933
0.0325233
0.0257033
0.00938
0.00724
0.00199
0.00233333
0.0216833
0.0200533
0.02897
0.0190533
0.0182533
0.0151167
0.0145767
0.0146667
0.0119367
0.14249
0.0878433
0.00828333
0.00377667
0.00707
0.0229667
0.0219767
0.02147
0.0569533
0.0455067
0.157283
0.1422
0.01788
0.0297267
0.02026
0.01826
0.0123267
0.0240933
0.0106933
0.122973
0.0896067
0.151557
0.15704
0.0367233
0.04383
0.02062
0.00704667
0.00861
0.00185667
0.118953
0.12361
0.16481
0.161193
0.0138567
0.0329967
0.00401
0.000703333
0.000653333
0
0.00065
0.00104
0.00853
0.00366333
0.00067
9.33333e-05
8.66667e-05
8.66667e-05
8.66667e-05
0
0.000513333
0.000396667
0.00402
0.0614467
0.0876233
0.132587
0.09589
0.00764667
0.0179267
0.00027
0
0
0
0.00039
0
0.00128667
0.00877667
0.0115067
0.00350667
0.000513333
0
9.33333e-05
0
0
0
0
0
0
0.00390333
0.01334
0.03024
0.0432967
0.05672
0.0311267
0
0.00737667
0
0
0
0.00312
0.000896667
0.00624
0.0334133
0.00128333
0.00148
0.000223333
0
0
0
0
0.00943667
0.0135667
0.0534067
0.0335067
0.0119567
0.0109867
0
0
0
0
0.00222333
0.00805333
0.0361233
0.00520333
0.00609333
0
0
0
0.00018
0.00431
0.00632333
0.0115767
0.03468
0.00551333
0.00162
0
0
0
0
0.0110133
0.00602333
0.0316533
0.0197367
0.0277467
0
0
0.00018
0.00018
0.00219333
0.00201333
0.000596667
0.00462
0.000973333
0.000443333
0
0
0
0
0
0.0134933
0.00537667
0.04072
0.0387833
0.03079
0
0
0
0
0
0
0.00014
0.00014
0
0
0
0
0
0
0
0
0.000193333
0.00850333
0.00831
0.0220667
0.00964
0
0
0
0
0
0
0
0
0
0
0
0
0
0
0
0
0
0.00395
0.000743333
0
0
0
0
0
0
0
0
0
0
0
0
0.00044
0.000176667
0.000183333
0
0
0
0
0
0
0
0
0
0
0
0
0
0
0.000513333
0.00858333
0.00629333
0
0
0
0
0
0
0
0
0
0
0
0
0
0
0
0
0.00095
0.00889333
0.03175
0.0211867
0
0
0
0
0
0
0
0
0
0
0
0
0
0
0.00106333
0.00900667
0.0156333
0.03325
0.0392733
0
0
0
0
0
0
0
0
0
0
0
0
0.000816667
0.00115333
0.00802667
0.01357
0.0265533
0.02739
0.01476
0
0
0
0
0
0
0
0
0
0
0
0
0
0
0.000526667
0.00048
0.00681
0.000783333
0.01348
0.00747
0.00791333
0
0
0
0
0
0
0
0
0
0
0
0
0
0
0
0
0
0
0
0.000143333
0.000143333
0.000446667
0.000303333
0.000463333
0.00016
0
0
0
0
0
0
0
0
0
0
0
0
0
0.00035
0.00035
0
0
0
0
0
0
0
0
0
0
0
0
0
0.000906667
0
0
0
0
0
0
0.00139
0.00173
0
0
0
0
0.00782333
0.000253333
0.000506667
0.000253333
0.000253333
9.33333e-05
0.000246667
0.00106
0.00274
0.00803667
0
0
0
0.000326667
0.000326667
0.00410333
0.00316
0.00238
0.00697
0.00459
0.0068
0.02523
0.0179133
0.02084
0.0110033
0.0137267
0.00323
0.00331333
0.0049
0.0130733
0.0154567
0.0335867
0.0387467
0.00323333
0.000623333
0.00124667
0.00628667
0.00147667
0.00256667
0.0023
0.02209
0.0320167
0.0191067
0.0146033
0.0632967
0.04505
0.0563067
0.0394133
0.0395767
0.0237267
0.0202033
0.0369467
0.0479467
0.0621433
0.05582
0.0560633
0.0204833
0.00830667
0.00779333
0.00437
0.0136333
0.01153
0.01099
0.03317
0.04912
0.0371933
0.0155867
0.00336667
0.05848
0.0763633
0.0718933
0.0700833
0.0716567
0.0580433
0.06594
0.0639133
0.0776267
0.100983
0.0857433
0.103537
0.0756933
0.0394167
0.0310233
0.0305467
0.0214733
0.02649
0.0278333
0.0716933
0.0971933
0.0380133
0.01738
0.00434
0.00114667
0.0295967
0.0472767
0.0688667
0.0756
0.0902633
0.08813
0.09821
0.0896333
0.124707
0.12973
0.130127
0.0992033
0.08852
0.0580033
0.0704567
0.0508067
0.0247833
0.0294367
0.0354667
0.0338633
0.0350967
0.0282133
0.13433
0.13111
0.0218167
0.00152667
0.00915667
0.000466667
0
0
0.0276367
0.0411867
0.0697767
0.0797767
0.10278
0.106533
0.115763
0.109573
0.148233
0.13162
0.126877
0.09623
0.0957133
0.0668767
0.0542567
0.0282667
0.00440333
0.00554
0.00500333
0.01341
0.00612
0.01882
0.0369033
0.0317433
0.144917
0.12465
0.000466667
0
0
0
0
0
0
0
0.00167333
0.00279
0.00938
0.0125733
0.0275467
0.0290433
0
0
0.00139333
0.00223333
0.00806667
0.0102567
0.02233
0.0375933
0.0783733
0.0970067
0.131527
0.1273
0.1498
0.13451
0.140973
0.111667
0.104787
0.0762133
0.0584467
0.0296333
0.0187233
0.00756
0.00748
0.00323333
0.00319333
0.000146667
0.0198133
0.0161467
0.00909667
0.00493667
0.000776667
0
0
0
0.00139
0.00278
0.0108633
0.0116333
0.01095
0.00562333
0.07214
0.0542933
0.123603
0.10085
0.106943
0.0520933
0.07256
0.0272133
0.00710333
0.00122
0.00293333
0.00122
0.00122
0
0
0
0.000556667
0.00223
0.00783667
0.01387
0.02801
0.0384933
0.04776
0.0400333
0.0284867
0.0134767
0.00579667
0.00166
0.000813333
0.000406667
0
0
0.000726667
0.00212
0.00998333
0.01509
0.02661
0.03166
0.0536533
0.0851033
0.0186433
0.01034
0.00624
0.00334
0.000293333
0.000146667
0.000573333
0.00114667
0.00984333
0.0155567
0.0342967
0.0373433
0.0527333
0.0412467
0.0453833
0.0278667
0.0253067
0.0102033
0.00703333
0.00176667
0.00136667
0.000376667
0.00149333
0.00250667
0.0110967
0.0180633
0.0342733
0.0203333
0.03586
0.01837
0.02323
0.03906
0.09264
0.126293
0.115067
0.128633
0.113287
0.098
0.0216367
0.0135367
0.00986
0.00569
0.00829333
0.00553667
0.0423067
0.0356867
0.0384967
0.05674
0.04673
0.0776567
0.02978
0.0173833
0.00380333
0.00159
0.00191667
0.0375767
0.02877
0.0198667
0.00881
0.00626667
0.00930333
0.0144233
0.0713067
0.0503133
0.00560667
0.00712333
0.0309733
0.0384567
0.0242033
0.0285033
0.11087
0.0937267
0.0198467
0.0135967
0.0104767
0.02275
0.0701167
0.0331633
0.13054
0.109493
0.0469967
0.03486
0.00535667
0.01063
0.09991
0.0797833
0.132377
0.119723
0.0732133
0.0801067
0.0106367
0.04176
0.06805
0.0772733
0.111843
0.126013
0.135907
0.09862
0.0925233
0.0653767
0.02923
0.04458
0.115647
0.07823
0.131787
0.12021
0.0866867
0.09558
0.0662833
0.0997733
0.05082
0.113693
0.0645033
0.0547667
0.0231067
0.0247167
0.0131433
0
0
0.000223333
0
0
0.05112
0.0471933
0.10686
0.06499
0.104847
0.0810267
0.08185
0.02796
0.0277233
0.01218
0.0173
0.0115333
0.00576667
0
0
0
0
0.00217333
0.00209
0.00014
0.00014
0.0116533
0.00947
0.0293833
0.0328333
0.0544467
0.0365433
0.00685667
0.00621
0.00576667
0
0
0
0
0
0
0.000193333
0.01402
0.0125333
0.000603333
0.000463333
0.00396
0.00238
0.01134
0.00985333
0.0134433
0.00462333
0.000443333
0
0
0
0
0
0
0
0.000193333
0.000386667
0.0182667
0.00666
0.000786667
0.000323333
0.000433333
0.000433333
0.000893333
0.00046
0.0006
0.00014
0
0
0
0
0
0
0
0
0.000193333
0.00675667
0.000883333
0.000323333
0
0
0
0
0
0
0
0
0
0
0
0
0
0
0
0.00056
0
0
0
0
0
0
0
0
0
0
0
0
0
0
0
0.000393333
0.000393333
0.00057
0
0
0
0
0
0
0
0
0
0
0
0
0
0
0
0.000906667
0.00495333
0.00461667
0.0100767
0
0
0
0
0
0
0
0
0
0
0
0
0
0
0
0.0125033
0.02502
0.02293
0
0
0
0
0
0
0
0
0
0
0
0
0
0
0
0
0.0280367
0.03347
0
0
0
0
0
0
0
0
0
0
0
0
0
0
0
0.02661
0
0
0
0
0
0
0
0
0
0
0
0
0
0
0
0
0
0
0
0
0
0
0
0
0
0
0
0
0
0
0
0
0
0
0
0
0
0
0
0
0.00069
0.00069
0
0
0
0
0.000403333
0.000403333
0.000403333
0
0
0
0.000786667
9.66667e-05
0.00037
0.000273333
0.00132667
0.00343333
0.00102667
0.00547667
0.00485333
0.00456667
0.000116667
0.00126667
0.00247667
0.00544667
0.00439333
0.00643667
0.00575
0.014
0.0268033
0.00819667
0.00952333
0.0144567
0.0101233
0.0125867
0.00818
0.02745
0.02766
0.0483467
0.0353733
0.05033
0.0416967
0.0521367
0.0565567
0.0239467
0.0146067
0.0241
0.0226233
0.0335233
0.02782
0.0376133
0.0803167
0.0753133
0.07936
0.0648167
0.0772367
0.07113
0.08007
0.0635033
0.0406333
0.0402667
0.0432233
0.0363967
0.0418167
0.04042
0.0402567
0.0431533
0.0994967
0.0949033
0.0957867
0.08706
0.0983033
0.0827467
0.08071
0.0474033
0.02022
0.0376067
0.0588967
0.06488
0.0721267
0.05589
0.0515967
0.03736
0.10524
0.108767
0.110353
0.0978533
0.0678833
0.0452433
0.0213667
0.0108667
0.00323667
0.000466667
0.00946333
0.00944667
0.0181367
0.0235833
0.0575
0.0754267
0.109793
0.10051
0.101663
0.0689867
0.0191267
0.00816
0.0388433
0.0695
0.0149967
0.00145667
0.00163
0.00928333
0.0232467
0.0117467
0.00582333
0.00199
0.00755333
0.00678333
0.0447933
0.0218733
0.0272533
0.0129333
0.03993
0.0330067
0.00482667
0.00935333
0.0486433
0.0301733
0.02154
0.02923
0.0311067
0.03922
0.02583
0.0123433
0.05421
0.0433633
0.05177
0.0447
0.0322433
0.0540833
0.06073
0.04373
0.0658433
0.106337
0.12304
0.08802
0.0635933
0.09652
0.0716333
0.0850367
0.15034
0.122783
0.146313
0.14355
0.13924
0.117637
0.143173
0.135337
0.13361
0.13001
0.11899
0.101857
0.00209667
0.00768
0.0146933
0.0293333
0.00966
0.00379667
0.00205
0.00083
0
0
0.00838333
0.00214667
0.04512
0.0382433
0.0367033
0.0248567
0.00331
0.00225667
0.0128333
0.00652333
0.0349967
0.0398967
0.06106
0.0557467
0.0147067
0.00824333
0.0130167
0.00946667
0.0484267
0.0310333
0.0732033
0.0717767
0.0494733
0.0339367
0.0294167
0.0554467
0.0905167
0.111027
0.0855833
0.09939
0.0798767
0.103187
0.0681067
0.09495
0.115383
0.14786
0.101707
0.111103
0.09594
0.1171
0.11194
0.12548
0.00781667
0.00763333
0.0221367
0.0233833
0.00385333
0.00210667
0.00127667
0
0
0.00192
0.00200667
0.0305033
0.0374567
0.0261933
0.0110533
0.00105333
0.00105333
0.00184667
0.00128333
0.0306433
0.0289133
0.0624567
0.04475
0.00682333
0.00189
0.00241
0.00137
0.0271633
0.0218733
0.0663433
0.0511033
0.03547
0.01482
0.00227333
0.0232633
0.0650667
0.0737833
0.0703433
0.05937
0.0743167
0.07721
0.04161
0.0604233
0.05915
0.0872667
0.0714933
0.04128
0.05633
0.05809
0.09254
0.00251
0.00213667
0.00850667
0.00834
0.00172333
0.000446667
0
0
0.000893333
0.00158
0.00935667
0.0162633
0.01522
0.00763667
0
0
0.000243333
0
0.01446
0.00914333
0.0342467
0.0329133
0.000836667
0
0
0
0.01675
0.0110667
0.0374967
0.0315433
0.011
0.00195
0
0.000903333
0.0307567
0.0247967
0.0404267
0.0354067
0.0345433
0.02733
0.00123333
0.02095
0.02032
0.0397067
0.03424
0.02799
0.0204967
0.0355467
0.00120667
0.000646667
0.00141
0.00113333
0.000446667
0
0
0
0.00093
0.00093
0.000393333
0.00115667
0.00995
0.00403667
0
0
0
0
0.000943333
0.000393333
0.0162
0.0163067
0
0
0
0
0.00535667
0.00055
0.0270667
0.02884
0.00234
0.00122667
0
0
0.00508
0.000273333
0.0367167
0.0438267
0.00417667
0.00933333
0
0.00033
0.00033
0.000603333
0.0376867
0.03312
0.02381
0.0174367
0.000716667
0.000916667
0.00057
0.000316667
0
0
0
0
0
0.000346667
0.000116667
0.000116667
0.00442667
0.000836667
0
0
0
0
0
0
0.0104467
0.0083
0
0
0
0
0
0
0.0159333
0.0109033
0.00176667
0.00054
0
0
0
0
0.0136233
0.02653
0.00803667
0.00758
0
0
0
0
0.0216633
0.02571
0.0125833
0.01525
0.00488
0.00442
0.00682667
0.00307
0.00332333
0
0
0
0
0.00066
0.00100667
0.000453333
0.00057
0.00167333
0.000836667
0
0
0.000103333
0
0
0
0.00311667
0.00228
0
0
0.000103333
0
0
0
0.00243333
0.00099
0.00054
0
0
0
0
0
0.00137333
0.00553667
0.00131
0.00100333
0
0
0
0
0.00484667
0.00806667
0.00413667
0.00460667
0.01016
0.0154667
0.0125933
0.0156667
0.0101533
0.00852667
0
0
0
0
0.00628667
0.0115233
0.00112667
0.00158
0.000836667
0
0
0
0.00035
0.00614333
0
0
0.000836667
0
0
0
0.00035
0.000103333
0
0
0
0
0
0
0
0
0
0
0
0.000383333
0.000233333
0.000233333
0
0
0
0
0
0.000383333
0.000683333
0.0003
0.000533333
0.0255533
0.03483
0.0278167
0.0273267
0.01355
0.00839667
0
0
0
0
0.02133
0.0254833
0.00286
0.00292
0
0
0
0
0.00226333
0.00761667
0.000626667
0.00169333
0
0
0
0
0.00079
0.000246667
0.000183333
0.00081
0
0
0
0
0
0
0.000183333
0.000606667
0
0
0
0
0
0
0.000236667
0.000236667
0.00066
0.000423333
0
0
0
0
0.03509
0.0292033
0.0284533
0.0145533
0.00827333
0.00725667
0
0
0
0
0.0159767
0.02073
0.00925
0.00732
0
0
0.0001
0
0.00256
0.00108667
0.00501667
0.00811333
0
0
0.0001
0.0002
0.000543333
0
0.00413667
0.00727667
0
0
0
0.0001
0
0
0.00393333
0.00768333
0
0
0
0
9.33333e-05
9.33333e-05
0.00112333
0.00126667
0.0052
0.00459333
0
0
0
0
0.0148633
0.00898333
0.00942333
0.00224
0.00635333
0.00877333
0.000376667
0.00104667
0.00067
0.000866667
0.00696333
0.00698333
0.02146
0.02116
0
0.000376667
0.00329
0.000296667
0.000736667
0.000193333
0.03044
0.0204867
0
0.000556667
0.00323
0.00612333
0
0
0.0246333
0.02009
0.000556667
0.00131
0.000336667
0.00336667
0
0
0.0151267
0.0176467
0.000753333
0
0.000236667
0.000473333
0.000883333
0.000976667
0.00195333
0.0021
0.00785333
0.01081
0
0
0.000236667
0.000236667
0.00091
0.000606667
0.00149667
0.00402667
0.00719
0.00838333
0.00890667
0.00176667
0.00281667
0.000756667
0.000563333
0.0185
0.0289
0.00132667
0.00866333
0.01247
0.00491
0.000193333
0
0.0415133
0.0402733
0.00150667
0.00698333
0.01298
0.0177067
0
0
0.0361033
0.03746
0.00678667
0.00736667
0.00839333
0.0151133
0
0
0.0252933
0.02851
0.00227333
0.00113667
0.0056
0.00633667
0.00049
0.00137333
0.00602333
0.00651
0.0114733
0.00049
0.000106667
0.00108
0.00121
0.00026
0.00026
0.00313667
0.00312667
0.0165533
0.0150133
0.00841667
0.00858333
0.00837667
0
0
0.01506
0.0153267
0.0165267
0.0238933
0.0150667
0.02807
0
0
0.02973
0.0175433
0.0146667
0.02305
0.0388867
0.0294367
0
0
0.0336467
0.0215833
0.0159467
0.01533
0.03053
0.01845
0
0
0.0235
0.0127567
0.01043
0.00595333
0.0124667
0.01786
0
0.00049
0.00454333
0.00919333
0.00549333
0.00116667
0.00323
0.00352667
0.00978667
0
0
0.00025
0.00025
0.01991
0.0127067
0.00797667
0.00226667
0.00674333
0.00950333
0
0
0.00261
0.00286
0.0316633
0.02922
0.0275367
0.02414
0
0
0.00547333
0.00274
0.03268
0.0351367
0.0409167
0.03369
0
0
0.00707333
0.00315
0.02489
0.03323
0.0319
0.03303
0
0
0.00839333
0.00434
0.0377933
0.0245533
0.0180167
0.0160567
0
0
0
0.00405333
0.0211567
0.00657333
0.00322667
0.00421
0.00685667
0.0121367
0
0
0
0
0.00856
0.00325333
0.00169
0.000576667
0.00391333
0.00420667
0
0
0
0
0.0306
0.0171433
0.0107333
0.0131933
0
0
0.00013
0
0.0355
0.03537
0.01785
0.01172
0
0
0.000416667
0.00013
0.0433467
0.0509833
0.01878
0.01182
0
0
0.000286667
0
0.05052
0.0474467
0.0146067
0.00659
0
0
0
0
0.03708
0.02403
0.00989
0.00367
0.00251667
0.00472
0.000383333
0.000683333
0.0003
0.000533333
0.00263
0.00098
0.00049
0.000183333
0.000563333
0.000563333
0
0.000383333
0.000466667
0.000233333
0.0266533
0.0174467
0.00136667
0.00174667
0
0
0
0.000233333
0.03998
0.0491467
0.00273333
0.00136667
0
0
0
0
0.0521733
0.0527
0.00444667
0.00149
0
0
0
0
0.0398967
0.0389067
0.00339
0.000433333
0
0
0
0
0.0237333
0.02498
0.0109033
0.00886333
0.00155667
0.00143
0.00484333
0.00806333
0.00413667
0.00460667
0.00221
0.00182333
0.000286667
0.000286667
0.000183333
0
0.00099
0.00515
0.00100333
0.00123667
0.0235567
0.00997
0
0
0.000606667
0.00144333
0.000233333
0.000233333
0.0488467
0.0377433
0
0
0.000836667
0.000836667
0
0
0.0490433
0.036
0.000123333
0
0
0
0
0
0.0273833
0.0132567
0.000123333
0
0
0
0
0
0.00775
0.00953333
0.00358
0.00370333
0.000543333
0.000436667
0.02166
0.0325233
0.0193967
0.0174633
0.00182333
0.000103333
0
0
0
0.00923333
0.0225233
0.00167
0.00244
0.0132167
0.00545667
0
0
0.00591
0.00681667
0
0
0.0254667
0.0145267
0
0
0.00235
0.00151333
0
0
0.0235267
0.00972333
0
0
0
0
0
0
0.00807
0.00257333
0
0
0
0
0
0
0.00201333
0.000636667
0.00042
0.000106667
0.000106667
0.0439433
0.03858
0.0252267
0.01143
0
0
0
0
0.0266433
0.0372
0.00132333
0.00289667
0.00393667
0.0002
0
0
0.01426
0.01087
0
9.66667e-05
0.00696667
0.00405667
0
0
0.00259
0.00107667
0
0
0.00473
0.00893
0
0
0
0
0
0
0.0125867
0.00568
0
0
0
0
0
0
0.00549
0.00100667
0.000683333
0
0.0275067
0.0131533
0.01043
0.00189667
0
0
0
0
0.0273033
0.0229733
9.66667e-05
0.00132333
0.00071
0.00051
0
0
0.0133567
0.00837333
9.66667e-05
9.66667e-05
0.00153667
0.00590333
9.66667e-05
9.66667e-05
0.00437333
0.00433667
0
0
0.0126233
0.0260633
9.66667e-05
0.000193333
0.00104
0
0
0
0.03027
0.0204867
9.66667e-05
0.00134
0
0
0
0
0.0197
0.01161
0.00837
0.00192667
0.00589333
0.00231667
0.00104333
0.000976667
0
0
0
0
0.0150567
0.01233
0.0008
0.000603333
0.00051
0
0
0
0.0144033
0.0249067
0
0.000196667
0.00507667
0.0105633
9.66667e-05
0
0.01884
0.0221533
0
0
0.02483
0.02887
0.00143667
0.00134
0.0081
0.00149
0
0.000363333
0.0369167
0.0370833
0.00258333
0.00419
0.00126
0.00081
0.00117333
0.000363333
0.03113
0.02353
0.01646
0.00939
0.00420333
0.00213
0.00494333
0.00506333
0.01108
0
0
0
0
0.0159167
0.0108267
0.00996
0.00719
0.00158
0.00158
0
0
0.0364033
0.0279733
0.00146667
0.00484
0.00757667
0.00907667
0
0
0.04145
0.0325233
0.000903333
0.00217333
0.0161033
0.0111467
0.00124333
0
0.02505
0.01409
0.00126667
0.00558333
0.01392
0.0269233
0.00294667
0.00251
0.0170967
0.0178267
0.00902
0.0128867
0.00549
0.0220167
0.0260567
0.01282
0.0108233
0.00604
0.0119167
0.0128933
0.0188
0.0168667
0.0201933
0
0
0
0
0.02099
0.01192
0.01264
0.0171767
0.00158
0
0
0
0.03641
0.0334167
0.0101067
0.01069
0.00308
0.0015
0
0
0.0339233
0.0359767
0.0102367
0.0147967
0.00254
0.00104
0.000246667
0.000246667
0.03658
0.03458
0.0132833
0.0282033
0.00144333
0.00571667
0.00105333
0.0013
0.04029
0.0337667
0.0477533
0.0383933
0.0446
0.0279
0.00499333
0.00829
0.00426333
0.00475333
0.0172733
0.0291767
0.0297267
0.03641
0.02881
0.0310333
0
0
0
0
0.0179933
0.0123167
0.01304
0.01788
0
0
0
0
0.02424
0.01841
0.0118133
0.00892333
0
0
0
0
0.0240733
0.0172067
0.0288167
0.02525
0
0
0.000246667
0
0.0281367
0.0417867
0.0391767
0.04639
0
0.000403333
0.000493333
0.000246667
0.0536233
0.0541267
0.05465
0.0548
0.0529567
0.0521167
0.000403333
0.00072
0.000316667
0.000563333
0.0275567
0.0284733
0.0367767
0.0264867
0.0283433
0.0183233
0
0
0
0
0.0138733
0.01721
0.01452
0.0161733
0
0
0.000296667
0
0.01372
0.0158367
0.01382
0.0162833
0
0
0
0.000296667
0.01366
0.00935667
0.0299733
0.0214333
0
0
0
0
0.00893667
0.02417
0.0407533
0.0342567
0
0
0
0
0.02988
0.0456833
0.0383967
0.04686
0.0347867
0.0407333
0
0
0
0
0.0218667
0.01964
0.0159567
0.0104333
0.0109433
0.00964333
0.00034
0.00064
0.0003
0.000743333
0.02644
0.03018
0.0252233
0.0216867
0
0.00034
0.00373333
0.00074
0.02522
0.0290967
0.03368
0.0271533
0
0
0.00063
0.00362333
0.01541
0.01107
0.0383633
0.03038
0
0
0.000333333
0.000666667
0.00304333
0.00696333
0.0337133
0.0323933
0
0
0.000333333
0.00057
0.00762667
0.01531
0.01326
0.0205433
0.02121
0.02699
0
0
0.000236667
0.000236667
0.02136
0.01413
0.00688667
0.00528667
0.00753333
0.00487667
0.00826333
0.00447
0.00633667
0.0381533
0.03156
0.0185
0.0289
0.000876667
0.00511333
0.01121
0.00560333
0.03829
0.0281233
0.0396633
0.03842
0.000536667
0.00127333
0.0102833
0.016
0.01459
0.00656333
0.04112
0.0424733
0.000736667
0.000736667
0.00579333
0.0124167
0.00166
0.00166
0.0283067
0.0383967
0
0
0.00569667
0.00633667
0.00100667
0.00305333
0.00718
0.00970333
0.0165233
0.000106667
0.000106667
0.00108
0.00121
0.0106767
0.0022
0.00405333
0.00312667
0.0231967
0.0233233
0.0102567
0.00869667
0.0103833
0.0275833
0.01393
0.01506
0.0153267
0.00901
0.0237067
0.0142667
0.0268367
0.02401
0.00979
0.0278767
0.0175433
0.00551
0.00764333
0.0389
0.0277433
0.00587667
0.000973333
0.0323833
0.02032
0.00340667
0.00298
0.0348533
0.0227733
0.000516667
0.000516667
0.0240833
0.0100633
0.00031
0
0.0124667
0.0221833
0
0.00049
0.00126667
0.00591
0.00022
0.000326667
0.00202
0.00277333
0.00903333
0.00102333
0
0.00025
0.00025
0.0369933
0.0309933
0.0157633
0.0135133
0.01033
0.0124833
0.00586
0.00143
0.00261
0.00286
0.0263433
0.0395033
0.0280567
0.0251067
0.00529333
0.000863333
0.00547333
0.00274
0.01378
0.01811
0.0409433
0.0337033
0.000456667
0
0.00815333
0.00364
0.0115467
0.01258
0.0362233
0.03303
0
0
0.00619667
0.00155333
0.00431333
0.00061
0.0273433
0.0253833
0
0
0
0.000776667
0.00041
0.00033
0.00063
0.00221333
0.01032
0.0163867
0
0
0
0
0.03656
0.0201867
0.01237
0.00393333
0.00723
0.00964333
0.000406667
0
0
0
0.0426633
0.04572
0.0156633
0.0178467
0.000406667
0
0.00013
0
0.0338333
0.0452867
0.0182233
0.0128633
0
0
0.000906667
0.00013
0.0305967
0.04158
0.0177967
0.0111967
0
0
0.000776667
0
0.02628
0.00703
0.0186267
0.01061
0
0
0
0
0.00343667
0.00052
0.00022
0.00041
0.00061
0.00893667
0
0
0
0
0.01811
0.0097
0.00334
0.0107867
0.0137933
0.0282133
0
0
0
0
0.03938
0.0281433
0.03252
0.02188
0
0
0
0
0.0560467
0.0487767
0.00499
0.01843
0
0
0
0
0.0572033
0.05801
0.00382333
0.00297667
0
0
0
0
0.04171
0.03816
0.00240667
0.000556667
0
0
0
0
0.02481
0.00892
0.00672
0.000936667
0.00095
0.000433333
0
0
0
0.000403333
0.01117
0.0124833
0.02586
0.0385833
0.0453467
0
0
0.00118
0.000403333
0.0251233
0.01656
0.03631
0.0456167
0
0
0
0.000776667
0.0495167
0.0371
0.0222033
0.0269867
0
0
0
0
0.0575933
0.0520733
0.00194667
0.00773333
0
0
0
0
0.04894
0.0363533
0.000943333
0.00082
0
0
0
0
0.02833
0.0134867
0.00776667
0.00198333
0.00095
0.00015
0.00135667
0.00161
0.00594333
0.0212733
0.0257367
0.0370867
0.0264067
0.000146667
0.000296667
0.00928
0.00551333
0.0108333
0.00780667
0.0107433
0.02536
0.000146667
0.000516667
0.00119333
0.00536333
0.0274733
0.0264233
0.0126667
0.00737333
0.00037
0.00037
0
0.000416667
0.0388
0.0222867
0.00660667
0.00675667
0
0
0
0
0.0190133
0.02294
0.000696667
0
0
0
0
0
0.00957333
0.00814333
0.00159667
0.00115667
0.00757667
0.0166733
0.0147867
0.02937
0.0110833
0.00790333
0.0118767
0.00531333
0.00338333
0.00945667
0.0350467
0.0242933
0.00594333
0.00475667
0.00101
0.00522667
0.00360333
0.0100167
0.00568667
0.0203567
0.00792
0.00687667
0.00146333
0.000616667
0.00693
0.01134
0.000416667
0.00151667
0.00886667
0.00315333
0.000846667
0.000846667
0.00527
0.00049
0
0
0.00291667
0.00535667
0
0
0.00049
0
0
0
0.00284667
0.00313667
0.00055
0.00044
0.0284867
0.0382
0.04097
0.0469833
0.000946667
0.000703333
0.00109667
0.000393333
0.0272733
0.0372067
0.0361433
0.0461367
0.00111667
0.000486667
0
0.000393333
0.0276133
0.0435367
0.0177
0.0223967
0.00126
0.00063
0
0
0.03035
0.0327633
0.0011
0.00261333
0.000533333
0.000146667
0
0
0.0151267
0.00664333
0
0
0.000146667
0.000296667
0
0
0.00186333
0.00049
0
0
0.00015
0.00026
0.00011
0.00011
0.03898
0.0334733
0.0387067
0.02734
0
0
0
0
0.0562633
0.0483233
0.0113733
0.0256233
0.000243333
0
0
0
0.0622533
0.0601433
0.00814
0.00763667
0.000243333
0
0
0
0.04384
0.0331367
0.00151333
0.00234333
0
0
0
0
0.0182567
0.0113233
0
0
0
0
0
0
0.00235
0.00137333
0
0
0
0
0
0
0.0182467
0.0195067
0.0101367
0.0127367
0.00603667
0
0
0
0
0.0500333
0.0415567
0.00307
0.00639
0
0
0
0
0.03792
0.0596367
0.00198667
0.00240333
0
0
0
0
0.02392
0.0286667
0.00083
0.000976667
0
0
0
0
0.0149833
0.0114567
0
0
0
0
0
0
0.0049
0.00367333
0.00192333
0.000946667
0
0
0
0
0
0.00908333
0.00309
0.00288333
0.00217
0.00272333
0.00776667
0
0
0
0
0.0206533
0.02562
0.0164333
0.00776
0
0
0.000286667
0
0.00547333
0.02335
0.00195667
0.0112967
0
0
0.00013
0.000416667
0.0052
0.00907667
0.000563333
0.00112667
0
0
0
0.00013
0.0110567
0.0122167
0.000416667
0.002
0
0
0
0
0.01723
0.01344
0.01338
0.00481
0.00464333
0.00253
0
0
0
0
0.00213333
0.00252333
0.00276667
0.01116
0.0156067
0.0311467
0
0.000343333
0.000343333
0.00140667
0.00215
0.00187333
0.0359733
0.03198
0
0
0.00745667
0.00135
0.00191333
0.000626667
0.0159567
0.0250867
0
0
0.00071
0.00668667
0.00164
0.00324333
0.00461333
0.0101033
0
0
0.000293333
0.000586667
0.0107533
0.0140633
0.00563333
0.00885
0
0
0.000163333
0.000413333
0.0292067
0.0312133
0.0367333
0.02269
0.0168067
0.00733
8.66667e-05
8.66667e-05
0.000336667
0.00025
0.0110067
0.01865
0.01856
0.03406
0.0422
0.0472167
0.000946667
0.0055
0.00596
0.0138667
0.00193667
0.01068
0.0414567
0.0454333
0
0.000603333
0.02989
0.01542
0.000926667
0.00105
0.0312633
0.0222
0
0
0.0186
0.03384
0.00235333
0.00247667
0.0191433
0.01614
0
0.00038
0.00323667
0.0152733
0.00466
0.0120467
0.0161767
0.0214533
0.00038
0
0.00319333
0.00581
0.0260967
0.0399467
0.0485667
0.0433467
0.0361
0.0236033
0.000346667
0.000433333
0.00321333
0.00311667
0.0252867
0.0327
0.0415633
0.0419867
0.0395
0.0136267
0.0277867
0.0275667
0.03517
0.0111667
0.01813
0.0272033
0.0330967
0.00151333
0.00998333
0.04284
0.03594
0.00254667
0.00162
0.0266
0.0244567
0.00091
0.00166667
0.0411733
0.0441233
0.000246667
0.000123333
0.02054
0.0202667
0.00113667
0.00535
0.0215367
0.0321967
0.00042
0.00272667
0.0215633
0.0241467
0.00555667
0.00134333
0.0121167
0.0102267
0.00444333
0.0204267
0.0244467
0.0387367
0.0313667
0.00122
0.000603333
0.00149333
0.00401667
0.0274367
0.02411
0.0297967
0.0149767
0.0381967
0.0464267
0.04362
0.0384667
0.02642
0.0101967
0.01209
0.0111767
0.01487
0.0153233
0.0293767
0.03196
0.0258
0.00230667
0.00081
0.0176267
0.01798
0.00761
0.0114833
0.02316
0.0345867
0
0
0.0163267
0.01814
0.00975333
0.02354
0.0238367
0.02667
0.00095
0.00124667
0.0176233
0.0188267
0.0270767
0.0134967
0.0119567
0.01774
0.00564667
0.00653667
0.01377
0.0156967
0.0106767
0.00261333
0.00294667
0.00244333
0.00669667
0.00823333
0.00522333
0.00628
0.00171667
0.03902
0.03005
0.0323033
0.0179333
0.0165933
0.00758
0.00444
0.00391
0.00653
0.00672
0.02296
0.0243733
0.00722
0.0112467
0.00105
0.00024
0.0287767
0.0217833
0.01278
0.01646
0.0103467
0.00479333
0
9.66667e-05
0.02735
0.0376333
0.02895
0.0447533
0.0114633
0.00523333
0.00179
0.00264333
0.02674
0.03699
0.0504533
0.0381867
0.00822333
0.0116667
0.0111667
0.0138733
0.0281433
0.02715
0.0290467
0.0151167
0.00794333
0.00383667
0.00292667
0.00629
0.00066
0.00038
0.00038
0.000523333
0.0144533
0.00782333
0.00905
0.00318667
0.00305667
0.000726667
0.00052
0.00028
0.00265
0.00167
0.01513
0.01418
0.000626667
0.00122333
0.00024
0
0.0241833
0.00991
0.0173967
0.0279333
0.00107
0.000626667
9.66667e-05
9.66667e-05
0.0447867
0.03833
0.0428
0.05063
0.00151
0.000443333
0.00123333
0.00292667
0.0447533
0.0458067
0.0524267
0.0502967
0.00155
0.000483333
0.00450333
0.01189
0.02549
0.0390367
0.03525
0.0262667
0.0115267
0.00713333
0.00173
0.00163
0
0
0.000523333
0.000523333
0.00234333
0.00124
0.000856667
0.00013
0.00013
0
0
0
0.00098
0.00150333
0.0115433
0.00633667
0
0
0
0
0.00962
0.00183667
0.03377
0.0259
0
0
0
0
0.02747
0.0130333
0.0455033
0.04878
0
0
0
0.00113667
0.03498
0.0242533
0.0477067
0.0440933
0
0
0.00113667
0.00281
0.00624
0.0215333
0.0349
0.0266
0.01313
0.00704
0.0015
0.000583333
0
0
0
0
0.000513333
0
0
0
0
0
0
0
0
0.00953667
0.00481667
0
0
0
0
0.00125667
0.0004
0.0289833
0.0178267
8.66667e-05
8.66667e-05
0
0
0.00565
0.00165667
0.04013
0.0409067
0
8.66667e-05
0
0
0.00936
0.00496667
0.0459433
0.0460067
0
0.00117667
0
0
0
0.00456667
0.0364433
0.0289233
0.01391
0.00841333
0.00209333
0.00077
0.00113667
0.000366667
0.000513333
0
0
0
0
0.00026
0.00103
0.000146667
0.000146667
0.00531667
0.00101333
0
0
0.00026
0.00068
0.0004
0
0.01412
0.0155067
8.66667e-05
0
0.00042
0.0011
0.0008
0.0004
0.03073
0.02999
0.000173333
0.000173333
0.00068
0
0.0004
0
0.0377633
0.04563
0.00126333
0.00285
0
0
0
0
0.0373033
0.03016
0.0158167
0.00908333
0.00784
0.0105367
0.00398
0.00417667
0
0
0
0
0.00513
0.0115733
0.000563333
0.00071
0.00101333
0
0
0
0.00478
0.00562
0
0
0.00670333
0.00694333
0
0
0.0022
0.00246
0
0
0.0150067
0.0101733
0.000583333
0.000496667
0.00136
0.00068
0
0
0.0152867
0.0278933
0.00217
0.00277333
0
0
0
0
0.0231267
0.02467
0.0118967
0.0101867
0.0303733
0.03219
0.01255
0.0156
0
0
0
0
0.0192
0.0353033
0.00747
0.00708
0
0
0
0
0.0135967
0.0180767
0
0.000953333
0.00125333
0.00125333
0
0
0.01036
0.00983333
0
0
0.00211
0.000856667
0.00069
0.000193333
0.00125333
0.00068
0
0
0.00118
0.00754667
0.00138
0.00107667
0
0
0
0
0.00694667
0.00992
0.00374667
0.00418
0.0494867
0.0388933
0.0246467
0.01708
0
0
0
0
0.0489267
0.0612933
0.00190667
0.00842333
0
0
0
0
0.0373033
0.0339667
0.000953333
0.000953333
0
0
0
0
0.0142133
0.00724
0
0
0
0
0.000193333
0
0.00218
0.000573333
0
0
0
0.000323333
0.000386667
0.000193333
0
0
0
0
0
0.000323333
0.00058
0.000256667
0.00045
0.0399833
0.0205267
0.01187
0.00239667
0
0
0
0
0.0591733
0.0484567
0.000136667
0.00109
0
0
0
0
0.0321833
0.04347
0
0
0
0
0
0
0.0160967
0.00866333
0
0
0
0
0
0
0.00360333
0.00275
0
0.00019
0
0
0
0
0.00172333
0.00097
0.00213333
0.00116333
0.00135333
0.00019
0
0
0
0
0.0168633
0.0134433
0.00456667
0.00217667
0.00323667
0
0
0
0
0.0344033
0.03242
0.00200333
0.00437
0
0
0.000183333
0
0.04262
0.0451733
0.00380667
0.00194
0
0
0.000183333
0.000366667
0.0304533
0.0169533
0.00134667
0.00328667
0
0.0006
0
0.000183333
0.0142233
0.00906
0.00153667
0.00459
0.0006
0
0
0
0.0166333
0.0112933
0.0179133
0.00950667
0.01159
0.00440667
0
0
0
0
0.01441
0.01167
0.00524667
0.00923333
0.00961333
0
0
0
0.000563333
0.02774
0.0234767
0.02149
0.0168433
0
0
0.00736667
0.000746667
0.0286833
0.03608
0.0191967
0.0164167
0
0.00179
0.00357333
0.01001
0.02561
0.01316
0.01469
0.00793333
0.00239
0.00796
0.000416667
0.00362333
0.0167533
0.0200167
0.0130967
0.01962
0.00706667
0.00149667
0.000233333
0.000466667
0.03027
0.03205
0.0427933
0.0339967
0.0322967
0.0182967
0.000896667
0
0.000233333
0.000233333
0.01355
0.0147733
0.01688
0.0285067
9e-05
0.000743333
0.00121667
0.00659
0.0177067
0.0131233
0.0416
0.0327367
0.00273333
0.00282333
0.02738
0.0125567
0.0147467
0.00670667
0.02455
0.03528
0.00452333
0.01039
0.0237567
0.0359367
0.00819333
0.00414667
0.0206367
0.02501
0.0132267
0.0276033
0.00834
0.0220367
0.00545333
0.0130933
0.0255867
0.0267367
0.02848
0.01321
0.00536667
0.00623333
0.0261367
0.04005
0.04835
0.0493133
0.0421633
0.0339433
0.00896667
0.00222333
0.00242667
0.00133333
0.0295467
0.0387533
0.04811
0.00229667
0.00758
0.0140133
0.0102133
0.01021
0.0254133
0.0390433
0.0467267
0.00416333
0.00686667
0.00298333
0.0317933
0.0278467
0.00691333
0.00550333
0.0290833
0.02772
0.0113933
0.02486
0.0440633
0.0394533
0.00125
0.0003
0.02231
0.0197033
0.0382333
0.0473067
0.0279133
0.03776
0.00100667
0.00326333
0.0210133
0.0240367
0.0391067
0.03091
0.0117033
0.0196867
0.00774333
0.0229767
0.0267167
0.0381767
0.0311067
0.01607
0.00939667
0.00391333
0.00368667
0.00806333
0.0511433
0.0421433
0.00989333
0.01377
0.0145367
0.0268933
0.0392933
0.01557
0.0314267
0.00675667
0.00551667
0.00543
0.01951
0.0218367
0.00521667
0.0109533
0.0130233
0.00849
0.0303967
0.01682
0.0238133
0.0288267
0.000813333
0.000663333
0.0136267
0.00831
0.0425433
0.0335433
0.0252033
0.02998
0
0.000856667
0.01321
0.00745
0.0252167
0.0260167
0.0213833
0.0209367
0.00109333
0.00572333
0.00510333
0.0108633
0.0115233
0.00977333
0.00289667
0.00371
0.00853333
0.0131133
0.0300933
0.00668333
0.0066
0.0248533
0.0246533
0.0148867
0.01108
0.00365
0.00397
0.00134667
0.00672333
0.01136
0.00675
0.00840667
0.00268
0.00233
0.0212267
0.00991667
0.00627333
0.00986
0.000863333
0.00106333
0.00189667
0.0008
0.0258033
0.01536
0.01163
0.00665333
0.000966667
0.000103333
0.00145333
0.000236667
0.0112367
0.0043
0.0134733
0.00741
0.000103333
0.000236667
0.000236667
0.000473333
0.00346333
0.00364667
0.00057
0.00157
0.00121
0.00736
0.0084
0.00391
0.00752
0.00183333
0.00177
9.33333e-05
9.33333e-05
0.00117
0
0.00196333
0.000793333
0.00428333
0.00528
0.00033
0.00045
0.00729333
9.33333e-05
0.00117333
0.00196667
0.00282667
0.00894
0.00012
0.00012
0.00816
0.00096
0.00234667
0.00117333
0.00888333
0.00267333
0
0
0.00122333
0.000263333
0.00126
8.66667e-05
0.00181
0.000103333
0
0
0.000263333
0.000386667
0.000123333
0.000123333
0
8.66667e-05
0.00836
0.00732
0.00055
0.000313333
0
0
0
0
0
0
0.01329
0.0182967
0.000983333
0.000156667
0
0
0
0
0.0184067
0.0339167
0.00118
0.00200667
0
0
0
0
0.0250767
0.00951
0.00118
0.00237
0
0
0
0
0.00275
0.00319667
0.00245
0.00119
0
0
0
0
0
0
0.0101567
0.00375667
0.000683333
0.00135333
0
0
0.000386667
0.000386667
0.000716667
0.0338667
0.0267667
0.00757333
0.00181
0
0
0.000673333
0.00033
0.04437
0.0510767
0.0103533
0.0150933
0
0
0
0.000343333
0.0417433
0.0261967
0.00707333
0.01423
0
0
0
0
0.0113667
0.00964
0.00845667
0.0105433
0.01506
0.0139867
0
0
0
0
0
0
0.00563
0.00261333
0.00141
0.00104
0.00145667
0.00573333
0.00499333
0.00528
0.03728
0.0225433
0.00761333
0.00674667
0
0.00107
0.00535667
0.00134667
0.0510867
0.0400867
0.0299833
0.02333
0
0
0.000343333
0.00468333
0.0302367
0.0142533
0.0281467
0.03916
0
0
0
0
0.00596333
0.01093
0.0106167
0.02941
0.0388
0.0278933
0
0
0
0
0
0
0.01469
0.0278333
0
0.00235
0.00032
0.000213333
0
0.0141733
0.0285967
0.0204433
0.0248133
0.02108
0.00390333
0.00348
0.00169333
0.00207
0.0108967
0.0148233
0.01366
0.0248167
0.00882667
0.0249967
0.0110667
0.001
0.001
0.00434
0.00617667
0.00811333
0.00246667
0.04507
0.03756
0
0
0
0
0.00129333
0.00364
0.0449633
0.0373567
0
0
0
0
0
0.00429
0.0106867
0.01571
0.0296167
0
0
0
0.000826667
0.00107
0.00035
0.00035
0.0327
0.03965
0.0399167
0.03372
0.00254333
0.00149667
0.00200667
0.00178667
0.0108267
0.0182067
0.0130933
0.01978
0.00373
0.00599667
0.01696
0.00959333
0.002
0.001
0.00183667
0.00379667
0.00544667
0.00959
0.0250333
0.0183633
0
0
0
0
0.00635333
0.00103667
0.0249367
0.0112633
0
0
0
0
0.0015
0.00240667
0.00287
0.00977667
0
0
0
0
0.00228667
0.00173
0.000513333
0.000163333
0.0315533
0.0281533
0.0300533
0.01524
0.00583333
0.00638
0.00022
0
0.01019
0.0165867
0.00292333
0.01222
0.00914667
0.0235233
0.000313333
0.0079
0.00181
0.00081
0.00196
0.00196
0.0245167
0.02916
0.00328333
0.01087
0
0
0
0
0.01491
0.00703
0.00377333
0.000583333
0
0
0
0
0.00159333
0.00138
0.000583333
0.00116667
0
0
0
0
0.01241
0.0154
0.00437
0.0135833
0.00704667
0.00680333
0.00191333
0.0170467
0.0236333
0.00420667
0
0.00839667
0.00879333
9e-05
0.00105333
0.0308767
0.0421333
9.33333e-05
9.33333e-05
0.001
0.00019
0
0
0.0394233
0.0297833
9.33333e-05
0
0
0
0
0
0.0147
0.01009
0
0
0
0
0
0
0.00141333
0.000796667
0
0
0
0
0
0
0.03668
0.03402
0.00206667
0.00095
0.0394533
0.04951
0.01158
0.0125767
0.00139667
0.00019
0.00120667
9e-05
9e-05
0.00077
0.0441233
0.0450833
0
0.00321
0.00019
0
0.00015
0.00092
0.0334533
0.0189833
0
0
0
0.00011
0.00015
0.0003
0.00726
0.00664667
0
0
0.00011
0
0.00015
0.0003
0.00124
0.000616667
0.000616667
0
0
0
0
0.00015
0.00015
0.0737067
0.0712667
0.0567667
0.0836233
0.0385333
0.0399367
0
0
0
0.00126
0
0.00203
0.00902
0.03634
0.0483867
0.00451333
0.0142867
0.000366667
0.000366667
0.00509333
0.0119333
0.0079
0.0185667
0
0.00130333
0.000476667
0.00309
0.00499667
0.00902
0.00326
0.00220333
0
0
0.00319
0.000576667
0.00499667
0.00720333
0.000973333
0.000623333
0
0
0
0
0.000466667
0
0.00235667
0.00250667
0.08432
0.0953267
0.09219
0.0766233
0.0563867
0.00275
0.0110533
0.00401
0.0141867
0.0184267
0.03494
0.06004
0.03074
0.0123833
0.00806
0.0159967
0.0422167
0.0362133
0.0176167
0.0188
0.00130333
0.00261
0.0106733
0.01818
0.0363167
0.05667
0.00948667
0.00366333
0
0
0.0175867
0.01018
0.0175367
0.0426267
0.00171667
0.00198333
0.000166667
8.33333e-05
8.33333e-05
0
0.0143733
0.00756667
0.0218367
0.00963
0.0250467
0.100127
0.09204
0.0716733
0.0467067
0.0394533
0.0506633
0.03244
0.0642833
0.0792167
0.108297
0.00755667
0.02601
0.0390133
0.05972
0.115543
0.06982
0.0553
0.05893
0.00141333
0.00262
0.0385833
0.0539867
0.0979467
0.1264
0.0235867
0.0106433
0.000323333
0.00043
0.04834
0.0323433
0.0651633
0.10013
0.00567667
0.00292333
0.000406667
0.00462
0.03699
0.0268933
0.0499233
0.05804
0.00454
0.00754667
0.00438
0.0358933
0.0419733
0.03808
0.0781733
0.04319
0.0292467
0.0825067
0.0887
0.127107
0.124207
0.10217
0.0162267
0.01431
0.108133
0.11971
0.162413
0.148413
0.0978433
0.129267
0.00209667
0.00895
0.0742167
0.107837
0.13423
0.137373
0.0625
0.0893733
0.00280333
0.00326333
0.06857
0.0666367
0.0916467
0.0972933
0.04927
0.00902667
0.00699333
0.00515333
0.0685633
0.05992
0.06455
0.0649133
0.02208
0.00944
0.0297133
0.02131
0.0183233
0.0726267
0.05865
0.0598
0.0519033
0.05452
0.0973633
0.162013
0.0329733
0.0601333
0.02379
0.156773
0.16484
0.154373
0.161917
0.168373
0.1659
0.201607
0.0182633
0.0102767
0.10656
0.121117
0.131197
0.102217
0.16135
0.166313
0.00359667
0.00375667
0.0710067
0.0646433
0.0585233
0.0603033
0.10424
0.0591733
0.00993
0.00791333
0.0619033
0.0701933
0.04104
0.0290033
0.02477
0.0258767
0.01921
0.0285867
0.0654633
0.07296
0.0498133
0.0266767
0.03928
0.0349
0.0396867
0.0373333
0.05079
0.04047
0.171207
0.12411
0.0776867
0.0553433
0.16139
0.18059
0.151933
0.216013
0.196393
0.0189633
0.02418
0.08539
0.116917
0.0717267
0.11941
0.18527
0.148183
0.00325667
0.00637
0.06204
0.06129
0.0342267
0.0417233
0.100517
0.0775
0.00614
0.00132333
0.0547367
0.0551767
0.01068
0.0141233
0.0422633
0.0222767
0.0221267
0.0108933
0.0435767
0.0455733
0.00993
0.00445667
0.01275
0.02181
0.0242667
0.0223867
0.03043
0.02299
0.0203167
0.0283
0.01007
0.02602
0.00659667
0.0144567
0.00657
0.15533
0.122587
0.12862
0.0639567
0.0847767
0.0338133
0.12257
0.08337
0.111907
0.123413
0.0728167
0.125167
0.12717
0.0304767
0.0133767
0.0536167
0.0491233
0.04152
0.02649
0.0917933
0.0601067
0.00139667
0.0103367
0.0470633
0.0372133
0.00880333
0.0136733
0.0355633
0.01015
0.00679333
0.00211333
0.0275167
0.0289467
0.00109667
0.002
0.00433333
0.00592667
0.0215933
0.0134333
0.00621333
0.0162367
0.000456667
0.000456667
0.00401667
0.01075
0.00838333
0.0269033
0.0161333
0.0391533
0.0304833
0.0310333
0.00184333
0.000483333
0.00221
0
0.000483333
0
0
0
0.10467
0.0823233
0.0833767
0.0911433
0.0985967
0.102807
0.0590767
0.0373733
0.0411333
0.0480633
0.05608
0.0405933
0.0649067
0.04123
0.0234067
0.01347
0.02508
0.02937
0.0204967
0.00860667
0.0110167
0.01067
0.00413
0.00654667
0.0153833
0.00897667
0.00136
0.00309667
0.00753667
0.00635667
0.02329
0.0108567
0.00679
0.00242
0
0
0.00124333
0.0018
0.0347567
0.0359567
0.000116667
0.000116667
0
0
0.0211667
0.00694
0.0455633
0.0357467
0.03848
0.04539
0.0371667
0
0
0
0
0.0335733
0.0272167
0
0
0.0780133
0.05663
0.0597333
0.0599833
0.0425467
0.0541267
0.0285733
0.0170533
0.0100067
0.0345733
0.0580067
0.05052
0.02652
0.0164067
0.0134833
0.0108
0.0115867
0.00528667
0.0222533
0.01455
0.00301667
0.00656667
0.000873333
0.03354
0.0208167
0.00298333
0.000873333
0
0.00128
0.00122
0.00078
0.04127
0.0425267
0.000193333
0.000193333
0
0
0.00143333
0.01624
0.0274533
0.0327567
0
0
0
0
0.0187433
0.00393667
0.02146
0.0122233
0.0137733
0
0
0
0
0
0.00328333
0.00665333
0.00328333
0.00377333
0.000403333
0
0
0
0
0.0276233
0.0234533
0.06002
0.0522833
0.00587333
0.01312
0.00924667
0.00617
0.00718667
0.00451333
0.00876667
0.0234033
0.0377367
0.0309
0.0171667
0.000433333
0.000543333
0.0176233
0.0207033
0.00106667
0.00432667
0.00607667
0.00172333
0
0
0.0353133
0.0232467
0.000386667
0.000193333
0
0.000443333
0.000653333
0.000653333
0.0208233
0.0221233
0
0
0
0
0.000653333
0
0.00545667
0.00720333
0
0
0
0
0
0
0.000536667
0.000403333
0
0
0
0
0
0
0
0
0
0
0
0
0
0
0
0
0.00143667
0.00192333
0.0205967
0.0214967
0.00011
0.000706667
0.00203333
0.00312333
0.00364667
0.00558333
0.00713333
0.00544667
0
0
0.00349
0.00887
0.000193333
0.000193333
0.00109333
0.000443333
0
0
0.00858667
0.0074
0
0
0
0
0
0
0.00228333
0.00236667
0
0
0
0
0
0
0.000133333
0.000133333
0
0
0
0
0
0
0
0
0
0
0
0
0
0
0
0
0
0
0
0
0
0
0
0
0
0.000596667
0.00143667
0.00225667
0.00290667
0
0
0.00084
0.00180333
0
0.000126667
0
0.000776667
0.000126667
0.00065
0
0
0.000963333
0.00118
0
0
0
0
0
0
0.000216667
0.000216667
0
0
0
0
0
0
0
0
0
0
0
0
0
0
0
0
0
0
0
0
0
0
0
0
0
0
0
0
0
0
0
0
0
0
0
0
0
0
0
0
0
0.00021
0.00021
0
0
0
0
0
0
0
0
0
0
0
0
0
0
0
0
0
0
0
0
0
0
0
0
0
0
0
0
0
0
0
0
0
0
0
0
0
0
0
0
0
0
0
0
0
0
0
0
0
0
0
0
0
0
0
0
0
0.000336667
0.000583333
0.000546667
0.00140667
0.00119667
0
0
0
0
0
0.00339667
0.00465
0.00725333
0.00551
0.0103233
0
0
0
0
0
0
0
0
0
0
0
0
0
0
0
0
0
0
0
0
0
0
0
0
0
0
0
0
0
0
0
0
0
0
0
0
0
0
0
0
0
0
0
0
0
0.000246667
0.00037
0.00169333
0.000496667
0
0
0
0
0.00330333
0.00599333
0.00664333
0.01117
0
0
0
0
0
0
0.0188567
0.0315867
0.0200267
0.0273667
0.0235
0.0179433
0
0
0.0397533
0.0346133
0
0
0
0
0
0
0
0
0
0
0
0
0
0
0
0
0
0
0
0
0
0
0
0
0
0
0
0
0
0
0
0
0
0
0
0
0
0
0
0.000123333
0.000123333
0.000496667
0
0
0
0
0
0.00305667
0.00318
0.00607
0.00112
0
0
0
0
0.00384
0.0167033
0.0140133
0.00666667
0
0
0
0
0.0260267
0.0135933
0.0376367
0.02529
0.0141133
0
0
0
0.0145967
0.02606
0.0154533
0.0188533
0
0
0
0
0
0
0
0
0
0
0
0
0
0
0
0
0
0
0
0
0
0
0
0
0
0
0
0
0
0
0
0
0
0
0.000246667
0.000246667
0.000623333
0
0
0
0
0
0.000906667
0.00066
0.00171667
0.000623333
0
0
0
0
0.00133667
0.000676667
0.00674333
0.00169333
0
0
0
0
0.000676667
0.00234
0.00671667
0.00578333
0
0
0.00033
0
0.00033
0.00166333
0
0.00153333
0.00319667
0.00166667
0
0
0
0
0
0
0
0
0
0
0
0
0
0
0
0
0
0
0
0
0
0
0
0
0
0
0
0
0
0
0
0
0
0
0
0
0
0
0
0
0
0
0
0.0006
0
0
0
0
0
0
0
0.000733333
0.0006
0
0
0.00541
0.00508
0
0
0.000133333
0.000133333
0
0.00279333
0
0.00825333
0.00312333
0.01054
0.0226433
0
0
0
0
0
0
0.00591667
0.0193
0.0213067
0.0309467
0
0
0
0
0
0
0
0
0
0
0
0
0
0
0
0
0
0
0
0
0
0
0
0
0
0
0
0
0
0
0
0
0
0
0
0
0
0
0
0
0
0
0
0
0
0
0
0
0.00843333
0.00508
0
0
0
0
0
0
0.0219933
0.0310733
0
0
0
0
0.000406667
0.00353
0.03865
0.0388267
8.33333e-05
8.33333e-05
0
0
0.00772333
0.0252067
0.0207
0.0338467
0.0263733
8.33333e-05
0.00179667
0
0
0
0
0
0
0
0
0
0
0
0
0
0
0
0
0
0
0
0
0
0
0
0
0
0
0
0
0
0
0
0
0
0
0
0
0
0
0
0
0
0
0
0.00335333
0.00335333
0
0
0
0
0
0
0.0213567
0.00779667
0
0.000433333
0
0
0
0.000406667
0.0328467
0.0244567
0.00327667
0.00292667
0
0
0.000626667
0.00482
0.02206
0.0215167
0.0182333
0.00464
0
0
0.00545333
0.01316
0.0128633
0.0109333
0.01803
0.00921667
0.0169833
0.00159333
0.00330667
0
0
0
0.00553
0.00502333
0.00172667
0.000133333
0
0
0
0
0
0
0
0
0
0
0
0
0
0
0
0
0
0
0
0
0.000123333
0.000123333
0
0
0
0
0
0
0.000123333
0.000246667
0
0
0
0
0.000143333
0.000143333
0.000123333
0.00106667
0
0
0
0
0.00659667
0.00229667
0.00137667
0.00330667
0
0
0
0.000526667
0.0171833
0.0128833
0.00520667
0.0135467
0
0
0.00095
0.000643333
0.01423
0.0177433
0.0252933
0.0467767
0
0
0.000863333
0.00148
0.00341
0.00788
0.0539033
0.03117
0
0
0.00126
0.00104
0.000636667
0.00074
0.0189333
0.04292
0.00316667
0.000133333
0
0
0.000103333
0.02955
0.00194
0.00433667
0.0005
0
0
0
0
0
0
0
0.00059
0
0.000466667
0
0
0
0
8.33333e-05
8.33333e-05
0
0
0.00353
0.00387333
0
0
0
8.33333e-05
0.00035
0.000493333
0.00435
0.0089
0
0
0
0.00107
0.00638667
0.00458333
0.00754667
0.02557
0
0
0.00159667
0.00599333
0.0213967
0.0192
0.02967
0.0550233
0
0
0.00534667
0.01202
0.0261133
0.0340667
0.0603833
0.0866667
0
0
0.00784333
0.00996
0.0101167
0.0248367
0.0752833
0.08218
0.000183333
0.000183333
0.01626
0.01372
0.00087
0.00577667
0.0727033
0.0799667
0.000183333
0.000366667
0.0200933
0.00659333
0.000766667
0.00143
0.0625033
0.04187
0.00218667
0.00200333
0.01894
0.01301
0.0284633
0.0250967
0.01329
0.01258
0.000166667
0.00042
0.000503333
0.00012
0.00054
0
0.00012
0
0.00806
0.000466667
0.00477667
0
0
0
0.00328
0.00336333
0.0007
0.00035
0.0218433
0.02148
0
0
0.00426667
0.01083
0.00507667
0.00881667
0.0375267
0.0505567
0
0
0.01203
0.01816
0.0316467
0.0230667
0.0639533
0.06312
0.000183333
0.000183333
0.0187967
0.03015
0.0413
0.0410767
0.0804733
0.0712133
0.000483333
0.000666667
0.02549
0.0377633
0.0272367
0.0357467
0.0745733
0.0843033
0.0016
0.0019
0.0355133
0.1162
0.00877333
0.0155133
0.07426
0.0797133
0.0100233
0.0112567
0.13965
0.0630167
0.00442667
0.0204333
0.0924967
0.0804867
0.01166
0.03628
0.106823
0.0618633
0.08057
0.02968
0.112397
0.0694967
0.115987
0.0792267
0.08413
0.0370167
0.00685667
0.0037
0.00100333
0.00412333
0.000933333
0.00047
0.0323767
0.00537667
0.0195567
0
0.00106667
0
0.02285
0.0195267
0.00124333
0.00515667
0.04577
0.0376633
0.000793333
0.000793333
0.0268533
0.0412833
0.00969667
0.0238667
0.0391533
0.0268
0.00380333
0.00319333
0.0439433
0.0600767
0.0393167
0.0306867
0.02717
0.0394733
0.00885
0.0113767
0.0585567
0.11986
0.0431467
0.04694
0.04638
0.04918
0.0242767
0.0310433
0.179753
0.36514
0.04052
0.0596433
0.06632
0.09348
0.02073
0.03345
0.494637
0.3327
0.0497867
0.143507
0.159957
0.151033
0.114663
0.0995167
0.420847
0.26585
0.165043
0.319747
0.247953
0.222913
0.154493
0.285533
0.185763
0.335193
0.261437
0.0241367
0.0117033
0.01151
0.00432667
0.0124633
0.0210267
0.00747667
0.00186
0.05295
0.04189
0.03539
0.0127467
0.0142033
0.0208133
0.02468
0.0231133
0.0161533
0.0135467
0.0996367
0.100453
0.03709
0.0394033
0.0186833
0.0225
0.0440733
0.0425133
0.155697
0.271823
0.119663
0.120757
0.041
0.0353133
0.109943
0.118887
0.421373
0.623573
0.201357
0.257583
0.0876567
0.15565
0.161493
0.23122
0.798573
0.72587
0.275953
0.46548
0.28443
0.282913
0.428507
0.21932
0.77564
0.632553
0.487737
0.645547
0.415207
0.38917
0.455443
0.594763
0.379803
0.527547
0.49861
0.03875
0.0234833
0.0405433
0.03857
0.120483
0.07634
0.0464133
0.0585633
0.02872
0.0698867
0.0677067
0.08345
0.0642733
0.0723833
0.235793
0.42182
0.26204
0.20216
0.08536
0.07495
0.248093
0.20003
0.66005
0.813117
0.503107
0.50647
0.15904
0.292897
0.392913
0.400843
0.88624
0.94032
0.636407
0.75344
0.385747
0.456333
0.532373
0.621757
0.86399
0.942693
0.769073
0.780593
0.566413
0.535437
0.671827
0.637763
0.657763
0.65653
0.199897
0.185237
0.135983
0.11878
0.430067
0.6318
0.416827
0.4216
0.215003
0.113937
0.25983
0.306183
0.348697
0.23296
0.815733
0.796887
0.77662
0.765077
0.77122
0.662983
0.320283
0.474023
0.45885
0.421837
0.81722
0.84903
0.92076
0.823363
0.828797
0.596327
0.540513
0.56585
0.661367
0.540303
0.621757
0.467277
0.494063
0.783923
