0
0
0
0
0
0
0.0458667
0.0380067
0.0256633
0.0174333
0
0
0
0
0
0
0
0.000473333
0.000946667
0.00642667
0.0111167
0.0289433
0.04155
0.0534967
0.0535067
0.0406133
0.0247467
0.00692333
0.00173
0.000486667
0
0
0
0
0
0
0
0
0
0
0
0
0
0
0.0364633
0.0395133
0.0412333
0.0426733
0.03146
0.0381533
0.0268433
0.0266567
0.00839
0.00122333
0
0
0
0
0.000486667
0.00124333
0.00675
0.01341
0.0309633
0.03546
0.0453667
0.0319267
0.027
0.0107667
0.00741
0.00271667
0.0110733
0.0150567
0.0299667
0.0367567
0.0518633
0.04409
0.0355567
0.01567
0.00989
0.00245667
0
0
0
0
0.000473333
0.00122333
0.00670333
0.00804
0.02559
0.0300733
0.0453733
0.0321167
0.0273467
0.0110167
0.00646
0.00126667
0.000486667
0
0
0
0
0
0
0
0
0
0
0
0
0
0.0291967
0.0377033
0.04946
0.0535567
0.0534633
0.04003
0.0245333
0.00710333
0.00206
0.000836667
0
0
0
0
0.000756667
0.000756667
0.00790333
0.00827667
0.01828
0.0118233
0.0155633
0.00595333
0.00608333
0.00143
0.00142
0.00409333
0.00937333
0.01295
0.0254233
0.0274467
0.00488333
0.00396
0.00375
0.000236667
0.000126667
0
0
0
0
0
0
0
0
0
0
0
0.0266133
0.0123767
0.0221133
0.00866667
0.000406667
0.000173333
0
0
0
0.000236667
0.00241667
0.00282333
0.0126667
0.0132567
0.00137
0.000336667
0.000446667
0.00011
0.00011
0
0
0
0
0
0
0.000473333
0
0.00563667
0.000473333
0.02806
0.00997333
0.0370367
0.0235367
0.0206233
0.02002
0.00124333
0.00231333
0
0
0
0
0
0
0
0
0
0
0
0
0.000333333
0.000333333
0.0012
0.00596333
0.0126567
0.0300133
0.0323733
0.04179
0.02846
0.0274333
0.0128967
0.0217467
0.0399033
0.0735333
0.0841533
0.000386667
0.000193333
0
0
0
0.00056
0.00091
0.00380333
0.00392667
0.00995
0.0113967
0.0320067
0.01931
0.03437
0.0313933
0.0143933
0.0187433
0.00971333
0.00395667
0.00716667
0.00830333
0
0
0
0
0.000486667
0
0.00599333
0.000486667
0.02446
0.00615
0.0447767
0.0283667
0.03211
0.0364467
0.01191
0.0203767
0.0122433
0.00838667
0.03723
0.02349
0.0380233
0.0101733
0.00174
0.00191333
0
0
0
0.000236667
0.000406667
0.000813333
0.000746667
0.00334667
0.00383667
0
0
0
0
0
0
0
0
0.000866667
0.00798
0.00789333
0.00956
0.01573
0.00979667
0.01311
0.00708667
0.0079
0.0100367
0.03319
0.0405067
0.05784
0.00126667
0.000786667
0.000593333
0.000193333
0
0
0
0.00056
0.00592667
0.00882
0.0213133
0.0146333
0.0329833
0.000716667
0
0
0
0
0.00017
0.00034
0.00051
0
0
0
0
0
0
0
0.000953333
0.000953333
0.00253333
0.00158
0.00158
0.00267333
0.00109333
0.00219333
0.00813
0.0004
0
0
0
0
0
0.00536667
0.0154367
0.00586333
0.0136867
0.0199233
0.01991
0.01216
0.00139667
0.00891667
0.000716667
0
0
0
0
0
0
0
0.00075
0.00075
0.00351
0.00256
0.0123067
0.0134733
0.00602333
0.01565
0.00111667
0.00616
0
0.00078
0
0
0
0
0
0
0
0
0
0
0
0
0
0
0
0.00454667
0.0165433
0.0105367
0.0341133
0.0315667
0.0304
0.0443467
0.0100233
0.0261767
0.00140333
0.00644667
0
0.000836667
0
0
0
0
0
0
0.00113
0.00113
0.00069
0.00182
0.000393333
0.00108333
0.000216667
0.00061
0.00395333
0.00371
0.00441333
0.00791333
0.0051
0.08085
0.0506967
0.0377133
0.0493067
0.0647233
0.0797067
0.06902
0.06771
0.0342267
0.05724
0.00706
0.0243
0.00354667
0.000126667
0
0
0
0
0
0
0
0
0
0.000403333
0.000233333
0
0
0
0
0.00027
0.00245
0.00974
0.0368433
0.01955
0.0414267
0.0475367
0.0325633
0.0292467
0.0286967
0.02613
0.0630167
0.0845233
0.13649
0.114677
0.129127
0.109993
0.0761733
0.0367367
0.02843
0.0182133
0.0429133
0.0166033
0.0434067
0.0178933
0
0
0
0
0
0
0.000333333
0.00514333
0.00514333
0.00545
0.00064
0.00171
0.00107
0.00107
0
0
0
0
0
0
0
0
0
0
0
0
0
0.000333333
0.000593333
0.00535667
0.00857
0.0265333
0.03924
0.0521367
0.0409833
0.02961
0.0159533
0.0226267
0.02935
0.0529267
0.0621
0.0751767
0.06361
0.0642767
0.0298633
0.00607333
0.00107333
0.00107333
0.00214667
0.0011
0.00217333
0.00116667
0.00226667
0
0.00116667
0
0.00035
0.00103333
0.00152333
0.00586333
0.00604333
0.0138
0.01002
0.0149167
0.00754333
0.00839333
0.00263333
0.00254667
0.00113667
0.00113667
0
0
0
0
0
0
0
0
0
0.000643333
0.000896667
0.01031
0.0101767
0.0199033
0.0113633
0.0161733
0.00619333
0.00687333
0.00155333
0.01276
0.0143133
0.0168133
0.01293
0.00428667
0.0247233
0.00816667
0.0191433
0.00875333
0.0234967
0.0505333
0.09262
0.107913
0.130277
0.13643
0.0255333
0.00437333
0.00536
0.00325667
0.00222333
0.00103333
0.09497
0.0682867
0.04916
0.0147533
0.00608
0.000843333
0.00018
0.00344333
0.00570333
0.02889
0.0383433
0.09867
0.105397
0.14413
0.11493
0.132373
0.11326
0.106973
0.0655333
0.0343033
0.00849
0.00315667
0.00187
0.00232333
0.00174
0.00221667
0.000476667
0.00067
0.000476667
0.000193333
0.00118667
0.00437333
0.00654333
0.0211533
0.0496233
0.0772
0
0
0
0
0.0373
0.03767
0.01387
0.01045
0.00159667
0.000663333
0.00202667
0.00547
0.0438
0.06496
0.164017
0.188273
0.256567
0.205697
0.208887
0.164763
0.14211
0.103433
0.0620867
0.0343967
0.01096
0.00553333
0.0105467
0.00862333
0.01332
0.00749667
0.00643
0.00134333
0.00034
0.00029
0.00035
0.00341667
0
0
0
0
0
0
0.00803
0.0108167
0.0172533
0.0139
0.00503333
0.00454333
0.00512
0.00103667
0.225177
0.300287
0.30742
0.288093
0.24043
0.16863
0.114433
0.0546667
0.0182333
0.03156
0.02857
0.0210733
0.03739
0.01586
0.0161933
0.00074
0
0
0
0
0.00017
0.00017
0
0
0
0
0
0
0
0
0
0
0
0
0
0.001
0.00034
0
0
0
0
0
0
0.000496667
0.000496667
0.00121
0.0016
0.00136
0.00182
0.00068
0.00068
0
0
0
0
0
0
0
0
0
0
0
0.0017
0.0017
0.00234333
0.000643333
0.00098
0.000336667
0.000336667
0
0
0
0
0
0
0
0
0
0
0
0
0
0
0
0
0
0.000713333
0.000713333
0.0072
0.00732
0.0165867
0.01058
0.01416
0.00509667
0.00518333
0.00077
0.000566667
0
0
0
0
0
0
0
0
0
0
0
0
0
0
0
0
0
0.00046
0.00114
0
0.00937333
0.0130633
0.00046
0.000326667
0.00909
0.0148433
0.00185667
0.00537667
0.00523333
0.00112
0.00112
0.00784667
0.00469667
0.00190333
0.00176
0.00635333
0
0
0
0
0.01106
0.00394333
0.00068
0.00129
0.00254333
0
0
0
0
0.00939667
0.0021
0.0005
0
0.00143333
0
0
0
0
0.00324667
0.00170333
0.000103333
0
0
0
0
0
0.00190667
0.00164667
0.000103333
0.000103333
0
0
0
0
0.000363333
0.000363333
0
0
0
0
0
0
0.000916667
0
0
0
0.00667333
0.00078
0.00078
0
0.0109567
0.00270667
0.00179
0
0.01223
0.00772333
0.00183
0.00078
0.01782
0.01183
0.00377
0.00198
0.00960667
0.00675667
0.00697333
0.00283
0.00219333
0.0114467
0.0100167
0.00223667
0.00198
0.00395667
0.00450333
0.00187667
0.00233
0.00686333
0.00714667
0.00343667
0.00366667
0.000446667
0.000446667
0.00044
0.000623333
0.00178
0.00248667
0.00995
0.0138733
0.000216667
0.000216667
0.000183333
0.000183333
0.000153333
0.000306667
0.00046
0.00175
0.00905333
0.0165467
0
0
0
0.000183333
0
0.000153333
0.000153333
0.000306667
0.00761
0
0
0
0
0.00089
0
0
0
0
0.00246667
0.00123333
0.00123333
0
0
0.00089
0
0
0.000216667
0.000216667
0.0115967
0.00530333
0.00427
0.00143333
0.0002
0
0.00045
0.00045
0.00368667
0.00345333
0.0196533
0.01289
0.00556333
0.00323667
0.0004
0.0002
0.00317
0.00272667
0.01052
0.01148
0.0138267
0.00422667
0.00272667
0.0002
0.0002
0.0139933
0.00901333
0.0115567
0.0135067
0.0104567
0.00187
0.00034
0.00017
0.0418467
0.0318667
0.03307
0.01774
0.0258367
0.0116033
0.00318667
0.00051
0.0522633
0.0523467
0.0473167
0.03802
0.0448
0.0259467
0.01334
0.00481333
0.0289467
0.0431033
0.0351833
0.0393133
0.0467233
0.0393767
0.0194733
0.01229
0.0121833
0.01384
0.0145867
0.0217733
0.02494
0.0287333
0.01363
0.0117167
0.04865
0.0323767
0.02033
0.0260067
0.0186067
0.0140867
0.0163933
0.0168767
0.01032
0.0631967
0.0629433
0.0525867
0.0450333
0.0523167
0.0453367
0.0261833
0.0261033
0.0431967
0.0316633
0.0305467
0.0473433
0.04447
0.0499667
0.0546533
0.0645567
0.0264267
0.0419833
0.05061
0.0519033
0.00429
0.0164567
0.02299
0.0342067
0.03257
0.04752
0.0048
0.02103
0.0254167
0.03944
0.000813333
0.0026
0.00747667
0.0157
0.0244433
0.0194367
0.01094
0.0129367
0.0111833
0.0117633
0
0.000813333
0.000813333
0.00569
0.0430833
0.0362333
0.0435833
0.0287833
0.0302933
0.0150267
0
0
0
0
0.0360833
0.0433933
0.04418
0.05122
0.04168
0.0355533
0.000216667
0.000216667
0.000923333
0.000706667
0.02832
0.0259933
0.02048
0.0313567
0.02305
0.0263333
0.00368333
0.00345
0.0107133
0.00818667
0.0390767
0.0265767
0.01493
0.01116
0.00678667
0.0078
0.0100233
0.0114667
0.0283167
0.0277967
0.0455767
0.0367
0.0185533
0.0114833
0.00348667
0.00449667
0.01209
0.0212133
0.0359967
0.04463
0.03684
0.01895
0.01174
0.00110667
0.00362333
0.0091
0.0190967
0.0262167
0.0277967
0.0122733
0.0112167
0.00066
0.000916667
0.000916667
0.00658333
0.00798
0.0104733
0.00319667
0.00341667
0.00288
0.00144
0.00078
0
0.000486667
0.000703333
0.000216667
0.000216667
0.00839667
0.00367333
0.00337333
0.00192
0
0
0
0
0.00984667
0.00822667
0.00882333
0.0107733
0.0100467
0
0
0
0
0.00433
0.0049
0.00472
0.00603
0.0204267
0.0245733
0.00087
0
0
0
0.000443333
0.001
0.00257
0.00572
0.01624
0.0296367
0.00323667
0.00101667
0.000436667
0.00029
0
0.000156667
0.00175
0.00360667
0.0122633
0.0217467
0.0124367
0.00403
0.00258667
0.00121333
0
0
0
0.00159333
0.0104067
0.0127
0.01134
0.00767667
0.00733
0.01352
0
0
0
0
0.00320333
0.00414667
0.00262
0.00751
0.01628
0.0226367
0
0
0
0
0.00018
0.00018
0.000913333
0.00241
0.00878333
0.0177633
0
0
0
0
0
0
0
0.000913333
0.000913333
0.00728667
0
0
0
0
0
0
0
0
0
0
0
0
0.00022
0.00022
0
0
0
0
0
0.00045
0.00045
0.00369
0.00346
0
0
0.000206667
0.000206667
0.00358
0.00249333
0.0114767
0.0126733
0.000406667
0.000406667
0.00351333
0.00331333
0.00560333
0.00547333
0.00644667
0.0135367
0.00162333
0.00189
0.00919
0.0108133
0.00490667
0.00428333
0.00211
0.00440333
0.00162333
0.00310667
0.0106533
0.01647
0.01449
0.00595
0.00349
0.000973333
0.000216667
0.000273333
0.00165
0.00209333
0.00961333
0.02478
0.0202467
0.0128433
0.00532667
0.00464
0.00274667
0.00722
0.00298333
0.00708
0.00481333
0.0320967
0.03316
0.0497933
0.03401
0.0515867
0.0297333
0.01517
0.0134533
0.0249567
0.02282
0.0278233
0.01474
0.03605
0.0484667
0.0761133
0.0763767
0.109693
0.100687
0.0493733
0.02421
0.03676
0.0392233
0.0491833
0.03992
0.03335
0.00666333
0.00999
0.01279
0.0311
0.04942
0.0740467
0.0883233
0.109843
0.13095
0.140547
0.08991
0.0877767
0.0753833
0.0545567
0.0591133
0.04579
0.0380567
0.0491033
0.0676033
0.0700967
0.0673367
0.06897
0.05307
0.0314133
0.0159367
0.0056
0.03007
0.04599
0.0387533
0.0369833
0.0225433
0.00561667
0.01224
0.04154
0.00632667
0.0660367
0.0448667
0.0789767
0.04947
0.0852333
0.0803533
0.118653
0.133867
0.22401
0.179993
0.158487
0.113373
0.00371
0
0.00029
0
0
0
0
0
0
0
0
0
0
0.01275
0.0362067
0.03427
0.02726
0.00426333
0.00163
0.0255667
0.0184567
0.0270767
0.0118667
0.0160667
0.00754
0.0112733
0.006
0.0118567
0.00702333
0.00017
0.00017
0.00017
0
0
0
0
0
0.00054
0.00027
0.00783
0.00081
0.0270333
0.149233
0.170943
0.173347
0.249033
0.16136
0.20789
0.11157
0
0
0.000333333
0.000333333
0.000333333
0
0
0
0
0
0
0
0
0
0
0
0
0
0
0
0
0
0
0
0.00026
0.000383333
0.00393
0.00421333
0.02156
0.01956
0.0260867
0.00974333
0.00391333
0.0109833
0.01612
0.0033
0.0179033
0.000836667
0.00018
0.00018
0.00251
0.00025
0.0206833
0.00803667
0.0681433
0.0437567
0.0834933
0.0915467
0.0888033
0.09415
0.04957
0.0716933
0.0129633
0.0228133
0.0018
0.00756
0.00818333
0.00869667
0.00925667
0
0.000303333
0.00114333
0.00200667
0.00172667
0.00198333
0.00187333
0.00253667
0.00197667
0.00122333
0
0
0
0
0
0
0
0
0
0
0
0
0
0.000253333
0.000253333
0.000763333
0.00051
0.00138333
0.000873333
0.000873333
0
0
0
0
0
0.136343
0.18999
0.250283
0.198513
0.100213
0.140627
0.0536133
0.114137
0.15322
0.221677
0.265093
0.0325633
0.00011
0.00134667
0
0.00408667
0.0366233
0.0185867
0.104307
0
0
0
0
0.000103333
0.00492
0.00202667
0.0460133
0.04325
0.127467
0.0268833
0.00666667
0.0108667
0.0137433
0
0
0
0.00011
0.00034
0.00113
0
0
0
0
0
0
0
0
0
0.001
0.000593333
0.00159333
0.000593333
0.00095
0.000356667
0.00046
0.000103333
0.127883
0.2221
0.236533
0.18456
0.266527
0.124797
0.113003
0.0310233
0.0202133
0.03223
0.0390867
0.03189
0.0459367
0.00341667
0.0184033
0.000473333
0
0
0
0
0
0
0
0
0
0
0
0
0
0
0
0
0
0
0
0
0
0
0
0
0
0
0
0
0
0
0
0
0
0
0
0
0
0
0
0
0
0
0
0
0
0
0
0
0
0
0
0
0.000133333
0
0
0
0
0
0
0
0
0
0
0
0
0
0.000833333
0.000833333
0.00131333
0.00048
0.000683333
0.000203333
0.000203333
0
0
0
0
0
0
0
0
0
0
0
0
0
0
0
0
0
0
0
0.00068
0.00068
0.00068
0
0
0.000536667
0.00027
0
0
0
0.000266667
0.000266667
0
0
0
0
0
0
0
0
0
0
0.00204333
0.0002
0.0002
0
0
0
0.00043
0.00043
0.00418
0.00224333
0.0004
0.0002
0.00016
0.00016
0.00152667
0.00179667
0.00273333
0.00233667
0.0002
0.0002
0
0.00016
0.00032
0.00168667
0.0007
0.000596667
0
0
0
0
0
0
0.00016
0.000103333
0.000103333
0
0
0.00221
0.000953333
0.00207667
0.00112333
0.00248667
0.00136333
0
0
0
0
0
0.00328667
0.00328667
0.00731333
0.00333333
0.0142967
0.0107267
0
0
0
0.000163333
0.000163333
0.00449333
0.00357667
0.0306533
0.0292867
0
0.000133333
0.000133333
0.00361
0.00377333
0.00488
0.00362
0.00453667
0.04123
0.0304767
0.00771667
0.00646333
0.00138667
0.01139
0.0127167
0.000926667
0.00330667
0.00144667
0.0243967
0.00752
0.0289367
0.01098
0.02164
0.0151333
0.0006
0.0006
0.000996667
0.000203333
0.0349533
0.02304
0.0117933
0.0121167
0
0
0.000203333
0
0.0383667
0.0274867
0.00207
0.00286667
0
0
0
0
0.02692
0.0217333
0.000636667
0
0
0
0
0
0.0093
0.00869333
0
0
0.00033
0
0
0
0.00276
0.00251333
0
0
0.00512333
0.00033
0
0
0.00292667
0.00152667
0
0
0.0196033
0.0106867
0
0
0.0284267
0.0105667
0
0
0.0297667
0.0200967
0
0
0.04257
0.0348067
0
0.00019
0.02808
0.0243367
0.00121
0.00235333
0.0243933
0.0270133
0.00019
0.00019
0.00966333
0.0128033
0.0121533
0.01631
0.00883333
0.00859667
0.00014
0.00014
0.000346667
0.000633333
0.0336733
0.03152
0.00345667
0.00367333
0.00286333
0.00290667
0
0
0.04295
0.0319
0
0
0.00656333
0.00384
0
0
0.00812333
0.02492
0.000803333
0
0.00454667
0.00682667
0
0
0.000666667
0
0.0105367
0.00203667
0.00381
0.00317
0
0
0.0007
0.000916667
0.0324567
0.01726
0.00153
0
0
0
0.00818667
0.0107233
0.04076
0.03393
0
0
0.00111
0.000893333
0.0278233
0.0283467
0.03163
0.0165267
0
0
0.0107067
0.00836667
0.0439
0.03002
0.0332133
0.0155133
0
0.00017
0.02677
0.0263133
0.0261233
0.0157933
0.05585
0.04239
0.00017
0.00034
0.0344933
0.04222
0.01959
0.0264867
0.0658833
0.05815
0.00017
0.00196667
0.0241667
0.03038
0.03432
0.03785
0.0576333
0.05988
0.00198667
0.00378333
0.0493767
0.0210767
0.04058
0.0286333
0.0260433
0.0406833
0.00198667
0.00273667
0.0912867
0.0649267
0.03586
0.03302
0.00421
0.00799333
0.00182667
0.00749667
0.05514
0.0752633
0.0643267
0.0692433
0.0106267
0.0103833
0.00864667
0.0262567
0.0110667
0.0262767
0.0988
0.0871333
0.00494
0.01087
0.0293267
0.04344
0.000666667
0.00317
0.09467
0.06496
0.00812
0.00426667
0.0290467
0.02634
0
0
0.0196133
0.04518
0.0348333
0.01715
0.0128967
0.01837
0
0
0.00938667
0.00518
0.0516967
0.04397
0.04142
0.0235633
0
0
0.000303333
0
0.04232
0.0435
0.0395433
0.0271567
0
0
0.000486667
0.00119333
0.0439333
0.03723
0.0194367
0.0124867
0.00045
0.00045
0.00686333
0.01364
0.0484067
0.04829
0.00425667
0.00285333
0.00198
0.00224
0.0317267
0.0433567
0.0550567
0.05694
0.000333333
0.00198
0.00038
0.00217
0.0519267
0.0440467
0.0469167
0.0558533
0.00196667
0.00373
0.00033
0.00019
0.0340167
0.02385
0.0238233
0.0341133
0.00208333
0.00236
0.00527667
0.00099
0.0134233
0.00615333
0.00615667
0.0134333
0.000436667
0.000436667
0.0227667
0.00638667
0.000486667
0
0
0.000486667
0
0
0.0381067
0.0239833
0.00115333
0.00229333
0
0
0
0
0.02345
0.0245533
0.0112967
0.0175967
0
0
0
0
0.00570333
0.00817333
0.0464433
0.0526933
0.00582
0.00087
0
0
0.00101667
0.00130333
0.0763667
0.0574567
0.01782
0.00804
0.000496667
0.000786667
0
0
0.05233
0.0300167
0.03785
0.0214233
0.00451333
0.00479333
0
0
0.00948
0.0196067
0.0287167
0.0302233
0.0123567
0.0291767
0
0
0.000666667
0
0.00768
0.01025
0.0457633
0.0353433
0
0
0
0
0.000453333
0.000633333
0.0340467
0.0221467
0
0
0
0
0
0
0.01287
0.00699
0
0
0
0
0
0
0.000616667
0
0
0
0.000706667
0.000926667
0
0
0
0
0
0
0.00820667
0.01074
0
0
0.000673333
0.00088
0.00912667
0.00153667
0.0263633
0.0280667
0
0
0.00836667
0.0108
0.0303767
0.0113
0.0357667
0.0224333
0.00014
0.00014
0.0287933
0.0286067
0.0443033
0.0253033
0.01486
0.00392
0.00116667
0.00014
0.0452667
0.0347533
0.0462
0.0329867
0.00190333
0.000493333
0.01342
0.00127333
0.03325
0.0139267
0.03015
0.0322367
0.00572333
0.00722
0.0532833
0.0166567
0.00837667
0.00678333
0.0185167
0.02163
0.0472033
0.0678233
0.09242
0.0455633
0.0140533
0.0144633
0.00672
0.0135767
0.147717
0.158727
0.15525
0.08719
0.01802
0.0216633
0.0153333
0.00889
0.00829667
0.00671667
0.20066
0.163877
0.227307
0.16807
0.0269967
0.01911
0.04226
0.0371533
0.0151
0.01554
0.00507667
0.00234333
0.000453333
0.00029
0
0.000713333
0.00259333
0.0127467
0.0188167
0.0289033
0.0356733
0.02171
0.0310833
0.00654667
0.18379
0.174887
0.24682
0.24506
0
0
0
0
0
0
0
0
0
0.000513333
0.00305333
0.01072
0.0220233
0.0262667
0.0221167
0.00984333
0.0206867
0.00194667
0.00818333
0
0.000973333
0.00252
0.00277
0.00829667
0.01642
0.0392333
0.0634033
0.0803633
0.0769233
0.0627267
0.0533067
0.0355167
0.0326733
0.0171
0.0145667
0.00996
0.01007
0.0326767
0.01763
0.0423133
0.0408033
0.02513
0.0361667
0.0308967
0.0255667
0.0273167
0.03762
0.02216
0.01933
0
0
0
0
0
0
0
0.00027
0.000443333
0.24825
0.234577
0.299813
0.296917
0
0
0
0
0
0
0
0
0
0
0
0
0
0
0
0
0
0
0
0
0
0
0
0
0
0.000123333
0.000123333
0.000666667
0.000543333
0.00209
0.00154667
0.00267333
0.00112667
0.00112667
0
0.0789133
0.08162
0.00449667
0.00449667
0.000863333
0.00056
0.00131333
0.000753333
0.000753333
0
0
0
0
0
0
0
0
0
0
0
0
0
0
0
0
0
0
0
0
0
0
0
0
0
0
0
0
0.32547
0.33257
0.29599
0.23873
0.35701
0.39372
0.176633
0.0602433
0.119797
0.0333467
0.154367
0.237113
0.271713
0.34897
0.00252667
0.000506667
0.00011
0
0
0
0
0.00011
0
0.00079
0.00158
0.01462
0.0350433
0.0990433
0
0
0
0
0
0
0
0
0
0
0.000133333
0
0
0
0
0
0
0.00189667
0.00479
0.02744
0.00958
0.111853
0.06429
0.161013
0.0531133
0.0182333
0.0228333
0.00722667
0.00348667
0.00400333
0.0136533
0.0167967
0.0289133
0.01931
0.02132
0.00560333
0
0
0
0
0
0
0
0
0
0
0
0
0
0.000133333
0.000623333
0.00049
0.00049
0
0
0
0
0
0
0
0
0
0
0
0
0
0
0
0
0
0
0
0
0
0
0
0
0
0
0
0
0
0
0
0
0
0
0
0
0
0
0
0
0
0.175823
0.15911
0.137027
0.0786033
0.00319667
0.000253333
0.000133333
0
0
0
0
0
0
0
0
0
0
0
0
0
0
0
0
0
0
0
0
0
0
0
0
0
0
0
0
0
0
0
0
0
0
0
0
0
0
0
0
0
0.05166
0.04865
0.0612133
0.03585
0.04861
0.056
0.0133067
0.02124
0.0114067
0.0171433
0.015
0.0205033
0.03252
0.04947
0.000986667
0.00277333
0.00178667
0.00248667
0.0007
0.00671667
0.0127267
0.00406
0.0220867
0.0284467
0
0
0
0
0
0
0.0209233
0.00965333
0.00478
0.00185333
0.000656667
0.00197333
0.01054
0
0
0
0
0.00852
0.0197933
0.00579667
0.00027
0
0.000506667
0
0
0
0
0.00319
0.00326
0
0
0.00092
0
0
0
0.000196667
0.000196667
0.000223333
0.000223333
0.0111133
0.00276333
0
0
0
0
0.00118
0.00138667
0.0196667
0.01233
0
0
0
0
0.00788333
0.00829333
0.01305
0.0119133
0
0
0
0
0.00975
0.00341333
0.00365
0.00397333
0
0
0.000303333
0
0.00204667
0.00016
0.000273333
0.000376667
0
0
0.00156
0.00969
0.00151333
0.00287667
0
0
0
0
0.0294433
0.0104633
0.00906667
0.0157933
0
0
0.000326667
0.000163333
0.0426467
0.0234867
0.0308533
0.0421433
0.00123667
0
0.00785333
0.00457
0.03124
0.02479
0.0507767
0.05123
0.0077
0.0168633
0.0291433
0.02577
0.0116033
0.0101567
0.02105
0.03713
0.0348367
0.04454
0.0444933
0.0349467
0.00153333
0.000933333
0.0012
0.00437667
0.0572133
0.0535267
0.0315533
0.0158233
0
0
0.000203333
0.000406667
0.06049
0.0529067
0.00721
0.00618333
0
0
0
0
0.0563233
0.0430467
0.000636667
0.00104333
0
0
0
0
0.0266067
0.0235733
0
0
0.00033
0.000483333
0
0
0.00651333
0.00533667
0
0
0.00527667
0.00764
0
0
0.00298333
0.00536
0
0
0.0164033
0.0190567
0
0
0.0231633
0.0390667
0
0
0.0319267
0.03204
0
0
0.0520933
0.0460333
0.00019
0.00019
0.0187267
0.0336233
0.00351
0.0023
0.03389
0.0213333
0
0.00019
0.00101333
0.0100433
0.0226033
0.0151033
0.0120733
0.0101467
0.000583333
0.000443333
0.000346667
0
0.0474733
0.04056
0.00669
0.00345
0.00935
0.00707
0
0
0.0510167
0.0533867
0.000216667
0.000216667
0.02325
0.02608
0
0
0.0350233
0.0199767
0.000803333
0.000803333
0.0272467
0.0228067
0
0
0.000666667
0.00318
0.00930333
0.01259
0.0119067
0.01152
0
0
0.00118333
0.000483333
0.02902
0.0261167
0.00166667
0.00356
0
0
0.0136367
0.00685
0.03972
0.0509267
0
0.000136667
0.000216667
0.000216667
0.04338
0.03173
0.0461433
0.0336767
0
0
0.00345
0.00368
0.05194
0.0519433
0.0362733
0.03988
0
0
0.0113933
0.00854667
0.02833
0.0402667
0.05028
0.0393067
0
0
0.0161967
0.0121367
0.01341
0.01182
0.05261
0.03349
0
0
0.02422
0.0325567
0.0422167
0.0282033
0.0445167
0.0248967
0.00019
0
0.0608033
0.0729967
0.0479867
0.0531533
0.0233733
0.00392
0.00019
0.00019
0.07107
0.08793
0.0542433
0.0544233
0.00280667
0.00140333
0.000886667
0
0.0265267
0.0543033
0.09587
0.0829467
0.00305
0.00180667
0.00428
0.00219
0.0121533
0.00439333
0.1238
0.125787
0.00345333
0.00202333
0.0124967
0.00506
0.000803333
0.000136667
0.0945267
0.11199
0.00736333
0.01293
0.0193033
0.0168667
0
0
0.0576067
0.03797
0.03137
0.04302
0.03748
0.02207
0
0
0.00465
0.00766667
0.05421
0.0469433
0.0516367
0.0602933
0
0
0.000303333
0.000443333
0.04325
0.0269433
0.0416567
0.05219
0
0
0.000486667
0
0.0327167
0.02496
0.01236
0.0221933
0
0
0.00707667
0.00140667
0.0327833
0.0450133
0.00157667
0.00273
0.00019
0.00019
0.0327333
0.01486
0.0396367
0.0497967
0.00016
0
0.00019
0
0.0436067
0.0360433
0.0427433
0.0250267
0.00032
0.00016
0.00033
0.000483333
0.02634
0.02805
0.01891
0.00803333
0.00016
0.00016
0.00477
0.00713333
0.00797667
0.0107267
0.00567
0
0
0
0.02402
0.02718
0.000486667
0.000706667
0
0
0
0
0.04005
0.02876
0.00241333
0.00126
0
0
0
0
0.0111667
0.0257133
0.0210767
0.0133333
0
0.000213333
0
0
0.00203333
0.00643333
0.0712
0.0521333
0.00516333
0.0123833
0
0
0.00101667
0
0.0997933
0.100877
0.02282
0.0267133
0.00085
0.000353333
0
0
0.06267
0.0912233
0.03814
0.0355833
0.0115533
0.00818
0
0
0.0342967
0.0135467
0.0337867
0.0160367
0.03873
0.0286533
0
0
0.000666667
0.00342
0.00839667
0.00135
0.0496733
0.0415133
0
0
0
0
0.000453333
0
0.0283433
0.0319
0
0
0
0
0
0
0.00691333
0.0104867
0
0
0
0
0
0
0.000616667
0.00103333
0
0.000393333
0.00119667
0.00049
0
0
0
0
0.000393333
0.00547333
0.0136567
0.00686667
0
0
0.00132667
0.000653333
0.01267
0.0280667
0.0339967
0.0238233
0
0
0.01666
0.00982667
0.0436
0.0571167
0.0426233
0.0425567
0
0.000403333
0.0512033
0.0415033
0.0628933
0.0602433
0.0173467
0.0317767
0.00157
0.00693667
0.0632
0.06895
0.0404767
0.0548667
0.00253333
0.00703667
0.01868
0.0431133
0.0340333
0.05347
0.0207767
0.0297233
0.01416
0.00956
0.07448
0.113817
0.0165567
0.02289
0.01809
0.0112433
0.0778667
0.04632
0.139477
0.169087
0.02125
0.0153733
0.00492
0.00481333
0.22763
0.1784
0.19009
0.232
0.0166967
0.0183867
0.0123
0.01175
0.0125
0.01116
0.00865
0.252953
0.290933
0.256397
0.26801
0.00689667
0.00513333
0.00463667
0.00335
0.000326667
0.000163333
0
0
0
0.0349133
0.0275233
0.0116367
0.00554667
0.00112
0.000146667
0.00160333
0.0306567
0.0139767
0.00921667
0.01298
0.0150967
0.0278733
0.0271067
0.03389
0.03454
0.00257
0.00873667
0.01483
0.0293633
0.04012
0.05057
0.03675
0.0238567
0.208547
0.240927
0.218273
0.226173
0
0
0
0
0
0
0
0.00288667
0.00901333
0.0204833
0.0272367
0.0329267
0.03797
0.00412333
0.0217867
0.0285567
0.0557333
0.08161
0.08928
0.1062
0.0955
0.116783
0.0887867
0.0838567
0.0448567
0.0455333
0.03453
0.0488767
0.0425833
0.0470533
0.0357867
0.0235233
0.00866333
0
0
0
0
0
0.000173333
0.00042
0.210907
0.24584
0.18972
0.26512
0
0
0
0
0
0
0
0
0
0
0
0
0
0
0
0
0.000346667
0.000276667
0.00447
0
0
0
0
0
0
0
0
0
0
0
0
0
0
0
0
0
0.353947
0.28799
0.253003
0.28677
0
0
0
0
0
0
0
0
0
0
0
0
0
0
0
0
0
0
0
0
0
0
0
0
0
0
0
0
0
0
0
0
0
0
0
0
0
0
0.394887
0.376357
0.201397
0.14852
0.0664267
0.0349867
0.241107
0.18113
0.293887
0.36715
0.00837667
0.00281333
0.000793333
0.000396667
0
0
0
0
0
0
0
0
0.000173333
0.000853333
0.00648
0.0194567
0.06265
0.121813
0
0
0
0
0
0
0
0.00012
0.00012
0.00230333
0.00231667
0
0
0
0
0
0
0
0.00335
0.00189667
0.0241033
0.00692333
0.0268633
0.00192333
0.00274333
0.00299667
0.0074
0.00587667
0.00768
0.00266
0.00272667
0.00012
0
0
0
0
0
0
0
0
0
0
0
0
0
0.00720333
0.00551
0.00635333
0.00146667
0.000976667
0
0
0
0
0
0
0
0
0
0
0
0
0
0
0
0
0
0
0
0
0
0
0
0
0
0
0
0
0
0
0
0
0
0
0
0
0
0
0.0409467
0.0977467
0.13136
0.17631
0.171613
0.16333
0.133267
0.118483
0.0859033
0.0706867
0.0374633
0.00012
0
0
0
0
0
0
0
0
0
0
0
0
0
0
0
0
0
0
0
0
0
0
0
0
0
0
0
0
0
0
0
0
0
0
0
0
0
0
0
0
0.180407
0.193837
0.157387
0.14043
0.169243
0.14354
0.128427
0.12483
0.145377
0.09148
0.12341
0.07081
0.10469
0.149647
0.07365
0.107997
0.0852167
0.0525133
0.08195
0.03589
0.0318767
0.0616367
0.05745
0.0704367
0.0604733
0.00396667
0.01429
0.0106767
0.00850667
0.03102
0.0345333
0.05807
0.0544567
0.00021
0.00119667
0.000983333
0.000283333
0.02344
0.0134033
0.0438667
0.03367
0
0
0
0
0.0469433
0.0320967
0.00967667
0.0173867
0
0
0
0
0.0335033
0.02671
0.000506667
0.00111
0
0.000416667
0
0
0.00793667
0.00537
0
0
0.00133667
0.00673
0
0
0.000623333
0.000426667
0.0008
0.000576667
0.0146633
0.0323767
0
0
0
0
0.00542333
0.00504333
0.0361633
0.0436067
0
0
0
0
0.0163333
0.01408
0.0282467
0.02492
0
0
0
0
0.0175633
0.0245567
0.0094
0.00662333
0
0
0.000303333
0.00075
0.00283667
0.0120167
0.00077
0.000496667
0
0
0.00888
0.0111933
0.00226667
0.00170333
0
0
0
0
0.0438667
0.0262467
0.01497
0.00953333
0
0
0.000163333
0
0.0574933
0.0527567
0.04193
0.0327733
0.00123667
0.00236667
0.00550333
0.00126
0.04588
0.03176
0.0526133
0.0461567
0.01153
0.0178567
0.0313833
0.0144
0.0156733
0.00759333
0.0225833
0.02917
0.0328933
0.0415567
0.0542933
0.04619
0.00147667
0.000543333
0.00368333
0.00581
0.05583
0.0503167
0.0410633
0.0271533
0
0
0.000203333
0.000303333
0.0525533
0.0483867
0.00599333
0.0104367
0
0
0
0
0.0554033
0.0442367
0.000406667
0.000853333
0
0
0
0
0.03032
0.0135467
0
0
0.000153333
0.000306667
0
0
0.00562333
0.00187
0
0
0.003
0.00569667
0
0
0.00396
0.00298667
0
0
0.01299
0.0157533
0
0
0.02029
0.0260167
0.00045
0.00045
0.0219333
0.01564
0
0
0.0387333
0.03414
0.00198333
0.00224333
0.0103
0.0107867
0.0023
0
0.0288833
0.0251333
0.00038
0.00217333
0.000666667
0.00127
0.0213833
0.00979
0.0156567
0.0152
0.000746667
0.000493333
0
0
0.04158
0.0299033
0.00645
0.00343333
0.0118067
0.00562333
0
0
0.0326133
0.0457
0.000433333
0.000216667
0.03849
0.0264967
0
0
0.0243067
0.00887333
0
0
0.0413467
0.0483833
0
0
0.00251333
0.00279333
0.00409
0.00460333
0.0303067
0.01582
0
0
0.000483333
0
0.0102
0.01193
0.00271667
0.00841
0
0
0.00707
0.00140333
0.02911
0.0250033
0.000136667
0.000823333
0
0
0.0327233
0.01485
0.03083
0.01374
0
0
0.000446667
0.000446667
0.0436033
0.0360333
0.0210833
0.00981667
0
0
0.000833333
0.00087
0.02448
0.0278133
0.01764
0.0104567
0
0
0.00452333
0.0093
0.00904
0.00976333
0.0130033
0.00474333
0
0
0.02525
0.03924
0.0289567
0.0113833
0.00561
0.00287333
0
0
0.05874
0.05282
0.0464133
0.03623
0.00270667
0.00019
0
0
0.0474167
0.04289
0.0520967
0.03892
0
0
0
0
0.0205133
0.0246367
0.09279
0.06176
0.00016
0.00016
0.00140333
0.0001
0.00561
0.00202
0.1269
0.106827
0.000376667
0.000216667
0.00427333
0.00270667
0.000136667
0
0.0689
0.108517
0.00743
0.00766333
0.00978667
0.00463
0
0
0.0354533
0.01194
0.0248133
0.0195533
0.03858
0.0207267
0
0
0.00346
0.00365
0.0304933
0.0161733
0.0445867
0.0521433
0
0
0.00014
0.00014
0.0163167
0.00632
0.0378267
0.0388833
0
0
0
0
0.00919
0.01291
0.0133
0.0184
0
0
0.00092
0
0.0214367
0.0172267
0.00115333
0.00189
0
0
0.0117167
0.00344667
0.0231967
0.0154567
0
0
0
0
0.0193067
0.0128533
0.01633
0.00464333
0
0
0.000153333
0.000306667
0.0126667
0.0114867
0.00246333
0.0001
0
0
0.003
0.00315667
0.00345667
0.00368667
0
0
0
0
0.01045
0.0132133
0.00022
0.00022
0
0
0
0
0.0186533
0.01236
0.00136667
0.000106667
0
0
0
0
0.00737
0.00750667
0.0150733
0.00426
0.000213333
0.000426667
0
0
0.00101667
0.00162
0.0590567
0.02974
0.00764667
0.00743333
0
0
0
0
0.10107
0.0783167
0.0160633
0.00928667
0.000353333
0
0
0
0.0597133
0.0902767
0.01738
0.01098
0.0092
0.00187
0
0
0.0322867
0.01115
0.0114333
0.00334
0.0251267
0.01284
0
0
0.00275333
0.00303333
0.000896667
0
0.02143
0.0268733
0
0
0
0
0
0
0.0150567
0.0145
0
0
0
0
0
0
0.00482
0.00583333
0
0
0
0
0
0
0.000416667
0.00063
0.000393333
0.000966667
0.00049
0
0
0
0
0
0.00604667
0.01232
0.00707333
0.00140333
0
0
0.00124
0.000586667
0.0271433
0.0395833
0.0246533
0.0146933
0
0
0.0167367
0.00882333
0.0540233
0.0570833
0.03561
0.02788
0.000403333
0.000683333
0.0551367
0.0372033
0.0575267
0.05875
0.02432
0.02822
0.00605
0.0120067
0.07725
0.0731367
0.04215
0.0576967
0.00722667
0.01008
0.0373267
0.0547067
0.0518233
0.0698533
0.02855
0.03917
0.0183567
0.01152
0.09983
0.0929767
0.0319433
0.04144
0.02213
0.0198367
0.0816233
0.05826
0.136573
0.12455
0.0386367
0.0314867
0.00470667
0.00499333
0.19387
0.12864
0.198973
0.161
0.0255967
0.03009
0.0133433
0.00744667
0.00866
0.00459667
0.29425
0.246417
0.20564
0.145017
0.00057
0.00409
0.000163333
0
0
0
0
0.0110133
0.02701
0.00473
0.00544667
0.000146667
0.000303333
0.00115667
0.00276
0.0162567
0.0440667
0.01702
0.0305433
0.00825
0.00913667
0.0102933
0.00721
0.0133267
0.00929
0.01225
0.02668
0.00702333
0.02346
0.0337067
0.05006
0.0383367
0.0259533
0.00941667
0.203367
0.21871
0.16008
0.0836133
0
0
0
0
0.0113367
0.0202833
0.01902
0.0310167
0.0274467
0.0327633
0.0692867
0.09004
0.118993
0.13136
0.13985
0.140903
0.0842333
0.112907
0.0545067
0.0233433
0.03572
0.0252333
0.00913
0.00482333
0
0.000246667
0
0.000683333
0.170223
0.11131
0.06485
0.111503
0
0
0
0
0
0
0
0
0
0.000693333
0.000346667
0.00555667
0.00063
0.000276667
0
0
0
0
0
0
0
0
0
0
0.241623
0.13951
0.0963267
0.162427
0
0
0
0
0
0
0
0
0
0
0
0
0
0
0
0
0
0
0
0
0
0
0
0
0
0
0
0
0
0
0
0
0
0
0
0
0
0
0
0
0
0
0
0
0
0
0
0
0
0
0
0
0
0
0
0
0
0
0
0
0.28905
0.231623
0.12597
0.131173
0.05504
0.04317
0.14859
0.0816067
0.160347
0.245667
0.00988
0.00652667
0.000566667
0.000396667
0
0
0
0
0
0
0
0
0
0
0
0
9.66667e-05
0.00027
0.00281333
0.00834333
0.0136533
0.0549833
0
0
0
0
0
0.000436667
0.000556667
0.00693333
0.00868
0
0
0
0
0
0
0
0
0
0
0
0.00473333
0.00618667
0.0281667
0.06605
0.00814667
0.00184333
0.000953333
0.00128667
0.000736667
0.000923333
0.000186667
0.000186667
0
0
0
0
0
0
0
0
0
0
0
0
0
0
0.0236033
0.0221133
0.0372333
0.0231667
0.0192533
0.00195
0.000973333
0
0
0
0
0
0
0
0
0
0
0
0
0
0
0
0
0
0
0
0
0
0
0
0
0
0
0
0
0
0
0
0
0.03783
0.0518367
0.151027
0.177637
0.27994
0.245
0.302627
0.225653
0.227203
0.150097
0.1448
0.09797
0
0
0
0
0
0
0
0
0
0
0
0
0
0
0
0
0
0
0
0
0
0
0
0
0
0
0
0
0
0
0
0
0
0
0
0
0
0
0
0.0761033
0.0679467
0.114903
0.127287
0.139017
0.190887
0.148327
0.118107
0.132113
0.0648533
0.138767
0.11824
0.136573
0.13893
0.0943867
0.113383
0.168147
0.0720067
0.0968667
0.14092
0.160397
0.0776667
0.103563
0.0700633
0.11144
0.0719467
0.04168
0.08397
0.12963
0.09416
0.0810667
0.02931
0.0533567
0.0155567
0.02021
0.0414733
0.07209
0.0687967
0.0704833
0.0181433
0.01586
0.00315333
0.00402
0.0275067
0.00613
0.0529167
0.05368
0.000696667
0.000486667
0.000283333
0.000283333
0.01968
0.0270667
0.0296633
0.03545
0
0
0
0
0.0456733
0.04058
0.00926667
0.0132233
0
0
0
0
0.0350567
0.0173667
0.000603333
0.00105
0.000416667
0.00102
0
0
0.00645333
0.00170667
0
0
0.00641333
0.01297
0
0
0.000426667
0
0.00147333
0.000896667
0.031
0.0425367
0
0
0
0
0.0125533
0.00920667
0.0513567
0.0434967
0
0
0
0.000566667
0.0300533
0.0289067
0.03242
0.01837
0
0
0.000566667
0.000566667
0.0408733
0.03499
0.00809333
0.00224
0
0
0.000446667
0.00069
0.01418
0.0279933
0.000496667
0
0
0
0.00330667
0.00332333
0.00197667
0.00527333
0
0
0
0
0.01858
0.0208767
0.01005
0.00305667
0
0
0
0
0.03848
0.0263733
0.0306867
0.0134
0.00113
0.00176667
0.00123333
0.000136667
0.0290967
0.0129867
0.0333867
0.01839
0.00933
0.01231
0.00357667
0.0125
0.00757
0.00145333
0.00685667
0.0166167
0.0295
0.0240233
0.0370833
0.0203767
0.000543333
0
0.00243
0.00253667
0.0305667
0.0149233
0.0250833
0.0292067
0
0
0.0001
0.0001
0.0305067
0.02648
0.0101467
0.0108833
0
0
0
0
0.0331933
0.0172967
0.000893333
0.00574333
0
0
0
0
0.0115667
0.00267
0
0.000446667
0.000153333
0.000153333
0
0
0.000896667
0
0
0
0.00300333
0.00316
0
0
0
0.000486667
0
0
0.00861667
0.00576667
0
0
0.0092
0.0166633
0.00045
0
0.00661
0.00115333
0
0
0.0288867
0.0276333
0.00269333
0.0009
0.00236
0.00175667
0
0
0.0291367
0.0322567
0.00377667
0.00403667
0.000603333
0.00120667
0.00830667
0.000816667
0.0277967
0.0297533
0.000493333
0.00198333
0
0
0.0200867
0.0100833
0.01414
0.01254
0.00629333
0.00141667
0
0
0.0186767
0.00898333
0.00161667
0.0014
0.0277133
0.0136933
0
0
0.00140667
0.00748667
0
0.000256667
0.03235
0.0410267
0
0
0.00028
0.00028
0.00077
0.00102667
0.0301767
0.03386
0
0
0
0
0.00659
0.00607667
0.00743667
0.0147167
0
0
0.00092
0
0.00731
0.00209333
0.000686667
0.00160667
0
0
0.0109733
0.00271
0.00269667
0.00158667
0
0
0
0
0.0192867
0.0121
0.00136333
0.000926667
0
0
0.000483333
0.000673333
0.0152133
0.0142567
0.00219667
0.00198333
0
0
0.00583667
0.00747
0.00434
0.00645667
0.00198333
0.000333333
0
0
0.0249233
0.0251967
0.0106833
0.00291667
0.000356667
0.00019
0
0
0.0335933
0.01775
0.0193767
0.0114033
0.00019
0
0
0
0.0250467
0.0191333
0.0257
0.01634
0
0
0
0
0.01028
0.0152167
0.04574
0.0228567
0
0
0.0001
0
0.00256667
0.000683333
0.0703333
0.0402767
0
0
0.00150333
0.0002
0
0
0.05079
0.0148367
0.00045
0.00045
0.00310667
0.00154667
0
0
0.00114333
0.00943333
0.00240333
0.00211667
0.00518333
0.0176467
0
0
0.00033
0.00033
0.00494667
0.00315667
0.03481
0.0257233
0
0
0
0
0.00438667
0.00155667
0.0249733
0.0284567
0
0
0
0
0.00721
0.00670667
0.00812333
0.01364
0
0
0
0
0.00819667
0.00298333
0.000736667
0.00187
0
0
0.00271667
0.00019
0.00427333
0.00288333
0
0
0
0
0.00638
0.00451333
0.00238
0.0002
0
0
0.000153333
0.000153333
0.00250667
0.00385333
0.0001
0
0
0
0.000463333
0.00062
0.00045
0.00045
0
0
0
0
0.00607667
0.00631667
0
0
0
0
0
0
0.00716
0.00170333
0.000106667
0
0
0
0
0
0.00175667
0.00115333
0.00313333
0.00024
0.000213333
0.000213333
0
0
0.000603333
0.000603333
0.0207133
0.00492
0.000213333
0.000443333
0
0
0
0
0.0488267
0.02054
0.000886667
0.00261
0
0
0
0
0.0410167
0.0119633
0.00461
0.00434333
0.00164333
0.000126667
0
0
0.00140667
0.00952333
0.00262
0.000176667
0.00347
0.00733667
0
0
0.00028
0.00028
0
0
0.0103533
0.00854667
0
0
0
0
0
0
0.00640667
0.00770333
0
0
0
0
0
0
0.00185667
0.00298667
0
0
0
0
0
0
0.000213333
0.000426667
0.000573333
0.000753333
0
0
0
0
0
0
0.00742
0.00684667
0.000913333
0
0
0
0.000986667
0.0004
0.0241867
0.02561
0.01144
0.00333
0
0
0.0136667
0.00648333
0.0440667
0.0387767
0.0198867
0.0134067
0.00028
0.00332667
0.0447367
0.0291133
0.0530167
0.04934
0.01701
0.0164067
0.00968667
0.0307833
0.0920133
0.0815467
0.06913
0.0665067
0.0112633
0.0142933
0.0504833
0.0769
0.06602
0.0922933
0.0584733
0.0728867
0.0202067
0.0170967
0.07427
0.0624067
0.0484333
0.0418833
0.02605
0.0476467
0.0675033
0.0362867
0.0629067
0.03433
0.0290733
0.0395367
0.00477
0.0112067
0.0914367
0.12921
0.07253
0.0426333
0.00816
0.02368
0.00418
0.00066
0.00117667
0.000313333
0.000156667
0
0.000946667
0.00579333
0.00471667
0.000296667
0.00367667
0.00338
0.00591
0.00483333
0.000533333
0.000393333
0.00042
0.163717
0.11174
0.07048
0.0465
0
0.000406667
0
0
0
0.00709
0.00152333
0.00210333
0.0157933
0.0283433
0.10595
0.06555
0.08212
0.0139733
0.00494667
0.00713667
0.02192
0.0264433
0.0102967
0.00565333
0.000693333
0.05585
0.138487
0.04457
0.0123533
0
0
0
0
0
0.0100233
0.0108833
0.00652333
0.130387
0.19439
0.162243
0.171787
0.151437
0.09188
0.100207
0.00526333
0.00722667
0.00527667
0
0
0.000436667
0
0.00533333
0.04373
0.0163233
0.00887333
0.0223267
0
0
0
0
0
0
0
0.000346667
0.000346667
0.00550667
0.000643333
0.00545667
0.000693333
0.000353333
0
0
0
0
0
0
0
0
0
0
0.0943567
0.03875
0.0231233
0.05047
0
0
0
0
0
0
0
0
0
0
0
0
0
0
0
0
0
0
0
0
0
0
0
0
0
0
0
0
0
0
0
0
0
0
0
0
0
0
0
0
0
0
0
0
0
0
0
0
0
0
0
0
0
0
0.139043
0.10561
0.0400333
0.0494333
0.0218967
0.0214933
0.00406667
0.000516667
0.000806667
0.00132333
0
0.000806667
0
0
0
0
0.00199333
0.00199333
0.00199333
0.01235
0.0414867
0.05311
0.0743467
0.11287
0.00392
0.00017
0.00017
0
0
0
0
0
0
0
0
0
0
0
0
0
0
0
9.66667e-05
0.00321
0.00575333
0.01114
0
0
0
0
0.000436667
0.000873333
0.00177333
0.00771333
0
0
0
0
0
0
0
0
0
0
0
0
0
0.00919333
0.00446
0.0524933
0.0484833
0.108883
0.00983
0.00737667
0.000523333
0.000403333
0
0
0
0
0
0
0
0
0
0
0
0
0
0
0
0
0
0
0.0161967
0.03034
0.0390667
0.04745
0.03728
0.02315
0.00633333
0.00146
0.000486667
0
0
0
0
0
0
0
0
0
0
0
0
0
0
0
0
0
0
0
0
0
0
0
0
0
0
0
0
0.0796767
0.201013
0.258357
0.36875
0.363723
0.366443
0.340287
0.27732
0.24121
0.192583
0.17328
0
0
0
0
0
0
0
0
0
0
0
0
0
0
0
0
0
0
0
0
0
0
0
0
0
0
0
0
0
0
0
0
0
0
0
0
0
0
0.00673
0.00457
0.05715
0.0619733
0.04626
0.0283367
0.01802
0.01795
0.0419733
0.0800667
0.0972733
0.06743
0.0713767
0.0847167
0.0303433
0.0218633
0.05721
0.08072
0.0674733
0.0246233
0.0709133
0.0471433
0.04808
0.0324467
0.0517433
0.08747
0.0529167
0.0267867
0.0482367
0.0439233
0.03866
0.0436667
0.0595333
0.02822
0.06572
0.05578
0.0417033
0.0352433
0.00970667
0.0170733
0.02204
0.00555333
0.05144
0.0475633
0.0205667
0.00567667
0.00115
0.00218333
0.00361
0.00504
0.0389833
0.0350567
0.00076
0.000273333
0
0
0.0149467
0.0235
0.0164267
0.0258933
0
0
0
0
0.0305267
0.0234167
0.0056
0.00969
0
0
0
0
0.01578
0.00456667
0.000446667
0.00104
0.000603333
0.00079
0
0
0.00140667
0.000126667
0
0
0.00776333
0.01028
0
0
0
0
0.00156667
0.00067
0.0270233
0.0268333
0
0
0
0.00135667
0.0136167
0.00655333
0.0344867
0.0201267
0
0
0.00192333
0.00989333
0.0340133
0.0310433
0.0429867
0.01494
0.0141133
0.00431333
0.000146667
0
0
0.0168867
0.00891667
0.02467
0.0414367
0.0373767
0.0500167
0.00334
0.00174333
0.000146667
0
0.000146667
0
0.00859333
0.00890333
0.01917
0.01113
0.0255833
0.0212833
0
0
0
0
0.00101667
0.00135
0.00335667
0.00339333
0.00686667
0.00467
0
0
0
0
0.00595333
0.00583667
0.00127
0.00159333
0.00152
0.00320333
0
0
0
0
0.01122
0.00720667
0.00214667
0.00421667
0.00534667
0.00855
0.000636667
0.000833333
0.000196667
0.000333333
0.00777
0.00219667
0.00370333
0.0034
0.00711667
0.00902
0.00494333
0.00430667
0.000333333
0.000553333
0.00289667
0.00129667
0.000386667
0.000983333
0.000803333
0.00512333
0.00619667
0.00252333
0.000853333
0.00306
0.00496667
0.0135233
0
0
0.000206667
0.000206667
0.00470667
0.00277667
0.0028
0.00323667
0.0120533
0.01103
0
0
0
0
0.00896667
0.00809
0.00233667
0.00233333
0.00221
0.00618667
0
0
0
0
0.00970667
0.00323333
0.00161333
0.000306667
0.00500333
0.00529667
0
0
0
0
0.00192667
0.000153333
0
0.000446667
0.000446667
0
0
0
0
0
0
0
0
0.00031
0.00031
0
0
0.000486667
0.000706667
0.00022
0.00022
0.00031
0
0
0
0.00817
0.01069
0.00322667
0.00300667
0
0
0
0
0.01793
0.0194467
0.0119867
0.00943
0.000603333
0
0
0
0
0.03227
0.0330733
0.0176933
0.0105067
0.000603333
0
0
0
0
0.000816667
0.0350167
0.0205867
0.0114567
0.00319333
0
0
0
0.000113333
0.00093
0.00270667
0.0137233
0.0028
0.0014
0.00111333
0
0
0.000113333
0.000226667
0.00200333
0.00301667
0.0014
0.000256667
0.00137
0.00907333
0
0
0.000113333
0.000113333
0.00124
0.000513333
0.00229
0.00973667
0.0171833
0.02492
0
0
0
0
0.00229
0.00265333
0.0101
0.0127067
0.0216
0.0218633
0
0
0
0
0.000876667
0.00062
0.00500333
0.005
0.0129667
0.00950333
0
0
0
0
0.000603333
0.000603333
0.000616667
0.000616667
0.00153667
0.00092
0
0.00019
0.00019
0.00198
0.000983333
0.00038
0.00038
0
0
0.00019
0.00038
0.00217
0.00402667
0.000546667
0.000166667
0
0
0.00038
0.000826667
0.00268333
0.00572667
0.000333333
0.000166667
0
0
0.00275333
0.00278333
0.0039
0.00367333
0.000166667
0
0
0
0.00777333
0.00663
0.00141333
0.00277333
0
0
0
0
0.00821
0.00303
0.00281
0.00367333
0
0
0
0
0.00887667
0.00231333
0.000513333
0.00209333
0.00678667
0
0
0
0
0.00776
0.00094
0.000256667
0.000583333
0.00553333
0.0122433
0
0
0
0
0.000683333
0.000583333
0.00116667
0.00192
0.00804667
0.0131967
0
0
0
0.0001
0.000583333
0.000583333
0.00133667
0.00092
0.00665333
0.00671333
0
0
0.0001
0.000243333
0
0
0.000166667
0.000166667
0.00098
0.000163333
0.000163333
0.000143333
0.000526667
0.00390667
0
0
0
0
0.000326667
0.000403333
0.000623333
0.000863333
0.00400333
0.0133567
0
0
0
0
0.000403333
0.00024
0.00048
0.00133
0.0110667
0.01708
0
0
0
0
0.00089
0.00089
0.00109
0.00109
0.00734333
0.00738667
0
0
0
0
0.00149333
0.000603333
0
0
0.00113333
0.00113333
0
0
0
0.00019
0.000703333
0.0001
0.0001
0
0
0
0.00019
0.00038
0.00217667
0.0001
0
0
0
0.00019
0.00019
0.00198667
0.00179667
0
0
0
0
0.00031
0.00031
0
0
0
0
0
0
0.00086
0.00055
0
0
0
0
0
0
0.00055
0
0
0
0
0
0
0
0
0
0
0
0.000133333
0
0
0
0
0
0
0
0
0.000133333
0.00202667
0.000443333
0.000443333
0
0
0
0
0
0.000113333
0.00200667
0.00472667
0.00216667
0.00172333
0
0
0
0.000113333
0.000226667
0.00034
0.00294667
0.00396
0.0019
0.000176667
0
0.000126667
0.000113333
0.000113333
0.000226667
0.000113333
0.00124
0.000176667
0
0.000126667
0.000126667
0.00195333
0
0
0
0
0
0
0
0
0.00182667
0.00455333
0
0
0
0
0
0
0
0.000123333
0.00285
0.00419333
0
0
0
0
0
0
0.000123333
0.000123333
0.00146667
0.00155667
0
0
0
0
0
0
0
0.000213333
0.000213333
0.00018
0.00018
0
0
0
0
0
0
0.00018
0
0
0
0
0
0
0.0004
0.00809
0.0102533
0.00216333
0.00458
0
0.00115
0.00155
0.00704667
0.0224833
0.0201233
0.01031
0.0110267
0.00419667
0.01818
0.02063
0.0355133
0.03274
0.0347133
0.0228133
0.0217133
0.0384067
0.07947
0.0741267
0.104537
0.06985
0.0546567
0.0604733
0.03943
0.0314067
0.0982633
0.109617
0.121233
0.0985233
0.0811567
0.0757167
0.0702267
0.0655533
0.0477767
0.0364967
0.0597
0.07639
0.06458
0.0698933
0.0460767
0.05459
0.05881
0.07197
0.0449933
0.0530667
0.0384267
0.0351067
0.01671
0.0280967
0.04882
0.0399333
0.04799
0.0285567
0.0242467
0.00671667
0.0312233
0.00929667
0.0375733
0.0250267
0.0283933
0.0147033
0.0535067
0.0186767
0.01024
0.00485667
0.00924333
0.000253333
0
0
0.000156667
0
0
0.000946667
0.00189333
0.01676
0.00199667
0.000623333
0
0
0
0
0
0.00230333
0.00014
0.00014
0.00028
0.00014
0.0582767
0.0378167
0.0183667
0.00880333
0
0
0
0.00066
0.000156667
0.0295033
0.0987467
0.162643
0.243533
0.134283
0.0681967
0.0128233
0.00034
0.00264333
0.00533667
0.00044
0.00044
0
0.0276167
0.00455333
0.00472
0.00033
0
0
0
0
0
0
0.0008
0.000503333
0.250843
0.171227
0.23954
0.149723
0.00034
0.00068
0
0
0
0.00489667
0.00489667
0.00538
0.00256333
0.00033
0.00124
0
0
0
0
0
0
0
0
0.000296667
0.000296667
0.000593333
0.000296667
0
0.00034
0
0
0
0
0
0
0
0
0
0.0290167
0.00402667
0.00144667
0.00987667
0
0
0
0
0
0
0
0
0
0
0
0
0
0
0
0
0
0
0
0
0
0
0
0
0
0
0
0
0
0
0
0
0
0
0
0.00314
0.00314
0.00314
0
0
0
0
0
0
0
0
0
0.05119
0.02738
0.00911
0.01192
0.00349
0.00366333
0.000316667
0.000316667
0
0
0.000523333
0.000523333
0.00104
0.00709667
0.00738
0.0199433
0.0138867
0.0240867
0.00048
0.0114867
0.00048
0
0
0
0
0
0
0.00104667
0.00304
0.01097
0.01548
0.02341
0.0166267
0.00311333
0.00686667
0.00394333
0.00567333
0.02259
0.0200167
0.0432767
0
0
0
0
0
0
0
0
0
0
0
0
0
0
0
0
0
0.00311333
0
0
0
0
0
0.000436667
0.0009
0.0018
0
0
0
0
0
0
0
0
0
0
0
0
0
0
0.000893333
0.00535333
0.01559
0.0579967
0.07011
0.07387
0.00285667
0.00297667
0.00012
0.00012
0
0
0
0
0
0
0
0
0
0
0
0
0
0
0
0
0
0
0
0.0023
0.0107567
0.01471
0.0288767
0.0221533
0.0221733
0.0072
0.00549
0.000616667
0.000486667
0
0
0
0
0
0
0
0
0
0
0
0
0
0
0
0
0
0
0
0
0
0
0
0
0
0
0.135297
0.25113
0.301487
0.361763
0.292607
0.302313
0.21778
0.218943
0.122197
0.131947
0
0
0
0
0
0
0
0
0
0
0
0
0
0.00013
0.00013
0.000616667
0.000486667
0.000486667
0
0
0
0
0
0
0
0
0
0
0
0
0
0
0
0
0
0
0
0.00201667
0.00201667
0.01883
0.0198967
0.00269667
0.00471333
0.00255333
0.000536667
0
0.0154467
0.02174
0.02763
0.0183733
0.0230967
0.00315667
0.00248333
0.00206
0.00688333
0.0127633
0.0228733
0.0125167
0.0306833
0.0136333
0.00969
0.00281667
0.0125833
0.0162533
0.0145633
0.01297
0.0305567
0.02746
0.0219967
0.0102233
0.0251533
0.0194333
0.0162733
0.00335
0.0397333
0.0314167
0.0235267
0.01749
0.01471
0.00564667
0.0374767
0.0241
0.0291467
0.0150833
0.00454667
0.01203
0.00267
0.00047
0.0224033
0.03378
0.00629
0.00137333
0.00103333
0.00206667
0.00478333
0.00484333
0.02196
0.0170267
0.000273333
0.000273333
0
0
0
0
0.00536333
0.0138567
0.00951333
0.00558667
0.01642
0
0
0
0
0
0
0.0127033
0.00413667
0.00551333
0.00548
0
0
0
0
0
0.00363667
0.000476667
0.000943333
0.000593333
0.000186667
0.000186667
0
0
0.000126667
0
0
0
0.00330667
0.00312
0
0
0
0.000126667
0.000126667
0.000796667
0.00990333
0.00689333
0.00011
0.00011
0.00148333
0.00332
0.00263333
0.00749333
0.00946333
0.00293667
0.000366667
0.000256667
0.0111633
0.02051
0.0175267
0.00297333
0.000403333
0.0270233
0.02555
0.0103433
0.0413933
0.0410333
0.0479533
0.0394767
0.0283533
0.0138933
0
0
0
0
0
0.00272
0.00284667
0.01625
0.00345
0.01752
0.00511
0.00711
0.00569333
0.00216
0.000796667
0.0054
0
0
0
0.00310667
0.000946667
0.0179733
0.0191867
0
0.000623333
0
0
0
0
0
0
0
0.00325
0.00472333
0.00456667
0.000306667
0
0
0
0
0
0.16693
0.0872167
0.25935
0.283467
0.256347
0.18597
0.10249
0.0364633
0.0128833
0.00205667
0
0
0
0
0
0.00199
0.00212
0.000153333
0.000153333
0
0
0
0
0
0
0
0
0
0
0
0
0
0
0
0
0
0
0
0
0
0
0
0
0
0
0
0
0
0
0
0
0
0
0
0
0.00049
0.00098
0.00049
0.00049
0
0
0.00121
0
0
0.000536667
0
0
0
0
0
0
0
0
0
0
0
0
0
0
0
0
0
0
0
0
0
0
0
0
0
0
0
0
0
0
0
0.00783667
0.00469667
0.00469667
0
0
0
0
0
0
0
0.00049
0.00239
0.00118
0.000536667
0.00068
0.000143333
0.000143333
0
0
0
0
0
0.0005
0.0005
0.00174
0.00176333
0.00801
0.0128267
0.0253833
0.0322167
0.0599667
0.0578933
0.06655
0.0332233
0.0233667
0.00163
0.00278
0.00115
0
0
0
0
0
0.00151
0.00255667
0.0104867
0.0169067
0.0447967
0.0503533
0.07863
0.0375667
0.0706333
0.0287767
0
0
0
0
0.00019
0.00019
0.00192
0.00173
0.00291
0
0
0
0
0
0
0
0
0
0
0
0
0
0
0
0
0
0
0
0
0
0.000463333
0
0
0
0
0
0
0
0
0
0
0
0
0
0
0
0.000893333
0.0214033
0.0111667
0.0629033
0.0144333
0.00661667
0
0
0
0
0
0
0
0
0
0
0
0
0
0
0
0
0
0
0
0
0
0
0
0
0
0.000936667
0.00187333
0.00201333
0.00639333
0.00558667
0.00718
0.00232667
0.00232667
0.00039
0.00039
0.00149333
0.00123333
0.00233667
0.00110333
0.00159
0.000486667
0.000486667
0
0
0
0
0
0
0
0
0
0
0
0
0
0
0
0
0
0
0
0.13439
0.177593
0.228857
0.17412
0.177593
0.0917533
0.122233
0.0719367
0
0
0
0
0
0
0
0
0
0
0.00013
0.00013
0.00233
0.00233
0.00721
0.00549667
0.00634
0.00146
0.000973333
0
0
0
0
0
0
0
0
0
0
0
0
0
0
0
0
0
0
0
0.00313333
0.00313333
0
0
0
0
0
0
0
0.00604333
0.00917667
0.0102433
0.00750667
0
0
0
0
0.00336
0.00940333
0.00790333
0.000793333
0.00046
0
0.000113333
0
0.00352333
0.000163333
0.000906667
0.000396667
0.00335
0.00311
0.00087
0.000113333
0.00719333
0.00703
0.00148
0.00063
0.0102967
0.0123667
0.00295667
0.00323667
0.01037
0.00334
0.000793333
0.00136667
0.0212133
0.01508
0.00543667
0.00343333
0.00334
0.000276667
0.00203333
0.00215333
0.0118067
0.0108567
0.0109033
0.00256333
0.00282333
0.00399
0.00148333
0.00131333
0.00296333
0.00508333
0.0138067
0.00183667
0.00177
0.00103333
0.00173667
0.00402667
0.00737333
0.01629
0.0311367
0.0309
0.03232
0.01739
0.0100867
0.00195667
0
0
0
0
0
0
0
0.000253333
0.000886667
0.00136333
0.00572333
0.00560667
0.00816667
0.00118667
0.00810667
0.000363333
0.00116
0
0
0.00216
0.0101533
0.0123133
0
0
0
0
0
0
0
0.000126667
0.00382
0.00381
0.00046
0.0006
0
0
0
0
0
0
0.129043
0.104733
0.215357
0.160343
0.158077
0.0780533
0.03992
0.0181
0.00381667
0.00238333
0
0
0
0
0.00013
0.000656667
0.000446667
0.000293333
0
0
0
0
0
0
0
0
0
0
0
0
0.000103333
0.000103333
0
0
0
0
0
0
0
0
0
0
0
0
0
0
0
0
0
0
0
0
0
0
0
0
0
0
0.00147
0.00111
0.00062
0.000233333
0.000103333
0.000206667
0
0
0
0
0
0
0
0
0
0
0
0
0.000903333
0
0
0
0
0
0
0
0
0
0
0
0
0
0
0
0
0
0
0
0
0.00615333
0.00145667
0
0
0
0.00048
0.00048
0.00097
0.00098
0.00147
0
0
0
0
0
0
0
0
0
0
0
0.00703667
0.00140333
0.00737333
0.01312
0.0137333
0.0357733
0.0426067
0.0701667
0.0806933
0.0935733
0.0815033
0.0589567
0.0341467
0.01356
0.00345
0.0023
0.00115
0
0
0
0
0.000756667
0.00226667
0.00876
0.0159333
0.0394233
0.0618667
0.0901433
0.10135
0.0933533
0.0780867
0.0524833
0.03624
0.0167567
0
0
0
0
0
0
0
0
0
0
0
0
0
0
0
0
0
0
0
0
0
0
0
0
0
0
0
0
0
0
0
0
0
0
0
0
0
0
0
0
0
0
0
0
0.00031
0.00031
0.00420333
0.0141667
0.0720967
0.0335967
0.0935633
0.0760267
0.0253967
0.0521033
0.00813333
0.000633333
0.000316667
0
0
0
0
0
0
0
0
0
0
0
0
0
0
0
0.000536667
0.000666667
0.000943333
0.000406667
0.000406667
0
0
0
0
0
0.000473333
0.000606667
0.00121
0.00122333
0.00122
0.000876667
0.00039
0.00479
0.00479
0.01517
0.0118733
0.0157633
0.00648667
0.0101333
0.00647
0.00634
0.00146
0.000973333
0
0
0
0
0
0
0
0
0
0
0
0
0
0
0
0
0
0.127573
0.112203
0
0
0
0
0
0
0
0
0
0
0.000486667
0.000616667
0.00708
0.00879333
0.02378
0.0221967
0.02901
0.0148667
0.01096
0.00194667
0.00146
0.000486667
0.000486667
0
0
0
0
0
0
0
0
0
0
0
0.00013
0.00013
0
0
0
0
0
0
0
0
0
0
0
0
0
0
0
0
0
0
0.000396667
0.000396667
0
0
0
0
0
0
0.000396667
0.000396667
0
0
0
0
0
0
0
0
0.00022
0.00044
0
0
0
0
0.00012
0.00012
0.0054
0.000756667
0.00571667
0.000476667
0.00101333
0.000476667
0
0
0
0
0.000276667
0.000276667
0.000396667
0.00655
0.00206667
0.00200667
0.000276667
0.000553333
0.0317967
0.0420233
0.0261967
0.01944
0.00250333
0.00268333
0
0
0
0
0
0
0
0
0.00144667
0.00756333
0.0113633
0.0263333
0.0232533
0.0235833
0.01182
0.02829
0.000976667
0.00134
0
0
0.01023
0.00799333
0
0
0
0
0
0
0
0.000126667
0.000813333
0.00741333
0.00850667
0.00504
0.00572
0
0
0
0
0
0
0.0432033
0.0367
0.0805333
0.0872567
0.0870433
0.0779667
0.0328733
0.0471567
0.00238333
0
0
0
0
0
0.00063
0.0027
0.00112667
0.000833333
0
0
0
0
0
0
0
0
0
0
0
0
0
0
0.000443333
0.00034
0
0
0
0
0.000103333
0
0
0
0
0
0
0
0
0
0
0
0
0
0
0
0
0
0
0
0
0
0.0157633
0.0300567
0.0150167
0.01499
0.00031
0.000546667
0
0
0
0
0
0
0
0
0
0
0.000553333
0.00145667
0.00945
0
0
0
0
0
0
0
0
0
0
0
0
0
0
0
0
0
0
0
0.00964
0.00818333
0
0.000593333
0.00107333
0.00663333
0.00653
0.0168033
0.0117333
0.0263867
0
0
0
0
0
0
0
0
0
0
0.0304467
0.01453
0.0287
0.0340167
0.0404767
0.0443733
0.06723
0.06991
0.0857267
0.06318
0.04848
0.0266833
0.0165733
0.00553
0.00136667
0.000216667
0
0
0
0
0.000756667
0.00103
0.00752333
0.0101267
0.0348533
0.0390967
0.0719433
0.0605033
0.0707067
0.0451033
0.0421467
0.0279267
0.01878
0.01636
0
0
0
0
0
0
0
0
0
0
0
0
0
0
0
0
0
0
0
0.00027
0.00027
0.00085
0
0
0
0
0
0
0
0
0
0
0
0
0
0
0
0
0
0
0
0
0
0
0
0
0
0
0.00089
0.00387667
0.00719
0.0192767
0.03572
0.0754033
0.05606
0.0732367
0.0895767
0.0725067
0.0247433
0.00794333
0.00109667
0.00078
0.000316667
0
0
0
0
0
0
0
0
0
0
0.00721333
0.00901667
0.0120267
0.00588667
0.00535
0.000406667
0
0
0
0.00014
0.00014
0.00236333
0.00235667
0.00724
0.00550333
0.00784
0.00321667
0.0183433
0.0204033
0.0560067
0.0507733
0.0721967
0.0404833
0.04717
0.0260967
0.03096
0.0148667
0.01096
0.00194667
0.000973333
0
0
0
0
0
0
0
0
0
0
0
0
0
0
0
0
0
0
0
0
0
0
0
0
0
0
0.000486667
0.00585333
0.0123167
0.02963
0.03938
0.0481633
0.0393767
0.03028
0.0160067
0.0101933
0.00466
0.00739333
0.00419333
0.00370667
0
0
0
0
0
0
0
0.000106667
0.000106667
0.00244667
0.00247
0
0
0
0
0
0
0
0
0
0
0
0
0
0
0
0
0
0
0
0
0
0
0
0
0
0
0
0
0
0
0
0
0
0
0
0
0
0
0
0
0
0
0
0
0
0.00022
0
0
0
0
0
0
0
0
0
0
0
0.05217
0.0426567
0.0257533
0.00955667
0.00342333
0.00220333
0
0
0
0.00017
0.00018
0.00018
0
0
0.0127733
0.0199367
0.0296967
0.04243
0.0393967
0.0324167
0.0294567
0.04311
0.000123333
0.0011
0
0
0
0.00958333
0.00240667
0.00018
0.00018
0.00036
0
0
0
0.000686667
0.00137333
0.00721667
0.00950333
0.0160567
0.0136667
0.0101267
0
0
0
0
0
0.0522467
0.02391
0.0782633
0.03878
0.00847
0
0
0
0
0
0
0.00479
0.00227667
0.00188667
0.00105333
0
0
0
0
0
0
0
0
0
0.140503
0.14273
0.188977
0.117827
0
0
0
0
0.00108333
0.00034
0
0
0
0.000103333
0.000206667
0
0
0
0
0
0
0
0
0
0
0
0
0
0
0
0
0
0
0
0
0
0
0
0.0494033
0.0431467
0.00973333
0.0237733
0.00118667
0
0
0
0
0
0
0
0.000153333
0.000706667
0.00492
0.01276
0.0274167
0.00019
0
0
0
0
0
0
0
0
0
0
0
0
0
0
0
0
0
0
0.04036
0.0428667
0.0112833
0.0176367
0.0125067
0.02967
0.03407
0.04935
0.0467367
0.05546
0
0
0
0
0
0
0
0
0
0
0
0
0.06195
0.0400233
0.05769
0.0632867
0.04351
0.0511933
0.0547367
0.05831
0.0509367
0.0423167
0.0327633
0.0276633
0.01054
0.00767333
0.00148667
0.00151333
0.00019
0
0
0.000273333
0.00363333
0.00336
0.0140967
0.0214733
0.0350333
0.0378567
0.0377233
0.0434533
0.0366133
0.0641967
0.05309
0.0785467
0
0
0
0
0
0
0
0
0
0
0
0
0
0
0
0
0
0
0
0
0.00027
0.0067
0.00612
0.03639
0.00941667
0.156673
0.0429367
0.221603
0.153353
0.18091
0.15296
0.108497
0.00884667
0.00015
0.000613333
0
0
0
0
0
0
0
0
0
0.00428
0
0
0
0
0
0
0
0
0
0
0
0
0
0
0
0
0
0
0
0.0634767
0.01586
0
0
0
0
0
0
0
0
0.0236267
0.0210767
0.0379267
0.02813
0.0258633
0.00922333
0
0.000493333
0.000633333
0.00553333
0.00726333
0.0226533
0.0226367
0.0344533
0.0213933
0.04041
0.0419833
0.0930433
0.105007
0.139507
0.11193
0.106063
0.0730167
0.0631533
0.04217
0.0315667
0.01645
0.00792333
0.00146
0.000486667
0
0
0
0
0
0
0
0
0
0
0
0
0
0
0
0
0
0
0
0
0
0
0.00013
0.00013
0.00233
0.00756667
0.0151333
0.0307333
0.0357867
0.0434667
0.04686
0.04246
0.0705533
0.05256
0.0868667
0.0472333
0.05727
0.0169433
0.0147967
0.00156
0.00272333
0.00116333
0.00194
0.000776667
0.00105
0.00038
0.00437667
0.00644333
0
0
0
0
0
0
0
0
0
0
0
0
0
0
0
0
0
0
0
0
0
0
0
0
0
0
0
0
0
0
0
0
0
0
0
0
0
0
0
0
0
0
0
0
0
0
0
0
0
0
0
0
0
0
0
0.03155
0.01515
0.01006
0.00367667
0.00195333
0.00166
0
0
0.00017
0.00018
0
0
0
0.00699667
0.0139267
0.01098
0.0297233
0.02666
0.0323867
0.03103
0.0289833
0.00081
0.000933333
0
0
0
0
0.00034
0.00751667
0.00734667
0.00107667
0.000896667
0
0
0.00160667
0.000686667
0.00745
0.01446
0.01229
0.0100733
0.0135633
0
0
0
0
0
0.0425133
0.01194
0.01746
0.00988667
0
0
0
0
0
0
0.00272
0.00366667
0.00183333
0.00078
0
0
0
0
0
0
0
0.05167
0.123643
0.116983
0.0469267
0
0
0
0.000743333
0
0
0
0
0
0.000103333
0
0
0
0
0
0
0
0
0
0
0
0
0
0
0
0
0
0.256723
0.16744
0.24972
0.2614
0.17375
0
0
0
0
0
0
0
0
0.0459167
0.0339633
0.01523
0.0103733
0.00148667
0
0
0
0
0
0.000613333
0
0.000766667
0.00224667
0.00584667
0.01502
0.02875
0.0484933
0.0910233
0.00038
0.00019
0
0
0
0
0
0
0
0
0
0.331723
0.299807
0.27696
0.194017
0
0
0
0
0
0
0
0
0
0.00032
0.0659533
0.04013
0.0233967
0.01906
0.0304633
0.04495
0.06252
0.0594367
0.0611567
0
0
0
0
0
0
0
0
0
0
0
0
0
0.0969867
0.151997
0.122557
0.11127
0.129263
0.07276
0.0714667
0.0483967
0.0519633
0.0407833
0.02811
0.00615333
0.0121233
0.00167667
0.25779
0.34283
0.303657
0.181143
0.239117
0.0777367
0.00032
0.00032
0
0.0001
0.0108367
0.0159267
0.0293867
0.0432767
0.0574767
0.0821033
0.0956633
0.16816
0.16215
0.14705
0
0
0
0
0
0
0
0
0
0
0
0
0
0
0
0
0
0
0
0
0
0
0.00585
0.0270967
0.05465
0.165523
0.0632967
0.0112633
0.00314
0.00026
0.00015
0
0
0
0
0
0
0
0
0
0.00820667
0.0121333
0.00392667
0
0
0
0
0
0
0
0
0
0
0
0
0
0
0
0
0
0
0
0
0
0
0
0
0
0
0.0365067
0.0227667
0.0475433
0.0464133
0.0356
0.0248467
0.000493333
0.000986667
0.00223
0.00663667
0.02031
0.0345967
0.0660533
0.0659267
0.0895533
0.0770967
0.111217
0.12559
0.15559
0.157543
0.13828
0.114377
0.0862267
0.06805
0.04172
0.02622
0.01026
0.00708
0.000616667
0.000486667
0
0
0
0
0
0
0
0
0
0
0
0
0
0
0
0
0
0
0
0.000616667
0.000746667
0.00721
0.00879333
0.0245267
0.02563
0.04557
0.0401267
0.0882633
0.0873167
0.180507
0.168143
0.275237
0.211953
0.232147
0.117097
0.0949433
0.03297
0.0301533
0.0131433
0.0128633
0.00322
0.00273
0.00172333
0.00194667
0.00527
0.00107333
0.000613333
0
0.00046
0
0.00199667
0.00159333
0.00318667
0.00323667
0
0.000613333
0
0
0.000403333
0.000403333
0.00164333
0.00164333
0
0
0
0
0
0
0
0
0
0
0
0
0
0
0
0
0
0
0
0
0
0
0
0
0
0
0
0
0
0
0
0
0
0
0
0
0
0
0.0100433
0.00457667
0.00869667
0.00750333
0.0111967
0.00935
0
0
0
0
0
0
0.00115333
0.000436667
0.00333333
0.00788667
0.01247
0.00996667
0.01173
0.00919
0.00493
0.00412
0
0
0
0.00017
0.00017
0.00017
0.000716667
0
0
0
0.00092
0.00092
0.00144333
0.00623
0.00558667
0.0058
0
0
0
0
0
0
0
0.00476333
0.0106333
0.00164333
0
0
0
0
0
0
0.00105
0.00105
0.00104333
0.000263333
0
0
0
0
0
0
0
0
0.0219967
0.00566333
0.0513233
0.0226033
0
0
0
0
0
0
0
0
0
0
0
0
0
0
0
0
0
0
0.000613333
0
0
0
0
0
0
0
0
0.107037
0.0335667
0.102397
0.0500267
0
0
0
0
0
0
0
0
0.0278667
0.00749667
0.00681333
0.00121333
0.000743333
0
0
0
0
0
0
0
0
0.00122667
0.00899667
0.00986333
0.0185767
0.04485
0.0610367
0.103567
0.12767
0.18765
0.00213667
0.00235667
0.00041
0.00041
0
0
0
0
0
0
0
0.224973
0.121487
0.0954233
0.03071
0
0
0
0
0
0
0
0.00032
0.00064
0.00597333
0.170337
0.0525267
0.0573533
0.04062
0.0520067
0.0449333
0.0494667
0.0525667
0.0331533
0
0
0
0
0
0
0
0
0
0
0
0.228727
0.206013
0.1852
0.152167
0.0949367
0.07181
0.0519067
0.05345
0.0408333
0.02895
0.0102567
0.00753667
0.05203
0.17185
0.0258967
0.00322333
0.00565333
0.01226
0.00702667
0.0121167
0.0353133
0.0530133
0.10947
0.12436
0.19752
0.313737
0.22776
0.239037
0
0
0
0
0
0
0
0
0
0
0
0
0
0
0
0
0
0
0
0
0
0
0
0
0
0.0212467
0.00299
0.00011
0.00011
0
0
0
0
0
0
0
0
0
0
0.00785333
0.00650333
0.00392667
0.00392667
0
0
0
0
0
0
0
0
0
0
0
0
0
0
0
0
0
0
0
0
0
0
0
0.00429
0.0210567
0.02256
0.02788
0.04041
0.0252167
0.0215367
0
0.000493333
0.00146667
0.00271
0.01406
0.0272533
0.0831967
0.10771
0.168403
0.150373
0.16985
0.14315
0.16263
0.160697
0.170337
0.145967
0.116717
0.08088
0.0583567
0.0373733
0.0164
0.00478667
0.00112
0.00013
0
0
0
0
0
0
0
0
0
0
0
0
0
0
0
0
0
0.000486667
0.00110333
0.00220667
0.00818333
0.0193967
0.0341567
0.0646633
0.0749733
0.11123
0.129963
0.209203
0.260693
0.3316
0.358507
0.333137
0.27006
0.17175
0.111683
0.06818
0.0486233
0.0405033
0.0217533
0.0123367
0.00295667
0.00267667
0.0232933
0.00165
0.00119
0
0.0182033
0.0229833
0.00837
0.0260433
0.0227167
0
0
0.000806667
0.0024
0.00699
0.00842
0.00406667
0.0044
0
0
0
0.000403333
0.00164333
0.00180667
0.00028
0.00028
0
0
0
0
0
0
0
0
0
0
0
0
0
0
0
0
0
0
0
0
0
0
0
0
0
0
0
0
0
0
0
0.0186967
0.03382
0.0275133
0.0391767
0.02617
0.02289
0
0
0
0
0
0
0.000203333
0.000203333
0.00499
0.00518
0.00557333
0.000786667
0.00368333
0.0134167
0.00195
0.00526
0
0
0
0
0
0
0
0
0
0
0
0
0.000393333
0.00194333
0.00163667
0.00081
0.00081
0
0
0
0
0
0
0.000926667
0
0
0
0
0
0
0
0
0
0.00095
0.000686667
0
0
0
0
0
0
0
0
0
0
0.0009
0.014
0.00131333
0
0
0
0
0
0
0
0
0
0
0
0
0
0
0
0
0.000216667
0.00083
0.00570667
0
0
0
0
0
0
0
0
0.0172333
0.0009
0.0207667
0.00808
0
0
0
0
0
0
0
0
0.00428
0.00332333
0.00189667
0.00047
0
0
0
0
0
0
0
0
0
0
0
0.0301333
0.01326
0.05301
0.06965
0.10402
0.13372
0.193247
0.171313
0.220407
0.0231867
0.00948333
0.00794667
0.00082
0.00041
0
0
0
0
0
0
0.0471167
0.0163333
0.00803667
0.000343333
0
0
0
0
0
0
0.00032
0.00197
0.00730333
0.0123167
0.0279933
0.355477
0.2544
0.15815
0.0789133
0.0735667
0.0633933
0.05322
0.0300533
0.0463667
0.01374
0
0
0
0
0
0
0
0
0
0
0
0.265053
0.19327
0.26263
0.137583
0.0733533
0.0532
0.05505
0.0383967
0.04843
0.02146
0.0307833
0
0.000343333
0
0.0295867
0.0623267
0.0563567
0.153187
0.18263
0.319737
0.25712
0.346113
0
0
0
0
0
0
0
0
0
0
0
0
0
0
0
0
0
0
0
0
0
0
0
0
0
0
0
0
0
0
0
0
0
0
0
0
0.00312
0.00257667
0
0
0
0
0
0
0
0
0
0
0
0
0
0
0
0
0
0
0
0
0
0
0
0
0
0
0.00346
0.00611333
0.00261667
0.00495
0.00320667
0.0106533
0.0107267
0
0
0.000973333
0.00354
0.0153833
0.0694067
0.124027
0.205093
0.224957
0.236287
0.19921
0.172887
0.163007
0.16463
0.173893
0.15425
0.121443
0.0740733
0.0468233
0.0234467
0.0140067
0.00226333
0.00099
0
0
0
0
0
0
0
0
0
0
0
0
0
0
0
0
0.000486667
0.00159
0.00269333
0.01515
0.0258767
0.05968
0.0837067
0.12903
0.146243
0.167163
0.21139
0.221097
0.289817
0.23377
0.250183
0.146617
0.13126
0.06853
0.0655167
0.05451
0.0490533
0.0339633
0.0159967
0.0331433
0.0480633
0.07218
0.0294
0.0542067
0.00242333
0.00899
0
0.00123333
0
0.00113333
0.01734
0.03704
0.0256567
0.0373467
0.04997
0
0
0
0.000403333
0.01017
0.00626667
0.0130867
0.0103167
0
0
0
0
0.000163333
0.00144333
0.00129667
0.00175
0
0
0
0
0
0
0.000733333
0.000733333
0
0
0
0
0
0
0
0
0
0
0
0
0
0
0
0
0.0459233
0.0548333
0.0543933
0.04973
0.0312333
0.0144133
0
0
0
0
0
0
0
0
0
0.000393333
0.000393333
0.000393333
0
0.0121
0.0294833
0.00162
0.00276
0.00081
0
0
0
0
0
0
0
0
0
0
0
0
0
0
0.00206
0.00137333
0.00081
0
0
0
0
0
0
0
0
0
0
0
0
0
0
0
0
0
0.000686667
0
0
0
0
0
0
0
0
0
0
0
0.000386667
0.000386667
0
0
0
0
0
0
0
0
0
0
0
0
0
0
0
0.000216667
0.000433333
0.00531
0.00551667
0.00550667
0
0
0
0
0
0
0
0
0
0
0.000386667
0
0
0
0
0
0
0
0
0.00285333
0.00142667
0.00142667
0
0
0
0
0
0
0
0
0
0
0
0
0.02257
0.03552
0.0597233
0.09969
0.105203
0.1173
0.1062
0.182823
0.20739
0.24255
0.19747
0.162917
0.04326
0.0374367
0.02602
0.0252567
0.0117067
0.0081
0.000973333
0.00041
0
0
0
0
0
0
0
0
0
0
0
0
0
0
0
0.000736667
0.00238667
0.00848
0.0130767
0.0190333
0.0302667
0.0410333
0.06553
0.05939
0.137793
0.279027
0.291673
0.241453
0.209007
0.145613
0.08941
0.0768967
0.05088
0.0349933
0.02102
0.00328
0
0
0
0
0
0
0
0
0
0
0
0
0
0.120333
0.0542533
0
0
0
0
0.224393
0.316453
0
0
0
0
0
0
0
0
0
0
0
0
0
0
0
0
0
0
0
0
0
0
0
0
0
0
0
0
0
0
0
0
0
0.000543333
0.000543333
0
0
0
0
0
0
0
0
0
0
0
0
0
0
0
0
0
0
0
0
0
0
0
0
0
0
0
0
0.00897333
0.00528333
0.000343333
0.00017
0.00033
0.00016
0.000703333
0
0
0.00208
0.00464667
0.0284167
0.0813333
0.11949
0.18863
0.19583
0.223623
0.15709
0.14343
0.09425
0.12533
0.0894467
0.109103
0.0562833
0.05406
0.0153533
0.01199
0.00156
0.00127333
0
0
0
0
0
0
0
0
0
0
0
0
0
0
0
0.000136667
0.00124
0.00462
0.0174267
0.04725
0.0787767
0.103137
0.129363
0.12857
0.149157
0.11082
0.138533
0.09513
0.121647
0.0780533
0.08661
0.0567867
0.0540633
0.03488
0.03834
0.02777
0.00345333
0.00123333
0.0165
0.0182133
0.06554
0.0347833
0.0542133
0.00903333
0.01002
0.00123333
0.00246667
0
0.00102333
0.01723
0.0338633
0.02206
0.0744933
0.0635
0
0
0
0.00073
0.0248767
0.0104433
0.0575167
0.03986
0
0
0
0
0.00738333
0.00732
0.01692
0.00922
0
0
0
0
0.00128
0.00256
0.00307
0.00205333
0
0
0
0
0
0
0.000733333
0
0
0
0
0
0
0
0
0
0
0.04339
0.0377833
0.0445633
0.02654
0.0148867
0.00242333
0
0
0
0
0
0
0
0
0
0
0
0
0.02012
0.0251167
0
0.00081
0
0
0
0
0
0
0
0
0
0
0
0
0
0
0
0
0.000686667
0.00205
0
0
0
0
0
0
0
0
0
0
0
0
0
0
0
0
0
0
0
0
0
0
0
0
0
0
0
0
0
0
0
0
0
0
0
0
0
0
0
0
0
0
0
0
0
0
0
0
0
0.000216667
0.00064
0.00063
0.000836667
0.000413333
0
0
0
0
0
0
0
0
0
0
0
0
0
0
0
0
0
0
0
0
0
0
0
0
0
0
0
0
0
0
0
0
0
0
0.01821
0.0180333
0.0481333
0.0411033
0.0870733
0.11164
0.155333
0.170447
0.177423
0.1844
0.14287
0.0892933
0.0357167
0.02367
0.0197967
0.01247
0.00514333
0.00169
0.00112667
0.000563333
0
0
0
0
0
0
0
0
0
0
0
0
0
0.000736667
0.00103333
0.00712667
0.0139967
0.0213067
0.0313133
0.0398067
0.0433867
0.0384733
0.0402267
0.123543
0.137167
0.179673
0.159113
0.208247
0.22183
0.191643
0.129093
0.07055
0.0381867
0.0286467
0.0132467
0.00185333
0
0
0
0
0
0
0
0
0
0
0
0
0
0
0
0
0
0
0
0
0
0
0
0
0
0
0
0
0
0
0
0
0
0
0
0
0
0
0
0
0
0
0
0
0
0
0
0
0
0
0
0
0
0
0
0
0
0
0
0
0
0
0
0
0
0
0
0
0
0
0
0
0
0
0
0
0
0
0
0
0
0.00403333
0.00459667
0.000173333
0.000173333
0
0
0
0
0
0.000486667
0.00256667
0.00975333
0.0330367
0.0609533
0.09449
0.111147
0.143347
0.125637
0.111587
0.0565333
0.0528567
0.0282467
0.0337567
0.0147067
0.0175767
0.00492333
0.00492333
0.000286667
0.000286667
0
0
0
0
0
0
0
0
0
0
0
0
0.000626667
0.000763333
0.00843333
0.0111867
0.03865
0.0619067
0.0971333
0.106837
0.0963267
0.0918333
0.05958
0.05798
0.0296833
0.03912
0.0254367
0.0378533
0.0276833
0.03806
0.0205633
0.0201067
0
0
0
0
0.0113033
0.0373
0.00222
0
0
0.000293333
0.000293333
0.00200667
0.00200667
0.0486267
0.0237
0
0
0
0.000293333
0.00641
0.00482333
0.04345
0.0205633
0
0
0
0
0.0067
0.00590333
0.0367867
0.01415
0
0
0
0
0.00249667
0.00229667
0.00952333
0.00264
0
0
0
0
0
0.00128
0.00132
0
0
0
0
0
0
0
0
0
0
0
0
0.0206733
0.0166033
0.00414
0.00161333
0
0
0
0
0
0
0
0
0
0
0
0
0.01273
0.0138933
0
0
0
0
0
0
0
0
0
0
0
0
0
0
0
0
0
0.00136333
0.00704667
0
0
0
0
0
0
0
0
0
0
0
0
0
0
0
0
0
0
0
0
0
0
0
0
0
0
0
0
0
0
0
0
0
0
0
0
0
0
0
0
0
0
0
0
0
0
0
0
0
0
0
0
0.000206667
0.000206667
0.000206667
0
0
0
0
0
0
0
0
0
0
0
0
0
0
0
0
0
0
0
0
0
0
0
0
0
0
0
0
0
0
0
0
0
0
0
0
0
0.000383333
0.00423667
0.0150333
0.06914
0.0892733
0.146887
0.121887
0.152423
0.09717
0.07557
0.0150433
0.01672
0.00883
0.00845333
0.000563333
0.00112667
0.000563333
0.000563333
0
0
0
0
0
0
0
0
0
0
0
0.000296667
0.000593333
0.0082
0.00828
0.0240833
0.0218333
0.0326433
0.0171733
0.02967
0.0238667
0.0480467
0.0306833
0.0992433
0.0798833
0.153337
0.08952
0.0954633
0.02339
0.0246567
0.0132633
0
0.0113933
0
0
0
0
0
0
0
0
0
0
0
0
0
0
0
0
0
0
0
0
0
0
0
0
0
0
0
0
0
0
0
0
0
0
0
0
0
0
0
0
0
0
0
0
0
0
0
0
0
0
0
0
0
0
0
0
0
0
0
0
0
0
0
0
0
0
0
0
0
0
0
0
0
0
0
0
0
0
0
0
0
0
0
0
0.000946667
0.000736667
0
0
0
0
0
0
0.000486667
0.000973333
0.00816
0.00865
0.03816
0.0373267
0.0767767
0.05406
0.07072
0.0326933
0.0325567
0.00968667
0.00905333
0.00191
0.00205333
0.000286667
0.000286667
0
0
0
0
0
0
0
0
0
0
0
0
0.000626667
0.00160333
0.00927333
0.03179
0.0584133
0.0757167
0.09118
0.08525
0.0806933
0.0513667
0.0347467
0.0154667
0.0120033
0.00768333
0.01168
0.00607333
0.00966
0.00526333
0
0
0
0
0
0
0
0
0
0
0
0
0.00989667
0.00908333
0
0
0
0
0
0
0.0109667
0.00295333
0
0
0
0
0.00042
0
0.00727333
0.00239667
0
0
0
0
0.0015
0.00042
0.00752333
0.00157667
0
0
0
0
0
0.00108
0.00132
0
0
0
0
0
0
0
0
0
0
0
0
0
0
0.00279
0.000586667
0.000323333
0.00064
0.000316667
0.000316667
0
0
0
0
0
0
0
0
0.00821
0.00279
0
0
0
0
0
0
0
0
0
0
0
0
0
0
0
0
0
0
0
0.00568333
0
0
0
0
0
0
0
0
0
0
0
0
0
0
0
0
0
0
0
0
0
0
0
0
0
0
0
0
0
0
0
0
0
0
0
0
0
0
0
0
0
0
0
0
0
0
0
0
0
0
0
0
0
0
0
0
0
0
0
0
0.000103333
0
0
0
0
0
0
0
0
0
0
0
0
0
0
0
0
0
0
0
0
0
0
0
0
0
0
0
0
0
0
0
0
0
0
0.00474667
0.00395667
0.0355733
0.0332933
0.0619933
0.0325267
0.0371667
0.00825667
0.00773333
0.00152
0.00094
0
0
0
0
0
0
0
0
0
0
0
0
0
0
0.000296667
0.000296667
0.000673333
0.000376667
0.00573333
0.00598667
0.00661667
0.00126
0.00601333
0.00587333
0.00636333
0.00147
0.00643
0.00622667
0.0158633
0.0122833
0.0138667
0.00561
0.00374
0.00187
0
0
0
0
0
0
0
0
0
0
0
0
0
0
0
0
0
0
0
0
0
0
0
0
0
0
0
0
0
0
0
0
0
0
0
0
0
0
0
0
0
0
0
0
0
0
0
0
0
0
0
0
0
0
0
0
0
0
0
0
0
0
0
0
0
0
0
0
0
0
0
0
0
0
0
0
0
0
0
0
0
0
0
0
0
0
0
0
0
0.00021
0.00021
0
0
0
0
0
0
0
0.000486667
0.000486667
0.00146333
0.00209333
0.00844667
0.0081
0.0142633
0.00805667
0.00982667
0.00254667
0.00254333
0.000143333
0.000143333
0
0
0
0
0
0
0
0
0
0
0
0
0.000486667
0.00146333
0.00717333
0.02983
0.0347233
0.0539867
0.0383033
0.0541033
0.0322533
0.0340733
0.0127967
0.01081
0.00153
0.00186667
0.00073
0.00094
0
0
0
0
0
0
0
0
0
0
0
0
0
0
0
0
0
0
0
0
0
0.000813333
0.000813333
0
0
0
0
0
0
0.00188333
0.00107
0
0
0
0
0
0
0.00132667
0.000256667
0
0
0
0
0
0
0.000256667
0
0
0
0
0
0
0
0
0
0
0
0
0
0
0
0
0
0.00458
0.00828
0.00460333
0.00841667
0.00445333
0.00467
0
0.000386667
0.000386667
0.000386667
0
0.00067
0.00466333
0.00091
0.000533333
0.000376667
0
0
0
0
0
0
0
0
0
0
0
0
0
0
0
0
0
0.00019
0.00019
0.000406667
0.00092
0
0
0
0
0
0
0
0
0
0
0
0
0
0
0
0
0
0
0
0.00019
0.000513333
0.000513333
0
0
0
0
0
0
0
0
0
0
0
0
0
0
0
0
0
0
0
0
0
0
0
0
0
0
0
0
0
0
0
0
0
0
0
0.000103333
0.000103333
0.000103333
0
0
0
0
0
0
0
0
0
0
0
0
0
0
0
0
0
0
0
0
0
0
0
0
0
0
0
0
0
0
0
0
0
0
0
0
0
0.000893333
0.00079
0.00236333
0.00303667
0.00146333
0.00204333
0.00058
0.00058
0
0
0
0
0
0
0
0
0
0
0
0
0
0
0
0
0
0.00063
0.00063
0.00063
0
0.00049
0.00049
0.00098
0.000776667
0.00106333
0.000573333
0.00215667
0.00187
0.00374
0.00187
0
0.00187
0
0
0
0
0
0
0
0
0
0
0
0
0
0
0
0
0
0
0
0
0
0
0
0
0
0
0
0
0
0
0
0
0
0
0
0
0
0
0
0
0
0
0
0
0
0
0
0
0
0
0
0
0
0
0
0
0
0
0
0
0
0
0
0
0
0
0
0
0
0
0
0
0
0
0
0
0
0
0
0
0
0
0
0
0
0
0
0
0
0
0
0
0
0
0
0
0
0
0
0
0
0
0.00111667
0.00111667
0.00174667
0.00063
0.000776667
0.000146667
0.000146667
0
0
0
0
0
0
0
0
0
0
0
0.000486667
0.00095
0.00666
0.00663667
0.0120433
0.00718333
0.01418
0.00851
0.0107833
0.00346333
0.00365667
0.000533333
0.000393333
0
0.000113333
0.00182667
0.00194
0.00271667
0.00454333
0.00271667
0
0
0
0
0
0
0
0
0
0
0
0
0
0
0
0
0
0
0
0
0
0
0
0
0
0
0
0
0
0
0
0
0
0
0
0
0
0
0
0
0
0
0
0
0
0
0
0
0
0
0
0
0
0
0
0
0
0
0
0
0.0237267
0.02387
0.0287367
0.0135
0.00974
0.000386667
0.000773333
0.00530667
0.00492
0.0116333
0.00956667
0.02493
0.000753333
0.00128667
0.000376667
0
0
0
0
0
0
0
0
0
0
0
0
0
0
0
0
0
0.00804667
0.00729
0.00608667
0.00675667
0
0
0
0
0
0
0
0
0
0
0
0
0
0
0
0
0
0
0
0.00019
0.000946667
0.00159
0.00107667
0
0
0
0
0
0
0
0
0
0
0
0
0
0
0
0
0
0
0
0
0
0
0
0
0
0
0
0
0
0
0
0
0
0
0
0
0
0
0
0
0
0
0
0
0
0
0
0
0
0
0
0
0
0
0
0
0
0
0
0
0
0
0
0
0
0
0
0
0
0
0
0
0
0
0
0
0
0
0
0
0
0
0
0
0
0
0
0
0
0
0
0
0
0
0
0
0
0
0
0
0
0
0
0
0.000286667
0.000286667
0.000286667
0
0
0
0
0
0
0
0
0
0
0
0
0
0
0
0
0
0
0
0
0
0
0
0
0
0
0
0
0
0
0
0
0
0
0
0
0
0
0
0
0
0
0
0
0
0
0
0
0
0
0
0
0
0
0
0
0
0
0
0
0
0
0
0
0
0
0
0
0
0
0
0
0
0
0
0
0
0
0
0
0
0
0
0
0
0
0
0
0
0
0
0
0
0
0
0
0
0
0
0
0
0
0
0
0
0
0
0
0
0
0
0
0
0
0
0
0
0
0
0
0
0
0
0
0
0.000463333
0.000463333
0.000926667
0.000463333
0.00131333
0.00085
0.00105
0.0002
0.00034
0.00014
0.000343333
0.00414667
0.00255
0.01869
0.01818
0.0204033
0.0352367
0
0
0
0
0
0
0
0.000113333
0.000113333
0.00625667
0.00371
0
0
0
0
0
0
0
0.00017
0
0
0
0
0
0
0
0
0
0
0
0
0
0
0
0
0
0
0
0
0
0
0
0
0
0
0
0
0
0
0
0
0
0
0
0
0
0
0
0
0
0.0419633
0.0333833
0.0163967
0.00910667
0.00202333
0.00105
0.00598333
0.00985333
0.0165667
0.0187333
0.0223367
0.0301233
0.04232
0.000483333
0.000106667
0
0
0
0
0
0
0
0
0
0
0
0.000106667
0
0
0
0.000663333
0.0101133
0.0159933
0.01543
0.0115067
0
0
0
0
0
0
0
0
0
0
0
0
0
0.000213333
0.000106667
0.000106667
0
0
0
0
0.00141
0.00263
0.00232
0.00124333
0
0
0
0
0
0
0
0
0
0
0
0
0
0
0
0
0
0
0
0
0
0
0
0
0
0
0
0
0
0
0
0.000653333
0
0
0
0
0
0
0
0
0
0
0
0
0
0
0
0
0
0
0
0
0
0
0
0
0
0
0
0
0
0
0
0
0
0
0
0
0
0
0
0
0
0
0
0
0
0
0
0
0
0
0
0
0
0
0
0
0
0
0
0
0
0
0
0
0
0
0
0
0
0
0
0
0
0
0
0
0
0
0
0
0
0
0
0
0
0
0
0
0
0
0
0
0
0
0
0
0
0
0
0
0
0
0
0
0
0
0
0
0
0
0
0
0
0
0
0
0
0
0
0
0
0
0
0
0
0
0
0
0
0
0
0
0
0
0
0
0
0
0
0
0
0
0
0
0
0
0
0
0
0
0
0
0
0
0
0
0
0
0
0
0
0
0
0
0
0
0
0
0
0
0
0
0
0
0
0
0
0
0
0
0
0
0
0
0
0
0
0
0
0
0
0
0
0
0
0
0
0
0
0
0
0
0
0.00023
0.00255667
0.00035
0.0276233
0.0135967
0.0497767
0.0434967
0.0521933
0.00112667
0.00348333
0.00461
0
0.00348333
0
0
0.00023
0.0264667
0.0376533
0
0
0
0
0
0
0.0113233
0.00513
0
0
0
0
0
0
0.00159
0.00017
0
0
0
0
0
0
0
0
0
0
0
0
0
0
0
0
0
0
0
0
0
0
0
0
0
0
0
0
0
0
0
0
0
0
0
0.02969
0.0139267
0.01033
0.00337667
0.00188333
0.000343333
0.0022
0.00647
0.02331
0.0295367
0.0417233
0.0323567
0.0321567
0.0281067
0
0.000106667
0
0
0
0
0
0
0
0.000136667
0.000136667
0.000106667
0.00129333
0.00208
0.000663333
0
0.00132667
0.0343667
0.0184667
0.0160367
0.00752667
0
0
0
0
0
0
0
0
0
0
0
0
0.000136667
0.001
0.000893333
0.000106667
0
0
0
0
0
0
0.00307667
0.0115333
0.00192
0.000676667
0
0
0
0
0
0
0
0
0
0
0
0
0
0
0
0
0
0
0
0
0
0
0
0
0
0
0
0
0
0
0
0
0.000653333
0.00185667
0
0
0
0
0
0
0
0
0
0
0
0
0
0
0
0
0
0
0
0
0
0
0
0
0
0
0
0
0
0
0
0
0
0
0
0
0
0
0
0
0
0
0
0
0
0
0
0
0
0
0
0
0
0
0
0
0
0
0
0
0
0
0
0
0
0
0
0
0
0
0
0
0
0
0
0
0
0
0
0
0
0
0
0
0
0
0
0
0
0
0
0
0
0
0
0
0
0
0
0
0
0
0
0
0
0
0
0
0
0
0
0
0
0
0
0
0
0
0
0
0
0
0
0
0
0
0
0
0
0
0
0
0
0
0
0
0
0
0
0
0
0
0
0
0
0
0
0
0
0
0
0
0
0
0
0
0
0
0
0
0
0
0
0
0
0
0
0
0
0
0
0
0
0
0
0
0
0
0
0
0
0
0
0
0
0
0
0
0
0
0
0
0.00012
0.00012
0.0144167
0.00314667
0.0173233
0.0323767
0.0168333
0.0120433
0.0164133
0.00399
0.0114233
0.000506667
0
0
0.0229933
0.03767
0.00812667
0.00898
0
0
0
0
0.02633
0.01112
0.000273333
0.000273333
0
0
0
0
0.00868333
0.00861667
0
0
0
0
0
0
0.00218667
0.00308667
0
0
0
0
0
0
0.000766667
0
0
0
0
0
0
0
0
0
0
0
0
0
0
0
0
0
0
0
0
0
0
0
0.00711
0.00221
0.00061
0.000236667
0
0.000173333
0.00168333
0.00123333
0.01859
0.0326867
0.0495933
0.0371933
0.0113
0.00606667
0.000173333
0.000583333
0.00041
0.000646667
0
0
0.000136667
0.000136667
0.000136667
0
0.0043
0.00535
0.0141433
0.0107667
0.0164133
0.00908667
0.000586667
0.00125
0.00139667
0.0157867
0.0313333
0.00684
0.00123333
0.000236667
0.000236667
0
0
0
0
0
0
0
0
0
0.000456667
0.00462
0.00225333
0.00146667
0
0.000306667
0
0
0
0
0
0
0.0110467
0.0114167
0.000676667
0
0
0
0
0
0
0
0
0
0
0
0
0
0
0
0
0
0
0.00032
0.000606667
0.000306667
0.000306667
0
0
0
0
0
0
0
0
0
0
0
0
0.00120333
0.00193667
0
0.000153333
0
0
0
0
0
0
0
0
0
0
0
0
0
0
0
0
0
0
0
0
0
0
0
0
0.000286667
0.000286667
0
0
0
0
0
0
0
0
0
0
0
0
0
0
0
0
0
0
0
0
0
0
0
0
0.000153333
0.000686667
0.000533333
0.00148667
0.000953333
0.000953333
0
0
0
0
0
0
0
0
0
0
0
0
0
0
0
0
0
0
0
0
0
0
0
0
0
0
0
0
0
0
0
0
0
0
0
0
0
0
0
0
0
0
0
0
0
0
0
0
0
0
0
0
0
0
0
0
0
0
0
0
0
0
0
0
0
0
0
0
0
0
0
0
0
0
0
0
0
0
0
0
0
0
0
0
0
0
0
0
0
0
0
0
0
0
0
0
0
0
0
0
0
0
0
0
0
0
0
0
0
0
0
0
0
0
0
0
0
0
0
0
0
0
0.00302667
0.00302667
0.00605333
0.0269467
0.0302133
0.0122267
0.00814667
0
0
0.00908
0.00633333
0.02356
0.0306333
0.000206667
0.000713333
0
0
0.00671
0.00424333
0.01598
0.00877667
0
0
0
0
0.00611
0.00531667
0.000923333
0.00065
0
0
0
0
0.00360667
0.00406
0
0
0
0
0
0
0.0018
0.00238667
0
0
0
0
0
0
0.0009
0.000133333
0
0
0
0
0
0
0
0
0
0
0
0
0
0
0
0
0
0.000373333
0
0
0
0.000173333
0.000523333
0.00710333
0.00289
0.000573333
0.00304667
0.0178033
0.0198733
0.0223567
0.00093
0.000373333
0.00716333
0.0122167
0.00587333
0.00546333
0.000723333
0.000723333
0.00585667
0.00527
0.00797333
0.00284
0.0294833
0.0435167
0.0338233
0.03114
0.01441
0.00860667
0.00576667
0.00797667
0.00544667
0.00326333
0.01146
0.01075
0.000556667
0
0.000236667
0
0
0
0.000513333
0.000146667
0.000146667
0
0.00280667
0.000103333
0.00477
0.0209767
0.00378667
0.00249667
0.00306333
0.00657333
0.00753333
0
0
0
0.000906667
0
0.000906667
0.00616667
0.00950667
0
0.00025
0
0
0
0
0
0
0
0
0
0
0
0
0
0
0
0.000366667
0
0.000366667
0.000103333
0
0.000893333
0.000676667
0.00402333
0.00371667
0
0
0
0
0
0
0
0
0
0
0
0
0
0
0.00113333
0.00499333
0.00288
0.00278333
0
0
0
0
0
0
0
0
0
0
0
0
0
0
0
0
0.000343333
0
0.00039
0.000103333
0
0
0
0
0
0
0
0
0
0
0
0
0
0
0
0
0.00156667
0.0004
0.01163
0.00953333
0.0206167
0.0127233
0.00639
0.0176267
0.00587
0.00105333
0.000343333
0
0
0
0
0.00077
0.00077
0.00193667
0.00116667
0.00116667
0.000433333
0.000866667
0.000433333
0
0.000433333
0
0.00286667
0.00103333
0.00253667
0.00221333
0.00071
0.00071
0.000153333
0.000153333
0.00062
0.000466667
0
0.000466667
0
0
0
0
0
0
0
0
0
0
0
0
0
0
0
0
0
0
0
0
0
0.000116667
0.000116667
0.000233333
0.000116667
0.00195
0.00183333
0.00183333
0
0
0
0
0
0
0
0
0
0
0
0
0
0
0
0
0
0
0
0
0
0
0
0
0
0
0
0
0
0
0
0
0
0
0
0
0
0
0
0
0
0
0
0
0
0
0
0
0
0
0
0
0
0
0
0
0
0
0.0201167
0.01754
0.0195133
0.0136933
0.00257667
0
0.00257667
0.00302667
0.00302667
0.0244567
0.0130367
0.0262233
0.00568333
0.00164333
0
0
0.00330667
0.00028
0.01105
0.0256
0.000753333
0.000546667
0.00024
0.00024
0.00084
0.00028
0.00888
0.00102667
0
0
0
0.00024
0.00219333
0.00084
0.00065
0
0
0
0
0.000103333
0.00298667
0.00191333
0
0
0
0
0.000103333
0.000103333
0.000413333
0.00176667
0
0
0
0
0
0
0
0.000133333
0
0
0
0
0
0
0
0
0
0
0.000103333
0.000103333
0.000383333
0.00063
0.00431
0.01061
0.0207
0.0373433
0.02658
0.0113567
0.01799
0.0119967
0.0196933
0.0128133
0.0253967
0.00055
0.000653333
0.03213
0.0261233
0.0058
0.000573333
0.00876
0.00243333
0.0122433
0.0156667
0.0308167
0.02371
0.0281333
0.0504533
0.0400367
0.03012
0.01542
0.0111067
0.00661667
0.0108967
0.0291967
0.0146667
0.0228267
0.04233
0.02156
0.00055
0.00135
0
0
0
0
0
0
0.00124667
0.00771
0.00102667
0.00719667
0.01512
0.0123633
0.02023
0.0356733
0.00757667
0.0259533
0.0262333
0.03419
0.01822
0.0230567
0
0
0
0.00109
0
0.00199667
0.0117933
0.0309867
0.00105
0.00849667
0
0
0
0
0
0
0
0
0
0
0
0
0
0
0
0
0
0
0
0
0
0
0
0.000193333
0
0.000366667
0.00056
0.000733333
0.00767667
0.0131367
0.00380667
0.00414333
0.0120633
0.00834667
0
0
0
0
0
0
0
0
0
0
0
0
0
0
0
0
0
0
0
0
0
0
0
0
0
0
0.0104167
0.0138767
0.0103267
0.0315733
0.00791667
0.0116267
0.000726667
0.000806667
0.00772333
0.01348
0.0329733
0.06262
0.05236
0.05637
0.02953
0.0243233
0.0119
0.00476333
0.00813
0.000183333
0.00273
0.00346333
0.00245
0.00382
0.00269333
0.00209333
0.00825
0.00809333
0.0123733
0.00677667
0.00675667
0.000846667
0
0.000413333
0
0.0321067
0.02537
0.0407667
0.0197667
0.00404
0.00671667
0.00592333
0.0027
0.00761667
0.00553667
0.00693
0.00201333
0.00165333
0.0032
0.00428667
0
0
0
0
0
0.00101333
0.00101333
0.00101333
0
0
0
0
0
0
0
0
0
0
0
0
0
0
0
0
0
0
0
0
0
0.00012
0.00012
0.000236667
0.000233333
0.00800333
0.00800333
0.00972
0.00263333
0.00263333
0
0
0
0
0
0
0
0
0
0
0
0
0
0
0
0
0
0
0
0
0
0
0
0
0
0
0
0
0
0
0
0
0
0
0
0
0
0
0
0
0.171887
0.163027
0.154373
0.10214
0.05614
0.06819
0.0567533
0.0425733
0.00945
0.0841967
0.0829733
0.0889067
0.0308533
0.0231833
0.00655
0.00806667
0.00336
0.00399667
0.00514333
0.00678333
0.00198333
0.00109333
0.00106
0.00106
0
0.000636667
0.00468667
0.00319667
0.000546667
0.000546667
0.00024
0.00103333
0
0
0.000376667
0
0
0
0.00461667
0.00541
0.00028
0
0
0
0
0
0.00448
0.01066
0.00056
0.00028
0
0
0
0
0.00628333
0.00822333
0.00028
0.000786667
0
0
0
0
0.00204333
0.00273333
0.00204333
0.00069
0.00147667
0
0
0
0
0.00478333
0.00836
0.01852
0.02456
0.0497933
0.0596767
0.0750633
0.0524733
0.0516267
0.04481
0.04731
0.0357133
0.04981
0.0397833
0.0570833
0.0495767
0.00169
0.00554
0.02722
0.00719667
0.000873333
0.0003
0.0358
0.03046
0.03117
0.01928
0.0359633
0.0440767
0.0522433
0.0434067
0.0264767
0.0125433
0.00544667
0.00677
0.00755333
0.0260567
0.03468
0.0664267
0.00615333
0.0292533
0.0149133
0.0397667
0.07149
0.06808
0.00710333
0.00734
0
0
0
0
0
0
0
0
0.00121667
0.00139
0.00661333
0.01298
0.00629667
0.0146133
0.0499633
0.0374467
0.0234567
0.0225067
0.0650067
0.0580467
0.0320667
0.02194
0
0
0
0
0
0.00014
0.00014
0.00123
0.05501
0.0809733
0.014
0.03545
0
0
0
0
0
0
0
0
0
0
0
0
0
0
0
0
0
0.000193333
0.000193333
0.000386667
0.04185
0.0567067
0.00524333
0.00893
0.00921333
0
0.000866667
0
0
0
0
0
0
0
0
0
0
0
0
0
0
0
0
0
0
0
0.02258
0.04452
0.0511933
0.0818733
0.03371
0.0588167
0.00201
0.00667667
0.0330733
0.0248767
0.0919
0.110213
0.0849433
0.04673
0.08051
0.0583933
0.0653633
0.0298467
0.00802
0.02455
0.0218433
0.0127733
0.0268367
0.0188967
0.00519
0.0170933
0.0170467
0.0218333
0.03646
0.0357567
0.01165
0.00574
0.000413333
0
0
0
0.0565767
0.0675633
0.100263
0.0802033
0.0569633
0.0736867
0.05796
0.04444
0.0241767
0.0393633
0.0241967
0.04041
0.02433
0.0340867
0.0525833
0.03502
0.000236667
0.000236667
0.00058
0.00158
0.00123667
0.0127567
0.01152
0.0125333
0
0
0
0
0
0
0
0
0
0
0
0
0
0
0
0
0
0
0
0
0
0
0
0
0
0.00053
0.00053
0.00106
0.00065
0.0121667
0.0117533
0.0194033
0.00522
0.00308333
0.000496667
0.000496667
0
0
0
0
0
0
0
0.000133333
0
0.000426667
0.000133333
0.000293333
0.000293333
0
0
0
0
0
0
0
0
0
0
0
0
0
0.48764
0.344887
0.439417
0.287803
0.247803
0.10844
0.379337
0.45201
0.370767
0.159333
0.117447
0.302497
0.18128
0.18489
0.0311267
0.0349167
0.0814467
0.0877033
0.0704333
0.0980067
0.0126233
0.04759
0.01497
0.00402
0.00222
0.01771
0.0341233
0.0349633
0.00127333
0.0099
0.01421
0.00280333
0.000136667
0.00181
0.00269333
0.00752
0
0.000636667
0.00135
0.000413333
0
0.000136667
0.00999667
0.0153833
0
0
0.000413333
0.000413333
0
0
0.0167367
0.0198967
0.000786667
0
0
0
0
0
0.01576
0.0145067
0.01027
0.00785333
0.00775667
0.00157333
0
0
0
0
0
0
0.03396
0.0584733
0.0802267
0.0869333
0.0760233
0.0501533
0.0320167
0.0155133
0.0234833
0.0409167
0.0478767
0.0610867
0.0630367
0.0633567
0.08338
0.0871333
0.01116
0.0292433
0.00812333
0.0003
0.0018
0.00019
0.00019
0.00038
0.0632967
0.0620467
0.0687033
0.0431667
0.0340433
0.03873
0.0566433
0.0620433
0.00738333
0.00749667
0.0160533
0.0247333
0.0416767
0.0662633
0.08221
0.08514
0
0.000906667
0.00014
0.00839
0.00423333
0.02368
0.108423
0.100287
0.0136967
0.0136667
0.00019
0.000166667
0.000356667
0
0.000166667
0
0
0
0
0
0
0
0
0
0
0
0
0
0
0
0
0.000313333
0.00012
0.00160333
0.000893333
0.0291967
0.02436
0.0354167
0.0870633
0.08382
0.00824333
0.00766667
0.0695067
0.0197867
0.0413733
0.00129667
0.00749
0.00043
0
0
0
0
0
0
0
0
0
0.00099
0
0.00167667
0.00266667
0
0.00167667
0
0
0
0
0
0
0
0.09646
0.112363
0.03491
0.05802
0.09625
0.110847
0.0118933
0.0121567
0.0742733
0.10025
0.08924
0.12599
0.104187
0.126763
0.0128733
0.0354067
0.08158
0.06053
0.136937
0.15739
0.126233
0.0802
0.11426
0.0583433
0.145113
0.114597
0.04574
0.08103
0.0656033
0.0731933
0.06916
0.0394633
0.0637667
0.05006
0.0493367
0.0358333
0.01171
0.00572333
0.000396667
0
0
0
0
0
0
0.0515533
0.08262
0.118063
0.141383
0.134893
0.150547
0.110643
0.1094
0.0750267
0.12654
0.10709
0.1765
0.138073
0.0520633
0.13662
0.0326867
0.00018
0.000416667
0.000933333
0.00503
0.00485667
0.00955667
0.00651667
0.0230733
0.0296567
0
0
0
0.000813333
0.000813333
0.00454
0.00372667
0.00758
0.00385333
0.00434667
0.000493333
0.000493333
0
0
0
0
0
0
0
0.000273333
0.000273333
0.00174333
0.002
0.00822333
0.00728333
0.01827
0.0135067
0.0117267
0.00130333
0.000806667
0
0
0
0
0
0.000383333
0.000516667
0.00396667
0.00387667
0.00955
0.0061
0.00842
0.00261333
0.00283
0.000216667
0.000216667
0
0
0
0
0
0
0.599877
0.776137
0.841833
0.606177
0.726607
0.667833
0.644113
0.23464
0.427513
0.586133
0.425633
0.400573
0.5615
0.332053
0.392467
0.0420767
0.101197
0.124403
0.15358
0.243097
0.20509
0.0644467
0.137723
0.02451
0.0337
0.0229267
0.0574867
0.06084
0.0440433
0.01789
0.03747
0.02323
0.0223633
0.00208333
0.00771
0.0229933
0.04126
0.00124
0.00986667
0.01189
0.00176333
0.000136667
0.00041
0.0311733
0.0419767
0.00249
0.000603333
0.000826667
0.000413333
0
0
0.0293467
0.0343467
0.0138533
0.00267333
0
0
0
0
0
0.0249967
0.0182467
0
0
0.0818633
0.0807467
0.07376
0.0509
0.04116
0.0174533
0.0108167
0.00255333
0.0021
0.00188333
0.00849667
0.0104767
0.0144367
0.01278
0.02626
0.0439233
0.0679733
0.0738767
0.0894467
0.09863
0.04183
0.0666567
0.00102667
0.00525667
0.00461
0.00458667
0.00456333
0.000333333
0.000166667
0
0
0
0
0
0
0
0
0.00012
0.00058
0.00116
0.0115733
0.0340633
0.05921
0.0819733
0.09347
0.08145
0.06073
0.03886
0.04648
0.0595767
0.0251833
0.0409733
0.04664
0.06329
0.0584233
0.06547
0.04667
0.0382067
0.01827
0.00914
0.00434667
0.00183
0.00365667
0.00434333
0.00863
0.00695333
0.00614
0.000863333
0.000863333
0
0
0
0
0.00134667
0
0.00211333
0.12318
0.12922
0.0312567
0.0413367
0
0
0
0
0
0
0
0
0.0901533
0.11224
0.0196867
0.02993
0.00043
0
0
0
0
0
0
0.00099
0.00099
0.00198
0.12654
0.13526
0.0543967
0.11294
0.13183
0.12998
0.02459
0.0326967
0.105767
0.116153
0.153313
0.201137
0.15089
0.14136
0.04686
0.0914033
0.121423
0.10084
0.194267
0.18085
0.132
0.05065
0.0902467
0.0247567
0.165063
0.15883
0.11524
0.17337
0.0903733
0.109613
0.165017
0.171273
0.114047
0.102887
0.00832667
0.00276
0.000816667
0.00042
0
0
0
0
0
0.000583333
0
0.00569333
0.00139667
0.0124067
0.00692667
0.02506
0.00812333
0.06299
0.0249033
0.0795933
0.12102
0.128423
0.127733
0.153097
0.16327
0.169253
0.190673
0.249803
0.25508
0.24156
0.161527
0.0402967
0.08458
0.0113133
0.0214267
0.00031
0.00111667
0
0.00707333
0.000216667
0.000433333
0
0
0
0
0.00018
0.00055
0.00412667
0.00427333
0.0111933
0.0118933
0.03691
0.0347467
0.04737
0.0118367
0.0265733
0.02313
0.0272
0.0121433
0.00901667
0.00122
0.000726667
0
0
0
0.000273333
0.000273333
0.000546667
0
0
0
0.000646667
0.00103
0.00841333
0.0112167
0.0252633
0.0236867
0.0268767
0.01506
0.00947
0.865623
0.93132
0.896197
0.869113
0.85885
0.821343
0.456843
0.718693
0.734063
0.5192
0.541033
0.728217
0.44847
0.64003
0.171717
0.33449
0.148537
0.27128
0.20529
0.349487
0.28093
0.149127
0.121787
0.154383
0.0947
0.06084
0.0754067
0.0731867
0.0821967
0.07585
0.06543
0.0628067
0.02181
0.02488
0.06009
0.0624533
0.01621
0.04217
0.0192167
0.00962667
0.000413333
0.00310667
0.0544267
0.04544
0.0200467
0.00947
0.00136333
0.0011
0.00014
0.00014
0.03799
0.0242467
0.00015
0
0.00015
0
0.01568
0.00846333
0.02245
0.0328733
0.0803967
0.09935
0.107003
0.05659
0.09192
0.0377467
0.0110533
0.00659333
0.0094
0.00977667
0.0171033
0.01256
0.00902333
0.00086
0.000693333
0
0
0
0
0
0
0
0
0
0
0
0
0
0
0
0.00013
0.00059
0.00271667
0.01312
0.0205667
0.0441667
0.0617033
0.0882433
0.0342133
0.0220733
0.0149167
0.00632
0.00380333
0.0014
0
0
0
0
0
0
0.000466667
0.00145667
0.0116367
0.0128467
0.0300367
0.0251333
0.0323733
0.0150567
0.0107133
0.00179667
0.000933333
0
0
0
0.000393333
0.00192333
0.00097
0.0174833
0.0116767
0.0274767
0.0472333
0.08939
0.0797
0.1291
0.123253
0.141737
0.0654333
0.0796667
0.11971
0.0940167
0.0702433
0.0891667
0.0626533
0.0645467
0.09323
0.05743
0.0707833
0.08661
0.0681133
0.0971233
0.0627033
0.175317
0.17551
0.147777
0.113897
0.1523
0.188983
0.133317
0.118653
0.06207
0.07656
0.112997
0.157013
0.198393
0.20864
0.1968
0.152637
0.146443
0.0985067
0.132687
0.17708
0.212347
0.215593
0.208497
0.16721
0.17588
0.133883
0.0971
0.0319933
0.06474
0.0214333
0.142543
0.163783
0.154463
0.1684
0.208023
0.254713
0.25681
0.256837
0.07138
0.101863
0.134377
0.17829
0.00863
0.00840333
0.00213667
0.00268667
0.00097
0.00097
0
0.00026
0.000843333
0.00491
0.00894667
0.0271867
0.0239567
0.0474267
0.03844
0.0288633
0.03963
0.00593667
0.0133067
0.000426667
0.00115333
0
0
0.00217333
0.000273333
0.00855333
0.01913
0.04258
0.04894
0.0821167
0.0963233
0.12637
0.134463
0.141867
0.231773
0.157903
0.0907433
0.0379133
0.0123833
0.00218667
0.00031
0
0
0.000396667
0
0.00566667
0.00104333
0.0279267
0.0126533
0.0455567
0.0377333
0.0266033
0.0362767
0.0116133
0.00579333
0.00103667
0.000216667
0
0
0
0
0.000193333
0.000563333
0.00468
0.00806333
0.02515
0.0281333
0.05009
0.732137
0.84822
0.795967
0.68453
0.73711
0.719057
0.758817
0.508963
0.456763
0.275953
0.47434
0.31716
0.5176
0.456633
0.341483
0.49483
0.279383
0.265477
0.21068
0.13582
0.07731
0.170743
0.246587
0.178593
0.15275
0.235293
0.153927
0.0969633
0.06416
0.03354
0.04038
0.0982
0.071
0.101107
0.0622567
0.0306633
0.0204133
0.0250033
0.0242
0.0164967
0.00463333
0.0585233
0.0468733
0.0123
0.01315
0.00195
0.00194
0.0496133
0.0411067
0.02462
0.0229667
0.0409333
0.0344833
0.00608
0.01544
0.03349
0.04992
0.03972
0.05038
0.133483
0.149037
0.114033
0.115127
0.0637167
0.0860867
0.05521
0.0478867
0.0138367
0.0312567
0.00173667
0.00671667
0
0.00104333
0.000343333
0.000343333
0.000663333
0.00100667
0.000596667
0.00126
0.000276667
0.000873333
0
0.000276667
0
0
0.00013
0
0.00396667
0.00184
0.02303
0.0168333
0.0349733
0.0500467
0.07364
0.0720633
0.02069
0.0423033
0.00438
0.01267
0.00085
0.00282667
0
0.00085
0
0
0.00082
0.000353333
0.01233
0.00250333
0.0380233
0.0215267
0.0455767
0.0463233
0.02002
0.0375667
0.00216
0.01233
0
0.00122667
0.00101667
0.000623333
0.00612667
0.0518333
0.0570333
0.0512
0.0886767
0.11449
0.170397
0.171947
0.160053
0.13605
0.122867
0.0493833
0.0768733
0.06769
0.0987667
0.0906833
0.0879333
0.111463
0.125823
0.162837
0.138377
0.149963
0.0941467
0.17434
0.110337
0.208587
0.23639
0.16525
0.115057
0.133437
0.0737433
0.0831433
0.0452067
0.10504
0.113493
0.130517
0.13104
0.151357
0.194403
0.22325
0.14381
0.1915
0.0874933
0.0697
0.122647
0.11029
0.18079
0.0261833
0.01589
0.0146767
0.0101233
0.0101667
0.00167333
0.00264333
0.000823333
0.00026
0.0120367
0.00489
0.03039
0.0270667
0.0314967
0.0392667
0.0174033
0.02889
0.00522333
0.0100067
0
0.000426667
0.000873333
0
0.00467333
0.00277333
0.0319133
0.01465
0.0723033
0.0553633
0.0948567
0.0926967
0.113293
0.13304
0.14181
0.20061
0.0812533
0.14668
0.01501
0.0396467
0.00120333
0.00308
0
0
0.00112667
0.000396667
0.0132367
0.00575
0.0401367
0.0284267
0.0406333
0.04746
0.0195133
0.0290567
0.00745667
0.01124
0.000973333
0.00179333
0
0
0
0
0.00125
0.000193333
0.00929
0.00536667
0.03903
0.02569
0.0633033
0.59528
0.437343
0.24403
0.15877
0.132917
0.0926167
0.0599233
0.0675667
0.05654
0.0576833
0.0655733
0.0622267
0.0112867
0.02929
0.0273933
0.0350933
0.0981967
0.0809867
0.0672167
0.0656067
0.06282
0.0542467
0.0535033
0.0378867
0.02998
0.01257
0.00672667
0.00174667
0.00104333
0.00065
0.000993333
0.00527667
0.00529
0.00554333
0.00185667
0.00178333
0.00146333
0.00118
0.00059
0.000313333
0
0
0
0.00245333
0.00416333
0.0115333
0.0220767
0.0412333
0.05618
0.0810367
0.0572467
0.0410367
0.0180733
0.01184
0.00488333
0.00290667
0.00085
0
0
0.000333333
0.000686667
0.00547667
0.00682667
0.01494
0.0198133
0.03661
0.0466233
0.04713
0.03882
0.02109
0.0121467
0.00197667
0.00122667
0
0.000623333
0.000623333
0.00617667
0.00845
0.0116633
0.0185333
0.02889
0.04953
0.0551
0.0825933
0.05084
0.0384367
0.02706
0.0272533
0.01604
0.00926333
0.00237667
0.000703333
0.000563333
0.00121333
0.00862
0.01234
0.01908
0.01227
0.01581
0.00901
0.01321
0.0057
0.00511
0.000313333
0
0
0.000873333
0.00332667
0.00522667
0.0117233
0.0284333
0.0474
0.06782
0.0709733
0.0776167
0.08113
0.06895
0.0446767
0.02094
0.0110667
0.00326
0.00205667
0
0
0.00073
0.00106333
0.00894667
0.0130067
0.0290067
0.02959
0.0338933
0.03604
0.0332367
0.0343133
0.0168067
0.0118933
0.00172333
0.00075
0
0
0
0
0.00105667
0.00395333
0.00807
0.0194367
0.0339967
0.0537333
