0.02074
0.0101033
0.0236267
0.0184267
0.0107033
0.03515
0.0254267
0.0348167
0.0502233
0.0472067
0.0483267
0.15853
0.173003
0.08986
0.0612833
0.118107
0.134753
0.318963
0.196333
0.257513
0.268407
0.43245
0.54045
0.02677
0.0196967
0.03093
0.0188333
0.0161
0.0262133
0.00612
0.01016
0.0199133
0.00527
0.00233333
0.00557
0
0.00136333
0.00190667
0
0.00807667
0.00163
0
0.0176167
0.01191
0.00046
0.00046
0.00141333
0.0176033
0.0188767
0.00786667
0.0249833
0.0246833
0.0303733
0.03241
0.0382167
0.0232233
0.0480533
0.0639533
0.0840367
0.224527
0.342603
0.381173
0.48238
0.62238
0.00730333
0.00533
0.00549
0.0166533
0.0147033
0.0156033
0.01247
0
0.02192
0
0.0188933
0
0
0.0188167
0
0.01134
0.00628667
0
0.0269033
0.0131867
0.0415633
0.0303967
0.0341733
0.04141
0.00057
0.02664
0.0315167
0.00501667
0.00601667
0.0245133
0.0315367
0.0110967
0.00791667
0.0329633
0.0299967
0.0238767
0.0301
0.02855
0.00947333
0.0216167
0.01316
0.0279633
0.00501333
0.000256667
0.0192533
0
0
0
0
0
0
0
0
0.0209233
0.00061
0.000953333
0.01875
0.01942
0.0093
0.00444333
0.00901
0.0110767
0.02491
0.0193967
0.0142633
0.03796
0.01878
0.0237133
0.07151
0.08735
0.0474567
0.0428933
0.0679567
0.0596967
0.2034
0.151037
0.0268367
0.0274033
0.0125167
0.00915667
0.01518
0.00206667
0.00579333
0.000376667
0.00214667
0.00364667
0.000216667
0.00838667
0.0111967
0.00492667
0.00942
0.0206133
0.00618667
0.0252133
0.02112
0.00121
0.00287333
0.0272233
0.02322
0.0005
0.000586667
0.00192667
0.0180333
0.0266367
0.00755333
0.00472333
0.0201933
0.0197567
0.01928
0.02656
0.01748
0.00699
0.0129467
0.0248067
0.03511
0.00351333
0.01732
0.00160667
0.00223
0.01398
0.00891333
0.0283167
0.0342567
0.00064
0.00608667
0.0127733
0.00405
0.0058
0.0193967
0.0179767
0.02704
0.00039
0.02718
0
0.000156667
0
0.02313
0.02674
0
0.0201533
0.0103667
0
0
0.03094
0.00903
0
0
0
0.0392067
0
0
0.000586667
0.0267567
0.0316767
0.00019
0.000966667
0.00562667
0.0293167
0.0167833
0.00906667
0.0125367
0.01949
0.01196
0.01612
0.0109667
0.0257933
0.02053
0.0188067
0.0088
0.0270867
0.03066
0.0158167
0.00110667
0.00245667
0.00820667
0.0378367
0.00525
0.000256667
0.00197
0.01935
0
0
0.00151333
0.00221
0.00572
0
0
0.00778333
0.000696667
0.000733333
0.00175667
0.00101
0.00015
0
0.0160467
0.00373667
0.0160433
0.03339
0.00263333
0.00566
0.00438667
0.00944
0.0155633
0.01291
0.04609
0.0786533
0.105487
0.367443
0.277597
0.311063
0.26315
0.56431
0.08749
0.0465933
0.0281
0.0094
0.00076
0.00038
7.66667e-05
0
0
0
0.000753333
0.00762667
0.0155267
0.0270133
0.0324667
0.02595
0.01494
0.00261333
0.00123
0
0
0
0
0
0.000703333
0.0117633
0.0161067
0.03737
0.0276267
0.02996
0.00799333
0.00667667
0
0
0.00036
0.00036
0.00103667
0.000676667
0.000676667
0
0
0
0
0
0.00036
0.00036
0.00103667
0.000676667
0.00101
0.000333333
0.000333333
0
0.00058
0.00252
0.00642333
0.04674
0.0700733
0.209477
0.10948
0.105627
0.107427
0.0204833
0.00155667
0.000533333
0.000153333
0.00017
9.33333e-05
9.33333e-05
0.000753333
0.00612667
0.0140267
0.0256
0.0224733
0.01833
0.00608667
0.00131333
8.33333e-05
0
0
0
9.33333e-05
9.33333e-05
0.0111967
0.0221633
0.04413
0.0725533
0.06931
0.0365033
0.0145367
0.00786
0
0
0
0
0
0
0
0
0
0
0
9.33333e-05
9.33333e-05
9.33333e-05
0
0
0
0
0
0.00028
0.00222
0.00680667
0.0337633
0.189997
0.183617
0.25128
0.127713
0.19492
0.0840133
0.0641067
0.07491
0.0300667
0.0248733
0.00594667
0.01093
0.02506
0.0462333
0.05387
0.0608767
0.03884
0.0474733
0.0438333
0.0310967
0.0474967
0.0366233
0.02057
0.0200467
0.00567333
0.00515333
0.0120733
0.00791667
0.00975
0.00200333
0.00191
0.00537333
0.01035
0.0151233
0.0182467
0.0133533
0.00940667
0.00091
8.33333e-05
0.00425667
0.00425667
0.00435
0.01
0.00741667
0.01287
0.03235
0.07016
0.0729067
0.0611933
0.0226833
0.00883333
0.00185
0.000876667
0.000876667
0
0
0
0
0
0.000593333
0.00485
0.00425667
0.00990667
0.00574333
0.00582667
0.000176667
8.33333e-05
0
0
0
0
0
0.00028
0.00199667
0.00806
0.0179133
0.0306067
0.04208
0.04417
0.03496
0.02548
0.0160633
0.0225
0.0324867
0.0301967
0.0331033
0.02664
0.0156267
0.0161033
0.0329833
0.0417233
0.0313
0.0423133
0.0172833
0.00943
0.0175467
0.0324467
0.01575
0.04133
0.00209333
0.0136167
0.02935
0.0120433
0.00227
0.0183233
0.0141567
0.00899
0.00507667
0.0284433
0.00119667
0.00087
0.00393
0.0202033
0
0.000376667
0.00247
0.00703
0.0223667
0.00165667
0.0161033
0.00119667
0.01659
0.000323333
0.01528
0.03141
0.00291667
0.00324
0.00468333
0.02553
0.00770667
0.00786667
0.0196333
0.0124267
0.00498
0.0304133
0.00111333
0.02146
0.000813333
0.000946667
0.0163767
0.00961667
0.000756667
0.00083
0.0203667
0.0306
0.0234567
7.33333e-05
7.33333e-05
0.00661667
0.03423
0
0
0.019
0.0260733
0
0.0191567
0.0128333
0
0
0
0.0352967
0.00560333
0
0
0
0.0252167
0.00503667
0.00463667
0
0
0
0
0.0200067
0.00981
0.00167
0
0
0
0.0136733
0.00654
0.00538
0
0
0.01053
0.00893667
0
0
0.0157333
0.00958333
0.000586667
0.0105667
0.0189567
0.0126
0.000413333
0.00411333
0.0114833
0.00232
0.0250467
0.0115733
0.00855667
0.01187
0.02975
0.0218733
0.0114367
0.0284367
0.0148533
0.0115867
0.00178
0.0371633
0.000236667
0
0.000173333
0.00263667
0.01437
0.0273867
0
0
0.00168
0.00534333
0.00685
0
0
0.01045
0.00431667
0
0
0.0120867
0.0193467
0.0123233
0.000396667
0.000246667
0.0337433
0.0186233
0.0295867
0.0047
0.00727333
0.0125533
0.0655933
0.0434867
0.117363
0.06394
0.0111067
0.0471533
0.000303333
0.00239
0.000853333
0.000853333
0.00435
0.00349667
0.00349667
0.00687333
0.02261
0.01037
0.0182267
0.02034
0.00598667
0.00535
0.000746667
0.000746667
0
0.000753333
0.00788667
0.00793667
0.0121533
0.0149933
0.00566
0.01145
0.00131667
0.00131667
0
0
0.00036
0.00426667
0.00494333
0.01169
0.00778333
0.00786
0
0.000753333
0
0
0.00036
0.00527667
0.01316
0.0174
0.0131333
0.01372
0.00159667
0.00126333
0.000786667
0.000206667
0.00779333
0.00409667
0.06664
0.0290533
0.25743
0.361337
0.211223
0.201193
0.261523
0.161367
0.21552
0.130627
0.375227
0.321947
0.116193
0.03625
0.0177
0.00890667
0.0170633
0.0514767
0.0216433
0.05922
0.0324567
0.05598
0.0511067
0.0397567
0.02524
0.0948933
0.08176
0.01254
0.0143533
0.06371
0.0489167
0.0779667
0.04855
0.00609
0.03805
0.0360033
0.00534
0.00130333
0.0279667
0.00754667
0.00144667
0.0354233
0.00167667
0.0019
0.02029
0.001
0.000873333
0.00311333
0.00684667
0
0.00549667
0.00285
0.00312333
0.00393
0.00482
0.00046
0.000753333
0.0200833
0.0140067
0.0139567
0.00432
0.00774333
0.00322
0.03022
0.02628
0.00558
0.00309
0.0213667
0.0255333
0.00836
0.00208667
0.00886
0.0129067
0.0197467
0.00192333
0.00265
0.0108867
0.0285233
0.00127
0.0200267
0.02983
0.0261733
0.00830333
0.0221767
0.02348
0.00175
0.0328133
0.0214533
0.00431333
0.00019
0.0242333
0.00795667
0.0343267
0.0332533
0
0.00834333
0.0304233
0.0250633
0
0.00211667
0.0192633
0.00631
0.00991
0.0246167
0.00524667
0.0139267
0.02531
0.0226533
0
0.0264167
0.0117533
0
7e-05
0.000656667
0.00835333
0.000293333
0.0100633
0.00547333
0.00576667
0.0223667
0.00932333
0.0208033
0.03578
0.01986
0.01525
0.0292333
0.0274333
0.0336333
0.0343333
0.03404
0.0261933
0.0245933
0.00998333
0.0136467
0.03096
0.0378333
0.00671667
0.00610667
0.00747667
0.0172867
0.00041
0.0119667
0
0.00198333
0
0
0.000883333
0
0
0.12168
0.0899133
0.0589733
0.00510667
0.0256433
0.00387333
0.01659
0.0161133
0.00470667
0.0169467
0.00121
0.00349667
0.00488
0.01568
0.01246
0.0122233
0.0190567
0.000746667
0.00762
0
0.000753333
0.0128533
0.00567
0.02653
0.02434
0.0243667
0.0121267
0.000363333
0.00538333
0.000363333
0
0.000753333
0.00875
0.00559667
0.0241067
0.0218433
0.00861333
0.0209533
0.00150667
0.000753333
0
0.000753333
0.00567
0.0296
0.01823
0.0184067
0.0297033
0.00126333
0.00628333
0.000206667
0
0.00760333
0.00429333
0.03124
0.0134867
0.0565433
0.09135
0.1447
0.157063
0.304363
0.21821
0.246723
0.150793
0.273253
0.26216
0.296963
0.18108
0.127337
0.0879267
0.02907
0.0535333
0.0396267
0.0292867
0.0330467
0.0338467
0.0314533
0.0405433
0.0479167
0.0239967
0.0200433
0.00794667
0.00498667
0.00677
0.01017
0.01725
0.0199033
0.02833
0.0223333
0.0194933
0.00681667
0.00490667
0.00497667
0.00661
0.01422
0.0210833
0.0167
0.00991667
0.00142
0.000593333
0.00147333
0.00573
0.01906
0.0232367
0.0261133
0.0144567
0.01486
0.0273
0.0383867
0.0461833
0.0327833
0.0209967
0.0198233
0.0145267
0.0186633
0.00598667
0.00586333
0.000753333
0
0
0
0
0.000753333
0.00134667
0.00560333
0.01834
0.0232367
0.0261133
0.0128667
0.00797
0.000836667
0.000753333
0
0.00341333
0.00341333
0.0101267
0.00671333
0.0147333
0.00973667
0.01953
0.13955
0.0115933
0.06621
0.157757
0.109307
0.00554667
0.0056
0.0377867
0.06937
0.0611233
0.00141667
0.00118
0.00185667
0.0223133
0.0168233
0.0118467
0.00623333
0.000976667
0.03285
0.0230333
0.000736667
0.00103
0.00103
0.0126933
0.0259567
0.000623333
0.000623333
0.00202
0.00598667
0
0.00247333
0.00683667
0.01311
0.0305933
0.0307233
0.0142933
0.00455333
0.0280033
0.0291067
0.0122967
0.01057
0.00192333
0.00986
0.0188933
0
0
0.00118333
0.0240233
0.0202733
0
0.00355333
0.0109
0.00019
0.00019
0.00708333
0.00182
0.00019
0.0197567
0.00860667
0.00468333
0.00253
0.0301367
0.01647
0.0210967
0.00253
0.00471
0.0226
0.0346267
0.00218
0.0103667
0.0281667
0.0219933
0.0288233
0.0243633
0.00218
0
0.00414
0.00196
0.0138
0.0172633
0.00865667
0
0
0
0.0129467
0
0
0.0122433
0.00357667
0
0
0.00635333
0.00404667
0
0
0.00775667
0
0
0.00305
0.00511
0.00369
0.00694667
0.0196133
0.03019
0.0439567
0.02938
0.0210767
0.0274933
0.0295833
0.01856
0.00707333
0.00196333
0.00150667
0.00213667
0.00971667
0.0205667
0.0323733
0.0270133
0.0201867
0.00762667
0.000753333
0.000753333
0.00121
0.00612667
0.0126567
0.0236867
0.0233167
0.0218067
0.0142767
0.0100933
0.0078
0.00309
0.00272667
0.000753333
0.00559667
0.0055
0.01203
0.0244667
0.0202533
0.0144767
0.00138333
0.000753333
0
0.000753333
0.00120667
0.0137667
0.0164333
0.0205267
0.0221267
0.00956667
0.00502
0
0.00288
0.00696667
0.01531
0.01852
0.0338133
0.171117
0.0852067
0.11349
0.07116
0.0746433
0.0540833
0.101693
0.0678133
0.27286
0.142763
0.11116
0.114673
0.216323
0.0529633
0.0642667
0.179587
0.160237
0.0334533
0.0817567
0.0312633
0.03036
0.0235267
0.0343367
0.0255733
0.02318
0.0416467
0.0705567
0.0430267
0.0288467
0.01719
0.01088
0.00559
0.00252333
0.00666333
0.01071
0.0178967
0.02548
0.00490667
0.0086
0.000593333
0.00147333
0.0234333
0.0226167
0.0106933
0.000753333
0
0.000753333
0.01898
0.000753333
0.0101567
0.0227233
0.0226933
0.03145
0.0269033
0.0364833
0.0341067
0.0692367
0.0844933
0.139553
0.12051
0.155543
0.0425833
0.0229467
0.0354233
0.08067
0.0828033
0.15949
0.114543
0.00871667
0.0348033
0.019
0.04113
0.0532867
0.0725
0.00693667
0.0151
0.02327
0.0129433
0.000256667
0.00196667
0.00949667
0.000256667
0.000256667
0.00284333
0.00185
0.00541
0.00214333
0.01103
0.01467
0.0116467
0.0196533
0.01996
0.01269
0.01652
0.0163467
0.00912
0.0104367
0.00282333
0
0.0009
0.0111067
0
0.0155867
0.01237
0.00551667
0
0.00381333
0.0110167
0.00425333
0.00299
0.00203667
0.00585
0.00387
0.00547
0.00456667
0.01876
0.0245033
0.01824
0.0189033
0.03364
0.0321867
0.04772
0.0295233
0.0129233
0.00977
0.0210067
0.02309
0.02525
0.01377
0.00866
0.00150667
0.00187
0.0141033
0.01972
0.0311633
0.01965
0.0140333
0.00147333
0.000753333
0.00121
0.00121
0.00184333
0.00837333
0.01171
0.00728667
0.01467
0.0172733
0.0154533
0.01692
0.00996667
0.00379
0.00172
0.00131333
0.00784333
0.00822
0.00819333
0.00166333
0.00063
0
0
0
0.000453333
0.000656667
0.00407667
0.00797
0.0123133
0.00889333
0.00454667
0.0034
0.00628
0.0146233
0.0435067
0.0549833
0.04215
0.186043
0.137
0.0719
0.142033
0.0727
0.0852133
0.0796267
0.05597
0.132843
0.0526967
0.0479133
0.06041
0.0706967
0.04235
0.05029
0.0292667
0.01428
0.04471
0.0126033
0.0134733
0.03979
0.0230833
0.01919
0.00629667
0.01192
0.00186
0.00219
0.00658667
0.00624
0.01864
0.01403
0.00519333
0.01787
0.00490667
0
0
0.00163333
0.00163333
0.00761
0.00924333
0.00800667
0.000593333
0.00099
0.000593333
0.00209667
0.00147333
0.00316333
0.01587
0.00848667
0.02153
0.00804333
0.01381
0.00597333
0.0112967
0.01811
0.01153
0.0196633
0.02069
0.0234767
0.0208933
0.00414
0.00897
0
0.000753333
0
0
0.000753333
0.00596333
0.00565
0.0192933
0.00848667
0.02153
0.00104
0.00817333
0.000753333
0.00504667
0
0.01179
0.0301533
0.0243567
0.0343167
0.0372767
0.0421333
0.03807
0.0436667
0.0401467
0.0415467
0.0624367
0.0717933
0.0756767
0.0759333
0.10551
0.112947
0.0819567
0.09361
0.05409
0.05183
0.0820467
0.09126
0.05027
0.04043
0.0292933
0.0120467
0.01867
0.00575333
0.05139
0.0369733
0.01417
0.00831667
0.00234333
0.00407667
0.00852667
0.0163033
0.01517
0.00972333
0.00181667
0.00111667
0.00161
0.00798
0.00794333
0.00817
0.0018
0.00072
0
0
0
0.000633333
0.000633333
0.00274
0.00680333
0.01482
0.0247233
0.0262033
0.0233267
0.01238
0.00620333
0.00172
0.00109
0.00212333
0.00146667
0.00103333
0
0
0
0
0
0.000203333
0.000366667
0.00471333
0.00451
0.00434667
0
0.0034
0.0163833
0.04103
0.03639
0.05002
0.0411567
0.0445167
0.0340333
0.02208
0.07443
0.0718233
0.0357833
0.0306133
0.121853
0.0116067
0.03569
0.03277
0.0167433
0.03829
0.0431133
0.0130167
0.00304333
0.00517667
0.00502667
0.00943
0.00655667
0.0316767
0.0236067
0.02315
0.0110267
0.00631
0.00125
0.00135667
0.00231333
0.00197667
0.00164
0.000573333
0.000286667
0
0
0
0
0
0
0
0
0.000623333
0.00169
0.00151
0.00179667
0.00164
0.00119667
0.00153333
0.00124667
0.00135333
0.00167333
0.0063
0.00655
0.00899333
0.00775333
0.00677333
0.00338667
0
0
0
0
0.000623333
0.00169
0.00197667
0.00164
0.000573333
0.000286667
0
0.00504667
0.0128433
0.0253833
0.0299433
0.0289533
0.0232
0.0379333
0.0177167
0.01499
0.0294633
0.03016
0.03448
0.0366367
0.0272033
0.0429467
0.0349933
0.0546667
0.0483567
0.0675633
0.04929
0.03718
0.01733
0.00873667
0.00188667
0.00134667
0.00978667
0.00876667
0.00624333
0.00442667
0
0.000493333
0.000856667
0.00193667
0.00144333
0.00108
0
0
0
0
0
0
0.000306667
0.00500333
0.0112133
0.0229167
0.02336
0.0121033
0.00648333
0.00573
0.00079
0.000633333
0.000633333
0.000433333
0
0
0
0
0.000663333
0.000663333
0.00379
0.00329
0.00329
0.00312667
0
0.00078
0.0137633
0.05442
0.0414767
0.03679
0.0278767
0.0171667
0.06921
0.0650433
0.00288333
0.0062
0.05978
0.0513167
0.00223667
0.00321333
0.04013
0.0128733
0.00676
0.03165
0.00528333
0.0362933
0.02208
0.00195
0.00024
0.04583
0.00118333
0.00104
0.0351767
0.00104
0.00201
0.03226
0.0245
0.0250467
0.00579333
0.000733333
0.000623333
0.000623333
0.00091
0.000286667
0.000286667
0
0
0
0
0
0
0
0
0
0.000443333
0.000443333
0.00073
0.000286667
0.00091
0.000623333
0
0
0.000943333
0.00192333
0.00098
0.00436667
0.00338667
0.00338667
0
0
0
0
0
0.000623333
0.000623333
0.00091
0.000286667
0.000286667
0
0
0.000676667
0.00847333
0.00923333
0.0181633
0.01348
0.00731
0.0332433
0.0188933
0.00279
0.0067
0.0195967
0.00589667
0.0123533
0.0170967
0.03858
0.02032
0.01118
0.00137
0.00067
0.00102667
0.00115667
0.00660333
0.0190933
0.0311567
0.02106
0.02004
0.0113767
0.01216
0.00773333
0.00376667
0.00046
0.00046
0.000363333
0.000363333
0.000363333
0
0
0.00059
0.00059
0.00079
0.0002
0.0002
0.000306667
0.00043
0.00664
0.00741
0.00802
0.00769667
0.00207667
0.00595667
0.00842
0.00398667
0.00339667
0.0002
0
0
0
0
0.00068
0.00134333
0.0135167
0.0159633
0.0156967
0.00352333
0.000396667
0.00078
0.00182333
0.00349667
0.0154367
0.0223067
0.04528
0.0388967
0.04399
0.0327833
0.0385267
0.01402
0.0487933
0.0406033
0.00119667
0.00219
0.0400233
0.00114
0.000913333
0.0146433
0.01026
0.00596333
0.00455
0.00107333
0.0280433
0.0223367
9.66667e-05
0
0
0.02202
0.0259
0
0
0.01276
0.00673
0.00903667
0.0135633
0.00703
0.00587333
0.00019
0
0
0
0
0
0
0
0
0
0
0
0
0
0
0
0
0
0
0
0
0
0
0
0
0
0
0
0
0
0
0
0
0
0
0
0
0
0
0
0
0
0.000676667
0.000676667
0.00143667
0.00076
0.00387333
0.00311333
0.00345667
0.01319
0.00609
0.000693333
0.00557333
0.00354
0.0145967
0.0267367
0.0388
0.0359933
0.02733
0.0225233
0.0160167
0.01293
0.00510667
0.0018
0.00046
0
0
0
0
0
0
0.00059
0.00499667
0.00519667
0.00520333
0.000796667
0.0002
0.000123333
0.000123333
0.000466667
0.00154333
0.00215333
0.00248667
0.00677667
0.01243
0.0142167
0.0107467
0.00436
0.00116333
0.00116333
0
0
0.00068
0.00548
0.0176533
0.02933
0.0249267
0.0138933
0.00153667
0.00367333
0.00357667
0.01158
0.01072
0.01791
0.0175567
0.0265367
0.01378
0.00143667
0.02573
0
0.000683333
0.0275633
0.00074
0.0167067
0.00142667
0.00045
0.00045
0.02832
0
0
0.00185
0.000693333
0.00231333
0.00134667
0.00019
0.00019
0.000753333
0.000753333
0.000343333
0.01734
0.0160467
0
0.000693333
0.00194333
0.00344
0.00883667
0.00475
0.0007
0
0.00102667
0.00261
0.01055
0.0220567
0.03911
0.0409833
0.0544733
0.0446767
0.0235067
0.0487467
0.00452
0.0184033
0.000343333
0.00352333
0.000343333
0.000343333
0
0
0
0.00143333
0.00584
0.0180133
0.0171767
0.00174667
0.01392
0
0.00115
0.000343333
0
0.00250667
0.00109667
0.00695
0.0125833
0.0244033
0.02078
0.0151467
0.00116333
0.00191667
0
0
0.00521
0.00041
0.00845333
0.02932
0.0202067
0.01879
0.0298133
0.00844
0.0112
0.0237867
0.02055
0.0450433
0.05006
0.0513667
0.03021
0.0228867
0.01516
0.0122733
0.0248033
0.0189733
0.0149633
0.000753333
0.0284667
0.0206833
0
0.02992
0.00149333
0.0100533
0.00633667
0.00226667
0.00496333
0.01883
0.00712667
0.00045
0.0269567
0
0.00115667
0.00115667
0
0
0.00029
0.00029
0.00497
0.00468
0.00468
0
0
0
0
0
0.00038
0.00038
0.00113333
0.000753333
0.000753333
0
0
0
0
0
0
0
9.33333e-05
9.33333e-05
0.00113667
0.00104333
0.00104333
0
0
0
0
0
0
0
0.00253333
0.00253333
0.00721333
0.00468
0.00468
0
0
0
0.00245667
0.00245667
0.00846667
0.00601
0.00676333
0.01521
0.00226
0.06698
0.0233367
0.00979667
0.00704667
0.000773333
0.00043
0
0.000753333
0.00218667
0.01435
0.02577
0.0322967
0.0212833
0.00986333
0.00190333
0.000753333
0
0
0.000753333
0.00554
0.00792667
0.0211567
0.0211667
0.01878
0.00555
0.000753333
0
0
0
0.00041
0.00041
0.00365333
0.00344333
0.0156067
0.0148067
0.0199
0.0200467
0.02237
0.0253833
0.0263233
0.0509867
0.0714867
0.0894
0.00271667
0.0106567
0.0227067
0.0396533
0.04611
0.0674933
0.0590567
0.0742967
0.05146
0.0212067
0.00740333
0.00619667
0.00605667
0.00630333
0.00256
0.00179
0.0208433
0.00067
0.0303533
0.02906
0.00142333
0.0213433
0.02027
0.00214
0.00845333
0.0055
0.00291667
0.00103333
0.0158133
0
0
0
0
0
0
0.0200833
0.0191
0.00578
0.0149433
0
0
0.00568667
0.0498233
0.02958
0.0277933
0.0188
0.01359
0.00149333
0.00106333
0.000753333
0.00361
0.0157733
0.0200767
0.02518
0.01377
0.00581
0.000753333
0.000753333
0
0
0
0.00314
0.00330333
0.00780333
0.0124367
0.00929667
0.00479667
0
0
0
0
0
0.0002
0.0004
0.00284333
0.00835667
0.0201667
0.0267633
0.03083
0.0271267
0.0442467
0.0757033
0.00873
0.0107667
0.00608667
0.00675667
0.00180333
0.00438333
0.0173467
0.03061
0.0424267
0.0399633
0.0520833
0.02554
0.0522433
0.0109533
0.00617333
0.00248333
0.00271
0.00229
0.00619333
0.00648
0.00821333
0.00354
0.00395
0.0129767
0.00211667
0.0215167
0.0143733
0.0217367
0.0143167
0.00289667
0.000583333
0.00286333
0.00228333
0
0
0
0
0
0
0
0
0
0.000753333
0.00104333
0.00906667
0.0129933
0.0173833
0.00936
0.00468
0
0
0
0.00607667
0.00645667
0.01987
0.0145467
0.0156733
0.00226
0.00150667
0
0
0
0
0
0.00104333
0.00113667
0.0130667
0.0130667
0.01448
0.00255
0.00150667
0
0
0
0
0
0.00150667
0.00404
0.0174533
0.0206267
0.02417
0.0107567
0.00607667
0
0.00142333
0.00388
0.0117733
0.01636
0.0257767
0.0312033
0.03114
0.0242933
0.00199333
0.00150333
0
0.0118167
0.00653
0.0389567
0.0469167
0.03484
0.03596
0.0348467
0.02147
0.00937333
0.00106333
0
0.00285667
0.0032
0.00825667
0.0054
0.00505667
0
0
0
0
0
0
0
0.000163333
0.000163333
0.00466333
0.0045
0.0045
0
0
0
0
0
0.0002
0.000953333
0.00666667
0.00949
0.0207467
0.0201667
0.0236533
0.0139033
0.0382
0.0368167
0.0496667
0.02532
0.0228867
0.01829
0.02688
0.03915
0.0107333
0.0246533
0.00684
0.00387
0.00343
0.0170333
0.0249067
0.00913
0.0173567
0.0206333
0.0111933
0.0233867
0.00677333
0.00253667
0.01119
0.000813333
0
0.00180333
0
0.00775
0.0173667
0.00891
0.00646333
0.00797
0.00796333
0.0125133
0.0109133
0.02269
0.01124
0.00654333
0.00464
0.00426667
0.00419
0.00161
0.0124833
0.0125533
0.0140167
0.00777333
0.00263333
0.00697667
0.00342
0.00829333
0.0114767
0.02265
0.0191
0.0223933
0.0119167
0.0114
0.0104467
0.01885
0.0255667
0.0124667
0.0283767
0.0234533
0.00023
0.00579333
0.01867
0
0.000753333
0.00111333
0.00150667
0.000753333
0.000753333
0
0
0
0
0.000753333
0.00150667
0.00953
0.00915667
0.0130833
0.00506
0.00468
0
0
0.000753333
0.00683
0.01151
0.02417
0.0206267
0.0174533
0.00404
0.00150667
0
0
0
0
0
0.00104333
0.00618667
0.0181167
0.0196067
0.01597
0.00404
0.00150667
0
0
0
0
0
0.00150667
0.00226
0.0156733
0.0145467
0.01987
0.00645667
0.00607667
0
0.00142333
0.00217667
0.01007
0.0094
0.02052
0.0129933
0.0181867
0.006
0.00036
0.00727333
0.0277767
0.03662
0.0391867
0.0343533
0.0288933
0.0144533
0.00831
0
0
0
0.000343333
0.000343333
0.000343333
0
0
0
0
0.00104333
0.00104333
0.00113667
9.33333e-05
9.33333e-05
0
0
0
0
0
0
0
0
0
0.00150667
0.00226
0.0156733
0.01719
0.0211167
0.00845667
0.00543333
0.00133
0.000576667
0.00570333
0.00512667
0.0102533
0.00512667
0.00583
0.000703333
0.0225733
0.0124067
0.00782667
0.00334333
0.00168667
0.000296667
0.000296667
0.000666667
0.00205
0.00651667
0.0107767
0.0212667
0.00074
0.00144333
0.00223
0.00401
0.0100633
0.0146433
0.0240467
0.02312
0.0250167
0.01401
0.01087
0.03285
0.0307133
0.00945
0.02647
0.0130667
0.01404
0.0174167
0.00853
0.00739
0.0363933
0.0255067
0.000813333
0.03161
0
0.00712333
0.00881
0.01143
0.00617333
0.00616333
0.00149667
0.000743333
0
0
0
0
0.000753333
0.000753333
0.00113333
0.00038
0.00038
0
0
0
0.000753333
0.00150667
0.00618667
0.00581333
0.00759333
0.00291333
0.00253333
0
0
0
0
0
0
0.000753333
0.00589667
0.00627667
0.00805667
0.00291333
0.00253333
0
0
0
0
0
0
0
0.000753333
0.000753333
0.00113333
0.00038
0.00038
0
0
0
0.000753333
0.000753333
0.00150667
0.000753333
0.00112
0.00674667
0.00244
0.0028
0.00111333
0.00207333
0.0105033
0.00290333
0.0211733
0.00243667
0.0315933
0.00680667
0.0255467
0.00834667
0.000583333
0.02612
0
0
0.0131733
0.00244
0.02592
0.0148
0.0206667
0.00689667
0.00614333
0
0
0
0
0.00104333
0.00104333
0.00113667
9.33333e-05
0.000846667
0.000753333
0.00589667
0.00618667
0.0181167
0.0130667
0.0127767
0.000846667
0.000753333
0
0
0
0
0
0
0
0
0.00150667
0.00188667
0.0153
0.0184733
0.0227733
0.00936
0.00468
0
0
0
0
0.000753333
0.000753333
0.00104
0.000286667
0.000373333
0.01062
0.00804
0.00862333
0.00253667
0.00282
0.00095
0.00095
0.00513333
0.00455
0.0164233
0.0122333
0.000173333
8.66667e-05
0.00260667
0.00260667
0.00859
0.00607
0.0111967
0.00512667
0.00604333
0.000916667
0.000916667
0.0171867
0.00178333
0.0278367
0.00253667
0.0211733
0.0045
0.00852667
0.00195
0.0164367
0.0045
0.000583333
0.0218333
0.0163433
0.01173
0.0272233
0.0239967
0.0240233
0.0114467
0.00752333
0.00148667
0.000743333
0
0
0
0
0
0
0
0
0
0
0
0
0.000753333
0.000753333
0.00113333
0.00038
0.00038
0
0
0
0
0
0
0
0.000753333
0.000753333
0.00113333
0.00038
0.00038
0
0
0
0
0
0
0
0
0
0
9e-05
9e-05
0.00113
0.00104
0.00179333
0.000753333
0.000753333
0
0
0
0.00813333
0.00383667
0
0.000746667
0.0206033
0.00107333
0.0165
0.00240667
0.0164633
0.0183667
0.0158467
0.01879
0
0.00889333
0
0
0.00814
0.00139667
0.00612333
0.00621
0.00111667
0.00282
0.00245667
0.00245667
0
0.00150667
0.00255
0.01448
0.0130667
0.0130667
0.00189
0.00284
0.00694
0.0181167
0.0290033
0.0290033
0.0178267
0.00816
0.00301667
0.00264333
0.00038
0.00076
0.00038
0.00038
0
0
0
0
0.00038
0.00038
0.00506
0.00543333
0.00543333
0.000753333
0
0
0
0.000753333
0.00150667
0.0134233
0.0129567
0.0147
0.00287
0.00285667
0.0308867
0.0241433
0.0138167
0.00851
0.0036
0.00106333
0.000283333
0
8.33333e-05
0.00154
0.00181667
0.00682667
0.00036
0.000446667
8.66667e-05
0
0
0
0
0.000753333
0.000753333
0.00153
0.00185
0.0257633
0.0366433
0.0149433
0.0150767
0.03015
0.00261667
0.03745
0.00136667
0
0.0210833
0.0397433
0
0.02008
0.00929
0.00139667
0.013
0.02632
0.0187133
0.0196433
0.00641333
0.00687
0.000833333
0.000743333
0
0
0
0
0
0
0
0
0
0
0
0
0
0
0
0
0
0
0
0
0
0
0
0
0
0
0
0
0
0
0.00029
0.00029
0.00029
0
0
0
0
0
0.00103
0.00112
0.0130367
0.0130467
0.0262767
0.0151133
0.0190133
0.00569333
0.00642
0.00148
0.00522333
0.00139667
0.00595
0.00447
0.0187433
0.02543
0.0146
0.0187567
0.00697667
0.00452
0.00150667
0.00758333
0.0195133
0.02603
0.0209967
0.00906667
0.00208667
0.00113667
0.0130667
0.0130667
0.0181167
0.00769333
0.00891333
0.0243033
0.0231767
0.0274633
0.00731
0.00768333
0.00113333
0.000753333
0
0.000753333
0.000753333
0.00113333
0.00038
0.000473333
0.000846667
0.000846667
0.000753333
0
0
0.000753333
0.00150667
0.00758
0.0187433
0.03138
0.0278033
0.02095
0.00783333
0.00604333
0.0256033
0.01352
0.0108633
0.00331667
0.00282
0.000283333
0.00165333
0.00282667
0.0106733
0.0143967
0.0262267
0.000706667
0.00098
0
0
0
0.00150333
0.00225667
0.00693
0.00620333
0.0114967
0.00789667
0.0108267
0.0173167
0.0136567
0.03605
0.00181333
0.0429267
0
0
0.00140333
0.0373333
0.00223
0.000826667
0
0
0
0.00510667
0.00510667
0.00539333
0.000286667
0.000376667
9e-05
9e-05
0
0
0
0
0
0
0
0
0
0
9.33333e-05
9.33333e-05
0.000473333
0.00038
0.00113333
0.000753333
0.000753333
0
0
0
0.00038
0.00038
0.00113333
0.000753333
0.000753333
0
0
0
0
0
0.00253333
0.00282333
0.00796667
0.00543333
0.00589667
0.000753333
0.000753333
0
0.000743333
0.00177333
0.00976667
0.02094
0.0317833
0.03711
0.03137
0.0244367
0.0138167
0.00912
0.02323
0.000826667
0
0.00865
0.0332833
0.0339
0.03493
0.0231733
0.0216
0.0267
0.00104
0.0380133
0.000476667
0.0503733
0.0431667
0.0489667
0.0321333
0.0168267
0.0297267
0.0171567
0.0170167
0.00523667
0.00452
0
0.00607667
0.00645667
0.01448
0.00915667
0.00877667
0.000753333
9.33333e-05
9.33333e-05
0.00113667
0.00179667
0.00330333
0.0092
0.02898
0.05889
0.0585
0.0405167
0.00985333
0.00405667
0.00150667
0.000753333
0.000753333
0.00589667
0.00627667
0.0116
0.00655
0.00617
9.33333e-05
0
0
0
0.000753333
0.000846667
0.00692
0.00654667
0.0198433
0.0152667
0.01995
0.00656
0.00577
0.000706667
0.0342733
0.0296333
0.0183167
0.0114567
0.00350667
0.00122667
0.00191
0.00747
0.01506
0.0255433
0.0329867
0.0298
0.00074
0.000706667
0.00074
0.00539
0.00615333
0.0195567
0.01958
0.02994
0.0225833
0.0233067
0.01515
0.01885
0.03592
0.0345133
0.0203833
0.0154967
0.0396367
0.032
0.00678
0.03209
0.03529
0.00668
0.0372433
0.00760667
0.0239167
0.04523
0.0368067
0.0213233
0.00110667
0.00269
0.00186
0.000753333
0.000753333
0
0
0
0
0
0.00038
0.00038
0.00506
0.00468
0.00468
0
0
0
9.33333e-05
9.33333e-05
0.00218
0.00218
0.0109767
0.00927
0.0206
0.0125567
0.0168567
0.00543333
0.00618667
0.00150667
0.00758333
0.00645667
0.01448
0.00915667
0.00877667
0.000753333
0
0
0
0
0.00514333
0.00767667
0.0196067
0.0196067
0.0217533
0.0105767
0.00543333
0.000753333
0
0.000743333
0.00158
0.00957333
0.0106233
0.02166
0.01876
0.0231433
0.0238633
0.02147
0.0425
0.0215033
0.00241
0.02495
0.00715667
0.00285
0.00107
0.000353333
0
0
0.00038
0.00038
0.00113333
0.000753333
0.000753333
0
0
0
0.000753333
0.00255
0.00949
0.01782
0.04744
0.05183
0.0452967
0.0165233
0.00594667
0.0102267
0.00758333
0.00854333
0.00685667
0.0187867
0.02315
0.0195133
0.00758333
0.00150667
0
0
0
0
9.33333e-05
9.33333e-05
0.000473333
0.00038
0.00187667
0.00149667
0.00149667
0
0
0
0.02279
0.00962333
0.00214333
0.00169667
0.00138
0.00647
0.00665667
0.01814
0.0140767
0.0182933
0.00822
0.00102333
0.00074
0.00567333
0.00745333
0.0205733
0.0184467
0.02779
0.0201167
0.02299
0.0148867
0.0189033
0.0385567
0.0304433
0.01493
0.0153933
0.0310567
0.0400133
0.0386533
0.04136
0.00885
0.0127933
0.01201
0.00660333
0.00624
0.00149667
0.000743333
0
0
0
0.00104333
0.00142333
0.0133533
0.01699
0.0181167
0.00618667
0.00150667
0
0.00029
0.000383333
0.00721333
0.00901
0.0224067
0.0243733
0.05264
0.0505733
0.05701
0.0313367
0.0279367
0.01421
0.0117933
0.00984667
0.02027
0.02603
0.0207067
0.00877667
0.000753333
0
0
0
0
0.00514333
0.00982333
0.0217533
0.0191433
0.0191433
0.00721333
0.00468
0
0
0.000623333
0.00146
0.0057
0.00687
0.0177933
0.0186467
0.0362567
0.03709
0.04699
0.0257267
0.0544933
0.0447467
0.01656
0.02942
0.0346967
0.02119
0.0535567
0.0434967
0.03906
0.0386533
0.03906
0.05221
0.0322633
0.04059
0.0310133
0.02221
0.03892
0.0305833
0.0484233
0.0443067
0.0522133
0.0553333
0.0526667
0.05871
0.0440733
0.06278
0.00797667
0.01063
0.00478667
0.00443333
0
0
0
0
0
0
0
0
0
0.00514333
0.00694
0.01896
0.0229
0.0327233
0.0320333
0.04883
0.0398533
0.0509967
0.0319467
0.05935
0.03859
0.0419633
0.0238467
0.02542
0.0167233
0.00479333
0.00150667
0
0
0.00514333
0.00514333
0.00767667
0.00253333
0.00253333
0
0
0
0.000743333
0.000743333
0.00541
0.00466667
0.00712333
0.0132167
0.0119667
0.02356
0.01342
0.0201433
0.00829
0.0168367
0.01114
0.02255
0.0154133
0.0194767
0.00307667
0.00274
0.00314
0.00285667
0.00504333
0.00399333
0.00972333
0.0170733
0.0193633
0.03344
0.03948
0.0516433
0.0516433
0.03756
0.0219233
0.0394667
0.0343
0.0191033
0.0152833
0.02597
0.02282
0.0226967
0.0115233
0.00752333
0.00148667
0.000743333
0
0
0.00104333
0.00618667
0.0181167
0.0196067
0.01597
0.00404
0.00150667
0.000753333
0.00104333
0.00906667
0.0151433
0.0268733
0.03234
0.06641
0.0847433
0.10175
0.0760833
0.0591467
0.0366733
0.02182
0.0106667
0.00368667
0.0152367
0.0130667
0.0127767
0.000846667
0.000753333
0
0
0
0
0
0.00468
0.00468
0.00721333
0.00253333
0.00253333
0
0
0.00452
0.00514333
0.0184233
0.0181433
0.0391633
0.0376433
0.0539667
0.0517267
0.02732
0.0608467
0.0291967
0.01613
0.02748
0.0422167
0.0257633
0.0167467
0.0111733
0.03098
0.0344967
0.02224
0.00841667
0.00546
0.0269733
0.0188967
0.00856
0.0293167
0.03511
0.03487
0.0360167
0.0428
0.05092
0.0503967
0.0291667
0.0562533
0.01098
0.00513667
0.00443333
0
0
0
0
0
0
0
0
0
0.00514333
0.00767667
0.0196967
0.0214933
0.03058
0.034
0.05294
0.0672267
0.07426
0.0834833
0.0876233
0.0829367
0.0580367
0.03992
0.02542
0.0167233
0.00479333
0.00150667
0
0.00104333
0.00618667
0.0181167
0.0196067
0.01597
0.00404
0.00150667
0
0.00103
0.00177333
0.0136633
0.0173
0.0298767
0.0204433
0.02367
0.0435467
0.0375967
0.03354
0.02913
0.0258733
0.0167833
0.0196
0.0181333
0.02678
0.0229567
0.02279
0.01164
0.00889667
0.0106867
0.00100333
0.00168
0.00248333
0.00387
0.01273
0.0299233
0.0483433
0.0571367
0.0543967
0.0442733
0.0410033
0.0485633
0.0320933
0.02694
0.00648667
0.01233
0.000773333
0.0157
0.0108567
0.0241767
0.02479
0.0250833
0.0102333
0.00234
0.00864667
0.0205633
0.0129567
0.01824
0.00641333
0.00687
0.000833333
0.000743333
0
0
0
0.00514333
0.00514333
0.00767667
0.00253333
0.00253333
0
0.000753333
0.000846667
0.00887
0.0104933
0.02242
0.0301867
0.06871
0.0942933
0.109
0.08957
0.0653833
0.03593
0.01484
0.00142333
0.00142333
0.00104333
0.00113667
9.33333e-05
9.33333e-05
0
0
0
0
0
0
0
0
0
0
0
0
0.000363333
0.00488333
0.00815333
0.02107
0.02681
0.0451833
0.04754
0.0578433
0.0460133
0.00923667
0.0526967
0.05187
0.02943
0.00785
0.01725
0.0254933
0.00677
0.0141233
0.000773333
0.0120667
0.00687
0.00161667
0.01295
0.03104
0.0171767
0.0129667
0.0422833
0.00792667
0.000703333
0
0
0
0
0.00514333
0.00514333
0.00767667
0.00253333
0.00253333
0
0
0.00253333
0.00767667
0.0146167
0.01631
0.0266067
0.0339467
0.0556267
0.0513233
0.0721467
0.0599667
0.0666167
0.0331133
0.0313167
0.0194267
0.0193333
0.00993667
0.00404
0.00253333
0.00104333
0.00142333
0.0133533
0.0130633
0.01419
0.00226
0.00150667
0
0.00103
0.00112
0.01301
0.01302
0.02625
0.0151133
0.0219667
0.00864667
0.02909
0.0137833
0.01788
0.00723667
0.00939667
0.00329667
0.00921667
0.00601
0.0111033
0.00509333
0.00579667
0.000703333
0.000666667
0.00856
0.00168
0.00259333
0.00398
0.00817
0.0252533
0.0368067
0.05027
0.0442233
0.0323633
0.0396
0.0260767
0.0361033
0.0364767
0.000733333
0.0247333
0.0218533
0.00045
0.0105433
0.00696
0.0166267
0.00607
0
0
0
0.000753333
0.000753333
0.00104
0.000286667
0.000376667
9e-05
9e-05
0
0
0
0
0
0
0
0
0
0
0.000753333
0.000846667
0.00692333
0.00854667
0.0233733
0.0330867
0.0355067
0.05819
0.0444967
0.06117
0.02366
0.0226067
0.00113667
0.00104333
0
0
0
0
0
0
0
0
0
0
0
0
0
0
0
0
0.00452
0.00488333
0.0166633
0.0154133
0.02837
0.02685
0.03017
0.0324867
0.03228
0.02813
0.00103
0.0291567
0.0390633
0.0157867
0.0117067
0.00741333
0.00345333
0.0229333
0.00577333
0.0190633
0.00045
0.00775333
0.00328667
0.000843333
0
0.00192
0.00554667
0.00103
0.00103
0.00509333
0.00830667
0.00321333
0.00671
0.00864
0.02057
0.0196067
0.01597
0.00404
0.00150667
0
0.00104333
0.00618667
0.0181167
0.0213
0.0238333
0.0261833
0.0266367
0.0300967
0.0161067
0.0251533
0.0155233
0.0168333
0.00453
0.00892
0.01925
0.02036
0.01597
0.00404
0.00150667
0.00038
0.00038
0.00113333
0.000753333
0.000753333
0
0
0
9e-05
9e-05
0.00113
0.00104
0.00179333
0.000753333
0.000753333
0
0.0149867
0.0247967
0.01295
0.0163867
0.00457333
0.00517
0.000686667
0.000686667
0
0.00145667
0.00145667
0.00655
0
0
0.00158
0.0041
0.00930333
0.0102467
0.0206667
0.02014
0.0302333
0.01939
0.0168033
0.0159233
0.0202767
0.01658
0.0202
0.0186367
0.0159633
0.00188667
0.00849
0.00136667
0.000753333
0.00219
0
0
0.00470333
0.000753333
0
0
0
0
0
0
0
0
0
0
0
0
0
0
0
0
0
0
0
0
0
0
0
0.000753333
0.000753333
0.00683
0.0121533
0.0270733
0.02147
0.02019
0.00565
0.00727333
0.00323
0.00294333
0.000846667
9.33333e-05
0
0
0
0
0
0
0.00029
0.00029
0.00104333
0.000753333
0.000753333
0
0
0
0
0
0
0.00452
0.00599
0.01777
0.0179167
0.0297667
0.0204633
0.0223867
0.0116333
0.00724
0
0
0.00937667
0.01383
0.01603
0.0181667
0.02708
0.00422667
0.00710667
0.00361
0.00224333
0.00136667
0.00150667
0.00106333
0.0216267
0.0214367
0.0116133
0.00991667
0.0169433
0.01449
0.01448
0.00255
0.00150667
0
0.00104333
0.00113667
0.0130667
0.0130667
0.02065
0.00901
0.0126467
0.00572333
0.00572333
0.00179667
0.00255
0.00833667
0.00900667
0.0104167
0.01627
0.01589
0.01448
0.00255
0.00150667
0
0
0
0
0
0
0
0
0
0
0
0
0
0
0
0
0
0.0316
0.0203667
0.017
0.00518667
0.00517
0.000686667
0.000686667
0.00443333
0.00589
0.01762
0.01828
0.0301433
0.00102667
0
0.00354667
0.00383333
0.00533
0.00281
0.0072
0.00467667
0.00677333
0.00810333
0.0199467
0.02023
0.0238333
0.02971
0.00917
0.01264
0.02447
0.00135333
0.01322
0.0131
0.000476667
0.000706667
0.0146667
0.0190933
0.00023
0.000716667
0.0139833
0.00331
0.00282333
0.000753333
0.00586
0.000753333
0
0
0
0
0
0
0
0
0
0
0
0.00029
0.00029
0.00029
0
0
0
0
0
0
0
0
0.00607667
0.00712
0.00759333
0.00759333
0.00693
0.0144833
0.00916
0.00878
0.000753333
0
0
0
0
0
0
0.00607667
0.00636667
0.01439
0.00906667
0.0102833
0.00226
0.00150667
0
0
0
0
0
0.000103333
0.00157333
0.0019
0.00646333
0.00583667
0.00798667
0.00283333
0.00793
0.00510667
0.00509
0.00455667
0.0228833
0.0110333
0.00789
0.00298667
0.00256
0.00179667
0.00179667
0.00113333
0.00038
0.00038
9.33333e-05
9.33333e-05
0.00113667
0.00104333
0.00133333
0.00029
0.00104333
0.000753333
0.00150667
0.00683
0.0129067
0.0255667
0.0224067
0.0178367
0.00546667
0.00255
0.00104333
0
0
0
0
0
0
0
0
0.000753333
0.000753333
0.00104333
0.00029
0.000383333
9.33333e-05
9.33333e-05
0
0.000716667
0.000716667
0.00582333
0.01264
0.00517
0.00108333
0.00038
0
0
0.00443333
0.00477
0.0165
0.0144967
0.02748
0.02041
0.01212
0.00613333
0.0073
0.00869
0.00270333
0.00267333
0.000256667
0.000256667
0.00600667
0.00611667
0.01796
0.0122833
0.0159833
0.00580333
0.0168933
0.00997
0.00679
0.0064
0.00801
0.00115667
0.01917
0.00116667
0.0210533
0.00854333
0.01089
0.0234567
0.00684333
0.00181333
0.00210333
0.00104333
0.00179667
0.000753333
0.000753333
0
0
0
0
0
0.00253333
0.00282333
0.00433
0.00179667
0.00150667
0
0
0
0
0
0
0
0
0.00104333
0.00618667
0.0122633
0.02315
0.0260333
0.02071
0.00878
0.000753333
0
0
0
0
0
0.00514333
0.01122
0.02315
0.02603
0.0246333
0.01421
0.00618667
0.00150667
0
0
0
0
0.00031
0.000413333
0.00314
0.00315667
0.00933333
0.00745
0.0103467
0.0213767
0.02125
0.00889333
0.0202167
0.0211767
0.00207
0.0121
0.00283
0.00750333
0.0156067
0.00111667
0.0219167
0.0059
0.0233767
0.0218333
0.0107967
0.00859667
0.00393
0.00432667
0.00262
0.0170767
0.01559
0.0196067
0.00515
0.00477
0
0
0
0
0
0
0
0
0.00607667
0.00636667
0.01978
0.0144567
0.0156733
0.00740333
0.00665
0.00767667
0.00253333
0.00253333
0
0.000753333
0.000753333
0.00179667
0.00104333
0.00189
0.0016
0.0160567
0.0155
0.0209167
0.00655333
0.00701667
0.000846667
0.00527333
0.00523667
0.0170167
0.0176033
0.0301733
0.00554
0.00145333
0.00038
0
0
0
0.000336667
0.000336667
0.00276667
0.00388667
0.00854667
0.0107833
0.0271233
0.02438
0.0162533
0.0109333
0.00334
0.000923333
0.000256667
0.000753333
0.000863333
0.00114667
0.000723333
0.000706667
0.0172433
0.000846667
0.00117667
0.03008
0.000753333
0.0245733
0.00212667
0.00761
0.00374333
0.00121333
0.0158567
0.00549667
0.02155
0.0211867
0.0132333
0.0110933
0.0179867
0.0140267
0.02099
0.00982
0.00953
0.00150667
0.000753333
0
0
0
0.00150667
0.00404
0.01597
0.01597
0.01448
0.00255
0.00104333
0
0
0
0
0
0
0
0
0.00514333
0.00618667
0.0181167
0.0130667
0.0127767
0.000846667
0.000753333
0
0
0
0
0
0.00514333
0.00589667
0.0178267
0.0129733
0.0169
0.00497
0.00468
0
0
0
0
0.00077
0.00108
0.00265667
0.00461333
0.01251
0.0172133
0.0280233
0.00998333
0.02322
0.02827
0.00107333
0
0.01448
0.00485667
0.0263567
0.0118
0.00476333
0.02014
0.00765
0.00777333
0.00119667
0.00703333
0.000763333
0.00018
0.0127367
0.0111233
0.000263333
0
0
0.00077
0.00234667
0.0249033
0.0259933
0.0294967
0.01898
0.02063
0.0106433
0.0194433
0.0275833
0.0437233
0.0372333
0.0245733
0.00656667
0.00255
0.000753333
0.000753333
0
0
0
0
0
0
0.00029
0.00029
0.00104333
0.00589667
0.01104
0.0222167
0.0196067
0.0196067
0.00767667
0.00514333
0.000753333
0.00589667
0.00694
0.0122633
0.00796667
0.00901
0.01739
0.03455
0.0386333
0.0267267
0.00947333
0.00359333
0.00556333
0.00727
0.01876
0.01527
0.0260967
0.0157733
0.00107333
0.000906667
0.000906667
0.000906667
0.00233667
0.00288667
0.0161733
0.01941
0.0298067
0.00930667
0.0225933
0.00851667
0.00215333
0.00215333
0.0102467
0.00951333
0.02395
0.0154733
0.0178267
0.00348333
0.0122233
0.00314333
0.00182
0.0274
0.01388
0.01502
0.00281667
0.02921
0.0254133
0.01431
0.00136
0.01486
0.0228067
0.000613333
0.0186767
0.0210833
0.0227667
8.33333e-05
0.00814333
0.00522
0.00423
0.00895667
0.00726333
0.0184333
0.0195067
0.0260233
0.01439
0.00906667
0.00104333
0.000753333
0
0
0
0.00150667
0.00255
0.01448
0.0130667
0.0130667
0.00113667
0.00104333
0
0
0
0
0
0
0
0
0
0.00104333
0.00104333
0.00113667
9.33333e-05
9.33333e-05
0
0
0
0
0
0
0
0.000753333
0.000753333
0.00104333
0.00029
0.00029
0
0
0
0
0.00188667
0.00228333
0.01018
0.00036
0.00502667
0.01611
0.02402
0.0176367
0.0230467
0.0290367
0.0415733
0.0390933
0.0285833
0.01133
0.00330333
0.00833667
0.00758333
0.0131967
0.00636667
0.00665667
0.00029
0.00029
0
0.000753333
0.000753333
0.00113333
0.00552333
0.00599667
0.0175467
0.0170833
0.0217533
0.00982333
0.00514333
0.00104333
0.00618667
0.0181167
0.02315
0.02603
0.0161867
0.01628
0.0262633
0.03371
0.03009
0.0175167
0.00827333
0.00825667
0.00528333
0.00499333
0.00349
0.00103
0.00248667
0.00145667
0.00901333
0.0150633
0.00695667
0.0111133
0.00649333
0.0208133
0.0312367
0.0238
0
0.00145667
0.00148667
0.00762333
0.0163833
0.0359567
0.0303033
0.02489
0.0211533
0.03052
0.00232667
0.0105933
0.03916
0.03511
0.00236
0.00319333
0.0352467
0.00161333
0.00117333
0.000306667
0.02903
0.00054
0.000233333
0.02562
0.000233333
0
0.00303333
0.00523667
0.00423
0.00250333
0.00373333
0.00862667
0.00721333
0.00646
0.000383333
0.00029
0
0
0
0
0
0.00104333
0.00104333
0.00113667
9.33333e-05
9.33333e-05
0
0
0
0
0
0
0
0
0
0
0
0
0
0
0
0
0
0
0
0
0
0
0
0
0
0
0
0
0
0.000456667
0.000456667
0.00395667
0.00381
0.00458
0.00147667
0.0198667
0.0167467
0.00248
0.00275667
0.00275
0.00948667
0.0182633
0.0202033
0.0328767
0.0395
0.0421467
0.03319
0.0249167
0.0259833
0.0381
0.02048
0.0290667
0.02353
0.0132533
0.0398933
0.02857
0.01198
0.03442
0.0407433
0.04143
0.0262333
0.0278233
0.000566667
0.000233333
0.01083
0.01276
0.01634
0.0119433
0.0112
0.00471667
0.00428667
0.00019
0.000606667
0.000416667
0.000873333
0.01519
0.01914
0.00867667
0.0145567
0.00800667
0.00441
0.00689
0.00628333
0.00346
0.01385
0.0150267
0.0248033
0.02868
0.0304333
0.0197633
0.01146
0.0105767
0.01448
0.0202667
0.0336133
0.0272967
0.02849
0.01468
0.00831333
0.00029
0.00150667
0.00226
0.0156733
0.0145467
0.0184733
0.00553333
0.00515333
0.00515333
0.00468
0.00468
0.00106
0.00210333
0.00229667
0.0131667
0.0128767
0.0207067
0.00887
0.0142867
0.00655333
0.0159933
0.0159
0.0210433
0.0249233
0.02138
0.0174533
0.00404
0.00150667
0
0.00079
0.00079
0.00257
0.0325467
0.0493333
0.0360067
0.0426333
0.0265533
0.0197267
0.01616
0.0072
0.00178
0.0115567
0.0246533
0.0372133
0.04762
0.04593
0.0382867
0.02623
0.01646
0.0540033
0.00635333
0.00964333
0.0116533
0.0666967
0.02598
0.0540567
0.0468133
0.0294833
0.06363
0.01485
0.0519233
0.0148767
0.0259433
0.01797
0.0364067
0.0117733
0.000473333
0.01802
0.0257567
0.0260067
0.02725
0.01684
0.0159333
0.00986333
0.0132433
0.00616
0.00113667
9.33333e-05
9.33333e-05
0
0
0
0
0
0
0
0
0
0
0
0
0
0
0
0
0
0
0
0
0
0
0
0
0
0
0
0
0
0
0
0
0
0
0
0
0.000683333
0.000873333
0.00413667
0.00387
0.00747333
0.00466667
0.0158333
0.0353267
0.0232733
0.02815
0.00983
0.00496333
0.00923333
0.0169733
0.0223433
0.01094
0.00994
0.0245567
0.0281633
0.0227733
0.01447
0.00714667
0.00892667
0.01965
0.0640967
0.0462567
0.0282367
0.02531
0.0242767
0.0187133
0.02586
0.0337533
0.0429533
0.0401933
0.0372167
0.0304733
0.0217733
0.05993
0.0532367
0.0163833
0.00778
0.0934633
0.08002
0.0105733
0.07793
0.100637
0.0424733
0.03033
0.0638567
0.0637867
0.0407633
0.01219
0.02513
0.0143433
0.0259767
0.0278467
0.0279167
0.0264133
0.0244167
0
0
0
0.000683333
0.0109833
0.0140933
0.0201167
0.02917
0.0246633
0.0323933
0.0180433
0.00112333
0.00519667
0.00641667
0.0139233
0.0279767
0.0251033
0.0136267
0.00986667
0.0509567
0.0655833
0.0484433
0.0455233
0.01694
0.0103567
0.0189333
0.0219133
0.0308067
0.0218633
0.0188833
0.0231667
0.00982
0.00877667
0.000753333
0.00150667
0.00189
0.0153033
0.0198867
0.0241833
0.0115233
0.00543333
0.000753333
0
0.00150667
0.00256667
0.0145733
0.01326
0.0125067
0.00125333
0.00106
0.000753333
0.000846667
9.33333e-05
0.000383333
0.00029
0.00636667
0.00645667
0.01987
0.0145467
0.0156733
0.00298
0.00222667
0.0103733
0.01601
0.03469
0.03655
0.0564367
0.0639867
0.05719
0.0475967
0.0295767
0.0399067
0.04089
0.06204
0.04474
0.0451
0.03181
0.0456833
0.0448667
0.05568
0.0442633
0.06685
0.04891
0.0513433
0.0608633
0.04767
0.0291367
0.0306633
0.08684
0.0624233
0.0104033
0.01011
0.115577
0.115223
0.02301
0.0863967
0.11541
0.0605967
0.0383333
0.0630167
0.0614733
0.0324767
0.05512
0.0248167
0.0186467
0.00791333
0.00849667
0.0157733
0.0240233
0.0342967
0.0375967
0.02922
0.02161
0.00972333
0.00543667
0.00083
0.00157
0.00074
0.00074
0
0
0
0
0
0
0
0
0
0
0
0
0
0
0
0
0
0
9.33333e-05
9.33333e-05
0.000846667
0.000753333
0.000753333
0
0
0
0
0
0
0
0
0
0.00124667
0.00828333
0.0328233
0.03728
0.02908
0.0157467
0.00611333
0.00673333
0.00296333
0.00404
0.0261967
0.02187
0.00931
0.09573
0.0455233
0.0211033
0.01297
0.0115033
0.00553667
0.00255
0.00150667
0.000753333
9.33333e-05
0.000476667
0.00302667
0.00902333
0.00969333
0.00789667
0.00759667
0.00150667
0.000753333
0.00150667
0.00624333
0.0184067
0.0256767
0.0292933
0.0174367
0.00543
0.000306667
0
0
0
0
0.00038
0.00038
0.00113333
0.000753333
0.00147333
0.00219333
0.003
0.0119333
0.04934
0.0610567
0.07597
0.0950333
0.06731
0.0597833
0.0589333
0.0577633
0.0846367
0.08337
0.0987167
0.0936133
0.0503633
0.0551567
0.09248
0.07891
0.0535133
0.0369933
0.0817167
0.0672233
0.0155633
0.00952667
0.109727
0.100637
0.10163
0.0963
0.0230667
0.0710733
0.03893
0.0257833
0.02308
0.02316
0.0256433
0.00856333
0.00963333
0.0178167
0.0207833
0.03029
0.01932
0.0190167
0.00780333
0.00611
0.00412
0.00418667
0.00844
0.00582333
0.00537667
0.000293333
0.000293333
0
0
0
0
0
0
0
0
0
0
0
0
0
0
0
0.00038
0.000473333
0.00655
0.00692333
0.00683
0.000753333
0
0
0
0.0005
0.0005
0
0.000563333
0.0241
0.06236
0.0400367
0.0573533
0.02175
0.0224667
0.0123
0.00776333
0.0117033
0.0612267
0.03827
0.0226933
0.0174
0.0863967
0.0657433
0.0579367
0.0327933
0.0247433
0.0275533
0.0154967
0.0123733
0.00511
0.00174667
0.00113
0.000376667
9.33333e-05
9.33333e-05
0.00264333
0.00255
0.00360333
0.00105333
0.00180667
0.000753333
0.000753333
0
0.000346667
0.00508333
0.0172467
0.01887
0.02351
0.0222733
0.01011
0.00512333
0
0
0
0
0
0
0
0
0
0
0
0
0.00072
0.000873333
0.00243333
0.00664667
0.0161467
0.0279367
0.0416833
0.05653
0.0710867
0.0754533
0.09433
0.0896633
0.0849967
0.0544167
0.0551733
0.0672167
0.0779067
0.0964967
0.11336
0.116847
0.10404
0.0610267
0.0657567
0.06267
0.0847767
0.0449767
0.0253233
0.0835467
0.0725567
0.014
0.0157767
0.0875
0.0849033
0.0163067
0.0128867
0.06603
0.06632
0.0215233
0.0275433
0.0392167
0.02702
0.0310067
0.04302
0.0268567
0.0487333
0.0292167
0.0146733
0.0142733
0.00815333
0.00402667
0.00398
0.00600667
0.00784
0.0190867
0.01962
0.00402667
0.00402667
0.00854
0.00501333
0.00250333
0.00906667
0.0455233
0.0236267
0.06832
0.0631333
0.0317733
0.0516633
0.0611033
0.03562
0.05537
0.03599
0.03789
0.0881567
0.08607
0.0919567
0.0620233
0.07412
0.0479967
0.04651
0.04005
0.0376467
0.0307267
0.0286833
0.0140867
0.00983333
0.00157667
0.00116667
0.000583333
0.000206667
0.000206667
0
0
0
0
0
0
0
0
0.000346667
0.000856667
0.00721667
0.00791667
0.0123933
0.00603333
0.00498667
0.000656667
0.000656667
0.00178
0.00112333
0.00112333
0
0
0
0
0
0
0
0.000633333
0.000786667
0.00256
0.00686
0.10224
0.0943167
0.08576
0.06383
0.06926
0.0451467
0.0446333
0.04375
0.03142
0.0198433
0.0449267
0.0512267
0.0635033
0.07814
0.101527
0.118157
0.142477
0.124873
0.113593
0.0882367
0.0593033
0.0706533
0.0316667
0.0751867
0.0763367
0.07761
0.0359133
0.02942
0.0469833
0.0595967
0.0472233
0.0344967
0.0402867
0.0768133
0.0749967
0.0515333
0.0769967
0.0930633
0.04794
0.0618467
0.0123633
0.00119
0.0061
0.00150333
0.00533333
0.02981
0.0372133
0.0289567
0.02257
0.0173467
0.0121067
0.01894
0.02014
0.00822333
0.00865667
0.000726667
0.000726667
0
0
0
0.00264333
0.00264333
0.00777667
0.00513333
0.00588667
0.000753333
0.000753333
0
0.000753333
0.00113333
0.00916
0.0144833
0.0261567
0.0229367
0.0108833
0.00491333
0.000106667
0.00586667
0.00928667
0.0143
0.00788667
0.0136133
0.00481333
0.0378233
0.0173033
0.08648
0.0900633
0.0727
0.0684267
0.0793333
0.07478
0.09544
0.0854067
0.0752633
0.0475233
0.0223967
0.0863333
0.107827
0.0752133
0.09284
0.00902667
0.02076
0.0141333
0.02011
0.00738333
0.00769333
0.0011
0.000206667
0.000763333
0.000763333
0
0
0
0
0
0
0.133143
0.123927
0.09478
0.0462633
0.0302667
0.0332933
0.0203233
0.0320167
0.02802
0.01603
0.0149167
0.00706
0.00696
0.0094
0
0
0
0
0
0
0.000726667
0.000726667
0.00064
0.000856667
0.00064
0.00155667
0.00104667
0.00104667
0.00131333
0.000656667
0.00658
0.00611333
0.00235333
0.00715333
0.00199333
0.000633333
0
0.00646
0.00468667
0.0180633
0.0271467
0.04399
0.0501933
0.0566867
0.0636967
0.0891733
0.112367
0.14671
0.175317
0.16019
0.11935
0.146323
0.0818733
0.0734833
0.08537
0.10859
0.0647667
0.0520467
0.0354667
0.0674033
0.0574133
0.04505
0.06991
0.0574967
0.0479633
0.0601867
0.0485733
0.07871
0.0456367
0.0518
0.09426
0.09074
0.0617333
0.0562767
0.0956033
0.0986167
0.0599833
0.00462667
0.00549333
0.0187567
0.0205
0.0315867
0.02156
0.0208
0.0106233
0.01404
0.01633
0.02647
0.0316567
0.0317633
0.0244567
0.0132667
0.0263433
0.0231233
0.0115767
0.00542
0.00221
0.00746333
0.0216767
0.01879
0.00702667
0.01076
0.0129533
0.08312
0.06205
0.0488067
0.0549433
0.0617367
0.02783
0.01623
0.00128667
0.00047
7.66667e-05
0.0148
0.02897
0.04671
0.07049
0.0913767
0.0513667
0.0396333
0.0671033
0.0619433
0.0761367
0.0945267
0.0635233
0.10451
0.08651
0.108173
0.0345
0.06576
0.0358533
0.0452833
0.0847567
0.0541467
0.0893733
0.0963133
0.10083
0.125737
0.114717
0.11766
0.13658
0.131213
0.138857
0.09585
0.121067
0.08116
0.100447
0.04788
0.03515
0.0119867
0.0105133
0.00547333
0.00270667
0.01004
0.00344667
0.0273667
0.0162733
0.0326767
0.0333067
0.0151867
0.0274433
0.00138667
0.00908667
0.000493333
0
0
0
0
0.00147333
0.0022
0.00267333
0.00133
0.000603333
0.00119
0.000716667
0.00107667
0.00101667
0.00927667
0.0137167
0.0262267
0.0191967
0.00751
0.0199133
0.000763333
0.00628
0
0
0
0
0
0
0
0
0.000733333
0.00478667
0.00514667
0.01665
0.02539
0.0436467
0.04836
0.0551967
0.0576967
0.0846633
0.0939133
0.12886
0.132767
0.15793
0.06753
0.0814133
0.0632
0.06926
0.07083
0.0490867
0.0882833
0.0498867
0.0393367
0.09482
0.0441867
0.0416967
0.0918233
0.09362
0.0438533
0.07278
0.0695067
0.00231333
0.00116333
0.00838667
0.00792667
0.0100133
0.00380667
0.00517667
0.00333667
0.0110733
0.0152733
0.0257167
0.0205033
0.0191367
0.00764
0.00575667
0.00114667
0.000726667
0
0
0.00512333
0.00776667
0.0211333
0.0211433
0.0248667
0.0122533
0.00787333
0.00150667
0.000753333
0.000753333
0.000753333
0.00878
0.00912333
0.0153867
0.00771
0.00712
0.00239667
0.00244
0.00790667
0.0116233
0.0186767
0.0219767
0.00548333
0.0162367
0.00430333
0.0486967
0.0371033
0.01357
0.0015
0.000816667
0
7.66667e-05
0.000296667
0.00206333
0.00663333
0.0355767
0.0634367
0.02794
0.0321633
0.0285567
0.0346067
0.01856
0.0732433
0.09343
0.0215233
0.0168067
0.0196167
0.02514
0.0232033
0.0906033
0.09534
0.05255
0.00976333
0.00702
0.00333
0.0744467
0.05848
0.04153
0.00527333
0.0046
0.00441667
0.000726667
0.04721
0.0136133
0.0490233
0.0320733
0.00554
0.00234333
0.00018
0.00525333
0.00475
0.02155
0.00327
0.00234333
0.00691333
0.00253667
0.00101667
0.0243433
0.0133933
0.00272667
0.03448
0.0326467
0.00297333
0.01699
0.0286867
0.0180933
0.00569333
0.00246
0.00902333
0.0229533
0.0173833
0.00108667
0.00108667
0.01355
0.00976
0
0.00584
0.02019
0.0345733
0.0129467
0.02482
0.0173367
0.0131367
0.00457667
0.01574
0.00917
0.000473333
0.0149167
0.0103133
0.00277333
0.01824
0.01488
0.00401667
0.00057
0.0273233
0.00737
0.0445733
0.04614
0.04934
0.0458267
0.0308733
0.0230533
0.0482367
0.0598533
0.0662467
0.09434
0.0740233
0.0776467
0.02099
0.06243
0.06387
0.111607
0.0931633
0.09058
0.0623533
0.06961
0.0367867
0.0871767
0.0562867
0.07993
0.0373833
0.0046
0.00642
0.00688667
0.00696
0.0135667
0.0187667
0.0274133
0.02789
0.0154333
0.00888667
0.00118667
0.000493333
0.0015
0.00297333
0.0150433
0.0140167
0.0216833
0.01033
0.0171967
0.0136867
0.00670667
0.01149
0.01412
0.0269267
0.0205467
0.00738
0.00186333
0
0
0
0
0
0
0
0
0.000733333
0.00084
0.0012
0.00152667
0.0142133
0.01684
0.03273
0.0906767
0.0737467
0.0570733
0.0720767
0.0263833
0.0170833
0.00592333
0.01219
0.000843333
0.05879
0.04066
0.07072
0.07139
0.0360367
0.03773
0.0396
0.107947
0.0404067
0.0423
0.125523
0.03874
0.04369
0.0947033
0.117577
0.04113
0.0450833
0.05387
0.07727
0.03981
0.00102
0.00177
0.00112667
0.00097
0.00212333
0.00320667
0.00862
0.00738333
0.00882333
0.00296667
0.00315
0.00054
0.000556667
0.000436667
0.000723333
0.00541
0.01102
0.0241
0.0218733
0.02263
0.0100167
0.00365
0.000753333
0
0
0.00109667
0.00109667
0.00144667
0.00035
0.000856667
0.000506667
0.000293333
0.0008
0.000806667
0.000843333
0.00577333
0.00612
0.00797667
0.0255033
0.03395
0.000753333
0.00429
7e-05
0
0
0.00022
0.00022
0.00144667
0.00136333
0.00289667
0.00331
0.00322667
0.0014
0.02076
0.01543
0.0347767
0.0100267
0.0118567
0.05134
0.00846333
0.02836
0.0235667
0.00878
0.00869
0.06679
0.04283
0.0198433
0.00954667
0.00315333
0.0412533
0.00825333
0.01129
0.0198767
0.00018
0.00200667
0.0207833
0.02213
0.0176067
0.00016
0.00016
0.00544
0.00588
0.00465
0.00025
0.0135033
0.0174233
0.0049
0.00926667
0.00950333
0.0122533
0.0222567
0.02093
0.01278
0.0145367
0.02046
0.0298867
0.00768333
0.00767
0.00793
0.00751
0.00136667
0.0279
0.00139333
0.00111333
0.00134
0.02379
0.00031
0.00964667
0.0124133
0.00125667
0.00031
0.000316667
0.00709333
0.00420333
0.00113333
0.0001
9e-05
0.0114267
0.00494
0.00208667
0.0001
0.0132133
0.0108767
0.0116267
0.00244667
0.00683667
0.0115
0.00612667
0.00413667
0.00456333
0.0192333
0.01389
0.0117967
0.00547
0.00348
0.01198
0.00663667
0.0798733
0.0207333
0.0665767
0.10725
0.0155733
0.01124
0.0188067
0.0376533
0.0213433
0.0166867
0.0205567
0.0362733
0.02807
0.00929333
0.02498
0.0180967
0.0191033
0.02622
0.0463767
0.05708
0.02582
0.0162267
0.0176333
0.0104967
0.02442
0.02325
0.0353467
0.0513567
0.02943
0.01859
0.0235133
0.01462
0.01439
0.0329267
0.02267
0.01566
0.0137833
0.00838333
0.00701667
0.0190767
0.00267667
0.00154
0.01647
0.0135533
0.00977
0.0137433
0.02361
0.02094
0.0165
0.0239433
0.0209367
0.02717
0.01515
0.0568867
0.0555567
0.0281267
0.0729567
0.0861167
0.155303
0.155833
0.11445
0.173237
0.19514
0.17972
0.156057
0.04521
0.02441
0.02606
0.00526
0.0228233
0.00179667
0.0208733
0
0.03652
0.0280467
0.00132
0
0.0329067
0.00979667
0.00244667
0.03426
0.0298467
0.01709
0.0298267
0.0282733
0.0235767
0.0229267
0.0250267
0.0276033
0.01009
0.0263367
0.00653
0.00533333
0.0291467
0.0019
0.000543333
0.00101667
0
0.00093
0
0
0
0
0.000453333
0.000116667
0.0305233
0.00776333
0.02902
0.0351467
0.0273633
0.06552
0.0464767
0.0137467
0.0461767
0.0698667
0.06625
0.0304967
0.0223633
0.0492467
0.0470233
0.04737
0.01392
0.01827
0.0119833
0.0157167
0.0158933
0.00773333
0.000693333
0
0
0.000753333
0.00225333
0.0144867
0.0258033
0.0334433
0.0423
0.0374067
0.03917
0.0238733
0.03092
0.0255167
0.02408
0.0163933
0.0253667
0.0209133
0.0160767
0.00298333
0.00193667
0.000203333
0.00013
0.00013
0
0
0
0
0
0
0.000106667
0.000106667
0.00116667
0.03802
0.0229967
0.0332067
0.03147
0.00798333
0.00267333
0.000556667
0.00205667
0.00746
0.00535333
0.0181
0.0105367
0.00755
0.0225733
0.0368067
0.0511033
0.0346633
0.0549833
0.0700333
0.07307
0.0926533
0.0467667
0.00315
0.00296667
0.000983333
0.00215333
0.000356667
0.000866667
0.00457333
0.00426333
0.00875667
0.00533667
0.00861333
0.00961
0.0148833
0.01172
0.00905667
0.00344667
0.00289667
0.00096
0.00096
0.00225667
0.00129667
0.00129667
0
0
0
0
0
0
0
0
0
0.0270533
0.0473533
0.00775667
0.00531333
0.00435333
0.00279333
0.000216667
0.000146667
0
0
0
0.000273333
0.00041
0.00311
0.00331333
0.00919
0.00705333
0.00781
0
0.000256667
0.000256667
0.00046
0.000436667
0.00171
0.00211
0.00319
0.00717667
0.0208867
0.02563
0.00890333
0.0424333
0.03146
0.00835333
0.0278133
0.000636667
0.0493633
0.0447767
0.0193233
0.000266667
0.00401333
0.0300067
0.00309
0.00342
0.0150933
0.00901
0.02283
0.00701333
0.0106233
0.00372667
0.0391067
0.00137333
0.0328833
0.0261467
0.00593
0.0299467
0.00261
0.00157333
0.00291667
0.00105
0.00161
0.00157333
0.00492333
0.00286333
0.02936
0.00067
0.00343333
0.0180667
0.00357
0.00022
0.01896
0.000956667
0.000693333
0.000236667
0.03397
0.0225567
0.00228
0.00597333
0.00254333
0
0.02383
0.0251767
0.00889333
0.0110033
0.0209933
0.0146967
0.00029
0.00075
0.0117633
0.0103367
0.02494
0.00261
0.00831333
0.00806333
0.0227567
0.00290667
0.0195133
0.00339333
0.00817
0.00293
0.0180967
0.02265
0.00396667
0.000963333
0.00279333
0.00115667
0.00289667
0.00242
0.00976333
0.00220667
0.00082
0.00472
0.0100633
0.00780667
0.01196
0.00246
0.0198267
0.02216
0.02013
0.01191
0.0308533
0.434787
0.132263
0.237203
0.0249233
0.0854033
0.0283167
0.0662967
0.11322
0.09055
0.169947
0.155783
0.358763
0.0144467
0.0124967
0.0153233
0.00524333
0.02384
0.03836
0.03019
0.0603267
0.0625833
0.08671
0.292397
0.0928167
0.07937
0.00918667
0.00828667
0.00258
0.00183
0.00166667
0.00157333
0.00398667
0.0135967
0.0126633
0.0124033
0.00882333
0.01541
0.0213467
0.03977
0.0267067
0.000763333
0.00440333
0.00635
0.0365133
0.00664667
0.00938333
0.00855333
0.02439
0.0326733
0.0548433
0.0189633
0.0069
0.00592667
0.0584
0.0354967
0.0125667
0.00899
0.00962667
0.0196867
0.0197167
0.0496067
0.0568233
0.0319433
0.02347
0.0124433
0.00696333
0.00514333
0.0403667
0.0254233
0.03836
0.0304733
0.0225
0.0233
0.00958
0.00719667
0.00807
0.0157167
0.00918667
0.0109067
0.00360667
0.00797333
0.0143467
0.02303
0.0147567
0.0142367
0.00931667
0.0143567
0.0147333
0.0146767
0.00872333
0.00184333
0.01476
0.02029
0.00815333
0.00568
0.0196933
0.0209767
0.0256967
0.01902
0.0111033
0.00681333
0.0111967
0.00593
0.01735
0.0133067
0.0211833
0.01463
0.0122767
0.00656
0.0081
0.0203333
0.02999
0.03681
0.0312333
0.0236333
0.02543
0.0172833
0.0210967
0.02643
0.0336633
0.03246
0.0164867
0.02128
0.00579667
0.01705
0.0196033
0.0297067
0.03276
0.02725
0.02271
0.0247033
0.0269167
0.0305433
0.01595
0.0183533
0.0233567
0.0311333
0.0210367
0.00501667
0.00551
0.02751
0.02822
0.03148
0.03148
0.0388933
0.0323367
0.0230633
0.0625533
0.0609433
0.0272033
0.0106733
0.00913
0.00652
0.0104667
0.0184533
0.0352767
0.0475933
0.0698567
0.0611567
0.0812167
0.0444433
0.08705
0.100147
0.169283
0.0523133
0.0141667
0.0153767
0.03253
0.12419
0.16562
0.211113
0.12241
0.06424
0.126277
0.152453
0.193883
0.169387
0.0968367
0.211747
0.162403
0.183353
0.100863
0.06833
0.144767
0.12542
0.132863
0.0181933
0.0537467
0.0764133
0.0249533
0.0443633
0.0307
0.02139
0.03836
0.0262233
0.0228667
0.0257333
0.02856
0.02114
0.0110433
0.01991
0.0183333
0.0195533
0.0205333
0.00097
0.000826667
0.00203
0.000936667
0.000296667
0.00123333
0.00452667
0.00607
0.005
0.00154333
0.0270133
0.0171333
0.00606667
0
0
0
0.0321267
0.0392267
0.00215333
0.00132
0.0328
0.0228367
0.01548
0.00950333
0.0276967
0.0185167
0.02892
0.0295
0.03356
0.0292533
0.04017
0.0317233
0.0174567
0.0217267
0.0269833
0.00134667
0.000866667
0.02424
0.00726667
0.00075
0.0154367
0.000193333
0.00228333
0.000656667
0.0240267
0.0236033
0.0212633
0.00722667
0.00422667
0.00392
0.0213267
0.0185733
0.0231767
0.0287633
0.02962
0.0253733
0.0124067
0.00805667
0.00704
0
0
0.00187
0.00489333
0.01601
0.0301767
0.04808
0.0627867
0.05877
0.0604433
0.04789
0.0515867
0.03318
0.02013
0.01223
0.00923667
0.00894667
0.00261667
0.00149
0.000573333
0.00311333
0.00274333
0.00261333
0
0
0
0.0150433
0.0212067
0.0289033
0.0263867
0.0290667
0.0190533
0.02354
0.00836333
0.0203867
0.0127567
0.0303467
0.0282833
0.01532
0.0236633
0.00947333
0
0
0
0.00672667
0.0149133
0.0136433
0.0116833
0.0298567
0.0339567
0.0282767
0.02078
0.0287
0.0307967
0.0279033
0.01507
0.01454
0.00910333
0.00524333
0.0112667
0.00675333
0.02549
0.01263
0.0331433
0.0479633
0.04346
0.0311167
0.01901
0.02273
0.0197133
0.0396633
0.0478467
0.03041
0.0331
0.0318333
0.0276067
0.0300833
0.0275467
0.0323
0.0808067
0.11161
0.0441833
0.0466133
0.04089
0.0405867
0.0276767
0.0267267
0.0210233
0.0307733
0.0373167
0.0380233
0.0714933
0.103897
0.1347
0.13332
0.04524
0.0437833
0.0472467
0.0482933
0.0479633
0.0379933
0.0243933
0.0309367
0.08083
0.111853
0.101947
0.0461867
0.0496667
0.0548267
0.0493267
0.0465233
0.03552
0.0239367
0.0243933
0.0408167
0.0766667
0.05552
0.06068
0.05759
0.0489333
0.01597
0.0299633
0.00824667
0.00977
0.00616
0.00142
0.0211433
0.00919333
0.0313933
0.0210167
0.0273033
0.0169333
0.0261067
0.0256267
0.02306
0.0079
0.01239
0.00184
0.00162
0.00496667
0.0102433
0.00515667
0.0117133
0.00734333
0.00613667
0.00662667
0.000806667
0.00645667
0.0114867
0.00712
0.01177
0.0151367
0.0311167
0.0459
0.0291233
0.04078
0.0412467
0.02079
0.0012
0.00105333
0
0.000273333
0.0199867
0.0302233
0.0201833
0.01898
0.00679
0.00555667
0.000746667
0.000673333
0.000806667
0
0.00041
0.00041
0.00041
0.00041
0.00126667
0.00212667
0.0152867
0.0148433
0.0133133
0.00885333
0.0101933
0.0356833
0.00990667
0.0245933
0.00681
0.0219633
0.0201433
0.0195867
0.0147067
0.00267
0.00494667
0.00757333
0.0086
0.0232333
0.00636333
0.00284667
0.00394333
0.00217
0.01247
0.00213
0.0151267
0.0156533
0.00187333
0.0329567
0.0169167
0.000906667
0.00349667
0.04991
0.0299967
0.00133667
0.00528
0.0266267
0.0373967
0.02439
0.00114333
0.0015
0.00375667
0.00994333
0.0122633
0.00431333
0.00423
0.00393
0.00349333
0.00371
0.0155933
0.0154167
0.0032
0.00064
0.0354567
0.0159467
0.0255233
0.00235333
0.00146667
0.00064
0.03987
0.00142333
0.00114333
0.0202567
0.00110333
0.00212
0.0235033
0.0197033
0.00267667
0.0229067
0.00999333
0
0.01383
0.01334
0.00875333
0.00632667
0.00567667
0.0195533
0.00586
0.000966667
0.000876667
0.00831
0.0101233
0.0141467
0.00217333
0.0201667
0.00310667
0.00681333
0.00213
0.00286
0.00282333
0.0272233
0.0025
0.01426
0
0.00432667
0.00752667
0.0162033
0.00107333
0.00733667
0.00859667
0.0209733
0.0341333
0.00235333
0.0184633
0.0217633
0.0339767
0.0309833
0.0180767
0.01715
0.00241667
0.0239433
0.0101967
0.0214533
0.01916
0.0208533
0.0191933
0.00206333
0.0172533
0.00259667
0.0180533
0.00378667
0.00424
0.0236767
0.0130367
0.0153867
0.00061
0.000533333
0.001
0.0202667
0.0185267
0.00312333
0.00482333
0.0158833
0.448823
0.20438
0.0544933
0.170077
0.0569567
0.0471533
0.02977
0.27362
0.199017
0.50635
0.43537
0.0336467
0.0142533
0.03169
0.0150233
0.0100133
0.0214833
0.0133933
0.0342267
0.02207
0.433447
0.00597
0.00536667
0.00647333
0.00225333
0.00407
0.00504333
0.00428
0.00772333
0.00613333
0.00677
0.00575333
0.01912
0.00403667
0.0072
0.00546
0.00649667
0.00218333
0.00151
0.00255333
0.00242667
0.0035
0.00191667
0.00180333
0.00888
0.0124667
0.0278167
0.0262567
0.0209833
0.0124233
0.0185667
0.0177667
0.0239067
0.0135767
0.01054
0.00278667
0.00140333
0.00107333
0.00528
0.00979667
0.02841
0.0428433
0.0600867
0.0503333
0.00962
0.0185867
0.02312
0.03137
0.0313567
0.02571
0.0152233
0.00816333
0.00209667
0.000693333
0
0.00675
0.00491667
0.000866667
0.00203333
0.0297567
0.0532733
0.06917
0.0138867
0.0207633
0.00542667
0.0121567
0.0139
0.02504
0.02334
0.00719
0.00112333
0.000693333
0.00304333
0.00218
0.00792
0.01634
0.0218233
0.04109
0.01569
0.002
0.00631
0.00667333
0.0125633
0.00761
0.00163
0.000343333
0.000666667
0.000323333
0.000323333
0
0.00069
0.00069
0.00643
0.00648
0.0134533
0.0108833
0.000963333
0.00530333
0.000926667
0.00150333
0.00321333
0.00343
0.00351667
8.33333e-05
0.000166667
8.33333e-05
0.00083
0.00148667
0.0132
0.0292933
0.00991
0.0176733
0.00547333
0.00083
0.00104333
0.00618667
0.01718
0.0142933
0.00149333
0.000746667
0.000746667
0
0.000333333
0.000416667
0.00286333
0.00261333
0.00717667
0.00547667
0.0151933
0.0242867
0.000866667
0.00143667
0.00552333
0.0128567
0.02284
0.0118567
0.00659
0.00656667
0.00147
0.00136667
0.000976667
0.00533
0.00713333
0.0187867
0.0184933
0.0296167
0.0280933
0.0189533
0.0187967
0.00759333
0.00581667
0.000996667
0.000653333
0
0.00122333
0.00259333
0.01014
0.0189967
0.01795
0.0107867
0.00639333
0.00207
0.00613667
0.00978667
0.02238
0.0292833
0.0368833
0.0369233
0.03069
0.0231067
0.00737333
0.00305333
0.00208
0.0258267
0.0189
0.0120133
0.00667
0.00170333
0.00549333
0.00622333
0.01946
0.02149
0.03201
0.02376
0.0334233
0.0263167
0.00494333
0.00492
0.00028
0.000623333
0.000343333
0.000343333
0
0
0.00071
0.0247767
0.01368
0.00784333
0.00179667
0.001
0.00075
0.00218333
0.00293333
0.00900333
0.03922
0.0468733
0.0495533
0.00049
0.000233333
0.00207667
0.00128
0.00075
0.0015
0.00717667
0.000773333
0.00137
0.00108667
0.00777
0.00691667
0.00714
0.000223333
0.02079
0.0139833
0.00842667
0.00196
0.01369
0.101483
0.0681867
0.107447
0.03036
0.0248467
0.00226
0.132007
0.146943
0.185277
0.0328533
0.11711
0.0816333
0.0135467
0.0508033
0.0740933
0.0154733
0.02503
0.01472
0.0439533
0.04712
0.0720867
0.0195767
0.0238433
0.0268
0.0343367
0.0172867
0.00166667
0.0199967
0.02934
0.0244333
0.0181433
0.03809
0.0398833
0.0261033
0.0153467
0.0342067
0.0189567
0.00685
0.00637
0.0298833
0.0066
0.02083
0.00657
0.000543333
0.00075
0.0112867
0.000466667
0
0
0.0165533
0.000453333
0.000993333
0.00054
0.00804
0.01085
0.0213833
0.03056
0.0393533
0.0225
0.0122733
0.04041
0.0255833
0.0269833
0
0
0.00111667
0.00132
0.00434333
0.00386
0.0185767
0.0313233
0.05763
0.0555967
0.0624267
0.0504933
0.0522067
0.0302367
0.0165667
0.00238
0.00295
0.00220333
0.00216
0.00758667
0.0185067
0.0239
0.00681333
0.0128967
0.00155
0.00324
0.000883333
0.00141667
0.000883333
0.00472
0.00932333
0.00210667
0.01033
0.01974
0.00941667
0.02204
0
0
0
0.000236667
0.01566
0.0100867
0.01239
0.00641333
0.00068
0.00476333
0.0102233
0.0333133
0.03231
0.0233033
0.02563
0.01103
0.00836333
0.0198733
0.02194
0.0254167
0.0365567
0.0294433
0.0329267
0.0183833
0.0304933
0.0223967
0.0314467
0.02472
0.0192967
0.0212567
0.0153333
0.00217667
0.0231033
0.0217233
0.01178
0.00517333
0.0122033
0.000673333
0.00337333
0.0143733
0.0377767
0.0313133
0.00637333
0.00156333
0.000673333
0.00577
0.01051
0.0233967
0.0309967
0.04034
0.0272233
0.0145067
0.0181067
0.0224233
0.02644
0.01863
0.0150433
0.00763667
0.00251667
0.00101667
0.00065
0.00085
0.00092
0.00051
0
0.00229333
0.02038
0.0140833
0.00169667
0.0158233
0.0327467
0.01648
0.00452333
0.01853
0.02294
0.00468667
0.0101733
0.00638
0.00636333
0.00394
0.000856667
0.0152233
0.0118767
0
0.02735
0.03616
0
0
0.0405933
0.000316667
0.0274867
0.00142
0.00294333
0.0128667
0.01216
0.0151033
0.0150533
0.00848
0.00224
0.00123
0.01735
0.02881
0.0337033
0.0221933
0
0.0266367
0.0102067
0.000123333
0.01914
0.00162
0.00133333
0.00684
0.02996
0.0202067
0.00684
0.00510333
0.00479333
0.000876667
0.02287
0.0103233
0.02135
0.01941
0.01196
0.00903333
0.00029
0
0.01004
0.01039
0.03277
0.0163633
0.00865
0.00116667
0.01211
0.0217067
0.00861667
0.00229333
0.0233233
0.00278
0.00326333
0.00984333
0.0149633
0.000546667
0.00395333
0.0146133
0.0148867
0
0.00221667
0.00779
0.02613
0.00363
0.03589
0.00456
0.00373
0.01041
0.0118
0.02312
0.00887667
0.0217333
0.0277367
0.00145333
0.03008
0.0170533
7.66667e-05
7.66667e-05
0.000466667
0.0100667
0.00648
0.01787
0.00304667
0.00383
0.00383333
0.00345
0.00575667
0.0148933
0.0195533
0.00473667
0.00243
0.00215333
0.00046
0.02457
0.0306533
0.0274533
0.00771667
0.000746667
0.0190933
0.0259567
0.00906333
0.00209333
0.00754333
0.17955
0.0696933
0.0199867
0.168323
0.290303
0.482747
0.0387033
0.0462233
0.03973
0.0275033
0.0412667
0.0264633
0.02355
0.0108133
0.01111
0.0119633
0.0141533
0.00765
0.0166433
0.0281033
0.0364567
0.0159433
0.0376767
0.0269767
0.0281767
0.0337267
0.00408333
0.01741
0.0157433
0.01943
0.02696
0.00975333
0.02096
0.413637
0.164887
0.0211067
0.0216933
0.0232167
0.01134
0.00884667
0.00087
0.00073
0.00021
0.00416667
0.00791333
0.02639
0.00257
0.00470667
0.00483
0.00865333
0.00792333
0.0113567
0.00881667
0.00241
0.00436
0.00367333
0.00643667
0.11486
0.329647
0.0733
0.0704467
0.0129567
0.00995333
0.00798333
0.00992333
0.00389667
0.00379
0.00153
0.00110333
0.000753333
0
0.000373333
0.00433
0.00491667
0.00515333
0.00859333
0.00542667
0.00560667
0.00178
0.00106667
0.00244667
0.0120033
0.01716
0.0205633
0.0153767
0.00878
0.00179
0.00483
0.0152733
0.0158267
0.02374
0.0127667
0.0135467
0.00231667
0.0170533
0.0285433
0.025
0.004
0.0103233
0.00267
0.00181667
0.00136
0.00327667
0.00341667
0.00764
0.00586
0.0105767
0.00589667
0.00514333
0.000373333
0.00096
0.000586667
0.00119667
0.00061
0.0014
0.00137333
0.00157333
0.00672667
0.00831333
0.0225667
0.02547
0.0401867
0.0384633
0.0438767
0.03972
0.0317567
0.01894
0.00802333
0.00488
0.01044
0.02588
0.01906
0.01307
0.00188667
0.00301333
0.00980333
0.01963
0.0304067
0.0339633
0.0268767
0.0158733
0.0193067
0.01749
0.0139
0.01276
0.00547667
0.00429667
0.00103
0.000743333
0.0071
0.00889
0.02053
0.01914
0.02175
0.00589667
0.000753333
0
0
0
0.000583333
0.0100567
0.016
0.0417367
0.0467167
0.0660733
0.05664
0.0564467
0.0454067
0.0332867
0.0194567
0.00701
0.0024
0.00897333
0.00889333
0.0208333
0.0165367
0.0155933
0.00349667
0.00145
0.00276
0.00681667
0.0137367
0.0182367
0.02508
0.0198767
0.0181167
0.03162
0.02596
0.0256433
0.0141467
0.00468667
0.00148667
0.000743333
0.00661667
0.0119433
0.02461
0.0314067
0.0372667
0.029
0.0217533
0.0105767
0.00543333
0.000753333
0
0.0556233
0.0823467
0.0878167
0.0811167
0.05918
0.03719
0.018
0.00389667
0.00486333
0.00313
0.00270667
0
0.00066
0.00066
0.00550667
0.0058
0.01161
0.00710667
0.00853
0.02789
0.0341967
0.0256
0.0108033
0.000743333
0.0012
0.000743333
0.00587333
0.00673
0.02014
0.02007
0.0304
0.0205667
0.0201867
0.00825667
0.00468
0
0
0.00947333
0.0245033
0.0443333
0.06088
0.0820467
0.0791
0.0727
0.0416367
0.0280633
0.00978667
0.00569667
0.00451
0.00293333
0.00287
0.00211667
0.00244667
0.00146667
0.00117667
0.000753333
0
0
0
0
0.000953333
0.000953333
0.00129667
0.0216567
0.0173533
0.0032
0.002
0
0.00029
0.00189
0.00695
0.02282
0.04066
0.05889
0.058
0.0570433
0.0360467
0.02704
0.01321
0.00953
0.00544
0.0189633
0.0180833
0.0139233
0.0257167
0.01651
0.0172667
0.00395667
0.00271
0.00104333
0.00712
0.0114267
0.0230667
0.0205667
0.01696
0.00503
0.00145333
0
0.00753333
0.0153233
0.0335667
0.0253033
0.0139533
0.0208467
0.0160133
0.0209833
0.00916
0.0141933
0.00646
0.01978
0.0144567
0.0193067
0.00589333
0.00522333
8.33333e-05
0.000363333
0.00028
0.00102667
0.000746667
0.01997
0.0206767
0.0251333
0.01628
0.0320633
0.00346333
0.00758333
0.0202433
0.03142
0.0313933
0.0194333
0.00849
0.00244
0.00138
0.00792667
0.02311
0.0167
0.0257867
0.0318367
0.0318667
0.0260267
0.0199967
0.0199967
0.0239033
0.03142
0.03142
0.02463
0.0125067
0.00651333
0.00382
0.00281
0.00874
0.00704
0.02872
0.0293667
0.0201167
0.00898333
0.0269
0.01496
0.0219233
0.0178367
0.00484333
0.00302667
0.00107
0.00590667
0.01932
0.0210967
0.0219933
0.00896
0.00741667
0.00205
0.00206333
0.0159467
0.01919
0.0259933
0.0205333
0.0205367
0.00965333
0.0130167
0.0130167
0.0239033
0.0240833
0.01335
0.00856333
0.00688667
0.00813667
0.0202033
0.01859
0.0256433
0.03503
0.00774333
0.00842
0.00308667
0.00962
0.00298667
0.000416667
0.000316667
0.000763333
0.00591667
0.00698333
0.00875
0.00369333
0.00300667
0.00141
0.00199667
0.00587333
0.0119467
0.00720333
0.00898667
0.00300667
0.00367
0.00218
0.00816333
0.00721333
0.00736667
0.00267
0.00697667
0.0190767
0.02944
0.0369333
0.0315233
0.01453
0.0214267
0.00171667
0.00071
0.00100667
0.00357667
0.00257
0.00267
0.0001
0.0001
0
0.000763333
0.00183
0.00106667
0.00116333
9.66667e-05
0.00103
0.00113
0.000473333
9.33333e-05
0.00113667
0.00104333
0.00104333
0.00113667
0.00089
0.00227
0.00415
0.01665
0.0221067
0.0320267
0.0457033
0.0828133
0
0
0
0
0
0.00052
0.00052
0.00127667
0.00127667
0.00097
0.00257667
0.00437667
0.0104167
0.10921
0.153127
0.000223333
0
0
0
0.000116667
0.000116667
0
0
0
0
0.00427667
0.00375667
0.000596667
0.00161667
0.00154667
0.009
0.0103133
0.00286
0.00304667
0.000186667
0.00036
0.0160467
0.00823333
0.00131667
0.00109333
0.00862667
0.00234667
0.00227667
0.00256
0.0968367
0.142917
0.121173
0.126703
0.159983
0.0653867
0.155027
0.13336
0.0252533
0.0344867
0.0416767
0.0350233
0.0392033
0.0232
0.01743
0.0323233
0.0235167
0.00181
0.00084
0.00109333
0.00139
0.00798333
0.00345667
0.0122067
0.0159467
0
0
0.0236533
0.0209467
0.000833333
0.000833333
0.01935
0.00813
0.00842333
0.01503
0.0231167
0.02418
0.0411467
0.0318067
0.0401167
0.0362433
0.0319567
0.03209
0.0189467
0.00679667
0.0218433
0.00183667
0.00693333
0.0107833
0.00129333
0.00619333
0.00394
0.0112133
0.0127667
0
0.000883333
0.000203333
0
0.000836667
0.000203333
0.00138667
0.0241733
0.00915667
0.0415433
0.0364267
0.0313833
0.0292633
0.01607
0.01893
0.00147667
0.000846667
0.00154
0.00095
0.00671333
0.00688
0.0107267
0.02084
0.0110367
0.0100167
0.00921
0.00319
0.01732
0.00134667
0.000263333
0.00347667
0.00484
0.00402333
0.00255667
0.00121333
0.00095
0
0.000443333
0.00547333
0.00159333
0.00095
0.000796667
0.00124
0.00507667
0.00571333
0.00161
0.00071
0.00073
0.00473333
0.000896667
0.00847
0.01428
0.00112333
0.0004
0.000906667
0.00588333
0.00807667
0.0145833
0.0298167
0.01665
0.00821667
0.00875333
0.00828667
0.000976667
0.00138667
0.0001
0.00424
0.0264467
0.0144433
0.00518
0.00708
0.0205567
0.0232067
0.03539
0.0250167
0.0258767
0.02558
0.0288833
0.0444833
0.03973
0.0270133
0.0243
0.00628333
0.01371
0.0224067
0.02985
0.0241133
0.0171167
0.0101833
0.00299
0.00214
0.0013
0.000303333
0.02165
0.02366
0.00409
0.000426667
0.0115033
0.00681
0.00435667
0.00726
0.00693333
0.00913
0.00126333
0.00199333
0.00985667
0.0209367
0.00075
0.000603333
0.0217533
0.0316467
0.00117333
0.00144667
0.0123167
0.02049
0.01717
0.00899333
0.0093
0.00985667
0.00905667
0.0116733
0.00421
0.00588667
0.0206133
0.01049
0.0258133
0.0162467
0.00844667
0.00158667
0.0143567
0.0238567
0.00848667
0.000113333
0.00288667
0.00716667
0.0177867
0.0143933
0.00056
0.00129
0.00296333
0.00127
0.0311167
0.0179633
0.00372667
0.00043
0.00398667
0.0261533
0.00043
0.00256
0.02178
0.0336567
0.00109333
0.0335733
0.02447
0.02678
0.000503333
0.0261267
0.000133333
0.00582667
0.00463
0.0185667
0.00091
0.000843333
0.0207033
0.01262
0.0244367
0
0.01492
0.01143
0.000286667
0.0152067
0.0142933
0.0163133
0.000286667
0.0024
0.00953
0.00964333
0.0120967
0.01463
0.00934333
0.00180667
0.00180667
0
0.00915333
0.00931
0.0259933
0.000113333
0.000113333
0.0102667
0.0167133
0.0297667
0.00202667
0.000623333
0.00913333
0.0139667
0.0281533
0.00534333
0.00690333
0.02322
0.03407
0.02432
0.0308067
0.0265833
0.01406
0.00986333
0.0115033
0.0151233
0.244127
0.479097
0.0244033
0.0527333
0.0337733
0.0629867
0.06969
0.03542
0.0496967
0.02407
0.0269633
0.01146
0.0105233
0.00196
0.0307867
0.01986
0.0229433
0.02524
0.0205133
0.0214367
0.12442
0.01013
0.00636333
0.00778667
0.0068
0.00847667
0.01187
0.0105467
0.02632
0.03692
0.02485
0.0127867
0.00925667
0.00880667
0.0153267
0.04232
0.05507
0.0764667
0.0672967
0.0531133
0.02656
0.0344267
0.0204333
0.0232567
0.03522
0.0130367
0.0292133
0.01611
0.01984
0.01982
0.0274
0.0207233
0.0284567
0.01019
0.0213133
0.00207333
0.00667
0.28582
0.45454
0.416013
0.5152
0.11064
0.00941667
0.01848
0.00781333
0.01053
0.0281467
0.00160333
0.00724
0.0067
0.0338667
0.0479867
0.06002
0.0419067
0.0277233
0.00787333
0.00549333
0.00794
0.01494
0.01012
0.01338
0.0163467
0.00717
0.04951
0.16767
0.1393
0.218923
0.0123833
0.0213533
0.01086
0.02754
0.0169033
0.00813333
0.02955
0.0227067
0.0454667
0.04071
0.0160667
0.03463
0.00322333
0.00349333
0.00515667
0.0349333
0.0174433
0.0233333
0.00635333
0.0168733
0.01948
0.0237467
0.00224667
0.00540667
0.00952667
0.0190267
0.0265467
0.02558
0.0219633
0.0280867
0.0118967
0.0043
0.00994333
0.0146033
0.00465
0.00614333
0.0164
0.0124233
0.0150833
0.0120733
0.00601667
0.00958
0.01456
0.00997
0.00282333
0.0103933
0.0217067
0.00241333
0.00223667
0.00199
0.00303333
0.00705667
0.00591333
0.00212
0.00362
0.0106467
0.0211633
0.0279933
0.00116667
0.0052
0.00652
0.0180233
0.01349
0.0180167
0.0142933
0.0133367
0.00422
0.012
0.0169267
0.0275467
0.0280967
0.0280667
0.00548
0.00976
0.02843
0.0293967
0.02542
0.00843667
0.01368
0.0156033
0.0131567
0.01904
0.02
0.0254133
0.0150567
0.0466267
0.0891367
0.0569333
0.0685367
0.0719733
0.00723667
0.01631
0.013
0.0135033
0.0231233
0.0240767
0.02847
0.0230667
0.0117567
0.00888333
0.00836
0.00499
0.0107467
0.0141333
0.01303
0.01316
0.0238267
0.0547367
0.06988
0.0939733
0.0770733
0.0138833
0.0100367
0.0115867
0.0115667
0.0144367
0.0138033
0.01804
0.0163633
0.00371667
0.01046
0.0161967
0.0196933
0.01776
0.0143533
0.02295
0.00773333
0.0452333
0.0500067
0.01774
0.0278367
0.00846
0.0238633
0.0172467
0.02048
0.0156433
0.00609667
0.00839333
0.0144233
0.02548
0.00833
0.0155567
0.0278633
0.0262633
0.03146
0.0214833
0.0232867
0.01385
0.00812667
0.0275533
0.04372
0.04867
0.04721
0.0254133
0.01401
0.0136367
0.00071
0.00563
0.0316433
0.02981
0.02086
0.01352
0.0106
0.0239567
0.0328067
0.04509
0.01686
0.03118
0.0349567
0.0396867
0.03779
0.0302367
0.02571
0.0162233
0.01244
0.00593
0.0252667
0.0346567
0.0419433
0.03979
0.0345633
0.0225967
0.0143167
0.00366
0.00203333
0.00115333
0.0239967
0.0163633
0.02084
0.0313533
0.0607467
0.0656333
0.07708
0.0728567
0.0907567
0.05381
0.0452
0.0235233
0.0123467
0.00957333
0.00594
0.00807333
0.02089
0.02969
0.0214267
0.01747
0.00798333
0.00668
0.00147667
0.0174433
0.05362
0.08332
0.14463
0.172753
0.11027
0.107197
0.03095
0.0179033
0.00866
0.00584667
0.00798
0.01704
0.0204067
0.0284567
0.0250967
0.0171567
0.05297
0.0835
0.105547
0.10092
0.09235
0.0151433
0.0209367
0.000116667
0.00200333
0.00628
0.00252333
0.0110133
0.00588
0.000446667
0.00626
0.00186667
0.0137767
0.0309233
0.0269667
0.0189067
0.01429
0.0159333
0.00925333
0.00199667
0.000566667
0.00168
0
0.000566667
0.00150667
0.000753333
0.00927667
0.0224
0.0345333
0.02917
0.0395567
0.0183233
0.00596333
0.00265667
0.000616667
0.000783333
0.00043
0.00948667
0.00398
0.0217967
0.02039
0.0301733
0.00705667
0.0147633
0.0264933
0.02847
0.0171667
0.0294733
0.0319667
0.0275933
0.02228
0.00947333
0.00267
0.00253667
0.00116333
0.00622
0.00852
0.0210867
0.01838
0.0185333
0.01494
0.0147267
0.00912667
0.00780333
0.00158333
0.00603333
0.0186
0.01871
0.02594
0.0181267
0.0261333
0.00695333
0.00633667
0.0193967
0.0172133
0.02443
0.01336
0.01073
0.0267567
0.02695
0.0150967
0.00783
0.00979667
0.000246667
0.00172667
0.00321333
0.00859333
0.00775
0.0144667
0.00305333
0.00104
0.0163533
0.0206533
0.00317
0.00115667
0.00127
0.00662
0.01092
0.00768333
0.00319333
0.00248333
0.00096
0.00178667
0.01317
0.00889
0.0102467
0
0.00146667
0.0151033
0.0152733
0.0231467
0.0224
0.000106667
0.00157333
0.01597
0.0297867
0
0.000106667
0.0228367
0
9.66667e-05
0.000503333
0.00721667
0.01026
0.00023
0.0017
0.00424333
0.00149333
0.00231333
0.00585333
0
0.0308033
0.0248067
0
0.00240667
0.0221567
0.0283433
0
0.00115
0.00423333
0
0.00688
0.00802333
0.00156
0.0217833
0.00200333
0.00327
0.0260533
0.00087
0.02865
0.0207133
0.00382667
0.000756667
0.00038
0.00685
0.0261433
0.0108167
0.00387
0.000553333
0.000133333
0.00246667
0.00158
0.00180667
0.00858
0.00163333
0.000553333
0.00526
0.00442667
0.00465333
0.00108
0.0638033
0.0569433
0.0348833
0.01918
0.00899
0.00416333
0.00223333
0.00203667
0.00196667
0.00873667
0.0199633
0.02389
0.03262
0.0424267
0.02124
0.0171067
0.0123867
0.0234833
0.03069
0.02147
0.03273
0.0378633
0.0343367
0.04643
0.04913
0.03436
0.0157767
0.0518833
0.0359033
0.0410633
0.0361367
0.04091
0.0334733
0.0335733
0.0220167
0.0264433
0.00675333
0.0109767
0.0480233
0.174867
0.0325767
0.0081
0.01577
0.0464567
0.01662
0.0183067
0.02142
0.00830333
0.00290667
0.02171
0.0288467
0.0214
0.0256433
0.0266167
0.0241567
0.0239133
0.04546
0.0292933
0.02232
0.0117067
0.00251
0.00631
0.00474333
0.00198333
0.00454
0.0242067
0.0143133
0.0272833
0.0291667
0.02115
0.0247633
0.0310467
0.0371433
0.0196
0.00510667
0.00133
0.000676667
0.00112667
0.00045
0.00600667
0.00477333
0.01014
0.00615333
0.0134033
0.00839333
0.0142567
0.00953667
0.0227133
0.00915
0.00616667
0.0048
0.000346667
0
0
0
0
0
0.00266667
0.0007
0.00105667
0.0034
0.00601667
0.00681
0.00206
0.00078
0.000433333
8.66667e-05
0
0
0.00157
0.000736667
0.000793333
0.00057
0.00186
0.00433333
0.00557
0.00543
0.00628
0.00686
0.00101333
0
0
0
0
0
0.00715667
0.00726667
0.00151667
0.00256667
0.00313333
0.0108433
0.0108067
0.0226867
0.01607
0.0265
0.01462
0.000926667
0
0
0
0
0.0101433
0.00229667
0.000926667
0
0
0
0
0
0
0
0.00803667
0.00899333
0.00725
0.0126867
0.0157133
0.0207267
0.0277367
0.0248767
0.0302567
0.01911
0.00734
0.00630667
0.000336667
0.00067
0.000333333
0.000413333
8e-05
8e-05
0
0
0.0231067
0.0119933
0.0245867
0.0315167
0.02463
0.0230633
0.0163
0.0121233
0.00955333
0.00955333
0.00872
0.00729333
0.00521333
0.00672
0.00225667
0.00235
0.000506667
0.000426667
0
0.000853333
0.0385
0.0314533
0.0370833
0.03176
0.0246267
0.0148733
0.00913333
0.00929333
0.0122833
0.01613
0.01473
0.00128
0.00170667
0.00639
0.0237733
0.03136
0.02559
0.0164867
0.0129033
0.00967
0.0118
0.0159167
0.0172567
0.02432
0.01593
0.02249
0.02072
0.0166033
0.0213067
0.00782667
0.00858667
0.00672333
0.00892333
0.01019
0.00922
0.00963
0.0141967
0.0214833
0.00831333
0.00482
0.02328
0.0164133
0.02038
0.02624
0.01646
0.0166
0.0311133
0.0344167
0.0277967
0.0145567
0.00822
0.00363333
0.00167333
0.00419
0.01579
0.00558
0.00125333
0.00814667
0.0310933
0.0256433
0.0307967
0.0208267
0.00708333
0.0228133
0.0251833
0.0104767
0.000566667
0.000753333
0.00568333
0.01956
0.0415833
0.0494467
0.0574067
0.03667
0.0284067
0.00675333
0.0048
0.000516667
0.00054
0.00365
0.00396
0.0151933
0.0183933
0.02516
0.0123067
0.00361667
0.000766667
0.00066
0.00106667
0.00590333
0.0141667
0.03597
0.0622567
0.07583
0.0749667
0.04828
0.03178
0.00995333
0.00649333
0.00136333
0.00183333
0.00761
0.01197
0.01886
0.00260667
0.00219333
0.00685667
0.01286
0.00560333
0.00319
0.00313333
0.00209
0.0021
0.00974
0.00881333
0.0119067
0.0124233
0.02336
0.05139
0.0619133
0.0719167
0.0451433
0.0316933
0.0182767
0.0149033
0.01697
0.00945333
0.00966333
0.00291667
0.00322
0.02278
0.0185867
0.0227067
0.0006
0.0153833
0.00692667
0.00207
0.0061
0.00334667
0.000956667
0.00739
0.0108067
0.01912
0.00514667
0.00114667
0.000373333
0.01142
0.02387
0.0281533
0.0127233
0.00195333
0.00846
0.00762
0.0257867
0.00118
0.00296
0.01483
0.0263733
0.00118
0.000153333
0.00167
0.0130233
8e-05
0.00378333
0.00851
0.00056
0.00196667
0.00732333
0.00664
0.000593333
0.00423667
0.0175033
0.0220333
0.00599667
0.00939333
0.00399667
0.0160467
0.01582
0.00601667
0.00371
0.00410667
0.00265
0.00821333
0.000316667
0.00151333
0.00873667
0.000183333
0.00558667
0.00888333
0.00179
0.00108
0.0161133
0.01372
0.00401
0.00497667
0.00553667
0.0194167
0.0328133
0.0362633
0.0256833
0.0406633
0.0266933
0.0356533
0.03699
0.0767367
0.0647967
0.0763267
0.0513233
0.0179267
0.03223
0.0408333
0.0411167
0.04146
0.033
0.0286
0.01497
0.0151867
0.02921
0.0567933
0.08536
0.0922833
0.0834667
0.06642
0.0543067
0.0476367
0.0326767
0.0342533
0.0360233
0.04884
0.0447833
0.0362867
0.02985
0.02199
0.0155667
0.00898
0.00837
0.0148367
0.0121233
0.0147567
0.01512
0.0309267
0.0159533
0.0246
0.0137167
0.00905333
0.0121967
0.00981333
0.0106067
0.00866
0.02937
0.0151
0.0220967
0.0289767
0.0291033
0.02518
0.00775667
0.0247867
0.01012
0.02636
0.0104533
0.01016
0.0211467
0.03282
0.0144067
0.0139033
0.0180967
0.0251567
0.0205333
0.00568
0.0114667
0.0133233
0.00945
0.0266033
0.02936
0.01149
0.00886333
0.0092
0.0027
0.0143533
0.0317767
0.0204433
0.0240333
0.0236667
0.0154767
0.0144333
0.0260933
0.01824
0.0324967
0.0126133
0.00844333
0.00965
0.00998667
0.0101767
0.0161933
0.0245033
0.0329633
0.0374
0.03203
0.02398
0.01597
0.01357
0.0128367
0.00123667
0.00113667
0.00226333
0.00203333
0.00856
0.0117633
0.00548
0.00778333
0.00374
0.0131533
0.0238533
0.0123633
0.0168067
0.00521667
0.00686333
0.00308
0.00673
0.00564667
0.0174033
0.0155667
0.0271033
0.0228133
0.02506
0.0143933
0.0109133
0.00035
0.000746667
0.00130333
0.00191333
0.00164333
0.00263667
0.00516333
0.00248333
0.00750667
0.000366667
0.000276667
0.00177333
0.00254333
0.00209333
0.00248
0.00182
0.00133667
0.00151333
0.00159333
0.00389
0.00439333
0.01178
0.0103533
0.01072
0.0039
0.000396667
0.000396667
0.000953333
0.000556667
0.00131
0.00207333
0.00366667
0.00318333
0.000413333
0.00454667
0.00688667
0.00200333
0.000643333
0.00322333
0.00862333
0.00751333
0.01254
0.00702333
0.00705
0.00144333
0.00194667
0.00295333
0.00397333
0.00394
0.0035
0
0
0
0.000753333
0.00150667
0.00665
0.00666
0.01786
0.0153333
0.00395667
0.00134
0.00028
0
0.00247333
0.00284333
0.00754
0.00322667
0.00753667
0.01798
0.01947
0.02989
0.02407
0.02601
0.0145067
0.00917667
0.00263
0.00731667
0.00760667
0.0195233
0.0154567
0.02032
0
0.0192633
0.00837
0
0.00037
0.00037
0
0
0.000753333
0.00405667
0.0092
0.0203767
0.0290267
0.0291267
0.02189
0.0109967
0.00630333
0.00106
0
0
0
0
0.000703333
0.00645
0.00715667
0.0172767
0.01448
0.0256033
0.0152167
0.0214433
0.00990333
0.00914
0.00215
0.00687333
0.01219
0.02455
0.0273433
0.02718
0.0159633
0
0.00162667
0.00493
0.0102333
0.0205367
0.0237267
0.0236667
0.0128933
0.0064
0.00115667
0
0
0
0.00065
0.00135333
0.00589667
0.00221667
0.00256667
0.00330333
0.00761333
0.00840333
0.0126733
0.00794667
0.00896
0.00392667
0.00364
0.00718
0.00643667
0.01424
0.0096
0.0114867
0.00847333
0.00248
0.00758333
0.0120333
0.0238667
0.0252567
0.02617
0.0138667
0.00846333
0.00224667
0.00109
0
0.00054
0.00119
0.00608333
0.0100867
0.02301
0.00653667
0.00214
0.0109233
0.01627
0.01723
0.01899
0.0154467
0.00967
0.00289667
0.000523333
0.000523333
0.00185333
0.00312667
0.00772
0.01118
0.0230467
0.01064
0.03218
0.0332933
0.0209233
0.0154933
0.00187667
0.00132667
0.00108
0.00580333
0.0101567
0.0241967
0.0330467
0.04525
0.0214133
0.0103033
0.0229933
0.0306067
0.0256433
0.0254467
0.0130167
0.0100533
0.00433333
0.0046
0.00212
0.00197333
0.0063
0.00730667
0.0205933
0.02186
0.01284
0.0136433
0.0242067
0.0192567
0.0145567
0.00094
0.00132667
0.00110667
0.00583
0.0112833
0.0252967
0.03767
0.0487733
0.0453033
0.0376933
0.0317333
0.03231
0.02306
0.02193
0.00919
0.00529
0.000553333
0
0.00242667
0.00263333
0.00878
0.00856333
0.0250933
0.04181
0.0327033
0.0280033
0.0176133
0.01663
0.0304433
0.03243
0.0402567
8.66667e-05
0.000293333
0.01092
0.00967667
0.00674
0.00575667
0.00027
0.000153333
0.000153333
0
0.000566667
0.00257
0.0193633
0.0222633
0.0217967
0.00858
0.03456
0.0254833
0.01505
0.00778333
0.00492333
0.000273333
0.00486
0.0064
0.00567333
0.00585667
0.00990333
0.02021
0.0230333
0.0103767
0.00179667
0.0149567
0.01394
0.00636667
0.0200833
0.00144667
0.00250667
0.00126
0.000246667
0.000246667
0.000246667
0.00078
0.000533333
0.00560667
0.00294
0.00257333
0.00420333
0.00384333
0.00056
0.00418667
0.000646667
0.00709
0.0100967
0.0316667
0.00994
0.0151867
0.0109433
0.01108
0.0131833
0.00985
0.0245933
0.00549
0.00311667
0.00758667
0.00942333
0.00284667
0.00382333
0.00279667
0.00764
0.000743333
0.01047
0.0158533
0.03194
0.0473067
0.115733
0.14615
0.236797
0.304667
0.17247
0.178167
0.33423
0.22293
0.268863
0.39871
0.521923
0.56142
0.0410467
0.00758
0.0140733
0.00121667
0.00212667
0.04122
0.03164
0.0151133
0.00816667
0.0103467
0.0145867
0.02043
0.0211767
0.0166
0.0203
0.00655667
0.00829333
0.00596333
0.00501667
0.02765
0.01667
0.0269733
0.00951333
0.0147733
0.01807
0.0155567
0.0248233
0.0110267
0.0199733
0.02431
0.0458233
0.05542
0.0534233
0.0259367
0.0171567
0.0134533
0.01219
0.01466
0.02181
0.0063
0.0177367
0.00771
0.00614667
0.02431
0.0110667
0.03317
0.02215
0.0232967
0.0215333
0.0346167
0.0303033
0.0259767
0.0290733
0.0370033
0.0227033
0.0136333
0.00161
0.00894667
0.0206833
0.0322833
0.0292833
0.0218867
0.0109967
0.00669333
0.00192667
0.00473667
0.0211367
0.0142067
0.0269767
0.0282833
0.01608
0.00733667
0.00725333
0.00395667
0.0157733
0.0207133
0.0226233
0.0112767
0.00704667
0.00228
0.00146333
0.01222
0.0231967
0.0314167
0.03995
0.0321667
0.0275167
0.0148833
0.00724667
0.00121667
0.00332667
0.00846667
0.0140367
0.01443
0.00976
0.00415667
0.000906667
0.0208233
0.02245
0.0333567
0.0274033
0.0293467
0.01746
0.0102233
0.00224
0.00087
0.00163
0.00711667
0.0189167
0.02066
0.0270767
0.0152433
0.01227
0.00888333
0.00744
0.0150533
0.00976
0.0102233
0.00224
0.00149333
0.000753333
0.00226
0.00833333
0.0195033
0.03068
0.03651
0.0299433
0.0175367
0.00713333
0.0014
0.00173333
0.00203333
0.00207667
0.00104667
0.000746667
0
0.000753333
0.00113333
0.00720667
0.00834
0.0206433
0.0287333
0.0322033
0.0314133
0.01875
0.01446
0.00554667
0.0108767
0.00633333
0.00865
0.00261667
0.00293667
0.0007
0.00154667
0.00311333
0.00740667
0.0207233
0.0307633
0.0379833
0.0318133
0.0209533
0.00976667
0.02415
0.00971667
0.00400333
0.00223333
0.00295333
0.00656
0.0117867
0.0226733
0.0231333
0.0250533
0.01387
0.00944333
0.00216667
0.0367033
0.0289367
0.0129067
0.00687333
0.00210667
0.00711333
0.00860333
0.0137367
0.00873333
0.00694667
0.00247667
0.00212333
0.00586333
0.0340133
0.00607333
0.00206667
0.00433
0.00618667
0.00545667
0.00359
0.0202067
0.00936333
0.00284
0.00546667
0.00394333
0.00176333
0.00317667
0.00841
0.0224567
0.0188133
0.0222967
0.00746
0.00573
0.00120667
0.0209933
0.02
0.0132767
0.0186267
0.03993
0.0301767
0.0324233
0.02367
0.0198767
0.03193
0.0321033
0.0254
0.0337933
0.0323033
0.0252
0.0161567
0.0252233
0.02441
0.0102133
0.00408333
0.0124967
0.0451733
0.03075
0.0237733
0.0185667
0.0210167
0.141143
0.0473533
0.08555
0.14843
0.43492
0.226883
0.308693
0.614093
0.63199
0.0279367
0.0141667
0.0192233
0.01008
0.00622
0.0251333
0.0514533
0.0840967
0.07647
0.0689167
0.03709
0.0395267
0.0208567
0.0206767
0.00612333
0.00535
0.0201933
0.0373033
0.02603
0.0245467
0.0193567
0.0227067
0.0354967
0.0371367
0.0263267
0.02707
0.0250133
0.01
0.0134067
0.00682667
0.0135033
0.01739
0.0120033
0.00346
0.00936667
0.00456
0.0113833
0.00499333
0.00877
0.0130867
0.0189067
0.0139367
0.00826667
0.01672
0.0317967
0.0481067
0.0297867
0.0213033
0.04406
0.0515967
0.134627
0.08768
0.40352
0.36589
0.6418
0.0339267
0.10582
0.08453
0.0663233
0.0728267
0.0901667
0.27601
0.237753
0.301027
0.182393
0.179937
0.101783
0.161817
0.166867
0.53171
0.31088
0.523613
0.30271
0.57862
0.58076
