0.0690533
0.0598533
0.04582
0.0562967
0.0677067
0.05086
0.0287833
0.0347267
0.02452
0.02444
0.0341667
0.0264433
0.02679
0.0254967
0.0129333
0.00419
0.000416667
0.0192033
0.00674
0.00429
0.143213
0.195977
0.127413
0.110417
0.0514767
0.118977
0.014
0.00926667
0.0170067
0.0427033
0.0306733
0.0195
0.0380633
0.00563667
0.00638667
0.000903333
0.000676667
0.0122533
0.0168667
0.0121967
0.00181667
0.00165333
0.000226667
0.000226667
0.0921367
0.07078
0.0106133
0.0158833
0.00635333
0.00848333
0.00685667
0.00435
0.00059
0.00209667
0.00039
0
0
0.00755667
0.0147767
0.00870667
0.0187633
0.0120133
0.0118933
0.00754333
0.00687333
0.0147033
0.00844333
0.0250667
0.02673
0.04752
0.0455833
0.05444
0.0669
0.0186133
0.000643333
0.0100967
0.000973333
0.00107667
0.00160667
0.00991
0.0087
0.0137067
0.00673333
0.00703
0.00115667
0.00121667
0.000133333
0.000266667
0.00026
0.00553667
0.00809
0.00288667
0.0002
0.00683
0.00317333
0.00053
0.0002
0
0.000696667
0.00148667
0.00126
0.00114
0.00067
0.0114733
0.02364
0.03696
0.03641
0.0002
0
0.00053
0.00053
0.00106
0.00053
0.00227667
0.00261333
0.00086
0.000323333
0.000323333
0
0
0.000426667
0.00142333
0.00112333
0.00169333
0.00338333
0.00341
0.00812667
0.00431667
0.00046
0.00033
0
0
0.000696667
0.000696667
0.000696667
0
0.00047
0.00047
0.00047
0
0
0
0
0
0.000613333
0.000613333
0.00198
0.0141467
0.000516667
0.0002
0
0
0
0
0
0
0
0.000866667
0.000866667
0.00140333
0.000536667
0
0.00814667
0.00596333
0.00623333
0.000723333
9e-05
0
0
0
0
0
0
0
0
0.000563333
0.0133433
0.0142933
0.0041
0.01638
0.000816667
0.00346667
0.000316667
0
0
0
0
0
0
0
0
0.01984
0.0172933
0.0133033
0.00124667
0.00427
0.00013
0.00013
0
0
0
0
0
0
0
0
0
0
0
0
0
0
0
0.000133333
0.000133333
0.00184333
0.00227333
0.00696333
0.00620333
0.00645333
0.00226333
0.00131333
0.0005
0
0
0
0
0
0
0
0
0
0
0
0.01091
0.0221133
0.01603
0
0
0
0
0
0.00542667
0.0156067
0.0167133
0.0267533
0.0172533
0.0134267
0.00167667
0.000863333
0
0
0
0
0
0.02271
0.0191933
0
0
0
0
0
0
0
0
0
0
0
0
0.000433333
0.000566667
0.00143667
0.00458667
0.00803667
0.01748
0.0242433
0.03241
0.02568
0.0161967
0.00488
0.00129667
0.000433333
0
0
0
0
0
0
0
0
0
0
0
0
0
0
0
0
0
0
0
0
0
0
0.000433333
0.000433333
0.00130333
0.00174
0.00532333
0.00803667
0.0175133
0.0156433
0.0156433
0.00543
0.00415
0.000566667
0.000433333
0
0
0
0
0
0
0
0
0
0
0
0
0
0
0
0
0
0
0
0
0
0
0
0
0
0
0
0
0
0
0
0
0
0.00087
0.00087
0.00445333
0.00358333
0.00529667
0.00171333
0.00184667
0.000133333
0.000133333
0
0
0
0
0
0
0.00187667
0.000746667
0.000746667
0
0
0
0
0
0
0
0
0
0
0
0
0
0
0
0
0
6.66667e-05
6.66667e-05
0.00031
0.000243333
0.000243333
0.000386667
0.000143333
0.000143333
0
0.00948667
0.000916667
0.000363333
0.000193333
0.000386667
0.000193333
0.000193333
0
0
0
0
0
0
0
0
0
0.000253333
0.000253333
0.00096
0.000773333
0.00384667
0.00338333
0.00654
0.00361
0.00399667
0.000773333
0.0207067
0.0132667
0.0176967
0.00554
0.00556333
0
0
0
0.000253333
0.00494
0.00776
0.0198
0.0328133
0.0248733
0.00978
0.00502333
0.000613333
0.00042
0.00042
0
0
0.00121
0.00519
0.0226933
0.0219367
0.0444333
0.04474
0.21617
0.268933
0.05646
0.13476
0.02452
0.209217
0.17631
0.192277
0.299513
0.114067
0.00914667
0.0328667
0.00859
0.00111667
0.0176133
0.00927667
0.02262
0.00925333
0.00111667
0
0.00187333
0.00907667
0.01238
0.0163067
0.02825
0.01516
0.0150033
0.00157333
0.0079
0.00911
0
0.000756667
0.01128
0.00517667
0.03675
0.03395
0.0424
0.0543167
0.0197167
0.0235967
0.08008
0.11106
0.0254067
0.0773633
0.0130133
0.0279933
0.0131167
0.0167133
0.00911333
0.01151
0.01588
0.03394
0.0349033
0.0122267
0.0321633
0.00647333
0.0119933
0.00685667
0.00314667
0.002
0.000556667
0.000666667
0.0151233
0.01505
0
0
0
0
0
0.00686
7e-05
0.00011
0.0230333
0.0162
0
0
0
0
0
0
0
0.0174733
0
0
0
0
0
0
0
0
0.00035
0.00035
0.00353
0.00354333
0
0
0
0
0
0
0
0
0
0
0
0.00035
0.00353
0.00503667
0
0
0
0
0
0
0
0
0
0
0
0
0
0.000853333
0.00403333
0.00076
0.00412
0.000146667
0
0
0
0
0
0
0
0
0
0
0
0
0
0
0
0
0
0
0.00042
0.00127333
0.00229333
0.0116733
0.00875
0.0073
0.00367
0.00031
0
0
0
0
0
0
0
0
0
0
0
0
0
0
0
0.00042
0.00042
0.00144
0.00126333
0.00504
0.00437667
0.00429667
0.00106667
0.00071
0
0
0
0
0
0
0
0
0
0
0
0
0
0
0
0
0
0
0
0
0.000143333
0.00201
0.00211
0.00649333
0.00498333
0.00528667
0.00614
0
0
0
0
0
0
0
0
0
0
0
0
0
0
0
0
0
0
0
0
0
0
0
0
0
0.00041
0.000553333
0.00479333
0.00625
0.01049
0.0123067
0
0
0
0
0
0
0
0
0
0
0
0
0
0
0
0
0
0
0
0
0
0
0
0
0
0
0
0
0.000266667
0.000676667
0.00365
0.00762333
0.0175833
0.0189933
0.02355
0.0198933
0
0
0
0
0
0
0
0
0
0
0
0
0
0.000126667
0.000126667
0.000253333
0.000126667
0.00125667
0.00113
0
0
0
0
0
0.000266667
0.000266667
0.00324
0.00338333
0.0137533
0.01391
0.0222967
0
0
0
0.00023
0.00023
0.00103333
0.00093
0.00105667
0.00886667
0.00063
0
0
0
0
0
0
0.000366667
0.00409333
0.00395667
0.0118133
0.00889
0.0197767
0.0120467
0.0188533
0.00326667
0.0192133
0.00326333
0.000626667
0.000626667
0
0
0
0
0
0.00662667
0.0294933
0.0348167
0.0528833
0.0407667
0.0466733
0.0608567
0.0479067
0.07095
0.0480167
0.04039
0.0115833
0.00894667
0.000626667
0
0
0.0796733
0.0843867
0.07692
0.0992167
0.06426
0.01888
0.03116
0.00783667
0.000153333
0
0.00111
0.000153333
0.02584
0.0111567
0.0880733
0.07428
0.101743
0.0773967
0.06221
0.03705
0.0927067
0.0833767
0.0614933
0.48799
0.369723
0.299837
0.22488
0.375673
0.425577
0.3603
0.33082
0.0278633
0.01249
0.0606967
0.175147
0.140537
0.01721
0.01816
0.0810433
0.06391
0.00734
0.0145433
0.0301933
0.0197133
0.00291667
0.0225167
0.0317833
0.0163167
0.0552333
0.0355
0.04224
0.0448567
0.03193
0.0344267
0.0265133
0.02217
0.0221433
0.0313
0.0312467
0.0458033
0.0483633
0.0684533
0.0994333
0.0386833
0.0382333
0.0326767
0.0175467
0.0272367
0.0347567
0.01036
0
0.0213967
0
0
0.0231467
0.0281567
0
0.0172467
0.0166967
0
0
0.00811667
0
0.000146667
0.000896667
0.000896667
0.000146667
0
0.000546667
0.00175667
0
0
0.01641
0.0128267
0.00831333
0.00111333
0.000453333
0.000453333
0
0
0
0
0
0
0
0.000206667
0
0.00089
0.000206667
0.00183
0.00109333
0.00403333
0.00427667
0.00419667
0.00106667
0.00442333
0.00225667
0.00167667
0.000533333
0.000336667
0.000256667
0.000256667
0.000173333
0.000173333
0.00222333
0.00225667
0.00739667
0.00603
0.00749333
0.00309
0.00257333
0.00183667
0.0188
0.0130667
0.0123933
0.00317
0.00228333
0.0074
0.00545333
0.00954
0.00434333
0.00458333
0.00314
0.000606667
0
0
0
0.000173333
0.00422667
0.00627667
0.0177167
0.0188033
0.03001
0.0200667
0.0150133
0.00175667
0.0458133
0.0408833
0.0178367
0.0202333
0.00822667
0.00657667
0.00546667
0.02073
0.0565967
0.04127
0.07574
0.000226667
0.00854667
0
0
0
0.00833667
0.02147
0.0288
0.0380033
0.01427
0.0388133
0.0198733
0.0250767
0.02206
0.0217533
0.01071
0.00800333
0.00072
0.0003
0.0035
0.00956667
0.03222
0.03528
0.0725533
0.05799
0.0365933
0.01308
0.0250833
0.0370533
0.0426433
0.0317633
0.0164367
0.0544967
0.0490467
0.06224
0.0820667
0.0264833
0.0555933
0.0149767
0.0577333
0.0731633
0.0474933
0.0257733
0.03652
0.0327067
0.02236
0.0372233
0.0211567
0.0170633
0.0319033
0.0259367
0.0235833
0.00685
0.391913
0.374273
0.27962
0.198383
0.0645133
0.0837
0.0148133
0.02528
0.00910333
0.0244967
0.0229667
0.0166733
0.0306667
0.0410267
0.04954
0.0377167
0.02559
0.02
0.00512667
0.0212533
0.0246167
0.03114
0.0115867
0.01852
0.0176067
0.0019
0.00667333
0.0148567
0.01498
0.00774667
0.02779
0.00896333
0.08207
0.0739
0.0688767
0.02272
0.0327033
0.0218667
0.0187
0.0196933
0
0.0116967
0.00923
0
0
0.01392
0
0
0.008
0.00420667
0
0.00112667
0
0.000896667
0
0.000723333
0
0.000723333
0.00121
0.000723333
0.00792333
0.00121
0.00741333
8.66667e-05
0
0.0016
0.00074
0.00066
0.0009
0.00336
0.00101333
0.0491933
0.0204433
0.0236833
0.02551
0.01846
0.00776667
0.0196267
0.0347933
0.0279333
0.0329533
0.0003
0
0.000153333
0.00254333
0.0137933
0.0311267
0.0363033
0.0434567
0.0330133
0.0309633
0.0477933
0.00979
0.01274
0.00562
0.00059
0.000363333
0
0
0.00121333
0
0.0131633
0.00549667
0.00342667
0.00117333
0.0223567
0.0126933
0.00601333
0.0614333
0.06052
0.00639333
0.0173333
0.00973
0.00950667
0.0208933
0.00274667
0.00635333
0.0169633
0.0180633
0.0290033
0.0168667
0.00524
0.0163867
0.03133
0.00308
0.00224333
0.00632333
0.0138533
0.01591
0.00675
0.0191367
0.00431333
0.00046
0.00035
0.00449
0.00609333
0.00195333
0.00229667
0.00797333
0.00139333
0.00088
0.0128067
0.00499333
0.00740667
0.00388
0.00346667
0.000783333
0
0.00021
0.00021
0.00021
0.00203333
0.00220333
0.00868333
0.0029
0.00183667
0.00111333
0.00018
0.00234333
0.0113467
0.02069
0.0110967
0.00383667
0.00036
0.0179
0.0267567
0.0296167
0.469287
0.288063
0.23344
0.398153
0.322963
0.3806
0.305773
0.0369933
0.01313
0.166657
0.207457
0.178717
0.00701333
0.0148833
0.0151667
0.0247833
0.0715233
0.0444667
0.0356967
0.0204533
0.0131667
0.02746
0.0156867
0.00776667
0.0106867
0.00163667
0.0268333
0.0192067
0.02011
0.00845
0.0131433
0.00845
0.0115767
0.01381
0.00930667
0.02588
0.0126567
0.0278133
0.02449
0.01507
0.00205667
0.01517
0.00367
0.0198533
0.0126167
0.00883333
0.00849
0.00726667
0.0116833
0.01122
0.00102333
0.0009
0.000543333
0.00145333
0.000623333
0.00169667
0.0206133
0.0302867
0.0114367
0.0168267
0.00752667
0.00678
0.00787667
0.0058
0.00323
0.00284667
0.000866667
0.000933333
0.0006
0.00153667
0.000333333
0.00494
0
0.00492
0.00023
0
0.00023
0.000633333
0
0.000633333
0.00217667
0
0.00226667
0
0
0.00102333
0.000386667
0.0007
8.66667e-05
0.0007
8e-05
0
0.0027
0
0.00949667
0.00696
8.66667e-05
0.00704333
0.0261833
0.00186333
0.00914667
0.00757333
0.00239
0.0307867
0.0284433
0.0630267
8.66667e-05
0.00728333
0.0198833
0.01685
0.0219067
0.02169
0.0126467
0.0344
0.04585
0.0688733
0.06588
0.0384133
0.0217367
0.0347133
0.0189233
0.000363333
0
0.000246667
0.0130067
0.00653333
0.00322667
0.0396667
0.0298567
0.0120933
0.02808
0.00169667
0.00232333
0.000246667
0.000493333
0.0128233
0.0175
0.0175933
0.0108933
0.01583
0.000246667
0.0097
0.000813333
0.02052
0.00135667
0.00019
0.02188
0.00921667
0.00149667
0.0122067
0.00408333
0.00137
0.00384667
0.00365667
0.00018
0.0157067
0.0148367
0.00094
0.00219667
0.00453667
0.00036
0.00018
0.000256667
0.00440667
0.00428667
0.00142667
0.00816333
0.0126467
0.0216
0.00298
0.0176567
0.00487333
0.00746333
0.00124667
0.00106667
0.00253
0.00014
9.33333e-05
0.0004
0.00156
0.00792333
0.0123033
0.0163967
0.0214
0.0137367
0.00445
0.0213833
0.0207833
0.0114767
0.00785
0.00584333
0.00568333
0.00714
0.00257
0.01879
0.0227533
0.0149733
0.000706667
0.00454667
0.000806667
0.0210733
0.0282667
0.0161233
0.01045
0.00716333
0.01336
0.0151
0.0232233
0.0205233
0.01771
0.0100233
0.00298667
0.0133767
0.0108467
0.00110333
0.000646667
0
0
0
0
0
0
0
0
0
0
0
0
0
6.66667e-05
0.000353333
0
0
0
0
0
0
0
0
0
0
0
0
0
0
0.000983333
0.000983333
0.00792333
0.00762333
0.0194733
0.0129867
0.0183967
0.00683667
0.00717333
0.00108
0.00079
0
0
0
0
0
0
0
0.000286667
0.000646667
0.00379667
0.01333
0.0417967
0.11382
0.09962
0.08889
0.03419
0.07213
0.132397
0.07226
0.185043
0.0604667
0.0103267
0.02131
0.04773
0.00432667
0.0144233
0.00401333
0.00794
0.01171
0.0130533
0.0184567
0.00663333
0.00349667
0.000623333
0.00354667
0.000466667
0.00840333
0.0061
0.00943
0.00414667
0.00823
0.00372
0.00871
0.00362
0.000776667
0.00025
0.00025
0.000503333
0.00039
0.000703333
0.000313333
0.00023
0.00111667
0.000886667
0.00136667
0.00048
0.000713333
0.000606667
0.000143333
0.00028
0.00305667
0.00291333
0.00022
0.00299667
0.000463333
0
0.00031
0.00025
0
0
0
0
0
0.000266667
0.000266667
0.00142
0.00186
0.00088
0.00044
0.00033
0.000106667
0.000106667
0
0
0
0.000136667
0.000136667
0
0.000136667
0
0.00025
0
0
0
0
0
0
0
0
0
0
0
0
0.000426667
0.000426667
0.000986667
0.000776667
0.00091
0.00035
0.000216667
0
0
0
0
0
0
0
0
0
0
0
0
0
0
0
0
0.00051
0
0
0
0
0
0
0
0
0
0
0
0.00086
0.00128667
0.00486
0.00456
0.00628333
0.00284333
0.00255
0.0004
0.000266667
0
0
0
0
0
0
0
0
0
0
0
0
0
0
0.00114333
0.00509333
0
0
0
0
0
0
0
0
0
0.00732667
0.0109
0.0212567
0.01694
0.02168
0.01073
0.0108633
0.00255
0.00241667
0.000133333
0.000133333
0
0
0
0
0
0
0
0
0
0
0.000223333
0.000223333
0.00612667
0
0
0
0
0
0
0
0
0.00358333
0.01005
0
0
0
0
0
0
0
0
0.000573333
0.000796667
0.0146267
0
0
0
0.00573333
0.0122
0.01693
0.0259967
0.0337633
0.0337633
0.0337633
0.0218133
0.0170833
0.006
0.00415
0.000566667
0.000433333
0
0
0
0
0
0
0
0
0.000573333
0.0153967
0
0
0
0
0
0
0.00215
0.0104633
0.00858
0.0228133
0.0196633
0.0306133
0.0199633
0.0183833
0.00803667
0.00488667
0.00130333
0.000433333
0
0
0
0
0
0
0
0
0
0.00333667
0
0
0
0
0
0.00087
0
0
0
0
0
0
0
0
0.000386667
0
0
0
0
0
0
0.000266667
0.000266667
0.00543
0.00516333
0.00874667
0.00358333
0.00445333
0.00087
0.00087
0
0
0
0
0
0
7.66667e-05
0
8.66667e-05
0
9e-05
9e-05
0
0
0
0
0
0
0
0
0
0
0
0
0
0
0
0.000646667
0.00187
0.000646667
0.0013
0.000153333
8e-05
8e-05
0.00064
0.00055
0.00055
0
0
0
0
0
0
0
0
0
0.000406667
0.000406667
0.00105333
0.00129333
0.00963667
0.0102133
0.000153333
8e-05
0.0244533
0.0143233
0.01077
0.01599
0.00577
0.00703333
0.00126333
0
0
0.00394333
0.00459
0.01171
0.0165167
0.04688
0.0531833
0.09202
0.00084
0.09826
0.0587467
0.0599033
0.03083
0.0221733
0.00859667
0.00282667
0.00126333
0
0
0.00518333
0.00872
0.10542
0.151377
0.16078
0.000923333
0.0106967
0.0222333
0.0198933
0.05358
0.105983
0.127143
0.0782567
0.06075
0.03374
0.103883
0.135183
0.00590333
0.0194333
0
0.000486667
0.0218467
0.0239
0.0149167
0.06269
0.0912067
0.0834433
0.0582133
0.113087
0.108083
0.11924
0.0766667
0
0.000823333
0.000823333
0.0015
0
0.000403333
0.00083
0.00483667
0.00136333
0.0654333
0.06426
0.07783
0.0496967
0.0565867
0.05232
0.0535967
0.02972
0.00116
0.00676667
0
0
0.00089
0.0011
0.00109667
0.0226367
0.00494667
0.01036
0.0201167
0.00617
0.00119
0
0
0.00035
0.000553333
0.00094
0.00404333
0.0283
0.0210267
0.000183333
0.00081
0
0.0004
0
0.02411
0.0159867
0.000103333
0.000743333
0.000543333
0
0
0.000723333
0.00086
0.00194
0.00552
0
0.00112333
0.000483333
0.0157033
0
0.00329
0.00223333
0.00264667
0.00761667
0.00243
0.00775667
0.00679333
0.00116667
0.00146333
0.0130033
0.00819
0.00151333
0.0025
0.00611333
0.00691667
0.00865333
0.00621667
0.00441
0.00977333
0.00925333
0.00282667
0.00383
0.00690333
0.00363667
0.0120267
0.01199
0.0146967
0.00375333
0.0038
0.00292
0.00106333
0.00203667
0.00349667
0.00543333
0.000406667
0.00027
0.000336667
0.000183333
0
0.00848333
0.00275667
0.0107167
0.00241667
0.000183333
0.00465333
0.00210333
0.00185
0.00176333
0
0.00044
0.000523333
8.33333e-05
0.0225067
0.01278
0.0113467
0.00296667
0
0
0.0127567
0
0
0
0.01853
0.01369
0
0
0
0.0765867
0.02951
0.0358633
0.00137
0.00359667
0.00359667
0.00222333
0.00582
0.00029
0.00251333
0
0.00029
0
0
0
0.00130333
0.00032
0.0109967
0.00437667
0.0250833
0.0163067
0.02244
0.02264
0.00742333
0.01113
0.00079
0.00133
0
0
0
0
0
0
0.00972333
0.00664
0.0294433
0.0519833
0.0826167
0.107073
0.1039
0.06313
0.0950233
0.03834
0.0948067
0.0846467
0.0982233
0.0724167
0.0451433
0.0525233
0.06422
0.05406
0.0212967
0.0105967
0.01135
0.000853333
0
0.000646667
0
0
0
0
0
0
0
0
0
0.000166667
0
0.000166667
0.000166667
0.0240567
0.0276467
0.0235733
0.0281667
0.0248867
0.0848433
0.0798533
0.01367
0.0144433
0.01037
0.00124
0.00913
0.0092
0.000263333
0.00891667
0.0168067
0.0225567
0.01419
0.0154567
0
0
0.000193333
0.0008
0.00229333
0.00602667
0.0134767
0.00649333
0.01339
0.000466667
0
0
0
0.000193333
0.00288667
0.00280667
0.00292
0.000363333
0.00068
0.00075
0.00460333
0.00388
0
0
0
0
0.000113333
0.000113333
0.000226667
0.000113333
0.000243333
0.000243333
0
0.00019
0.00019
0.00404333
0.00385333
0
0
0
0
0
0
0
0
0
0
0
0
0
0
0
0
0
0
0
0
0
0
0
0
0
0
0
0
0
0
0
0
0
0
0
0
0
0
0
0
0
0
0
0
0
0
0
0
0.00719
0
0
0
0
0
0
0
0
0
0
0
0
0
0
0
0
0
0
0
0.00284
0.0178533
0.01904
0
0
0
0
0
0
0
0
0
0
0
0
0
0
0
0
0
0
0
0.00503
0.00707333
0
0
0
0
0
0
0
0
0
0
0
0
0
0
0
0
0
0
0
0
0.00962
0.00538667
0.0187733
0
0
0
0
0
0
0
0
0
0
0
0
0
0
0
0
0
0
0
0
0.000803333
0.00561667
0.00671333
0
0
0
0
0
0
0
0
0
0
0
0
0
0
0
0
0
0
0
0
0
0
0
0.0044
0.0041
0
0
0
0
0
0
7.66667e-05
0.00055
0.000473333
0.000473333
0.000473333
0
0
0
0
0
0
0
0
0.000506667
0.00131
0
0.000603333
0.000603333
0.000603333
0
9e-05
9e-05
9e-05
0
9e-05
0.000653333
0.00018
0.00018
0
0
0
0
0
0.00066
0.00925667
0.00429667
0.00556333
0.00505
0.00018
0.00176333
0.00681
0.00522667
0.00633
0.00128333
0.00637333
0.00562333
0.01183
0.00693667
0.00646333
0.00628333
0
0
0
0.00155
0.000596667
0.00110333
0.0110033
0.02594
0.02001
0.0146733
0.0134833
0.00544333
0.0164067
0.0177733
0.04475
0.03489
0.0149667
0.05978
0.0841633
0.0369633
0.0390433
0.0134367
0.00851
0.00135667
0.00135667
0.00155
0.00029
0.000733333
0.01176
0.0243333
0.0167467
0.0794867
0.06461
0.125807
0.0383
0.01405
0.00689667
0.00135667
0
0.00155
0.00700667
0.00029
0.00338
0.0276833
0.0206233
0.0495233
0.11343
0.10729
0.14597
0.159977
0.10021
0.0670233
0.0446767
0.00628
0.0101733
0
0.00270333
0.0094
0.00924667
0.0189933
0.146003
0.141153
0.140093
0.0594233
0.00539333
0.0101767
0.00491333
0.0851833
0.04697
0.01694
0.02035
0.0222133
0.00592333
0.0124167
0.0169167
0.0105467
0.02747
0.000316667
0.000696667
0.000476667
0.0271367
0.0268633
0.0146433
0.008
0.0192767
0.0169367
0.00046
0
0
0.0230233
0.00825667
0.00776
0.00362
0.00485667
8.33333e-05
8.33333e-05
0.000776667
0.00195667
0
0
0.0103533
0.00757333
0.00504333
0.00442333
0.00502
0.00430333
8.33333e-05
0.000776667
0.0122533
0.0111467
0
0
0.00379667
0.00407
0.00562
0.0004
0.000526667
0.0151667
0.00479333
0.000503333
0.00035
0.00522333
0.000996667
0
0.00645333
0.0147167
0.00257333
0.000706667
0.00199333
0.00106333
0.01278
0.00597333
0.01624
0.0205333
0.00838333
0.00597667
0.000826667
0.000996667
0.00106333
0.00106333
0.0501667
0.0197533
0.01001
0.0124967
0.00671667
0.000653333
0.000686667
0.000176667
0.00784
0.00294
0.0393467
0.0144567
0.0223667
0.000296667
0.000396667
0.00043
0
0.00132333
0.00149333
0.01927
0.00878333
0.0001
0.0152333
0.00120333
0.00017
0
0.02061
0.0278833
0.00127
0.00444333
0
0
0.00538
0.00331
0
0
0
0.00973
0.00320333
0.01113
0.00229333
0.000156667
0.00041
0.00041
0
0
0
0
0.00516333
0.00349333
0.00284333
0.00186333
0.00412
0.00041
0
0
0.0128433
0.0102933
0.00187667
0.0147733
0
0.0119133
0.0179833
0.00743333
0.000513333
0.0190433
0.0144267
0.0243767
0.0138533
0.00797333
0.0869633
0.000913333
0
0
0
0.00148
0.00148
0.0122433
0.01436
0.00061
0.0008
0.00019
0
0
6.66667e-05
0.00383333
0.01012
0.03667
0.0641667
0.0625533
0.09664
0.0823633
0.100743
0.128763
0.10533
0.11633
0.0881833
0.10925
0.127263
0.07106
0.07341
0.0694967
0.04605
0.0550033
0.0228133
0.0563
0.0150833
0.0349433
0.0410867
0.00865
0.00532667
0.00392667
0
0
0
0.000143333
0.000143333
0.00194333
0.0018
0.00664333
0.00484333
0.00874333
0.0039
0.00433333
0.000433333
0.000433333
0
0
0
0
0.000683333
0.000683333
0.00113667
0.000453333
0.000743333
0.00029
0.00029
0
0
0
0
0
0
0
0.00336
0.00355333
0.00997
0.0206533
0.0347967
0.0369233
0
0
0.0184767
0
0
0
0.0170567
0.0175167
0.0154267
0.00772667
0
0
0
0.00904667
0.00538667
0.0097
0.00462333
0
0
0
0
0
0.000193333
0.00450667
0.00431333
0
0
0
0
0
0
0.000193333
0.000193333
0.000193333
0
0
0
0
0.00051
0.00051
0
0
0
0
0
0
0.00017
0.00017
0.00324
0
0.00273
0
0
0
0
0
0.000803333
0.000973333
0.00273333
0.00353667
0.00518
0.00261667
0
0
0
0
0
0
0.000803333
0.0129033
0.0112333
0.0198167
0.00850667
0
0
0
0
0
0.000776667
0.00158
0.00273
0.0151
0.0211867
0
0
0
0
0
0.000776667
0.000776667
0.00192667
0
0
0
0
0
0
0
0.00012
0
0
0
0
0
0.00051
0.00063
0.00133333
0.00562667
0.00229
0.00219
0.0001
0.00142667
0.00193667
0.00598
0.00525667
0.00562667
0.02167
0.00477
0.0009
0.0008
0.00449333
0.00297667
0.0105033
0.0129967
0.0156567
0.00887333
0.0270467
0.00714333
0.00546333
0.01585
0.02378
0.0271633
0.0311167
0.00159667
0.00923
0.02533
0.0406167
0.01766
0.0116067
0.0138967
0.0197467
0.02257
0.0145333
0.02474
0.0251933
0.02728
0.00115333
0.0168667
0.0243833
0.0242267
0.0236667
0.0164233
0.0170367
0
0.01023
0.0195567
0.0191033
0.01557
0.0237667
0.00844
0.0192767
0.00459
0.00847
0.0187567
0.00022
0.00022
0.0118767
0.02152
0.00690333
0.00022
0.01075
0.00046
0.000956667
0.00175667
0.00423
0.00445
0.000433333
0.000813333
0.000143333
0.00046
0.00508333
0.00931333
0.000873333
7e-05
0
0.00554333
0.00796333
0
0.0125233
0.0156
0.00448333
0.0173467
0.0168667
0
0.000566667
0.0151867
0.0191467
0.02351
0.01947
0.000703333
0
0.000406667
0.0169567
0.0481
0.02404
0.0271167
0.0303833
0.000703333
0.000406667
0.0444033
0.02498
0.0381467
0.000493333
0
0.000623333
0.000603333
0.00227667
0
0.01633
0.00928
0.0633633
0.000803333
0
0.000293333
0.00203667
0
0
0.01344
0.00891
0.00783333
0.0353767
0.00074
0
0
0
0.00456333
0.00988
0.0182233
0
0
0.00931333
0
0.00453
0.00017
0.00123667
0.0183133
0.00593333
0.00270667
0
0
0
6.66667e-05
0
0.000163333
0.000613333
0
0
0
0.00117333
0.00912
0.000136667
6.66667e-05
0
0
0
0.00086
0.00875
7e-05
0.000163333
0
0.00351
0.00412
0
0.0122933
0.01908
0.00364667
0.000513333
0
0.00616
0.0187467
0.000513333
0.00105333
0.00890333
0.00726667
0.0115167
0.00652667
0.00485
0.0158633
0.01876
0.00520667
0.01112
0.00102
0.0006
0.000966667
0.00855667
0.0122433
0.01229
0.05009
0.0300933
0.0233133
0.00606667
0.002
0.00348667
0.0113667
0.0158
0.0291267
0.0591233
0.0705733
0.0524967
0.0252333
0.0294933
0.0355367
0.02063
0.0248333
0.0281933
0.0544467
0.0583567
0.0449567
0.0193567
0.0343267
0.0163767
0.0545267
0.06592
0.0193067
0.0101067
0.00772333
0.000913333
0.04275
0.0448667
0.0544767
0.0261933
0.0269633
0.00688
0.00506
0.000693333
0.000403333
0
0.00032
0.000493333
0.00356667
0.00324667
0.00936667
0.00629333
0.01079
0.00449667
0.00503667
0.00054
0.00054
0.00041
0.00041
0.00977667
0.00997667
0.0309933
0.0218167
0.0304867
0.00947
0.0103733
0.00109333
0.0208033
0.0274133
0.0279667
0.0276433
0.03561
0.04031
0.0632767
0.0664667
0.0295667
0.07969
0.07978
0.0513767
0.0903467
0.0544867
0.04212
0.0459033
0.0366
0.03609
0.0316767
0.0458133
0.03124
0.0326867
0.0178267
0.0074
0.00368
0
0
0
0
0
0
0
0
0
0
0.00107333
0.00124
0.00443333
0.0317167
0.0392133
0.03696
0.0350633
0.0288833
0.0257633
0.00378
0.00105
0.00942
0.00577667
0.00105
0
0.01421
0.0191133
0.0231233
0.00882667
0.00472667
0
0
0
0.00164
0.0138967
0.0178733
0.00433
0.00023
0.000313333
8.33333e-05
8.33333e-05
0.00061
0.0168133
0.0171267
0.00433
0.00065
0.0029
0.00256333
0.00233333
0.00131333
0.00466667
0.00803
0.0206233
0.03176
0.01948
0.01592
0.00604667
0.0193833
0.0160067
0.00444
0.0192933
0.0316733
0.05186
0.0513533
0.0350067
0.0338167
0.04761
0.03273
0.01669
0.01692
0.02673
0.04726
0.06001
0.0620833
0.0687067
0.0463467
0.02304
0.0383467
0.05073
0.0205767
0.04014
0.01488
0.03783
0.0411833
0.0254967
0.01289
0.0199367
0.0340967
0.00753
0.00143667
0.0249067
0.02301
0.0269667
0.01671
0.01801
0.000573333
0.0189467
0.0227133
0.0239333
0.0120233
0.00236667
0.00262
0.00868
0.00222
0.000286667
0.00201333
0.00156
0.00160667
0.0202533
0.0194
0.00498
0.00625667
0.00143333
0.00129
0.000506667
0.02819
0.01771
0.000343333
0.00156333
0.000506667
0.00483667
0.0170033
0.00495667
0.00504667
0.000343333
0.00111
0.000863333
0.00513
0.00171
0.00439
0.00862667
0.000216667
0.00519333
0.05599
0.00595
0.00079
0.00106667
0.00585333
0.0675067
0.07062
0.0554067
0.0643467
0.0525133
0.00541333
0.00541333
0.00593667
0.00985667
0.00106667
0.00617
0.00066
0.0468067
0.0473333
0.0209067
0.0404233
6.33333e-05
0.00609
0.00727
0.0276733
0.0405633
0.0167133
0.05082
0.03375
0.02825
0.0229767
0.00737
0
0.00524667
0.00218333
0.0157133
0
0.00186667
0
0.00124333
0.000716667
0.00128
0.00124
0
0.00078
0.000443333
0.000836667
0
0.000526667
0.000163333
0.00147
0
6.33333e-05
0.000556667
0.00012
0
0.00277333
0
0
0
0.000186667
0.000793333
0.00383
0
0.0001
0.000186667
0.0148933
0.0115433
0
0.00428
0.0017
0.00025
0.0001
0.01161
8.66667e-05
8.66667e-05
0.00108667
0.01254
0.0005
0.000413333
0.00964333
0.0062
0.0141933
0.000533333
7.66667e-05
0.02193
0.03126
0.0370867
0.00623
0.00033
0.0175667
0.0328133
0.00822333
0.00682667
0.0181567
0.0129
0.0176233
0.00988667
0.01556
0.00475333
0.00172667
0.00027
0.00027
0
0.000423333
0.00564667
0.00670333
0.0145233
0.0398067
0.0704867
0.08304
0.0651733
0.03738
0.0180233
0.00578667
0.000403333
0
0.000173333
0.000173333
0
0
0
0
0
0
0.00042
0.00083
0.00617667
0.0151233
0.02408
0.03975
0.0529667
0.05288
0.04073
0.01924
0.00125
0.00198667
0.00559667
0.0163467
0.0162767
0.01209
0.0212867
0.0108033
0.0325933
0.03668
0.03342
0.0522
0.04398
0.0575067
0.0501267
0.0324133
0.0296333
0.02612
0.0396933
0.0268833
0.0536033
0.0326967
0.0243233
0.0245033
0.0176067
0.00407333
0.000393333
0
0
0
0
0
0
0
0.000433333
0.000576667
0.00446333
0.00583
0.0174667
0.0184233
0.02697
0.01909
0.01783
0.00791667
0.00472
0.00113667
0.00241667
0.00171333
0.00529667
0.00358333
0.00747
0.00388667
0.00388667
0
0
0
0
0
0
0
0
0
0
0
0
0
0
0
0.00107333
0.00238667
0.00558
0.01642
0.0215233
0.0244333
0.0280833
0.0233167
0.03755
0.0358933
0.0389733
0.0185067
0.0304833
0.00823
0.0313367
0.0446233
0.0309133
0.02533
0.0299267
0.0193733
0.0101233
0.0128233
0.0545233
0.05114
0.0498633
0.0565433
0.0555867
0.0306433
0.03187
0.01121
0.0426167
0.0338833
0.0401733
0.02724
0.0151833
0.00511667
0.0220133
0.01924
0.01776
0.01719
0.01849
0.0109433
0.00560667
0.00498
0.0241333
0.02287
0.01277
0.01069
0.00558
0.0137767
0.00229333
0.00167
0.00601
0.00540333
0.00518667
0.0276567
0.0172567
0.00768
0.00595
0.0171933
0.0178767
0.0123933
0.00624
0.00690667
0.00752
0.00311
0.00644333
0.0126833
0.0238867
0.0309733
0.0333067
0.0229
0.00941667
0.00870667
0.01347
0.00890667
0.0254
0.0281633
0.00813
0.0333367
0.00269333
0.00329667
0.00127
0.01287
0.00119
0.01711
0.00253
0.01064
0.0107167
0.0232833
0.00741667
0.00132
0.00651333
0.0481433
0.00874333
0.0220167
0.02196
0.0220267
0.00188
0.00122
0.04041
0.0354067
0.0727467
0.000603333
0.00385333
0.00087
0.000106667
0.00132667
0.04907
0.06628
0.04839
0.04671
0.0556267
0.000603333
0.000703333
0
0.000576667
0.0224267
0.0251967
0.03949
0.0530967
0.0299333
0.02909
0.0001
0
0.0107067
0
0.000106667
0.0159767
0.0159467
0.00931
0.0169467
0
0.00034
0.00203667
0
0.00574333
0.00738
0.00338667
0.00034
0.00205667
0.000196667
0.000196667
0.00757
0.00357667
0
0.00034
0.00787333
0.000196667
0.00128667
0.00239667
0.000216667
0.00031
0
0.00716
0.00076
0.00127667
0.00340333
0.000516667
0.00691333
0.00366
0.00689333
0.00639
0.000876667
0.000186667
0.00398
0.00721333
0.0017
0.000936667
0
0.00069
0.00163
0
0.00204333
0.000436667
0.000266667
0.00588667
0.00617
0
0.0205367
0.00824
0.00805333
0.0104667
0.000376667
0.0270233
0.03567
0.0007
0.01528
0.0222833
0.01854
0.0413667
0.00988667
0.00824
0.00291667
0.00764333
0.00758667
0.00812667
0.00118667
0.00156333
0.00107
0.00123667
0.00581333
0.00886667
0.01652
0.0147733
0.06657
0.0434567
0.0593
0.0775933
0.0169367
0.03042
0.00444333
0.00156667
0.00055
0
0
0
0
0
0
0
0
0.00042
0.00100333
0.00635
0.00651333
0.0152967
0.01891
0.04907
0.04091
0.0459833
0.0546433
0.0257467
0.0123067
0.00359667
0.00671
0.00643333
0.0107867
0.0207367
0.0235467
0.0386633
0.0425233
0.0347067
0.0351833
0.0147233
0.02315
0.0118067
0.0132067
0.00667333
0.0111767
0.0173633
0.0156633
0.0157267
0.00566667
0.00422
0.00054
0.000393333
0
0
0
0
0
0
0
0.000433333
0.000866667
0.00475333
0.00820667
0.0195533
0.0203967
0.0268567
0.01679
0.0156433
0.00586667
0.00485667
0.00485667
0.006
0.0156433
0.0156433
0.0203967
0.0139367
0.0112233
0.00475667
0.00087
0
0
0
0
0
0
0
0
0
0
0
0
0
0.00062
0.00193333
0.00282
0.0141133
0.0174533
0.0145167
0.02267
0.0210467
0.00280667
0.00287
0.00597
0.0149267
0.0117233
0.01213
0.0188467
0.0213767
0.00063
0.00692
0.00757667
0.01206
0.0109833
0.00051
0.00049
0.001
0.00436667
0.00437667
0.00708
0.00079
0.00629
0
0
8e-05
8e-05
0.00058
0
0
0
0
0
0.00543
0.00544333
0
0.00653667
0.0131567
0.01675
0.0299467
0.0328767
0.0185033
0.0210867
0.0208233
0.01968
0.0294033
0.0326267
0.0144
0.0129233
0.0198233
0.0298033
0.02395
0.0173167
0.0146367
0.0146833
0.0107033
0.017
0.01919
0.00277333
0.01334
0.01271
0.0159933
0.0196767
0.0287467
0.0219633
0.0188067
0.00648
0.0171267
0.03553
0.04036
0.00724667
0.0231133
0.01399
0.0230167
0.0208433
0.0297367
0.0427533
0.03794
0.0373
0.0279967
0.0127233
0.0190233
0.0225667
0.0331367
0.00875
0.00597
0.00957667
0.000703333
0.0420867
0.0001
0.00580667
0.0223567
0.0127433
0.01586
0.00532
0.00264
0.01719
0.0117167
0.0227633
0.00100667
0.00138667
0.00870667
0.02193
0.00413667
0.0144067
0.000443333
0.00795
0.00086
0.02769
0.000753333
0.00469333
0.01345
0.0201533
0.00939667
0.00290333
0.00324333
0.00275
0
0.00052
0.0101067
0.0300467
0.000913333
0.000356667
0.00799
0.00672667
0.00579
0.0093
0.00031
0
0
0.00048
0.00036
0
0.00314
0.00337
0
0.000356667
0.00906333
0.00632667
0.00456333
0.0149067
0.000546667
0.000186667
8.66667e-05
0.0003
0
0
0.00284333
0.00267333
0.0013
0.00367667
0.00187333
0.0162933
0.00832333
0.000406667
0.00413667
0.00372333
0.00191
0.000803333
0.00144
0.00178333
0.0204133
0.00138333
0.00968667
0.000383333
0.00810667
0.00552333
0.00102333
0.00611
0.00722
0.00877667
0.00928333
0.0158367
0.0275433
0.0116167
0.000506667
0.00324
0.0362
0.0164267
0.0197567
0.0215933
0.00847
0.0234
0.0291467
0.03502
0.00318
0.0534067
0.0364033
0.04185
0.0599333
0.0467733
0.0202033
0.0314233
0.00639
0.0252633
0.0463733
0.0379967
0.0333067
0.0306767
0.0612133
0.02276
0.0251233
0.02599
0.0317433
0.00221
0.00129333
0.000813333
0.000736667
0.00421333
0.00734667
0.0163533
0.0102533
0.0439867
0.00411333
0.000966667
0.00028
0.000133333
0
0
0
0
0
0
0
0
0
0.000583333
0.000583333
0.00116667
0.00391333
0.01387
0.0128733
0.0280667
0.02134
0.00687667
0.00257333
0.000226667
0.00198667
0.00301333
0.00419667
0.00581667
0.0126833
0.0402833
0.0247467
0.04614
0.0305433
0.0348833
0.0315733
0.0382533
0.01864
0.0103833
0.00959667
0.00196333
0.00559
0.00197333
0.00198667
0.000146667
0.000146667
0
0
0
0
0
0
0
0
0
0.000433333
0.000866667
0.00475333
0.00475333
0.00905
0.00529667
0.00657667
0.00184667
0.00228333
0.00144
0.00502333
0.01092
0.0203967
0.02716
0.02716
0.0215433
0.0120667
0.00617
0.00144
0.00057
0
0
0
0
0
0
0
0
0
0
0
0
0.00062
0.0011
0.00198667
0.00403
0.00820333
0.0173667
0.0184633
0.00075
0.000676667
0.0185533
0.0177133
0
0.00051
0.01523
0.0213167
0.0139933
0
0.00051
0.0107567
0.01271
0.00341
0.00122
0.00288
0.00262
0
0
0.00026
0.00026
0
0
6.66667e-05
0.0162433
0.01152
0
0.00117333
0.02142
0.0117267
0
0
0.00110667
0.00636333
0
0
0
0.00532333
0.00755333
0
0
0
0
0.00414667
0.00263
0
0
0
0.0183033
0.00741667
0
0
0.02701
0
0
0
0
0
0
0
0
0
0
0
0
0
0
0
0
0
0
0
0
0
0
0
0
0
0
0
0
0
0
0
0
0
0
0
0
0
0
0
0
0
0
0
0
0
0
0
0
0
0
0
0
0
0
0
0
0
0
0
0
0
0
0
0
0
0
0
0
0
0
0.000496667
0
0
0
0.00837667
0.00937667
0.00149667
0.101927
0.01557
0.0249367
0.0307567
0.0224433
0.0219233
0.00634333
0.0117567
0.00696667
0.01516
0.000976667
0.000716667
0.00129333
0.00092
0.03346
0.01904
0.0147033
0.00267
0.00301333
0.00301333
0.00587667
0.00457667
0.00401333
0.00325
0.00799
0.0118067
0.00648667
0.00415667
0.0194933
0.02136
0.0196967
0.0201267
0.0387633
0.03875
0.0555467
0.0251433
0.00708333
0.0252633
0.01875
0.01823
0.0187867
0.00776
0.00467667
0.00904
0.0265433
0.0263933
0.01532
0.00077
0.00419333
0.00545667
0.01362
0.01377
0.01907
0.0116933
0.00456333
0.00025
0.0209267
0
0.01874
0.00954667
0.0158633
0.0209533
0.0262067
0
0.00023
0.01252
0.00470667
0.0114567
0
0.000136667
0.00279667
0.00463
0.0219167
0.00052
0.02412
0.00321667
0.01907
0.00356333
0.0126967
0.02882
0.02299
0.0215933
0.0506367
0.0560967
0.01795
0.0294033
0.00985
0.06371
0.05643
0.0309433
0.0516
0.01658
0.0347333
0.0743267
0.0336567
0.0229567
0.00916
0.00937333
0.0412467
0.0342267
0.0200333
0.08771
0.08997
0.04603
0.0188267
0.0261667
0.0260833
0.00165667
0.00129
0.00085
0.00643667
0.0209267
0.00945667
0.0249167
0.00345667
0.00277
0.00275667
0.00012
0.00012
0
0
0
0
0
0
0
0.00330333
0.01981
0.00663333
0.0180867
0.0082
0.00374
7e-05
0.000143333
0.00132667
0.00477667
0.00808333
0.0202233
0.0455567
0.0766533
0.0301
0.02959
0.0305133
0.00654
0.00375
0.00381333
0.000133333
0.000133333
0
0
0
0
0
0
0
0
0
0
0
0
0
0.000433333
0.000433333
0.000866667
0.000433333
0.000566667
0.000133333
0.000133333
0
0.00087
0.00174
0.00820667
0.0120667
0.0215433
0.01679
0.01679
0.00657667
0.00543333
0.000703333
0.00057
0
0
0
0
0
0
0
0
0
0
0
0
0
0.00048
0.00127
0.00393333
0.00952
0.01878
0.000693333
0.00121333
0.000806667
0.0137767
0.02246
0.0307667
0.0286033
0
0.000223333
0.000403333
0.02778
0.0337
0.0278533
0
0.00018
0.0172567
0.0281933
0
0.0115167
0
0
0.00026
6.66667e-05
6.66667e-05
0
6.66667e-05
0.0278367
0
0
0.0192667
0
0.000793333
0
0.00454
0.00256333
0
0
0.00367
0
0
0.0306567
0.0199033
0
0.02354
0.02067
0.00475333
0.00850333
0.000363333
0.00065
0
0
0
0
0
0
0
0
0
0
0
0
0
0
0
0
0
0
0
0
0
0
0
0
0
0
0
0
0
0
0
0.00274
0.00274
0.00283333
9.33333e-05
0.00700667
0.00964333
0.0140633
0.00725333
0.00034
0.00724333
0.01083
0.0150133
0
0.000236667
0.000236667
0.00392667
0
0
0
0
0
0
0
0
0.00508333
0.00727
0.00218667
0.02354
0.00178333
0.158397
0.0822067
0.139717
0.344507
0.421233
0.292633
0.115593
0.152187
0.0599233
0.619947
0.36503
0.0425433
0.00804667
0.0278833
0.0293567
0.00977333
0.00437333
0.00462333
0.00025
0.0235033
0
0
0
0
0.00817333
0.00518667
0.00531333
0.00044
0.02773
0.0247467
0.02052
0.0280633
0
0
0
0.000313333
0.00036
0.00036
0.000276667
0.0116333
0.0140967
0.00503
0.0179067
0.02365
0.00022
0.00022
0
0.00363667
0.000413333
0.00553
0.00539333
0.00592
0.00441667
0.0604867
0.0502
0.00365333
0.00837
0.01758
0.01628
0.0156167
0.02035
0.0423667
0.0280733
0.0400767
0.0817333
0.03224
0.04885
0.145007
0.107333
0.0789667
0.02547
0.0418467
0.03739
0.0339567
0.0788467
0.07517
0.0665933
0.09107
0.07176
0.0913133
0.142523
0.0435933
0.0197933
0.101563
0.173653
0.0966433
0.09595
0.0847167
0.05782
0.0929833
0.07052
0.07382
0.0709267
0.0448767
0.0960867
0.0210533
0.0780033
0.133743
0.0363533
0.04596
0.111563
0.124823
0.05834
0.0597067
0.0532933
0.0458567
0.0276867
0.00326
0.00129
0.00083
0.00641667
0.0284567
0.0169667
0.0436667
0.00439667
0.00208667
0.000446667
0.000326667
0
0
0
0
0
0.000566667
0.00387
0.0280967
0.0154867
0.06313
0.00291
0.00596667
0.000756667
0.00134333
0.00418
0.01001
0.0227467
0.08167
0.0530967
0.11432
0.0453133
0.0192433
0.0181033
0.0201867
0.01519
0.0137133
0.0119867
0.01654
0.0113033
0.00307
0.00680333
0.0042
0.00378333
0.000196667
0
0
0
0
0
0
0
0
0
0
0
0
0
0
0
0
0
0
0
0
0
0
0
0
0.000433333
0.00130333
0.00187333
0.00617
0.00543333
0.00657667
0.00184667
0.00184667
0.000133333
0.000133333
0
0
0
0
0
0
0
0
0
0
0
0
8.33333e-05
8.33333e-05
0.00146333
0.00217
0.00823667
0.00242667
0.00407
0.0160833
0.0244767
0.0375933
8.66667e-05
0.00199333
0.0323267
0.0408267
0.0372667
0
8.66667e-05
0.0283567
0.02301
0.0175833
0
0.000456667
0.01299
0.0188933
0.00675333
0
0.000276667
0.00278
0.00413333
0
0
0.01211
0.00147667
0
0
0.02325
0
0
0
0
0.0204633
0
0.000726667
0.00882
0
0
0.00447333
0.00461333
0.00236667
0
0
0.0158333
0.01478
0.00364333
0
0.0208967
0.00775667
0.00395
0
0
0
0.0118133
0
0
0
0.00519333
0.00109
0
0
0
0
0.000363333
0.000286667
0
0
0
0
0
0
0
0
0
0
0
0
0
0
0
0
0
0
0
0
0
0
0
0
0
0
0
0
0
0
0
0
0
0
0
0
0
0
0
0
0
0
0
0
0
0
0
0
0
0
0
0
0
0
0
0
0
0
0
0
0
0.000496667
0.000826667
0
0
0.00847333
0.01599
0.02215
0.000286667
0.0710167
0.103373
0.189267
0.388443
0.461443
0.0124767
0.0473233
0.0458767
0.186047
0.108787
0.152647
0.07394
0.193203
0.193227
0.209697
0.17134
0.103987
0.24418
0.219203
0.241533
0.15101
0.11554
0.118617
0.16214
0.130917
0.1085
0.111257
0.157187
0.09651
0.0373767
0.176033
0.21438
0.112337
0.0483633
0.112367
0.0990733
0.06577
0.117203
0.0923833
0.0326333
0.0140933
0.00289
0.00064
0.00055
0.0157767
0.0360233
0.0524033
0.0265933
0.02665
0.00454667
0.00311
0.00053
0.000326667
0
0
0
0
0.000566667
0.0172
0.05497
0.112133
0.0223933
0.00732667
0.00503
0.0012
0.00144
0.00741333
0.01173
0.0446767
0.125747
0.0846767
0.144983
0.14315
0.13767
0.07506
0.04874
0.02346
0.0137333
0.00990667
0.0279133
0.00235
0.00364667
0.00333667
0.00374667
0.01111
0.00616
0.00372667
0.00404667
0.00014
0
0
0
0
0
0
0
0
0
0
0
0
0
0
0
0
0
0
0
0
0
0.000433333
0.000433333
0.00100333
0.00057
0.000703333
0.000133333
0.000133333
0
0
0
0
0
0
0
0
0
0
0
0
0
0
0.000226667
0.00031
0.00289667
0.00405
0.01329
0.01677
0.0251633
0.0212567
0.01206
0.0102233
0.0123533
0.0124967
0.0327167
0.0384833
0.01171
0.00714
0.0330167
0.0250233
0.0398
0.0275133
0.01462
0.03097
0.0195533
0
0.00816
0.0116333
0
0
0.00393
0.00403667
0.00387333
0
0.000383333
0.000383333
0
0
0
9e-05
0.0177567
0
0
0
9e-05
0.02354
0
0
0
0
0.000136667
0
0
0.000306667
0
0.0104033
0.000613333
0
0
0.00442
0
0
0.0044
0.00411333
0
0
0
0
0.000286667
0
0
0
0
0
0
0
0
0
0
0
0
0
0
0
0
0
0
0
0
0
0
0
0
0
0
0
0
0
0
0
0
0
0
0
0
0
0
0
0
0
0
0
0
0
0
0
0
0
0
0
0
0
0
0
0
0
0
0
0
0
0.00033
0.000483333
0
0
0.00842333
0.00714
0.00164333
0.00135667
0.08685
0.120813
0.0597833
0.54322
0.30842
0.208217
0.113827
0.16484
0.12296
0.120487
0.106517
0.188693
0.181373
0.158333
0.12037
0.10981
0.119443
0.150317
0.102003
0.0834333
0.0233167
0.0137267
0.00252333
0.00064
0
0.00055
0.000846667
0.00524333
0.0364933
0.00958
0.0519867
0.05704
0.0372467
0.01801
0.00592
0.00346667
0.00033
0.000253333
0.000126667
0.000126667
0
0
0
0.000566667
0.00085
0.00586667
0.0791
0.0106033
0.117313
0.0585167
0.0245133
0.00905333
0.00463667
0.00022
0.000853333
0.000933333
0.00583667
0.0836833
0.129983
0.0953667
0.106987
0.0796833
0.0662833
0.0307833
0.00427333
0.01428
0.0221067
0.00429
0.00382667
0.00281667
0.00469667
0.0138233
0.00593667
0.01459
0.0306167
0.0207433
0.01531
0.0370533
0.0255667
0.0238067
0.00607333
0.00937667
0.0006
0.00028
0.00014
0
0
0
0
0
0
0
0
0
0
0
0
0
0
0
0
0
0
0
0
0
0
0
0
0
0
0
0
0
0
0
0
0
0
0
0
0
0
0
0
0
0
0
0.000226667
0.000453333
0.00093
0.00329
0.0134833
0.02233
0.02907
0.0297167
0.0218667
0.02504
0.0191467
0.0278
0.03018
0.0228
0.0381133
0.0301
0.0287567
0.0269
0.01784
0.02242
0.0222633
0.0150967
0.03029
0.0269967
0.0217167
0.00997
0.00467667
0.02633
0.0316167
0.0314233
0.00846333
0.00459
0.0232467
0.0220867
0.01217
0.00387333
0.00601
0.00252333
0.00387333
0
0.00055
0.000836667
0
0
0.00076
0.00606667
0
0
0
0.00018
0.00548667
0.01185
0
0
0
9e-05
0.000226667
0.00668
0
0
0
0.000866667
0.000136667
0
0
0
0
0.00356
0.00269333
0
0
0
0.00342
0.000306667
0
0
0
0.000726667
0.000306667
0
0
0.000726667
0
0
0
0
0
0
0
0
0
0
0
0
0
0
0
0
0
0
0
0
0
9.33333e-05
0.000196667
0.00461667
0.00452333
0.00811
0.00369
0.00369
0
0
0
0
0.00339
0.00962667
0.00929
0.00258333
0.0880033
0.147207
0.296073
0.09069
0.14535
0.0639
0.50713
0.35721
0.46462
0.0731867
0.05229
0.0245833
0.01418
0.00395
0.00188333
0
0
0.00566333
0.0324967
0.0130867
0.06311
0.0344867
0.07101
0.0555133
0.04696
0.0280467
0.01889
0.00731333
0.00398
0.00252667
0.00193667
0.00349333
0.00181
0.00168333
0
0
0
0.00597
0.0551633
0.0123167
0.0860033
0.0542133
0.04719
0.00907
0.00493667
0.00052
0.00022
0
8e-05
0.00511333
0.03784
0.0336167
0.0448433
0.03163
0.0234333
0.0573333
0.04948
0.00364333
0.00680333
0.02751
0.00841667
0.0039
0.00118667
0.00489333
0.00414667
0.01827
0.00881
0.0126033
0.0212633
0.0263867
0.0199
0.0354567
0.0361967
0.0306067
0.0204633
0.0107433
0.00627667
0.000663333
0
0
0
0
0
0
0
0
0
0
0
0
0
0
0
0
0
0
0
0
0
0
0
0
0
0
0
0
0
0
0
0
0
0
0
0
0
0
0
0
0
0
0
0
0
0.000226667
0.000476667
0.000953333
0.00363333
0.0138033
0.01739
0.0244567
0.0206367
0.01692
0.02115
0.0175633
0
0
0
0
0
0
0
0
0
0
0
0
0
0
0
0
0
0
0
0
0
0
0
0
0
0
0
0
0
0
0
0
0
0
0
0
0
0
0
0
0
0
0
0
0
0
0
0
0
0
0
0
0
0
0
0
0
0
0
0
0
0
0
0
0
0
0
0
0.000153333
0.000153333
0
0
0.00263333
0.00370667
0.00122667
0.0650233
0.0133833
0.01475
0.00246333
0.000396667
0
0
0
0
0
0.000296667
0.000776667
0.01005
0.0164467
0.01034
0.0207833
0.0172033
0.01905
0.0131167
0.0105367
0.0174967
0.01282
0.02261
0.0138733
0.0127167
0.00221
0.000526667
0
0
0
0
0
0.000283333
0.000666667
0.0112667
0.0152367
0.00879
0.00483667
0.00056
0.000376667
7.66667e-05
0
8e-05
8e-05
8e-05
0.00021
0.0124133
0.0148833
0.00352667
0.0194
0.0140333
0.000693333
0.00160333
0.00976333
0.00436
0.00361
0.0148133
0.0245
0.0179033
0.00538
0.000773333
0.000523333
0
0
0
0
0
0
0
0
0
0
0
0
0.000133333
0.000133333
0.000703333
0.00057
0.00100333
0.000433333
0.000433333
0
0
0
0
0
0
0
0
0
0
0
0
0
0
0
0
0
0
0
0
0
0
0
0
0
0
0
0
0.00025
0.00315667
0.00317
0.00723333
0.00443
0.0107667
0.00739
0.0103533
0.00742
0.00109667
0.000396667
0
0
0
0
0
0
0
0
0.00048
0.00048
0.00233
0.00185
0.00346333
0.00169667
0.00499333
0.00409
0.0103667
0.0123
0.02201
0.02923
0.0345067
0.03476
0.0217067
0.0141133
0.00344
0.00291333
0
0
0
0
0
0
0.00095
0.00133333
0.00507
0.00837333
0.00817333
0.00419333
0.000533333
0.00035
0.000273333
0
0
0
0
0.00013
0.00013
0.00081
0.00068
0.00105667
0.000376667
0.000376667
0
0.00174667
0
0.00104667
0.00366667
0.00347667
0.00808333
0.00528
0.00025
0
0
0
0
0
0
0
0
0
0
0
0
0
0.000133333
0.000133333
0.00184667
0.00184667
0.00657667
0.00543333
0.00918667
0.00489
0.00432
0.000433333
0
0
0
0
0
0
0
0
0
0
0
0
0
0
0
0
0
0
0
0
0
0
0
0
0
0
0
0
0
0.000263333
0.000263333
0.000366667
0.00079
0.000686667
0.00435333
0.0007
0.00360333
0.00360333
0.00547
0.00186667
0.00202
0.000153333
0.000153333
0
0
0
0
0
0
0
8.33333e-05
0.000793333
0.00150333
0.00665
0.01117
0.02404
0.03239
0.04127
0.0383633
0.0364533
0.0252567
0.0181233
0.00645333
0.00354
0
0
0
0
0
0.000613333
0.00156333
0.01006
0.0226533
0.0178933
0.000273333
0
0
0
0
0
0
0
0
0
0
0
0
0.0007
0
0
0
0
0
0
0
0.000423333
0.000423333
0.000673333
0.00025
0
0
0
0
0
0
0
0
0
0
0
0
0
0.000433333
0.000566667
0.00415
0.00543
0.0156433
0.01679
0.0215433
0.0150833
0.0112233
0.00475667
0.00130333
0.000433333
0.000433333
0
0
0
0
0
0
0
0
0
0
0
0
0
0
0
0
0
0
0
0
0
0
0
0
0
0
0
0
0
0
0.00471333
0.01519
0.0159467
0.0160733
0.00575
0.00388333
0.000153333
0
0
0
0
0
0
0
0
0
0
0
0.00071
0.00128333
0.00651333
0.01251
0.0255167
0.0366567
0.04406
0.0317333
0.02645
0.0119333
0.00819667
0.000273333
0
0
0
0
0
0
0
0
0
0
0
0
0
0.0390833
0.0437833
0.0227133
0.0324767
0.00455333
0.0120567
0
0.00101333
0
0
0.00137
0.000756667
0.0161967
0.00845667
0.0469633
0.0408433
0.0532567
0.00111
0.00111
0
0
0
0
0
0
0
0
0
0
0
0
0
0
0
0
0
0
0
0
0
0
0
0
0
0
0.000433333
0.000866667
0.00475333
0.00790333
0.0139367
0.0203967
0.02716
0.02716
0.0215433
0.0120667
0.00617
0.00187333
0.00100333
0.000433333
0
0
0
0
0
0
0
0
0
0
0
0
0
0
0
0
0
0
0
0
0
0
0
0
0
0
0
0
0
0
0.01584
0.02661
0.0260867
0.0165367
0.00465667
0.000926667
0
0
0
0
0
0
0
0
0
0
0
0
0.000573333
0.00118
0.00788667
0.0183433
0.0341067
0.0279833
0.0134567
0.00818667
0.000263333
0
0
0
0
0
0
0
0
0
0
0
0
0
0
0.03718
0.0394533
0.02307
0.01078
0.00508
0.00281667
0.00180333
0
0
0.000756667
0.00793
0.0150167
0.03871
0.0567967
0.0766667
0.0863267
0.0566767
0.00536333
0.00425333
0
0
0
0
0
0
0
0
0
0
0
0
0
0
0
0
0
0
0
0
0
0
0
0
0
0
0
0.000433333
0.000866667
0.00475333
0.00820667
0.01424
0.0139367
0.0203967
0.0156433
0.01679
0.00657667
0.00543333
0.000703333
0.00057
0
0
0
0
0
0
0
0
0
0
0
0
0
0
0
0
0
0
0
0
0
0
0
0
0
0
0
0
0
0
0.0187567
0.0184167
0.01672
0.00484
0.000926667
0
0
0
0
0
0
0
0
0
0
0
0
0
0.000606667
0.00076
0.01179
0.0131167
0.00654667
0.00127667
0.000263333
0
0
0
0
0
0
0
0
0
0
0
0
0
0
0.00379
0.0227433
0.03394
0.0264233
0.0149233
0.00587
0.00719667
0.00539333
0.00402333
0.000433333
0.00148667
0.00822667
0.0326767
0.08312
0.06394
0.0283367
0.00687667
0.00262333
0
0.00379
0
6.66667e-05
0
0
0.0005
0.000433333
0.000433333
0
0
0
0
0
0
0
0
0
0
0
0
0
0
0
0
0
0
0
0
0.000433333
0.000866667
0.00475333
0.00489
0.00804
0.00485667
0.006
0.00342
0.00285
0.00157
0.000566667
0.000433333
0
0
0
0
0
0
0
0
0
0
0
0
0
0
0
0
0
0
0
0
0
0
0
0
0
0
0
0
0
0.00691
0.00518667
0.00481333
0.0009
0
0
0
0
0
0
0
0
0
0
0
0
0
0
0.000153333
0.00208667
0.00402
0.00101333
0
0
0
0
0
0
0
0
0
0
0
0
0
0
0.00104333
0.00483333
0.0162633
0.0168033
0.02706
0.0328267
0.0348267
0.02444
0.0174633
0.00927333
0.0100767
0.00663
0.00746
0.00590667
0.0120433
0.01068
0.02856
0.0322767
0.0512733
0.0322233
0.0284667
0.00641333
0.00299667
0.000373333
0.00467333
0.0161033
6.66667e-05
0.00036
0
0.000883333
0.00396333
0.00410333
0.00403667
0.000433333
0
0
0
0
0
0
0
0
0
0
0
0
0
0
0
0
0
0
0
0
0.0004
0.000833333
0.00408667
0.00425667
0.00999333
0.00744333
0.0164933
0.0113267
0.0155133
0.00632667
0.00532333
0.000433333
0
0
0
0
0
0
0
0
0
0
0
0
0
0
0
0
0
0
0
0
0
0
6.66667e-05
6.66667e-05
0.00028
0.000213333
0.000213333
0
0.00127333
0.0009
0.0009
0
0
0
0
0
0
0
0
0
0
0
0
0
0
0
0.00193333
0.00193333
0.00386667
0.00294333
0
0
0
0
0
0
0
0
0
0
0
0
0
0.000536667
0.00158
0.00587333
0.0167667
0.02744
0.0107833
0.00803333
0.0219633
0.0272067
0.0343033
0.0259967
0.0195433
0.01037
0.00909333
0.01124
0.0130533
0.0170167
0.01756
0.01971
0.0161967
0.0140767
0.0122767
0.0125967
0.0106467
0.00587667
0.000476667
0.000373333
0
0.0144933
0.0253267
0.000293333
0.00106
0.00184333
0.00402333
0.0115367
0.0143733
0.0149467
0.00447
0.000866667
0
0
0
0
0
0
0
0
0
0
0
0
0
0
0
0
0
0.000266667
0.000266667
0.00453333
0.00466667
0.0218433
0.02083
0.0528633
0.0418567
0.0719567
0.0491433
0.0538933
0.02543
0.01755
0.00663
0.00174
0
0
0
0
0
0
0
0
0
0
0
0
0
0
0
0
0
0
0
0
0
0.000796667
0.000863333
0.00320333
0.00262
0.00351333
0.00117333
0
0.000213333
0.000213333
0.000213333
0
0
0
0
0
0
0
0
0
0
0
0
0
0
0
0
0.00101
0.00101
0
0
0
0
0
0
0
0
0
0
0
0
0.000536667
0.000536667
0.00483
0.00665
0.0183667
0.0180467
0.00638333
0.00569333
0.0167167
0.0121667
0.01435
0.00618667
0.00866
0.0217533
0.02561
0.0777533
0.0673467
0.138347
0.0901667
0.151187
0.07861
0.107053
0.0442333
0.0493667
0.0191233
0.0153533
0.00624667
0.00147667
0.000476667
0
0
0
0.0188567
0.02065
0.000766667
0.00130333
0.00998333
0.0139833
0.0131833
0.0231233
0.0270833
0.01607
0.00616
0.00143333
0.000566667
0
0
0
0
0
0
0
0
0
0
0
0
0
0
0
0.00087
0.00113667
0.00944
0.0128367
0.04473
0.0536033
0.110823
0.111097
0.15342
0.125287
0.127787
0.0792067
0.0638033
0.03061
0.0241433
0.00619333
0.00488667
0.000433333
0.000433333
0
0
0
0
0
0
0
0
0
0
0
0
0
0
0
0.000133333
0.000133333
0.0054
0.00606333
0.0125
0.00957333
0.01562
0.0101433
0.00117333
0.00351333
0.00255333
0.00234
0
0
0
0
0
0
0
0
0
0
0
0
0
0
0
0
0
0
0.00058
0.00058
0
0
0
0
0
0
0
0
0
0
0
6.66667e-05
0.00242333
0.00270333
0.00661
0.00468667
0.00183333
0.0017
0.00196667
0.00243667
0.00447333
0.0231733
0.03798
0.0924533
0.12837
0.168037
0.18842
0.223027
0.233973
0.235253
0.18091
0.127657
0.0589333
0.0382567
0.02492
0.0153367
0.001
0
0
0.00058
0.00096
0.00152
0.0124833
0.00795667
0.00109667
0.00116333
0.02352
0.0202267
0.00495333
0.0167667
0.0179433
0.01832
0.00657333
0.00542667
0.0007
0.000566667
0
0
0
0
0
0
0
0
0
0
0
0
0
0
0.00087
0.00174
0.0115167
0.01895
0.0593067
0.08169
0.143227
0.163487
0.190937
0.180597
0.149677
0.125
0.0785667
0.06595
0.0347333
0.02612
0.00860333
0.00532
0.000866667
0.000433333
0
0
0
0
0
0
0
0
0
0
0
0
0
0
0.000566667
0.0007
0.0110433
0.0157433
0.0264933
0.0225867
0.0290367
0.0249967
0.0101433
0.0147233
0.00788
0.00554
0
0
0
0
0
0
0
0
0
0
0
0
0
0
0
0
0
0
0.00248
0.0019
0
0
0
0
0
0
0
0
0
0
6.66667e-05
6.66667e-05
0.000346667
0.00028
0.000713333
0.000433333
0.00103667
0.000133333
0.00320667
0.0120367
0.0299667
0.0598533
0.107533
0.145343
0.16993
0.196907
0.22962
0.251717
0.246403
0.21351
0.149107
0.0851367
0.04301
0.0291067
0.01477
0.00182
0.00138667
0.00322
0.00241333
0.00431333
0.00836333
0.0085
0.00467333
0.00112333
0.00172333
0.00145667
0.0218267
0.0108
0.0044
0.00845667
0.00852333
0.00619667
0.00184667
0.00184667
0.000133333
0.000133333
0
0
0
0
0
0
0
0
0
0
0
0
0
0
0
0.00087
0.00261
0.0123867
0.02806
0.0675467
0.0813233
0.13462
0.12985
0.165907
0.11239
0.1065
0.0524467
0.04919
0.0203367
0.0184967
0.00556333
0.00428333
0.000566667
0.000433333
0
0
0
0
0
0
0
0
0
0
0
0
0
0
0.000433333
0.001
0.00746333
0.0173733
0.0278867
0.0323067
0.0285233
0.02916
0.0241
0.02127
0.00955333
0.00401333
0
0
0
0
0
0
0
0
0
0
0
0
0
0
0
0.000483333
0.000483333
0.00395667
0.00886
0.00763667
0.000676667
0.000676667
0
0
0
0
0
0
0
0
0
0
0
0
0
0
0.00982333
0.00437667
0.0153133
0.06132
0.109
0.160563
0.18066
0.2391
0.211943
0.191667
0.16939
0.127263
0.0721033
0.0160733
0.00312333
0.00320667
0.01532
0.0157667
0.02947
0.0188233
0.02395
0.0196567
0.0136967
0.00069
0
0.00227333
0.00194333
0.00825333
0.00169333
0.0115367
0.01481
0.0153833
0.00504
0.001
0.000133333
0
0
0
0
0
0
0
0
0
0
0
0
0
0
0
0
0
0
0
0.00174
0.00404667
0.02059
0.0333567
0.0546033
0.0592733
0.0812233
0.0682667
0.0633767
0.0286267
0.0235867
0.00739667
0.00740333
0.00184667
0.00184667
0.000133333
0.000133333
0
0
0
0
0.000133333
0.000133333
0.000566667
0.000433333
0.000433333
0
0
0
0
0
0
0.000433333
0.00130333
0.00776667
0.0122133
0.0224233
0.0169633
0.0186433
0.02175
0.01054
0.00452
0.00064
0.000133333
0.000133333
0
0
0
0
0
0
0
0
0
0
0
0.00025
0.000733333
0.00394667
0.00717
0.0146767
0.0132233
0.00626333
0.00604
0.000453333
0.000453333
0
0
0
0
0
0
0
0
0
0
0
0
0.03178
0.01691
0.0327533
0.04813
0.0500867
0.05262
0.108537
0.1447
0.10991
0.154877
0.101017
0.06037
0.00618
0.00496333
0.0162067
0.02648
0.06404
0.0665833
0.0609967
0.01862
0.00725333
0
0
0.002
0.00165333
0.00173333
0.00073
0.0131833
0.0231233
0.0259367
0.0149233
0.00501333
0.00143333
0.000566667
0
0
0
0
0
0
0
0
0
0
0
0
0
0
0
0
0
0
0
0.000433333
0.00274
0.00749333
0.0215667
0.0321767
0.0486367
0.0447433
0.0424233
0.0247933
0.0158867
0.00572333
0.00227333
0.000566667
0.000133333
0
0
0
0
0.000133333
0.000133333
0.00184667
0.00184667
0.00543
0.00415
0.00488667
0.00130333
0.00087
0
0
0
0
0
0
0.00087
0.00145667
0.00633667
0.00619667
0.00661333
0.00730333
0.00218333
0.00154
0.00274667
0.00184667
0.00184667
0.000133333
0.000133333
0
0
0
0
0
0
0
0
0.00025
0.00330667
0.00652
0.0191233
0.0240567
0.04583
0.0181333
0.0116267
0.00649333
0.000906667
0.000453333
0
0
0
0
0
0
0
0
0
0
0
0
0.000213333
0.07125
0.05132
0.0670867
0.034
0.0147667
0.0550367
0.04438
0.0453933
0.00428333
0.00571667
0.00402667
0.0157333
0.0417067
0.07974
0.0514933
0.00714667
0.00112667
0
0.000213333
0.000886667
0.000536667
0.00073
0
0.00445
0.01633
0.0175067
0.0171733
0.00542667
0.00428
0.0007
0.000566667
0
0
0
0
0
0
0
0
0
0
0
0
0
0
0
0
0
0
0
0.000433333
0.000866667
0.00562
0.00907333
0.0215567
0.0215333
0.02826
0.0170567
0.01591
0.00543
0.00415
0.000566667
0.000433333
0
0
0
0
0.00057
0.000703333
0.00543333
0.00657667
0.01679
0.0156433
0.0203967
0.01092
0.00733667
0.00087
0
0
0
0
0
0
0
0.000586667
0.000586667
0.00131667
0.00167667
0.00749333
0.00920667
0.01002
0.00356
0.00198
0.000266667
0.000133333
0
0
0
0
0
0
0
0
0.00305667
0.00773667
0.02059
0.02519
0.0454967
0.04674
0.0377867
0.00702
0.00143333
0.000453333
0
0
0
0
0
0
0
0
0
0
0
0
0.0009
0.00111333
0.00355
0.0670033
0.0612133
0.06794
0.0463667
0.02885
0.00970667
0.00495
0.00486
0.00402
0.00327
0.00252
0.00259333
0.00266667
0.0100367
0.03737
0.0984133
0.0757533
0.000776667
0
0.000376667
0.00281333
0
0
0
0.000163333
0.000433333
0.00434667
0.00448
0.00576
0.00184667
0.00184667
0.000133333
0.000133333
0
0
0
0
0
0
0
0
0
0
0
0
0
0
0
0
0
0
0
0
0
0.000433333
0.000433333
0.00432
0.00432
0.00905
0.00529667
0.00657667
0.00184667
0.00184667
0.000133333
0.000133333
0
0
0
0
0
0.00057
0.00445667
0.00918667
0.0150833
0.0215433
0.02716
0.02716
0.0172467
0.0069
0.000433333
0
0
0
0
0
0
0
0
0
0.00713
0.0177067
0.0188833
0.01617
0.00572667
0.00444667
0.000566667
0.000433333
0
0
0
0
0
0
0
0
0.00468
0.00716667
0.0148233
0.0139867
0.0255967
0.02171
0.0327567
0.0325933
0.00137333
0.00098
0
0
0
0
0
0
0
0
0
0
0
0
0.000463333
0.00136333
0.00527667
0.00725
0.01206
0.0370633
0.02599
0.0234133
0.00802667
0.00679333
0.00327
0.00168
0.00243
0.00159
0.00175333
0.00084
0.00932667
0.00111667
0.0378
0.00975667
0.06061
0.0307333
0.000536667
0.000536667
0.0026
0.00814667
0
0
0.000163333
0.000163333
0
0.000433333
0.000433333
0.000566667
0.000133333
0.000133333
0
0
0
0
0
0
0
0
0
0
0
0
0
0
0
0
0
0
0
0
0
0
0
0
0
0
0
0.000433333
0.000433333
0.000566667
0.000133333
0.000133333
0
0
0
0
0
0
0
0
0.000433333
0.00432
0.00519
0.0112233
0.0120667
0.0215433
0.01521
0.0109133
0.000566667
0.000433333
0
0
0
0
0
0
0
0
0.0113433
0.0156867
0.0193367
0.00962667
0.00518
0.0013
0.000433333
0
0
0
0
0
0
0
0
0
0.00248667
0.00256333
0.00640667
0.00795
0.00455333
0.000783333
0.000446667
0
0
0
0
0
0
0
0.000203333
0.000203333
0.00154667
0.00248667
0.00363
0.00228667
0.00153667
0.000393333
0.000393333
0
0
0
0
0
0
0
0
0
0
0
0
0
0.000463333
0.00450333
0.00841667
0.0198333
0.0215033
0.02195
0.000766667
0.00023
0.00571
0.01007
0
0
0
0
0
0
0
0
0
0
0
0
0
0
0
0
0
0
0.000133333
0.000133333
0.000566667
0.000433333
0.000866667
0.000433333
0.000433333
0
0
0
0
0
0
0
0
0
0
0
0
0
0
0
0
0
0
0
0
0
0
0
0
0
0
0.000433333
0.000433333
0.00130333
0.00144
0.00617
0.0053
0.00486333
0.000133333
0.000133333
0
0
0
0
0
0
0
0
0.00517667
0.00553333
0.00633333
0.00145333
0.000866667
0
0
0
0
0
0
0
0
0
0
0
0
7.66667e-05
0.00451667
0.00477667
0.000933333
0.000336667
0
0
0
0
0
0
0
0
0
0
0
0.00114333
0.00114333
0.00114333
0
0
0
0
0
0
0
0
0
0
0
0
0
0
0
0
0
0.00404
0.00419333
0.0160733
0.0169133
0.02112
0.00974667
0.000296667
6.66667e-05
0.00436
0.00486667
0
0
0
0
0
0
0
0
0
0
0
0
0
0
0
0
0.000133333
0.000133333
0.00184667
0.00184667
0.00657667
0.00529667
0.00905
0.00475333
0.00475333
0.000866667
0.000433333
0
0
0
0
0
0
0
0
0
0
0
0
0
0
0
0
0
0
0
0
0
0
0
0
0
0
0
0
0.00057
0.00057
0.00057
0
0
0
0
0
0
0
0
0
0
0.000653333
0.000586667
0.000586667
0
0
0
0
0
0
0
0
0
0
0
0
0
0
0
7.66667e-05
7.66667e-05
0.000673333
0.000596667
0.000596667
0.000596667
0
0
0
0
0
0
0
0
0
0
0
0
0
0
0
0
0
0
0
0
0
0
0
0
0
0
0
0
0
0
0
0
0
0.000153333
0.00202
0.0069
0.00733333
0.00597333
0.00109333
6.66667e-05
0
0.000506667
0.000506667
0
0
0
0
0
0
0
0
0
0
0
0
0
0
0
0
0.00057
0.000703333
0.00543333
0.00657667
0.01679
0.01679
0.0268567
0.0203967
0.0195533
0.00820667
0.00432
0.000433333
0
0
0
0
0
0
0
0
0
0
0
0
0
0
0
0
0
0
0
0
0
0
0
0
0
0
0
0
0
0
0
0
0
0
0
0
0
0
0
0
0
0
0
0
0
0
0
0
0
0
0
0
0
0
0
0
0
0
0
0
0
0
0
0
0
0
0
0
0
0
0
0
0
0
0
0
0
0
0
0
0
0
0
0
0
0
0
0
0
0
0
0
0
0
0
0
0
0
0.00186667
0.00186667
0.00245333
0.000586667
0.000586667
0
0
0
0
0
0
0
0
0
0
0
0
0
0
0
0
0
0
0
0
0
0.000433333
0.00100333
0.00187333
0.00617
0.0120667
0.0215433
0.02716
0.0324733
0.0268567
0.0203967
0.00918667
0.00445667
0.00057
0
0
0
0
0
0
0
0
0
0
0
0
0
0
0
0
0
0
0
0
0
0
0
0
0
0
0
0
0
0
0
0
0
0.000196667
0.000196667
0
0
0
0
0
0
0
0
0
0
0
0
0
0
0
0
0
0
0
0
0
0
0
0
0
0
0
0
0
0
0
0
0
0
0
0
0
0
0
0
0
0
0
0
0
0
0
0
0
0
0
0
0
0
0
0
0
0
0
0
0
0
0
0
0
0
0
0
0
0
0.000486667
0
0.000786667
0.0003
0.0003
0
0
0
0
0
0
0
0
0
0
0.000433333
0.000433333
0.00130333
0.00475667
0.0112233
0.0139367
0.0203967
0.0156433
0.01679
0.00657667
0.00543333
0.000703333
0.00057
0
0
0
0
0
0
0
0
0
0
0
0
0
0
0
0
0
0
0
0
0
0
0
0
0
0
0
0
0
0.000826667
0.0113167
0.0106867
0.01121
0.00104667
0.000523333
0
0
0
0
0
0
0
0
0
0
0
0
0
0
0
0
0
0
0
0
0
0
0
0
0
0
0
0
0
0
0
0
0
0
0
0
0
0
0
0
0
0
0
0
0
0
0
0
0
0
0
0
0
0
0
0
0
0
0
0
0
0
0
0
0.000226667
0.000113333
0.000113333
0.000713333
0.00513667
0.00044
0.000553333
0.000766667
0.00945
0.00595333
0.0100667
0.0049
0.0003
0
0
0
0
0
0
0
0
0
0
0
0
0
0.00388667
0.00432
0.00790333
0.00415
0.00543
0.00184667
0.00184667
0.000133333
0.000133333
0
0
0
0
0.000133333
0.000133333
0.000703333
0.00057
0.00057
0
0
0
0
0
0
0
0
0
0
0
0
0
0
0
0
0
0
0
0
0.00032
0.00114667
0.0351267
0.0547533
0.0314667
0.02966
0.00953333
0
0
0
0
0
0
0
0
0
0
0
0
0
0
0
0
0
0
0
0
0
0
0
0
0
0
0
0
0
0
0
0
0
0
0
0
0
0
0
0
0
0
0
0
0
0
0
0
0
0
0
0
0
0
0
0
0
0
0
0
0
0
0.00043
0.00043
0.00043
0.000226667
0.00139
0.00581333
0.00377
0.00333
0.0299933
0.0293167
0.01234
0.0317967
0.0485067
0.0292667
0.04861
0.0295967
0.0247167
0.00488667
0.000286667
0
0
0
0
0
0
0
0
0
0
0
0
0
0
0.000433333
0.000433333
0.000566667
0.000133333
0.000133333
0
0
0
0
0.000276667
0.000276667
0.00257
0.00242667
0.00759
0.00586667
0.00962
0.00445667
0.00432
0.000433333
0.000433333
0
0
0
0
0
0
0
0
0
0
0
0
0
0
0.0231367
0.0715167
0.0466267
0.0713433
0.06998
0.0655233
0.0490333
0.00106333
0.00021
0.00021
0.00021
0.00021
0
0
0
0
0
0
0
0
0
0
0
0
0
0
0
0
0
0
0
0
0
0
0
0
0
0
0
0
0
0
0
0
0
0
0
0
0
0
0
0
0
0
0
0
0
0
0
0
0
0
0
0
0
0.000743333
0.00117333
0.00879
0.00222667
0.00836
0.00321667
0.0280833
0.03715
0.0289967
0.0091
0.0724033
0.07986
0.0844367
0.0322567
0.0205433
0.000713333
0.000286667
0
0
0
0
0
0
0
0
0
0
0
0
0
0
0
0
0
0
0
0
0.000143333
0.000143333
0.00251333
0.00264667
0.01104
0.0109633
0.0219
0.01867
0.0228433
0.0155167
0.0112233
0.00519
0.00130333
0.000433333
0
0
0
0
0
0
0
0
0
0
0
0
0
0
7.66667e-05
0.000396667
0.00543333
0.0324267
0.0273467
0.0531067
0.0548933
0.0356033
0.0661667
0.0682467
0.04383
0.0424567
0.05051
0.06223
0.0489933
0.0290433
0.0326067
0.0295433
0.0234267
0.00486667
0.01009
0
0.00066
0
0
0
0
0
0
0
0
0
0
0
0
0
0
0
0
0
0
0
0
0
0
0
0
0
0
0
0
0
0
0
0
0
0
0
0
0
0
0
0
0
0
0
0
0
0
0
0
0
0
9.33333e-05
9.33333e-05
0.00520333
0.00103
0.00796
0.0371733
0.0329967
0.0416967
0.00997333
0.00021
0
0
0
0
0
0
0
0
0
0
0
0
0
0
0
0
0
0
0
0.000513333
0.000513333
0.000773333
0.00026
0.00026
0
0
0
0.00026
0.00026
0.00061
0.00035
0.00035
0
0
0
0
0
0
0
0
0
0
0
0
0
0
0
0
0
0
0
0.00230667
0.00305
0.00911333
0.00723667
0.0148533
0.0175667
0.01081
0.03627
0.00632667
0.00289333
0.03176
0.0588267
0.0132967
0.00171333
0.000843333
0.000416667
0
0
0
0
0
0
0
0
0
0
0
0
0
0
0
0
0
0
0
0.00058
0.000723333
0.00597333
0.00776333
0.02192
0.0250633
0.0409267
0.03784
0.0407367
0.02897
0.02135
0.01093
0.00489667
0.00130333
0.000433333
0
0
0
0
0
0
0
0
0
0
0
0.000126667
0.000126667
0.00194
0.00189
0.00480667
0.01092
0.00803
0.0134033
0.0172667
0.00788667
0.0649967
0.02443
0.0133
0.00947667
0.01785
0.0166067
0.0126667
0.0150933
0.00531667
0.0166567
0.00444
0.0220767
0.00320667
0.00035
0.00420667
0.00598333
0.00147
0.00158333
0.000113333
0.00076
0
0
0
0
0.0001
0
0
0
0
0
0
0
0
0
0
0
0
0.000133333
0.000133333
0.000813333
0.00068
0
0
0.00239333
0.00252667
0.01353
0.0118167
0
0
0.00227
0.00466333
0.0176967
0.02643
0
0
0.000526667
0.00279667
0.00717667
0.0196833
0
0
0
0.000526667
0.00096
0.00534
0
0
0
0
0
0.000433333
0
0
0
0
0
0
0
0
0
0
0
0
0
0
0
0
0
0
0
0
0
0
0
0
0
0
0
0
0
0
0
0
0
0
0
0
0
0
0
0
0
0
0
0
0
0
0
0
0
0
0
0
0
0
0
0
0.000246667
0.000246667
0.000246667
0
0
0
0.00268667
0.00285667
0.00422333
0.00161333
0
0
0.00282333
0.00543333
0.01761
0.01623
0
0
0
0.00274667
0.00342667
0.01568
0
0
0
0
0
0.00068
0
0
0
0
0
0
0
0
0
0
8e-05
8e-05
0
0
0.000613333
0.00026
0.00071
0.00053
0.00138333
0
0.00431333
0.00593
0.00268
0.00555667
0.00135333
0.0191833
0.00420333
0.170167
0.08731
0.0480433
0.06495
0.444873
0.157747
0.125047
0.228713
0.141277
0.01981
0.0102033
0.000366667
0.000156667
0.000156667
0
0
0
0
0
0
0
0
0
0
0
0
0
0
0
0.001
0.00151333
0.00547667
0.00473667
0.00680333
0.00284
0.00318333
0.000603333
0.00504
0.00469667
0.00504667
0.00096
0.00326667
0.00291667
0.00256667
0
0
0
0
0
0
0
0
0
0
0
0
0
0
0
0
0
0
0.00105333
0.00639667
0.00765
0.0281933
0.0289133
0.07483
0.141657
0.101793
0.120287
0.218803
0.103693
0.120637
0.0357167
0.0301067
0.0041
0.00640667
0.0216333
0.00249333
0.00803333
0.00162333
0.000416667
0
0
0
0
0
0
0
0
0
0
0
0
0
0
0
0
0
0
0
0.00058
0.00448667
0.00973667
0.01572
0.0261133
0.0324633
0.0441333
0.0385433
0.0382333
0.0224467
0.01733
0.00618333
0.00417
0.000576667
0.000433333
0
0
0
0
0
0
0
0
0
0
0
0.000246667
0.000373333
0.00471
0.00627667
0.01602
0.0146
0.0226
0.0156967
0.00200333
0.00165
0.0300333
0.02124
0.00725667
0.00913667
0.01459
0.00588667
0.00686333
0.00164
0.0199333
0.00341667
0.00292
0.00530333
0.0193667
6.33333e-05
0.00532333
0.00161667
6.33333e-05
6.33333e-05
0
0
0
0
0
0
0
0
0
0
0
0
0
0
0
0
0
0
0
0
0
0
0
0
0
0
0
0
0
0
0
0
0
0
0
0
0
0
0
0
0
0
0
0
0
0
0
0
0
0.00121
0.0025
0
0.000416667
0.01669
0.00756667
0.160993
0.03648
0.0991967
0.531897
0.200597
0.110853
0.000156667
0
0
0
0
0
0
0
0.000923333
0.00192333
0.0161333
0.0177133
0.0105567
0.0124133
0.0102767
0.00840667
0.00873667
0.00324667
0
0
0
0
0
0
0
0
0
0
0
0
0
0.0308733
0.0503633
0.0932433
0.194373
0.257267
0.356313
0.360277
0.138673
0.292777
0.221447
0.0607333
0.05555
0.16197
0.03185
0.0233133
0.0171833
0.0214
0.0125833
0.00256333
0.00192667
0.00057
0.00057
0
0
0
0
0
0
0
0
0.00390667
0.01047
0.0220267
0.0241733
0.0116067
0.00304
0
0
0
0
0.00756667
0.0203867
0.0272733
0.0356633
0.03241
0.00356333
0.01413
0.0245467
0.01363
8e-05
0.00225667
0.00298667
0.00381667
0.00207
8e-05
8e-05
0.000236667
0.000236667
0.000126667
0.0001
0
0.000146667
0
0.0001
0
0
0.0001
0.0001
0
0
0
0
0
0
0
0
0
0
0
0
0
0.00068
0
0
0
0
0
0.0143833
0.00338
0
0
0
0
0.03044
0.0201067
0
0
0
0
0.0202867
0.02231
0
0
0
0
0.00517667
0.00761667
0
0
0
0
0.000433333
0.000796667
0
0
0
0
0
0
0
0
0
0
0
0
0
0
0
0
0
0
0
0
0
0
0
0
0
0
0
0
0
0
0
0
0
0
0
0
0
0
0
0
0
0
0
0
0
0
0
0
0
0
0
0
0
0
0
0
0
0
0
0
0
0
7.66667e-05
7.66667e-05
0.00151333
0.000146667
0
0
7.66667e-05
0
0.0159233
0.00381667
0
0
0
0
0.01306
0.0146833
0
0
0
0
0.00068
0.000806667
0
0
0
0
0
0
0
0
0
0
0.00277333
0.00269333
8.33333e-05
8.33333e-05
0.000353333
0.000873333
0.00771667
0.00996
0.01946
0
8.33333e-05
0.00457333
0.01111
0.00948667
0.0147033
0.03439
0.000416667
0.01911
0.00471667
0.0954167
0.08642
0.05247
0.12822
0.3928
0.6168
0.43743
0.609357
0.18766
0.264467
0.26079
0.57672
0.56225
0.133337
0.0517833
0.0196933
0.0109433
0.00124333
0.000156667
0
0
0
0
0
0
0.0132667
0.0235133
0.02151
0.0177133
0.02393
0.0220467
0.00068
0
0
0
0.00425
0.00530333
0.0215533
0.04178
0.190327
0.292943
0.34506
0.301867
0.332557
0.0579033
0.217997
0.0393633
0.0142367
0.0354667
0.0423233
0.0536933
0.02817
0.01872
0
0
0
0
0
0
0
0
0
0
0.00656333
0.0104267
0.0128333
0.00942
0.000593333
0.000143333
0.000143333
0
0
0
0
0
0
0
0
0
0.000246667
0.000246667
0.00323
0.00870667
0.0217733
0.0480133
0.04101
0.0421833
0.00210667
0.01237
0.0018
0.0113367
0.00971333
0.02197
0.00973333
0.0009
0.00022
0.00655
0.00256
0.000553333
0.000126667
6.33333e-05
0.000146667
6.33333e-05
0
0
0
0
0
0
0
0
0
0
0
0
0
0
0
0
0
0
0
0
0
0
0
0
0
0
0
0
0
0
0
0
0
0
0
0
0
0
0
0
0
0
0
0
0
0
0
0
0.00103333
0.00224333
0.0199433
0.03587
0.05797
0.05641
0.02038
0.0153967
0.146123
0.03395
0.04727
0.26839
0.0820033
0.139003
0.0311133
0.0700833
0
0
0
0
0
0
0.00124333
0.00032
0.0154233
0.0044
0.0234033
0.0269867
0.02587
0.02151
0.00671
0.01815
0.00068
0.00122
0
0
0
0
0
0
0
0
0
0
0
0.00455667
0.000306667
0.0849033
0.23494
0.299933
0.235913
0.290103
0.204103
0.17725
0.08001
0.0736767
0.0705533
0.00163667
0.01843
0
0.00057
0
0
0
0
0
0
0.00112
0.00112
0.00483
0.00457
0.00112333
0.00138333
0
0
0
0
0.00659333
0.0342733
0.0288133
0.0555
0.0783433
0.0263233
0.02086
0.0301267
0.04996
0.0515533
0.0354433
0.00739667
0.000423333
0.0109233
0.01401
0.0138367
0.00683
0.0009
0.00015
0.00387667
0.00072
0
0
7.66667e-05
7.66667e-05
0
0
0
0
0
0
0
0
0
0
0
0
0
0
0
0
0
0
0
0
0
0
0
0
0
0
0
0
0
0
0.0027
0
0
0
0.000366667
0.00306667
0.00947
0
0
0.000366667
0.000813333
0.00721667
0.00972333
0
0
0.000446667
0.000446667
0.00332
0.00323667
0
0
0
0
0.000363333
0.000363333
0
0
0
0
0
0
0
0
0
0
0
0
0
0
0
0
0
0
0
0
0
0
0
0
0
0
0
0
0
0
0
0
0
0
0
0
0
0
0
0
0
0
0
0
0
0
0
0
0
0
0
0
0
0
0
0
0
0
0
0
0
0
0
0
0
0.000146667
0
0
0
0
0.000146667
0.00245
0
0
0
0
0
0.00230333
0.00243
0
0
0
0
0
0.000126667
0.000126667
0
0
0
0
0
0
0
0.00032
0.00032
0
0.00135333
0.00135333
0.00404667
0.00698
0.00721667
0.00187333
0.01001
0.0121833
0.0180167
0.00698
0.0155467
0.0220933
0.02239
0.0447433
0.00785667
0.0239933
0.0120567
0.0683633
0.138857
0.0506733
0.0815867
0.385357
0.16914
0.178047
0.20736
0.02248
0.00215333
0.00106667
0
0
0
0
0
0
0.00032
0.01562
0.0169367
0.01294
0.0148433
0.01917
0.0133333
0
0
0
0
0.00542667
0.02137
0.0283033
0.07161
0.08368
0.127243
0.140577
0.126673
0.0868533
0.0872633
0.064
0.0381867
0
0
0
0
0
0
0.00032
0.00347667
0.00315667
0.00427667
0.00559333
0.00518
0.00734333
0.00731
0.00121333
0.00054
0
0
0
0
0
0
0
0
0
0
0
0
0
0.000306667
0.00117667
0.123253
0.0874167
0.0937933
0.0667133
0.0616
0.0906033
0.0405033
0.0683933
0.04836
0.0525133
0.0132267
0.00840333
0.00229333
0.00296333
0.00023
0
0
0
0
0
0
0
0
0
0
0
0
0
0
0
0
0
0
0
0
0
0
0
0
0
0
0
0
0
0
0
0
0
0
0
0
0
0
0
0
0
0
0
0
0
0
0
0
0
0
0
0
0
0
0.00103333
0.00135333
0.0190533
0.0249167
0.0479067
0.0355
0.01315
0.00881333
0.0421367
