0.00300333
0.00108667
0.00184
8e-05
0.00202
0.00252
0.00327333
0
0
0.0002
0.00286667
0.00324667
0.0335133
0.03387
0.0258467
0.0125967
0.0229667
0.00850667
0.00594667
0.0668633
0.123587
0.0657
0.0658
0.08007
0.0139867
0.07864
0.00194
0.0126433
0.0145833
0.0123833
0.00191667
0.00191667
0.000753333
0.000753333
0
0
0
0.00133333
0.00117
0
0
0
0
0
0
0.00012
0.00619333
0.00886
0
0
0
0
0
0
0
0.00059
0.00614
0.0199233
0.00833667
0.0200667
0.0262633
0
0
0
0
0
0
0
0
0
0
0
0.00363
0.0200733
0.00788667
0.03216
0.02948
0.01218
0.02372
0.00557667
0.00183
0
0
0
0
0
0
0
0
0.00047
0.00094
0.00211333
0.00719333
0.01843
0
0
0
0
0
0
0
0
9e-05
0.0103
0.00372
0.0223967
0.00149667
0
0
0
0
0
0
0
0
0
0.00047
0.00164333
0.01862
0.02631
0
0
0
0
0
0
0
0
0
0
0
0
9e-05
0.00018
0.00685
0.00036
0.0215067
0.00149667
0.00178333
0
0
0
0
0
0
0
0
0
0
0
0
0
0
0
0
0
0.00117333
0.00215333
0.00789333
0
0
0
0
0
0
0
0
0
0
0
0
0
9e-05
9e-05
0.00027
0.0150167
0.00027
0.0188933
0.000416667
0.00447333
0.000286667
0
0
0
0
0
0
0
0
0
0
0.00098
0
0
0
0
0
0
0
0
0
0
0
0
0
0
9e-05
0.00427667
0.00022
0.00431667
0.000883333
0.000753333
0
0
0
0
0
0
0
0
0
0
0
0
0
0
0
0
0
0
0
0
0
0
0
0.000123333
0.000123333
0.00205667
0.00206333
0.00268667
0.00520667
0.00502667
0.000443333
0.000443333
0
0
0
0
0
0
0
0
0
0
0
0
0
0
0
0
0
0
0
0
0
0
0
0.00055
0.000673333
0.00618
0.00756333
0.0235367
0.0186533
0.0213033
0.000443333
0
0
0
0
0
0
0
0
0
0
0
0
0.0150633
0.0383033
0.0453933
0.0578233
0.0386167
0.02712
0.00962667
0.00546667
0.000866667
0
0
0
0
0
0
0
0
0
0
0
0
0
0
0
0
0
0
0
0
0
0.00055
0.0014
0.0104067
0.01433
0.03727
0.0431233
0.0565867
0.03951
0.02925
0.0118633
0.00557333
0.000973333
0.00055
0
0
0
0
0
0
0
0
0
0.00738667
0.000673333
0.00055
0
0
0
0
0
0
0
0
0
0
0
0
0
0
0
0
0.00085
0.00127333
0.00574667
0.00545
0.0198867
0.01554
0.0217
0.00696333
0.00025
0.000123333
0
0
0
0
0
0
0
0
0
0
0
0
0
0
0
0.000423333
0.000423333
0.000976667
0.00068
0.000126667
0.000126667
0
0
0
0
0
0
0
0
0
0
0
0
0
0
0
0
0
0
0
0
0
0
0
0
0
0
0
0
0
0
0
0
0
0
0
0
0.08786
0.160233
0.151337
0.222227
0.05991
0.0021
0.00236
0.00215667
0.0127933
0.000183333
0
0.00097
0.000533333
0.00015
0.000336667
0
0
0
0.00141667
0.00061
0.000383333
9e-05
0.00578333
0
0
0
0.00141667
0.00211667
0
0
0
0
0
0
0.0363233
0.0368333
0.00812
0.0273267
0.00141
0.00545
0.00107667
0
0
0
0
0.00126
0.00585333
0.00459333
0.00482
0.000226667
0.000226667
0
0.0146467
0
0
0
0
0
0
0.0007
0
0.0007
0
0
0
0
0
0
0
0
0
0
0
0
0
0
0
0
0
0
0
0
0
0
0
0
0
0
0
0
0
0
0
0
0
0
0
0
0
0
0
0
0
0
0
0
0
0.00672
0.00098
0.00584333
0.00053
0
0
0
0
0
0
0
0
0
0
0
0
0
0
0
0
0
0
0
0
0
0
0.0066
0.00453333
0.00400333
0
0
0
0
0
0
0
0
0
0
0
0
0
0
0
0
0
0.01164
0.0100733
0.00800667
0.00443
0.000426667
0.000426667
0
0
0
0
0
0
0
0
0
0
0
0
0
0
0
0
0
0
0
0
0.0226067
0.0224133
0.00995333
0.00500333
0.001
0
0
0
0
0
0
0
0
0
0
0
0
0
0
0.01653
0.0206133
0.00772333
0.00609333
0.000716667
0.000573333
0
0
0
0
0
0
0
0
0
0
0
0
0
0
0
0
0
0
0
0
0
0
0
0
0.00375667
0.00246333
0.00234667
0.000143333
0.000143333
0
0
0
0
0
0
0
0
0
0
0
0
0
0
0
0
0
0
0.000356667
0.000356667
0
0
0
0
0
0
0
0
0
0
0
0
0
0
0
0
0
0
0
0
0
0
0
0.00194
0.00194
0.00528
0.00369667
0
0
0
0
0
0
0
0
0
0
0
0
0
0
0
0
8e-05
8e-05
0.00254
0.0044
0
0
0
0
0
0
0
0
0
0
0
0
0
0
0
0
0
0
0.00016
0.00275333
0.00513333
0
0
0
0
0
0
0
0
0
0
0
0
0
0
0
0
0
0
0
8e-05
0
0
0
0
0
0
0
0
0
0
0
0
0
0
0
0
0
0
0
0
0
0
0.296497
0.280863
0.245867
0.20073
0.322297
0.26915
0.15178
0.0306833
0.0427233
0.10152
0.114807
0.07247
0.0112533
0.0121633
0.0195667
0.0405067
0.02983
0.00145
0.000873333
0.000183333
0.00865
0.0144033
0.00322667
0
0.0225433
0.00909667
0
0
0
0
0
0
0.00155
0.00580667
0.0253467
0.0246567
0
0
0
0
0.000786667
0.00204667
0.0161467
0.0119367
9e-05
0
0.0155633
0
0.0007
0
0.00968
0.000816667
0
0
0.0104367
0
0
0.01481
0.00991667
0
0.00605
0.000103333
0.00053
0.00053
0
0.00259667
0.000646667
0.000646667
0.0192333
0.0149567
0
0
0
0.00146
0.00088
0.00172
0.000906667
0.000713333
0.000453333
0.000453333
0.0048
0.00118333
0.00146
8e-05
8e-05
0.00221
0.00237667
0.00632
0.00456333
0.00485
0.0154933
0.01844
0.0163733
0.00845
0.00659
0.00266333
0.00156
0.00573667
0.00794667
0.01189
0.01677
0.0114867
0.0117267
0.00463667
0.00418333
0
0.0166233
0.00812333
0.0258667
0.0268033
0.0215767
0.0113533
0.00734667
0.00148
0.0064
0.02018
0.0266067
0.0269967
0.0174
0.0109833
0.00485667
0.000673333
0
0
0.000213333
0.00579667
0.00280667
0.00873333
0.0100367
0.01867
0.0214667
0.00586667
0.0144433
0.02291
0.00990333
0.00757333
0.00144667
0.000673333
0
0
0
0
0
0
0
0
0
0.000133333
0.00025
0.000343333
0.00329667
0.00325667
0.00706
0.00993
0.00603333
0.00586667
0.0143733
0.0151533
0.0175633
0
0
0
0
0
0
0
0
0
0
0
0
0
0
0
0
0
0
0
0
0
0.00399
0.00389667
0.00406333
0.000166667
0.000166667
0
0
0
0.21493
0.33606
0.269373
0.1322
0.0550033
0.06651
0.177277
0.0153333
0.05338
0.0182667
0.00703667
0.00118
0.00295667
0.00562333
0.000506667
0.000323333
0.00892667
0.0256267
0.0171167
0.000536667
0
0.01767
0.00439333
0.00087
0.00017
0.00017
0
0
0
0
0.0143967
0.0182033
0.02827
0.0352833
0
0
0
0
0
0
0
0.00236333
0.000813333
0.0341433
0.0456267
0.02497
0.0369267
0.00624333
0.00107667
0.00189
0
0
0
0
0
0.000726667
0
0
0.00157333
0.00105333
0
0
0.00031
0
0.000103333
0
0.00183
0.00206667
0.00247667
0.00763667
0.00557
0.00494333
0.0062
0.00047
0.00476667
0.00047
0.00063
0.00192333
0
0
0.00129333
0
0
0.000663333
0
0.000663333
0
0
0.00446667
0.00754
0.00446
0.00623333
0.00685667
0.00015
0.00015
0
0
0
0
7.66667e-05
0.000193333
7.66667e-05
0.00321333
0.00309667
0.00319
0
0
0
0.000593333
0.000593333
0.00137333
0.00146333
0.00615333
0.0122367
0
0
0
0
0
0
0
0
0
0
0
0.00315667
0.000153333
0
0
0
0
0
0
0
0
0
0
0.000536667
0.00600667
0.000153333
0
0
0
0
0
0
0
0.000536667
0
0
0
0
0
0
0
0
0
0
0
0
0.31383
0.27135
0.2766
0.251923
0.30414
0.192867
0.117817
0.121283
0.00741
0.02994
0.04696
0.0392267
0.04001
0.00946
0.00345333
0.00571667
0.01854
0.00178
0.0188133
0.0131
0.01463
0.0054
0.00107333
0.0271
0.0319833
0.0197667
0.0270533
0.01491
0.00379667
0.00017
0
0
0
0
0
0
0.00104
0.000253333
0.01339
0.00129333
0
0
0
0
0.00104333
0.00023
0.00141333
0.00273333
0.0149733
0.01643
0.0290933
0.0195267
0.0208733
0.00865333
0.000813333
0
0
0
0
0
0
0.00124
0.00371333
0.00134667
0.00669
0.00354
0.00453333
0.00391667
0.000206667
0
0
0.000206667
0
0.000536667
0.000543333
0.000536667
0.000536667
0.00237333
0
0.01365
0
0.0161167
0.00063
0.00063
0.000913333
0
0.000443333
0
0
0
0
0
0
0
0
0
0
0
0
0
0
0
0
0
0
0
0
0
0
0
0
0
0
0
0
0
0
0
0
0.0303933
0.03047
0.01178
0
0.000123333
0.0002
0.0071
0.00709333
0.02259
0.0235
0.0186933
0.00808
0
0.00654333
0.0248467
0.00521
0.000286667
0
0.00107333
0
0
0
0
0
0
0
0
0
0
0
0
0
0
0
0
0
0
0
0
0
0
0
0
0
0
0
0
0
0
0
0
0
0
0
0
0
0
0
0
0
0
0
0
0
0
0.00200667
0.000453333
0
0
0
0
0
0
0
0
0
0
0
0
0
0
0
0
0
0
0
0
0.000343333
0.00131
0.00478
0.0117833
0.0177333
0.0270233
0.02449
0.0239967
0.0117767
0.00773333
0.00131
0.00077
0
0
0
0
0
0
0
0
0
0
0
0
0
0
0.00102667
0.00102667
0.00176
0.00816667
0.0190567
0.0479533
0.150983
0.132047
0.132643
0.06412
0.124403
0.15605
0.0983133
0.0403967
0.06216
0.0224733
0.0256
0.0145133
0.00115667
0.00875333
0.00156333
0.0127
0.0138067
0.00485667
0.00413667
0.000916667
0.000106667
0.000106667
0.00417
0.00458667
0.00689
0.00419667
0.0131533
0.00382
0.0159967
0.00482333
0
0.000296667
0
0.00807
0.000776667
0.00695333
0.000206667
0.000273333
0.00017
0
0
0
0
0.000253333
0.000506667
0.00076
0.00105667
0.0011
0.00135333
0.000723333
0
0
0.000103333
0
0
0
0
0
0
0.00023
0.00087
0.00104667
0
0
0
0
0
0
0
0.000253333
0.00055
0.000803333
0.00055
0
0
0
0.0011
0
0
0
0
0
0
0
0.00574333
0.00608
0.00557333
0.000666667
0.000463333
0.000563333
0.000366667
0.000233333
0
0
0
0
0
0
0
0
0
0
0
0
0
0
0
0
0.00163667
0.00663667
0
0
0
0
0
0
0.000876667
0.000876667
0.01415
0.0183767
0.0297
0.01656
0.0124367
0.00124667
0.00166333
0.000683333
0.000673333
0.000123333
0.000123333
0
0
0
0
0
0
0
0
0
0
0
0
0
0
0.000953333
0.00041
0.00553667
0
0
0
0
0
0.00197333
0.0111833
0.02336
0.0342167
0.0219233
0.0160467
0.00697667
0.0155533
0.01023
0.0165167
0.00696
0
0
0
0
0
0
0
0
0.00328333
0.00186333
0.000673333
0
0
0
0
0
0.00109667
0.0273767
0.0395533
0.0399633
0.00696
0.000123333
0.000123333
0
0
0
0
0
0
0
0
0
0
0.0139133
0.000673333
0
0
0
0.0162333
0.0333033
0.0529367
0.04742
0.05748
0.0421967
0.0680367
0.0504633
0.0667033
0.03808
0.0335467
0.0119833
0.00557
0.000546667
0.000423333
0
0
0
0
0
0
0
0
0
0.0268133
0
0.00035
0.00035
0.00301667
0.0178033
0.03391
0.0519733
0.0639667
0
0
0
0
0
0
0
0.01611
0
0.00035
0.00300333
0.00567
0.0144833
0.0279367
0.0459933
0.0653467
0.04409
0.06302
0.03216
0.03131
0.01458
0.0104033
0.00538
0.000423333
0
0
0
0
0
0
0
0
0.0122567
0
0
0.00275667
0.00265333
0.01192
0.0118633
0.0278667
0.01926
0.01942
0.00508
0.000123333
0.000123333
0
0
0
0
0
0.000443333
0
0
0.000103333
0.000266667
0.00286333
0.00319333
0.00358667
0.00141333
0.00373667
0.00693
0.01238
0.0207333
0.0215833
0.02682
0.0206667
0.0198167
0.00883
0.00429667
0.000546667
0.000423333
0
0
0
0.000526667
0
0
0.000163333
0.000596667
0.000433333
0.000856667
0.000423333
0.00417333
0.00387333
0.0149833
0.0162
0.0271867
0.0201267
0.01891
0.00822333
0.00459667
0.000846667
0.000423333
0
0.000526667
0
0.00105333
0
0
0
0
0
0
0
0.000123333
0.000123333
0.00509
0.00872667
0.0127767
0.00823333
0.00489667
0.000846667
0.000423333
0
0
0
0.000526667
0.000596667
0
0
0
0
0
0
0
0.00376
0.00418333
0
0
0.00014
7e-05
0.00021
0
0
0.00045
0
0
0
0
0
0.000423333
0.000423333
0
0
7e-05
0.00014
7e-05
0.00114333
7e-05
0.00114333
0
0
0
0.00587
0.000173333
0.000323333
0.000163333
0
0.000613333
0.00045
0.00045
7e-05
7e-05
0.0162267
0.00736
0.0383
0
0
0
0
0.0448833
0.06114
0.0436533
0
0
0
0.0276567
0.03098
0.00795667
0
0
0.000536667
0.00881667
0.00303333
0.000133333
0
0
0
0
0
0
0
0
0
0
0
0
0
0
0
0
0
0
0
0
0
0
0
0
0
0
0
0
0
0
0
0
0
0
0
0
0
0
0
0
0
0
0
0
0
0
0
0
0
0
0
0
0
0
0
0
0
0
0
0
0
0
0
0
0.06049
0.0112667
0.0224133
0.00246667
0.00855667
0.00215
0.0224133
0.05092
0.0611433
0.0627767
0.0776367
0.0219733
0.06051
0.0108067
0.06566
0.0449367
0.0393333
0.0420267
0.0176533
0.05185
0.0594467
0.0387233
0.00603333
0.00155333
0.00155333
0
0
0
0
0
0
0
0
0
0
0
0
0
0
0
0
0
0
0.000166667
0
0.00236333
0.000166667
0.00864
0.00316333
0.01773
0.01379
0.01855
0.0250133
0.00755333
0.0200667
0.00101667
0.00744
0
0.00077
0
0
0
0
0
0
0
0
0
0
0
0
0
0.0229533
0.0876833
0.0851
0.06078
0.04993
0.0874433
0.09159
0.12855
0.10798
0.03436
0.0605033
0.06755
0.06469
0.0584767
0.0296633
0.08062
0.0614533
0.0518533
0.05287
0.0279
0.0169467
0.01265
0.0390967
0.0119933
0.0106433
0.00495333
0.0174933
0.00222333
0.00670667
0.03449
0.00535
0.000213333
0.000963333
0.00175333
0.00172667
0.00433
0.00277667
0.000856667
0.00172667
0.00294667
0.00884667
0.000173333
0.000173333
0
0
0.000183333
0.00174333
0.0141733
0.01293
0.00665
0
0
0
0
0
0.000183333
0.000183333
0.0135833
0.0197333
0.00664333
9.66667e-05
0
0
0
0
0
0
0
0
0
0.01945
0.01253
0.0242567
0.0125133
9.66667e-05
0
0
0
0
0
0
0
0
0
0.00041
0.00567333
0.0190233
0.0122233
0.0125233
0.0183033
0.00653667
0.00604
0.00017
9.66667e-05
9.66667e-05
0
0
0
0
0
0
0
0
0
0
0.00181667
0.000906667
0.000593333
0.000683333
0.000666667
7.33333e-05
0
0
0
0
0
0
0
0
0
0
0
0
0
0
0.00251333
0.01319
0.000673333
0
0
7.33333e-05
7.33333e-05
7.33333e-05
0
0
0
0
0
0
0
0
0
0
0
0
0
0
0.02678
0.0165433
0
0
0
0
0
0
0
0
0
0
0
0
0
0
0
0
0
0
0
0
0
0
0
0
0
0
0
0
0.00045
0.000616667
0.000166667
0.000166667
0.000446667
0.000446667
0.00059
0.000143333
0.000143333
0
0
0
0
0
0
0
0.01196
0.01578
0
0
0
0
0.00087
0.00132
0.000166667
0.000973333
0.00142
0.00527333
0.00444333
0.00590667
0.00205333
0.00205
0.00014
0.00014
0
0.000406667
0.000406667
0.000613333
0.000616667
0.00042
0.00129
0.00538667
0.00541667
0.00966333
0.00573333
0.00592667
0.00081
0.000643333
0.0015
0.00573667
0.00906333
0.01
0.00264333
0.000733333
0.00132
0.00113333
0.00174667
0.00122667
0.00719333
0
0.000173333
0
0.01047
0.00669333
0.00829333
0.0190233
0.0203633
0.0289633
0.0219633
0.00991
0.00479333
0.000643333
0.00692333
0.0106333
0.0230333
0.0190733
0.01543
0.0146233
0.00242333
0.00425333
0.01503
0.00376333
0.01898
0
0
0
0.01345
0.01464
0.02001
0.0182867
0.0259
0.01883
0.0209267
0.00823
0.00415
0
0
0.00646667
0.02017
0.0154033
0.0049
0.00595
0.0158233
0.0253933
0
0
0.00863
0.01286
0.00749667
0.00257667
0.00629667
0.00469333
0.00453
0.00045
0
0.00601
0.00701333
0.00831667
0.00600333
0.0156067
0.01352
0.0303067
0.01865
0.03068
0
0
0.01259
0.00372
0.000533333
0.000523333
0.00251667
0.00144333
0.00358
0.00233
0.00266667
0.0166633
0.0276767
0.03539
0.0389867
0.01495
0.04645
0.0550467
0.05133
0.0485967
0.0631533
0.04805
0.0333633
0.01107
0
0.00376333
0.0029
0
0
0
0
0
0
0
0
0
0
0
0
0
0
0
0
0
0
0
0
0
0
0
0
0
0
0
0
0
0
0
0
0
0
0
0
0
0
0
0
0
0
0
0
0
0
0
0
0
0
0
0
0
0
0
0
0
0
0
0
0
0
0
0
0
0
0
0
0
0
0
0
0
0
0
0
0
0
0
0
0
0
0
0
0
0
0
0
0
0.0716833
0.00213333
0.00012
0.00012
0
0
0
0
0
0
0
0
0
0
0
0
0
0
0
0
0.000343333
0.000343333
0.00381333
0.00347
0.0103867
0.00691667
0.01173
0.00481333
0.00535333
0.00054
0.00054
0
0
0
0
0
0
0
0
0
0
0
0
0
0
0
0
0
0.00112333
0.01959
0.0350967
0.0247267
0.03766
0.0218033
0.0232
0.09268
0.05612
0.0363367
0.0321133
0.0750933
0.0986133
0.0397733
0.0363867
0.0537633
0.0243167
0.0384233
0.0059
0.0316367
0.00467
0.0115333
0.0199967
0.00019
0
0
0
0.000733333
0.000733333
0.0110367
0.0111467
0.0119333
0.0831667
0.0474167
0.0499067
0.0608367
0.0208633
0.02613
0.0347333
0.0372467
0.03906
0.01002
0.01129
0.01409
0.0161167
0.00617
0.00539667
0.00280333
0.00809333
0.00558667
0.00109333
0.004
0.00314333
0.00328667
0.000366667
0.00554667
0.00536333
0.000236667
0.00289667
0.00301667
0.000356667
0.000516667
0.000366667
0.000183333
0.000256667
7.33333e-05
7.33333e-05
7.33333e-05
0
0.00376
0.00954333
0.00856333
0.00613333
0.000746667
0
0
0
0
0
0.0202333
0.00958333
0.0227033
0.00737
0.00419667
0.00426
0
0
0
0
0
0
0
0
0.00757667
0.00400667
0.00386333
0.000383333
0
0
0
0.000496667
0
0.01516
0.0225567
0
0.000436667
9e-05
9e-05
0
0
0
0
0.00160333
0.00181
0
0
0
0
0
0
0
0
0
0
0
0
0
0
0
0
0
0
0
0
0
0
0
0
0
0.000206667
0.00069
0.000483333
0.000483333
0
0
0
0
0.00706333
0.0110267
0.00465333
0.00606333
0.00180667
0
0.00837667
0.00837667
0.01465
0.0348
0.0269767
0.0113633
0.000953333
0.00258667
0.000913333
0.000913333
0.02341
0.02537
0.0479367
0.0372167
0.03343
0.0337167
0.0225833
0.000953333
0.000913333
0.05578
0.0370167
0.06474
0.0683933
0.0478033
0.0284233
0.0397767
0.0408967
0.0314833
8.66667e-05
0.000726667
0.0497967
0.0427567
0.0664733
0.0505233
0.0330633
0.03342
0.0314733
0.000726667
0.000903333
0.0488967
0.0286567
0.0540867
0.04204
0.0332167
0
8.66667e-05
0.000176667
0.000353333
0.03653
0.01247
0.03112
0.0145033
0
0.000176667
0.00843
0.00914
0
0
0
0
0.00828
0.000863333
0
0
0
0
0
0
0
0
0
0
0
0
0
0
0
0
0
0
0
0
0
0
0
0
0
0
0
0
0
0
0
0
0
0
0
0
0
0
0
0
0
0
0
0
0
0
0
0
0
0
0
0
0
0
0
0
0
0
0
0
0
0
0
0
0
0
0
0
0
0
0
0
0
0
0
0
0
0
9.66667e-05
9.66667e-05
9.66667e-05
0.00016
0
0
0
0
7.66667e-05
0.000516667
0.000536667
0.00561
0.00032
0.00016
0
0
0.00404667
0.0109967
0.0200667
0.0181133
0.00571
0.000933333
0.00172333
0.00095
0.00110667
0.00629
0.00276
0.03862
0.03055
0.0312267
0.0343333
0.0237467
0.0122667
0.00474333
0.00832667
0.0107867
0.0128733
0.01168
0.0100633
0.0191533
0.00763333
0.0134
0.04737
0.03881
0.0461067
0.0612567
0.0492133
0.0452833
0.03876
0.0291567
0.01294
0.0257933
0.00167333
0.00142
0.000413333
0.000413333
0
0
0
0
0
0
0
0
0
0
0
0
0
0
0
0
0
0
0.000166667
0.00101333
0.00321
0.0157167
0.0203467
0.0293367
0.02157
0.0198533
0.00955
0.00506667
0.00155333
0.00067
0.000246667
0
0
0
0
0
0
0
0
0
0
0
0
0
0
0.000843333
0.000843333
0.00163
0.000786667
0.00262667
0.00244333
0.02499
0.0120767
0
0.00932667
0.00862667
0.000556667
0
0
0.00110667
0.00113667
0.00125667
0.00012
0
0
0
0.00537
0
0
0
0
0
0
0.00426333
0
0
0
0
0
0
0
0
0
0.00426333
0.00443667
0
0.000156667
0.000156667
0.000313333
0.000156667
0
0
0
0.000173333
0.000173333
0.000156667
0.00375667
0.0036
0.00377
0.000326667
0.00017
0.00189333
0.00626333
0.00454333
0.00198
0.00635
0.00344
0.00180667
0.0145767
0.0175033
0.000686667
0.0115633
0.00517333
0.00602667
0.02065
0.0131767
0.00693333
0.0261933
0.01745
0.0257367
0.00457667
0.00199
0.00553667
0.0262667
0.0242067
0.0279133
0.0307733
0.00112333
0.00535
0.0249833
0.0272567
0.02583
0.0309367
0.01198
0.0153467
0.0277567
0.02399
0.00816
0.0128333
0.000176667
0.00015
0.00183333
0
0
0.000863333
0
0
0
0
0
0
0
0
0
0
0
0
0
0
0
0
0
0
0
0
0
0
0
0
0
0
0
0
0
0
0
0
0
0
0
0
0
0
0
0
0
0
0
0
0
0
0
0
0
0
0
0
0
0
0
0
0
0
0
0
0
0
0
0
0
0
0
0
0
0
0
0
0
0
0
0.00517
0.00107667
0.00016
0
0
0.0114167
0.00123667
0
0
0.0338467
0.02601
0.0152767
0.000156667
0.00536667
0.0389067
0.0332367
0.0171833
0.00714333
0.000213333
9.33333e-05
0
0
0
0
0
0
0
0
0
0
0
0
0
0
0
0
0
0
0
0
0
0
0
0
0
0
0
0
0
0
0
0
0
0
0
0
0
0
0
0
0
0.000346667
0.000346667
0.00376
0.00703333
0.0118933
0.0193367
0.0120633
0.0192533
0.0161833
0.03321
0.0174567
0.0354833
0.0479733
0.0551
0.05064
0.0197533
0.0314333
0.0242033
0.00230667
0.00219
0.000443333
0.00535
0.00593333
0.000806667
0.000583333
0
0
0
0
0
0
0
0
0
0
0
0
0
0
0
0
0
0
0.000423333
0.00127
0.00211667
0.0143667
0.0172733
0.0276133
0.0167867
0.0167933
0.00574
0.00431667
0.000556667
0.000423333
0
0
0
0
0
0
0
0
0
0
0
0
0.000116667
0.000116667
0.000326667
0.00021
0.00042
0.00021
0.00021
0
0
0
0.000603333
0.000603333
0.000853333
0.000326667
0
0.00249333
0.00762
0
0
0.000126667
0.00262
0.0173333
0.00876333
0.0157033
0.02868
0.0349233
0.0339367
0.0229367
0.0196033
0.0203267
0.0375667
0.0391867
0.03984
0.0464133
0.0171033
0.0235033
0.04093
0.04255
0.0318033
0.03838
0.0424933
0.0463467
0.0301833
0.01675
0.0190567
0.0201633
0.02386
0.0294333
0.01525
0.0312833
0.0196033
0.01465
0.00113
0.00077
8.66667e-05
0.00218667
0.00245333
0.00615
0.00467667
0.00820333
0.00448
0.00698333
0.00646
0.000823333
0.000446667
0.00062
0.000803333
0.000443333
0.00036
0.00051
0.00134667
0.000376667
0.000376667
0
0
0
0
0
0
0
0
0
0
0
0
0
0
0
0
0
0
0
0
0
0
0
0
0
0
0
0
0
0
0
0
0
0
0
0
0
0
0
0
0
0
0
0
0
0
0
0
0
0
0
0
0
0
0
0
0
0
0
0
0
0
0
0
0
0.000466667
0
0
0.00515333
0.00173333
0
0
0.01646
0.0160733
0.00265
0
0
0.0326333
0.03089
0
0.0465433
0.03742
0.0315733
0.0403133
0.000393333
0.00055
0.00268333
0.00875667
0.02163
0.0373
0.00752667
0.000596667
9.33333e-05
0
0
0
0
0
0
0
0
0
0
0
0
0
0
0
0
0
0
0
0
0
0
0
0
0
0
0
0
0
0
0
0
0
0
0
0
0
0
0
0
0
0.000346667
0.00048
0.00389333
0.00368
0.00840667
0.0105033
0.0212633
0.0267433
0.00428333
0.0271933
0.04454
0.0523633
0.04978
0.0312967
0.0187533
0.0332067
0.00863
0.0123867
0.00403667
0.00518333
0.0107433
0.00576333
0.00073
0.000146667
0
0
0
0
0
0
0
0
0
0
0
0
0
0
0
0
0
0
0
0
0.000423333
0.000846667
0.00169333
0.00169333
0.00502333
0.00431
0.00573333
0.00198
0.00198
0.000133333
0.000133333
0
0
0
0
0
0
0
0
0
0
0.000126667
0.000126667
0.00194667
0.00193667
0.00677667
0.00516667
0.00871
0.00451667
0.00408
0.000856667
0.00025
0.000796667
0.00104333
0.000326667
0.0121033
0.0146433
0.000936667
0.00029
0
0
0.00289
0.00724667
0.000366667
0.00103
0.000126667
0.000126667
0.000396667
0.000413333
7.66667e-05
7.66667e-05
0
0
0.00103
0
0
0.000143333
0
0
0
0
0
0
0
0
0
0
0
0
0
0
0
0
0
0
0
0
0
0
0
0
0
0
0
0
0
0
0
0
0
0
0
0
0
0
0
0
0
0
0
0
0
0
0
0
0
0
0
0
0
0
0
0
0
0
0
0
0
0
0
0
0
0
0
0
0
0
0
0
0
0
0
0
0
0
0
0
0
0
0
0
0
0
0
0
0
0
0
0
0.00258
0.00211333
0.00045
0
0
0.0127
0.0101267
0.00218333
0
0.00327667
0.02362
0.0414267
0
0.00327667
0.00506667
0.0428033
0.0593267
0.00179
0.0401533
0.0456133
0.0422033
0.00048
0.000813333
0.0113867
0.0254133
0.000673333
0.000316667
0.000146667
0.000146667
0
0
0
0
0
0
0
0
0
0
0
0
0
0
0
0
0
0
0
0
0
0
0
0
0
0
0
0
0
0
0
0
0
0
0
0
0
0
0
0
0.000133333
0.000266667
0.0004
0.00071
0.00608667
0.00666333
0.01656
0.02328
0.00446
0.0240867
0.00496333
0.0459267
0.0253167
0.0222067
0.02889
0.01577
0.00640667
0.00448667
0.00772333
0.00269
0.000146667
0
0
0
0
0
0
0
0
0
0
0
0
0
0
0
0
0
0
0
0
0
0.000423333
0.000423333
0.000846667
0.000423333
0.000556667
0.000133333
0.000133333
0
0
0
0
0
0
0
0
0
0
0
0
0.000543333
0.00067
0.00439333
0.00567
0.0167033
0.01782
0.0287767
0.0212767
0.0234667
0.0113367
0.00288333
0.00210667
0.01948
0.00796667
0
0.00673667
0.00709333
0.0167867
0.00762333
0
0.00637667
0.00275333
0.00981333
0.00255667
0.000143333
0.00265333
0.00248
0
0.00103
0.000173333
0.000173333
0
0
0
0
0
0
0
0
0
0
0
0
0
0
0
0
0
0
0
0
0
0
0
0
0
0
0
0
0
0
0
0
0
0
0
0
0
0
0
0
0
0
0
0
0
0
0
0
0
0
0
0
0
0
0
0.00100333
0
0
0
0.00128
0.00100333
0
0
0.000276667
0.000276667
0
0
0
0
0
0
0
0
0
0
0
0
0
0
0
0
0
0
0
0
0
0
0
0
0
0
0
0
0
0
0
0
0
0
0
0
0
0
0.000283333
0.00109
0.000806667
0.0460333
0
0
0
0
0
0
0
0
0
0
0
0
0
0
0
0
0
0
0
0
0
0
0
0
0
0
0
0
0
0
0
0
0
0
0
0
0
0
0
0
0
0
0
0
0
0
0
0
0
0
0.000433333
0.000433333
0.00596667
0.0336033
0.00881
0.0416133
0.07193
0.111983
0.000893333
0.00989
0.0552067
0.04777
0.11056
0.132713
0.00098
0.00375333
0.00241
0.00723333
0.0470967
0.0498833
0.0898033
0.00319333
0.00669333
0.01127
0.01103
0.000463333
0.000293333
0.000146667
0
0
0
0
0
0
0
0
0
0
0
0
0
0
0
0
0
0
0
0
0
0
0
0
0
0
0
0
0
0
0
0
0
0
0
0
0
0
0
0
0
0.000133333
0.000133333
0.000576667
0.000706667
0.00141667
0.00296
0.0149267
0.0322367
0.03068
0.0372467
0.04467
0.0024
0.01006
0.0148067
0.00502667
0.00254333
0
0
0
0
0.000123333
0.000123333
0.000673333
0.00055
0.000973333
0.000423333
0.000423333
0
0
0
0
0
0
0
0
0
0
0
0
0
0
0
0
0
0
0
0
0
0
0
0
0
0
0
0
0
0.000416667
0.00096
0.00179333
0.0051
0.0113033
0.02163
0.03023
0.03626
0.0353267
0.0300333
0.000546667
0.000546667
0.00654
0.0222867
0.0217667
0.02735
0.0174133
0
0.01111
0.0230533
0.0142033
0.0163767
0.01764
0
0.01971
0.00258333
0.00434
0
0.000243333
0
0.00103
0.000173333
0
0
0
0
0
0
0
0
0
0
0
0
0
0
0
0
0
0
0
0
0
0
0
0
0
0
0
0
0
0
0
0
0
0.000443333
0
0.00514
0.00054
0.00842333
0.00469667
0.00382333
0.00382333
0
0
0
0
0
0
0
0
0
0
0
0
0
0
0
0
0.00282333
0.0001
0.00103333
0.00242667
0.0864767
0.02999
0.0610967
0.222793
0.294803
0.189593
0.0459767
0.09451
0.0511867
0.523403
0.40438
0.244993
0
0
0
0
0
0
0
0
0
0
0
0
0
0
0
0
0
0
0
0.000433333
0.00757333
0.00714
0.00925333
0.00045
0.00485
0.0044
0.0044
0.0131067
0.03655
0.03313
0.0335367
0.03627
0.0478467
0.0164267
0.0277967
0.0483967
0.0692
0.05776
0.0565633
0.0852333
0.0633267
0.0224333
0.01292
0.0270867
0.0655633
0.04405
0.07477
0.07233
0.0695733
0.11974
0.0771033
0.01318
0.03809
0.00903333
0.0599067
0.0448667
0.0978033
0.105587
0.0135967
0.00878667
0.0115033
0.0282667
0.0154
0.00489667
0.000356667
0.00021
0
0
0
0
0
0
0
0
0
0
0
0
0
0
0
0
0
0
0
0
0
0
0
0
0
0
0
0
0
0
0
0
0
0
0
0
0
0
0
0
0
0
0
0
0.000263333
0.000353333
0.00234
0.03217
0.01424
0.0578167
0.0217267
0.0205533
0.00368667
0.0136933
0.0368333
0.02817
0.00348
0.00287667
0.02497
0.01387
0.00198
0.00585333
0.0198
0.0116967
0.00448333
0.00256
7.66667e-05
0
0.000123333
0.000123333
0.00188
0.00188
0.00683667
0.00563
0.00955667
0.00502333
0.00489667
0.000846667
0.000423333
0
0
0
0
0
0
0
0
0
0
0
0
0
0
0
0
0
0
0
0
0
0
0
0
0
0
0
0
0.000416667
0.000416667
0.00125
0.00164667
0.00839333
0.0113433
0.0228533
0.0263333
0
0.00932667
0.02239
0.0290633
0.0440533
0
0
0.0203767
0.0410833
0.04763
0
0
0.002
0.0263767
0.02348
0
0.0147733
0.0001
0.0001
0.00701333
0.00492333
0
0.00144
0
0.000563333
0
0
0
0
0
0
0
0
0
0
0
0
0
0
0
0
0
0
0
0
0
0
0
0
0
0
0
0
0
0
0
0
0
0
0
0
0
0
0
0
0
0
0
0
0
0
0
0
0
0
0
0
0
0
0
0.00106
0
0
0.00206333
0.0075
0
0
0.00671667
0.0110667
0
0
0.00563
0.00535333
0
0
0
0
0
0
0
0
0
0
0
0
0
0
0
0
0
0
0
0
0
0
0
0
0
0
0
0
0
0
0
0
0
0
0
0
0.00039
0.00039
0.00768667
0.00075
0.00636
0.00201
0.0351867
0.0900767
0.12941
0.336807
0.00909333
0.0257433
0.02912
0.0541933
0.0469667
0.0473267
0.0390667
0.00801333
0.00535667
0.0257533
0.0220933
0.00926667
0.00493667
0.000396667
0.00021
0
0
0
0
0
0
0
0
0
0
0
0
0
0
0
0
0
0
0
0
0
0
0
0
0
0
0
0
0
0
0
0
0
0
0
0
0
0
0
0
0
0
0
0
9e-05
0.000346667
0.01251
0.04367
0.0162933
0.0572333
0.0353033
0.0406333
0.0316633
0.0315333
0.0233333
0.01565
0.01854
0.00743333
0.00487333
0.0156
0.01349
0.00141
0.000126667
0.00519
0.0143067
0.0222733
0.00379667
7.66667e-05
0.000123333
0.00508
0.00683667
0.0178233
0.0178233
0.0287467
0.0216867
0.01758
0.00532333
0.00127333
0.000423333
0
0
0
0
0
0
0
0
0
0
0
0
0
0
0
0
0
0
0
0
0
0
0
0
0
0
0
0
0
0
0
0.000813333
0.00120667
0.00499
0.00441667
0.01425
0.0183067
0.00037
0
0.01972
0.0403767
0.03444
0.0418
0.0412167
0.00037
0.0288767
0.02407
0.0386933
0.0500167
0.03133
0.0288367
0.0101067
0.0260467
0
0.0180767
0.00474333
0
0
0.00041
0
0.00039
0
0
0
0
0
0
0
0
0
0
0
0
0
0
0
0
0
0
0
0
0
0
0
0
0
0
0
0
0
0
0
0
0
0
0
0
0
0
0
0
0
0
0
0
0
0
0.00106
0.00486
0
0
0.0102967
0.02142
8.66667e-05
8.66667e-05
0.0229733
0.0186067
0
8.66667e-05
0.00642333
0.00107
0
0
0
0
0
0
0
0
0
0
0
0
0
0
0
0
0
0
0
0
0
0
0
0
0
0
0
0
0
0
0
0
0
0
0
0
0
0
0
0
0.00116333
0.000773333
0.00135667
0.00561
0.01781
0.0169633
0.0642733
0.153957
0.06618
0.451393
0.443153
0.289447
0.00176667
0.00068
0.00888
0.00827
0.01281
0.00468
0.00479667
0.000256667
0.000186667
0
0
0
0
0
0
0
0
0
0
0
0
0
0
0
0
0
0
0
0
0
0
0
0
0
0
0
0
0
0
0
0
0
0
0
0
0
0
0
0
0
0
0
0
0
0
0.000256667
0.00445667
0.00799667
0.00431333
0.0165833
0.00574
0.0229267
0.0143167
0.00489333
0.0148533
0.00428
0.00241667
0.00247
0.00359
0.000693333
0.000126667
0.000623333
0.000636667
0
0.000126667
0.0047
0.0154733
0.0165067
0.0238067
0.0160767
0.0305533
0.0137333
0.00402667
0.00205667
0.00026
7.66667e-05
0
0.00405
0.00900667
0.0216867
0.0287467
0.0349
0.0349
0.02754
0.01728
0.00502333
0.00127333
0.000423333
0
0
0
0
0
0
0
0
0
0
0
0
0
0
0
0
0
0
0
0
0
0
0
0
0
0
0
0
0
0
0
0
0.000393333
0.000393333
0.000633333
0.00808
0.00024
0.000643333
0.00848333
0.00101333
0.00074
0.00037
0.0272667
0.02952
0.0375467
0.0341233
0.0181267
0.00606
0.0153333
0.00578667
0.00541667
0.0338333
0.0391867
0.0197367
0.0100933
0.00504667
0.0191867
0.02306
0.01189
0.00940667
0.00504667
0.00801667
0.00368333
0
0.00475
0.00039
0
0
0.00039
0
0
0
0
0
0
0
0
0
0
0
0
0
0
0
0
0
0
0
0
0
0
0
0
0
0
0
0
0
0
0
0
0
0
0
0
0
0
0
0
0
0
0
0
0
0
0
0
0
0
0
0
0
0
0
0
0
0.000443333
0.00327667
0.00283333
0.00283333
0.00787667
0.0147567
0.0101567
0.00742
0.0157467
0.0113067
0.00758
0.000256667
0.00398333
0.00016
0.00016
0
0
0
0
0
0
0
0
0
0
0
0
0
0
0
0
0
0
0
0
0
0
0
0
0
0
0
0
0
0
0
0
0
0
0
0
0
0.00496333
0.00622
0.00125667
0.01801
0.0369367
0.0628067
0.0916733
0.219013
0.101727
0.185513
0.12556
0.44095
0.324403
0
7e-05
7e-05
0.00014
7e-05
7e-05
0
0
0
0
0
0
0
0
0
0
0
0
0
0
0
0
0
0
0
0
0
0
0
0
0
0
0
0
0
0
0
0
0
0
0
0
0
0
0
0
0
0
0
0
0
0
0
0
0
0.000256667
0.000583333
0.000326667
0.000516667
0.00217667
0.00441
0.00108667
0
0.000413333
0.00283667
0.00127
0.000183333
0.00018
0.00018
0.000296667
0.000113333
0
0
0.000523333
0.00041
0
0
0.00355333
0.00347333
0.00761333
0.00461
0.00449333
0.0064
0.00244333
0.000183333
0
0
0
0
0.00405
0.0081
0.02078
0.0216867
0.0287467
0.0178233
0.0166167
0.00563
0.00429667
0.000546667
0.000423333
0
0
0
0
0
0
0
0
0
0
0
0
0
0
0
0
0
0
0
0
0
0
0
0
0
0
0
0
0
0
0
0
0
0
0
0
0
0.00037
0.00037
0
0
0
0
0
0
0
0
0
0
0
0
0
0
0
0
0
0
0
0
0
0
0
0
0
0
0
0.0038
0.00607667
0.00227667
0.00227667
0.01826
0.0195867
0.00740333
0.00521333
0.0188867
0.00679
0.01483
0.00264667
0.00166333
8.66667e-05
0.00107
0
0.00107
0
0
0
0
0
0
0
0
0
0
0
0
0
0
0
0
0
0
0
0
0
0
0
0
0
0
0
0
0
0
0
0
0
0
0
0
0
0
0
0
0
0
0
0
0
0
0
0
0.0001
0.0001
0.000873333
0.0125
0.0328633
0.0212367
0.12216
0
0
0
0
0
0
0
0
0
0
0
0
0
0
0
0
0
0
0
0
0
0
0
0
0
0.000313333
0.000313333
0.000626667
0.000313333
0.000313333
0
0
0
0
0
0
0
0
0
0
0
0
0
0
0
0
0
0
0
0
0
0
0
0
0
0
0
0
0
0.00019
0.000423333
0.000233333
0
0
0
0
0
0
0
0
0.00033
0.00047
0.000353333
0.000213333
0.000396667
0.000183333
0
0
0
0
0
0
0.00405
0.00447333
0.00943
0.00550333
0.00683667
0.00188
0.00188
0.000123333
0.000123333
0
0
0
0
0
0
0
0
0
0
0
0
0
0
0
0
0
0
0
0
0
0
0
0
0
0
0
0
0
0
0
0
0
0
0
0
0
0
0
0
0
0
0
0
0
0
0
0
0
0
0
0
0
0
0
0
0
0
0
0
0
0
0
0.00156333
0.00187667
0.00858
0.00733
0.00752333
0.00082
0.000506667
0
0
0
0
0
0
0
0
0
0.00044
0.00044
0.00113333
0.000693333
0.00079
9.66667e-05
0
0
0
0
0
0
0
0
0
0
0
0
0
0
0
0
0
0
0.00014
0.00014
0
0
0
0
0
0
0
0
0
0
0
0
0
0.000423333
0.000423333
0.000546667
0.000123333
0.000123333
0
0
0
0
0
0
0
0
0
0
0
0
0
0
0
0
0
0
0
0
0
0
0
0
0
0
0
0
0
0
0
0
0
0
0
0
0
0
0
0
0
0
0
0
0
0
0
0
0
0
0
0
0
0
0
0
0
0
0
0
0
0
0
0
0.00268333
0.00424667
0.0187967
0.0228167
0.0471633
0.03312
0.0269233
0.00101333
0.00154667
0.00104
0.00104
0
0
0
0
0
0.00175667
0.00219667
0.0107933
0.00973
0.0193367
0.0108367
9.66667e-05
0
0
0
0
0
0
0
0
0
0
0
0
0
0
0
0
0
0
0
0
0
0
0
0
0
0
0
0
0
0
0
0
0
0
0
0
0
0
0
0
0
0
0
0
0
0
0
0
0
0
0
0
0
0
0
0
0
0
0
0
0
0
0
0
0
0
0
0
0
0
0
0
0
0
0
0
0
0
0
0
0
0
0
0
0
0
0
0
0
0
0
0
0
0
0
0
0
0
0
0
0
0
0
0
0
0
0
0.00143
0.00411333
0.0143667
0.0274867
0.05139
0.0670467
0.01444
0.00449667
0.0002
0.000203333
0.0001
0.0001
0
0
0
0
0
0
0
0
0
0
0
0
0
0
0
0
0.04853
0.07461
0.00275
0.0238233
0.00120333
0.00240667
0
0.000163333
0.00041
0.00041
0.00461
0.00326333
0.02831
0.0225667
0.04128
0.04919
0.03698
0
0
0
0
0
0
0
0
0
0
0
0
0
0
0
0
0
0
0
0
0
0
0
0
0
0
0
0
0
0
0
0
0
0
0
0
0
0
0
0
0
0
0
0
0
0
0
0
0
0
0
0
0
0
0
0
0
0
0
0
0
0
0
0
0
0
0
0
0
0
0
0
0
0
0
0
0
0
0
0
0
0
0
0
0
0
0
0
0
0
0
0
0.00143
0.00209333
0.0123467
0.01818
0.0441033
0.0112967
0.0074
0.000603333
0.0005
0.0001
0
0
0
0
0
0
0
0
0
0
0
0
0
0
0
0
0
0.0567467
0.0715967
0.0270833
0.00513333
0.00477333
0.00100667
0.00223333
0.0018
0.00652
0.00798333
0.0149433
0.02818
0.0560867
0.0713533
0.04637
0.0728333
0.03063
0
0
0
0
0
0
0
0
0.000423333
0.000423333
0.000423333
0
0
0
0
0
0
0
0
0
0
0
0
0
0
0
0
0
0
0
0
0
0.000123333
0.000123333
0.000673333
0.00055
0.000796667
0.000246667
0.00134333
0.00109667
0.00194667
0.00085
0.00085
0
0
0
0
0
0
0
0
0
0
0
0
0
0
0
0
0
0
0
0
0
0
0
0.000123333
0.000123333
0.00067
0.000546667
0.000546667
0
0
0
0
0
0
0
0
0
0
0
0
0
0
0
0
0
0
0
0
0
0.000663333
0.00126667
0.00853
0.01242
0.0076
0.000703333
0.0004
0
0
0
0
0
0
0
0
0
0
0
0
0
0
0
0
0
0
0
0.0347133
0.0487767
0.0296467
0.00922333
0.0063
0.00925333
0.00895333
0.0233733
0.0213733
0.0345933
0.0267
0.05274
0.0565433
0.03268
0.0135467
0
0
0
0
0
0.000216667
0
0
0.00398667
0.00419333
0.00461667
0.000846667
0.000423333
0
0
0
0
0
0
0
0
0
0
0
0
0
0
0
0
0
0.000123333
0.000123333
0.00188
0.00188
0.00708667
0.00588
0.0134433
0.00848333
0.0188233
0.0122333
0.0205133
0.0104733
0.0102267
0.0017
0.00085
0
0
0
0
0
0
0
0
0
0
0
0
0
0
0
0
0
0
0
0.000123333
0.000123333
0.00187667
0.00187667
0.00683333
0.00562667
0.00638333
0.00142667
0.00088
0
0
0
0
0
0
0
0
0
0
0
0
0
0
0
0
0
0
0
0.000603333
0.000723333
0.00527667
0.000303333
0
0
0
0
0
0
0
0
0
0
0
0
0
0
0
0
0
0
0
0
0
0.03248
0.0319967
0.0307333
0.00952667
0.00714667
0.0177767
0.0228067
0.06133
0.0621967
0.111097
0.0854933
0.10015
0.0510533
0.0518933
0.03897
0.0387933
0.00840333
0.00702
0.000673333
0
0
0
0
0.000216667
0.000963333
0
0
0.0122167
0.01524
0.01587
0.00504
0.00169333
0.000846667
0.000423333
0
0
0
0
0
0
0
0
0
0
0
0
0
0
0
0.00055
0.000673333
0.00454667
0.00575333
0.0183867
0.01972
0.03701
0.03194
0.05398
0.0458233
0.0683967
0.0496767
0.0404833
0.0110733
0.00254667
0.00085
0
0
0
0
0
0
0
0
0
0
0
0
0
0
0
0
0
0
0.000423333
0.000546667
0.0055
0.00683
0.0178167
0.01782
0.02303
0.0128
0.00784333
0.00088
0
0
0
0
0
0
0
0
0
0
0
0
0
0
0
0
0
0
0.00012
0.00012
0.00467333
0.00455333
0
0
0
0
0
0
0
0
0
0
0
0
0
0
0
0
0
0
0
0
0
0
0.00516
0.00958333
0.00923
0.00504667
0.00660667
0.00839333
0.0219433
0.05398
0.0883367
0.169033
0.190927
0.261817
0.196643
0.18683
0.08225
0.0587867
0.0146667
0.00989667
0.00205667
0.00037
0
0
0
0
0
0.000746667
0.00127667
0.00053
0.00053
0.0140633
0.0247867
0.0277867
0.0158467
0.00514
0.00181667
0.00097
0.000423333
0
0
0
0
0
0
0
0
0
0
0
0
0.000123333
0.000123333
0.00109667
0.00152333
0.00757667
0.0104767
0.03006
0.0367633
0.0634133
0.0623267
0.0945133
0.0912367
0.102937
0.0882533
0.0693567
0.0403067
0.0108967
0.00254667
0.00085
0
0
0
0
0
0
0
0
0
0
0
0
0
0
0
0
0
0
0.000423333
0.00447
0.00942333
0.0216767
0.02874
0.0351467
0.0294333
0.0188533
0.00749333
0.000433333
0.000433333
0
0
0
0
0
0
0
0
0
0
0
0
0
0
0
0
0
0.000123333
0.000123333
0.000253333
0
0
0
0
0
0
0
0
0
0
0
0
0
0
0
0
0
0
0
0
0
0.00101
0.00110667
0.00026
0.00182333
0.00755
0.01256
0.04544
0.07331
0.162547
0.223913
0.333997
0.350007
0.38129
0.283287
0.219837
0.0999167
0.06616
0.0201933
0.0139833
0.00362
0.00193333
0.00168667
0
0
0
0.000433333
0.00451667
0.00406
0.00507
0.00461333
0.00562333
0.00118333
0.00471333
0.00562
0.0173967
0.01862
0.0182867
0.00562333
0.00441667
0.00067
0.000546667
0
0
0
0
0
0
0
0
0
0
0.000123333
0.000123333
0.00188
0.00188
0.00630333
0.00552
0.0139333
0.0155633
0.0361067
0.0477033
0.0779633
0.08697
0.10714
0.11577
0.126093
0.116537
0.08859
0.0560933
0.0269933
0.0108467
0.00249667
0.00085
0
0
0
0
0
0
0
0
0
0
0
0
0
0
0
0
0
0
0.000423333
0.00447
0.00532
0.0175733
0.0186433
0.0291533
0.01713
0.0125433
0.00444667
0.00401333
0
0
0
0
0
0
0
0
0
0
0
0
0
0.000423333
0.000423333
0.00097
0.00067
0.00241
0.00199333
0.00360333
0
0
0
0
0
0
0
0
0
0
0
0
0
0
0
0
0
0
0
0
0.00101
0.00541333
0.00312
0.00271
0.00724333
0.00693667
0.0401233
0.07437
0.168923
0.200587
0.304293
0.310607
0.371593
0.313953
0.2602
0.172997
0.0988767
0.0606
0.0216733
0.02311
0.0137333
0.01778
0.00429333
0.00429333
0
0
0.00853
0.0208967
0.0177867
0.01813
0.0178933
0.0182133
0.00570333
0.0177667
0.00583667
0.00551333
0.00462667
0.00595667
0.00187667
0.00187667
0.000123333
0.000123333
0
0
0
0
0
0
0
0
0
0
0.00055
0.000673333
0.00563
0.00683667
0.0187967
0.0182633
0.0327667
0.02922
0.0476333
0.05289
0.0806667
0.0941433
0.11293
0.11692
0.113057
0.1136
0.0863033
0.07085
0.0314
0.02004
0.00304333
0.00164667
0
0
0
0
0
0
0
0
0
0
0
0
0
0
0
0
0
0
0
0.000423333
0.000423333
0.00127333
0.00141667
0.00653333
0.00667333
0.00676
0.0111033
0.00709
0
0
0
0
0
0
0
0
0
0
0
0.000423333
0.000846667
0.00767
0.00779333
0.0200467
0.0149633
0.0193267
0.00838333
0.01032
0.00093
0.00093
0
0
0
0
0
0
0
0
0
0
0
0
0
0
0
0
0
0
0.00440333
0.00850667
0.00500333
0.00595
0.00186667
0.00424333
0.04356
0.0772933
0.139767
0.145807
0.21294
0.209427
0.249453
0.200843
0.17814
0.12479
0.08137
0.0556833
0.03635
0.0349
0.0257067
0.0187067
0.01078
0.00726333
0.000776667
0.00170667
0.0239033
0.0326067
0.02996
0.0213467
0.02992
0.0212267
0.0207967
0.0326467
0.00851
0.00482667
0.000423333
0.000546667
0.000123333
0.000123333
0
0
0
0
0
0
0
0
0
0
0
0
0
0.00055
0.0014
0.00635667
0.0126333
0.0238667
0.03087
0.0403033
0.0408533
0.05173
0.0517267
0.0754067
0.0647333
0.08878
0.0658967
0.0861833
0.0589933
0.05857
0.0312
0.0194833
0.00702667
0.00194667
0.00055
0
0
0
0
0
0
0
0
0
0
0
0
0
0
0
0
0
0
0
0
0
0
0.000566667
0.00765667
0.00864667
0.0114233
0.00433333
0
0
0
0
0
0
0
0
0
0.000423333
0.000846667
0.00459333
0.0109933
0.0216767
0.0306067
0.0364367
0.03024
0.0215333
0.0125567
0.00874667
0.00878
0.00799333
0.000143333
0.000143333
0
0
0
0
0
0
0
0
0
0
0
0
0
0
0
0
0.00410333
0.00453667
0.00891
0.00556333
0.0107267
0.0716967
0.114923
0.142527
0.14918
0.16747
0.15839
0.138413
0.107937
0.0686267
0.0521433
0.03775
0.0373633
0.0275133
0.0296033
0.01728
0.02432
0.0152333
0.0223067
0.02414
0.02111
0.0210267
0.00862
0.0208833
0.0086
0.0242633
0.0212567
0.00454
0.00410667
0
0
0
0
0
0
0
0
0
0
0
0
0
0
0
0
0
0
0
0.00085
0.0017
0.00852667
0.0114267
0.0225367
0.0183167
0.0272
0.0195367
0.0331867
0.0228567
0.0307233
0.0159867
0.0271133
0.0188233
0.0304167
0.0187433
0.01995
0.00696
0.00575333
0.000673333
0.00055
0
0
0
0
0
0
0
0
0
0
0
0
0
0
0
0
0
0
0
0
0
0
0.00433333
0.0114233
0.00479
0.000456667
0
0.01755
0.00599667
0.00455333
0.00858
0.00073
0.000586667
0
0
0.000433333
0.03722
0.01065
0.03761
0.0729433
0.07978
0.0900833
0.100523
0.118813
0.08982
0.09892
0.05896
0.0514933
0.0469133
0.0471767
0.0472433
0.03952
0.0492567
0.04638
0.0442133
0.00885
0.00942667
0.000433333
0
0
0.00101
0.00534333
0.000456667
0
0
0
0
0
0
0
0
0
0.000423333
0.000423333
0.00417
0.0055
0.0166067
0.0166033
0.0275033
0.0173233
0.0145067
0.00438
0.00598
0.0192033
0.01696
0.00955333
0.00103
0.000443333
0
0
0
0
0
0
0
0
0
0
0
0
0
0
0.000423333
0.000856667
0.00336333
0.07305
0.0443467
0.101257
0.0574867
0.01544
0.0373333
0.0265667
0.0390933
0.0216867
0.0369733
0.0342433
0.04425
0.0370167
0.0497467
0.03921
0.00451667
0.00406
0.00451667
0.00294
0.00449333
0.000433333
0.00509333
0.00408333
0.000433333
0.000433333
0
0
0
0
0
0
0
0
0
0
0
0
0
0
0
0
0
0
0
0
0
0.00085
0.00085
0.0046
0.00375
0.00635667
0.00260667
0.00690333
0.00429667
0.0066
0.00230333
0.00382333
0.00152
0.00539333
0.00387333
0.00563
0.00175667
0.00188
0.000123333
0.000123333
0
0
0.000123333
0.000123333
0.000673333
0.00055
0.00055
0
0
0
0
0
0
0
0
0
0
0
0
0
0
0
0
0.00101
0
0
0
0
0
0
0
0
0
0
0
0
0.00175333
0.00175333
0.00549667
0.00374333
0.00467
0.000926667
0.00345333
0.00263
0.01678
0.0219333
0.0300033
0.00979
0.00126667
0.000443333
0
0
0
0
0
0
0
0
0
0
0
0
0.000906667
0.00133
0.00829333
0.00989333
0.0154733
0.05306
0.0451267
0.0798033
0.0503367
0.04603
0.00367333
0.00222
0.00276333
0.00521667
0.00508667
0.00903
0.00693667
0.0168633
0.0109633
0.02111
0.054
0.0520167
0
0
0.00250667
0.00851
0
0
0
0
0
0
0
0
0
0
0
0
0
0
0
0
0
0
0
0
0
0
0
0
0
0
0
0
0
0
0
0
0
0
0
0
0
0
0
0
0
0
0
0
0
0
0.000123333
0.000123333
0.00188
0.00188
0.00563
0.00442333
0.00515
0.0014
0.00085
0
0
0
0
0
0
0
0
0
0
0
0
0
0
0
0
0
0
0
0
0
0
0
0
0
0
0
0
0
0
0
0
0
0.000103333
0.0002
0.00788
0.0139933
0.0268267
0.0223033
0.00164667
0.000823333
0
0
0
0
0
0
0
0
0
0
0
0
0.000453333
0.00136
0.00195667
0.00846667
0.0203467
0.0257533
0.0233467
0.0201133
0.00828
0.0127333
0.00176333
0.00206333
0.00245333
0
0.00263333
0.00245333
0.00054
0.00018
0.00135333
0.000856667
0.01488
0.00487
0.03651
0.01973
0
0
0.00600333
0.01056
0
0
0
0
0
0
0
0
0
0
0
0
0
0
0
0
0
0
0
0
0
0
0
0
0
0
0
0
0
0
0
0
0
0
0
0
0
0
0
0
0
0
0
0
0
0
0.00055
0.000673333
0.00563
0.00683667
0.0178233
0.0166167
0.0216867
0.0114267
0.00767667
0.00085
0
0
0
0
0
0
0
0
0
0
0
0
0
0
0
0
0
0
0
0
0
0
0
0
0
0
0
0
0
0
0
0.00631333
0.00651667
0.0003
0.0003
0
0
0
0
0
0
0
0.000496667
0.000496667
0.00437333
0.00387667
0.00922333
0.00572667
0.00655
0.00120333
0.000823333
0
0
0
0
0
0
0
0
0
0
0
0
0
0.000453333
0.00105
0.00164667
0.00133667
0.0135267
0.0241833
0.0285967
0.0163067
0
0
0.00455667
0.00505333
0
0
0
0
0
0
0
0
0
0
0
0
0
0
0
0
0
0
0
0
0
0
0
0
0
0
0
0
0
0
0
0
0
0
0
0
0
0
0
0
0
0
0
0
0
0
0.000423333
0.000973333
0.00502333
0.00955667
0.0216867
0.0287467
0.0349
0.0290467
0.01836
0.00725
0.000423333
0
0
0
0
0
0
0
0
0
0
0
0
0
0
0
0
0
0
0
0
0
0
0
0
0
0
0
0
0
0
0
0
9.66667e-05
9.66667e-05
9.66667e-05
0
0
0
0
0
0
0
0
0
0
0
0
0
0
0
0.00038
0.00038
0.00038
0
0
0
0
0
0
0
0
0
0
0
0
0
0
0
0.000596667
0.00074
0.000883333
0.000286667
0.0113967
0.0150233
0.01552
0.00426667
0
0
0.000496667
0.000496667
0
0
0
0
0
0
0
0
0
0
0
0
0
0
0
0
0
0
0
0
0
0
0
0
0
0
0
0
0
0
0
0
0
0
0
0
0
0
0
0
0
0
0
0
0
0
0
0.000423333
0.000423333
0.00447333
0.0081
0.02078
0.0216867
0.0287467
0.0166167
0.0120833
0.00139667
0.000846667
0.000423333
0
0
0
0
0
0
0
0
0
0
0
0
0
0
0
0
0
0
0
0
0
0
0
0
0
0
0
0
0
0
0
0
0
0
0
0
0
0
0
0
0
0
0
0
0
0
0
0
0
0
0
0
0
0
0
0
0
0
0
0
0
0
0
0.000423333
0.000423333
0.000423333
0.000143333
0.000143333
0.000143333
0
0.00377
0.00419333
0.00419333
0.000423333
0
0
0
0
0
0
0
0
0
0
0
0
0
0
0
0
0
0
0
0
0
0
0
0
0
0
0
0
0
0
0
0
0
0
0
0
0
0
0
0
0
0
0
0
0
0
0
0
0
0
0
0
0
0
0.000423333
0.00447333
0.00514667
0.00968
0.00938
0.00925667
0.00516333
0.00183667
0.00172333
0.00086
0.000436667
0
0
0
0
0
0
0
0
0
0
0
0
0
0
0
0
0
0
0
0
0
0
0
0
0
0
0
0
0
0
0
0
0
0
0
0
0
0
0
0
0
0
0
0
0
0
0
0
0
0
0
0
0
0
0
0
0
0
0
0
0
0.00085
0.00127333
0.00182333
0.000973333
0.00230667
0.00175667
0.00175667
0
0.000123333
0.000546667
0.000546667
0.000423333
0
0
0
0
0
0
0
0
0
0
0
0
0
0
0
0
0
0
0
0
0
0
0
0
0
0
0
0
0
0
0
0
0
0
0
0.000123333
0.000123333
0.000546667
0.000423333
0.000846667
0.000423333
0.000423333
0
0
0
0
0
0
0
0
0
0
0
0
0
0
0.000423333
0.000973333
0.00164667
0.0123333
0.0155333
0.0217233
0.0114767
0.0118433
0.00541667
0.00455333
0.00411667
0
0
0
0
0
0
0
0
0
0
0
0
0
0
0
0
0
0
0
0
0
0
0
0
0
0
0
0
0
0
0
0
0
0
0
0
0
0
0
0
0
0
0
0
0
0
0
0
0
0
0
0
0
0
0.000423333
0.00127333
0.00532333
0.00545
0.01571
0.0134167
0.0239767
0.0128667
0.01486
0.00387333
0.00387333
0.000123333
0
0
0
0
0
0
0
0
0
0
0
0
0.000123333
0.000123333
0.000546667
0.000423333
0.000423333
0
0
0
0
0
0
0
0
0
0
0
0
0
0
0
0
0
0.000123333
0.000123333
0.00188
0.00188
0.00683667
0.00550333
0.00943
0.00489667
0.00447333
0.000423333
0
0
0
0
0
0
0
0
0
0
0
0
0
0
0.000423333
0.000973333
0.00783667
0.0185233
0.0292267
0.0292267
0.0222333
0.00411667
0
0
0
0
0
0
0
0
0.000166667
0.000166667
0.000166667
0
0
0
0
0
0
0
0
0
0
0
0
0
0
0
0
0
0
0
0
0
0
0
0
0
0
0
0
0
0
0
0
0
0
0
0
0
0
0
0
0
0
0
0
0.000423333
0.00417333
0.00822333
0.01891
0.02627
0.03333
0.03333
0.02597
0.01861
0.00792333
0.00417333
0.000846667
0.000423333
0.000423333
0
0
0
0
0
0
0
0
0
0
0
0
0.000116667
0.00186667
0.00187333
0.00683
0.00550333
0.00943
0.00447333
0.00405
0
0
0
0
0
0
0
0
0
0
0
0
0
0
0
0.000423333
0.000546667
0.00550333
0.00683667
0.0178233
0.0178233
0.0228933
0.0158333
0.0117267
0.0049
0.00085
0
0
0
0
0
0
0
0
0
0
0
0
0
0
0.000423333
0.00130333
0.00816667
0.01157
0.0219433
0.0191967
0.00811333
0.00428667
0
0
0
0
0
0
0.00176333
0.00193
0.00416
0.00239667
0.00223
0
0.000166667
0.000166667
0.000166667
0
0
0
0
0
0
0
0
0
0
0
0
0
0
0
0
0
0
0
0
0
0.000423333
0.000423333
0.000556667
0.000133333
0.000133333
0
0
0
0
0
0
0
0
0
0
0
0
0
0
0.00375
0.00550667
0.0166167
0.0239767
0.03333
0.02597
0.01861
0.00835
0.00502333
0.00212333
0.00169667
0.00586
0.00501
0.0104867
0.00811667
0.00221667
0.00221667
0
0
0
0
0
0
0
0
0
0.000123333
0.000123333
0.00204333
0.00203667
0.00693
0.00676
0.0177533
0.0178167
0.0228933
0.0158333
0.0117267
0.0049
0.00127333
0.000423333
0.000423333
0
0
0
0
0
0
0
0
0
0
0
0
0.000423333
0.00447333
0.00943
0.0216867
0.0287467
0.0349
0.0290467
0.0228933
0.0126333
0.00635667
0.0014
0.00055
0
0
0
0
0
0
0
0
0
0
0
0
0
0
0.00088
0.00470667
0.000346667
0.000366667
0.000176667
0.00019
0.00019
0
0
0.00185
0.0102633
0.0085
0.00643667
0.00643667
0.000166667
0
0
0
0
0
0
0
0
0
0
0
0
0
0
0
0
0
0
0
0
0.000423333
0.000846667
0.00488667
0.00459667
0.00602
0.00198
0.00198
0.000133333
0.000133333
0
0
0
0
0
0
0
0
0
0
0
0
0.00175667
0.00351333
0.0146233
0.0134167
0.01541
0.00472333
0.00502333
0.00169667
0.00212333
0.00574333
0.00990667
0.02615
0.02758
0.05064
0.0357633
0.00890667
8.66667e-05
0.00669
0
0.00537667
0
0
0
0.00197
0.00401333
0.00209333
0.0145367
0.00956333
0.0144867
0.0228467
0.02906
0.0290433
0.0216833
0.0114267
0.00514667
0.00182
0.00097
0.000423333
0
0
0
0
0
0
0
0
0
0
0
0
0
0.00405
0.0049
0.01758
0.01728
0.02754
0.0166167
0.0178233
0.00683667
0.00563
0.000673333
0.00055
0
0
0
0
0
0
0
0
0
0
0
0
0
0
0
0.00382667
0.00382667
0.00399667
0.00264667
0.00588333
0.00282333
0.00359667
0
0
0.00555333
0.00733333
0.01523
0.00361
0.00019
0.00038
0
0
0.00529
0.000386667
0.000196667
0.00053
0.000196667
0.000333333
0.000333333
0
0
0
0
0
0
0
0
0
0
0
0
0
0
0
0
0
0
0
0
0
0
0
0
0
0
0
0
0
0
0
0
0
0
0
0
0.00064
0
0.00083
0.00064
0.00019
0.00019
0
0
0
0
0
0
0
0
0
0
0
0
0
0
0
0
0
0
0
0
0
0
0
0
0
0
0
0
0
0
0
0
0
0
0
0.00978333
0.01217
0.04738
0.04333
0.00641667
0.000146667
0.000146667
0
0
0
0
0
0
0
0
0
0
0
0
0
0
0
0
0
0.000423333
0.000846667
0.00489667
0.00851333
0.0207633
0.01856
0.01957
0.00703
0.00574333
0.000693333
0.000983333
0.000423333
0.000423333
0
0
0
0
0
0
0
0
0
0
0.00175667
0.00175667
0.00230667
0.00055
0.000973333
0.000423333
0.000846667
0.00489
0.00936
0.01493
0.0275567
0.0507333
0.0723867
0.08943
0.064
0.0430433
0.00546333
0.00787333
0.0143567
0
0.00118333
0.00912
0.00211
0.0161367
0.00864
0.0119633
0.0141767
0.0229133
0.0178267
0.0166133
0.00563
0.00442
0.00067
0.000546667
0
0
0
0
0
0
0
0
0
0
0
0
0
0
0.000423333
0.00127333
0.00169667
0.00502333
0.00429667
0.00563
0.00188
0.00188
0.000123333
0.000123333
0
0
0
0
0
0
0
0
0
0
0
0
0
0
0
0
0.000113333
0.000113333
0.00457
0.0179867
0.00693333
0.01676
0
0
0.00225
0.0226467
0.0227233
0.0175333
0.00667
0
0.01593
0.0083
0.0121367
0.00363667
0.00181667
0.00184667
0.00496667
0.00335
0.00922
0
0
0.00011
0.0002
0
0
0
0
9e-05
0
0
0
0
0
0
0
0
0
0
0
0
0
0
0
0
0
0
0
0
0
0
0
0
0
0
0
0
0
0
0
0
0
0
0
0
0
0
0
0
0
0
0
0
0
0
0
0
0
0
0
0
0
0
0
0
0
0
0
0
0
0
0
0
0
0
0
0
0
0
0
0
0
0
0
0
0
0
0
0
0
0
0
0
0
0
0
0
0
0
0
0.000493333
0
0
0
0
0
0.00265
0.000493333
0
0
0
0
0.00277667
0.00215667
0
0
0
0
0.000736667
0.00062
0
0
0
0
0.000116667
0.000116667
0
0
0
0
0
0
0
0
0
0
0
0
0
0
0
0
0
0
0
0
0
0
0
0
0
0
0
0
0
0
0
0
0
0
0
0
0
0
0
0
0
0
0
0
0
0
0
0
0
0
0
0
0
0
0
0
0
0
0
0
0
0
0
0
0
0
0
0
0
0
0
0
0
0
0
0
0
0
0
0
0
0
0
0
0
0
0
0
0
0
0
0
0
0
0
0
0.00118333
0.00202333
0.00084
0
0
0.00263667
0
0.136747
0.0383333
0.01242
0.03258
0.352747
0.10544
0.0684467
0.143943
0.11817
0.0647133
0.0297833
0.00678333
0.000513333
0.000366667
0
0
0
0
0
0
0
0
0
0
0
0
0
0
0
0.000423333
0.000846667
0.00144
0.00506667
0.0160667
0.0281467
0.03686
0.0304867
0.0224833
0.01028
0.00600667
0.00176
0.00136333
0.000586667
0.000163333
0
0
0
0
0
0
0
0
0
0
0
0
0
0
0
0
0.000133333
0.0046
0.00473333
0.0105933
0.00889333
0.0364067
0.0643967
0.0957667
0.133803
0.192027
0.133033
0.0835533
0.15602
0.07861
0.137303
0.04628
0.04682
0.00178
0.00901
0.01642
0.00761333
0.00696667
0.00464
0.00788
0.00564333
0.00685333
0.00189
0.00188
0.000123333
0.000123333
0
0
0
0
0
0
0
0
0
0
0
0
0
0
0
0.000423333
0.000423333
0.000846667
0.000423333
0.000546667
0.000123333
0.000123333
0
0
0
0
0
0
0
0
0
0
0
0
0
0
0
0
0
0
0
0
0.000113333
0.000346667
0.00480333
0.0113767
0.0221967
0
0.000596667
0.00758
0.00751
0.01458
0.01399
0.0295867
0.02615
0
0
0.00021
0.0154167
0.0237867
0
0.00014
0.0142167
0
0
0.00552667
0.00570333
0.00051
0.00051
0
0
0
0
0
0
0
0
0
0
0
0
0
0
0
0
0
0
0
0
0
0
0
0
0
0
0
0
0
0
0
0.00094
0.00094
0.00818
0.00788
0.0194767
0.0124267
0.01693
0.00533333
0.00571333
0.00057
0.000993333
0.000423333
0.000423333
0
0
0
0
0
0
0
0
0
0
0
0
0
0
0
0
0
0
0
0
0
0
0
0
0
0
0
0
0
0.00405333
0.00117667
0.108237
0.0242133
0.05984
0.400587
0.176487
0.12708
0
0.000133333
0.0126867
0.0465367
0.109453
0.172797
0.255217
0.291163
0.286653
0.113597
0.253683
0.237177
0.04943
0.06174
0.161073
0.02393
0.0445533
0.00359667
0.00234
0.00187333
0.00227
0.000546667
0.00068
0.000133333
0.000133333
0
0
0
0
0
0
0
0
0
0
0
0
0
0
0
0
0
0
0
0
0
0
0
0
0
0
0
0
0
0
0
0
0
0
0
0
0
0
0
0
0
0
0
0
0
0
0.00012
0.000353333
0.00488333
0.01145
0.00768333
0.00512
0.0281933
0.03551
0
0.000383333
0.00625667
0.0375133
0.03732
0
0
0.00324
0.00332667
0.0255367
0
0
0
9e-05
0
0
9e-05
0
0
0
0
0
0
0
0
0
0
0
0
0
0
0
0
0
0
0
0
0
0
0
0
0
0
0
0
0
0
0
0
0
0
0
0
0
0
0
0
0
0
0
0
0
0
0
0
0
0
0
0
0
0
0
0
0
0
0
0
0
0
0
0
0
0
0
0
0
0
0
0
0
0
0
0
0
0
0
0
0
0
0
0
0
0
0.00136333
7e-05
7e-05
0
0
0.00185667
0.0105933
0.000426667
0.000496667
0
0
0.0113867
0.0241133
0.000356667
0.000783333
0
0
0.0159967
0.01962
0
0.000356667
0
0
0.00651667
0.00655667
0
0
0
0
0.000776667
0.00066
0
0
0
0
0
0
0
0
0
0
0
0
0
0
0
0
0
0
0
0
0
0
0
0
0
0
0
0
0
0
0
0
0
0
0
0
0
0
0
0
0
0
0
0
0
0
0
0
0
0
0
0
0
0
0
0
0
0
0
0
0
0
0
0
0
0
0
0
0
0
0
0
0
0
0
0
0
0
0
0
0
0
0
0
0
0
0
0
0
0
0
0
0
0
0
0
0
0.00118333
0.00763333
0.00294333
0.00210333
0.00064
0
0.00205667
0.00117667
0.106887
0.07403
0.0487467
0.08331
0.431407
0.551493
0.32458
0.523327
0.184733
0.23306
0.219537
0.479327
0.462493
0.149413
0.09841
0.0411467
0.01847
0.000836667
0.000366667
0
0
0
0
0
0
0
0
0
0
0
0
0
0
0.000423333
0.000506667
0.0011
0.00100667
0.0123467
0.01346
0.0258933
0.0222833
0.0252467
0.0250567
0.01802
0.01958
0.00717
0.00712667
0.000896667
0.000733333
0
0
0
0
0
0
0
0
0
0
0
0
0
0
0
0.000133333
0.000266667
0.00303667
0.0128233
0.14512
0.27173
0.27983
0.22563
0.289067
0.0723267
0.20881
0.02741
0.0400933
0.00108333
0.000766667
0.0003
0.00015
0
0.00012
0.00465
0.00012
0.00634333
0.000596667
0.0113067
0.0121333
0.00386333
0.00411
0.02332
0.0240433
0
0.000313333
0.00382
0.0338833
0.0212267
0.0211667
0.00997667
0
0.00616667
0.000973333
0.00051
0
0
0
0
0
0
0
0
0
0
0
0
0
0
0
0
0
0
0
0
0
0
0
0
0
0
0
0
0
0
0.00015
0.00109
0.00124
0.00833
0.0130133
0.02446
0.02207
0.02159
0.0105233
0.00624333
0.0011
0.000993333
0.000423333
0.000423333
0
0
0
0
0
0
0
0
0
0
0
0
0
0
0
0
0
0
0
0
0
0
0
0
0
0
0
0
0.00113
0.00177
0.0179567
0.0153533
0.2028
0.0444867
0.0388233
0.251293
0.0948967
0.125463
0.0192633
0.0384267
0
0
0.0506967
0.143823
0.21238
0.202463
0.22239
0.128543
0.129127
0.0750667
0.00556333
0.00015
0
0
0
0
0
0
0
0
0
0
0
0
0
0
0
0
0
0
0
0
0.000343333
0
0.00384333
0.000343333
0.0104233
0.0035
0.0117467
0.00692333
0.00536333
0.00482333
0.00054
0.00054
0
0
0
0
0
0
0
0
0
0
0
0
0
0
0
0
0
0.00222667
0.000393333
0.00255
0.0332733
0.05086
0.0312267
0.01452
0.00603
0.00253
0.00269667
0.01354
0.00521333
0.00973333
0.00982
0.00723333
0.00617
0
0.000693333
0.00127
0.0103233
0
0
0.00038
0.000556667
0.000176667
0
0
0
0
0
0
0
0
0
0
0
0
0
0
0
0
0
0
0
0
0
0
0
0
0
0
0
0
0
0
0
0
0
0
0
0
0
0
0
0
0
0
0
0
0
0
0
0
0
0
0
0
0
0
0
0
0
0
0
0
0
0
0
0
0
0
0
0
0
0
0
0
0
0
0
0
0
0
0
0
0
0
0
0
0
0
0
0
0
0
0
0
0.00136333
0.00406
0.00269667
0.00276667
0
0
0.0127967
0.0189233
0.0102567
0.00798667
0
0
0.0294467
0.0279767
0.0151833
0.00805
0
0
0.0262667
0.0141233
0.0087
0.00143333
0
0
0.00751667
0.00187333
0.00121333
0.000136667
0
0
0.000796667
0.000136667
0.000136667
0
0
0
0
0
0
0
0
0
0
0
0
0
0
0
0
0
0
0
0
0
0
0
0
0
0
0
0
0
0
0
0
0
0
0
0
0
0
0
0
0
0
0
0
0
0
0
0
0
0
0
0
0
0
0
0
0
0
0
0
0
0
0
0
0
0
0
0
0
0
0
0
0
0
0
0
0
0
0
0
0
0
0
0
0
0
0
0
0
0
0
0.000313333
0.000313333
0.000313333
0.00645
0.00855333
0.00210333
0.0153333
0.00767333
0.0301033
0.0215367
0.10565
0.170287
0.0714333
0.0875433
0.40324
0.180473
0.2032
0.21077
0.00163
0.00047
0
0
0
0
0
0
0
0
0
0
0
0
0
0
0
0
8.33333e-05
8.33333e-05
0.000413333
0.000673333
0.00238
0.00555
0.01302
0.0182367
0.02731
0.02432
0.0236267
0.0115933
0.00750333
0.00127333
0.000733333
0
0
0
0
0
0
0
0
0
0
0
0
0
0
0
0.000393333
0.00329667
0.00513
0.0427433
0.0436667
0.0573533
0.0785
0.0694067
0.0212067
0.0207933
0.00116
0.00116
0
0.000393333
0.0258067
0.0522067
0.0357133
0.00698667
0.00637667
0.0110033
0.03212
0.00734333
0.00662667
0.01717
0.01071
0.000916667
0.00075
0
0.00507
0.00432
0.00478333
0.000463333
0.000463333
0
0
0
0
0
0
0
0
0
0
0
0
0
0
0
0
0
0
0
0
0
0
0
0
0
0
0
0
0
0
0
0.00015
0.00015
0.0003
0.00015
0.00577333
0.00562333
0.0104733
0.00485
0.00538
0.00053
0.00053
0
0
0
0
0
0
0
0
0
0
0
0
0
0
0
0
0
0
0
0
0
0
0
0
0
0
0
0
0
0
0.000313333
0.00144333
0.0150067
0.0212367
0.0368233
0.0731567
