0.267593
0.252703
0.0618733
0.159897
0.0802167
0.143243
0.0897133
0.181077
0.116203
0.236203
0.221033
0.0570067
0.0988
0.140027
0.195813
0.283957
0.0339567
0.0573667
0.105043
0.273537
0.24658
0.0220067
0.08555
0.0259233
0.130993
0.0708667
0.00666333
0.120557
0.00230667
0.00743333
0.00363333
0.03975
0.0477367
0.01878
0.0185567
0.07155
0.10291
0.0356067
0.01769
0.0333367
0.234887
0.00648667
0.01795
0.224467
0.00261667
0.00177333
0.00213
0.00017
0.00111667
0.05564
0.00173333
0.00129333
0.00235
0.00108
0.0127633
0.0131333
0.0268867
0.00205333
0.00200333
0.00258333
0.0032
0.02208
0.0278067
0.00375
0.00327
0.0211467
0.00510333
0.00433667
0.12095
0.01384
0.190003
0.0218567
0.0142533
0.01514
0.01383
0.17218
0.00626333
0.00695333
0.09877
0.00108333
0.00017
0.0591833
0.00855333
0.000273333
0.00445333
0.000273333
0
0.000616667
0.000616667
0.000676667
0.0619967
0.0199967
0.0267167
0.0409367
0.00943
0.00551333
0.0309933
0.03768
0.00849333
0.0219567
0.02193
0.0105833
0.00704
0.0765167
0.06226
0.0226367
0.0175233
0.150997
0.0962
0.0240267
0.0265567
0.143593
0.0221067
0.0206367
0.01182
0.01592
0.0560633
0.00255333
0.00147333
0.0200633
0.00689667
0.000833333
0.00699
0.000926667
0.000653333
0
0
0
0
0.000286667
0.000346667
0.02147
0.121887
0.0674167
0.134167
0.0695633
0.100093
0.000283333
0.000856667
0.0225033
0.0139367
0.0128767
0.00541333
0.00402
0.0101
0.0209
0.0893467
0.0878467
0.0679633
0.109603
0.0342667
0.0442367
0.0488633
0.0514233
0.0548533
0.0313233
0.0339767
0.0458467
0.0477033
0.0276333
0.02126
0.0160467
0.0176
0.0203633
0.00883333
0.0104833
0.0308733
0.0346467
0.01054
0.0140467
0.0621367
0.03868
0.0178567
0.0166
0.0793533
0.0293533
0.0267533
0.0652333
0.0248967
0.0162767
0.00998333
0.00517333
0.02615
0.02007
0.0101567
0.00923333
0.01942
0.01719
0.00553
0.00579333
0.01202
0.00154667
0.00061
0.000893333
0
0
0.00750667
0.14169
0.135197
0.04658
0.02725
0.0288167
0
0
0
0.02301
0.0117333
0.02226
0.0120133
0.01478
0
0
0
0
0.00823667
0.00405667
0.000443333
6.66667e-05
0
0.00124
0.00035
0.00433667
0.00462333
0.00502
0.0103667
0.01584
0.02889
0.03654
0.0426567
0.0403133
0.0279833
0.0279033
0.00907
0.0257633
0.0404567
0.0411133
0.0243767
0.0567067
0.0567233
0.0630367
0.0228233
0.03328
0.0170733
0.02724
0.0370133
0.00621667
0.0159133
0.01721
0.0182667
0.00227333
0.0047
0.0120167
0.0112967
0.0029
0.00225333
0.02215
0.01115
0.0149867
0.0242933
0.0273533
0.0173467
0.01795
0.0201233
0.0100267
0.0117833
0.02826
0.0207233
0.01762
0.0185833
0.0177767
0.00866
0.00379667
0.0182433
0.000323333
0.000643333
0.00846
0.00158333
0
0.000893333
0
0
0
0
0
0
0.00031
0.00724333
0.0101767
0.0185333
0.06212
0.0826
0.1077
0.08688
0.0804433
0.0456433
0.04231
0.0232433
0.0198633
0.01683
0
0
0.00536667
0.000593333
0.00204333
0
0.00029
0.00266
0
0
0
0.0001
0.0013
0.00235667
0.00776
0.00861667
0
0
0
0.00014
0
0
0
0
0
0.04468
0.0315933
0.03107
0.0200767
0.0220367
0.00406333
0.00093
0.00146667
0.000536667
0.00014
0.00014
0.00877333
0.0119233
0.00951667
0.0240133
0.0247633
0.01206
0.0132233
0.0341633
0.04188
0.00734333
0.0127567
0.0517967
0.0377667
0.00325
0.00724333
0.0224667
0.0398467
0.000826667
0.00338333
0.01434
0.00132333
0.00123333
0.0140033
0.00114333
0.00171667
0.00631333
0.00551667
0.0271167
0.00921667
0.0115767
0.0229833
0.00663333
0.0109067
0.0125867
0.00841
0.00698667
0.00941333
0.00795
0.0193567
0.0245233
0.00389333
0.00074
0.0277867
0.00032
0.0103867
0.00351
0
0.00311667
0.000296667
0.00069
0.000606667
7.33333e-05
7.33333e-05
0
0
0
0.00031
0.03781
0.06291
0.0366267
0.0479833
0.0194433
0.01554
0.0213767
0.0168533
0.0235433
0.01793
0.0196933
0.0181567
0.0244733
0
0
0
0.00482
0.0155433
8.33333e-05
8.33333e-05
0.0001
0.00115667
0.0001
0.0176033
0.0436833
0.13216
0.10337
0.0701233
0.0477967
0.0189967
0.0687167
0.15221
0.0409167
0.01377
0.0133633
0.00912333
0.00151667
0.00362667
0.00055
0.01833
0.0204267
0.0240033
0.0462133
0.05616
0.14162
0.00055
0
0
0
0
0
6.66667e-05
0.000143333
0.00103333
0.00110333
0.00734
0.01505
0.0311267
0.03664
0.0440267
0.0322167
0.0235167
0.00901667
0.00973333
0.0104167
0.0101467
0.00943667
0.00435
0
0
0
0
0
0
0
0.0012
0.00495333
0.00113333
0.00254667
0.00282667
0.00647667
0.00382
0.0105633
0.0170633
0.0132167
0.00299667
0.02311
0.000693333
0.000863333
0.01976
0
0.000523333
0.000393333
0.000393333
0.0221367
0.000933333
0.00075
0.03938
0.00741667
0.00212333
0.0302667
0.04453
0.0191433
0.0101
0.0259467
0.0196333
0.00753
0.00417
0.00575667
0.00572333
0.00621667
0.00057
0.00494667
0.00617667
0.0166133
0.00042
0.0161533
0.02216
0.0163633
0.0143367
0.000296667
0
0.01267
0.00832667
0.0544033
0.0251033
0.00256
0.000483333
0.000793333
0.001
0.000843333
0.00031
7.33333e-05
0
0
0
0
0
0.00031
0.00031
0.00324333
0.00293333
0.0116
0.0103967
0.00173
0.00286
0.00113
0.00635667
0.00522667
0.00578667
0.00591667
0.0108067
0.01129
0.0185867
0.0143233
0.00255667
0.00174
0.00029
0.00029
0
0
0.00105667
0.00311333
0.00205667
0.0100033
0.13622
0.114983
0.204397
0.12125
0.350757
0.17716
0.151807
0.157513
0.166607
0.323557
0.108517
0.0470367
0.00805333
0.0380367
0.0158567
0.0108167
0.0232233
0.0168967
0.01195
0
0
0
0
0
0
0
7.66667e-05
0.000213333
0.0088
0.0127
0.0244633
0.0186033
0.01897
0.0167933
0.0178967
0.0243433
0.01591
0.0126767
0.00182667
0.00061
0.00061
0
0
0
0
0
0
0.00195
0.00745333
0.01017
0.0192133
0.02019
0.0129867
0.02093
0.0439267
0.0260067
0.0990667
0
0
0
0
0.00141333
0.00141333
0
0.00017
0
0.00178667
0.00284333
0.00566
0.00017
0
0.00017
0.00867667
0
0
0.00519333
0.000576667
0
0.00932333
0.0202633
0.00490667
0.00115333
0.0375067
0.00998
0.0196367
0.0261167
0.0306967
0.0215467
0.0421233
0.02563
0.01866
0.00653
0.00884333
0.00138
0.00136333
0.00015
0.00125333
0
0
0.00398333
0.00844667
0
0
0.01686
0.01877
0.000296667
0.0233033
0.0196867
0.01923
0.01262
0.00782
0.00261
0.1116
0.120553
0.10356
0.111827
0.0793833
0.0194133
0.00759333
0.00574333
0.00175
0.00635667
0.00576
0.00522667
0.00522333
0.000306667
0.00056
0.000686667
0.00673667
0.00771667
0.00200333
0.00110667
0
0
0
0
0
0
0
0
0
0.0431467
0.128313
0.161873
0.207883
0.190377
0.30839
0.0907233
0.02906
0.0253533
0.01457
0.00467
0.00108333
0.000533333
0
0
0
0
0
0
0
0
0.000136667
0.0002
0
0
0
0
0
0
0.000253333
0.00100333
0.00450667
0.0128167
0.00817
0.01384
0.157447
0.02902
0.0237067
0.00758
0.0164967
0.00923
0.00813667
0.0141867
0.0224533
0.0124967
0.0116333
0.00992667
0.0412433
0.0326133
0.00901667
0.00541333
0.00728
0.01054
0.0116033
0.0204867
0.000876667
0.00525333
0.00691667
0.00031
0.00031
0.00429667
0
0
0.0004
0
0
0.000223333
0.000223333
0
0
0
0
0
0
0
0
0
0
0
0
0
0
0
0
0
0
0
0
0
0
0
0
0
0
0
0
0
0
0
0
0.00978667
0.00444
0
0
0.0232833
0.0203667
0.00511
0.00395667
0.0142833
0.0232833
0.0147267
0.01541
0.00227
0.00753667
0.0147633
0.02179
8e-05
0.00069
0.00340667
0.0116233
0
0
0
0.000133333
0
0
0
0
0
0
0
0
0
0
0
0
0
0
0
0
0
0
0
0
0
0
0
0
0
0
0
0
0
0.00515
0.00206333
0.00116333
0.0226433
0.0254567
0.07035
0.0683667
0.247003
0.204173
0
0
0
0
0
0
0
0
0
0.000356667
0.000356667
0
0
0.00423
0.000356667
0
0
0.00387333
0.00411333
0
0
0.00101333
0.000623333
0.00087
0.000576667
0.0100633
0.00607667
0.00642333
0.00462333
0.0365267
0.0200233
0.0163633
0.04595
0.0157167
0.02284
0.0287333
0.0394367
0.0170867
0.0191433
0.00562333
0.0154967
0.00986
0.0054
0.00178667
0.00242667
0.00172
0.00409667
0.00115667
0.00049
0.00875333
0.00854333
0.00049
0.01244
0.0162933
0.0181533
0.0109
0.0232533
0.02447
0.02649
0.00943
0.00765667
0.0190667
0.0107233
0.0301833
0.00160333
0.00626667
0.00635
0.0142433
0.000566667
0.00019
0.00131
0
5.66667e-05
0
0
0
0
0
0
0
0
0
0
0
0
0
0
0
0
0
0
0
0.00555
0.000173333
0.000173333
0
0.00784
0.00555
0.000173333
0.000173333
0.00246333
0.00246333
0
0
0
0
0
0
0
0
0
0
0.000136667
0.000136667
0.000436667
0.0003
0.000436667
0.000573333
0.00327
0.00313333
0.00175333
0.00219
0.00488667
0.00224333
0.00909333
0.00618333
0.0129667
0.00738333
0.01923
0.0411133
0.01755
0.0472
0.0256967
0.05925
0.05963
0.0726333
0.09304
0.0709967
0.05157
0.08304
0.07284
0.0847633
0.0578733
0.03799
0.03952
0.0236833
0.0102433
0.00956
0.00549333
0.0148333
0.0154
0.0210567
0.01164
0.00672333
0.000233333
0
0
0
0
0
0
0
0
0
0
0
0
0
0
0
0
0
0.000126667
0.000126667
0.00102333
0.000896667
0.000896667
0
0
0
0
0
0
0
0
0
0
0
0
0
0.00995
0.04515
0.207493
0.198767
0.16274
0.33118
0.34679
0.215407
0.31998
0.16436
0.156837
0.09434
0.0871767
0.0173367
0.00639
0.00450667
0.00092
0.000533333
0
0
0
0
0
0
0
0
0
0
0
0
0
6.33333e-05
6.33333e-05
0.0041
0.00403667
0.00677667
0.00395667
0.0136067
0.01465
0.0242833
0.0148667
0.0116933
0.000843333
0.00061
0
0
0
0
0
0
0
0
0.000556667
0.00081
0.00570333
0.00865
0.0193033
0.0198067
0.118313
0.0289033
0.0443933
0.0279867
0.0196533
0.0538433
0.0411467
0.00699
0.0404067
0.0652633
0.02642
0.0175333
0.0239667
0.0320267
0.000483333
0.00105
0.04721
0.0153167
0.0181467
0.0134433
0
0
0.01235
0.00172
0.00705333
0.00147333
0
0
0.00141
0
0.00409
0.00054
0
0
0
0
0
0
0
0
0
0
0
0
0
0
0
0
0
0
0
0
0
0
0
0
0
0
0
0
0
0
0
0
0
0
0
0
0.00603
0.00534667
0.000166667
0.00460667
0.00991333
0.0133867
0.00648
0.0168933
0.00362
0.01081
0.0131367
0.01661
0.000246667
0.00182667
0.00620333
0.00613
0
8e-05
0.000783333
0.00061
0
0
0
0
0
0
0
0
0
0
0
0
0
0
0
0
0
0
0
0
0
0
0
0
0
0
0
0
0
0
0
0
0
0
0.01372
0.00515
0.0312133
0.00796333
0.113787
0.144767
0.138313
0.318397
0.388783
0.382067
0.501903
0
0
0
0
0
0
0
0
0
0
0
0
0
0
0
0
0
0
0
0
0
0
0.000383333
0.000393333
0.000293333
0.00887
0.00356667
0.00277
0.00279667
0.0208033
0.0136367
0.00576667
0.0334233
0.02478
0.00855667
0.0341767
0.02526
0.00675333
0.00743
0.0165367
0.00502667
0.000623333
0.0055
0.00692
0.00044
0.0134567
0.0109567
0.000863333
0.0250167
0.0232033
0.0113933
0.0117667
0.02908
0.0185267
0.01802
0.0419067
0.0151267
0.0480633
0.0706
0.05474
0.0147567
0.000603333
0.00678667
0.00017
0.00017
0
0.0220433
0.00049
0.0261967
0.000556667
0.0399467
0.00538667
0.05667
0.0315667
0.00908667
0.09616
0.12925
0.0815
0.0964967
0.0933233
0.0625767
0.05238
0.02919
0.0176433
0.0114533
0.07374
0.150917
0.16189
0.176817
0.17675
0.142257
0.202857
0.137777
0.1067
0.169473
0.03801
0.0331733
0.01394
0.0134533
0.00271
0.00290667
0.00049
0.000386667
0
0.000863333
0.00411
0.00869667
0.02088
0.02854
0.11875
0.0541867
0.01185
0.0147433
0.0424967
0.04587
0.03533
0.0410533
0.00752
0.0761433
0.0334767
0.02185
0.0250033
0.0125
0.00445333
0.000363333
0.000763333
0.00054
0
0
0
0
0
0
0
0
0
0
0
0
0
0
0
0
0
0
0
0
0
0
0
0
0
0
0
0
0
0
0
0
0
0
0
0
0
0
0.00115333
0.00115333
0.00443
0.000473333
0.00442667
0.00333667
0.0179967
0.00817
0.00661
0.00432
0.02583
0.0213533
0.00425667
0.000983333
0.00876
0.01594
0
0
0.000133333
0.000543333
0
0
0
0
0
0
0
0
0
0
0
0
0
0
0
0
0
0
0
0
0
0
0
0
0
0
0
0
0.0009
0.0019
0.00199
0.000826667
0.0287933
0.18518
0.0736867
0.0794633
0.0728367
0.301777
0.422733
0.64907
0
0
0
0
0
0
0
0
0
0
0
0
0
0
0
0
0
0
0
0
0
0
0
0.0002
0.0001
0
0.00318333
0.00042
0.00052
0.00902333
0.00387333
0.00339
0.0173
0.00871
0.00307
0.0170267
0.000846667
0.00364333
0.00356333
0.00399667
0.00494333
0.00886333
0.0186567
0.00044
0.00112333
0.0299167
0.02666
0.04279
0.0436467
0.0459267
0.0570433
0.04429
0.06944
0.0494033
0.0307933
0.111417
0.03547
0.01656
0.0955567
0.0149633
0.0170367
0.0715133
0.00371333
0.00453333
0.00679
0.00142333
5.66667e-05
0.00118
0
0
0
0
0
0
0
0
0
0
0
0
0
0
0
0
0.00061
0
0
0.00598667
0.0173167
0
0
0.01917
0.0176467
0
0
0.00631667
0.00385333
0
0
0
0
0
0
0
0
0
0
0
0
0.000973333
0.000673333
0
0
0.00817667
0.00615333
0
0
0.02547
0
0.05148
0.0011
0.0774733
0.07704
0.00473
0.110447
0.130027
0.130647
0.113087
0.09844
0.06131
0.03892
0.0184433
0.00875667
0.00740667
0.00551
0.0143067
0.0108
0.0169833
0.00733333
0.00649
0
0
0
0
0
0
0
0
0
0
0
0
0
0
0
0
0
0
0
0
0
0
0
0
0
0
0
0
0
0
0
0
0
0
0.00157667
0.0115267
0.01846
0.0454733
0.04617
0.08541
0.0705933
0.142413
0.0864733
0.0769233
0.0264733
0.108023
0.11056
0.00276667
0.00212
0.00019
0.000293333
0.000103333
0.000103333
0
0
0
0
0
0
0
0
0
0
0
0
0
0
0
0
0
0
0
0.00121667
0.00121667
0.005
0.00378333
0.00401667
0.000233333
0.000233333
0
0
0
0
0
0
0
0
0
0.000306667
0.00076
0.00400667
0.00472
0.0170067
0.04983
0.0308
0.00414333
0.02088
0.0174733
0.0360567
0.04672
0.02718
0.0323433
0.00158
0.0101833
0.0755167
0.04865
0.0461433
0.06424
0.05602
0.0370967
0.0101833
0.0154967
0.0547733
0.07275
0.06007
0.0506967
0.00579667
0.00687
0.0136767
0.0242067
0.0272433
0.0169933
0.00107333
0.00107333
0.00141
0.00304667
0.00965667
0.00579
0
0
0
0
0
0
0
0
0
0
0
0
0
0
0
0
0
0
0
0
0
0
0
0
0
0
0
0
0
0
0
0
0
0
0
0
0.000683333
0.000783333
0.000166667
0
0.00265667
0.00197333
0.00204
0.000166667
0.00204
0.000166667
0.00255667
0.00187333
0.000166667
0
0.000856667
0.000683333
0
0
0.000173333
0.000173333
0
0
0
0
0
0
0
0
0
0
0
0
0
0
0
0
0
0
0
0
0
0
0
0
0
0
0
0
0
0
0
0
0
0.00857
0.0114733
0.00520667
0.0260367
0.10036
0.140287
0.133397
0.381423
0.384203
0.377487
0.484657
0.631823
0
0
0
0
0
0
0
0
0
0
0
0
0
0
0
0
0
0
0
0
0
0
0
0
0
0.0001
0.0001
0
0
0.0001
0
0.00102
0.00033
0.00389
0
0
0.00793667
0.00339
0.000273333
0.00051
0.00513667
0.00340333
0.00588333
0.00494667
7e-05
0.0188667
0.01611
0.00075
0
0.0284833
0.0369867
0.00714
0.00676667
0.0454233
0.0544833
0.04104
0.0680733
0.06374
0.0654433
0.115243
0.118763
0.0631967
0.05991
0.13847
0.0527633
0.02486
0.0817833
0.01262
0.02503
0.00125333
0.00112333
0
0
0
0
0
0
0
0
0
0
0
0
0
0
0
0
0.00061
0.00105
0
0
0.01238
0.0167533
0
0
0.0201667
0.00902
0
0
0.00403667
0.000183333
0
0
0
0
0
0
0
0
0
0
0
0
0.000673333
0
0
0
0.00747
0.00229
0
0
0.0348533
0.0188767
0
0.000136667
0.06315
0.0481933
0.00117
0.08871
0.00825
0.0313867
0.0412233
0.16292
0.0750367
0.112573
0.126197
0.0624267
0.0465967
0.0134033
0.00770333
0.00116
0.0237167
0.0305567
0.03047
0.09648
0.05086
0.0699633
0.0168167
0.01428
0.0440567
0.00339667
0.00105
0.000836667
0
0
0
0
0
0
0
0
0
0.000453333
0.00147333
0.000453333
0.00217
0.00840667
0.02249
0.00304667
0.000256667
0.01159
0.00625333
0.0108867
0.01667
0.00638667
0.0244667
0.02815
0.0419467
0.0340367
0.0239567
0.0420633
0.02188
0.0156967
0.0443033
0.03994
0.0705767
0.0648067
0.0441033
0.0463433
0.05911
0.01881
0.01465
0.0347567
0.00107333
0.00271
0.00596667
0
0
0.00054
0
0
0
0
0
0
0
0
0
0
0
0
0
0
0
0
0
0
0
0
0
0
0
0
0
0
0
0
0
0
0
0
0
0.0001
0.0001
0
0
0.0001
0
0
0.000473333
0
0
0.000536667
0.00427667
0
0
0.00478667
0.0120367
0
0
0.00829667
0.00772333
0
0
0.00041
0.00041
0
0
0
0
0
0
0
0
0
0
0
0
0
0
0
0
0
0
0
0
0
0
0
0
0
0
0
0
0.00290333
0.00811
0.001
0.00182667
0.02894
0.21633
0.148273
0.06355
0
0
0
0
0
0
0
0
0.000556667
0.000556667
0.000556667
0
0
0
0
0
0
0
0
0
0
0
0
0
0
0
0
0
0
0.00033
0
0
0
0
0.00052
0.000236667
0.00076
0.00365333
0.00026
0.00889
0.00662333
0.00018
0.01379
0.0256733
0.0165033
0.0106667
0.0357467
0.0469933
0.04391
0.0479
0.0555867
0.134023
0.0442333
0.05014
0.164493
0.13471
0.0399767
0.0458867
0.101
0.03482
0.0359533
0.0923733
0.01011
0.0196567
0.01999
0.00185333
0.00136
0.00485333
0.0812167
0.00830333
0.0180667
0.11552
0.15538
0.02785
0.0341733
0.142717
0.168073
0.05649
0.029
0.0749433
0.12394
0.0477467
0.0141567
0.00730667
0.000456667
0.000306667
0.00115
0.000843333
0.000843333
0
0
0
0
0
0
0
0
0
0
0
0
0
0
0
0
0
0
0
0
0
0
0
0
0
0
0
0
0
0
0
0
0
0
0.00061
0.00218667
0.0118367
0.01816
0.0264933
0.02298
0.0202333
0.0110267
0.0174
0.0486067
0.0126667
0.03849
0.0058
0.00593333
0.0309833
0.00035
0.00035
0.000256667
0.000256667
0.00533667
0.00559333
0.000213333
0.00555
0.000213333
0
0
0
0
0
0
0
0
0
0
0
0
0
0
0
0
0
0
0
0
0
0
0
0
0
0
0
0
0
0
0
0
0
0
0
0
0
0
0
0
0.00115
0
0.0085
0.00965
0.00724
0.0155367
0.0008
0.00763333
0.00365
0.00466
0.00431333
0.000306667
0.00234667
0.00204
0.00204
0
0
0
0
0.00511667
0.00111
0.00456333
0
0
0
0.000553333
0
0
0
0
0
0
0
0
0
0
0
0
0
0
0
0
0
0
0
0
0
0
0.00019
0
0
0.00019
0.000523333
0.00104667
0
0.00019
0.00149
0.00167333
0.00018
0.000433333
0.0018
0.00915
0.01092
0.00930667
0.02402
0.04606
0.0189067
0.0199767
0.03261
0.0854833
0.0662433
0.0197367
0.0236733
0.03907
0.085
0.0113367
0.0248933
0.0129033
0.02285
0.0124967
0.03837
0.05059
0.0268667
0.0140567
0.0144633
0.0251233
0.0143967
0.00637667
0.00723333
0.000836667
0.000236667
0.000236667
0
0
0
0
0
0
0
0
0
0
0
0
0
0
0
0
0.00044
0.00044
0
0
0.00542333
0.00628
0.00129667
0.00129667
0.00646333
0.00148
0.00129667
0
0.000183333
0
0
0
0
0
0
0
0
0
0
0
0
0
0
0
0
0
0
0.00161667
0
0.00312333
0.00474
0.01682
0.00326
0.00548667
0.01743
0.0328267
0.00604667
0.02443
0.0417467
0.0340233
0.04277
0.06506
0.09834
0.0365567
0.04025
0.0639833
0.0451133
0.0997633
0.0654067
0.107837
0.0179067
0.0193867
0.0670167
0.0529
0.0196833
0.00813667
0.00128667
0.000456667
0
0
0
0
0
0
0
0
0
0
0
0
0
0
0
0
0
0
0
0
0
0
0
0
0
0
0
0
0
0
0
0
0
0
0
0
0
0.00061
0.000916667
0.0105667
0.01487
0.0244733
0.01898
0.0182533
0.00895
0.00549667
0.00131
0.0114233
0.00821333
0.00140333
0.00210667
0.000216667
0
0
0
0
0
0
0
0
0
0
0
0
0
0
0
0
0
0
0
0
0
0
0
0
0
0
0
0
0
0
0
0
0
0
0
0
0
0
0
0
0
0
0
0
0
0
0
0
0
0
0
0
0
0
0
0.000203333
0.000406667
0.0147633
0.0145167
0.0156167
0.00745333
0.00804667
0.00294
0.00157
0.00067
0.00067
0
0
0
0.000553333
0
0
0
0
0
0
0
0
0
0
0
0
0
0
0
0
0
0
0
0
0
0
0
0
0
0
0.000523333
0
0
0.000863333
0.000253333
0.00034
0.00117333
0.00112333
0.00190667
0.0165867
0.00161667
0.00497333
0.0245
0.0170067
0.0046
0.00673
0.01282
0.00416333
0.00989333
0.00543333
0.00514333
0.00670333
0.00969
0.02629
0.00803667
0.0426033
0.0223567
0.03614
0.0160667
0.0137267
0.00172333
0.00083
0
0
0.00271667
0.00271333
0.000343333
0.00160667
0.000203333
0
0
0
0
0
0
0
0
0
0
0
0
0
0
0
0
0
0
0
0.000203333
0.0215667
0.0348467
0.0291433
0.0229833
0.01005
0.00817667
0.00480333
0.00390333
0.00067
0
0.01512
0.00375667
0.00431
0
0
0
0
0
0
0
0
0
0
0
0
0
0
0
0
0
0
0
0
0
0
0
0
0
0
0
0
0
0
0.00068
0
0.00029
0.00884667
0.00926667
0.00029
0.000833333
0.000543333
0.000953333
0.00549333
0.00041
0.00149
0.00108
0.00119333
0.000953333
0.00493333
0.000933333
0.00078
0.00395
0.00337667
0.00421
0.00104
0.000893333
0
0
0
0
0
0
0
0
0
0
0
0
0
0
0
0
0
0
0
0
0
0
0
0
0
0
0
0
0
0
0
0
0.00061
0.00061
0.00265667
0.00204667
0.00204667
0
0
0
0
0.000306667
0.000306667
0.00522
0.00491333
0.00907
0.00415667
0.00476333
0.000606667
0.000606667
0
0.00034
0
0
0.000126667
0.000126667
0
0
0
0
0
0
0
0
0
0
0
0
0
0
0
0
0
0
0
0
0
0
0
0
0
0
0
0
0
0
0
0
0
0
0
0
0
0
0
0
0
0
0
0
0
0
0
0
0.0384767
0.039
0.02921
0.01861
0.01051
0.0102367
0.00700333
0.00437333
0.000603333
0.018
0.0280767
0
0
0.00375667
0.00719
0
0
0
0
0
0
0
0
0
0
0
0
0
0
0
0
0
0
0
0
0
0
0
0
0
0
0
0
0
0
0
0
0
0
0
0
0.000426667
0.000426667
0
0.0011
0.000426667
0
0.000673333
0
0.00151333
0.00084
0
0
0
0.00084
6e-05
6e-05
0.000206667
0.000146667
0.000146667
0
0
0
0
0
0
0
0
0
0
0
0
0
0
0
0
0
0
0
0
0
0
0
0
0
0
0
0
0
0
0
0.00061
0.00122
0.01207
0.0135067
0.01668
0.00583
0.00378333
0
0
0
0
0
0
0
0
0
0
0
0
0
0
0
0
0
0
0
0
0
0
0
0
0
0
0
0
0
0
0
0
0
0
0
0
0
0
0
0
0
0
0
0
0
0
0
0
0
0
0
0
0
0
0
0
0
0
0
0
0
0
0
0
0
0
0
0
0
0.0315233
0.0291333
0.02601
0.0184467
0.0107733
0.00875
0.00558333
0.00181333
0.000603333
0
0.00986
0.0236233
0
0
0.00350333
0
0
7e-05
7e-05
0
0
0
0
0
0
0
0
0
0
0
0
0
0
0
0
0
0
0
0
0
0
0
0
0
0
0
0
0
0
0
0
0
0
0
0
0
0
0
0
0
0
0
0
0
0
0
0
0
0
0
0
0
0
0
0
0
0
0
0.0165233
0.0227367
0.0205333
0.0193667
0.00853
0.00558667
0.00181667
0.00121
0
0
0
0.0116567
0
0
0
7e-05
0
0
0
0
0
0
0
0
0
0
0
0
0
0
0
0
0
0
0
0
0
0
0
0
0
0
0
0
0
0
0
0
0
0
0
0
0
0
0
0
0
0
0
0
0
0
0
0
0
0
0
0
0
0
0
0
0
0
0
0
0
0
0
0
0
0
0
0
0
0
0
0
0
0
0
0
0
0
0
0
0.00061
0.00145333
0.0123033
0.0166067
0.0195467
0.00930667
0.00439333
0.00061
0
0
0
0
0
0
0
0
0
0
0
0
0
0
0
0
0
0
0
0
0
0
0
0
0
0
0
0
0
0
0
0
0
0
0
0
0
0
0
0
0
0
0
0
0
0
0
0
0
0
0
0
0
0
0
0
0
0
0
0
0
0
0
0
0
0
0
0
0
0
0
0
0.01048
0.00548
0.00932
0.00499
0.00536667
0.00121333
0.000606667
0
0
0
0
0.0053
0.00554333
7e-05
0
0
0
0
0
0
0
0
0
0
0
0
0
0
0
0
0
0
0
0
0
0
0
0
0
0
0
0
0
0
0
0
0
0
0
0
0
0
0
0
0
0
0
0
0
0
0
0
0
0
0
0
0
0
0
0
0
0
0
0
0
0
0
0
0
0
0
0
0
0
0
0
0
0
0
0
0
0
0
0
0
0
0
0.000843333
0.000916667
0.00583
0.00559667
0.00613333
0.00122
0.00061
0
0
0
0
0
0
0
0
0
0
0
0
0
0
0
0
0
0
0
0
0
0
0
0
0
0
0
0
0
0
0
0
0
0
0
0
0
0
0
0
0
0
0
0
0
0
0
0
0
0
0
0
0
0
0
0
0
0
0
0
0
0
0
0
0
0
0
0
0
0
0
0
0
0
0
0
0.000543333
0.00023
0.000836667
0
0
0.000313333
0.000313333
0
0
0
0
0
0
0
0
0
0
0
0
0
0
0
0
0
0
0
0
0
0
0
0
0
0
0
0
0
0
0
0
0
0
0
0
0
0
0
0
0
0
0
0
0
0
0
0
0
0
0
0
0
0.000606667
0.000606667
0.000606667
0
0
0
0
0
0
0
0
0
0
0
0
0
0
0
0
0
0
0
0
0
0
0
0
0
0
0
0
0
0
0
0
0
0
0
0
0
0
0
0
0
0
0
0
0
0
0
0
0
0
0
0
0
0
0
0
0
0
0
0
0
0
0
0
0
0
0
0
0
0
0
0
0
0
0
0
0
0
0
0
0
0
0
0
0
0
0
0
0
0
0
0
7.33333e-05
7.33333e-05
0.000683333
0.00061
0.00061
0
0
0
0
0
0
0
0
0
0
0
0
0
0
0
0
0
0
0
0
0
0
0
0
0
0
0
0
0
0
0
0
0
0
0
0
0
0
0
0
0
0
0
0
0
0
0
0
0
0
0
0
0
0
0
0
0
0
0
0
0
0
0
0
0
0
0
0
0
0
0
0
0
0
0
0
0
0
0
0
0
0
0
0
0
0
0
0
0
0
0
0
0
0
0
0
0
0
0
0
0
0
0
0
0
0
0
0
0
0
0
0
0
0
0
0
0
0
0
0
0
0
0
0
0
0
0
0
0
0
0
0
0
0
0
0
0
0
0
0
0
0
0
0
0
0.00052
0
0
0
0.00052
0
0
0
0
0
0
0
0
0
0
0
0
0
0
0
0
0
0
0
0
0
0
0
0
0
0
0
0
0
0
0
0
0
0
0
0
0
0
0
0
0
0
0
0
0
0
0
0
0
0
0
0
0
0
0
0
0
0
0
0
0
0
0
0
0
0
0
0
0
0
0
7.33333e-05
7.33333e-05
7.33333e-05
0
0
0
0
0
0
0
0
0
0
0
0
0
0
0
0
0
0
0
0
0
0
0
0
0
0
0
0
0
0
0
0
0
0
0
0
0
0
0
0
0
0
0
0
0
0
0
0
0
0
0
0
0
0
0
0
0
0
0
0
0
0
0
0
0
0
0
0
0
0
0
0
0
0
0
0
0
0
0
0
0
0
0
0
0
0
0
0
0
0
0
0
0
0
0
0
0.00221
0.00221
0.00949333
0.00728333
0
0.00780333
0
0
0.00052
0
0
0
0
0
7e-05
7e-05
0
0
0.000263333
0.000333333
0
0
0.000616667
0.00088
0
0.000423333
0.00104
0
0
0.000423333
0
0
0
0
0
0
0
0
0
0.000216667
0
0.000216667
0
0
0.000576667
0.000396667
0
0
0
0
0
0.00018
0.00018
0
0
0
0
0
0
0
0
0
0
0
0
0
0
0
0
0
0
0
0
0
0.00415667
0.00415667
0.00620333
0.00212
0.00235333
0.000306667
0.000233333
0
0.000843333
0.000843333
0.000916667
7.33333e-05
7.33333e-05
0
0
0
0
0
0
0
0
0
0
0
0
0
0
0
0
0
0
0
0
0
0
0
0
0
0
0
0
0
0
0
0
0
0
0
0
0
0
0
0
0
0
0
0
0
0
0
0
0
0
0
0
0
0
0
0
0
0
0
0
0
0
0
0
0
0
0
0
0
0
0
0
0
0
0
0
0
0
0
0
0
0
0
0
0.00112333
0.00333333
0.01576
0.02192
0.0409533
0
0
0.0374167
0.0166933
0
0
0.0150067
0
0.00052
0.00611667
0
0
0
0
0
0
0.000356667
0.000286667
0
0
0.00261
0.00258667
0
8.66667e-05
0.00604
0.00767667
8.66667e-05
8.66667e-05
0.0062
0
0
0.000163333
0.000423333
0.000163333
0
0
0
0
0
0
0.00061
0
0.000826667
0
0
0.000613333
0.00213667
0
0.0021
0.00262667
9.66667e-05
9.66667e-05
0.00110333
0
0
0
0
0
0
0
0.00111667
0.00224
0.0101633
0.0214733
0.0415933
0.0549133
0.0619533
0
0
0.0404067
0.0496
0
0
0.01895
0.0265367
0
0
0.0057
0.00700333
0
0
0
0.000103333
0
0
0.00113667
0.00085
0
0.000163333
0.00844333
0.00704
0.00025
0.00174333
0.0231
0.0223567
0.00158
0.00462333
0.0196933
0.0342133
0.00329333
0.0179867
0.00408
0.00387667
0.00035
0.000626667
0.00135333
0.000186667
0
0.00133667
0
0
0
0
0.01158
0.000383333
0.000383333
0.0124933
0.00092
0.000536667
0.000633333
0.00488333
0.00571
0.00798333
0.01325
0.00526667
0.00544333
0.000176667
0.00025
7.33333e-05
7.33333e-05
0
0
0
0
0
0
0
0
0
0.00061
0.00061
0.00439333
0.00794
0.01879
0.0170533
0.0170533
0.00643667
0.005
0.000843333
0.00476667
0.005
0.01526
0.0111767
0.0150333
0.00477333
0.00500667
0.000306667
0.000306667
0
0
0
0
0
0
0
0
0
0
0
0
0
0
0
0
0
0
0
8.33333e-05
0.000693333
8.33333e-05
0.0008
0.00878333
0.0008
0
7.33333e-05
7.33333e-05
0.000306667
0.000233333
0.000233333
0
0
0
0
0
0
0
0
0
0
0
0.000233333
0.000233333
0.00228
0.00204667
0.00620333
0.00415667
0.00430667
0.00015
0.0016
0.00145
0.00213333
0.000683333
0.00129333
0.00061
0.00061
0
0
0
0
0
0
0
0
0
0
0
0
0
0
0
0
0
0
0
0
0
0
0.00148
0.00184333
0.00148
0.00205
0.00961
0.01273
0.0334033
0.0449467
0.0601767
0.0500967
0.0286567
0.04268
0
0.0187967
0
0.0027
0
0
0.00025
0.00154333
0
7.66667e-05
0.00228667
0.00158333
0.00024
0.00282667
0.0187733
0.0143067
0.00424333
0.0108767
0.04267
0.0397467
0.01142
0.0231333
0.0530767
0.06079
0.0165
0.0262033
0.0467733
0.01272
0.01052
0.00260667
0.000186667
0
0
0.01152
0
0.0215467
0.033
0.000536667
0.02434
0.00271
0.00309333
0.00969667
0.0208367
0.00727333
0.00519667
0.00887667
0.0138433
0.0144133
0.0215667
0.01296
0.0368167
0.0418667
0.0184767
0.0195433
0.00658333
0.00663333
0.0003
0.000226667
0
0
0
0
0
0
0
0
0.00061
0.00061
0.00439333
0.00583
0.01668
0.01668
0.01879
0.00855
0.00537667
0.00206333
0.00561
0.0158667
0.0252833
0.0387467
0.03258
0.0384267
0.0211133
0.0203433
0.00423667
0.00454
0.00061
0.000916667
0.000306667
0.000306667
0
0
0
0
0
0
0
0
0
0
0
0
0
0
8.33333e-05
0.00587
0.02702
0.0497867
0.00061
0.00109
0.02066
0.00242333
0.00185667
0.000306667
0.00235333
0.00235333
0.00643667
0.00439
0.00415667
0
0
0
0
0
0
0
0
0
0.00061
0.000843333
0.00462667
0.00606333
0.01699
0.0173633
0.0178333
0.00682333
0.0153833
0.0143167
0.0282367
0.0162033
0.0202767
0.00681667
0.01029
0.00476667
0.00415667
0
0
0
0
0
0
0
0
0
7.33333e-05
7.33333e-05
0.00122333
0.00115
0.00176
0.00061
0.00061
0
0
0
0.00048
0.00048
0.00659667
0.00787
0.00311667
0.00208667
0.00138333
0.00618333
0.02508
0.0315667
0.0413533
0.00568667
0.02733
0.0261
0.00057
0.01378
0.02241
0.00963
0.00300667
7.66667e-05
0.00675667
0.00688667
0.00266333
0.00938333
0.0305633
0.0237167
0.01618
0.0592833
0.0545667
0.03592
0.0709833
0.0724
0.03741
0.0216567
0.0434733
0.05997
0.00863667
0.0207033
0.00496667
0
0.02117
0.0138967
0
0
0.0302467
0.000153333
0.0126867
0.0235133
0.02588
0.0233867
0.01759
0.0196333
0.0243367
0.0298167
0.0264767
0.00375333
0.02556
0.00893
0.00626667
0.0159367
0.0274333
0.0183367
0.0176333
0.0271133
0.0118767
0.01508
0.0158733
0.01979
0.0103767
0.0193533
0.0258767
0.0305167
0.000843333
0.00553333
0.000273333
0.0144033
0.0230433
0
0.01406
0.00893667
0
0
0.0151933
0.0164367
0.00679667
0.0117933
0.04349
0.0348367
0.0296967
0.0278967
0.07245
0.06822
0.0388167
0.07279
0.0775567
0.0395067
0.03169
0.0442733
0.0556767
0.0162533
0.00895333
0.0129233
0.0199967
0.000666667
0.00048
0.00229667
0
0.00335333
0.00442333
0
0.01117
0.00883
0
0
0.02363
0.0122133
0.000136667
0.00029
0.0221967
0.0137
0.00277667
0.013
0.01983
0.0182167
0.02444
0.0328067
0.0276333
0.0202567
0.01139
0.0167933
0.01753
0.02524
0.05545
0.0420033
0.0294867
0.0228967
0.0130033
0.00726333
0.00082
0.000593333
0
0
0
0
0
0
0
0
0
0
0.00204667
0.00204667
0.00583
0.00378333
0.00439333
0.00061
0.00145333
0.00152667
0.0123933
0.02268
0.0396167
0.06867
0.0736467
0.0861567
0.0501667
0.03818
0.00866
0.00980333
0.00599
0.01234
0.00726667
0.00696
0
0
0
0
0
0
0
0
0
0
0
0.00134667
0.00134667
0.0174733
0.0197967
0.0629133
0.0635
0.0659467
0.06656
0.02237
0.0226733
0.0516867
0.0291667
0.0165333
0.00746
0.0112133
0.00765667
0.0170733
0.0158533
0.01465
0.005
0.000843333
0
0
0
0
0
0
0
0
0.00061
0.00122
0.00500333
0.0119567
0.0225067
0.03248
0.0274333
0.0570967
0.0560567
0.0983567
0.0716033
0.0747367
0.0354433
0.0316333
0.01994
0.0150267
0.00476667
0.00061
0
0
0
0
0
0
0
0.000233333
0.000306667
0.00726667
0.00818333
0.0130467
0.00669667
0.0104833
0.00554667
0.0158733
0.0109367
0.0164167
0.00596
0.0409433
0.0189967
0.01436
0.01316
0.02902
0.0210333
0.0177267
0.0283933
0.02493
0.00523667
0.0197467
0.000546667
0.0258967
0.0262167
0.0203833
0.02238
0.000406667
0.0195767
0.0152033
0.00540333
0.0553367
0.0388333
0.0215067
0.0762
0.07197
0.0668233
0.0696967
0.0261467
0.0344833
0.0408633
0.0106533
0.00857667
0.00948
0.0125633
0.00109
0.00061
0.00104333
0.00115333
0
0.000366667
0.000183333
0.00083
0
0.000273333
0.00778
0.00468
0.00423667
0.00188667
0.00628
0.00898667
0.00618333
0.01626
0.0177933
0.0208
0.00957
0.00753667
0.00311333
0.00770333
0.0340267
0.01932
0.0207067
0.01179
0.00824
0.00179667
0.000593333
0
0
0
0
0
0
0
0
0
0
0
0
0
0
0
0
0
0.000683333
0.00220667
0.0133367
0.0465467
0.0849433
0.118083
0.11432
0.08721
0.04706
0.0290267
0.02129
0.03853
0.0333933
0.03415
0.01279
0.00583
0
0
0
0
0
0
0
0
0
0.00134667
0.00269333
0.0115033
0.0262833
0.0541467
0.0884533
0.0871767
0.0559767
0.03689
0.0457767
0.0487133
0.0450367
0.0315067
0.0255233
0.0233167
0.01808
0.01739
0.01994
0.01487
0.0108
0.00115
0.000843333
0
0
0
0
0
0
0
0
0
0.00061
0.00243667
0.01
0.0211567
0.0330867
0.0589833
0.08804
0.11806
0.129417
0.0983067
0.07038
0.03071
0.0312567
0.01564
0.0111033
0.000843333
0.00061
0
0
0
0
0
0
0.00061
0.000843333
0.0158533
0.0222033
0.0378133
0.02774
0.0360133
0.0251067
0.0405267
0.03623
0.0548767
0.04
0.0441933
0.03934
0.0272433
0.01974
0.0117033
0.00976
0.00561
0.0123167
0.0104433
0.0156967
0.0153933
0.00061
0.000946667
0.0190267
0.000336667
0.00784667
0.01671
0.000406667
0.000406667
0.00981
0.04779
0.02314
0.02221
0.00610667
0.0671833
0.0595067
0.02436
0.0457833
0.0475
0.01942
0.0214667
0.00316667
0.00431
0.00478667
0.00061
0
0.000293333
0.000366667
0
0
0
0
0
0
0.000646667
0.000136667
0.000136667
0.00111333
0.000466667
0.00175
0.00379333
0.00123
0.000763333
0.00447667
0.000456667
0.00112667
0.00943333
0.00498667
0.00595667
0.00181333
0.00120333
0
0
0
0
0
0
0
0
0
0
0
0
0
0
0
0
0
0
0
0.00152333
0.00274667
0.03664
0.0429267
0.0859733
0.06796
0.07296
0.0373433
0.03356
0.0412
0.0539067
0.05707
0.04245
0.0223067
0.00704667
0.00121667
0
0
0
0
0
0
0
0
0.00134667
0.00134667
0.0101567
0.0144167
0.0436267
0.05246
0.08997
0.10038
0.110083
0.0202633
0.00751333
0.0676433
0.02107
0.0304333
0.0242967
0.0290467
0.02711
0.0273633
0.0182
0.0134633
0.00643667
0.00529333
0.00038
0.000306667
0
0
0
0
0
0
0
0
0
0
0
0.00182667
0.00304333
0.01481
0.0189167
0.05116
0.0597267
0.09757
0.0787833
0.0681633
0.0273633
0.0178367
0.00819667
0.00545333
0.000306667
0.000233333
0
0
0
0
0
0
0
0.00061
0.00182667
0.0168367
0.0220567
0.0366833
0.02659
0.0359933
0.03376
0.0492
0.05755
0.0300833
0.0193067
0.00840333
0.00345333
0.00226
0.0176233
0.00284
0.00735667
0.00137667
0.000673333
0.000336667
0.00314667
0.0094
0.000336667
0
0.00391
0
0.0294533
0.00577333
0.0441567
0.0387533
0.00833
0.0265833
0.0309167
0.00263
0.00767
0.01107
0.00255667
0
0.000843333
0.00168
0
0
7.33333e-05
7.33333e-05
0
0
0
0
0
0
0
0
0
0.00218
0
0.00223667
0.00625667
0.00407667
0.00402
0.00411333
9.33333e-05
9.33333e-05
0.0702633
0.05375
0.0799667
0.06448
0.0507433
0.0164367
0.0151733
0.01603
0.00985333
0.0105067
0.0137233
0.00752
0.000376667
0.000793333
0
0.000403333
0.000143333
0
0
0
0
0.00139667
0
0.0147867
0.0122733
7.33333e-05
7.33333e-05
0.0190533
0.02584
0.0167567
0.01643
7.33333e-05
0
0.00638333
0.00535667
0
0.00118667
0.00091
0
0
0
0
0
0
0
0
0
0
0
0
0
0
0
0
0
0
0
0
0
0
5.66667e-05
5.66667e-05
5.66667e-05
0
0
0
0
0.000843333
0.00061
0.00061
0
0
0
0
0
0
0
0
0
0
0
0
0
0
0
0
0
0
0
0
0
0.00122333
0.00129667
0.00910667
0.00811667
0.0239233
0.01642
0.02484
0.01418
0.0343233
0.02757
0.03761
0.01777
0.0170867
0.00182667
0.00121667
0
0
0
0
0
0
0
0
0
0
0
0.00560667
0.00573667
0.02338
0.0188633
0.0317333
0.0348333
0.00245667
0.000233333
0.0543
0.00222333
0.00808667
0.00586333
0.01271
0.00769
0.01734
0.0105667
0.0111733
0.00152333
0.00152333
7.33333e-05
7.33333e-05
0
0
0
0
0
0
0
0
0
0
0
0
0
0.00121667
0.00121667
0.00715
0.00715
0.0274833
0.0316667
0.0451233
0.0298533
0.0227133
0.00804
0.00305
7.33333e-05
7.33333e-05
0
0
0
0
0
0
0
0
0
0.00121667
0.00121667
0.00704667
0.00583
0.0107467
0.00491667
0.0185267
0.02716
0.00361667
0.00344667
0.00882667
0.0185333
0.0227767
0.02026
0.00973
0.00507667
0.00250333
0.00364
0.00237667
0.000673333
0.00109
0
0.000116667
0
0
0
0
0
0.00023
0.000373333
0
0
0.00376667
0.00396667
0
0.00846333
0.00669333
0.00518667
0
0.00247333
0
0.000276667
0.000536667
0
0
0
0
0
0
0
0
0
0
0
0
0
0
0
0
0
0
0
0
0
0
0
0
0
0
0
0
0
0
0
0
0.0148633
0.00929667
0.0222033
0.0353833
0.02198
0.01355
0.00220667
0.00340667
0.0143533
0.0172433
0.0189067
0.00855333
0.00525333
0.00115
0.00124
0.00124
0
0.000556667
0
0
0
0
0
0
0
0
0
0
0
0.00043
0
0
0
0.00069
0
0
0
0
0.00026
0.00026
0
0
0
0
0
0
0
0
0
0
0
0
0
0
0
0
0
0
0
0
0
0
0
0
0
0
0
0
0
0
0
0
0
0
0
0
0
0
0
0
0
0
0
0
0
0
0
0
0
0
0
0
0
0
0
7.33333e-05
7.33333e-05
0.000306667
0.000233333
0.00054
0.000306667
0.00552667
0.00522
0.00712
0.0019
0.00251
0.00061
0.00061
0
0
0
0
0
0
0
0
0
0
0
0
0
0.00013
0.00013
0.00122
0.00109
0.00186333
0.000773333
0.000866667
0
0
0.00852333
0
0
0
0
0
0.000843333
0.000843333
0.000916667
7.33333e-05
7.33333e-05
0
0
0
0
0
0
0
0
0
0
0
0
0
0
0
0
0
0
0
0.00121667
0.00182667
0.0119433
0.0110333
0.0154867
0.00537
0.00506333
0
0
0
0
0
0
0
0
0
0
0
0
0
0
0
0
0
0
0
0.00244
0.00749
0.00564333
0.00178667
0.000593333
0
0
0
0
0
0
0
0
0
0
0
0
0
0
0
0
0
0.00043
0
0
0
0.00043
0.00043
0
0
0
0
0
0
0
0
0
0
0
0
0
0
0
0
0
0
0
0
0
0
0
0
0
0
0
0
0
0
0
0
0
0
9.33333e-05
9.33333e-05
0
0.00244
0.00244
0.00363333
0.00119333
0.00119333
0
0
0
0
0
0
0
0
0
0
0
0
0
0
0
0
0
0
0
0
0
0
0
0
0
0
0
0
0
0
0
0
0
0
0
0
0
0
0
0
0
0
0
0
0
0
0
0
0
0
0
0
0
0
0
0
0
0
0
0
0
0
0
0
0
0
0
0
0
0
0
0
0
0
0
0
0
0
0
0
0
0
0
0
0.00415667
0.00415667
0.00620333
0.00204667
0.00204667
0
0
0
0
0
0
0
0
0
0
0
0
0
0
0
0
0
0
0
9.33333e-05
0
0
0
0
0
0
0
0
0
0
0
0
0
0
0
0
0
0
0
0
0
0
0
0
0
0
0
0
0
0
0
0.00061
0.00061
0.000916667
0.000306667
0.000306667
0
0
0
0
0
0
0
0
0
0
0
0
0
0
0
0
0
0
0
0
0
0
0
0
0
0
0
0
0
0
0
0
0
0
0
0
0
0
0
0
0
0
0
0
0
0
0
0
0
0
0
0
0
0
0
0
0
0
0
0
0
0
0
0
0
0
0
0
0
0
0
0
0
0
0
0
0
0
0
0
0
0
0
0
0
0
0
0
0
0
0
0
0
0
0
0
0
0
0
0
0
0
0
0
0
0
0
0
0
0
0
0
0
0
0
0
0
0
0
0
0
0
0
0
0
0
0
0
0
0
0
0
0
0
0
0
0
0
0
0
0
0
0
0
0
0
0
0
0
0
0
0
0
0
0
0
0
0
0
0
0
0
0
0
0
0
0
0
0
0
0
0
0
0
0
0
0
0
0
0
0
0
0
0
0
0
0
0
0
0
0
0
0
0
0
0
0
0.00061
0.00476667
0.0156167
0.0170533
0.0170533
0.00620333
0.00415667
0
0
0
0
0
0
0
0
0
0
0
0
0
0
0
0
0
0
0
0
0
0
0
0
0
0
0
0
0
0
0
0
0
0
0
0
0
0
0
0
0
0
0
0
0
0
0
0
0
0
0
0
0
0
0
0
0
0
0
0
0
0
0
0
0
0
0
0
0
0
0
0
0
0
0
0
0
0
0
0
0
0
0
0
0
0
0
0
0
0
0
0
0
0
0
0
0
0
0
0
0
0
0
0
0
0
0
0
0
0
0
0
0
0
0
0
0
0
0
0
0
0
0
0
0
7.66667e-05
7.66667e-05
7.66667e-05
0
0
0
0
0
0
0
0
0
0
0
0
0
0
0
0
0
0
0
0
0
0
0
0
0
0
0
0
0
0
0
0
0
0.00061
0.000916667
0.0117667
0.01494
0.01879
0.00794
0.00415667
0
0
0
0
0
0
0
0
0
0
0
0
0
0
0
0
0
0
0
0
0
0
0
0
0
0
0
0
0
0
0
0
0
0
0
0
0
0
0
0
0
0
0
0
0
0
0
0
0
0
0
0
0
0
0
0
0
0
0
0
0
0
0
0
0
0
0
0
0
0
0
0
0
0
0
0
0
0
0
0
0
0
0
0
0
0
0
0
0
0
0
0
0
0
0
0
0
0
0
0
0
0
0
0
0
0
0
0
0
0
0
0
0
0
0
0
0
0
0
0
0
0.000113333
0
0.000113333
0.000353333
0
0.000126667
0.000366667
0.00018
0.00026
0.000803333
0.000386667
0.00018
0.00062
0
0.000553333
0.000553333
0
0
0
0
0
0
0
0
0
0
0
0.00064
0.00064
0.00114667
0
0
0
0.000983333
0.000506667
0.00127
0.000476667
0
0.000793333
0
0
9.66667e-05
0
0
9.66667e-05
0
0
0
0
0
0
0
7.66667e-05
7.66667e-05
0
0
0.00029
0.000366667
0
0
0.00101667
0.000726667
0
0
0.000646667
0.00137333
0
0
0.00166667
0.0022
0
0
0.00190667
0
0
0.000446667
0.000626667
0.00342333
0.00312
0.000626667
0.00347333
0.00302667
0.00699
0.00422
0.00753
0.00393
0.00647333
0.000943333
0.00149667
0.00110667
0.00152333
0.00097
0.00109667
0.000126667
0.000126667
0
0
0
0
0
0
0
0
0
0
0
0
0
0
0
0
0
0
0
0
0
0
0
0
0.000306667
0.00038
0.00416333
0.00446667
0.00439333
0.00061
0
0
0
0
0
0
0
0
0
0
0
0
0
0
0
0
0
0
0.00078
0
0
0.00039
0
0
0
0
0
0
0
0
0
0
0
0
0
0
0
0
0
0
0
0
0
0
0
0
0
0
0
0
0
0
0
0
0
0
0
0
0
0
0
0
0
0
0
0
0
0
0
0
0
0
0
0
0
0
0
0
0
0
0
7e-05
7e-05
0.00157
0.00214
0.00638333
0.00539
0.00941333
0
0
0.0102267
0.00564667
0.00635667
0
0
0.001
0
0.000303333
0.000303333
0
0
9.66667e-05
9.66667e-05
0
0
0
0
0
0
0
0
0
0.000883333
0
0
0.00117333
0
0
0.00578667
0.00586667
0
0
0.00967
0.00554667
0
0
0.00624667
0.00886667
0
0.0106433
0.01445
0
0
0.0189767
0.00159667
0.00115
0.00444333
0.0127467
0.0152367
0.0123233
0.01091
0.00866
0.00522667
0.0196433
0.01633
0.00143333
0.000463333
0
0
0
0
0
0
0.00121667
0.00121667
0.00613
0.00491333
0.00522
0.000306667
0.000306667
0
0
0
0
0
0
0
0
0
0
7.33333e-05
7.33333e-05
0.000683333
0.00061
0.00061
0
0
0
0
0
0
0
0
0
0
0
0
0
0
0
0
0
0
0.00117
0.00506333
0
0.00110333
0.00149333
0.000713333
0
0
0
0
0
0
0
0
0
0
0
0
0
0
0
0
0
0
0
0
0
0
0
0
0
0
0
0
0
0
0
0
0
0
0
0
0
0
0
0
0
0
0
0
0
0
0
0
0
0
0
0
0
0
0
7e-05
0.00869333
0.0128667
0.0222733
0.0198133
0.0206567
0
0
0
0.00979
0
0.00422667
0.00491
0.000316667
0
7.33333e-05
0.000183333
0
0
7.33333e-05
0
0
0.000936667
0
0
0.00294
0
0.00609
0.00728667
0
0
0.0119733
0
0
0.0157
0.0168133
0
0
0.0197633
0.0257133
0
0.0206033
0.01383
0.0239767
0.0207367
0.000273333
0.0361267
0.03732
0.00142333
0.00495333
0.00752667
0.0209667
0.0356267
0.0165867
0.0172
0.0239933
0.01724
0.0186533
0.00606333
0.01033
0.0116833
0.0350567
0.03992
0.04486
0.05065
0.03079
0.02045
0.00577333
0.000336667
0
0
0
0
0
0.00061
0.00182667
0.0126767
0.01698
0.0206767
0.0101333
0.00606333
0.00115
0.000843333
0
0
0
0
0
0
0
0
0
0
0
0
0
0
0
0
0
0
0
0
0
0
0
0
0
0
0
0
0
0
0
0
0
0
0.0198967
0.0157
0
0.00958333
0.00919333
0.000713333
0
0
0
0
0
0
0
0
0
0
0
0
0
0
0
0
0
0
0
0
0
0
0
0
0
0
0
0
0
0
0
0
0
0
0
0
0
0
0
0
0
0
0
0
0
0
0
0
0.000923333
0.00562333
0.0118933
0.02273
0.0225267
0.02122
0
0.0162167
0.0185967
0
0
0.00672667
0.00335333
0
0.00208333
0
0.00225333
0.00415333
0
0
0.00556667
0.00311667
0
0.00839333
0.00794667
0
0.0166933
0.01697
0
0.0267167
0.0229167
0
0
0.0262667
0.0278933
0
0
0.0319767
0.0314167
0
0.00082
0.0263033
0.0317267
0.0058
0.0265633
0.00525333
0.0468533
0.05437
0.05183
0.06938
0.0261133
0.0264533
0.0322233
0.01681
0.0123
0.0377867
0.0399867
0.00763667
0.00908333
0.00138667
0.0038
0.00426667
0.0142133
0.0049
0.00104
0.000633333
0.0109267
0.000583333
0.000316667
0.000326667
0.000326667
0
0
0
0
0
0
0
0
0
0
0
0
0
0
0
0
0
0.00101667
0
0
0
0.00707333
0.00119
0.000173333
0
0.00632333
0.00605667
0.000173333
0.000173333
0.00044
0.00044
0
0
0
0
0
0
0
0
0
0
0
0
0
0
0.000686667
0.0006
0.0006
0.0027
0.0130733
0.0340367
0.00982333
0.03136
0.0492967
0.0834867
0.0275567
0.0119933
0.0662967
0.0490933
0.0827533
0.06965
0.0462533
0.0349567
0.0320967
0.04846
0.0195933
0.00731333
0.00748667
0.00497667
0.00464
0
0
0.0607733
0.05055
0
0
0.0297867
0.00853667
0
5.66667e-05
0
0
0
0
0
0
0
0
0
0
0.000506667
0.000816667
0.00031
0.00062
0.00031
0.00031
0
0.00642333
0.0203933
0.0188933
0.02064
0.0144733
0.000363333
0.00121667
0.00208667
0.01757
0.0208733
0.00657667
0.0155367
0
0.00388333
0
0
0.00621667
0.00254667
0
0
0.0108967
0.00929667
0
0.00984667
0.0148
0.01459
0
0.0254533
0.0229033
0
0.0315933
0.0306067
0
0
0.0282033
0.0283033
0
0.000806667
0.02528
0.03002
0.00162667
0.00683667
0.0350033
0.0338567
0.01101
0.0578733
0.0232433
0.0183067
0.0696767
0.106737
0.0354267
0.0259033
0.0944967
0.11534
0.063
0.0380033
0.04534
0.0791467
0.0371433
0.01115
0.00476
0.0006
0.00054
0.00306667
0.0021
0.0135267
0.0908867
0.00619667
0.11663
0.160237
0.0385633
0.12474
0.11399
0.101323
0.0654233
0.0625267
0.06208
0.0202133
0.0189933
0.00593
0.00129
0
0
0
0
0.00061
0.000916667
0.0117667
0.01494
0.0195467
0.00930667
0.00636667
0.00145333
0.000843333
0
0
0
0
0
0
0
0
0
0
0
0
0
0
0
0
0
0
0
0
0
0
0
0
0
0
0
0
0
0
0
0
0
0
0.0923767
0.000273333
0.0314633
0
0
0.01027
0.000113333
0.000173333
0.000116667
0.000116667
0
0
0
0
0
0
0
0
0
0
0
0
0
0
0
0
0
0
0
0
0
0
0
0
0
0
0
0
0
0
0
0
0
0
0
0
0
0
0
0
0
0
0
0
0
0
0.000506667
0.00377333
0.00412667
0.00148
0.00117
0.00031
0.00996667
0.0138833
0.00848667
0.00647
0.0105033
0.00444
0.00851667
0.000796667
0.00603333
0.00130333
0.00453333
0.000433333
0.00117667
0.00064
0.000876667
0
0
0.00465667
0.0101933
0
0
0.01507
0
0
0.0209767
0.0199167
0.01945
0
0
0.0215867
0
0
0.0244467
0.0179767
0
0
0.01999
0.01722
0.000806667
0.00385667
0.0185567
0.00906667
0.01814
0.0274467
0.0380067
0.0281433
0.08841
0.06969
0.0313167
0.0453733
0.121247
0.05442
0.0815033
0.133267
0.0907633
0.0734467
0.106723
0.0367833
0.0534267
0.0300033
0.0169333
0.00960667
0.00591333
0.00081
0.000483333
0.00054
0
0
0
0
0
0
0
0
0
0
0
0
0
0
0
0
0.00101667
0.00487
0
0
0.0107533
0.0210667
0
0
0.0176533
0.01245
0
0
0.00112
0.00068
0
0
0
0
0
0
0
0
0
0
0
0
0
0
8.66667e-05
8.66667e-05
0.00246667
8.66667e-05
0.0324767
0.142863
0.10355
0.00519333
0.197573
0.03539
0.09773
0.0768067
0.0311433
0.0198367
0.00304667
0.00186
0.00186
0.00533667
0.0887833
0.00375
0.0588567
0.000273333
0.000823333
0.0103167
0.00016
0.000473333
0.00059
0.00093
0.000513333
0.000396667
0
0
0
0
0.00575
0.0153567
0.01307
0.0195567
0.01081
0.0142667
0.00727333
0.00696333
0.0126533
0.00872333
0.00845333
0.00421333
0.00101333
0.0195333
0.0177667
0.000663333
0.00121
0.00801667
0.0174833
0.000663333
0.00056
0.00290667
0
0.000126667
0.000126667
0.00034
0
0
0.00700667
0.000933333
0
0
0
0
0.0185167
0
0.0161333
0
0
0.00775667
0
0
0.00466333
0.00793667
0
0.000366667
0.00753333
0.00472
0.00341667
0.00571333
0.00766333
0.0152267
0.0171767
0.0223733
0.0279333
0.0746067
0.03732
0.0515867
0.11925
0.09133
0.0653533
0.0862233
0.122667
0.10764
0.0976
0.0993067
0.0961233
0.0798933
0.00669333
0.00558667
0.00085
0.000483333
0
0.00054
0.00054
0
0
0
0
0
0
0
0
0
0
0
0
0
0
0
0
0.00385333
0.00645333
0
0
0.0177833
0.016
0
0
0.01408
0.00282
0
0
0.00075
7e-05
0
0
0
0
0
0
0
0
0
0
0
0
0
0
0
0
0.00272333
0.000256667
0
0
0.0292167
0.00992333
0
0.10029
0.00101
0.231453
0.0389433
0.202807
0.204867
0.0653833
0.09956
0.126853
0.0382067
0.02227
0.00261
0.000853333
0
0
0
0
0.000306667
0.00038
0.00416333
0.00446667
0.00500333
0.00122
0.00061
0
0
0
0
0
0
0
0
0
0
0
0
0
0
0
0
0
0
0
0
0
0
0
0
0
0
0
0
0
0
0
0
0
0.00249667
0.00435667
0.0148233
0.0158033
0.0243333
0.0594267
0.00503667
0.0151533
0.0329233
0.00211
0.0111333
0.00105
0.0112067
0.00086
0.000103333
0.00524667
0.00127667
0.0162767
0.00478333
0.0156
0.00369
0.00363
0.000336667
0.000336667
0
0
0
0
0
0
0
0
0
0
0
0
0
0
0
0
0
0
0
0
0
0
0
0
0
0
0
0
0
0
0
0
0
0
0
0
0
0
0
0
0
0.000656667
0.0158267
0.0059
0.03101
0.0247767
0.0327333
0.0280767
0.0419433
0.02767
0.0369767
0.01626
0.00736667
0.000466667
0.0213767
0.0149067
0
0.01424
0.0199
0
0.00268333
0.00455
0
0.000336667
0.00021
0
0
0.000593333
0
0
0.00117333
0.00724667
0
0
0.01047
0.00488333
0
0
0
0.000683333
0.00413
0.00436667
0.000683333
0.00355667
0.000973333
0.000313333
0.00324
0.00745667
0.00119667
0.00688
0.00723333
0.00457333
0.00092
0.00801667
0.00627333
0.02556
0.0108233
0.00624667
0.04092
0.0306933
0.02496
0.02636
0.0828267
0.0558767
0.0524867
0.03741
0.09572
0.0652933
0.0616533
0.0420367
0.05694
0.03803
0.05857
0.01072
0.0308767
0.03303
0.0123767
0.00638667
0.00517333
0.00031
0
0.117753
0.00316667
0.152013
0.207743
0.0109033
0.0134167
0.12423
0.197313
0.0580633
0.0341367
0.0414767
0.10243
0.02267
0.00301
0.000853333
0
0
0
0
7.33333e-05
7.33333e-05
0.000683333
0.00061
0.00061
0
0
0
0
0
0
0
0
0
0
0
0
0
0
0
0
0
0
0
0
0
0
0
0
0
0
0
0
0
0
0
0
0
0
0.00185667
0.00435333
0.0148767
0.0234867
0.0378033
0.0721467
0.01585
0.03151
0.0471633
0.02774
0.0147567
0.0290867
0.00592
0.000946667
0.02914
0.0178867
0.00428667
0.000993333
0.000336667
0
0
0
0
0
0
0
0
0
0
0
0
0
0
0
0
0
0
0
0
0
0
0
0
0
0
0
0
0
0
0
0
0
0
0
0
0
0
0
0
0
0
0
0.00142
0.000656667
0.0113467
0.04618
8e-05
0.00598667
0.00094
0.00987667
0.0366433
0.0209267
0.0455333
0.0201
0.03351
0.0308133
0.0383633
0.04968
0.0481533
0.0526733
0.00667
0.0148967
0.03304
0.03321
0.03959
0.00288
0.0111867
0.00133667
0.00224
0.000443333
0.00290667
0.00336667
0.0029
0.00334333
0.0125733
0.0121367
0.00517667
0.00790333
0.0188667
0.0230933
0.00036
0.00536333
0.00958333
0.02036
0
0.000186667
0.000866667
0.00526
0
0
0
0.00068
0
0
0
0
0
0
0
0
0
0
0
0
0
0
0
0
0
0
0
0
0
0
0
0
0.000183333
0
0
0
0.00242667
0.000356667
0.000173333
0
0.00453333
0.00224333
0.000173333
0.000173333
0.00246333
0.00246333
0
0
0
0
0
0
0
0
0
0
0
0
0
0
0
0
0
0
0
0
0
0
0
0
0
0
0
0
0
0
0
0
7.66667e-05
7.66667e-05
0.00165667
0.00830333
0.00672333
0.12497
0.0996533
0.318493
0.00403333
0.000603333
0.0131467
0.00527667
0
0
0.0117467
0.0114633
0
0.00236667
0.00390333
0
0
0.000373333
0.000163333
0
0
0
0
0
0
0.00058
0
0
0.00106667
0.00058
0
0.000586667
0.000486667
0.00127
0.00517
0.00055
0.00745667
0.01711
6.33333e-05
6.33333e-05
0.0174267
0.0239533
0
0.0143367
0.0108167
0.000446667
0.00197
0.00194333
0.000736667
0.00746
0.00194
0.00161333
0.01197
0.00732
0.00696667
0.01093
0.00475333
0.00181
0.0337167
0.0371933
0.0116167
0.00051
0.00763333
0.00131
0.00151667
0.00271
0.00735333
0.00764333
0.00167
0.00610667
0.00750667
0.000613333
7e-05
0.00038
0
0
0
0
0
0
0
0
0
0
0
0
0
0
0
0
0
0
0
0.0026
0.0026
0
0
0.00389667
0.00129667
0.00596667
0.00354
0.00147
0.000173333
0.00231333
0.000243333
0.000173333
0
7e-05
0
0
0
0
0
0
0
0
0
0
0
0
0
0
0
0
0
0
0.000256667
0
0.000416667
0.000673333
0.00787333
0.000416667
0.00693333
0.0141333
0.05073
0.00867333
0.0174833
0.05234
0.0593167
0.0919667
0.0135267
0.01449
0.0293733
0.0170733
0.0729567
0.0385667
0.0791233
0.0337233
0.01204
0.0402633
0.0244167
0.00488333
0.00228333
0.000126667
0
0
0
0
0
0
0
0
0
0
0
0
0
0
0
0
0
0
0
0
0
0
0
0
0
0
0
0
0
0
0
0
0
0
0
0
0
0
0
0
0
0
0.00185667
0.00595333
0.0164767
0.02726
0.03363
0.04098
0.0452867
0.05959
0.0650667
0.05057
0.0285033
0.0491
0.0385167
0.0271733
0.02233
0.00915667
0.01544
0.00150333
0.000656667
0
0
0
0
0
0
0
0
0
0
0
0
0
0
0
0
7.33333e-05
7.33333e-05
0.000916667
0.000843333
0.00145333
0.00061
0.00061
0
0
0
0
0
0
0
0
0
0
0
0
0
0
0
0
0
0
0
0
0
0.000103333
0.000866667
0.00445
0.000346667
0.0394633
0.0206233
0.00313333
0.01244
0.0389967
0.000426667
0.00170333
0.0379767
0.0404433
0.02175
0.03066
0.03102
0.0274333
8e-05
0.00162333
0.0261567
0.0150433
0.0282967
0.0322667
0.0175133
0.0244767
0
0
0.00764
0.0196833
0.0239767
0.0139567
0.0174267
0
0.0193633
0.01512
0.00658667
0.00857333
0.0111
0.0128133
0.00282
0.00281667
0.00093
0.00110333
0.000173333
0.000173333
0
0
0
0
0
0
0
0
0
0
0
0
0
0
0
0
0
0
0
0
0
0
0
0
0
0
0
0
0
0
0
0
0.000173333
0.000173333
0.00061
0.000783333
0.000756667
0.00093
0.00465333
0.0048
0.00187333
0.00263
0.01521
0.0132133
0
0.00187333
0.0140367
0.00345333
0
0
0.00158
0
0
0
0
0
0
0
0
0
0
0
0
0
0
0
0
0
0
0
0
0
0
0
0
0
0
0
0
0
0.00077
0.000203333
0.00104
0.00124333
0.00297
0.0164333
0.02672
0.00835667
0.00883
0.0349333
0.0610733
0.232627
0.150987
0.19385
0.22773
0.42116
0.42073
0.00214
0.000383333
0.000676667
0.000246667
0
0
0
0.00363
0.00217667
0.00199
0.002
0
0
0.000243333
0
0
0
0
0
0.000586667
0
0
0.00117333
0.00198667
0
0
0.0053
0.01505
0
0.0245733
0.0300733
0
0
0.0291367
0.0225333
0
0
0.01383
0.00493
0
0.00189
0.00130333
0.00029
0.00029
0.00103
0.000946667
0.00534
0.000383333
0.00117667
0.00095
0.00505
0.000563333
8e-05
0.000303333
0
8e-05
0.00033
0.00033
0.00528667
0.01154
0.0112867
0.00724
0.0273067
0.0123267
0.0228367
0.00756667
0.00546
0.00298667
0.000253333
0.000126667
0
0.03821
0.0208633
0.04406
0.0994
0.0568767
0.0371867
0.000996667
0.00167
0.00015
0
0
0
0
0
0
0.000103333
0.0297667
0.02428
0.00736
0.0119567
0.00237
0.0299733
0.01969
0.000346667
0.0230933
0.0160867
0.0151467
0.0169767
8e-05
0.0226533
0.0200867
0.00765
0.00726333
0.0241833
0.00425333
0
0.00775
0.00624667
0.0269733
0
0
0.0226433
0.0177967
0.000173333
0.000173333
0.0294067
0.0293933
0.000173333
0
0.0178167
0.0226367
0
0
0.00537667
0.00715667
0
0
0.00068
0.000983333
0
0
0
0
0
0
0
0
0
0
0
0
0
0
0
0
0
0
0
0
0
0.00068
0
0
0.000863333
0.00524667
0
0
0.00663667
0.0177833
0
0
0.0158633
0.0181767
0
0
0.00684667
0.00438333
0
0
0
0
0
0
0
0
0
0
0
0
0
0
0
0
0
0
0
0
0
0
0
0
0
0
0
0
0
0
0
7.66667e-05
0
0.00131333
0.00131333
0.0110233
0.0326567
0.0607833
0.19545
0.199787
0.261993
0.429667
0.00224
0.000313333
0.00201333
6.66667e-05
0.00021
0.000143333
0.00121
0.00211667
0.00364333
0.00247333
0.00106667
0.000396667
0.00196667
0.00201
0.00140667
8e-05
0.000223333
0
0.000603333
0
0
8e-05
0
0
8e-05
0.00031
0.000586667
0.0014
0.00023
0.00221333
0.00638333
0
0.00023
0.0159067
0
0.0244933
0.01773
0
0
0.0167067
0.00789
0
0
0.00481667
0.00166667
0
0.00119333
0.00130333
0
0.00133
0.00118333
0.00179333
0.000573333
9.33333e-05
0
0
0
0
0.03766
0.04767
0.01829
0.018
0.0224267
0.00952
0.00784
0.00118
0.00105333
0.00105333
0
0
0
0
0
0.000656667
0.000656667
0.00097
0.000313333
0.00074
0.000426667
0.000426667
0
0
0
0
0
0
0
0
0
0
0
0
0
0
0
0
0
0
0
0
0
0
0
0
0
0
0
0
0
0.00409667
0.00622667
0.0188667
0.0188733
0.0346167
0.0353933
0.114697
0.12605
0.05596
0.0770567
0.32841
0.175423
0.0475633
0.07681
0.116023
0.0793167
0.00117333
0.00535
0.0005
0.00015
0
0
0
0
0
0
0
0
0
0
0
0
0
0
0.00061
0.000683333
0.0103333
0.0105667
0.0170633
0.00802333
0.00865333
0.00208333
0.00208667
0.000613333
0.000613333
0
0
0
0
0
0
0
0
0
0
0
0
0
0
0
0
0
0.00027
0.00027
0.0555433
0.0534067
0.0568433
0.0214967
0.0104433
0.0186733
0.00054
0.00253667
0.0173467
0.0175867
0.00166667
0.01915
0.00534333
0.0163933
0
0.0105967
0.0162133
0.0123733
0
0
0.00648333
0.00591667
0.02366
0.00239
0
0
0.00552667
0.00126667
0.02609
0.000833333
0.00107667
0
0
0.0203167
0.00955
0.0167667
0.00685
0.000176667
0.000176667
0
0
0.0240233
0.0197933
0.00101
8e-05
0
0
0
0
0.01211
0.01351
0
0
0
0
0
0
0.0029
0.00303333
0
0
0
0
0
0
0.000303333
0.00044
0
0
0
0
0
0
0
0
0
0
0
0
0
0
0
0
0
0
0
0
0
0
0
0
0
0
0
0
0
0
0
0
0
0
0
0
0
0
0
0
0
0
0
0
0.00068
0.000983333
0
0
0
0
0.00069
8e-05
0.00536667
0.00715
0
0
0
0
0.00561667
0.00182667
0.0181767
0.0187767
0
0
0
0
0.0202933
0.0108467
0.0206967
0.00955
0
0
0
0.0001
0.0147433
0.0190033
0.00456667
0.000183333
0
0
0.0001
0.0001
0.00158
0.00416
0
0
0
0
0
0
0
0
0
0
0
0
0
0
0
0
0
0
0
0
0
0
0
0
0
0
0
0
0
0
0
0
0
0
0
0
0
0
0
0
0
0
0
0
0
0
0
0
0
0
0
0
0
0
0
0
0
0
0.00123667
0.000566667
0.00140333
0.00348
0.00244
0.00131333
0.0133733
0.0149267
0.02997
0.02882
0.0632467
0.0799767
0.279523
0.34259
0.48666
0.0120367
0.0124133
0.00228667
0.00311
0.0021
0.00713667
0.01568
0.0243
0.00765333
0.00782667
0.00237333
0.01456
0.00325
0.000723333
0.00058
0.000603333
0
8e-05
0.00016
0.000153333
0.000153333
0.00039
0.000966667
0.00119667
0.00384333
0.0058
0.00376333
0.01326
0.0036
0.0166033
0.02195
6.66667e-05
0.01426
0.0156267
0
6.66667e-05
0.00610667
0.0107567
0.00642667
0.0157233
0
0.0202367
0
0.01093
0.00140667
0.0111533
0
0
0.000833333
0.000833333
0
0
0.0796067
0.0233467
0.0113667
0.00477
0.00111667
6.33333e-05
0
0
0
0
0
0.000656667
0
0
0
0
0.00213
0.00213
0.00623333
0.238233
0.149717
0.142257
0.402573
0.14117
0.19298
0.174287
0.246
0.286397
0.135023
0.11954
0.0152033
0.00684
0.00271333
0.00055
0.0002
0
0
0
0
0
0
0
0
0
0
0.00027
0.0376167
0.07349
0.0454033
0.01102
0.02652
0.0219433
0.00407333
0.00434333
0.0177733
0.00263
0.01572
0.01982
0.00688
0.0168133
0.00123
0.00721
0.01921
0.0222133
0.01413
0.02302
0.0222633
0.01891
0.00458
0.00997
0.01894
0.00920333
0.000936667
0.00378333
0.00643667
0.000596667
0
0.000516667
8e-05
0
0
0
0
0
0
0
0
0
0
0
0
0
0
0
0
0
0
0
0
0
0
0
0
0
0
0
0
0
0
0
0
0
0
0
0
0
8e-05
0
0
0
0.00121667
8e-05
0
0.00193667
0.00891333
0.00307333
0.00203667
0.00279333
0.00917667
0.00853333
0.000856667
0.000756667
0.00258
0.00333667
0
0
0
0
0
0
0
0
0
0
0
0
0
0
0
0
0
0
0
0
0
0
0
0
0
0
0
0
0.00136333
0.000836667
0.00169
0.00329333
0.000853333
0.00379
0.0152133
0.0293133
0.0438667
0.01823
0.0495833
0.100617
0.0496333
0.226007
0.25504
0.196157
0.38322
0.242013
0.252107
0.38145
0.554553
0.01831
0.00893
0.0154933
0.03415
0.0277833
0.0276067
0.0158433
0.0258033
0.0367733
0.00842
0.02476
0.00310667
0.016
0.00723667
0.00718
0.00252667
0.00074
0.000153333
0.00147667
0.00368333
0.00477667
0.0424267
0.0263667
0.0118033
0.03267
0.0167767
0.0382833
0.00998333
0.0401133
0.03678
0.0315933
6.66667e-05
0.01509
0.0196667
0
0
0.02463
0.0288
0
0
0.02903
0.02227
0
0.0137
0.000833333
0
0.0916767
0.0742167
0.0341867
6.33333e-05
0
0
0
0
0
0.00472
0.0156267
0.0118767
0.0137233
0.00324333
0.00293
0.00257
6.66667e-05
0
0
0
0
0
0
0
0
0
0.00391667
0.00391667
0.00727667
0.00336
0.00551333
0.00215333
0.00430333
0.00215
0.00215
0
0
0
0
0
0
0
0
0
0
0
0
0.0118033
0.02522
0.114597
0.248307
0.154327
0.226097
0.461123
0.346563
0.09083
0.0217933
0.0148667
0.00652667
0.00273667
0.0002
0
0
0
0
0
0
0
0
0
0
0
0
0
0.000326667
0.000936667
0.00752
0.0168433
0.0240133
0.024
0.02432
0.0180133
0.0179633
0.00860667
0.00774667
0.00122667
0.000613333
0
0
0
0
0
0
0
0
0
0
0
0
0
0
0
0
0.00059
0.0469467
0.06856
0.204997
0.0165233
0.01274
0.00869667
0.0232667
0.01474
0.0267067
0.00439333
0.00975
0.00970667
0.0190467
0.0191233
0.02072
0.02249
0.00380667
0.01148
0.01932
0.02548
0.0271733
0.00324333
0.00223667
0.00263
0.000223333
0.000223333
0.000616667
0.000516667
0
0
0.000123333
0.000306667
0
0.00141
0.00159333
0.00657667
0.00141
0.00141
0.00639333
0.00884333
0
0
0.00386
0.00429667
0
0
0.000436667
0.000573333
0
0
0.000136667
0.000136667
0
0
0
0
0
0
0
0
0
0
0
0
0
0
0
0
0
0
0
0
0.000303333
0.00044
0.000136667
0.000136667
0.00290333
0.0026
0.000136667
0
0.00744667
0.00628
0.00129667
0.00129667
0.00646333
0.00148
0.00129667
0
0.000183333
0
0
0
0
0
0
0
0
0
0
0
0
0
0
0
0
0
0
0
0
0
0
0
0
0
0
0
0
0
0
0
0
0.000126667
0.000126667
0.0222033
0.0692833
0.0182833
0.0217433
0.0229033
0.0229033
0.0227833
0.0374833
0.0305533
0.02418
0.0179067
0.02842
0.00501333
0.00269
0.00963333
0.00152667
0.0626633
0.0285667
0.0141167
0.01102
0.0765233
0.0210667
0.0429033
0.04542
0.0732133
0.0551467
0.0103133
0.02653
0.05915
0.00478333
0.03893
0.0210467
0.00092
0.000853333
0.0182867
0.01744
0
0
0.02299
0.0157067
0
0
0.0147567
0.00550333
0
0
0.00410333
0.00015
0.000983333
0
0
0
0
0.0266567
0.00952333
0.00408333
0.00043
6.33333e-05
0.00093
0.00499333
0.0107467
0.0207233
0.0279067
0.0246567
0.0157333
0.00455333
6.66667e-05
0
0
0
0.00138
0.00138
0.00766
0.0101967
0.0223167
0.0193967
0.0271433
0.0256067
0.0160967
0.0229267
0.0144933
0.0159
0.00571
0.00356
0
0
0
0
0
0
0
0
0
0.0077
0.20618
0.0908967
0.16021
0.0527167
0.339253
0.205543
0.238033
0.38773
0.181253
0.220353
0.101343
0.0356967
0.03108
0.0258833
0.0246
0.0164067
0.00526
0.000573333
0.0002
0
0
0
0
0
0
0
0
0
0.000846667
0.00117333
0.01433
0.0200667
0.02752
0.03226
0.03065
0.0292967
0.0280367
0.0219367
0.0113067
0.00805
0.00153
0.000613333
0
0
0
0
0
0
0
0
0
0
0.00258333
0.00199333
0.0175767
0.00643
0.05918
0.02082
0.0836333
0.04281
0.0483233
0.02198
0.0165133
0.0385467
0.0584233
0.02795
0.0468133
0.0181
0.0215767
0.01409
0.00305667
0.00542667
0.03424
0.0126367
0.000713333
0.0653333
0.00984
0.01956
0.0637867
0.0485733
0.11201
0.06814
0.03825
0.0959367
0.05126
0.0300967
0.00504667
0.0222967
0.0201033
0.0085
0.00118333
0.00033
0.00859667
0.00696333
0
0
0.00852333
0.00456333
0.00249333
0.00026
0
0.00015
0
0
0
0
0
0
0.00093
0.00211333
0.00013
6.33333e-05
0
0
0
0.000623333
0.00200333
0.03019
0.0553567
0.0449467
0.0601267
0.0452433
0.0437067
0.0270967
0.0200733
0.00356
0
0
0
0
0
0
0
0.0440533
0.0147067
0.00920333
0
0
0
0
0.00775667
5.66667e-05
0.128047
0.05007
0.01995
0.0621
0.15427
0.288527
0.117237
0.0212533
0.000373333
0.00127
0
0
0
5.66667e-05
0
0.00205
0.0142433
0.0259233
0.0661367
0
0
0
7e-05
7e-05
7e-05
0
0
0.00145
0.0213867
0.03394
0.05303
0.0444167
0.0318867
0.0235233
0.0183767
0.00734667
0.00530333
0.00143333
0
0
0
0
0
0.0386467
0.05301
0.00892
0.02083
0.00311333
0.00313
0.0448433
0.0327467
0.000683333
0.000316667
0.07162
0.0119633
0.00204
0.110907
0.0529267
0.0256667
0.05685
0.0305033
0.105907
0.02063
0.00698333
0.0197333
0.0456567
0.00484667
0.000873333
0.00163
0.00471667
0.00289333
0.00222
0
0.00341667
0.00233
0.00011
0.0001
0.00011
0
0.0001
0.0001
0
0
0.0143933
0.00321
0.00211
0.0260433
0.04795
0.09099
0.08992
0.03618
0.0210433
0.00995333
0.00363
0
0
0.00668333
0.00093
0.0188133
0.00756667
0.0142233
0
0
0
0.00973333
0
0
0
0
0
0
0
0
0
0.00014
0
0
0
0
0
0.00014
7e-05
0
0
0
0.000603333
0.03298
0.0523133
0.0669767
0.0560567
0.000583333
6.66667e-05
0
0
0
0.0174333
0.0281233
0.023
0.04434
0.0351
0.0431567
0.0351933
0.00969667
0.0126567
0.0195967
0.0293067
0.000556667
0.00338667
0.03414
0.000173333
0
0.00373
0.00183333
0.140657
0.0175767
0.0160133
0.01699
0.00339667
0.00326333
0.000833333
0.03097
0.00058
0.00093
0.00813333
0.00055
0.00055
0.00351667
0
0
0.0003
0.0002
0.0002
0.00138
0.00567
0.0289533
0.10742
0.125293
0.0742333
0.0364567
6.33333e-05
0.000126667
0
0
0.000756667
0.01053
0
7e-05
0.00188333
0.00304667
0.00129667
0
0
0
6.33333e-05
0.000133333
6e-05
0.00775333
0.000983333
0.00387667
7e-05
0.000136667
0.000663333
0.0131033
0.0663833
0.08966
0.08429
0.0529667
0.01637
0.0162067
0.02649
0.0277667
0.00360333
0.00652333
0.00867
0.05425
0.00105667
0.0006
0.00620667
0.00196667
0.00059
0.00297
0.123407
0.159823
0.00091
0.0023
0.00295667
0.206193
0.00103
0.00084
0.01193
0.11436
0.168823
0.000886667
0.0118667
0.0125433
0.07298
0.0562267
0.00186
0.00576333
0.05449
0.04984
0.00483333
0.01245
0.0115833
0.00438333
0.0001
0.00448333
0.08918
0.09233
0.14232
6e-05
0.000816667
0.00510667
0.05481
0.0156533
0.0153967
0.00460333
0.00427333
0.0507367
0.01679
0.136123
0.130573
0.0310733
0.0374833
0.0620733
0.0103767
0.0329233
0.109423
0.0866833
0.00760667
0.19747
0.04186
0.0140567
0.0483233
0.08143
0.20032
0.05351
0.0189533
0.16261
0.0120033
0.04656
0.08656
0.0478367
0.0991467
0.12948
0.213953
0.175663
0.10528
0.24809
0.263007
0.135997
0.194333
0.17154
