0.188247
0.21141
0.1805
0.0767133
0.146563
0.156213
0.18016
0.102583
0.08197
0.06891
0.02897
0.0217233
0.0143267
0.00446667
0.00246
0.000506667
0.00031
0.0006
0.00859333
0.0120133
0.0302
0.0337233
0.0398133
0.0261733
0.02273
0.02551
0.0324467
0.0446567
0.0585567
0.0518167
0.07677
0.141157
0.13651
0.0982767
0.0768267
0.0453233
0.0347
0.0151933
0.0311167
0.0228567
0.0406633
0.0245467
0.0299567
0.01113
0.01075
0.00404667
0.00424667
0.0103767
0.01219
0.0298667
0.0283433
0.0281333
0.0116667
0.00530667
0.00367333
0.000286667
0.000176667
0.000203333
0.00062
0.00268667
0.0112467
0.0177733
0.0431567
0.0427667
0.0290567
0.05401
0.140813
0.03835
0.0357833
0.01151
0.0207233
0.03771
0.00956
0.00834333
0.00289
0.00076
0.000133333
0.000423333
0.000423333
0.00402
0.00385
0.0153667
0.01177
0.0164867
0.00542667
0.0178933
0.0149633
0.0249133
0.0137333
0.02377
0.0168
0.0962533
0.0572233
0.0625167
0.0346633
0.0282167
0.0308
0.0462567
0.0345
0.0343167
0.0169767
0.0122367
0.00386
0.00257333
0.00071
0.00419667
0.00385
0.01032
0.00672333
0.00828
0.00192
0.00011
0.00011
0
0.000416667
0.000416667
0.00274667
0.01196
0.00472333
0.00887
0.0613367
0.0451167
0.06379
0.122667
0.118013
0.114427
0.13526
0.06059
0.05021
0.0655333
0.0512433
0.00599
0.00914333
0.0317333
0.0144833
0.02661
0.0257833
0.25727
0.0773967
0.0408133
0.04689
0.03756
0.0326833
0.0148
0.00455667
0.00253333
0.225927
0.149407
0.03362
0.0402667
0.0411767
0.0135233
0.00298333
0.00223667
0.000803333
0.10635
0.0250633
0.0253567
0.0376133
0.02691
0.0245767
0.0132567
0.0254867
0.0157167
0.00155
0
0
0.0107433
0.00866333
0.00141667
0.00345667
0.01003
0.01391
0.00543333
0.00605
0.0257067
0.0207167
0.0357333
0.0164367
0.0236433
0.00818333
0.05762
0.0299567
0.0179367
0.0129567
0.00343
0.00233667
0.000373333
0.00202333
0.0100167
0.0122033
0.0289667
0.02327
0.0305933
0.0124667
0.0182433
0.00869
0.0201133
0.01299
0.03191
0.0227233
0.0403133
0.01177
0.0106433
0.00835333
0.00929667
0.00895333
0.00639667
0.00372
0.00147667
0.00218333
0.00253
0.0105233
0.0270167
0.02122
0.02386
0.00582
0.00362333
0.00356333
0.000176667
0.000176667
0.000203333
0.00038
0.00244667
0.00242667
0.00590333
0.00442667
0.00788333
0.0989833
0.202337
0.00327
0.00661333
0.0193467
0.06581
0.32917
0.06908
0.196627
0.297827
0.02232
0.225677
0.262113
0.0215167
0.03278
0.10859
0.17341
0.13086
0.02057
0.104607
0.00155
0.00517667
0.00473667
0.00345333
0.00397333
0.000626667
0.000626667
0.000626667
0
0
0
0.000253333
0.000253333
0.000253333
0
0.000456667
0.000456667
0.00249667
0.00217
0.00013
0
0.000533333
0.000346667
0.00411667
0.00438333
0.01288
0.00926
0.0154233
0.00864
0.00203667
0.00199667
0.00011
0
0.000253333
0.000253333
0.000253333
0
0
0
0
0
0
0
0
0
0.00362667
0.00362667
0.231327
0.21034
0.123607
0.07424
0.02168
0.0405033
0.0225733
0.0371067
0.0162533
0.0189033
0.01601
0.0192567
0.0245467
0.02541
0.00423
0.00378667
0.00127667
0.0193767
0.06878
0.114707
0.310443
0.231793
0.443043
0.237783
0.295223
0.45178
0.145437
0.236017
0.2631
0.146013
0.33136
0.109217
0.111093
0.0891233
0.0697933
0.06065
0.0306167
0.01679
0.00303667
0.00013
0.00013
0
0
0.000616667
0.000616667
0.00106
0.000443333
0.000803333
0.00063
0.00063
0
0
0
0
0
0.0112633
0.0401833
0.0115433
0.00459667
0.00146333
0.00201667
0.00369
0.01594
0.0312333
0.0213467
0.0270533
0.0122133
0.0100267
0.00295667
0.000793333
0.00031
0.00108333
0.00095
0.00367
0.00272
0.00314
0.00331667
0.0130833
0.0231267
0.0451433
0.05156
0.0524233
0.03728
0.00921
0.00441
0.00107667
0.000746667
0.000746667
0.000746667
0.00294333
0.00219667
0.00243333
0.000236667
0.000236667
0
0
0.00184
0.00201667
0.00958
0.00792333
0.01222
0.00524667
0.00506333
0.00059
0.000446667
0.00128
0.0941467
0.228647
0.297627
0.433373
0.405777
0.132327
0.431167
0.33827
0.0851933
0.10007
0.24618
0.273703
0.12103
0.05708
0.0423867
0.00175333
0.000106667
0.000106667
0
0
0
0
0
0
0
0
0
0
0
0
0
0
0
0
0
0
0
0
0
0.00472667
0.00463
0.01299
0.00897333
0.00895
0.00868667
0.000326667
0.000176667
0
0
0
0
0
0
0
0
0
0
0
0
0
0
0.000106667
0.000106667
0.000106667
0.0117733
0.0306933
0.08762
0.12312
0.0812467
0.10272
0.0493667
0.000596667
0.00120667
0.00280333
0.00464333
0.06304
0.08181
0.000176667
0.000476667
0.0037
0.0470133
0.202803
0.216517
0.09409
0.283743
0.223427
0.21761
0.24571
0.02729
0.0134233
0.0419067
0.14176
0.0351367
0.01959
0.0169633
0.00185333
0.00180333
0.00293
0.00132333
0.000196667
0.000196667
0
0
0
0
0.000176667
0.000176667
0.00184333
0.00193667
0.00639333
0
0
0
0
0.00190667
0.00498
0.00354333
0.00047
0.000363333
0
0
0
0
0.000263333
0.000773333
0.00124333
0.0199
0.0315167
0.0742167
0.0329767
0.03045
0.04322
0.04397
0.0286433
0.0125167
0.00348333
0.000526667
0.00219333
0.00297
0.0150433
0.0227667
0.0389533
0.02986
0.0278467
0.0108867
0.00790667
0.000353333
0.000176667
0
0
0
0
0.00035
0.000526667
0.0027
0.00436667
0.00758333
0.00742667
0.0157867
0.0407433
0.0779533
0.0958967
0.09807
0.06264
0.0376533
0.00850667
0.00333333
0
0
0
0
0
0
0
0
0
0
0.000176667
0.00201667
0.0134267
0.0208133
0.0386633
0.0317267
0.02759
0.0079
0.00377667
0.000526667
0.000526667
0.000476667
0.00286667
0.0566467
0.09459
0.128847
0.0366833
0.02529
0.127957
0.1467
0.01698
0.148457
0.01753
0.00273333
0.14413
0.00145
0.00238
0.104747
0.0202
0.00106
0.00533333
0.00427333
0.00448
0.00250667
0.00250667
0.00410333
0.0108833
0.0176367
0.00988
0.00907333
0.000516667
0.000536667
0.000216667
0.000216667
0
0
0
0
0
0
0
0
0
0.000176667
0.000176667
0.000176667
0
0
0
0
0
0
0.000176667
0.000526667
0.00219333
0.00535
0.00945667
0.0249267
0.0299533
0.02767
0.01071
0.00235
0.000176667
0
0
0
0
0
0
0
0
0
0
0
0.000103333
0.000103333
0.00743667
0.00913333
0.0122067
0.00724333
0.00624667
0.00244
0.00207667
0
0
0
0.000263333
0.00047
0.00094
0.00259333
0.0145133
0.0231233
0.0391833
0.0448567
0.00332667
0.00361667
0.0133233
0.0532467
0.0565033
0.0852433
0.0583167
0.00367333
0.00670333
0.0831767
0.00255667
0.0662733
0.1042
0.00336333
0.00299
0.0210333
0.0717733
0.00189667
0.00032
0.00884333
0.00019
0
0
0
0.0223467
0.0467833
0.0364933
0.0544333
0.0362533
0.0365033
0.01708
0.01013
0.00214333
0.00182333
0
0.000403333
0.000403333
0.00221333
0.00191333
0.0372567
0.0597667
0.0367233
0.0445433
0.0167767
0.01346
0.00256667
0.00157
0.00108
0.00274667
0.00187333
0.00205
0.0023
0.00286333
0.00953
0.0243733
0.02513
0.0295533
0.01254
0.00956
0.00219667
0.00219667
0.00957333
0.00868
0.0129633
0.0149767
0.0142033
0.0129
0.00333333
0.00333333
0.000176667
0.000176667
0
0
0.00035
0.00035
0.00350667
0.00350667
0.0157567
0.0147733
0.03156
0.0227033
0.0224667
0.0323033
0.03126
0.0576433
0.0326867
0.03551
0.00719
0.00517333
0
0
0
0
0
0
0
0
0
0
0
0.000176667
0.00202
0.01343
0.0329433
0.05079
0.05079
0.0345267
0.0165033
0.00544333
0.00201667
0.00035
0
0.00076
0.00076
0.00105
0.00029
0.0107567
0.0127367
0.00628
0.00525
0.0290333
0.0156367
0.00551
0.0163767
0.0158033
0.0125367
0.00700333
0.0341767
0.00930333
0.0698533
0.0454167
0.0721767
0.0759533
0.0509067
0.0338333
0.01248
0.00427667
0.00281
0.00014
0.00014
0
0.000683333
0.000683333
0.00514333
0.00446
0.0140267
0.00974333
0.0129
0.00333333
0.00315667
0
0.000683333
0.000683333
0.00514333
0.00481
0.0125367
0.01141
0.0135833
0.0229933
0.01993
0.01958
0.00244333
0.00217333
0
0
0
0
0
0
0
0
0.000403333
0.00575
0.00756
0.01211
0.05421
0.0176333
0.0933733
0.0708633
0.066
0.0776767
0.02955
0.02353
0.00644333
0.00762
0.0148967
0.0102
0.07562
0.0794033
0.0840033
0.0744267
0.10125
0.100747
0.101007
0.0916467
0.0461267
0.06594
0.07246
0.06666
0.0548567
0.0865
0.0930933
0.09541
0.01552
0.0257033
0.0311367
0.0506
0.00794333
0.0298733
0.03862
0.0697967
0.02547
0.01004
0.00692667
0.01784
0.0112233
0.01616
0.0335833
0.0341133
0.02903
0.0215267
0.00356667
0.00439667
0.0114933
0.02197
0.04901
0.0556867
0.01018
0.01107
0.00106667
0.00106667
0.00331667
0.0139567
0.0294867
0.0540633
0.000176667
0.000176667
0
0
0.00057
0.00346
0.01253
0.0279167
0.000176667
0
0
0
0
0.000463333
0.00268667
0.0118633
0.00246333
0.000176667
0
0
0
0
0
0.00222333
0.0241633
0.00620333
0.00423667
0.00032
0
0
0
0
0.0316267
0.0268833
0.00903
0.00434333
0.00077
0.00077
0.00117667
0.000406667
0.0101867
0.0147867
0.00612667
0.00511333
0.00498667
0.00565
0.01431
0.00983667
0.000406667
0.00152667
0.00112
0.00112
0.01045
0.01441
0.0317633
0.031
0.000176667
0
0
0
0.00214667
0.01056
0.01235
0.0295933
0.0108367
0.000656667
0.00048
0
0.00101
0.00122667
0.000216667
0.00292667
0.04703
0.01974
0.00998667
0.000906667
0
0
0
0
0.0599033
0.04657
0.01912
0.00982667
0
0
0
0
0.0366033
0.03714
0.0148333
0.0101467
0.000503333
0
0.00114
0.00114
0.00936
0.01419
0.00500667
0.00511333
0.0100867
0.00131667
0.0112967
0.0116233
0.000176667
0.000176667
0
0
0.0143167
0.0100467
0.00532667
0.0153467
0
0
0
0
0.00508333
0.00554667
0.00068
0.00473
0
0
0
0
0
0
0
0.000216667
0
0
0
0
0
0
0
0
0
0
0
0
0
0
0.00118667
0.00118667
0.00166667
0
0
0
0.0101767
0.00602
0.0141433
0.00931
0.0295933
0.01146
0.01146
0.00166667
0.0330667
0.0332567
0.0843467
0.06939
0.0412267
0.0375033
0.0374333
0.0295233
0.00853
0.03161
0.0386233
0.09117
0.0420867
0.03198
0.0274433
0.03662
0
0.0027
0.00305
0.0158933
0.03335
0.0335767
0.0158967
0.01987
0
0
0
0.00035
0.00906667
0.0136667
0.00510333
0.00710667
0
0
0
0
0.00079
0.00143
0.00015
0.00262
0.01165
0.0107467
0.00218333
0.01399
0.0119567
0.05847
0.03968
0.159043
0.112607
0.14068
0.11514
0.00968667
0.00825667
0.00885667
0.00244
0.0161633
0.0142533
0.0276667
0.00833333
0.0146533
0.0180133
0.00227
0.00205333
0.0253533
0.03791
0.00169667
0.000926667
0.0343933
0.02045
0.0114267
0.00193667
0.00174667
0.00530333
0.0270633
0.01056
0.04838
0.0470667
0.03267
0.00985
0.0132133
0.0301133
0.0240567
0.0366767
0.0401933
0.0299733
0.0589067
0.05142
0.03675
0.02694
0.01176
0.00340333
0.000946667
0.0594233
0.06433
0.06202
0.04665
0.0790567
0.07425
0.0509
0.0372
0.114297
0.0665433
0.234827
0.231377
0.48076
0.412153
0.424397
0.343623
0.00582333
0.00425
0.00351
0.00053
0.00219667
0.01038
0.0177567
0.03492
0.03102
0.0318267
0.0129967
0.00871333
0.000353333
0.000176667
0
0
0
0
0.00035
0.00035
0.00350667
0.0127233
0.0249733
0.0262767
0.0338467
0.0299567
0.0274333
0.0106467
0.00463667
0.0027
0.00436667
0.00201667
0.00201667
0
0
0
0
0
0
0
0
0
0
0
0
0
0.00184333
0.00252667
0.0222167
0.02994
0.0406667
0.02466
0.01676
0.0057
0.00201667
0.00062
0.00027
0.00027
0
0
0
0
0.00017
0.00017
0.00017
0.00053
0.0274133
0.0263333
0.00422333
0.0378633
0.0612933
0.00422667
0.00107333
0.054
0.0614633
0.000363333
0.0440933
0.0192667
0.0187867
0.0143133
0.0312433
0.0387367
0.0292033
0.02811
0.0121367
0.00718
0.00014
0.00014
0.00014
0.00184333
0.00252667
0.0108867
0.0135033
0.02507
0.0262767
0.0389533
0.02986
0.02196
0.00482333
0.00201667
0.00103333
0.00419
0.0083
0.0266233
0.0311933
0.0342867
0.0178033
0.0102533
0.00297
0.000446667
0.00027
0
0
0
0
0
0
0.000186667
0.000186667
0.00870333
0.0163833
0.0332833
0.04375
0.0532
0.0454533
0.03915
0.0503667
0.0630433
0.0482633
0.0395067
0.0354167
0.0212033
0.0152367
0.00561667
0.0551467
0.0463667
0.03032
0.0254567
0.07639
0.0662367
0.0407267
0.0343733
0.00713
0.0685367
0.02577
0.0245733
0.0443533
0.0360133
0.00285667
0.000276667
0.0579633
0.0583267
0.01718
0.02869
0
0.0283567
0.03277
0.0195433
0.0239767
0.000426667
0.000643333
0.04872
0.0413933
0.0373867
0.0199067
0.00456667
0.0088
0.000963333
0.00996
0.0564267
0.04893
0.01066
0.000656667
0
0.00267
0.00985
0.01441
0.05285
0.0485367
0.000176667
0
0
0
0.00498667
0.00488
0.03893
0.0392867
0.000176667
0.000176667
0
0
0
0
0.0212633
0.0329433
0.00246333
0.00265667
0
0
0
0
0.00447
0.0143333
0.0206167
0.02083
0.00032
0
0
0
0
0.00224667
0.02912
0.0117833
0.000426667
0.00032
0
0
0.000406667
0
0.00969
0.00103
0.000106667
0.000106667
0.000106667
0.000493333
0.00935
0.00069
0.000406667
0
0
0
0.00141333
0.0206533
0.0293867
0.01221
0.000176667
0.000176667
0
0
0.0212767
0.0279833
0.02914
0.0296967
0.0103567
0.0131267
0
0
0.00863667
0.00780333
0.00490667
0.0138767
0.0408967
0.0517533
0.000426667
0
0.000176667
0.000176667
0
0.00219667
0.07122
0.0559833
0.000746667
0.000426667
0
0.00166667
0
0
0.04413
0.0233833
0.000426667
0.00032
0.00217
0.0120333
0.00301667
0.00187667
0.0110267
0.00202
0.000106667
0.000106667
0.0191367
0.03798
0.0244067
0.0158
0.000353333
0.000176667
0
0
0.0332
0.0329867
0.03223
0.0409633
0
0
0
0
0.01364
0.00873333
0.00651333
0.0239933
0
0
0
0
0.000176667
0.000176667
0.000393333
0.00264
0
0
0
0
0
0
0.000176667
0.000353333
0
0
0
0
0
0.00224667
0.00881333
0.00780333
0.00166667
0.00203667
0.00132333
0.00132333
0.00640333
0.02376
0.0294267
0.02893
0.02017
0.0210033
0.00433667
0.00399333
0.0273433
0.0265767
0.0875667
0.0524367
0.03415
0.0170833
0.0236467
0.00825333
0.00922
0.00339
0.0767333
0.0880867
0.0342667
0.02325
0.03205
0.0269867
0
0
0.0131933
0.0214867
0.0308433
0.01116
0.0121033
0.0151067
0
0
0.00035
0.00035
0.00906667
0.00102333
0.00233333
0.00335667
0
0
0
0
0.00140667
0.00422
0.00312
0.00015
0.0228567
0.0135367
0.0181067
0.0294933
0.0175367
0.0803033
0.07233
0.0470033
0.166957
0.20095
0.193997
0.18883
0.20837
0.147763
0.398233
0.38445
0.67659
0.637937
0.00637667
0.00420333
0.00127
0.000353333
0.000353333
0.000176667
0.00853667
0.0128167
0.0318233
0.0318233
0.0357267
0.01707
0.00888667
0.000526667
0.000176667
0
0
0
0
0
0
0
0.00956667
0.0105167
0.0149767
0.00609333
0.0135033
0.00939333
0.00906
0.0007
0.00035
0
0
0
0
0
0
0
0
0
0
0
0
0
0
0
0
0
0.000683333
0.000953333
0.01052
0.01352
0.0169333
0.01676
0.0134267
0.0151533
0.00603
0.00568
0.00027
0
0
0
0
0
0
0
0
0.000236667
0.000596667
0.00415
0.0470667
0.02875
0.02571
0.00706667
0.0715767
0.0755767
0.0119367
0.0305767
0.0727567
0.0544033
0.000643333
0.03856
0.0395433
0.00267
0.0364867
0.0349333
0.03925
0.0308467
0.03315
0.03802
0.01218
0.00831333
0.00623333
0.00509667
0
0
0
0
0
0.00184333
0.00219333
0.0105533
0.0118667
0.0237667
0.0229567
0.0369367
0.0256367
0.0197533
0.00261667
0.00201667
0.0007
0.00385667
0.00666333
0.02532
0.02662
0.0310167
0.01201
0.00773
0.000176667
0.000176667
0
0
0
0
0
0
0
0.000186667
0.000556667
0.00907333
0.0169533
0.0349167
0.0339567
0.0350433
0.0501533
0.0455933
0.0334367
0.0442233
0.03159
0.03154
0.01649
0.0489767
0.04308
0.0144833
0.0209833
0.0143867
0.0546533
0.0469
0.0455267
0.0293233
0.01361
0.00710667
0.00310667
0.0399567
0.0233267
0.00055
0.197937
0.292247
0.233473
0.431427
0.48137
0.479267
0.44694
0.617943
0.825687
0.644097
0.742787
0.75067
0.663963
0.01391
0.01091
0.000286667
0.0157067
0.04571
0.0330433
0.0344733
0.0680267
0.0584733
0.04767
0.02423
0.00254
0.01068
0.0144133
0.02201
0.00456667
0.00458667
0.0256833
0.0391767
0.0471167
0.0487433
0.0415767
0.0343867
0.00236667
0.00113667
0.00037
0.00200333
0.01007
0.0122567
0.01818
0.02007
0.0154967
0.00998
0.0187867
0.0142933
0.01631
0.00717
0.03336
0.0253467
0.01267
0.00525333
0.0225933
0.0188633
0.00728
0.00297
0.0203433
0.01065
0.0159533
0.00798333
0.000446667
0.02401
0.0146067
0.0122733
0.00591333
0.0230233
0.0186267
0.000173333
0.00183667
0.0152333
0.0101667
0.0280233
0.0315367
0.00188
0.00416667
0.0388333
0.0210867
0.0102233
0.00122667
0.02641
0.0412
0.0119267
0.02967
0.0364067
0.0336367
0.000906667
0.000426667
0.00307667
0.0225833
0.0322633
0.02635
0.0214967
0.0168633
0
0
0
0.000406667
0.00839
0.00351
0.0259733
0.0124967
0
0
0
0
0
0
0.0267133
0.0193867
0.00037
0.00037
0
0
0
0
0.01246
0.01316
0.00287
0.0025
0
0
0
0
0.00224667
0.00259667
0.00312333
0.000623333
0
0
0
0
0
0
0.000623333
0
0
0
0.000386667
0.00152667
0.000283333
0
0
0
0
0
0.0208733
0.0292567
0.00544667
0.00218
0
0
0
0
0.0357433
0.0169
0.0317433
0.02467
0.00294667
0.00408667
0
0
0.00830667
0.00068
0.01883
0.03614
0.0251233
0.0309433
0
0
0.000176667
0
0.00237333
0.0100367
0.0423367
0.0235233
0
0
0.00166667
0.00166667
0
0.000176667
0.0164233
0.00389
0
0
0.01153
0.0108733
0.00187667
0
0.00184333
0.000176667
0
0
0.03022
0.0228933
0.01526
0.00247667
0.000176667
0
0
0
0.03044
0.0110933
0.0334267
0.01633
0
0
0
0
0.00873333
0.000176667
0.0202933
0.0209933
0
0
0
0
0.000176667
0
0.00242333
0.00259667
0
0
0
0
0
0
0.000353333
0.000176667
0
0
0.000176667
0.000176667
0.00224667
0.00259667
0.0100267
0.0024
0.00037
0.00037
0.00898667
0.00784
0.0199533
0.0200967
0.0401233
0.02223
0.00287
0.00292667
0.0235
0.0284933
0.0231367
0.00578
0.06491
0.0530933
0.00399333
0.00149333
0.00848333
0.0240733
0.00339
0
0.04061
0.0525633
0.00356667
0.0025
0.00903
0.00592
0
0
0.01031
0.01808
0.0025
0.000183333
0.00612667
0.00511333
0
0.00018
0
0.00166667
0.0008
0.0134667
0.00135333
0.00112
0.00018
0.00944667
0.000116667
0.000116667
0.00302333
0.00208
0.03514
0.07191
0.00862667
0.0272233
0.0646433
0.0195
0.0687533
0.0906167
0.148287
0.15737
0.18769
0.399787
0.18632
0.44832
0.49754
0.705283
0.523137
0.582677
0.681367
0.0187167
0.00831333
0.00033
0.00022
0
0
0.00445667
0.00445667
0.0128167
0.00853667
0.00888667
0.000526667
0.00035
0
0
0
0
0
0
0
0
0
0.00095
0.00095
0.00163333
0.000683333
0.00103333
0.00035
0.00035
0
0
0
0
0
0
0
0
0
0
0
0
0
0
0
0
0
0
0
0.00027
0.000446667
0.00413
0.0142367
0.0234533
0.0559133
0.0509467
0.0594833
0.02334
0.01828
0.00035
0.00035
0
0
0
0
0
0.000173333
0.00041
0.00199667
0.01374
0.0470167
0.03569
0.0390633
0.05013
0.0391033
0.0346667
0.03439
0.0240067
0.0106067
0.01756
0.00260333
0.00618667
0.00603667
0.0179367
0.0214067
0.0370933
0.0294867
0.02332
0.0289933
0.00123
0.00123
0
0
0
0
0
0
0
0
0
0.00035
0.00035
0.00350667
0.00333333
0.0108833
0.00772667
0.0085
0.00095
0.00095
0
0.00035
0.000526667
0.00368333
0.00333333
0.00761333
0.00445667
0.00445667
0
0
0
0
0
0
0
0
0
0
0
0
0
0.00163333
0.00175333
0.00175333
0.00419
0.00217333
0.00303667
0.00116333
0.00353333
0.00284
0.00479333
0.00233
0.00664
0.00478
0.01379
0.00123
0.00269667
0.0114967
0.00353667
0.00608333
0.000976667
0.00220667
0.000413333
0.01011
0.00386667
0.00291
0.000446667
0.120857
0.261373
0.31329
0.349897
0.422337
0.02072
0.00855
0.000566667
0.000346667
0
0
0
0
0.000176667
0.000176667
0.000176667
0
0
0
0
0
0
0
0
0
0
0
0
0
0
0
0
0
0
0
0
0
0
0
0
0
0
0
0
0
0
0
0
0
0
0
0
0
0.000176667
0.000353333
0.01073
0.02458
0.0605467
0.07754
0.0814433
0.04881
0.02179
0.00421
0.0007
0.00035
0
0
0
0
0.000173333
0.000173333
0.00176
0.00158667
0.0135033
0.0189267
0.03567
0.0374567
0.02707
0.0315633
0.0168
0.00862
0.0102
0.000336667
0.000616667
0.00325667
0.00136
0.00028
0.00211667
0.00217
0.00375
0.0108067
0.00987
0.0128633
0.00603667
0.00571333
0.00024
0.00146333
0
0
0
0
0
0
0
0
0
0
0
0
0
0
0
0
0
0
0.000176667
0.000176667
0.000176667
0
0
0
0
0
0.000176667
0.000176667
0.000176667
0
0
0
0
0
0
0
0
0
0
0
0
0
0
0
0
0
0.00012
0.00012
0.00012
0
0
0
0.000373333
0
0.000466667
0.00166667
0.0015
0.000376667
0.00017
0
0.0003
0.00354333
0
0
0
0
0.00014
0.00013
0.00013
0.00158667
0.00232
0
0
0
0
0.00014
0
0.00013
0.00158667
0.00215
0.000103333
0.000103333
0
0.00193333
0.000173333
0.000173333
0.000693333
0.00291667
0.000526667
0.0009
0.00241
0.0101567
0.00183667
0.00166333
0.00222333
0.00122
0.00471333
0.01214
0.0291233
0.00395
0.00300333
0.00294
0.0117067
0.00466333
0.01477
0.0318033
0.0473933
0.0209633
0.02129
0.0120967
0.01628
0.0108533
0.0111967
0.0307033
0.0206833
0.0240833
0.00612333
0.00751333
0.00532667
0.00077
0.00077
0.00117667
0.000406667
0.00351
0
0.000426667
0.00296333
0
0
0
0
0
0
0.00253667
0.00548333
0
0
0
0
0
0
0.00294667
0.00329667
0
0
0
0
0
0
0.00035
0.00035
0
0
0
0
0
0
0
0
0
0
0
0
0.00114
0.00114
0
0
0
0
0
0
0.00991
0.00912
0.00035
0.00224667
0
0
0
0
0.00962333
0.00352333
0.00491667
0.0240733
0.00114
0.00114
0
0
0.00317333
0.00399333
0.0235
0.0284933
0.00990667
0.00911667
0.00035
0.00035
0.00132333
0.00132333
0.00898667
0.00784
0.01134
0.00257333
0.00035
0
0
0
0.000176667
0.000176667
0.00222333
0
0
0
0.00101
0.00101
0
0
0
0
0
0
0.00354667
0.00253667
0
0.0006
0
0
0
0
0.00253667
0
0.0006
0.00354667
0
0
0
0
0
0
0.00294667
0.00329667
0
0
0
0
0
0
0.00035
0.00035
0
0
0
0
0
0
0
0
0
0
0
0.000176667
0.00035
0.00035
0
0.00222333
0
0.0022
0.00237667
0.01004
0.00274
0.00285333
0.00268667
0.0150667
0.00262667
0.0130533
0.02029
0.0375967
0.00285333
0.00313333
0.0155133
0.0356467
0.0108533
0.0111967
0.0307033
0.0221733
0.00267
0.00399333
0.02459
0.02969
0.00077
0.00077
0.00266667
0.00200333
0.00132333
0.00169333
0.00946333
0.00980667
0.000183333
0.000183333
0.000106667
0.000106667
0.00055
0.00055
0.00203667
0.00166667
0.01285
0.01535
0.00268333
0.00268333
0.00944667
0.0104667
0.0012
0.00131667
0.0233967
0.0142467
0.01501
0.0527367
0.0580567
0.02067
0.0238233
0.0596167
0.114223
0.12458
0.06267
0.190317
0.244337
0.11523
0.24485
0.255207
0.0142133
0.00182333
0.000346667
0.000346667
0
0
0.00715
0.00850333
0.0200633
0.00846
0.0152933
0.00778667
0.01524
0.00973333
0.00076
0.00904333
0.00830333
0.00865667
0
0.00106
0
0.000493333
0.00207333
0.00174
0.00248
0.0009
0.00114
0.00024
0
0
0
0
0
0
0
0
0
0
0
0
0
0
0
0
0.000373333
0.00468
0.00348
0.00345333
0.00018
0
0.00157
9.33333e-05
0
0
0
0
0
0
0
0
0
0
0
0
0
0
0
0
0
0
0
0
0
0
0
0
0
0.000176667
0.000176667
0.000446667
0.00027
0.00054
0.00027
0.00027
0
0
0
0
0
0
0
0
0
0
0
0
0.000176667
0.000176667
0.0142033
0.0149767
0.0423467
0.0303367
0.0328967
0.00570333
0.00403667
0.000526667
0.00035
0
0
0
0
0
0
0
0
0
0.00014
0.0024
0.00159
0.00159
0
0.00076
0.00141333
0
0
0
0
0.00016
0.00016
0.00016
0
0
0
0
0
0
0
0
0
0
0
0
0
0
0
0
0
0
0
0
0
0
0
0
0
0
0
0
0
0.000176667
0.000176667
0.000176667
0
0
0
0
0
0
0
0
0
0
0
0
0
0
0
0
0
0
0
0
0
0
0.00259667
0.0102
0.00917667
0.0260333
0.0217033
0.02889
0.01184
9.33333e-05
9.33333e-05
0
0
0
0
0
0
0
0
0
0
0
0
0
0
0
0
0
0
0
0
0
0
0
0
0
0
0.00184333
0.00202
0.0115867
0.0100133
0.0142933
0.00499667
0.00541
0.000953333
0.000683333
0
0
0
0
0
0
0
0
0
0
0
0
0
0
0.00095
0.00112667
0.00314333
0.00237
0.00237
0.000353333
0.000176667
0
0
0
0
0
0
0
0
0
0
0
0.00014
0.00014
0.000923333
0.000176667
0.000316667
0.00083
0.000176667
0.000176667
0.00083
0
0
0
0.000186667
0
0
0
0
0
0
0
0
0
0
0
0
0
0
0
0
0
0
0
0
0
0
0
0
0
0.00027
0.00027
0.00122
0.00095
0.00261667
0.00184333
0.00184333
0.000176667
0
0
0
0
0
0
0
0
0
0
0
0
0
0
0
0
0
0
0
0
0
0
0
0
0.00222333
0.00982667
0.0351833
0.0201233
0.0107367
0.00253667
0.000366667
0.000176667
0.000353333
0.000176667
0
0
0
0
0
0
0
0
0
0
0
0
0
0
0
0
0
0
0.00795333
0.0163133
0.0331933
0.0351567
0.0011
0.000923333
0.00104667
0.0003
0.0003
0
0
0
0
0
0
0
0
0
0
0
0
0
0
0
0
0
0.000526667
0.000526667
0.00254333
0.00386
0.01438
0.02193
0.03251
0.0264467
0.02188
0.01014
0.00654
0.00154
0.00112667
0.00027
0.00027
0
0
0
0
0
0
0
0
0
0
0
0.00184333
0.00202
0.0115867
0.00992
0.0106933
0.00112667
0.00095
0
0
0
0
0
0
0
0
0
0
0
0
0
0
0.000176667
0
0
0
0
0
0
0
0
0.000186667
0.000186667
0
0
0
0
0
0
0
0
0
0
0
0
0
0
0
0
0
0
0
0
0
0
0
0
0
0
0
0
0
0
0
0.00166667
0.00193667
0.00949
0.00877333
0.02564
0.0197533
0.02196
0.00482333
0.00333333
0.000176667
0.000176667
0
0
0
0.00027
0.00027
0.00190333
0.00163333
0.00826333
0.00663
0.00978667
0.00315667
0.00333333
0.000176667
0.000176667
0
0
0
0
0
0
0.00035
0.0007
0.00906
0.00939333
0.01861
0.01052
0.0120067
0.00244
0.00235667
0.00426667
0.0004
0.00374333
0.000223333
0.000223333
0
0
0
0
0
0
0.00027
0.02153
0.0184867
0.0213233
0.00388333
0.00453333
0.00095
0.00095
0
0
0
0
0
0
0
0
0
0
0
0.000176667
0.000176667
0.00333333
0.00368333
0.0159333
0.0147933
0.0316733
0.0299433
0.0363367
0.0313533
0.02972
0.02631
0.0310233
0.0229933
0.0277367
0.01087
0.01168
0.00193667
0.00184333
0.000176667
0.000176667
0
0
0
0
0
0
0
0.000176667
0.00202
0.0115867
0.0209767
0.0313833
0.0227667
0.0150433
0.00279333
0.00184333
0
0
0
0
0
0
0
0
0
0
0
0
0
0.000176667
0.000316667
0.000176667
0.000623333
0
0.00014
0.0004
0.0004
0
0
0
0
0
0
0
0
0
0
0
0
0
0
0
0.00095
0.00095
0.00261667
0.00166667
0.00184333
0.000176667
0.000176667
0
0
0
0
0
0
0
0
0
0
0
0
0.00166667
0.00228667
0.00984
0.0172167
0.0337333
0.03099
0.0251033
0.00796667
0.00333333
0.000176667
0.000176667
0
0
0.00166667
0.00193667
0.00984
0.00980667
0.0350333
0.03376
0.05242
0.03008
0.0257967
0.00568
0.0027
0.000353333
0.000176667
0
0
0
0
0
0
0.00035
0.00035
0.00103333
0.000683333
0.000953333
0.00027
0.0385933
0.00695
0.0245367
0.00400667
0.000276667
0.00056
0
0
0
0
0.042
0.0277733
0.0302933
0.0244933
0.0284633
0.00850333
0.00773
0.000176667
0.000176667
0
0
0
0
0
0
0
0
0.000176667
0.000176667
0.00333333
0.00761333
0.0198633
0.0262733
0.0392233
0.0353333
0.0341767
0.01712
0.0176467
0.01387
0.0306567
0.0334633
0.0385733
0.0313567
0.02133
0.0202367
0.0104933
0.0186633
0.0100133
0.01052
0.000683333
0.000683333
0
0
0
0
0.000176667
0.000446667
0.0100133
0.0106933
0.0226733
0.0134567
0.0144433
0.00219333
0.00184333
0
0
0
0
0
0
0
0
0
0
0.000176667
0.000176667
0.000596667
0.000596667
0.00394
0.0152333
0.00366
0.00394333
0.0120267
0.00016
0.000136667
0
0
0
0
0
0
0
0
0
0
0
0
0.000176667
0.000176667
0.00772667
0.0085
0.0256367
0.0197533
0.0271633
0.0102033
0.01038
0.00202
0.00184333
0
0
0
0
0
0
0
0
0
0.000176667
0.000176667
0.00184333
0.00228667
0.0122067
0.0195833
0.0312133
0.0261033
0.0189033
0.00665333
0.00184333
0
0
0
0
0.00166667
0.00201667
0.00992
0.01679
0.0419367
0.0401567
0.0519133
0.0266867
0.02291
0.00261667
0.00252333
0.000176667
0.000176667
0
0
0
0
0
0
0
0
0
0
0
0.02757
0.01674
0.02213
0.0217567
0.02807
0.00448
0.00109667
0.0167967
0.00016
0.00559
0.00016
0.000136667
0.00068
0
0
0
0
0
0.0135733
0.0306367
0.0467833
0.05513
0.04261
0.0231767
0.00825667
0.000703333
0.000176667
0
0
0
0
0
0
0
0
0
0
0
0.00445667
0.00445667
0.0140233
0.00974333
0.0181033
0.00871333
0.00888667
0.00237
0.00682667
0.0117933
0.0216433
0.0483633
0.0529667
0.08656
0.0638567
0.0973
0.06185
0.0715733
0.0288933
0.02125
0.00287667
0.00287667
0.000683333
0.000953333
0.00027
0.00027
0.00027
0.00062
0.00147667
0.00956667
0.00956667
0.01317
0.00481
0.00446
0
0
0
0
0
0
0
0
0
0.00184333
0.00202
0.0116
0.0101767
0.02235
0.0257467
0.0450567
0.00418333
0.00706
0.0516733
0.0444567
0.00117333
0.000236667
0.0368533
0
0.00073
0.00564
0
0
0.000186667
0.000336667
0
0
0
0
0
0
0
0
0
0
0
0.000176667
0.000526667
0.00807667
0.0110567
0.0278433
0.0247533
0.0299567
0.0135033
0.0108867
0.00252667
0.00184333
0
0
0
0
0
0
0.00027
0.00027
0.0033
0.00320667
0.00950667
0.00814333
0.01806
0.02168
0.0294067
0.0315633
0.0223267
0.0147767
0.00252667
0.00184333
0
0
0
0
0
0.00035
0.000526667
0.00906333
0.00871333
0.01466
0.00612333
0.00639333
0.00027
0.00027
0
0
0
0
0
0
0
0
0
0
0
0
0.00015
0.00015
0.0328267
0.0524167
0.01299
0.06026
0.000236667
0.03917
0
0.0191633
0
0.000486667
0
0.0003
0.03411
0.0327867
0.0427867
0.02324
0.01615
0.00105333
0.000526667
0
0
0
0
0
0
0
0
0
0
0
0
0
0
0
0.000176667
0.000526667
0.000703333
0.00368333
0.00517667
0.0241833
0.0263433
0.04406
0.05623
0.0958833
0.12161
0.129957
0.12835
0.108673
0.0873467
0.0515067
0.02809
0.0289933
0.0221533
0.0370967
0.01809
0.0190733
0.00193667
0.00333333
0.00201667
0.00419
0.0108833
0.02767
0.0299567
0.0247533
0.00761667
0.00333333
0.000176667
0.000176667
0
0
0
0
0
0.00166667
0.00351
0.0130767
0.02099
0.03858
0.0413633
0.04178
0.0426833
0.0354133
0.00935
0.01421
0.0377033
0.04561
0.00041
0.0526667
0.05103
0
0
0.0173567
0
0
0.00344
0.00362333
0.000683333
0.000683333
0.00514
0.00445667
0.00761333
0.00315667
0.00315667
0
0
0
0
0
0
0.00035
0.000526667
0.00368333
0.00333333
0.00761667
0.00446
0.00514333
0.000683333
0.000683333
0
0
0
0
0
0
0.0069
0.00717
0.03614
0.03227
0.0600233
0.0373533
0.0570167
0.0390867
0.0405133
0.0272133
0.0172967
0.0102533
0.00086
0.000683333
0
0
0
0
0
0
0
0.000176667
0.000176667
0.000176667
0
0
0
0
0.00027
0.00027
0.00122
0.00095
0.00496333
0.00401333
0.00603
0.00201667
0.00201667
0
0
0
0.00037
0.00052
0.0175833
0.00527
0.00996667
0.01931
0.000173333
0
0.0326367
0
0.0196133
0.0349167
0
0.00591667
0.00297667
0.000533333
0.0132333
0.00871333
0.00849333
0.000876667
0.000526667
0
0
0
0
0
0
0
0
0
0
0
0
0
0
0
0
0
0.00035
0.00103333
0.00419
0.00829667
0.0267967
0.0332067
0.04831
0.03254
0.0679433
0.0649167
0.101203
0.0768667
0.0859433
0.0614933
0.0483833
0.0409433
0.04497
0.0491867
0.0481533
0.03072
0.0206467
0.00368667
0.00351
0.00184333
0.00384
0.00312333
0.02026
0.0256367
0.0278433
0.0108833
0.00351
0.000353333
0.000176667
0
0
0
0
0
0.00166667
0.00261667
0.0121833
0.0149733
0.0334567
0.0270433
0.0325833
0.0135
0.0154267
0.00701333
0.00561667
0.00846333
0
0.0229267
0
0.02357
0
0.00270667
0.00184333
0.00252667
0.0108867
0.0135
0.0299533
0.02475
0.02196
0.00482333
0.00166667
0
0
0
0
0
0.000176667
0.000353333
0.000353333
0.000176667
0
0
0
0
0
0
0
0
0.000176667
0.000176667
0.01106
0.0177833
0.0709367
0.0890233
0.139847
0.114717
0.11667
0.08164
0.05527
0.0320733
0.00938
0.00790333
0.000176667
0.000176667
0.000176667
0.000176667
0.000176667
0
0
0
0
0
0
0
0
0
0
0
0.00184333
0.00211333
0.0138533
0.01296
0.0420767
0.03435
0.0488067
0.0214367
0.0177733
0.00236667
0.000526667
0.000176667
0.000276667
0.000263333
0.00109667
0.00035
0.00035
0
0
0
0
0
0
0
0
0
0
0
0
0
0
0
0
0
0
0
0.000683333
0.000953333
0.00541
0.00567667
0.0149733
0.0121833
0.0146467
0.00725333
0.02212
0.03637
0.05483
0.0557833
0.05337
0.0456367
0.04632
0.0435867
0.0424267
0.0262733
0.0156
0.00403667
0.00219667
0.000353333
0.000176667
0
0.00095
0.00095
0.0085
0.00772667
0.00790333
0.000353333
0.000176667
0
0
0
0
0
0
0
0.00095
0.00095
0.00540667
0.00445667
0.00761
0.00333
0.00368
0.000526667
0.00193333
0.00172
0.000746667
0.000746667
0.00193667
0.00352
0
0.00469667
0.00197667
0.00029
0.00029
0.00516333
0
0
0.00254333
0.0001
0
0.00184333
0.00368667
0.0120467
0.01977
0.0350633
0.0273867
0.0194867
0.00235
0.00166667
0
0
0.00095
0.00095
0.00312333
0.00235
0.00252667
0.000353333
0.000176667
0
0
0
0
0
0
0
0
0.000176667
0.00403667
0.01492
0.03972
0.0890133
0.121193
0.15394
0.14442
0.13228
0.0795567
0.0375767
0.00665333
0.00165333
0.00095
0.00095
0.00261667
0.00184333
0.00202
0.000353333
0.000176667
0
0
0
0
0
0
0
0
0
0.00035
0.00219333
0.0123967
0.0237867
0.05133
0.0705133
0.0854767
0.0714967
0.04446
0.0181067
0.00287667
0.000703333
0.000353333
0.000276667
0
0.000136667
0.00035
0.00035
0.000136667
0.00035
0.00064
0.00272
0.00289667
0.0001
0
0
0.0001
0.000176667
0.000136667
0.000136667
0
0
0
0
0
0
0
0
0
0
0
0
0
0
0
0
0
0
0
0
0.00027
0.00027
0.00122
0.00095
0.00261667
0.00166667
0.00384
0.00244333
0.0201067
0.0201067
0.0373233
0.02177
0.0324967
0.0161367
0.0265433
0.0154867
0.0163767
0.00386
0.00219333
0.000176667
0.000176667
0
0
0
0
0
0.000176667
0.000176667
0.000176667
0
0
0
0
0
0
0
0
0
0
0
0
0
0.000176667
0.000176667
0.000176667
0
0
0.000486667
0.000146667
0.00899
0.000176667
0.000146667
0.00864
0.01816
0.000176667
0.00991
0
0.000276667
0.000176667
0.00184333
0.00202
0.0115867
0.00974333
0.01025
0.000683333
0.000683333
0.000176667
0.000176667
0.00772667
0.0085
0.0256367
0.02026
0.0224667
0.00550667
0.00368333
0.000526667
0.00035
0
0
0
0
0
0
0
0
0.00386
0.00438667
0.0293633
0.0278733
0.07041
0.0569167
0.09818
0.0598433
0.05336
0.00990333
0.00517667
0.00974333
0.0105167
0.0276533
0.0197533
0.02196
0.005
0.00517667
0.00202
0.00184333
0
0
0
0
0
0
0
0.00027
0.00062
0.00147667
0.01141
0.0154267
0.0439567
0.0368767
0.0592133
0.0300967
0.0293233
0.00262
0.00252667
0.000176667
0.000176667
0.00329667
0.00316
0
0
0
0
0
0
0
0
0
0
0
0
0
0
0
0
0
0
0
0
0
0
0
0
0
0
0.00027
0.00027
0.00244333
0.00235
0.00446
0.00246333
0.00341333
0.00130333
0.00297
0.00184333
0.00184333
0
0
0
0
0
0
0
0
0
0
0
0
0
0
0
0
0
0
0
0
0
0
0
0
0
0
0
0
0
0
0
0.0131033
0.0159133
0.000146667
0.0213167
0.0015
0
0.0107033
0
0
0.00306667
0.00245
0.00419333
0.00202
0.00184333
0.000176667
0.000176667
0.000176667
0
0
0.000176667
0.000353333
0.00351
0.0108833
0.0229567
0.0369367
0.0389533
0.02986
0.0148967
0.00568
0.00252333
0.00035
0
0
0
0
0
0
0
0
0
0.000526667
0.000703333
0.00307333
0.00456333
0.01587
0.0141833
0.0168933
0.00541
0.00490333
0.00333333
0.0129
0.0249733
0.0389533
0.0389533
0.02986
0.0148967
0.00717333
0.00419333
0.00202
0.000176667
0
0
0
0
0
0.000683333
0.000953333
0.00541
0.00558333
0.00882
0.00873
0.0084
0.00801667
0.00365
0.00339333
0.00027
0.00027
0
0
0.00512333
0.0376733
0.02702
0.00815667
0.0428633
0.06183
0.00951
0.0497433
0.06329
0.00135333
0.0325
0.01269
0.00312333
0.00235
0.000176667
0.000176667
0
0
0
0
0.00217333
0.00285667
0.0124233
0.0147067
0.0262733
0.0202133
0.0189133
0.00719
0.00368333
0.000526667
0
0
0
0.00196333
0
0
0
0
0
0
0
0
0
0
0
0
0
0
0
0
0
0
0
0
0
0
0
0
0
0
0
0
0.000176667
0.000176667
0.000353333
0.000176667
0.000176667
0
0
0
0
0
0
0
0
0
0
0
0
0
0
0
0
0
0
0
0
0
0
0.000176667
0.000176667
0.000176667
0
0
0
0
0
0
0
0.00024
0.00024
0.00825
0.02721
0.02168
0.00383333
0.0271967
0.00248
0.00272333
0.02243
0.0200967
0.0315533
0.0162667
0.0144433
0.00219333
0.00035
0
0
0
0.000176667
0.000353333
0.00053
0.00351
0.00517667
0.01725
0.0147767
0.0225
0.01052
0.01201
0.00244333
0.00217333
0
0
0
0
0
0
0
0
0
0
0
0.000176667
0.000176667
0.00219333
0.00201667
0.0027
0.000683333
0.000683333
0
0.00315667
0.005
0.01725
0.0147767
0.0225
0.01052
0.0107867
0.00122
0.00095
0
0
0
0
0
0
0.00184333
0.00401667
0.0123767
0.0201
0.0350633
0.0389533
0.03694
0.02296
0.0108867
0.00333333
0.000176667
0.00042
0.000243333
0.00238
0.000416667
0
0
0
0
0
0
0
0
0
0
0
0
0
0
0
0
0
0
0
0
0
0
0
0
0
0
0
0
0
0
0
0
0
0
0
0
0
0
0
0
0
0
0
0
0
0
0
0
0
0
0
0
0
0.00184333
0.00202
0.00270333
0.00086
0.000953333
0.00027
0.00027
0
0
0
0
0.00024
0.00104667
0.00593
0.0131333
0.03367
0.01219
0.0326267
0.06329
0.04559
0.06329
0.0400567
0.0304033
0.0476567
0.0320467
0.0282033
0.03388
0.04651
0.0465167
0.03156
0.0147733
0.00252333
0.00035
0.00095
0.00095
0.00312333
0.00235
0.00252667
0.00053
0.000353333
0.00202
0.00184333
0.00252667
0.000683333
0.000953333
0.00027
0.00027
0
0
0
0
0
0
0
0
0
0
0
0
0
0
0
0
0
0
0
0
0
0.00184333
0.00184333
0.00252667
0.000683333
0.000953333
0.00027
0.00027
0
0
0
0
0
0
0
0.00184333
0.00368667
0.0120467
0.0177567
0.03305
0.02915
0.02915
0.01219
0.000516667
0.00114667
0.00603
0.00778333
0.0103267
0.0271767
0.0397933
0.02195
0.0144467
0.00663333
0.00461333
0.00224333
0.0170767
0.0129633
0.00568
0.00490667
0.000446667
0.000286667
0.00053
0.0001
0
0
0
0
0
0
0
0
0
0
0
0
0
0
0
0
0
0
0
0
0
0
0
0
0
0
0
0
0
0
0
0
0
0
0
0
0
0
0
0
0
0
0
0
0
0
0
0
0
0
0.000176667
0.000176667
0.00333333
0.005
0.0240067
0.0215333
0.0368267
0.01809
0.0190733
0.00193667
0.00184333
0.000176667
0.000176667
0
0
0.00034
0.0029
0.00307333
0.0113133
0.00150333
0.02405
0.00483
0.0195633
0.0115333
0.0314733
0.0135233
0.01193
0.00358
0.0136867
0.01358
0.0018
0.00212667
0.00381333
0.000676667
0.01292
0.0147667
0.0315533
0.01958
0.01958
0.00262
0.00235
0.00773
0.00850333
0.02564
0.02026
0.02767
0.01071
0.01038
0.00202
0.00184333
0
0
0
0
0
0
0
0
0
0
0
0
0
0
0
0
0
0
0
0
0
0
0
0
0
0
0
0
0
0
0
0
0
0
0
0
0
0
0
0
0
0
0.00184333
0.00202
0.00957333
0.00773
0.00850333
0.00122
0.00027
0.00027
0
0.00028
0.000793333
0.00140333
0.00332667
0.00480333
0.00318333
0.00195667
0.00607333
0.00195667
0.000486667
0.00359667
0.00031
0
0.00011
0.00192333
0.00035
0
0
0
0.00011
0
0
0
0
0
0
0
0
0
0.000176667
0.000176667
0.000176667
0
0
0
0
0
0
0
0
0
0.000176667
0.000176667
0.000176667
0
0.00095
0.00095
0.00095
0
0
0
0
0
0
0
0
0
0
0
0
0
0
0
0
0
0
0
0
0
0
0.000176667
0.000353333
0.00351
0.00779333
0.0266233
0.0406033
0.05328
0.0361167
0.0206467
0.00386
0.00219333
0.000526667
0.000176667
0
0
0.000413333
0.000693333
0.00386
0
0
0.00827667
0.00598
0.000176667
0.000346667
0.00458333
0.00537667
0.000656667
0.00178333
0.00205
0.00128333
0
0
0.000973333
0.00035
0.00035
0.00252333
0.00217333
0.00244333
0.00027
0.000446667
0.00202
0.00957333
0.0177567
0.03305
0.0299533
0.0299533
0.0135
0.0108867
0.00252667
0.00184333
0
0
0
0
0
0
0
0
0
0
0
0
0
0
0
0
0
0
0
0
0
0
0
0
0
0
0
0
0
0
0
0
0
0
0
0
0
0
0
0
0
0
0
0.000176667
0.000176667
0.000176667
0
0
0
0
0
0
0
0
0
0
0.000176667
0.00184333
0.00184333
0.00235
0.000683333
0.000683333
0
0
0
0.000176667
0.000176667
0.000526667
0.000526667
0.00984
0.00949
0.01377
0.00540667
0.00567667
0.00122
0.00027
0
0
0
0
0
0
0
0
0
0
0
0
0
0
0
0
0
0
0
0
0
0
0.000176667
0.000176667
0.00463667
0.00490333
0.02204
0.02513
0.02653
0.00992
0.00272
0.00254333
0.00201667
0.00166667
0
0
0.000413333
0.00397
0.00713667
0.0193067
0.00017
0.0273733
0.0183267
0.00447333
0.01642
0.00782667
0.000266667
0.00189667
0.00863
0.0101733
0
0
0.00282667
0.00185333
0
0
0
0
0
0
0
0.00184333
0.00368667
0.0120467
0.0108867
0.0135
0.00541
0.00541
0.000953333
0.000683333
0
0
0
0
0
0
0
0
0
0
0
0
0
0
0
0
0
0
0
0
0
0
0
0
0
0
0
0
0
0
0
0
0
0
0
0
0
0
0
0
0
0
0
0
0
0
0
0
0
0
0.000106667
0.000106667
0
0
0
0
0
0
0.00184333
0.00351
0.0110633
0.00990333
0.0126967
0.00514333
0.00514333
0.000683333
0.00086
0.000353333
0.00386333
0.00403667
0.02179
0.0275933
0.04533
0.0318567
0.03211
0.0142933
0.01201
0.00244333
0.00235
0.000176667
0.000176667
0
0
0
0
0
0
0
0
0
0
0
0
0
0
0
0
0
0
0
0.000176667
0.000176667
0.000353333
0.00062
0.00246333
0.00983667
0.0106967
0.00938
0.00498667
0.00535
0.01439
0.0112333
0.0105167
0.00095
0.00126
0.00386667
0.01219
0.0244633
0.04011
0.00332
0.00325667
0.0439533
0.044
0.0153367
0.0158933
0.0268
0.0195333
0.0302533
0.00163
0.00368
0.02009
0.0139267
0
0
0.00303667
0.00118333
0
0
0
0
0
0
0
0
0.000176667
0.00202
0.00202
0.00252667
0.000683333
0.000953333
0.00027
0.00027
0
0
0
0
0
0
0
0
0
0
0
0
0
0
0
0
0
0
0
0
0
0
0
0
0
0
0
0
0
0
0
0
0
0
0
0
0
0
0
0
0
0
0
0
0
0
0
0
0
0
0.000426667
0.00032
0
0.03785
0.0114467
0.00861667
0.0249967
0.0420633
0.0233567
0.0382967
0.0163467
0.0164333
0.0409967
0.0368467
0.00205
0.00381
0.0205933
0.01391
0
0.00302
0.00118333
0
0.000463333
0.000143333
0
0
0
0.000176667
0.00202
0.00957333
0.01695
0.0322433
0.02915
0.02915
0.0126967
0.00858667
0.00121
0.00219333
0.00535333
0.0229933
0.0392567
0.0592133
0.0594833
0.0517567
0.0378567
0.0231033
0.0150733
0.00568333
0.00252667
0.000353333
0.000176667
0
0
0
0
0
0
0
0
0
0
0
0
0
0
0
0
0.000176667
0.000176667
0.00202
0.00202
0.00419333
0.00252667
0.00446
0.00413
0.0212667
0.02046
0.0249167
0.01076
0.0284633
0.03173
0.04571
0.0276533
0.01993
0.00310333
0.00233
0.00881
0.00981
0.0199567
0.0131067
0.01959
0.0115433
0.0139333
0.03736
0.0469667
0.00400667
0.0437533
0.02731
0.00176
0.00187
0.0108567
0.0110467
0
0
0.00338333
0.00204
0.000203333
0
0
0
0
0.000216667
0.000216667
0.00135333
0.00113667
0.00134667
0.000386667
0.000386667
0.000176667
0
0
0
0
0
0
0
0
0
0
0
0
0
0
0
0
0
0
0
0
0
0
0
0
0
0
0
0
0
0
0
0
0
0
0
0
0
0
0
0
0
0
0
0
0.000263333
0.000263333
0.00230333
0.00204
0.00237
0.00033
0.00033
0.00033
0
0
0.000143333
0
0
0
0.000176667
0.00773
0.01712
0.0342567
0.0350633
0.03305
0.01907
0.01106
0.00350667
0.00201667
0.00235
0.0201667
0.0283367
0.05112
0.0429667
0.0433333
0.0226033
0.0162733
0.00653333
0.00397333
0.00064
0.000176667
0
0
0
0
0
0
0
0
0
0
0
0
0
0
0
0
0
0.000176667
0.00333333
0.00517667
0.01725
0.0162667
0.0317333
0.0215933
0.0291433
0.0291467
0.0460433
0.04262
0.03435
0.03435
0.0377933
0.0458867
0.03524
0.02734
0.01038
0.00219667
0.000353333
0.000176667
0.00148667
0.00278667
0.00426
0.01306
0.00198
0.00387667
0.00321667
0.0307133
0.02714
0.00251333
0.02695
0.00930667
0.00225667
0.00344667
0.00011
0.00353
0.00327667
0.00193333
0.00173
0
0.000216667
0.00418667
0.0129867
0.0101533
0.0123033
0.00371333
0.00280333
0.000436667
0.000226667
0
0
0
0
0
0
0
0
0
0
0
0
0
0
0
0
0
0
0
0
0
0
0
0
0
0
0
0
0
0
0
0
0
0
0
0
0
0
0
0
0
0
0.000593333
0.000856667
0.00523667
0.0140067
0.0116667
0.01954
0.0105067
0.0103233
0.00218667
0
0.00956667
0.01025
0.01861
0.0108867
0.01336
0.005
0.00315667
0
0.000683333
0.000953333
0.01079
0.0109633
0.0203567
0.01922
0.0211
0.0162333
0.00799667
0.00554667
0.00075
0.000286667
0
0
0
0
0
0
0
0
0
0
0
0
0
0
0
0
0
0.000176667
0.00333333
0.00550667
0.01758
0.03156
0.0466967
0.0466967
0.0392833
0.0332067
0.0399633
0.0386
0.03641
0.0180233
0.0194067
0.0110467
0.0187867
0.00939333
0.00888667
0.000703333
0.000353333
0.000353333
0.000176667
0.000603333
0.00337667
0.00442667
0.00193333
0.0124933
0.00981
0.00944
0.00919667
0.00868667
0.000376667
0.00062
0.00925333
0.00174667
0.00127333
0.00173
0.00019
0.00011
0.0112933
0.0119033
0.0203567
0.01064
0.0118567
0.00294667
0.00507667
0.0061
0.0329233
0.0412633
0.0234767
0.0173333
0.00525
0.00311667
0.00046
0.000226667
0
0
0
0
0
0
0
0
0
0
0
0
0
0
0
0
0
0
0
0
0
0
0
0
0
0
0
0
0
0
0
0
0
0
0
0
0
0
0
0
0
0
0.0108467
0.0265667
0.0300567
0.0426467
0.03447
0.0284133
0.0133
0.00516333
0.00349667
0.00019
0.000106667
0.000366667
0.0005
0.00024
0.00192333
0.00236667
0.01268
0.00788333
0.0282933
0.0167267
0.0202767
0.00467
0.00744333
0.02501
9.66667e-05
0.000106667
0.02901
0.00169
0.00159333
0.0109867
0.0286267
0.00159333
0.00093
0.00349667
0.00370333
0.00223333
0.02117
0.0283033
0.0360933
0.0119667
0.02755
0.0418367
0.0701867
0.0647833
0.0540533
0.02439
0.0156733
0.00648333
0.00382667
0
0
0
0
0
0
0.000106667
0.0007
0.00657333
0.0341433
0.0456067
0.05062
0.0422967
0.0282667
0.01334
0.00554
0.00124333
0.00753667
0.00847667
0.00721667
0.00737667
0.00738667
0.00253667
0.000693333
0
0
0.00027
0.00027
0.00043
0.00128667
0.0102867
0.0188267
0.0409733
0.0490667
0.03086
0.0297567
0.01999
0.00778
0.000183333
0.000183333
0
0
0
0
0
0.00035
0.00035
0.00252333
0.00217333
0.00244333
0.00027
0.00027
0
0
0.000176667
0.000176667
0.000446667
0.00262
0.00380333
0.02067
0.0241267
0.0350167
0.0282367
0.0318767
0.02633
0.0147633
0.00617667
0.00922333
0.00916
0.0008
0.00130333
0.00103333
0.00219333
0.00237
0.0101567
0.00849
0.0170767
0.0130067
0.0223767
0.0316067
0.000106667
0.02355
0.00128667
0.00613333
0.00394333
0.000953333
0.00387
0.00660667
0.00242
0.00368333
0.02589
0.04062
0.0469467
0.04619
0.0405733
0.0285667
0.0289133
0.0259933
0.0770833
0.0701733
0.0663667
0.03632
0.01529
0.00586667
0.00227333
0
0
0
0
0
0
0
0
0
0
0
0
0
0.00095
0.00095
0.00312333
0.00217333
0.00401667
0.00184333
0.00184333
0
0
0
0
0
0
0
0
0
0
0
0
0
0.00064
0.00064
0.00208
0.00244667
0.00208
0.000473333
0.000366667
0.00817
0.0193667
0.02002
0.02631
0.0384267
0.03223
0.0310867
0.0150133
0.0112967
0.0480633
0.03345
0.0298833
0.0441567
0.0613433
0.00671667
0.00545
0.00727333
0.0123467
0.0349233
0.01905
0.03185
0.0421267
0.01268
0.0166633
0.01748
0.0310867
0.02571
0.0151133
0.0136233
0.0115333
0.0272367
0.01245
0.02054
0.0373433
0.0466933
0.00804667
0.00777333
0.00612667
0.01357
0.0211733
0.0368567
0.00115
0.00115
0.00275667
0.00800667
0.0115467
0.00489
0.00524333
0.0145167
0
0
0
0.00275667
0.0137867
0.00944
0.00083
0.00329
0
0
0
0
0.0049
0.00501667
0.000116667
0.000276667
0.00267667
0.000216667
0.000216667
0
0
0
0
0
0.02735
0.00659333
0.00413333
0.000216667
0
0
0
0
0.06662
0.0379867
0.0173333
0.00423667
0
0
0.000106667
0.000106667
0.0428067
0.0478333
0.0152833
0.0134167
0.00253667
0
0.00032
0.000426667
0.00824667
0.0102567
0.00218667
0.00218667
0.00548333
0.00253667
0
0.00032
0.000176667
0.000176667
0
0
0.00552
0.00294667
0
0
0
0
0
0
0.01352
0.00303667
0.000463333
0
0.000176667
0
0
0
0.01315
0.0109467
0.000463333
0.000463333
0.00386333
0.000176667
0
0
0.0248433
0.00533667
0.00267
0
0.03413
0.00666333
0.00297667
0
0.0284933
0.0235
0.00399333
0.00267
0.0582267
0.0394133
0.0122667
0.00329667
0.00933
0.00898667
0.00132333
0.00132333
0.0304833
0.0357667
0.0140833
0.00939667
0.00420333
0.00166667
0
0
0.00386333
0.00869333
0.00500667
0.00511333
0.00548333
0.00253667
0
0
0.00207333
0.000176667
0
0
0.00329667
0.00294667
0
0
0.0155633
0.00252
0.000623333
0
0.000853333
0.00035
0
0
0.0335033
0.0161667
0.00312333
0.000623333
0.00490333
0.000853333
0.00035
0
0.0211167
0.02083
0.00287
0.0025
0.00925
0.00451667
0.000573333
0.000456667
0.01202
0.00362
0.000833333
0.00037
0.00508333
0.0052
0.000116667
0.000223333
0.00954
0.00923333
0.000463333
0.000463333
0.000426667
0
0
0
0.00077
0.00077
0.00124667
0.00124667
0.000426667
0.000426667
0.000176667
0.000176667
0
0
0.00253667
0.00378333
0.00720667
0.00488
0.01386
0.00915667
0.00166667
0
0
0.00253667
0.02119
0.01698
0.0326133
0.03182
0.0121533
0.00214667
0.00048
0
0.0145833
0.0194567
0.01803
0.0353967
0.03544
0.0218333
0.0129667
0.00162
0.00504
0.00563333
0.00165667
0.00918
0.00217
0.00155
0.00247333
0.0555867
0.0564267
0.0753133
0.04546
0.01614
0.0189133
0.05819
0.0552533
0.122373
0.249953
0.202053
0.13861
0.135673
0.01244
0.0283767
0.0170467
0.02334
0.0194833
0.01778
0
0.00016
0.00998333
0.0192533
0.05666
0.06984
0.07754
0.0621333
0.05895
0.0293733
0.0219033
0.00790667
0.00031
0.000183333
0
0.000563333
0.00192333
0.00724667
0.0125833
0.0328967
0.03766
0.0140333
0.00544667
0.00499333
0.00109333
0.00041
0.00018
0.000176667
0.00202
0.0400333
0.0414433
0.05116
0.04602
0.00448
0.0165533
0.04504
0.02955
0.01378
0.00566
0.0186567
0.0227467
0.00349667
0.00534333
0.0124867
0.0181567
0.00177
0.0302633
0.0427633
0.0525167
0.05112
0.0568
0.0307833
0.0278867
0.00326333
0.00227333
0
0
0
0
0.00315
0.0114667
0.00895667
0.0156533
0.0119167
0.00941667
0.00494667
0.02466
0.0347733
0.0252
0.06137
0.0463733
0.0101633
0.00424
0.0294033
0.06554
0.0537067
0.00865667
0.02929
0.0393233
0.04215
0.0723233
0.295337
0.198327
0.208353
0.542063
0.49866
0.225337
0.17734
0.150893
0.11033
0.08979
0.0694833
0.0697567
0.0461867
0.0337933
0.0160267
0.01349
0.0140567
0.0259967
0.0514733
0.0110967
0.01159
0.02962
0.0223167
0.0208633
0.0243667
0.00585333
0.00700333
0.0130233
0.0196733
0.0633433
0.082
0.140407
0.205127
0.26119
0.117383
0.0203333
0.0207833
0.03707
0.0860933
0.0894767
0.0610133
0.0602433
0.0331933
0.04111
0.0252333
0.04093
0.0225
0.158837
0.176977
0.21461
0.08497
0.0877167
0.11474
0.0900033
0.0941667
0.0733833
0.0561267
0.0401067
0.0205
0.01165
0.00361333
0.00620667
0.00665667
0.0819667
0.0986167
0.09119
0.0895467
0.06872
0.0580833
0.0575233
0.05782
0.01319
0.00441
0.00282667
0.00303667
0.00237667
0.00362667
0.00217333
0.000773333
0.00095
0.000176667
0.0111
0.0165933
0.0621867
0.08843
0.13077
0.14891
0.154637
0.04447
0.03914
0.05765
0.0386467
0.0326333
0.0385433
0.0144167
0.0123933
0.00102333
0.00109333
0.000373333
0.00334333
0.04655
0.0369533
0.0487833
0.0124767
0.00303667
0.00216667
0.00015
0.00015
0
0
0
0
0
0.00567
0.00806333
0.0212667
0.05604
0.0947233
0.135257
0.0634867
0.0308833
0.0837033
0.08107
0.0719067
0.04708
0.02749
0.0138433
0.00102
0
0.0207067
0.0104433
0.01529
0.00947667
0.0143233
0.00831
0.00285
0.00304667
0.000303333
0.000303333
0.000873333
0.000873333
0.0553433
0.04535
0.0103167
0.00693333
0
0
0
0
0.000136667
0.000136667
0.000846667
0.00187667
0.00356
0.0167633
0.0501567
0.0933433
0.102137
0.09359
0.106537
0.0898267
0.0656867
0.0997
0.0686833
0.10934
0.0745
0.0727967
0.0864333
0.03032
0.00613
0.00128
0.000586667
0
0
0
0.0185533
0.0283767
0.1019
0.120913
0.12387
0.123477
0.000126667
0
0
0.000176667
0.000176667
0.00202
0.00219333
0.0105533
0.0108833
0.02767
0.01958
0.0190733
0.00193667
0.00166667
0
0
0
0.000106667
0.0004
0.000506667
0.00599333
0.0112933
0.03286
0.111573
0.09917
0.10687
0.0314067
0.00023
0.000176667
0.000353333
0.00219667
0.01599
0.02395
0.0629667
0.07213
0.0934667
0.0918167
0.0808233
0.0540167
0.06993
0.0392867
0.02303
0.03758
0.0628533
0.0511067
0.0540233
0.00271667
0.0313333
0.00437
0.00175667
0.0419067
0.0411333
0.0373333
0.04955
0.00654667
0.00627333
0.00137667
0.00099
0
0
0
0
0
0
0
0
0
0
0.000176667
0.000176667
0.00773
0.00850333
0.02564
0.02026
0.0383167
0.0230233
0.0226933
0.00368667
0.00184333
0
0
0
0
0
0
0
0
0
0
0.000946667
0.00846667
0.01003
0.0183467
0.0414333
0.04125
0.05223
0.0291333
0.0392067
0.02572
0.0181567
0.00976667
0.0316467
0.0157833
0.0280867
0.0653367
0.0413067
0.0116633
0.0299533
0.05306
0.0410567
0.0471533
0.0567333
0.00759667
0.0166233
0.027
0.02113
0.0174767
0.0335033
0.02711
0.00439333
0.00358667
0.0296
0.0521667
0.0210133
0.0364867
0.0231767
0.02648
0.000343333
0.000343333
0.01149
0.0330833
0.0313667
0.0259867
0.01216
0.0227733
0
0
0.000176667
0.00891
0.00829
0.00339
0.000376667
0.0098
0.00246
0.00283
0
0.000176667
0
0
0
0.000216667
0.0238033
0.02353
0
0
0
0
0.00077
0.00077
0.05571
0.0439633
0.00032
0
0
0.00187667
0.00498667
0.00565
0.0498467
0.0177767
0.00032
0.00032
0.00441333
0.02376
0.00985
0.01441
0.00872667
0.000656667
0
0
0.02483
0.0398267
0.000536667
0.00996
0.000176667
0
0
0
0.0230533
0.0316367
0
0.000216667
0
0
0
0
0.0245867
0.0347967
0
0
0.000176667
0.000176667
0
0
0.0259333
0.0169567
0
0
0.00386333
0.00869333
0
0
0.02368
0.0296133
0
0
0.03616
0.0374567
0
0
0.03577
0.0169167
0
0
0.05424
0.0296633
0.00032
0
0.00998333
0.00419667
0
0
0.0283667
0.00657667
0.000426667
0.00032
0.00608
0.02376
0
0
0.00386333
0.000176667
0.000106667
0.000106667
0.02483
0.0321567
0
0
0.00207333
0.00301667
0
0
0.01316
0.0120567
0
0
0.01606
0.02459
0
0
0.00269667
0.00477
0
0
0.04143
0.03248
0
0
0.00697667
0.02417
0.000116667
0.000116667
0.02484
0.0167433
0
0
0.02683
0.02617
0.00533333
0.00534333
0.02142
0.0314167
0
0
0.00847333
0.00559
0.00953
0.0147567
0.0223233
0.01394
0.000176667
0.000176667
0.00262667
0.0130533
0.000216667
0.00964
0.00115667
0.000386667
0.00887333
0.00780333
0.0108533
0.01137
0.000946667
0.000986667
0
0
0.0235933
0.0286833
0.00327
0.0131333
0.0195833
0.0113733
0.00166667
0.00203667
0.00441333
0.0242233
0.02128
0.0383
0.0316367
0.0241033
0.0120433
0.0114433
0
0.00187667
0.0333367
0.0276367
0.0269467
0.02398
0.02516
0.0176533
0.00114
0
0.00829
0.00437667
0.00858667
0.00898667
0.0174733
0.00174667
0.02548
0.0484133
0.01544
0.0349
0.0237267
0.00992
0.0519867
0.0887333
0.131973
0.17155
0.241983
0.335593
0.13552
0.324547
0.563653
0.51369
0.499643
0.0431567
0.0325333
0.0325367
0.0264367
0.00583333
0.04121
0.0350533
0.02201
0.0292567
0.00702333
0.0117167
0.00346
0.00368
0.000593333
0.000593333
0.17394
0.02656
0.01685
0.0151
0.0391533
0.0342133
0.000756667
0.000336667
0.000173333
0.00183667
0.00302
0.0108933
0.00976
0.02002
0.0483133
0.0589367
0.0605267
0.0885167
0.0969033
0.105407
0.0704267
0.0420867
0.0283267
0.0347467
0.0448967
0.0453633
0.0302467
0.0139233
0.00604333
0.00793333
0.00612667
0.01527
0.01102
0.0184733
0.0105267
0.0108867
0.113983
0.0242633
0.0252967
0.0276633
0.00878667
0.000486667
0.00198667
0.22746
0.09996
0.06828
0.00757667
0.01471
0.02272
0.0416367
0.05982
0.00969
0.00181
0.000463333
0.000476667
0.00199
0.00367667
0.0113733
0.01823
0.02811
0.0484133
0.0595967
0.0943667
0.0872533
0.04612
0.0359333
0.0163
0.0196667
0.0355167
0.0350233
0.03472
0.0342867
0.0456167
0.03082
0.0342133
0.0192067
0.0305433
0.0284133
0.04111
0.03542
0.03518
0.0195167
0.195553
0.00481667
0.00312333
0.003
0.00472667
0.0112133
0.0188867
0.0399267
0.03185
0.0338067
0.01377
0.0104867
0.00245667
0.00164667
0.00015
0.000326667
0.00201333
0.00219333
0.0107133
0.0105433
0.0219033
0.0144567
0.01512
0.0331033
0.02377
0.0267933
0.00803667
0.00601
0.00778667
0.00445333
0.0128167
0.0191167
0.0850867
0.000956667
0.00315
0.0035
0.0115267
0.0598467
0.02506
0.00096
0
0.000753333
0.00055
0.00247333
0.00387667
0.0121567
0.02291
0.0386433
0.0593567
0.06629
0.0757033
0.0584233
0.05275
0.0443233
0.0348133
0.03022
0.00419667
0.00426667
0.01005
0.00885
0.01713
0.0194567
0.04601
0.0223
0.0129667
0.00818667
0
0
0
0.000356667
0.000356667
0.00202333
0.00274
0.00107333
0.00340333
0.00471333
0.00238333
0.00238333
0.00268333
0.00099
0.00108667
0.00366333
0.00307
0.00728667
0.00617
0.0292933
0.0377533
0.0650833
0.0792167
0.143327
0.0357767
0.07039
0.0229833
0.0374633
0.03281
0.0666633
0.05579
0.09281
0.04079
0.06141
0.0128
0.0331433
0.08833
0.109627
0.142373
0.0862567
0.0698133
0.01672
0.01976
0.000343333
0.00625667
0.0498033
0.0619533
0.07705
0.10394
0.12676
0.118153
0.106323
0.12369
0.0921533
0.07384
0.132163
0.1794
0.156013
0.102543
0.108083
0.112873
0.11997
0.08905
0.0784733
0.0805533
0.0898267
0.100153
0.118263
0.06787
0.0950667
0.0689367
0.0148233
0.03014
0.0257533
0.0397233
0.03663
0.0308167
0.0116533
0.0106233
0.00819667
0.00801
0.03337
0.0266833
0.02743
0.0219267
0.01691
0.0320333
0.0443467
0.0163933
0.0301533
0.0396433
0.0336233
0.00387333
0.0210233
0.02522
0.04032
0.0468167
0.03063
0.00375333
0.00317
0.0112067
0.0303067
0.0330633
0.0344733
0.00431667
0.00370333
0.00213667
0.0106933
0.0112033
0.0144733
0.0306667
0.0245667
0
0.00187667
0.00187667
0.00264667
0.0403467
0.0569667
0.00013
0.00013
0.00539333
0.00526333
0.00920667
0.0358567
0
0.00013
0.00445
0.00971333
0.02185
0.0228567
0.00077
0.00077
0.00268333
0.00623333
0.01228
0.0302033
0.0111733
0.0111967
0.0308167
0.0223033
0.00946
0.0130167
0.00294667
0.0133733
0.0227333
0.0401533
0.0345
0.0287967
0.000216667
0.00241667
0.00408333
0.0139733
0.02241
0.03958
0.00341
0.00217
0.00217
0.00188333
0.0104267
0.0175067
0.02292
0.0153867
0.01528
0.00330333
0.04282
0.0245767
0.0878933
0.0665633
0.0584267
0.19094
0.100993
0.239113
0.18386
0.178167
0.0740633
0.27371
0.291087
0.240073
0.204857
0.28886
0.275267
0.229213
0.170067
0.184527
0.241963
0.135353
0.111157
0.249357
0.190997
0.148453
0.1506
0.180963
0.15976
0.106467
0.0503533
0.000586667
0
0
0
0.0185533
0.0360067
0.10843
0.10953
0.23413
0.214017
0.223907
0.0677833
0.116903
0.03155
0.0152467
0.00106667
0.000126667
0
0.000213333
0.00032
0.000213333
0.0122467
0.0057
0.11032
0.0953
0.18427
0.04683
0.122293
0.03006
0.00559667
0.00151667
0.000353333
0.00289
0.0166833
0.11448
0.129983
0.128333
0.155183
0.108887
0.0907867
0.13487
0.0915267
0.15488
0.117583
0.0200467
0.05716
0.113287
0.00817
0.00869
0.01518
0.05607
0.0552967
0.0459767
0.04403
0.00110333
0.000813333
0.000386667
0.000386667
0
0
0
0.000183333
0.00113
0.0202433
0.0442967
0.0581167
0.07543
0.0697267
0.04208
0.01925
0.0492767
0.01361
0.00381
0.05042
0.04281
0.0606367
0.0277233
0.0223567
0.0268067
0.0342167
0.0109933
0.202457
0.323297
0.44672
0.435587
0.416907
0.685827
0.730177
0.651407
0.57418
0.743143
0.729097
0.290297
0.173557
0.104617
0.0418767
0.0499467
0.0333733
0.02934
0.00894
0.00802
0.00390333
0.0124767
0.01215
0.0202667
0.01517
0.0168167
0.00825333
0.00500333
0.0166733
0.021
0.0293367
0.06735
0.0611133
0.0686167
0.0264667
0.02315
0.00505667
0.00454667
0.000303333
0.00725667
0.01018
0.0118967
0.0236667
0.04019
0.0465067
0.0386133
0.0379233
0.0248267
0.03016
0.0189867
0.0212133
0.0308533
0.0562833
0.0803567
0.17177
0.251183
0.00746667
0.00421
0.00012
0.00012
0.00135667
0.00012
0.00188667
0.0352133
0.0172467
0.0368033
0.0640233
0.0657233
0.0250267
0.0358167
0.02618
0.0322167
0.01491
0.01472
0.0253933
0.00712
0.0199633
0.34621
0.286397
0.264233
0.28901
0.327973
0.25678
0.18208
0.19976
0.195833
0.162103
0.16554
0.140617
0.168947
0.197027
0.16812
0.170327
0.10243
0
0.00722667
0.0258833
0.0112533
0.0238067
0.0712433
0.0322367
0.0119
0.00517667
0.00126667
0.00072
0.000106667
0.000106667
0.000106667
0.0002
0.0002
0.00312
0.00379333
0.0178667
0.01834
0.0312033
0.06457
0.06609
0.06421
0.0458733
0.03747
0.0154433
0.00847
0.0355033
0.0289133
0.0538167
0.0184667
0.01157
0.00130333
0.00054
0.000196667
0
0.0003
0.00222333
0.00206
0.0128533
0.01164
0.0168867
0.00726
0.0194
0.06954
0.119877
0.07128
0.0907633
0.0624233
0.0323167
0.0256333
0.06157
0.07099
0.03434
0.01959
0.0196733
0.0252533
0.01249
0.0205467
0.013
0.0438033
0.0317933
0.0213267
0.00161667
0.00061
0.000423333
0.00293333
0.00705333
0.0280733
0.0338033
0.0565967
0.04098
0.03686
0.0236433
0.03629
0.0376767
0.0325967
0.0143
0.0126433
0.00700667
0.0267167
0.0241233
0.0312833
0.012
0.0153933
0.0055
0.0217633
0.13492
0.0240333
0.08502
0.14564
0.15606
0.123953
0.0701067
0.133783
0.07486
0.0796167
0.0283
0.0726333
0.207593
0.218827
0.10642
0.02883
0.00394667
0.000586667
0.000273333
0.000273333
0.00504333
0.0222233
0.0396767
0.0355967
0.00878
0.0249333
0.00121667
0.000276667
0
0
0.000176667
0.000176667
0.00202
0.0063
0.01466
0.0223833
0.0350633
0.02986
0.02196
0.00482333
0.00166667
0
0
0
0.000106667
0.000106667
0.000106667
0.00665333
0.00685
0.03692
0.0142
0.00326
0.00209
0.000293333
0.000566667
0.00298667
0.00472667
0.0184233
0.0264633
0.07041
0.119483
0.169427
0.179887
0.251417
0.170743
0.120003
0.123727
0.22456
0.08752
0.0767733
0.0578067
0.047
0.0359433
0.01872
9.66667e-05
0.0168167
0
0
0
0
0
0
0
0
0
0
0
0
0
0
0
0
0.000176667
0.000526667
0.00808
0.01106
0.0278467
0.0278433
0.0436933
0.0275067
0.0218
0.00279333
0.00184333
0
0
0
0
0
0
0
0
0.000183333
0.000366667
0.00131333
0.00438
0.0159733
0.0354167
0.0571667
0.06482
0.0692633
0.03046
0.0254867
0.0247133
0.034
0.0336733
0.0198133
0.05595
0.0446267
0.0508533
0.0428733
0.0230467
0.0295767
0.0163
0.0465667
0.0307967
0.0453233
0.02522
0.02791
0.0257867
0.00582667
0.00372333
0.0216333
0.01281
0.00753333
0.00889333
0.00565
0.0560367
0.0396133
0.0299733
0.02249
0.0296967
0.02242
0.000343333
0
0.03541
0.0357967
0.0236233
0.00592667
0.0376567
0.0412767
0
0
0.00891
0.0138167
0.00339
0
0.0113067
0.02855
0.00037
0.00037
0.000176667
0.000176667
0
0
0.000216667
0.00188333
0.00255667
0.00218667
0
0
0
0
0.000946667
0.000176667
0.0114133
0.00954667
0
0
0.00187667
0.00301667
0.01431
0.00960667
0.0100267
0.0008
0
0
0.0223633
0.0292567
0.0317633
0.031
0.00048
0
0
0
0.04565
0.0303533
0.0173033
0.0345467
0
0
0
0
0.0331133
0.01659
0.000393333
0.00805667
0
0
0
0
0.0253233
0.0143933
0
0.000176667
0
0
0
0
0.01489
0.00210667
0
0
0.00500667
0.00511333
0
0
0.0101067
0.00892
0
0
0.0100967
0.00509
0
0
0.00957333
0.000973333
0
0
0.00787333
0.00289
0
0
0.00253
0.00677667
0
0
0.00289
0
0
0
0.0261233
0.0330167
0
0
0
0
0
0
0.03798
0.0208567
0
0
0.00112
0.00112
0
0
0.01393
0.00406667
0
0
0.0115467
0.0108533
0
0
0.00426667
0.00367
0.00077
0.00077
0.0149467
0.00452
0
0
0.0213667
0.0215933
0.00537667
0.00603
0.0139567
0.0108733
0
0
0.0237367
0.00916333
0.0180533
0.0180867
0.0236567
0.0143933
0
0
0.00871333
0.0156767
0.03211
0.0353967
0.01377
0.000986667
0.000176667
0
0.02298
0.0338233
0.0113067
0.02855
0.000386667
0
0.0111633
0.00353667
0.0244133
0.0143933
0.00288333
0.00378
0
0.00253667
0.0466867
0.0302367
0.0112133
0.01128
0.0307033
0.0221733
0.00290667
0.00391667
0.0306367
0.04801
0.03022
0.0228933
0.0325833
0.0473933
0.00244667
0.00242667
0.00187667
0.0108267
0.0252733
0.00592667
0.00768667
0.0238233
0.00391667
0.00315
0
0
0.00437667
0.0031
0.00132333
0.00299
0.00368667
0.0117267
0.000136667
0.0495933
0.0144367
0.0362533
0.0665067
0.0146667
0.00567
0.0796467
0.0234733
0.281807
0.130097
0.0872167
0.200527
0.23143
0.124383
0.36849
0.533717
0.274377
0.153767
0.100747
0.0380067
0.00388333
0.00134333
0.00094
0.00317333
0.00223333
0.00611333
0.00399333
0.00448667
0.00349333
0.00362333
0.0213133
0.03274
0.0736
0.0982433
0.134173
0.110783
0.0894433
0.04396
0.0305467
0.00922667
0.000583333
0.0004
0.00207667
0.00179667
0.00901667
0.00787
0.0143
0.00887333
0.00754333
0.00910667
0.0204
0.02057
0.0337833
0.0320833
0.0434933
0.0437933
0.0608567
0.04209
0.0453667
0.04902
0.0248
0.0262833
0.01749
0.0247033
0.0259367
0.03642
0.03815
0.0466033
0.03909
0.0364233
0.0174333
0.0137867
0.00432333
0.00435667
0.00463667
0.01627
0.03936
0.0445633
0.03674
0.02208
0.0177267
0.0273667
0.21825
0.18921
0.22195
0.160397
0.15957
0.194107
0.00853333
0.00119667
0.000543333
0
0
0.0650167
0.0714333
0.0469467
0.0497833
0.03253
0.0181433
0.00124333
0
0
0
0
0
0
0
0
0
0
0
0
0
0.00018
0.00018
0.00288
0.00339
0.0110767
0.0117
0.02428
0.00485
0.00135
0.000586667
0.000563333
0.00248667
0.0328733
0.0363333
0.02425
0.03977
0.0537
0.0297033
0.02483
0.03176
0.03548
0.01736
0.0219767
0.02272
0.0116833
0.00822
0.0136233
0.0153167
0.00376333
0.00376
0.02074
0.00784
0.01885
0.00343333
0.0268833
0.0154533
0.00343333
0.00026
0.0145433
0.00531667
0.0237833
0.00774
0.00461
0.01353
0.00356333
0.0229233
0.0302267
0.00299
0.0006
0.0166067
0.01185
0.01167
0.01232
0.00026
0
0.00846
0.00918333
0.0110667
0.0104267
0
0
0.000946667
0.00349
0.0134067
0.00479667
0
0
0.0138033
0.00871667
0.00508667
0.00044
0
0
0.02692
0.03114
0.00355333
0.00311333
0
0.00026
0.0079
0.0233233
0.00348667
0.000373333
0.00100667
0.00394667
0.02444
0.00648667
0.00561
0.00523667
0.00368667
0.00329
0.0308867
0.0236867
0.01479
0.00998667
0.00035
0.00035
0.0121733
0.0116667
0.0125267
0.00297333
0.00145667
0.00170667
0.00184
0.00224
0.00577667
0.00389
0.0111933
0.0107033
0.00322
0.00204333
0.0267833
0.0264367
0.04376
0.0366067
0.0311733
0.00756
0.04762
0.04178
0.0160367
0.0579533
0.0147
0.0336533
0.0827933
0.05861
0.0659367
0.02187
0.00042
0.0584233
0.0656633
0.237433
0.15749
0.0961567
0.00336
0
0.00024
0.000513333
0.01759
0.03069
0.03445
0.00784
0.000276667
0
0
0
0.000196667
0.000196667
0.0144
0.0233967
0.00403333
0.00233333
0.000663333
0.000703333
0.00234667
0.0112567
0.0216767
0.0321433
0.0688233
0.17977
0.19023
0.289907
0.287657
0.31209
0.35862
0.257847
0.252757
0.270307
0.174333
0.148013
0.2676
0.08249
0.0811367
0.0272
0.0114933
0.00891667
0.0197067
0.0339933
0.0172733
0.000553333
0
0
0
0
0.0318967
0.05448
0.0433067
0.0273933
0.02404
0.0266067
0.04917
0.0431433
0.0568667
0.0476
0.0329967
0.0313767
0.0482567
0.0316433
0.0304767
0.0267
0.01889
0.0663533
0.293747
0.306003
0.357143
0.50301
0.55963
0.586047
0.0285167
0.0126567
0.0128933
0.00380333
0.00348
0.000113333
0.000606667
0.00523333
0.00286333
0.02555
0.0096
0.0784567
0.0418333
0.11279
0.143863
0.107963
0.138993
0.0381167
0.07005
0.00714333
0.0186533
0.00092
0.0028
0.00229333
0.0172833
0.01028
0.0318833
0.03372
0.0264567
0.0120067
0.0280267
0.0118767
0.00783
0.00434333
0.00876667
0.04589
0.0222033
0.0845667
0.0699
0.0879433
0.0554967
0.0739867
0.03211
0.0371033
0.03207
0.0459
0.0427833
0.0567133
0.05774
0.05174
0.0645167
0.0205133
0.0394767
0.00446
0.01105
0.00247
0.00232667
0.00204333
0.01484
0.0250767
0.0418267
0.0387867
0.0380033
0.0655633
0.0748233
0.171327
0.265033
0.25764
0.294737
0.245993
0.243607
0.17969
0.166113
0.22139
0.167833
0.14886
0.202613
0.0973133
0.13755
0.122767
0.06723
0.107867
0.113307
0.05834
0.0159667
0
0
0.0002
0.00197667
0.00489667
0.0146
0.0268967
0.0396367
0.06694
0.0825467
0.0965667
0.0873767
0.0351833
0.03346
0.01813
0.0125833
0.00265667
0.00124333
0
0
0
0
0
0.00018
0.0210767
0.0563767
0.0610067
0.0678933
0.0867767
0.0284167
0.0437867
0.0154633
0.0127033
0.00132667
0.0012
0.00484
0.0154733
0.0329767
0.04598
0.03184
0.04947
0.0706167
0.0540133
0.05779
0.06572
0.0194533
0.0342733
0.0250767
0.02341
0.0371767
0.0436467
0.00636667
0.00111333
0.00358333
0.00506333
0.0255233
0.03962
0.000256667
0.00212
0.00104667
0.00308333
0.000413333
0.00255333
0.0153767
0.00447667
0.0260167
0.0292767
0
0
0.0229833
0.0234867
0.00986
0.00815667
0.00039
0
0.00359667
0.0144967
0.000516667
0.000176667
0.00698667
0.00549333
0.000246667
0.00241333
0
0
0.01492
0.01748
0.00490333
0.000606667
0
0
0.00326
0.0139667
0.0128333
0.00495333
0
0
0.0108433
0.00284333
0.02248
0.0171267
0
0.000176667
0.0361367
0.0209267
0.0372733
0.03199
0.000436667
0.00902667
0.0197533
0.0283467
0.02176
0.0340033
0.01179
0.02892
0.00495
0.00279333
0.00550667
0.00788667
0.02068
0.02
0.00419333
0.00341
0.00315667
0
0.00261
0.00243667
0.00156
0.00128667
0.00458333
0.00332667
0.000426667
0.000426667
0.000573333
0.0004
0.00236
0.00210333
0.00121667
0.000966667
0.00225
0.00038
0.00152667
0.0033
0.0150133
0.00064
0.0011
0.0143133
0.01221
0.0148933
0.0206533
0.00778
0.000216667
0.0124333
0.000453333
0.0393567
0.00756333
0.000223333
0
0.0345167
0.0323933
0.0197633
0.00514333
0.00336
0.01211
0.0244167
0.0419667
0.0389
0.0361233
0.00756333
0
0
0
0
0
0
0
0
0.00445667
0.0140233
0.00974
0.0128967
0.00350333
0.00333
0.000173333
0
0
0
0
0
0
0
0
0
0.00846
0.01828
0.00288
0.000936667
0.00043
0.09316
0.14061
0.17569
0.30164
0.13166
0.225587
0.06875
0.35042
0.316207
0.2496
0.24007
0.152297
0.270203
0.3239
0.0195467
0.0401433
0.106997
0.15197
0.00398667
0.0241333
0.01099
0.0707667
0.0584767
0.07876
0.108803
0.0246367
0.06987
0.0184
0.00168
0.000553333
0
0
0
0
0
0
0
0
0
0
0
0
0
0
0
0.00035
0.00035
0.00350667
0.00333
0.01088
0.00772333
0.00755
0.0085
0.00095
0.00095
0
0
0
0
0
0
0
0
0
0.000183333
0.000183333
0.00343333
0.00365
0.0119067
0.0105933
0.0248533
0.0379267
0.0867133
0.0740267
0.0978633
0.0420633
0.05344
0.04087
0.0766133
0.109653
0.115317
0.105577
0.0826433
0.0662067
0.0914933
0.110463
0.0846167
0.05623
0.07028
0.10037
0.0973367
0.06006
0.0666767
0.0701233
0.0690933
0.0491267
0.04185
0.0417633
0.01552
0.0289867
0.0269467
0.0416467
0.02903
0.01582
0.0141667
0.00619333
0.0104367
0.00565
0.01082
0.01481
0.00688667
0.00525333
0.00621333
0.0171633
0.00052
0.000636667
0.00975667
0.01432
0.00316
0.00373667
0.01678
0.0336167
0.000116667
0.000116667
0.0052
0.00508333
0.00311333
0.00348333
0.0209433
0.0194967
0
0
0
0
0.00037
0.00037
0.00203667
0.00166667
0
0
0
0
0
0
0
0.000176667
0.00032
0.00032
0
0
0.00114
0.00142333
0.00046
0.00912
0.00032
0
0
0
0.0101933
0.0125167
0.0124067
0.0295833
0
0
0
0
0.0162833
0.00883667
0.0222467
0.0264467
0
0
0
0
0.00638333
0.00233333
0.00898667
0.00784
0
0
0
0
0.00161
0.0006
0.000176667
0.000176667
0
0
0
0
0.0006
0
0
0
0.000106667
0.000106667
0
0
0.00032
0.00032
0
0
0.000106667
0
0
0
0.00032
0
0
0
0
0
0
0
0.0049
0.00501667
0.000116667
0.000116667
0
0
0
0
0.0137867
0.00923667
0.000466667
0.00035
0
0
0
0
0.0113433
0.00257333
0.00035
0
0
0
0
0
0.00222333
0
0
0
0.000426667
0.000426667
0
0
0.00124667
0.00142333
0.000176667
0.000946667
0.000426667
0
0
0
0.00407333
0.0113833
0.00950333
0.0145867
0.00101
0.00101
0
0
0.01433
0.0293233
0.03146
0.0356133
0.00161
0.0006
0
0
0.03112
0.0338433
0.0362
0.0360167
0.0006
0
0
0
0.0292433
0.0198833
0.0243
0.02012
0
0.00187667
0.00187667
0.00523667
0.0144433
0.0014
0.00266
0.00356333
0.00441333
0.0242233
0.0250467
0.04242
0.00141667
0.00368
0.00456667
0.0240733
0.0233567
0.03829
0.05653
0.04567
0.00621667
0.00832
0.02529
0.04008
0.01883
0.0194867
0.0280867
0.0106167
0.00565
0.00348333
0.0209433
0.0194967
0.00231667
0.00255
0.00225
0.000583333
0.00248333
0.00248333
0.00203667
0.00166667
0.0114233
0.00072
0.04929
0.04858
0.01055
0.0333533
0.0411967
0.00995667
0.0156267
0.0671467
0.10053
0.119543
0.179827
0.258303
0.125343
0.00266
0.00752
0.0238033
0.113327
0.0788233
0.0665767
0.03377
0.01778
0.00249667
0.0387167
0.0223867
0.00528
0.0462133
0.06935
0.0553933
0.0288567
0.0290567
0.04408
0.0573067
0.0563
0.04065
0.0212367
0.0106
0.00298
0.00129667
0.000133333
0.10114
0.0423633
0.0264033
0.0113933
0.00474
0.00159333
0.00042
0
0
0
0
0
0.000736667
0.00110333
0.0126467
0.0198367
0.0317533
0.0246267
0.0252033
0.01443
0.0133533
0.00639667
0.0196733
0.14674
0.11085
0.04989
0.0223
0.135093
0.0673367
0.04713
0.08199
0.05539
0.0937767
0.180907
0.0702367
0.19293
0.12853
0.0948767
0.03243
0.0382833
0.0609133
0.0431533
0.0133067
0.00532333
0.00096
0.000856667
0.000523333
0.00021
0.000316667
0.000106667
0.000853333
0.00252333
0.00446333
0.01362
0.0244467
0.0381667
0.0515467
0.0686233
0.0680933
0.07449
0.0168767
0.00947
0.009
0.00221
0.00141333
0
0
0.000246667
0.000246667
0.000246667
0
0
0.000336667
0.00222667
0.00477
0.01528
0.07517
0.09657
0.09499
0.0971033
0.05043
0.0523333
0.00203333
0.00142
0.00324
0.00341333
0.0139867
0.0273633
0.0470833
0.0566267
0.0486967
0.02947
0.0282933
0.0816067
0.0623467
0.0304033
0.0150833
0.0111967
0.0218633
0.05293
0.000743333
0
0.00187667
0.00303
0.0223767
0.0327133
0.0414233
0.0256233
0.0150767
0.00565333
0.00225667
0.00059
0.00015
0
0
0
0
0
0
0
0
0
0.000433333
0.00061
0.00061
0.00378
0.00425667
0.0238767
0.0231633
0.0292433
0.0373133
0.00023
0.0164567
0.0262233
0.02952
0
0.00023
0.02461
0.02833
0.0385033
0
0
0.00442333
0
0.000243333
0.000483333
0.00308
0.0144333
0.0385533
0.0367267
0.0376067
0
0
0
0
0
0
0
0.00094
0.00094
0.00536333
0.0155933
0.00789667
0.00204333
0.000663333
0.00138
0.0105633
0.01773
0.02889
0.05462
0.0578733
0.00295667
0.0067
0.00117333
0.17229
0.0674867
0.1584
0.183763
0.268623
0.137993
0.01542
0.145847
0.0296233
0.0118533
0.00142333
0.13248
0.187807
0.286477
0.0110933
0.00946667
0.0491767
0.0357367
0.0339567
0.0389433
0.0149533
0.00953667
0.00274667
0.000143333
0.000143333
0.02552
0.0476467
0.07274
0.0700833
0.0785
0.0605533
0.08096
0.0863667
0.0404867
0.0489833
0.0278033
0.0248367
0.00687333
0.00615333
0.00234667
0.00216
0.00013
0.000466667
0.00308667
0.0112233
0.0182633
0.0337567
0.03458
0.0398067
0.02214
0.0148333
0.00223
0.00481333
0.00303
0.00556333
0.0348433
0.0352367
0.04268
0.0155067
0.01564
0.01584
0.0147867
0.02554
0.0387667
0.03004
0.0393367
0.00029
0
0.0199733
0.01527
0.01772
0.00128667
0.00921333
0.0557633
0.0368467
0.01042
0.0199133
0.00069
0.000786667
0.0171067
0.01361
0.0890367
0.0455967
0.0191233
0.0175633
0.00513667
0.00803333
0.0473567
0.0284533
0.0226433
0.00886333
0.0205967
0.02356
0.113423
0.0827367
0.0412067
0.0240267
0.0332833
0.00884
0.01475
0.0118767
0.0200833
0.0200333
0.0773433
0.0358133
0.01562
0.0115067
0.03392
0.0373967
0.0956633
0.0347533
0.0387367
0.0430033
0.04709
0.06987
0.0328067
0.0129567
0.00941667
0.0453133
0.0461033
0.03725
0.0339767
0.0252733
0.00349333
0.0140367
0.0342133
0.0208533
0.0502667
0.0460633
0.04653
0.08875
0.0842633
0.0833433
0.0133267
0.01152
0.00411333
0.000796667
0
0
0
0
0.000533333
0.000533333
0.00212333
0.00444333
0.0031
0.00366
0.000806667
0.000666667
0.000106667
0.000313333
0.000363333
0.000363333
0.00204667
0.00225667
0.0129467
0.01427
0.0403833
0.0555333
0.08441
0.0796867
0.0806267
0.0821667
0.04346
0.0310933
0.0135167
0.0744133
0.06399
0.0140167
0.0132167
0.00353667
0.0449033
0.0337433
0.00189333
0.00191333
0.0390233
0.0325767
0.0023
0.00498
0.00012
0.00361333
0.00192667
0.0364333
0.0172167
0
0.000436667
0.03273
0.0237567
0.00835667
0.000716667
0.000176667
0.000176667
0.0235
0.04123
0.000176667
0
0.0089
0.00397333
0.00408
0.0142667
0
0.00343667
0.0358367
0.02875
0.00036
0.00166667
0.00343667
0.00508667
0.01917
0.03848
0.000656667
0.00036
0.00165
0.00165
0.00284333
0.00846333
0.00919
0.0006
0.000176667
0.000176667
0.0128467
0.00276333
0.02962
0.0121733
0.00876667
0.0138133
0.0111567
0.0108667
0.0205133
0.0214133
0.0312033
0.02687
0.00112667
0.000896667
0.00238
0.00276333
0.0239067
0.00674667
0.000503333
0.000376667
0
0
0.00266667
0.000406667
0.000126667
0.000126667
0.00541667
0.00524667
0.000176667
0
0
0
0.0104967
0.0150667
0
0
0.000206667
0
0.00456333
0.0142133
0
0.00505333
0.00162
0.01086
0.0147467
0.0058
0.0229533
0.0160067
0.07002
0.00265333
0.0135133
0.0102233
0.0377133
0.03215
0.0233267
0.0298633
0.0323667
0.0419367
0.07409
0.00621333
0.00356
0.00356
0
0
0
0
0
0
0
0
0
0
0
0.000173333
0.000173333
0.000346667
0.000173333
0.000173333
0
0
0
0
0
0
0
0
0.000336667
0.00127667
0.00944667
0.0135333
0.0400833
0.0170367
0.02237
0.00440667
0.00302667
0
0.00122333
0.00117333
0.000243333
0.00284
0.000243333
0.00502
0.00127667
0.0406733
0.0207967
0.0628933
0.0767067
0.00412667
0.000453333
0.0533633
0.07793
0.00135
0.00287333
0.00225667
0.0597867
0.0621333
0.0621367
0.00689333
0.00869667
0.00162
0.00816333
0.0574533
0.0396933
0.06275
0.00162
0.00121
0.00135333
0.00135333
0.00180333
0.000593333
0.000813333
0.00022
0.00022
0
0
0
0
0
0
0
0
0
0
0
0
0
0.000173333
0.000173333
0
0
0
0
0
0
0
0
0
0.00057
0.00057
0.00397667
0.00340667
0.00340667
0.00603333
0.00287
0.000243333
0.000643333
0.000643333
0.00233667
0.00419
0.0214167
0.03004
0.0258433
0.0208033
0.00293
0.00224
0.00252667
0.000286667
0.000463333
0.00149333
0.00156667
0.00312667
0.00413333
0.00663667
0.00428
0.00606667
0.00347
0.00181667
0.000133333
0.000133333
0
0.00092
0.01179
0.00961667
0.01825
0.0105933
0.0168333
0.00926667
0.00194667
0.00183333
0.00270333
0.00140667
0.00944
0.0261767
0.00193333
0.00178667
0.01226
0.0170233
0.03553
0.0322767
0.0423667
0.0161633
0.0138433
0.0189633
0.0258867
0.02894
0.0119167
0.0113367
0.0188033
0.0102833
0.0132333
0.00584333
0.00958333
0.0123167
0.000236667
0
0.000383333
0.00062
0.000383333
0.000236667
0
0
0
0.00185
0.00185
0.01057
0.02006
0.0552
0.07021
0.02894
0.03406
0.04638
0.03882
0.0464133
0.0320833
0.0395867
0.0296133
0.02647
0.02982
0.0199133
0.0191
0.02824
0.0284567
0.00382667
0.00103333
0.00326667
0.0403867
0.0707633
0.08591
0.0919333
0.0807733
0.0687933
0.05815
0.02523
0.03178
0.04781
0.0395633
0.0457267
0.03022
0.03841
0.0279967
0.0322267
0.0326567
0.0348833
0.04323
0.04274
0.0203967
0.01774
0.0149467
0.02316
0.00845
0.00895
0.00235
0.00331
0.00739667
0.0151567
0.0239333
0.0396733
0.04499
0.06085
0.0492233
0.0631233
0.0523433
0.05935
0.0339967
0.0462067
0.0532433
0.0434667
0.0300133
0.0620733
0.0528567
0.0708767
0.0348067
0.04872
0.0317
0.01749
0.01
0.0121133
0.00816
0.00919333
0.0172067
0.0287933
0.0358
0.03389
0.0145167
0.0101933
0.01921
0.00964333
0.01449
0.00547667
0.0107933
0.00638
0.00821333
0.0181967
0.03911
0.0466367
0.11758
0.12114
0.104427
0.06856
0.0458833
0.0360867
0.0160667
0.00633
0.0143433
0.0131833
0.0254967
0.0151933
0.02306
0.00946
0.0135233
0.0792367
0.127897
0.0418
0.000796667
0.00223
0.03969
0.03059
0.0603767
0.06085
0.0911533
0.08842
0.0879167
0.05826
0.0575167
0.0294167
0.03588
0.0157133
0.127517
0.0883633
0.0937933
0.03818
0.02843
0.0826333
0.0945067
0.101653
0.0977967
0.0727
0.0620767
0.0318233
0.0176367
0.00807667
0.08156
0.04967
0.0446667
0.00290333
0.00452667
0.02094
0.00014
0.00014
0.0155
0.0121533
0.00115333
0.00308
0.0100133
0.000976667
0.0152933
0.0342833
0.00054
0.000176667
0.0359033
0.0338767
0.000176667
0.00397333
0.0141733
0.0122933
0.00723333
0.0270833
0.00210667
0.00166667
0.0249367
0.0292467
0
0
0.00939667
0.00792333
0
0.000303333
0.000176667
0.000636667
0.000303333
0.00358333
0.00568333
0.00583
0.00328
0.00366333
0.00962667
0.00440333
0.000383333
0.000383333
0.00448667
0.00023
0.000176667
0.000176667
0.00023
0
0.00378
0.00885
0
0
0.02847
0.0345167
0
0
0.04023
0.0244967
0.00228333
0.00228333
0.00369667
0.0248767
0.0247767
0.00808333
0.00949667
0.0183733
0.0621767
0.0629233
0.02429
0.08369
0.06736
0.10255
0.06478
0.107683
0.10523
0.14675
0.0355867
0.0861
0.02837
0.0285233
0.00636667
0.143677
0.101447
0.14436
0.169157
0.06702
0.10736
0.0290567
0.00273667
0.0111
0.01187
0.0395567
0.0272833
0
0.00280667
0.0194533
0.00302667
0.00605333
0
0
0.00014
0.00161333
0.00344
0.000203333
0
0.00154
0.00276333
0.0150133
0.00035
0.00878667
0.000203333
0.0338033
0.00035
0
0
0.00147333
0.00696
0.00669667
0
0.00276667
0.00430667
0.0176833
0.03493
0.00502
0.0183967
0.0263333
0.0197967
0.01467
0.00471333
0.00183333
0.00200667
0.00049
0.00888667
0.0111467
0.01611
0.01509
0.02156
0.0146333
0.00998667
0.00124667
0.00264333
0.00229333
0.00422667
0.00238
0.00433667
0.00449
0.00549333
0.00696
0.00442667
0.00553
0.00210667
0.00461
0.00250333
0.00250333
0.02825
0.04549
0.0385333
0.0436333
0.0366767
0.01952
0.0136067
0.00380667
0.00365667
0.00367333
0.0115933
0.0183233
0.0303867
0.0259133
0.02286
0.0108867
0.0163333
0.01134
0.03636
0.0276667
0.0296967
0.05441
0.0308967
0.0362433
0.0106867
0.00873
0.00790333
0.000353333
0.000176667
0.000176667
0
0
0
0
0.03222
0.000796667
0.02416
0.0187533
0.01153
0.00397
0.00216
0.00201
0.00195
0.0115167
0.01085
0.0129467
0.02437
0.0183167
0.0260633
0.0278933
0.02601
0.0444567
0.0598
0.0682033
0.0709733
0.05387
0.0381333
0.0374933
0.0109333
0.00790333
0.000353333
0.000323333
0.000323333
0.000146667
0
0.00129
0.00208667
0.03301
0.04103
0.0192133
0.0172567
0.00048
0.00168333
0.00168333
0.0333033
0.0621833
0.00048
0.000283333
0.00128333
0.001
0.00338
0.00238
0.00589333
0.00404667
0.0141733
0.01225
0.01457
0.03677
0.0272033
0.0432933
0.01961
0.0274167
0.01168
0.00352
0.00341333
0.00320667
0.000366667
0.00358
0.00475
0.01385
0.0136033
0.03897
0.0578733
0.01869
0.00163
0.0666667
0.10264
0.145417
0.115277
0.0748167
0.03767
0.0490267
0.114477
0.1748
0.18725
0.143373
0.08828
0.0383367
0.03752
0.0719367
0.111823
0.115533
0.0759433
0.0155133
0.00280667
0
0
0
0
0
0
0
0
0
0
0
0
0
0
0
0
0
0
0
0
0
0
0.00015
0.00015
0.0003
0.000486667
0.00298667
0.0433567
0.149007
0.130397
0.02514
0.00323
0.0266833
0.07532
0.0792333
0.0362333
0.01295
0.06061
0.0981033
0.0677467
0.0279867
0.0223467
0.000436667
0.0260667
0.0402867
0.02151
0.0435833
0.0240967
0.0237467
0.000463333
0.000243333
0
0
0
0
0
0
0
0
0
0
0
0
0
0
0
0
0
0
0
0
0
0
0.00015
0.00015
0.0003
0.00072
0.00322
0.02066
0.0215667
0.06099
0.0460267
0.0484633
0.00871333
0.00632
0.000476667
0.000243333
