0.46716
0.58017
0.239127
0.311007
0.170927
0.28546
0.508307
0.47243
0.613767
0.00525333
0.0408167
0.0408833
0.0683467
0.0898533
0.0386233
0.0922333
0.18698
0.209263
0.122213
0.297413
0.24199
0.511983
0.315223
0.168577
0.39612
0.445303
0.00259333
0.0044
0.0116133
0.00253
0.00881333
0.0299233
0.0537067
0.08409
0.0430433
0.105857
0.107143
0.127313
0.12317
0.152553
0.124053
0.120747
0.223453
0.000643333
0.00437333
0.000983333
0.00939333
0.01368
0.0115833
0.00289667
0.00944667
0.0176633
0.04462
0.02246
0.0337267
0.0475633
0.07482
0.0693233
0.0606633
0.0949467
0.123153
0.10151
0.106553
0.105
0.0641467
0.121473
0.24226
0.0942033
0.102667
0.46715
0.215
0.05845
0.04926
0.0293133
0.000366667
0.00478667
0
0.000183333
0.00845333
0.0246233
0.0254067
0.0146433
0.0111233
0.0240267
0.0318233
0.0267833
0.04752
0.0247333
0.0322067
0.05019
0.0442067
0.02846
0.0674167
0.04927
0.0583267
0.0367367
0.0551567
0.02812
0.0315433
0.0473067
0.05642
0.0556833
0.0473767
0.03191
0.227073
0.0799167
0.0673733
0.0367167
0.0266133
0.0260633
0.0212267
0.0320733
0.0425267
0.01374
0.01303
0.00765667
0.0164033
0.309897
0.0125767
0.0378
0.0071
0.00046
0.00172667
0.01205
0.0273267
0
0
0
0.000183333
0
0.00460333
0.000183333
0.00611667
0
0
0.0361733
0.02247
0.00352
0.0446533
0.05251
0.00352
0.01566
0.0259567
0.03808
0.0125367
0.02633
0.01553
0.0205
0.02131
0.0155967
0.00881333
0.0116967
0.01521
0.02067
0.00973667
0.00921667
0.0185567
0.0264967
0.37097
0.06265
0.0329933
0.0277733
0.0284933
0.0309167
0.61241
0.0418333
0.0290867
0.00983667
0.0142867
0.622663
0.0246733
0.0119733
0.508133
0.340627
0.0190233
0.0215467
0.00877
0.02218
0.0222567
0.0266367
0.06189
0.00126667
0.00284333
0
0
0
0
0
0
0
0
0.00169667
0
0
0.0209167
0.00279333
0
0.02408
0.0410167
0
0
0.0375933
0.0326733
0.000396667
0.00079
0.0159933
0.02437
0.00219667
0.00410667
0.00320333
0.00751
0.220567
0.0613933
0.0198467
0.0146267
0.00729
0.01202
0.0148733
0.0132767
0.00566
0.00689
0.0116233
0.0196433
0.01936
0.0189533
0.0174
0.0103833
0.00965333
0.00659
0.0148867
0.00830667
0.0194367
0.03392
0.0374267
0.0279633
0.0247333
0.01509
0.01174
0.0205633
0.0566267
0.000673333
0
0
0
0
0.00157667
0.00157667
0.00248
0.00467
0.04028
0.0511467
0
0
0
0
0
0
0
0
0
0
0
0
0
0
0
0.00109667
0
0.00660333
0.00174333
0
0
0.000393333
0.00143333
0.0059
0.0150333
0.000786667
0.00118
0.00219
0.0115767
0.02513
0.01324
0.00593
0.00636
0.0358433
0.0340067
0.00505667
0.00915
0.394757
0.07061
0.2341
0.0208133
0.0251667
0.0264433
0.01054
0.00574333
0.000603333
0.280227
0.06914
0.1181
0.01863
0.0469533
0.03842
0.03089
0.0141167
0.01231
0.0679433
0.000993333
0.0281
0.0400067
0.0329267
0.0323433
0
0.000106667
0.000106667
0.00336333
0.00702333
0.0282933
0.0472367
0.0661333
0.0594967
0.0425467
0.0140567
0.0182433
0
0
0
0
0
0
0
0
0
0
0
0
0
0
0
0
0
0
0
0
0
0.0009
0
0.000646667
0.000253333
0.00129333
0.00110667
0.00200333
0.00437333
0.0127633
0.0230133
0.0380733
0.0266133
0.00927667
0.00248667
0.00133
0.00528667
0.0054
0.00193
0.0012
0.000303333
0
0.000303333
0.000373333
0
0.000123333
0
0
0.00834667
0.00135333
0
0
0.000123333
0.00897667
0
0.00032
0
0
0
0
0.000366667
0.00896333
0.000473333
0.00373
0.0421767
0.0565533
0.0615667
0.0473167
0.0349333
0.01276
0.00955667
0.00458333
0.01353
0.0163067
0.0159233
0.00944
0.0152
0.0172967
0.000116667
0.000116667
0.000116667
0.00221333
0.00221333
0
0
0
0
0
0
0
0
0
0
0
0
0
0
0
0
0
0
0
0
0.000253333
0.000253333
0.03278
0.0231567
0.00166
0.000503333
0.000366667
0.000366667
0.00048
0.00048
0
0
0
0
0
0
0
0
0.000373333
0.00347667
0.0157667
0.0161333
0
0
0
0.00738333
0.0089
0
0
0
0
0.000366667
0.00464667
0.00790333
0.0234467
0.0251867
0.0274333
0.00011
0
0
0
0.04355
0.03292
0.00762333
0.000603333
0.000766667
0.000276667
0.00687
0.00707
0.000586667
0.00011
0.03517
0.04584
0.00643333
0.00738
0.0215167
0.0342833
0.0247567
0
0.00777
0
0
0
0
0
0
0
0
0
0
0
0
0
0
0
0
0
0
0
0
0
0
0
0
0
0
0
0
0
0
0
0.00722667
0.00723333
0.00376333
0.000243333
0.00152333
0.000243333
0
0
0
0.00248333
0.000486667
0.000486667
0
0
0.0120233
0.01075
0.01553
0.000356667
0.00737667
0
0
0
0
0
0.000113333
0
0.000476667
0.000476667
0
0.0188367
0.0173233
0.0109533
0.0115033
0.02366
0.0328167
0.0276667
0.00330333
0.0311633
0.00224
0.00224
0
0
0
0
0.00555667
0
0
0
0
0
0
0
0
0
0
0
0
0
0
0
0
0
0
0
0
0
0
0
0
0.000243333
0
0
0
0.000213333
0.000213333
0.000243333
0
0
0
0.000333333
0.000546667
0
0
0
0
0
0
0
0
0
0.00014
0.00014
0.0004
0.00026
0.000593333
0
0
0.00414333
0.00149333
0.01309
0.00771667
0.00355333
0.00206
0.01017
0.01125
0.00263
0.00554333
0.00448
0.00224
0
0
0
0.0141767
0
0
0
0
0
0.00555667
0
0
0
0
0
0
0
0.00046
0.00046
0.00046
0
0
0
0
0.0001
0
0
0
0
0
0.0001
0.000426667
0.000213333
0
0
0
0
0
0
0.0012
0.00494
0.00108
0.000133333
0.00269667
0.00270333
0.00296333
0.00454667
0.00014
0
0.02033
0.0270567
0.00279
0
0
0.0418267
0
0.0265267
0.0238767
0.00645667
0.00492667
0.00071
0.00071
0.00919
0
0
0
0
0
0.00862
0
0.00396
0
0.000186667
0.00414667
0.000436667
0.000793333
0.00559
0
0
0
0
0.00657
0.0115533
0.00598
0.00552
0.00271
0.00903
0.00741667
0.00056
0.0128367
0.00283333
0.000123333
0.000233333
0.00709
0.00983
0.000336667
0.00163333
0.000133333
0.0282733
0.0140033
0.0113467
0.00216333
0.00553667
0.0203267
0.0177467
0.0191367
0
0
0
0
0.000513333
0.00014
0
0
0
0.0258867
0.0180533
0
0
0.0429333
0.0310233
0
0
0.0272667
0.0102967
0.00057
0.00537667
0.00057
0.00071
0
0
0
0
0.00057
0.01634
0.0168233
0.0119533
0.000973333
0.00944667
0.00287
0.00486
0.000286667
0.00853333
0.00742333
0.0138433
0.000883333
0.00117
0.02845
0.0289067
0.00951333
0.00487667
0.0235467
0.0379833
0.0311567
0.0282933
0.00307333
0.0174667
0.03942
0.02348
0.00153667
0.00048
0.0474867
0.0315467
0.0431
0.0369067
0.0194233
0
0.000283333
0
0
0
0.000373333
0
0.00947667
0.00150333
0
0
0.0147333
0
0
0.00608
0.00045
0.00116
0
0
0
0
0.03246
0.00854667
0.01668
0.00112667
0.00235
0.00184
0.0288
0.0171633
0.0328467
0.00251333
0.00321667
0.00132
0.00514667
0.00964333
0.00999333
0.00221333
0.00161667
0.00592
0.0052
0.0472867
0.0395467
0.0128867
0.0315033
0.00889333
0.01926
0.0303167
0.0457
0.0100267
0.00141333
0.000116667
0.00357667
0.00381667
0.03352
0.00108333
0.01797
0.0008
0.0008
0.01652
0.0166333
0
0
0.00017
0
0
0
0.00113
0
0
0
0.00113
0.00676
0
0
0
0.00563
0
0
0
0
0.0106633
0.0174633
0.00489667
0.0185867
0.0229233
0.02226
0.03105
0.0155367
0.00551
0.00429
0.0253933
0.02803
0.00132
0.00062
0.00571
0.00982333
0.01083
0.00405333
0.00133
0.000926667
0.02532
0.00104333
0.00120667
0.00066
0.0380233
0.0395633
0.000163333
0.00066
0
0.00841
0.00412
0.02331
0.0281667
0.0395
0.493943
0.0178633
0.0193567
0.0008
0.000976667
0
0.0426033
0.0258867
0.0100133
0
0
0.000646667
0.000476667
0
0
0
0
0
0
0
0
0.0171133
0.02182
0.01708
0.00924
0.00769333
0.0125133
0.01841
0.01495
0.0100767
0.0100933
0.01622
0.01193
0.000433333
0.00520667
0.00896667
0.00329333
0.000373333
0.000806667
0.00045
0.02106
0.0189167
0.000943333
0.00561667
0.0290033
0.00962333
0.01728
0.299253
0.171767
0.580667
0.128803
0.07185
0.137153
0.29243
0.534243
0.00247
0.00251
0.000176667
0.000176667
0
0.0234067
0.00673667
0
0.03048
0.00984333
0
0
0.000476667
0
0
0
0
0
0
0
0
0
0
0
0.00125
0.0057
0.00313333
0.00513333
0.00256667
0.0026
0.00385
0.00393333
0.00136667
0.00514667
0.0026
0.00667333
0.00265667
0.00011
0.00642333
0.00599
0.00451
0.00011
0.000433333
0.00456667
0.000166667
0.000373333
0
0.00045
0.00506333
0.00543667
0.000373333
0.00495667
0.01299
0.01338
0.0811067
0.208593
0.177287
0.246007
0.388127
0.0906467
0.06599
0.0830233
0.0464833
0.0708767
0.0558067
0.379153
0.620967
0
0.000216667
0
0
0
0
0
0.00444333
0.000216667
0
0.0137867
0.00442
0
0.00956
0
0
0
0
0
0
0
0
0
0.00200333
0.00012
0.00188333
0.00200333
0
0
0
0.000683333
0.000683333
0
0
0
0
0
0
0
0
0
0
0
0
0
0
0
0
0.03837
0.0325267
0.0136333
0.01339
0.00218
0.03859
0.0514633
0.120297
0.0844333
0.07388
0.07401
0.0483033
0.0558333
0.07907
0.234487
0.0219033
0.0253167
0.0328067
0.04465
0.0541667
0
0
0
0
0
0
0
0
0
0
0.000193333
0
0
0.000193333
0.000193333
0
0
0
0
0
0
0
0
0
0.00215667
0.00203667
0.00024
0.00227667
0.00192
0
0
0.0018
0
0
0
0
0
0
0
0
0
0
0
0
0
0
0
0
0
0.04497
0.0208667
0.00278
0.00139
0.00103333
0.00206667
0.0160867
0.0290733
0.0654267
0.121273
0.149313
0.08182
0.0730267
0.119483
0.14729
0.28376
0.0471433
0.06752
0.100537
0.07625
0.0204
0.0121767
0
0
0
0
0
0
0
0
0
0
0
0
0
0
0
0
0
0
0
0
0
0
0
0
0
0
0.00203667
0.00841667
0.00829667
0.02199
0.0482833
0
0.01753
0
0
0
0
0.00271
0
0.00091
0.00091
0
0
0
0
0
0
0
0
0.0366033
0.01111
0.00139
0
0.00103333
0.00103333
0.0150533
0.0205867
0.0579733
0.0702633
0.0514167
0.08691
0.04612
0.0728733
0.0874233
0.0569867
0.0915833
0.0468933
0.0561567
0.0525433
0.0200133
0.01005
0.0212433
0.0137167
0.00753333
0.0170667
0
0
0
0
0
0
0
0
0
0
0
0
0
0
0
0
0
0
0
0
0
0.00655
0.00029
0.0237867
0.04991
0
0
0.0479433
0.0725567
0
0.0332433
0
0
0.00182
0.00362
0
0
0
0
0.00091
0
0
0
0
0.0105167
0.0101433
0.00972
0
0
0
0
0
0.00656667
0.03555
0.0451433
0.00656667
0.01403
0.00038
0.0353033
0.00746333
0.0149267
0.000253333
0.01107
0.0104833
0.00746333
0.0109433
0.0109433
0.00252333
0.00456333
0
0
0
0
0
0
0
0
0
0
0
0
0
0
0
0
0
0
0
0
0
0
0.00087
0.00058
0.00266333
0
0.01961
0.0331467
0
0
0.0574767
0
0
0.0707733
0
0.000656667
0.00853
0.00878333
0.0393167
0.000656667
0.000656667
0.00117
0.00734667
0.00697333
0.00668
0.00013
0.00026
0.00013
0.00013
0
0.0005
0.000873333
0
0
0.000126667
0.000253333
0
0.000126667
0.000126667
0
0
0
0
0.00098
0.00098
0.00063
0.00523333
0.00523333
0.00063
0.00063
0.0123867
0.00523333
0
0.0073
0.000146667
0
0.000146667
0
0
0
0.000146667
0
0
0
0
0
0
0
0.00029
0.00029
0.00029
0.00029
0.00058
0.00237333
0.00208333
0
0.00208333
0.01591
0
0
0.0497433
0.000626667
0.0413
0.00128333
0.00915667
0.0138833
0.04379
0.0162933
0.02233
0.0278867
0.01261
0.00664667
0.000846667
0.000716667
0.00013
0.00074
0.000886667
0.000226667
0.000226667
0
0
0
0
0
0
0
0
0
0
0
0
0.01605
0.00830667
0.01846
0.0443
0.0673733
0.00265667
0.0103333
0.0382267
0.00202667
0
0
0.00744667
0
0
0
0
0.000293333
0.000146667
0
0
0.000716667
0.000423333
0.000293333
0
0
0
0.00011
0.000403333
0
0
0.00011
0
0.000226667
0.00475667
0.0185833
0.000453333
0.000226667
0.00583667
0.0155233
0.0239667
0.000853333
0.0109933
0.00623667
0.01615
0
0
0
0
0
0
0
0
0
0
0
0
0
0
0
0
0
0.000173333
0
0
0
0
0
0
0.000173333
0
0
0
0
0
0.000486667
0
0
0
0
0
0.000486667
0.000486667
0
0
0
0
0
0
0
0
0
0
0
0
0
0
0
0
0
0
0
0
0
0
0
0
0
0.0117067
0.0224833
0.0406867
0.0400533
0.02936
0.01123
0.00508333
0.00537
0.0053
0.000226667
0.000453333
0
0.00471333
0
0
0
0
0
0
0
0
0.0002
0.0002
0.03544
0.0609233
0.0105
0.0296767
0.0118867
0.0290367
0.0515667
0.07272
0.00421
0.00839667
0.0345867
0.00621333
0.00621333
0.00949667
0.01616
0
0
0.00049
0.000636667
0.000423333
0.00258
0
0.00393
0.00361667
0
0
0.00011
0.00332333
0
0.000226667
0.000226667
0.00475667
0.00475667
0.00561
0.000226667
0.01014
0.00475667
0
0
0
0.00021
0.00021
0
0
0
0.0007
0
0
0
0
0.0007
0
0
0
0
0
0
0
0.00022
0
0
0
0.000393333
0.00493667
0
0
0.00471667
0.00503
0
0
0
0
0.000486667
0
0
0
0
0
0
0
0
0
0
0
0
0
0
0
0
0
0
0
0
0
0
0
0
0.000546667
0
0
0
0.00101333
0.00156
0
0.00117333
0
0.00016
0.0111933
0.01645
0.0351667
0.0405667
0.0353933
0.000226667
0.00485667
0.00463
0.00017
0.000226667
0.00491333
0.0168767
0.00017
0.00017
0.0004
0.0004
0.0002
0
0
0
0
0
0
0.0002
0.0288233
0.02674
0.0290367
0.0239633
0.0517433
0.03929
0.0275733
0.0575567
0.04592
0.01461
0.03811
0.00654
0.0127533
0.00573
0.000816667
0.0142633
0.02445
0.00314667
0.00099
0.01939
0
0
0.0204467
0.0413167
0
0.0272833
0
0.00599
0.00535667
0
0
0.00258
0
0
0
0
0.00741333
0.00180333
0.000206667
0.000103333
0.00021
0.00021
0.00233333
0.00804667
0
0.000103333
0.00042
0.00021
0.00247
0.00223
0.00091
0.00024
0
0
0.0046
0.0053
0
0
0
0
0
0
0.00022
0
0.00918
0
0
0.00415
0.00463667
0
0
0
0
0
0
0
0
0
0
0
0
0
0
0
0
0
0
0.00199333
0
0
0
0.00254
0.00826
0
0
0.00728
0
0
0.00816333
0
0.00016
0.00731
0.00032
0
0
0
0
0
0.00016
0
0
0
0.00017
0
0
0
0
0.00988667
0
0.00988667
0.0100867
0.02205
0.00382333
0.00163
0
0.0002
0.00236333
0.00317667
0
0
0
0
0
0
0
0.000653333
0.000826667
0.00969667
0.0287467
0.00747667
0.00487333
0.00445667
0.02851
0.00458
0.0114067
0.0319767
0.00794
0.0181933
0.0131267
0.0115833
0.00686667
0.00098
0.00556667
0.0159167
0.0209767
0.00099
0.0367967
0
0
0.0559333
0.0600633
0
0
0.04501
0.0272467
0
0.00888667
0.00611
0.000946667
0
0.00258
0
0.000946667
0.000946667
0
0.0017
0.000103333
0.000103333
0
0
0.0008
0.0102933
0.00857667
0.00101
0.00482
0.00313
0.0178567
0.0249333
0.00108
0.00054
0.0222467
0.0099
0.000706667
0.000406667
0.00474
0.00934
0.000406667
0.00014
0
0
0
0
0
0
0
0.00330333
0.00308333
0
0
0.0193333
0.0207933
0
0
0.0404167
0.0247233
0
0.000276667
0.00719333
0.02743
0.000276667
0
0.00304333
0
0
0.000743333
0
0
0.000743333
0.000743333
0
0
0
0
0
0
0
0
0.00013
0.00013
0
0
0.00472667
0.00212333
0
0
0.0103167
0
0
0.0137233
0
0
0
0
0.0105433
0.00366667
0
0
0.00016
0.000273333
0
0
0
0
0
0
0
0
0
0.0015
0.000196667
0.000393333
0.000196667
0.00343
0.000513333
0.000343333
0
0
0
0.02085
0.00454667
0
0
0.0202967
0
0
0.0341767
0.0180567
0.01965
0
0
0.000813333
0
0.000956667
0.00287333
0.000126667
0.000766667
0.00106667
0.00979
0.00320333
0.000533333
0.00011
0.00704333
0.00100333
0.00691333
0.000326667
0.000653333
0.000906667
0.00058
0.0214867
0.00377667
0.00111
0.00341
0.0444767
0.00870667
0.00329
0.06275
0.0635367
0.006
0.000583333
0.0430867
0.000583333
0.00447667
0.0230933
0.00284
0.00189333
0.00189333
0.00153
0
0.00399333
0
0
0
0
0.00559
0.0198967
0
0.0216167
0.03492
0.000796667
0.000206667
0.0229633
0.0217867
0.0124
0.00483
0.00742667
0.00537667
0.0283633
0.0412767
0.00114
0.0006
0.0382233
0.0501767
0.000706667
0.0091
0.0256367
0.00476667
0.00895333
0.00473333
0.000373333
0.00014
0.00436
0.00459333
0.000233333
0.000233333
0
0
0
0
0
0
0
0
0.00308333
0.00787333
0.0239033
0
0.000276667
0.00506667
0.0410567
0.01265
0.03261
0.00786
0.0287667
0.0242267
0.00399
0.00832667
0.00927333
0.000946667
0
0.00169
0.000946667
0
0
0
0
0
0
0
0
0
0
0
0
0
0
0.00013
0.00013
0
0.00273333
0
0
0.0154733
0
0
0.0263667
0.0265267
0
0
0.0220867
0.02404
0.00414667
0.00907
0
0.000113333
0.000753333
0
0
0
0
0
0.00130333
0
0.000196667
0.00478667
0.00523
0.00105667
0.00125333
0.000196667
0.0213233
0.00525333
0.00152333
0.00641667
0.00360333
0.000686667
0.000343333
0
0
0
0
0.0241633
0.0225467
0
0
0.02161
0.03794
0
0
0.0178467
0.0184733
0
0
0.00154
0.00077
0.00158333
0.000813333
0
0.0074
0.00709667
0.00788333
0.00096
0.00144333
0.00096
0.00146333
0.00096
0.000503333
0
0
0
0
0.00382667
0.00629667
0.00711667
0.0235633
0.0331367
0.0126667
0.0252733
0.04094
0.0490867
0.0291367
0.0165733
0.0349467
0.02358
0.01282
0.0204967
0.00282667
0.00354333
0.00319333
0
0
0
0
0
0
0.00399333
0.00565
0
0.0199567
0.0216367
0.03488
0.0288267
0.000206667
0.02769
0.0135
0.00472333
0.00069
0.00554667
0.02845
0.01238
0.00503
0.03029
0.0421133
0.0509267
0.00513667
0.0228333
0.02693
0.0432
0.0298633
0.0135933
0.0175467
0
0
0
0
0
0.00114333
0.00374667
0.0108967
0.00183333
0.00114333
0.00898333
0.0141733
0.02714
0
0.00069
0.0250267
0
0
0
0.00064
0
0.00088
0
0
0.00218333
0.01216
0
0
0.0278967
0
0
0.0372767
0.02165
0
0.000663333
0.0270933
0.011
0.0015
0.01843
0.000663333
0.00167333
0.000836667
0.00364667
0.00049
0.000343333
0
0
0.00783333
0.0108467
0.00646
0
0
0.000913333
0
0
0.00077
0.00077
0.00046
0
0
0.00046
0.00092
0.01411
0.0242733
0.01835
0.0138533
0.00273
0.00817333
0.00818
0.00194333
0.00147
0.000966667
0
0
0
0
0
0
0.00370667
0.00882667
0.00363
0.00351
0.0253933
0.0383633
0.01
0.00351
0.0522
0.01052
0.00403
0.00496333
0.000933333
0.00736
0.0179333
0.0352267
0.00259667
0
0.0002
0
0
0
0
0
0
0
0.00165667
0.00165667
0
0.00733
0.0100567
0
0.01831
0.0134167
0
0
0.00974333
0.00149
0.000483333
0.000483333
0.00101
0.000566667
0.000866667
0.00105
0.00891333
0.00559667
0.01316
0.00092
0.00725333
0.0116
0.00023
0.00023
0.00526667
0.00567667
0.00389
0.00389
0.00402
0.00013
0.00064
0.0158833
0.00013
0.02586
0.0405067
0
0.04363
0.04254
0
0.0505833
0.0413867
0
0.01722
0.0336767
0
0
0.00131
0.0106367
0
0.000956667
0.00012
0.000956667
0.000253333
0.00024
0.00319333
0.00331333
0.00332667
0.000256667
0.00011
0
0.0033
0.00315667
0.00330333
0.000256667
0
0
0
0.000143333
0
0
0
0
0.000143333
0.00381333
0
0.000316667
0.000316667
0.000316667
0.00427333
0.00808667
0.00381333
0.00213
0.00227333
0.00608667
0.00473333
0.02673
0.0385167
0.0315633
0.02366
0.0165733
0.00549
0.00864333
0.00227
0.00193333
0.000966667
0.000326667
0
0
0
0
0
0
0.00581
0.00642333
0.0210733
0.02241
0
0.0242833
0.0394567
0
0
0.02759
0
0
0.00569667
0.0105067
0.0294633
0.00347
0.000886667
0
0.000686667
0
0.00497
0.00278333
0
0
0.00238667
0
0.00238667
0.00238667
0
0
0.00438333
0.00475333
0
0.00553333
0.00115
0
0
0
0.00078
0
0
0.0271267
0.0188933
0.0131667
0.00506333
0.00117333
0.04449
0.0371967
0.0114767
0.00324333
0.00104333
0.03614
0.0330633
0.0022
0
0.01117
0.0280333
0
0
0.000646667
0.00806667
0
0
0.000473333
0
0
0
0
0.000253333
0
0.00220667
0.00220667
0.00232667
0.0058
0.00272667
0.00244667
0.00453333
0.00740667
0.00961333
0.02215
0.00827333
0.0195433
0.00547667
0.0104367
0
0
0.000513333
0.000403333
0.0048
0.00520333
0
0.0126267
0.00793667
0
0
0.02892
0.01175
0
0
0.0247967
0.0387833
0
0.00055
0.000316667
0.00508667
0.00666667
0.0234267
0.032
0.0263233
0.0101133
0.0137533
0.00354667
0.00121667
0.000326667
0.000966667
0
0.000326667
0.000326667
0
0
0
0
0
0
0
0.00069
0.000963333
0.00157667
0.000886667
0
0.00439667
0.00394667
0
0
0.00777
0.00921
0.00456333
0
0.000196667
0.00500667
0.00558333
0.00101
0.00169667
0
0.0188467
0
0
0.0171967
0.0303867
0
0
0.01867
0.00644333
0
0.00037
0
0
0
0.00037
0
0
0
0.0317767
0.0200167
0.0226567
0.0286633
0.0117833
0.00375
0.00869667
0.0005
0.0100833
0.000173333
0.000173333
0
0.0005
0
0
0
0
0.00247333
0
0
0.00494667
0.0195033
0.00012
0.00012
0.0310267
0.0425067
0.00024
0.00012
0.00327
0.0134
0.0243233
0.03303
0.000953333
0.00398333
0.005
0.00945667
0
0.00543
0.01012
0
0.0169867
0.0198967
0.000113333
0
0.0323767
0.04224
0.000113333
0.000113333
0.0399267
0.05277
0.000523333
0.000523333
0.00528667
0.00938
0.0106767
0.02394
0.000846667
0.000556667
0.00107333
0.00485667
0.00782667
0.00460667
0.00322
0
0.00025
0
0
0
0
0
0
0
0
0
0
0
0
0
0
0
0
0.000273333
0.000273333
0.000273333
0
0
0.000163333
0
0
0
0.000163333
0
0.00074
0.000163333
0
0
0.000196667
0.000196667
0.000773333
0.000576667
0
0
0.00889333
0.00958
0.00101
0
0
0
0
0.0241467
0
0
0
0.0408267
0.0364833
0
0
0.0293067
0.0203233
0
0
0.00748333
0.00424
0.00361
0
0
0.000183333
0.000366667
0.000183333
0.000183333
0.000183333
0
0.00512
0.00524667
0.01483
0.01021
0
0
0
0.000126667
0.000626667
0
0
0
0
0
0
0.00247333
0.00584
0
0
0.0225467
0.0203967
0
0
0.0331333
0.0272567
0
0
0.0279233
0.000166667
0.000166667
0.0151067
0.000446667
0.00466667
0.00438667
0.00505333
0.01343
0.0103467
0
0.00022
0.00524667
0
0.00164333
0
0.0125167
0.00506333
0.00175667
0.0278267
0.0102467
0.00350667
0.00342
0.00748333
0.0248833
0.00069
0.00069
0.00101333
0.00524333
0.00484333
0.00134333
0.00685667
0.00718667
0.0153433
0.00982333
0.00476667
0
0
0
0
0
0
0
0
0
0
0
0
0
0
0
0
0
0
0
0
0
0
0
0
0.000103333
0
0
0.000103333
0
0
0
0
0
0
0
0
0
0
0
0
0
0
0.00997333
0.00209
0
0
0
0
0.0233133
0
0
0.0186733
0.00565
0
0
0.00342667
0.000183333
0
0
0.000116667
0.000116667
0.000233333
0.000116667
0.000116667
0
0
0
0.00372333
0.00697333
0.00348333
0
0
0.01148
0.00961
0
0
0.0148
0
0
0
0
0.0173367
0.0150433
0
0.000203333
0.00028
0.01474
0.000446667
0.000816667
0.00078
0.00353
0.00721333
0.01531
0.0143933
0.00164333
0.00036
0.00036
0.00036
0.00022
0.02238
0.0177
0.00428333
0.00668
0.00297667
0.00714
0.00983
0.00708
0.0117867
0.00100333
0.000816667
0.02881
0.01179
0.000386667
0.000853333
0.03304
0.0446167
0.02672
0.02167
0.00149
0.00639
0.0115967
0.0289633
0
0
0
0
0
0
0
0
0
0
0.000266667
0
0.00046
0.000726667
0
0
0.00046
0
0.00046
0.00092
0
0
0
0
0.00056
0
0.0076
0.00805667
0
0.0118167
0
0
0.00012
0
0.00444
0.00432
0
0
0
0
0
0
0
0
0.00209
0
0.00997333
0.00209
0.01029
0.00252667
0
0
0.00252667
0.00012
0
0
0
0
0
0
0
0
0.000123333
0.00024
0.00373
0
0
0
0.000366667
0.00186333
0.00511
0
0
0.0155933
0.00715667
0
0
0.0175267
0.0142633
0.000366667
0
0.0244733
0.0140733
0.00299
0.00057
0.0288233
0.0274333
0.0039
0.05388
0.00172333
0.0113133
0.0173933
0.0177067
0.00199333
0.00500333
0.00506667
0.0128867
0.0152067
0.00298667
0.00089
0.0333767
0.0356067
0.02951
0.00481333
0.0159833
0.02192
0.0284933
0.02156
0.04199
0.0521867
0.000386667
0.0533
0.0407533
0
0
0.000636667
0.00614333
0.01038
0.0279933
0.00091
0.00151667
0
0
0
0
0
0.000293333
0.000293333
0
0
0.00380333
0.00383
0
0.00933333
0.01241
0
0.00952667
0
0
0.00124667
0
0.000786667
0
0
0
0.000353333
0.00081
0.00664333
0
0.00025
0.0323133
0.0137867
0.00093
0.04462
0.0299567
0.000856667
0.00068
0.000296667
0.0075
0.02552
0.00335667
0
0
0
0
0
0
0
0
0
0
0
0
0
0
0
0
0
0.00012
0
0
0
0
0.00012
0
0
0
0
0
0.00011
0.00011
0.00034
0.00023
0.000473333
0
0
0.00292667
0.00823333
0.00589
0.0103733
0.00124667
0.00124667
0.0247167
0.0218867
0.06708
0.00949333
0.0382633
0.03313
0.0603733
0.0309967
0.0342467
0.33959
0.11019
0.03176
0.0420033
0.0119267
0.0283133
0.02921
0.372633
0.14209
0.101527
0.01137
0.01726
0.0379467
0.0203633
0.02657
0.00659
0.0155033
0.02378
0.0226967
0.000523333
0.0437967
0.0311967
0
0.000386667
0.0315633
0.01451
0
0
0.00608667
0.00121333
0
0
0
0.000273333
0.000273333
0.000273333
0.00088
0.000316667
0.000316667
0.0006
0.000916667
0.000893333
0.00147
0
0.00440667
0
0.02945
0.02142
0.0261133
0.04296
0
0
0.0182933
0
0
0
0.00379667
0.000596667
0
0.000596667
0.00301
0
0.000796667
0.000353333
0.00078
0.00661333
0.00778
0.00104667
0.0263367
0.03792
0.00172667
0.00567667
0.05454
0.00505667
0.04769
0.0333333
0.00455333
0.00341333
0.01537
0
0
0
0
0.00065
0.00065
0.00065
0.00208667
0.00143667
0
0
0
0
0
0
0
0
0
0
0
0
0
0
0
0
0
0
0.00029
0.00275667
0.00257667
0.00516333
0.0150967
0.00416333
0.00888667
0.00957667
0.02317
0.0189367
0.0786667
0.0258033
0.0312533
0.0337533
0.0498467
0.0440133
0.0517267
0.0503233
0.04251
0.03527
0.532133
0.00894333
0.00028
0.01249
0.00888667
0.00919333
0
0.000136667
0.00550667
0.0143133
0
0
0.00083
0.00986
0
0
0.000606667
0
0
0
0
0
0
0
0
0
0
0
0.000633333
0.000316667
0.00148667
0.00120333
0.00174667
0
0
0.0260167
0
0
0.0424867
0
0
0.0208433
0.00680667
0.00602
0.00931
0.00301
0.00301
0.0151267
0.00652333
0.000706667
0.00011
0.0063
0.00593
0.00211
0.00487667
0.0138233
0.02213
0.01252
0.0355833
0.01223
0.03809
0.04093
0.00488333
0.0143167
0.02268
0.00208667
0
0
0.00198
0.00760333
0
0
0.00957333
0.00251333
0
0
0
0
0
0
0
0
0
0
0.00692667
0.0043
0.01112
0.1768
0.0348067
0.137343
0.0229333
0.0381467
0.0129667
0.02425
0.0272133
0.396667
0.0388767
0.0285333
0.0367767
0.05335
0.0501533
0.548763
0.04408
0.04129
0.321587
0.121523
0.000143333
0.00880667
0.000143333
0.00888667
0
0
0
0.000223333
0.000446667
0
0
0.000223333
0
0
0
0
0
0
0
0
0
0
0
0
0
0.00057
0.00114
0
0.000253333
0.00107667
0.00895667
0.00928
0
0
0.0149867
0.03178
0
0
0.00961
0.0266567
0.00532667
0.00301
0
0.01404
0
0
0.04094
0.06776
0.04143
0.00867333
0.00285667
0.00011
0.0893333
0.0463467
0.06743
0.0221933
0.0133567
0.01528
0.00801667
0.00786333
0.00363
0.0204533
0.0347633
0.01823
0.03955
0.08424
0.03293
0.0202433
0.0932067
0.0472433
0.01632
0.00428333
0.0100133
0.00578333
0.0301433
0.0342767
0.0117067
0.0303333
0.0387633
0.0201833
0.02068
0.01003
0
0.01027
0.01615
0.0343967
0
0
0.0244833
0.04076
0
0
0.0211533
0.00624333
0
0
0
0
0.0003
0.00403
0.00373
0
0
0.164103
0.07623
0.05281
0.04072
0.04391
0.0712867
0.0510567
0.355657
0.0731733
0.26967
0
0
0
0
0
0
0
0
0
0
0
0
0
0
0
0
0
0.000223333
0
0.000223333
0.000223333
0
0.00061
0
0
0
0
0.00061
0
0
0
0
0.000133333
0.000253333
0.000506667
0
0
0
0.000253333
0.00685333
0
0
0.0066
0
0.00532667
0
0.05488
0.00578333
0.00303667
0.0610567
0.0739367
0.0355733
0.02498
0.0472167
0.02077
0.0442333
0.0493433
0.0546167
0.02228
0.01668
0.00952667
0.0255133
0.0346667
0.0429767
0.0910367
0.03845
0.0477633
0.122127
0.1603
0.0389167
0.108897
0.138103
0.0243533
0.02678
0.0177933
0.0588
0.0186
0.0394767
0.0209633
0.00642333
0.0395833
0.0480133
0.0136467
0.0325967
0.0391533
0.01187
0.0225567
0.0472267
0.0586333
0.00102667
0.00262667
0.0519067
0.05695
0.00102667
0.00102667
0.03392
0.0483967
0
0
0.00129667
0.00159667
0.01931
0
0
0
0
0.00163
0.00163
0
0.00456
0.00163
0.000156667
0.00337667
0.00315333
0.00286333
0.000156667
0.000446667
0.000836667
0.00331667
0.0103467
0.000613333
0.00193333
0.00896333
0.000613333
0
0.00145667
0
0
0.000133333
0
0.000266667
0
0
0.000133333
0.00338333
0
0
0
0
0
0
0
0.00758667
0.00226
0
0.0216067
0.000403333
0.0132967
0.00344
0.0275967
0.01436
0.03209
0.0483
0.01274
0.0602333
0.000453333
0.01741
0.00926667
0.0403967
0.0392
0
0
0.00859667
0.0186067
0.0108867
0.00369667
0.0254767
0.0431
0.0289967
0.10077
0.0481467
0.0922033
0.06789
0.125347
0.0872567
0.05892
0.09577
0.0846567
0.02274
0.0458167
0.00667667
0.01618
0.0310867
0.0353533
0.0337867
0.0213467
0.00289
0.00572667
0.00625
0.02111
0.0441967
0.0348333
0.0882867
0.0821867
0.01461
0.02782
0.08559
0.05835
0.00495
0.00464667
0.00631
0.0465267
0.0462267
0.00232333
0.00555667
0.02172
0.03676
0.0295467
0.00316667
0.00503667
0.0187467
0.00449333
0.00302
0.000156667
0.000156667
0.01786
0.0177933
0.0049
0.00219333
0.000313333
0.00941
0.0224867
0.00474333
0.0100567
0.00709333
0.0152067
0.0184967
0.00096
0.000346667
0.0116
0.01432
0.02433
0.02078
0.0174367
0.000326667
0
0.00357667
0.00705333
0.00396
0.000326667
0.000483333
0
0
0
0
0.00226
0
0.01628
0.00226
0.000636667
0.0160933
0.00207333
0.0104933
0.01683
0.00285667
0.0358433
0
0
0
0.00123667
0.000783333
0
0
0
0.000133333
0.000133333
0.000373333
0.00024
0.00024
0
0
0
0
0
0
0.000453333
0.04562
0.0548567
0.0012
0.0006
0
0
0
0.000263333
0.000263333
0.003
0.00287
0.00686
0.00436333
0.00468333
0.000693333
0.000453333
0
0
0
0
0.000246667
0.000246667
0.01023
0.02405
0.00372
0.0118533
0.00873333
0.0174367
0.00990333
0.00987
0.00116667
0.000566667
0
0.00063
0.000893333
0.00765667
0.00976333
0.0245567
0.0217833
0.0230367
0.00843333
0.00465333
0.000663333
0.00021
0
0.00619333
0.0108067
0.00437
0.00873667
0.00412333
0.00412333
0.00022
0.00878
0.0116933
0.0408233
0.0409833
0.0701467
0.04972
0.0500833
0.0177667
0.00957333
0.00107667
0.00064
0.00076
0.00825333
0.0148867
0.0293133
0.0351833
0.03168
0.0187667
0.00634333
0.00442333
0.00228
0.0261933
0.0303167
0.0553833
0.0356267
0.0335567
0.00917
0.01077
0.0253833
0.0525233
0.07322
0.0906833
0.0722933
0.05212
0.0197467
0.00951667
0.00192667
0.00154667
0.00478
0.0113667
0.0174733
0.0205033
0.0263633
0.00401333
0.01641
0.00445
0.0488567
0.02643
0.0757333
0.0763033
0.0308833
0.0183967
0.0149133
0.0203
0.03272
0.0585
0.0466533
0.0429833
0.0147067
0.0116433
0.00597333
0.00648667
0.0234733
0.0221467
0.04367
0.0274767
0.0278067
0.0608
0.0485333
0.0454667
0.03929
0.0293867
0.0188833
0.0172
0.0218233
0.0319567
0.0366633
0.02558
0.01206
0.00485667
0.00949667
0.0136767
0.04243
0.0517133
0.07886
0.06965
0.02485
0.03521
0.0351567
0.02079
0.0211967
0.0106
0.0130333
0.02477
0.0352433
0.04511
0.0363967
0.0269167
0.0136633
0.0105833
0.01362
0.0205567
0.0451867
0.0793767
0.0549867
0.0611967
0.0244133
0.03577
0.00443667
0.00601
0.00209667
0.00628
0.00861667
0.0246733
0.0256667
0.03563
0.0208233
0.0208233
0.00668
0.00969333
0.00498333
0.01281
0.0125667
0.0301133
0.0242733
0.0309667
0.02435
0.0232833
0.00027
0
0.000253333
0.00051
0.00469
0.00469333
0.00961333
0.00543333
0.00668
0.00150333
0.00150333
0.00212667
0.00259333
0.00862
0.0107667
0.00675
0.01079
0.00276
0.00626333
0.0142533
0
0
0.000256667
0.000256667
0.000513333
0.000256667
0.000256667
0.00027
0.00027
0.00628667
0.00814333
0.0231267
0.0231367
0.03809
0.0235967
0.00127667
0.0180733
0.000783333
0.000926667
0.00342
0.00628
0
0
0
0
0
0.00061
0.00088
0.00597
0.0113767
0.0207
0.0305933
0.0403767
0.0478633
0.0396033
0.0243067
0.00744667
0.000863333
0.00336
0.0004
0.00101
0.0104033
0.0161933
0.0210833
0.0248667
0.0342667
0.0287767
0.0266267
0.0110467
0.00363333
0.00231
0.00224667
0.00209
0.00299
0.0176933
0.0314367
0.0418367
0.05037
0.03078
0.0437233
0.03292
0.0306233
0.0278567
0.0151133
0.06441
0.0919267
0.0560667
0.0286533
0.0380533
0.0853333
0.0850967
0.0165333
0.01571
0.0308367
0.0421667
0.00576
0.00477333
0.00623667
0.00654667
0.00377
0.01173
0.01272
0.03316
0.02174
0.0365533
0.0472933
0.0243467
0.0129033
0.0292867
0.0238567
0.00699333
0.00669667
0.0345233
0.0357367
0.000663333
0.04372
0.04504
0.0404233
0
0
0.03229
0.0222867
0
0
0.00768333
0
0
0.00420667
0
0
0.000156667
0.000156667
0.000156667
0
0
0
0
0
0
0
0
0
0
0
0.00209333
0.00209333
0.00418667
0.00232667
0.000233333
0
0
0
0
0
0
0
0
0
0
0
0
0
0
0
0
0
0
0.00209333
0.00906667
0
0
0
0
0
0
0
0
0
0
0
0
0
0
0
0
0
0
0
0
0
0
0.0678967
0
0
0
0
0
0
0
0
0
0
0
0
0
0
0
0
0
0
0
0
0
0.0884633
0
0
0
0
0
0
0
0
0
0
0.0491
0.0603733
0
0
0
0
0.0006
0
0.0006
0
0.000246667
0.0220133
0.00928333
0
0
0
0
0.00619333
0.00644
0.00131
0.00031
0.00031
0.00111667
0.000806667
0.0322033
0.00318667
0.00713667
0.00216333
0.00247333
0.00884667
0.00749
0.03466
0.05876
0.00976667
0.0131333
0.02215
0.00767333
0.0230133
0.0492667
0.0518767
0.0279333
0.0171033
0.02569
0.0361967
0.0310367
0.0162767
0.0183533
0.0205433
0.0245833
0.00860667
0.02478
0.01484
0.0126167
0.00199667
0.00201333
0.000503333
0.00490667
0.00494333
0.00884
0.04178
0.0421567
0.000623333
0.000406667
0.00027
0.00054
0.00027
0.00027
0.03229
0.0591267
0.07329
0.00768333
0.000783333
0.000563333
0.000186667
0
0.000186667
0
0.0337333
0.0157133
0.0528867
0.02551
0.01206
0.00534667
0.00075
0.000373333
0.000186667
0
0
0
0.00322
0.0125733
0.0120133
0.0201733
0.00634667
0.00497
0.000186667
0.000186667
0
0
0
0
0
0
0.0004
0.00175333
0.00605667
0.00432333
0.00022
0
0.00244
0.00225333
0.00138
0.00069
0.00344667
0.00275667
0.00482333
0.00275667
0.00206667
0.02315
0.00550333
0.0014
0.00236333
0.00236333
0.0142967
0.0273967
0.0163633
0.0165467
0.03779
0.0204467
0.0028
0.0014
0.0014
0.00236333
0.03616
0.0307033
0.02437
0.0423667
0.00562667
0.0014
0
0.01418
0.0189467
0.0247467
0.02471
0.00266
0.00160667
0.000106667
0.000496667
0.00039
0.00039
0.00465333
0.00535
0.04535
0.0338233
0.0282867
0.0387967
0.0326967
0.0116067
0.00641667
0.0305467
0.0374533
0.000316667
0.00116
0.04285
0.03537
0
0.03006
0.04026
0
0.0221
0.0240767
0
0
0.00405
0
0
0
0
0
0
0
0
0
0.000253333
0
0
0
0
0.000506667
0.000253333
0
0
0
0.00017
0.00181
0.000253333
0
0.00485333
0.00502333
0.00174333
0.000186667
0.00485333
0.00036
0.000203333
0
0
0
0
0
0
0
0
0
0.00170333
0.00170333
0.00350667
0.00180333
0.000156667
0.000156667
0.000313333
0.000156667
0
0.000156667
0
0
0
0
0
0
0
0
0
0
0
0
0
0
0
0
0
0
0
0
0
0
0
0
0
0
0.00173333
0
0.01894
0.01858
0.0406767
0.0259233
0.03057
0
0
0
0
0
0.06014
0.0852033
0.0703867
0
0
0.09986
0.09411
0
0
0.0659233
0.04506
0
0
0.0155067
0
0
0.00109
0.00022
0
0.000173333
0.000173333
0.00453333
0.00022
0.00849
0.00191
0.0222733
0.0119367
0.0269767
0.0408133
0.04258
0.0343
0.0488033
0.0364167
0.02203
0.0340233
0.02889
0.0220733
0.00486
0.00634333
0.0233233
0.0452533
0.00422
0.00433
0.0583767
0.0731467
0.0245133
0.0110133
0.0399033
0.0512067
0.0339167
0.0346333
0.0232833
0.0176867
0.0234433
0.0188233
0.0215867
0.0159133
0.00499667
0.00357
0.00225333
0.00800667
0.0191167
0.000136667
0.00154
0.00085
0.0144567
0.00490667
0.01055
0.00836667
0.00085
0.0147667
0.00185
0.0201833
0
0.00254333
0.00272333
0.00290333
0.001
0.001
0.00726667
0.00742667
0.00531333
0
0.00422667
0
0
0.00018
0.00116
0.00116
0.00116
0
0
0
0
0.00108667
0
0.00217333
0.00217333
0.00108667
0
0
0.0165433
0.0123167
0.02022
0.00187333
0.01905
0
0.00103
0.01633
0
0
0.00734
0
0
0
0.00405
0
0
0
0
0.00051
0
0
0.000763333
0.00997667
0
0
0.02517
0.01621
0.00017
0.0175133
0.01164
0.0181567
0.00485333
0.0192
0.0125833
0.0401833
0.0167867
0.0233833
0.000186667
0.000373333
0
0
0
0.00773
0.0134067
0.0258567
0.00990667
0.02669
0.00039
0.00717333
0
0.000186667
0
0
0
0
0.00567667
0.00567667
0.00620333
0.0101767
0.01722
0.0199167
0.0284
0.00610667
0.00323333
0.00902667
0.00328
0.0146867
0.00211667
0.015
0.00211667
0
0
0.000156667
0
0.00013
0
0
0.00186333
0.0190833
0.01871
0
0
0.02526
0.04471
0
0
0.03813
0.0624667
0
0
0.0410133
0.0448367
0
0
0.00763333
0.01047
0.00022
0
0.0001
0.00119
0.00460333
0.00044
0
0.000586667
0.0188133
0.00869667
0.00232333
0.0365767
0.0249867
0.0474667
0.0293933
0.0421433
0.0363033
0.07186
0.08436
0.0247467
0.00914333
0.02951
0.0600933
0.00494333
0.000596667
0.0201667
0.0195367
0.000296667
0.00400333
0.03321
0.01693
0.0176733
0.0176133
0.03067
0.0274433
0.01992
0.0238567
0.0134233
0.01734
0.0164067
0.00987
0.02481
0.0346533
0.00039
0.00382333
0.0343067
0.04417
0.000136667
0.000136667
0.02644
0.01143
0
0
0
0.00936
0.0147867
0
0
0
0
0.00058
0.00958
0.0227833
0
0.00163
0
0.00163
0.00163
0
0
0
0
0.000143333
0
0.000543333
0.00519
0.01843
0
0
0
0.00027
0
0.00135667
0.00135667
0
0.00108667
0
0
0
0.00190333
0.00793
0.000873333
0.000873333
0.0069
0.00602667
0.00931667
0
0
0
0
0.00329
0
0
0
0
0.00093
0
0.00144
0.00655
0
0
0.0148333
0
0.0395133
0.00761333
0.0382933
0.0252533
0.05323
0.01423
0.05067
0.0259633
0.0535167
0.07245
0.0580233
0.0596633
0.0389567
0.0371833
0.0161333
0.02417
0.03432
0.0427633
0.03435
0.03771
0.0409967
0.0294
0.0171167
0.00635
0.0136267
0.0195767
0.00423333
0.00246
0.000363333
0.000826667
0.000473333
0.000363333
0.000363333
0.00755333
0.0058
0
0
0.0225867
0.01373
0
0
0.0338933
0.03459
0
0
0.0184133
0.0318067
0.000226667
0
0.00412667
0.00824667
0.000446667
0.00427
0.00069
0.00079
0.00820667
0.0222367
0.00542
0.00541667
0.02875
0.0406867
0.0207633
0.04234
0.0402967
0.0665033
0.0782267
0.0286933
0.0135867
0.16127
0.14933
0.00559333
0.00109667
0.18381
0.107073
0.0003
0.000243333
0.09651
0.0395567
0.000243333
0.00520333
0.0339067
0.01065
0.00872667
0.0196033
0.00656667
0.00605333
0.0246133
0.0387867
0.00538667
0.00175667
0.0360367
0.01835
0.0197133
0.00420667
0.00919667
0.00838
0.02264
0.0372533
0.00107
0
0.0265533
0.0275033
0
0
0.0381533
0.0413967
0
0
0.07585
0.0624433
0.109153
0.000333333
0.00675667
0.000333333
0.00642333
0.0235167
0.05893
0.07308
0.10609
0.12086
0.0193067
0.0183533
0.0145133
0.00605
0.00547
0.00221
0
0.000263333
0.000143333
0.00726
0.00491
0.0126267
0.01091
0.03595
0.0783233
0.00233333
0.00291333
0.00279
0.00897
0.00306
0.00669333
0.00618
0.000783333
0.000783333
0
0
0
0.0351333
0.0338567
0.04148
0.0145767
0.00652667
0.00248667
0
0
0
0
0
0
0
0
0.00145
0.00093
0
0.00052
0
0
0.00656
0.000103333
0.000103333
0.02331
0.00109667
0.000993333
0.0327967
0.02694
0.02332
0.01687
0.0259467
0.0147067
0.0785033
0.06249
0.03717
0.0142633
0.05696
0.0881767
0.0246167
0.0459933
0.0246867
0.0341333
0.0166667
0.03946
0.0233633
0.02407
0.0357133
0.02556
0.0207833
0.02218
0.0172933
0.0332867
0.0184033
0.00635
0.00658
0.01243
0.00712333
0.00480667
0.0263167
0.00912667
0.00513
0.0129767
0.00815333
0.0253433
0.0231867
0.01386
0.00779
0.00792333
0.02596
0.0400867
0.000266667
0.000133333
0.0477267
0.000133333
0.000133333
0.0251067
0.04033
0.000226667
0.000226667
0.00858
0.00788667
0.00405
0.00551
0.00560333
0.0224133
0.01976
0.0224233
0.0327367
0.0448167
0.0324733
0.0368367
0.0535367
0.0655067
0.0334767
0.03428
0.135137
0.117927
0.0224667
0.0243867
0.20807
0.19366
0.00751
0.00717
0.199013
0.211333
0.00814
0.00138
0.115513
0.14128
0.0212033
0.0119633
0.0381
0.0627533
0.03003
0.0314233
0.01031
0.00152
0.0444033
0
0.000276667
0.0319233
0.000576667
0
0.0150533
0.00859667
0.00749
0.000933333
0.00583667
0.00416667
0.0120967
0.0174967
0.00365333
0.000556667
0.06594
0.03773
0.000556667
0
0.10306
0.108203
0.000443333
0.000776667
0.08712
0.112733
0.00295
0.0231667
0.00893
0.0338767
0.06748
0.03342
0.04038
0.0189767
0.02965
0.00494333
0.00826
0.00711667
0.00285667
0.0245733
0.00938333
0.0240133
0
0.00172
0.00184
0.0228933
0.00433333
0.0241033
0.00506667
0.01736
0.0391267
0.0290367
0.0119167
0.00600667
0.000783333
0
0
0
0.0419867
0.0326467
0.0279767
0.0124733
0.000833333
0.00063
0
0.0121067
0.00450667
0.00430333
0
0
0.00430333
0
0
0
0
0
0
0.00740333
0.00229333
0.00187667
0.01587
0.01101
0.00212667
0.00134667
0.00209
0.0125933
0.00375333
0.00259333
0.00139
0.0183233
0.0178633
0.00834667
0.00495667
0.00644333
0.00305333
0.0234933
0.0454967
0.00469333
0.00790333
0.0402267
0.0420167
0.01856
0.0256667
0.0158633
0.0152967
0.01006
0.0105567
0.00801667
0.00587333
0.01071
0.0125367
0.0142767
0.00638333
0.00423333
0.0229233
0.02388
0.00658
0.01987
0.0326033
0.01636
0.0219567
0.0278
0.0458633
0.035
0.0208133
0.04397
0.03649
0.0453
0.0192567
0.0269133
0.03618
0.0337367
0.000266667
0.0004
0.03477
0.000133333
0
0.0125733
0.03128
0
0
0.00921667
0.0145467
0.00168667
0.00576667
0.0530067
0.0449933
0.0204533
0.0122533
0.09428
0.0981467
0.0385
0.02626
0.120303
0.136997
0.04391
0.0501367
0.17641
0.166817
0.0377833
0.04436
0.20892
0.20888
0.0293833
0.04481
0.154237
0.166233
0.0296967
0.07308
0.08992
0.0905567
0.0607633
0.109637
0.0372567
0.0386567
0.0885733
0.0485267
0.0116367
0.00284667
0.04339
0.0378733
0.000276667
0.000276667
0.0281433
0.0118733
0
0
0.00542
0.00506333
0.0121433
0.0106033
0.0156933
0.0217233
0.0149033
0.0746433
0.0445967
0.0237267
0.0124767
0.10113
0.0188733
0.00739667
0.0620267
0.0108067
0.00602667
0.0192267
0.03453
0.00906667
0.0202267
0.0182733
0.03098
0.017
0.00191667
0.0299433
0.0205967
0.00582333
0.00138667
0.00608333
0.00994667
0.00846
0.0111533
0.0118967
0.0196633
0.0300733
0.0386533
0.0482667
0.0375
0.0276733
0.01024
0.00569333
0.00047
0
0
0
0.000196667
0.0590367
0.0683467
0.0572667
0
0
0.04582
0.0208333
0.0132333
0.00430333
0
0
0
0
0
0
0.00215
0.00215
0
0
0
0
0.00742333
0.00527333
0
0
0
0
0.00603
0.000756667
0
0
0
0.000926667
0.00017
0
0.0146833
0.0193933
0.00574667
0.000293333
0.00203
0.000396667
0.01514
0.0139367
0.0252833
0.0304433
0.0292733
0.02311
0.0106067
0.000486667
0.00077
0.0367733
0.02771
0.01717
0.0118633
0.0034
0.0034
0.00761333
0.00449667
0.00449667
0.000326667
0.00267333
0.00313333
0.0330767
0.04514
0.0294567
0.0179833
0.03766
0.0572533
0.03958
0.04521
0.0741833
0.0805167
0.0530433
0.0430233
0.0732633
0.0754267
0.0502633
0.0514733
0.0232333
0.0424533
0.02802
0.0356067
0.00424333
0.00411
0.0158467
0.01154
0
0
0.00187
0.00952667
0
0.00222333
0.0187533
0.01047
0.00630333
0.0301833
0.07442
0.0523567
0.0501767
0.06417
0.11187
0.0961567
0.0648233
0.09571
0.165153
0.13616
0.0756133
0.131343
0.203113
0.184757
0.112443
0.17242
0.183957
0.187783
0.119763
0.173873
0.107193
0.124957
0.142303
0.176137
0.03783
0.04247
0.155787
0.01276
0.0112967
0.116377
0.00257
0
0.06472
0.03178
0.000116667
0.000116667
0.00865
0.00634333
0
0.000116667
0.00656667
0.01051
0.00544667
0.0136167
0.0397267
0.0159567
0.01634
0.0464067
0.0782467
0.07319
0.0434067
0.0623867
0.03509
0.0804267
0.0798467
0.0434767
0.03851
0.03306
0.05802
0.03275
0.0165233
0.01893
0.0245167
0.0126467
0.00666333
0.00997
0.00545
0.01579
0.00492
0.0257867
0.00552667
0.00138667
0.00240667
0.00431333
0.0172333
0.02252
0.0369
0.02702
0.0261033
0.0180033
0.0190167
0.0292567
0.0229733
0.0216033
0.00666
0.00512333
0.000576667
0.00047
0
0
0.000196667
0.000393333
0.05055
0.0605933
0
0
0
0.05933
0.0351367
0
0
0.0143433
0.00924667
0
0
0.000316667
0
0
0.000233333
0.00238333
0.0171067
0.0221467
0
0.0270467
0.01308
0.000686667
0
0.00797667
0.00134667
0.00203333
0.00588333
0
0.00017
0.00134667
0.00189333
0.01212
0.0154233
0
0.000546667
0.0150333
0.000546667
0.00083
0.00509
0.000146667
0.00354333
0.0155967
0.0287933
0.0361833
0.0378533
0.0366333
0.02917
0.0168167
0.0110367
0.00721
0.0256733
0.00995
0.00668
0.000416667
0.00077
0.000283333
0
0
0.000313333
0.00064
0.0011
0.00124667
0.0533367
0.0429333
0.00717667
0.0205367
0.0608667
0.0698167
0.02541
0.0353667
0.08733
0.0730167
0.0245633
0.0397567
0.08316
0.05286
0.0368067
0.0231833
0.0253667
0.02804
0.02059
0.02058
0.00601333
0.00190333
0.00448333
0.00594667
0
0
0.000613333
0.00113333
0.00222333
0.00383
0.01038
0.00126
0.02771
0.04914
0.0523033
0.01861
0.114097
0.10154
0.0767767
0.0549867
0.13099
0.187423
0.0989067
0.0552367
0.207873
0.29076
0.145877
0.08902
0.274207
0.31492
0.130187
0.106637
0.267243
0.28074
0.0634433
0.0648467
0.221203
0.20985
0.0162767
0.0194867
0.175897
0.144197
0.00110667
0.00144667
0.116853
0.06891
0
0.00632
0.0489533
0.0124033
0.00863667
0.01484
0.00515667
0.00474667
0.0035
0.01202
0.00534
0.01298
0.00651
0.00444667
0.0403167
0.0630033
0.0119567
0.00757333
0.0942533
0.107857
0.03866
0.00721
0.10506
0.0755967
0.0454367
0.0334533
0.0560167
0.0636867
0.00048
0.0129233
0.0196567
0.05349
0.04006
0.00889333
0.00456667
0.00548333
0.00813
0.0114733
0.0144567
0.0255567
0.01437
0.00831333
0.00328333
0.00905
0.0078
0.0190467
0.0188467
0.0156767
0.01335
0.0120933
0.0065
0.00748333
0.0100933
0.00414
0
0.000533333
0.00087
0.00518333
0.0125067
0.0228733
0.0370267
0.0457667
0.03524
0.0254567
0.00961333
0.0112733
0.00646333
0.00792333
0.00200667
0.00211333
0.00172
0.00172
0.00161333
0.00489
0.00347333
0.0380533
0.0189433
0
0
0
0.0329567
0.0123167
0
0
0.00588333
0.000786667
0
0
0.000316667
0.000233333
0
0
0.000466667
0.00492333
0
0
0.0194133
0.0365167
0.000333333
0
0.0461167
0.03583
0.00102
0.00487
0.0235333
0.00964667
0.00259667
0.00017
0.0299233
0
0
0.0234567
0.0303333
0
0.00465667
0.00772333
0.00388667
0.000283333
0.000283333
0.000396667
0.000113333
0.000113333
0.000536667
0
0
0
0
0
0
0.000143333
0.00343667
0.00592333
0.0192267
0.0266533
0.03652
0.03075
0.0243433
0.01791
0.0169567
0.00381
0.00027
0.000393333
0.000143333
0.0272
0.0120233
0.0260933
0.0053
0.00909667
0.00428333
0.00728667
0.00331667
0.00905667
0.00651333
0.0268933
0.02734
0.00394
0.04834
0.02741
0.0510633
0.0286933
0.0320567
0.03298
0.0559867
0.0340333
0.00698
0.0112933
0.04
0.00190667
0.00523333
0.00868667
0.00593667
0.00421333
0.00190333
0.00190333
0.00198333
0.00198333
0
0
0
0.00160667
0.00160667
0.000646667
0.02526
0.0100367
0.00119333
0.115883
0.0618767
0.0211933
0.00993667
0.194427
0.140007
0.0251
0.0128467
0.26408
0.0340433
0.0137933
0.302933
0.0376633
0.0219267
0.26886
0.21832
0.0212333
0.218847
0.14731
0.00767
0.106613
0.0442
0.00602667
0.00335333
0.03384
0.0104333
0.00933333
0.00895333
0.00145333
0.03249
0.0379967
0.00137
0.00075
0.0548333
0.03506
0.00852667
0.0082
0.0276033
0.00551
0.03534
0.0309833
0.00319
0.00319
0.07225
0.00176333
0.00212667
0.0686033
0.00024
0.00094
0.04681
0.0285967
0.00024
0.00048
0.0401
0.02278
0.0184567
0.00456667
0.0216667
0.00523667
0.00740333
0.000103333
0.02965
0.0217333
0.00043
0.000606667
0.00502333
0.00513667
0.0125067
0.01181
0.0259633
0.0202333
0.02077
0.00617667
0.00480333
0.000546667
0.000546667
0.00187333
0.00187333
0.00536
0.0051
0.0173433
0.0171333
0.00675
0.00722
0.00047
0
0
0
0
0
0
0
0
0
0
0.000233333
0.000233333
0.00054
0.00054
0.00469
0.00991333
0.00054
0
0.02725
0.0307433
0.00011
0.000443333
0.0393433
0.0246733
0.00489667
0.00863667
0.01915
0.00509333
0.0167767
0.00242667
0
0.0287167
0.02817
0
0
0.0235933
0.00817
0
0
0
0
0.000423333
0
0
0
0
0
0
0
0
0.000123333
0.000123333
0
0
0
0
0.00052
0.000396667
0
0.000546667
0.00015
0.45218
0.196707
0.195347
0.0735633
0.07831
0.0397833
0.0755967
0.04345
0.0293267
0.0757567
0.0422033
0.0442467
0.03566
0.000123333
0
0.000143333
0
0.00557
0.00308333
0.0375133
0.0297333
0.0520333
0.0686633
0.0303033
0.05802
0.0350133
0.0371633
0.0423433
0.03262
0.0223467
0.0208633
0.0106167
0.03274
0.05043
0.000523333
0.000123333
0.03033
0.0794333
0.0768267
0.00542
0.00065
0.0777733
0.0483633
0.0113733
0.00513
0.0303933
0.00938
0.0132767
0.00660333
0.00101333
0.00417333
0.00678333
0
0.000386667
0.00026
0.00159
0.00159
0.000676667
0.000676667
0.00298333
0.00457333
0.00113
0.00180667
0.00298333
0.00113
0.00845333
0.0394133
0.04224
0.00845333
0.00109333
0.104333
0.0593833
0.00104333
0.000546667
0.227183
0.121857
0.000993333
0.000496667
0.24351
0.143297
0.00143333
0.00075
0.15218
0.10043
0.00585333
0.00179
0.0950333
0.03254
0.01132
0.00818333
0.0224033
0.00488
0.02867
0.03311
0.00327
0.00144667
0.07704
0.00111
0.00437667
0.11735
0.0775533
0.0041
0.00570667
0.0928433
0.07319
0.00203
0.00499667
0.0510967
0.0344667
0.00681
0.0103033
0.00865333
0.00781667
0.0102967
0.04807
0.000226667
0.00129
0.04722
0.00583667
0
0
0.00322667
0.00947333
0
0.000293333
0.00924
0.0110433
0.0144233
0.0285533
0.00479667
0.00227
0
0
0
0.0419033
0.0405033
0.04239
0.00028
0.00044
0.00088
0.00076
0.00432
0.00388
0.00564
0.00192
0.00192
0
0
0.00420333
0.00607667
0.0216067
0.02089
0.03126
0.00054
0.00108
0.00599667
0.00728667
0.00237
0.00183
0.0146967
0.000116667
0.00140667
0.00011
0.0119067
0.00278333
0.00407333
0.000116667
0.000316667
0.00477
0.00266667
0
0.00525
0.0135167
0
0
0.00957
0.0133767
0
0
0.00503
0.00494667
0
0
0.00055
0
0
0
0.000423333
0
0
0
0
0
0
0
0.000123333
0
0
0.00469
0.00508667
0
0
0.00884667
0.00443
0.00015
0
0.00418333
0.0003
0.00015
0.47418
0.251697
0.14113
0.0895267
0.04938
0.538423
0.0304233
0.0128867
0.00740333
0.0144833
0.00015
0.0237633
0.0103267
0.00337
0.000273333
0.000123333
0.0377333
0.0264433
0.0345433
0.0187133
0.00907667
0.00598
0.000123333
0.00154
0.00386333
0.00384
0.00439
0.0347833
0.0159767
0.03022
0.0188433
0.0239333
0.00950333
0.02122
0.00294
0.00588
0.0111933
0.03256
0.0699867
0.09831
0.110813
0.0871533
0.0729267
0.0506533
0.0428667
0.0222733
0.0340233
0.0239
0.06625
0.0422033
0
0
0
0.00294
0.0832633
0.0758967
0.00025
0
0.08009
0.0772067
0.000513333
0.000403333
0.04973
0.0323267
0.00278333
0.00293667
0.00354667
0.0106867
0.00267333
0.000126667
0.000126667
0.00563
0.000783333
0.000106667
0.0173867
0.0184433
0.00433
0.00535333
0.0146767
0.02749
0.0101667
0.0137133
0.0128833
0.0169833
0.07205
0.0169433
0.00811667
0.00998
0.0630133
0.0697
0.0242133
0
0.0145933
0.0793233
0.02663
0
0
0.0844367
0.04562
0.000253333
0
0.05273
0.0462633
0.00357667
0.00272333
0.03147
0.0205567
0.0107767
0.00410333
0.00260333
0.0541167
0.00155667
0.00506667
0.0932767
0.0980467
0.00822333
0.0235933
0.112067
0.0672867
0.0213533
0.0230033
0.0813467
0.0610733
0.0103233
0.00870333
0.0203
0.03258
0.05048
0.0556133
0.00687
0.00378667
0.00502333
0.01155
0.00668667
0.00307667
0.000226667
0
0.00307667
0
0.00079
0
0.000466667
0.000466667
0.00187333
0.00108333
0.00299333
0
0.00252667
0
0.03585
0.02111
0.03445
0.0152133
0
0
0
0.00032
0.00016
0.00032
0.00048
0
0.00016
0
0
0.00232667
0
0.01542
0.00653
0.03995
0.0286233
0.04519
0
0.000206667
0
0
0.000206667
0.000796667
0
0.000796667
0.000796667
0.00109667
0
0.000206667
0.000206667
0
0.000206667
0.000633333
0.000126667
0.00076
0
0
0.000253333
0.000126667
0
0
0
0
0
0
0
0
0
0
0.000366667
0
0.00493333
0.0139733
0
0
0.01749
0
0
0.0209233
0.0120333
0
0
0.00838333
0.000383333
0
0
0.000676667
0.00581333
0.000443333
0.000443333
0
0.483367
0.0990767
0.637247
0.0100267
0.03557
0.00661
0.00594333
0.00031
0.32184
0.119627
0.0808967
0
0
0.0449533
0
0
0
0
0.00218
0.00803667
0
0
0
0
0
0
0
0
0
0.0001
0.00068
0.00117667
0.00034
0.00054
0.00044
0.00126
0.00078
0.00181
0.00280333
0.00201333
0.00127667
0.00188
0.00568
0.0213767
0.0199067
0.03759
0.06495
0.0700333
0.0605867
0.00294
0.0106267
0.00531333
0.0530267
0.0150333
0.0827233
0.05326
0.0510867
0.06716
0.06696
0
0
0
0
0.0644667
0.0589033
0.00478667
0.00494
0.00478667
0.0421933
0.03034
0.01658
0.00726667
0.00951667
0.00727667
0.02103
0
0
0.00864333
0.01481
0.000213333
0.000106667
0.02915
0.0225033
0.00376
0.0072
0.0464767
0.04708
0.0126067
0.07549
0.0719667
0.0377633
0.0444567
0.12705
0.195513
0.0203167
0.03565
0.1472
0.02146
0.01354
0.0274167
0.00114333
0.0157367
0.0391033
0.0415267
0.00114333
0
0.0415767
0.04033
0.00468667
0.00221667
0.0341033
0.02387
0.0155067
0.01027
0.00882333
0.0112133
0.03311
0.0370567
0.00850333
0.02363
0.02787
0.0454
0.0355633
0.0459367
0.0134
0.0309667
0.0356167
0.0236767
0.00702333
0.0183767
0.00944333
0.00417667
0.0132167
0.0219667
0.0342467
0.0326267
0.0156633
0.000353333
0.000176667
0.000226667
0.00502333
0.0425733
0.03827
0
0
0
0
0
0
0.00989
0.00321333
0.00400333
0.00079
0
0
0
0
0.02376
0.0136567
0.00777
0.00237
0
0
0
0.00016
0.00016
0
0.00016
0.000213333
0
0.00388
0.000213333
0.02074
0.00599333
0.04188
0.0259633
0.0446667
0.0426633
0.0326133
0.000126667
0.000126667
0
0
0
0
0
0
0
0
0
0
0
0.000366667
0
0
0.000733333
0.00862
0
0
0.0172933
0
0
0
0
0.03386
0.0306767
0
0
0.0230767
0.0174533
0
0.01459
0.02264
0
0.00893667
0.0138633
0.000653333
0.000133333
0.00042
0.000343333
0.00265667
0.226493
0.0842567
0.000976667
0.414533
0
0.00031
0
0.32025
0.11912
0
0
0.0943767
0.0504333
0.03974
0.02922
0.0271967
0.0341333
0
0
0.0317267
0.0257067
0.0117767
0
0
0
0.00374
0.00592
0
0
0
0
0
0
0
0
0
0
0
0
0
0
0
0
0
0
0
0
0
0
0
0
0
0
0
0
0
0
0
0
0
0
0
0
0
0.00371
0
0
0.00429
0.0209233
0
0.000836667
0.0178633
0.0273667
0.00147
0.0026
0.0151133
0.0241367
0.0158867
0.02927
0.0104367
0.04408
0.0148533
0.00612333
0.000576667
0.0567633
0
0.00237333
0.00237333
0.00972
0.00734667
0.0128933
0.00554667
0.00554667
0
0
0.000133333
0.04186
0.03992
0.00478667
0
0
0
0
0
0
0
0
0
0
0
0.000133333
0.000133333
0.02155
0.02678
0.0323933
0.0186933
0.01864
0
0
0.00018
0.00243
0.00225
0.03347
0.04272
0
0.00029
0
0
0
0
0.0258833
0.02472
0
0.000106667
0.000106667
0.0214833
0.0126267
0.00032
0.00386667
0.0372867
0.0347333
0.00617667
0.00917667
0.00608
0.08597
0.02318
0.142067
0.0501
0.0414567
0.1845
0.20039
0.0449267
0.0415067
0.15711
0.11172
0.0317833
0.02414
0.0372333
0.0276933
0.0226933
0.0053
0.01875
0.02484
0.0122367
0.00114333
0.00228667
0.0276767
0.0267567
0.00221667
0
0.0291767
0.01366
0.0100167
0.00443333
0.0107433
0.00535667
0.00246333
0.00794
0.00235667
0.00923
0.0209533
0.032
0.00378667
0.0101367
0.00663
0.00679667
0.04505
0.0379867
0.0269333
0.0132
0.00739667
0.0227967
0.00037
0.00042
0.00467667
0.000853333
0.00321667
0.00312667
0.02567
0.0187533
0.0183267
0.00572333
0.00209
0.000176667
0
0.00242333
0.000226667
0.0354033
0.00703333
0.0241533
0.00579333
0
0
0
0.0189733
0.0360833
0.00484667
0.00242333
0
0
0
0
0
0
0
0
0.00494667
0.00247333
0.01928
0.01335
0.0465367
0.0354067
0.04481
0.0286333
0
0
0
0
0
0
0
0.000213333
0.000213333
0.00388
0.00614
0.0208867
0.0256233
0.0413933
0.0452467
0.0477367
0.03617
0
0
0.000366667
0.00097
0.000603333
0.00123
0.000626667
0.00885667
0.00911667
0.000626667
0
0.0330567
0.0246433
0
0
0.04199
0.0383333
0
0
0.02806
0
0.02438
0
0.0268067
0.03605
0
0
0.0321333
0.01388
0.000623333
0.00049
0.00580667
0.00293667
0.00796
0.01716
0.193413
0.0518067
0.0194733
0.00875
0.00519667
0.00084
0.227573
0.0540167
0.000173333
0
0
0
0.1035
0.07155
0.0437267
0
0
0
0.0378633
0.0173067
0
0
0
0.0173333
0.0257067
0
0
0
0.0219267
0.00581667
0
0.00374
0
0
0
0
0
0
0
0
0
0
0
0
0
0
0.00424667
0
0.00424667
0.00890333
0.00465667
0
0
0
0.00962667
0.00538333
0.000413333
0.000413333
0
0
0.0153633
0.01112
0.00579667
0.000826667
0.000413333
0
0
0
0.00808
0.00234333
0.000413333
0
0
0
0
0
0.00227
0.00034
0
0
0
0
0
0.00034
0
0
0
0
0
0
0
0
0
0
0
0
0
0
0.000436667
0
0
0.00414667
0.00958333
0
0
0.0405767
0.02578
0.0452233
0
0.000633333
0.000633333
0.00176333
0.0124567
0.00170667
0.000576667
0.0272567
0.00388333
0.000576667
0
0.0478967
0.0322267
0.000133333
0.00423333
0.0142467
0.0273267
0.0284133
0.00452333
0.000423333
0.00814333
0.00433333
0.0115233
0.00795
0.0138533
0
0
0
0
0
0
0
0
0
0
0.00058
0.00087
0.00058
0.00047
0.0322333
0.01712
0.00341
0.000143333
0.000143333
0
0
0
0
0
0
0
0
0
0.00029
0.00029
0
0
0.02182
0.00684333
0.00028
0.00354667
0.000143333
0
0
0
0
0
0
0
0
0
0
0
0
0
0.00660333
0.00028
0.00372
0.000136667
0
0
0
0
0
0
0
0
0
0.000213333
0.0147367
0.0176667
0.000116667
0.0196533
0.0115533
0.0129067
0.00181
0
0
0
0
0
0
0.00301
0.01725
0.01763
0.0171533
0.0812633
0.0924867
0.0211533
0.0130767
0.00333333
0
0
0
0.00279667
0.150367
0.0205633
0.0247867
0.00718667
0.00121667
0.0978133
0.10696
0.0244167
0.0112833
0
0
0.0397
0.02451
0.00600667
0.000946667
0
0
0
0
0.00301333
0.00114333
0.00602667
0.00675333
0.00503
0.00884667
0
0
0.00114333
0.0151333
0.0110867
0
0
0
0
0.00719333
0.00192
0
0
0
0.00221667
0.003
0.00283333
0
0
0.000246667
0.00246333
0.0162367
0.0148767
0
0
0.000246667
0.000383333
0.00465333
0.00451667
0.00014
0.00427
0.00028
0.00014
0.000306667
0.01522
0.02392
0.000343333
0
0
0.000136667
0.000273333
0.00454333
0.00867667
0.0151
0.000256667
0.000306667
0.00972
0.000343333
0.00102
0
0
0
0
0
0.000136667
0.000273333
0.00454333
0.0263667
0.0380367
0.000676667
0
0
0
0
0
0
0
0.0008
0.0008
0.00353667
0.00273667
0.00273667
0.000136667
0.000136667
0.0413833
0.0363933
0.00417667
0
0
0
0
0
0
0
0
0
0
0
0
0
0
0
0.000883333
0.00168333
0.00522
0.00707333
0.0204
0.0168633
0.01655
0.00242333
0.0217
0.0284567
0.02151
0.00410333
0
0
0
0
0
0
0
0
0
0
0
0
0
0.00247333
0.00335667
0.01176
0.0128233
0.0314733
0.0371967
0.00434
0.00327667
0.00251667
0
0
0
0
0
0
0.02133
0.0052
0.0051
0.000526667
0.0260867
0.0104833
0.000526667
0.0205433
0.0152133
0
0.0244633
0.0249033
0
0
0.0340633
0
0
0.02564
0.000846667
0.000356667
0.00756667
0.00598667
0.00359667
0.00164
0.00603667
0.00626667
0.0121233
0.0152867
0.0242567
0.02671
0.0263167
0.0247067
0.0302833
0.0190233
0.00559667
0.00124
0.0229033
0.0024
0.00133333
0
0
0
0
0
0.0106367
0.00373333
0.00557
0.00290333
0.00423667
0
0
0
0
0
0.0203467
0.00498
0.02109
0.00207667
0
0
0
0.00207667
0
0
0
0
0
0
0
0
0
0
0
0
0
0
0
0.00130333
0.00130333
0
0.01893
0.00555
0.0222833
0
0
0.03345
0.0258067
0
0
0.0267533
0.01327
0
0
0.0115467
0.00628333
0
0
0.00435333
0.00034
0
0
0
0
0
0
0
0
0
0
0
0
0.000436667
0
0
0
0.00104
0.00647667
0
0
0.02594
0.00803667
0
0
0
0.000106667
0.03277
0.000106667
0.000506667
0.0152133
0.00577667
0.0004
0.00129667
0.00065
0.00240667
0.00310667
0.00025
0.00176
0.00790333
0.0104933
0
0
0
0
0
0
0.00461
0
0.00019
0.00112
0
0
0
0
0
0
0
0
0
0
0
0
0.01904
0.00322333
0.00322333
0.00166667
0
0.000253333
0.000253333
0.000506667
0.000253333
0.000253333
0
0
0
0
0
0.00027
0.00027
0.00054
0.00027
0.00027
0
0.03156
0.0331833
0.00346667
0.03224
0.00166667
0.000353333
0.000606667
0.00453
0.00443
0.00568
0.00175667
0.00150333
0
0
0
0.00027
0.00054
0.00081
0.00081
0.00054
0.00027
0
0
0
0
0
0
0.00674333
0.0208867
0.00587333
0.000706667
0.00855
0.01212
0.02591
0.01957
0.0208233
0.00668
0.0091
0.00392333
0.00494333
0.00129
0.01286
0.01211
0.01714
0.00557
0.00689
0.00159
0.00159
0
0
0
0
0
0
0.00121667
0.00516333
0.00516333
0.00408
0.05343
0.00611667
0.005
0.0126
0.0303067
0.0400467
0.0500167
0.0371333
0.0271667
0.0132767
0.00885667
0.0057
0.00620667
0.01702
0.0452933
0.0461633
0.05083
0.0231267
0.02527
0.00903333
0.0112133
0.00377
0.00377
0
0
0
0
0.00121667
0.00121667
0.00121667
0.000133333
0.00133333
0.00952333
0.0265267
0.03111
0.00510667
0.00892333
0.0265233
0.0414367
0.05519
0.0464767
0.0313367
0.01428
0.00569
0.00201667
0.00569
0.0269267
0.0557167
0.0752867
0.06953
0.0621133
0.0455567
0.0586133
0.0405067
0.0330633
0.00377
0.000503333
0.000503333
0.000503333
0
0
0
0
0.00307
0.00494
0.00858
0.02216
0.0374167
0.0499167
0.0452233
0.03033
0.0145267
0.00543333
0.00151333
0.000756667
0.0224967
0.03502
0.05902
0.06974
0.07859
0.0838833
0.0804633
0.0664367
0.0371433
0.00835333
0.00100667
0.00100667
0.000503333
0
0
0
0
0
0.01838
0.0194667
0.0357467
0.0258933
0.02517
0.00886333
0.00493
0.000506667
0.000253333
0
0.0130267
0.0162867
0.049
0.0465767
0.07261
0.04825
0.0454967
0.0167067
0.00885667
0.00100667
0.000503333
0
0
0
0
0
0
0
0.0069
0.0105533
0.0132667
0.00863333
0.00495333
0.000766667
0.000253333
0
0
0
0.00326
0.00326
0.0138633
0.0106033
0.0189567
0.00885667
0.00936
0.00100667
0.000503333
0
0
0
0
0
0
0
0
0
0.00540667
0.00419667
0.00471
0.000776667
0.000513333
0
0
0
0
0
0
0
0
0
0.000503333
0.000503333
0.000503333
0
0
0
0
0
0
0
0
0
0
0.000263333
0.000263333
0.000263333
0
0
0
0
0
0
0
0
0
0
0
0
0
0
0
0
0
0
0
0
0
0
0
0
0
0
0
0
0
0
0
0
0
0
0
0
0
0
0
0
0
0
0
0
0
0
0
0.00964333
0.01083
0.00308333
0.000533333
0
0
0
0
0
0
0
0
0
0
0
0
0
0
0
0
0
0
0.0255833
0.02957
0.0163467
0
0
0
0
0
0
0
0
0
0
0.0334633
0.01827
0.0117933
0.0331
0.00138
0.00605333
0.02137
0.0107133
0.00141
0.000883333
0.00779
0.0164833
0.00149333
0.00061
0.0258067
0.00795333
0
0.0213
0.000356667
0
0.00218
0.00158667
0.000793333
0.00083
0.00044
0.0150367
0.00645667
0.00941
0.00985
0.0300267
0.0202667
0.00981667
0.000406667
0.0157033
0.0225267
0.0226633
0.000406667
0.00629333
0.000406667
0.00754
0
0
0
0
0
0
0
0
0
0
0
0
0
0
0
0
0
0
0
0
0
0
0
0
0
0
0
0
0
0
0
0
0.00130333
0
0
0.0177967
0.00441667
0.0263267
0
0
0.0386267
0.04274
0
0
0.03851
0.0284567
0
0
0.0149767
0.00937333
0
0
0.00401333
0
0
0
0
0
0
0
0
0
0
0
0
0
0
0
0.000603333
0
0
0
0.000603333
0.0026
0
0
0
0
0.00154333
0.00354
0.00568
0.0226433
0.000106667
0.00165
0.00379
0.0248267
0.00264667
0.00318667
0.00696667
0.00019
0.00038
0
0.00112
0.00112
0
0.01031
0.00112
0
0.0242633
0.0224067
0.0210633
0.01968
0.00174333
0.0305167
0.00705333
0.00377667
0.0132867
0.0356067
0.00200333
0.00832333
0.0135767
0.01936
0.00308333
0
0
0.000276667
0.000276667
0.000976667
0.0140433
0.00349667
0.02335
0.01679
0.01096
0.0381
0.0248933
0.0105467
0.0343467
0.0215033
0.0003
0.000433333
0.00451333
0.00415333
0.01939
0.0196633
0.00165667
0.00061
0.00061
0.00283667
0.00104667
0
0
0.00179
0
0.000436667
0
0
0
0.00608333
0.000856667
0.0119433
0.00634
0
0.00864333
0.00768333
0
0
0.002
0.00296667
0.00036
0.000706667
0.00036
0
0
0
0
0
0
0
0
0
0
0
0
0
0
0
0
0
0
0.00311333
0.00311333
0.00107667
0.00107667
0.00266333
0.0129467
0.0103333
0.00158667
0.02611
0.0431033
0.000523333
0.00211
0.05021
0.0397933
0.000523333
0
0.02451
0.00757
0
0
0.00221
0
0
0
0
0
0
0
0
0
0
0
0
0
0
0
0
0
0
0
0
0
0
0
0
0
0
0.00019
0
0
0.00038
0.00019
0.00607
0.00037
0
0.00844333
0.00274333
0.0031
0.00607333
0.000536667
0.00038
0.00038
0.00418
0.00699
0.00766
0.00683333
0.00038
0
0
0.000326667
0.00102667
0.000413333
0
0.00283
0.00934
0.0135933
0.000413333
0
0.00790667
0.0143967
0.00103333
0.00307667
0.00617667
0.00958
0.00133333
0.00904
0.00994333
0.00514333
0.00477333
0
0
0
0
0
0
0.00042
0
0.00386333
0.00317
0.00674
0.00852333
0
0
0.00996333
0.0146967
0
0
0.00036
0
0.000913333
0.000553333
0.00531
0.00510333
0.0005
0.00173
0.00230667
0.01256
0.0129167
0.0175067
0.02726
0.0204267
0.04297
0.03578
0.0106967
0.00263333
0.00104667
0.0277367
0.01132
0.000523333
0
0.00273333
0.000523333
0
0
0
0.00037
0.00037
0
0
0
0
0
0
0
0.00018
0
0
0
0.00018
0
0
0
0
0
0
0.000673333
0.00162333
0.00197
0.00342667
0.0139333
0.01759
0.0215833
0.000673333
0.00140667
0.0110967
0.00176667
0.00047
0.00614333
0.0100133
0.0258933
0.0263633
0.00159667
0.000393333
0
0.000293333
0.000416667
0.00071
0
0.000293333
0.00696333
0.00929667
0
0
0.0232167
0.0246833
0
0
0.0291167
0
0
0.0151767
0
0
0
0.00740333
0.01303
0.0109233
0
0
0
0.000116667
0.00067
0.00312333
0.000933333
0.0108567
0.000193333
0.000563333
0.0104867
0.0109333
0
0
0.000363333
0.00118
0
0
0
0
0
0
0
0.00400333
0.0141633
0.0318467
0.0479133
0.03473
0.03009
0.00767667
0.00897667
0.0247433
0.00579667
0.0353867
0.0493933
0
0.0371867
0.02365
0.00592333
0.00700667
0.00039
0.00027
0.00114
0.000846667
0.00507
0.0055
0.0113233
0
0
0.0257033
0.03673
0
0
0.0370367
0.0431833
0.000126667
0
0.02148
0.02783
0.00302667
0.000126667
0.0109333
0.00487
0.00301333
0.000113333
0.000233333
0.00035
0.00268667
0.000113333
0
0
0.000116667
0.0192133
0.0277433
0.00058
0.000756667
0.01921
0.0367967
0.000193333
0.000386667
0.0366267
0.0194867
0
0
0.00579333
0.0139833
0
0.000363333
0.00497667
0
0
0.000166667
0.000166667
0
0
0
0.000166667
0
0.0274767
0.0435433
0.02538
0.0128533
0.0130467
0.0125867
0.00787667
0.02856
0.0284233
0.000596667
0.00639333
0.0386133
0.0228867
0
0
0.00754667
0.0222867
0.00565333
0.00012
0
0.00012
0
0
0.00273333
0.00188667
0.00765
0.00517667
0.0216
0
0
0.0298367
0.01928
0.000393333
0.000126667
0.01734
0.00449333
0.01876
0.00329333
0.00241667
0.00245333
0.0342
0.0476067
0.01872
0.000233333
0.000116667
0.0360733
0.0159333
0.01988
0.000113333
0.000226667
0
0
0
0.000116667
0.38068
0.189157
0.11096
0.0814567
0.0570067
0.0491367
0.06761
0.0643033
0.00884667
0.02708
0.0462133
0.04552
0.00061
0.000386667
0.000193333
0
0
0
0.03115
0.0178067
0
0
0.00517
0.00981
0
0
0.000723333
0.000723333
0
0.000166667
0.0255533
0.0201767
0.0115767
0.00801667
0.00168333
0.0112467
0.00705333
0.000596667
0
0.00850333
0
0.00237
0.00201333
0
0
0
0
0
0
0.00188667
0.000113333
0
0
0.00188667
0.00392667
0.00637
0.00644
0.00038
0.00204
0.00219333
0.04199
0.02192
0
0.000153333
0.0430767
0.0522367
0
0
0.02649
0.0241167
0
0
0.00804667
0.00455333
0.00443
0.00037
0.560287
0.40855
0.346277
0.197103
0.23689
0.15587
0.10328
0.0555133
0.02339
0.00935667
0.0222033
0.00564667
0.0217367
0.0146167
0.0186233
0.04967
0.0451067
0.0220033
0.00411333
0.01164
0.04203
0.0394167
0.00112667
0.000416667
0
0
0.0279033
0.0105033
0
0
0.00111333
0.00575333
0
0.000556667
0.00155333
0.00207667
0.00099
0.00108667
0.00108667
0
0.00092
0
0
0.000356667
0
0
0
0
0
0
0
0.00026
0.000146667
0
0
0
0.00929
0.0241867
0.00337667
0
0
0.0407467
0.0414067
0
0
0
0.0150233
0.03217
0
0
0.00975333
0.00345
0.0103133
0
0
0.00026
0.00402
0.00027
0.00412667
0.000493333
0.000256667
0.000256667
0.000376667
0.000236667
0.525883
0.375467
0.162327
0.185617
0.124037
0.100283
0.119543
0.0531833
0.0235233
0.0350733
0.0592067
0.0185167
0.00165333
0.00417667
0.00118667
0.000693333
0.000143333
0.000143333
0.0002
0
0
0.0004
0.0004
0.00383667
0.0002
0.00363667
0.0111567
0.00784333
0.00420667
0.0440367
0.02036
0.00501667
0.0362667
0.0327267
0.0109367
0.02088
0.0164567
0.00071
0.02903
0.0113767
0
0
0.0291033
0.0164533
0
0.00039
0.00625333
0.01117
0.00039
0.000946667
0
0
0
0
0
0.000356667
0
0
0
0.000356667
0
0
0
0
0
0
0
0
0.0217367
0.00341
0.00687333
0.000146667
0.000293333
0
0.0263133
0.01439
0.0245233
0
0
0.00654333
0.0116767
0
0
0.0028
0.00358667
0
0
0.00263333
0.00023
0
0
0.0001
0
0.00014
0.00014
0.3324
0.33372
0.131717
0.138513
0.116837
0.0868
0.08248
0.0433833
0.03938
0.0598733
0.0682067
0.0221533
0.0175433
0.0347667
0.0118733
0.0122867
0.00678667
0.00412333
0.00422667
0.00272333
0.00327333
0.00074
0
0
0
0
0
0
0
0
0
0
0
0
0
0
0
0
0
0.0002
0.0002
0
0.00124333
0.00144333
0
0
0.0238767
0.03359
0
0.05589
0.0344333
0.0126433
0.00552
0.00111333
0.000826667
0.00643333
0.000593333
0.00058
0.00029
0.00588667
0.00588667
0.0114367
0.00068
0.00598667
0
0
0
0
0
0
0
0
0
0
0
0
0
0
0.00595
0.01171
0.00979333
0.00890333
0.0039
0.00403333
0.00029
0.000146667
0
0.00059
0.00349667
0.000143333
0
0
0.00674667
0.00285
0
0
0.0212233
0.0334767
0.01716
0
0
0.0334767
0.0148567
0.01892
0.0002
0
0
0
0.0001
0
0.131803
0.06915
0.0703833
0.06489
0.0463767
0.05304
0.0540433
0.0357433
0.0239
0.03384
0.0284567
0.0286133
0.00533667
0.00885
0.0125467
0.00272333
0
0.000596667
0
0
0
0
0
0
0.00149667
0.00149667
0
0
0
0.00694333
0.00149667
0
0
0.00573
0.000283333
0
0.000343333
0
0
0.000343333
0
0
0
0
0
0
0
0
0
0
0
0
0
0
0
0
0
0
0
0
0
0.00104333
0
0.01254
0.0351733
0.04831
0.0593133
0.000166667
0.0413733
0.000976667
0.000333333
0.00740333
0.00287667
0.000333333
0.000976667
0.000573333
0.000406667
0.000456667
0.00058
0
0
0
0
0
0
0
0.000163333
0
0
0.000163333
0.000466667
0
0
0.000303333
0
0
0
0.00286333
0.00272
0.003
0.000423333
0.000613333
0.000323333
0.00018
0.000143333
0.000143333
0.000143333
0.0202133
0.00477667
0
0
0.03509
0.0344367
0
0
0.0265467
0.0258933
0
0
0.01201
0.00503667
0.000873333
0.0507967
0.04404
0.05827
0.0304
0.0384033
0.0417867
0.0369933
0.0306467
0.0187867
0.02573
0.0295533
0.0131533
0.00261333
0.00533333
0.00932333
0
0.00086
0.000263333
0
0
0.000653333
0
0
0.00722667
0
0
0.00807
0.01851
0
0.0173833
0
0
0
0.000283333
0
0.000283333
0
0
0
0
0
0
0
0.00022
0.00022
0
0.00702333
0.00568333
0.000723333
0.000503333
0.0179433
0.01829
0.00765333
0.00281
0.00062
0.000116667
0.02447
0.0162133
0.00519
0.003
0.01819
0.01798
0.02336
0.00408667
0.00804333
0.01099
0.0265167
0.000993333
0.000993333
0.00703333
0.0063
0.000123333
0.000123333
0.00026
0.00026
0.00059
0.00059
0
0.000123333
0
0.00081
0
0.00608
0
0
0.00573667
0
0
0
0
0
0
0
0
0
0
0
0
0
0
0.0242333
0.000193333
0.0384133
0.0317933
0.00036
0.02165
0.0214667
0.00523667
0.00763667
0.000526667
0.0005
0.00292667
0.0005
0
0
0
0
0.000623333
0.000623333
0
0
0.000786667
0.00475333
0
0.00443333
0.00525667
0
0
0.00129
0.000986667
0
0.00055
0.000433333
0
0
0
0
0
0.0157333
0.0161667
0
0
0
0.00481667
0.0204333
0
0
0.00481667
0
0
0
0
0.00481667
0
0.00728667
0.01189
0.00742667
0.00798667
0.000773333
0.0167033
0.00739333
0.00493667
0.00296667
0
0.000246667
0.00062
0
0.00101
0
0.0238367
0
0
0.0336233
0.0450533
0
0
0.03389
0.0329967
0
0.0152767
0.0100667
0
0.00052
0
0
0.000236667
0
0
0
0
0.00022
0
0
0.00206333
0.00368667
0
0
0.0187233
0.02802
0
0.0424733
0.0385767
0.01667
0.03053
0.0254767
0.0439833
0.03319
0.00941333
0.00332667
0.0362367
0.02443
0.000233333
0
0.00497333
0.0110133
0.00166
0.00026
0
0.0141033
0.01291
0
0
0.0186467
0.00654667
0
0
0.0118167
0.0259267
0
0
0.0204333
0.00598
0
0
0.000243333
0
0
0
0
0
0
0
0
0
0.0127367
0.0127367
0.000193333
0.0176133
0.00507
0
0.00981667
0.000266667
0.000266667
0.0137833
0.0141467
0.01645
0.000156667
0.000423333
0.00741333
0.00114333
0.000116667
0
0
0
0.000116667
0.000116667
0
0
0
0
0
0
0
0
0
0
0
0
0.000353333
0.000913333
0.000773333
0
0
0
0.000213333
0.00051
0.000246667
0.000753333
0.00062
0.000396667
0
0
0.00527
0.00501333
0.00104333
0.000646667
0
0.0215233
0.000646667
0
0
0.0279367
0
0.01017
0
0
0
0
0.00184333
0
0.02146
0.00384333
0.00384333
0.0254967
0.0372133
0.0273433
0.01763
0.0282633
0.0371767
0.0302867
0.00632
0.0252867
0.000233333
0.00471333
0
0.02654
0
0.04041
0.03371
0
0
0.03572
0
0
0.01494
0
0
0.000486667
0.000243333
0
0
0
0
0
0
0
0
0
0
0
0
0
0
0.00180667
0.00193333
0.000126667
0.00110667
0.011
0.03104
0.00521
0.00592333
0.0355033
0.03492
0.00392333
0.00871
0.0203967
0.0119433
0.00917333
0
0
0
0
0
0
0
0
0
0
0
0
0
0
0
0
0
0
0
0
0
0
0.000213333
0.000213333
0
0
0
0
0.000213333
0.00530333
0.0223967
0.00643333
0.00217333
0.03614
0.02041
0.00240667
0.00152667
0
0.01927
0.00088
0.00126667
0
0
0
0
0.000623333
0
0
0.000236667
0
0
0
0
0
0
0
0.00184333
0.00198333
0
0
0.00656333
0.00384333
0
0.01107
0.01528
0.00556667
0.0125767
0.0068
0.0183333
0.00619
0.0122867
0.000103333
0
0.00539
0.00166
0.00331
0.00017
0.0157467
0.0277633
0.00017
0.0416433
0.0329
0.000633333
0.0336767
0.00467
0.01849
0.000976667
0.000343333
0.01504
0.000586667
0.000343333
0
0.000243333
0
0
0
0
0.00675333
0.00544667
0.00176667
0.00224667
0.0266667
0.0458133
0.02211
0.0183067
0.05385
0.0415067
0.0281467
0.0408333
0.0329167
0.0255767
0.03667
0.02872
0
0
0
0
0
0
0
0
0
0
0
0
0
0
0
0
0
0
0
0
0
0
0
0
0
0
0
0.000386667
0
0.000386667
0
0
0
0
0
0
0
0
0
0.00014
0.00028
0.00014
0.00014
0.00486
0.00522667
0.000646667
0.000506667
0.00569667
0.00111667
0.000956667
0.00207
0.00106
0.000586667
0.00220667
0.00875667
0.00024
0.000813333
0.00771
0.000103333
0
0.000676667
0.000676667
0.000676667
0.00165
0.0033
0.00165
0.00165
0.00182
0.0169767
0.0154967
0.01754
0.00449667
0.000803333
0.02167
0.01738
0.00217
0.00426
0.0421233
0.0545567
0.04609
0.0324933
0.0510633
0.0394667
0.0678167
0.0768767
0.03626
0.0383533
0.0574233
0.06308
0
0
0
0
0
0
0
0
0
0
0
0
0
0
0
0
0
0
0
0
0
0
0
0
0
0
0.02218
0.0172867
0.000936667
0.00312
0.00926333
0.0390267
0.0380267
0.02621
0.0301433
0.0138733
0.0709733
0.0243867
0.0253133
0.0562567
0
0
0.00117333
0.00228
0.00110667
0.00152667
0
0.00042
0
0
0
0
0
0
0
0.00783
0.000676667
0.00273667
0
0.00017
0
0
0.00624333
0.000676667
0.00115
0
0.00017
0.00017
0
0
0
0.00594333
0.000406667
0.00052
0.000356667
0.00703
0.00553667
0.00738667
0.00557
0.00910333
0.03916
0.0107533
0.00382667
0.00466333
0.04277
0.01499
0.00666667
0.000103333
0.00205667
0.00312667
0.0112167
0.01037
0.0151433
0.00747333
0.0225167
0.00862333
0.00059
0.00017
0
0.0292833
0.0210467
0.00051
0.00034
0.01588
0.00605667
0.00034
0.00017
0.000963333
0.000473333
0.000473333
0.000176667
0.000176667
0.000176667
0.000113333
0.000113333
0
0.000356667
0.000356667
0.000113333
0
0.000713333
0.000146667
0.00408
0.000356667
0.000293333
0.000146667
0.000146667
0.000983333
0.00470667
0.00113
0.00703333
0.0131367
0.0211233
0.0383633
0.03323
0.0317767
0.0243033
0.0107767
0.00938333
0.00360667
0.0428433
0.0382267
0.01103
0.00335667
0.03291
0.0313567
0.01489
0.00801333
0.0138267
0.00560333
0.00609333
0.0015
0
0.000176667
0.00590667
0.00573
0.0022
0.00119
0
0
0
0
0
0
0
0
0
0
0
0
0
0
0
0
0.00104667
0.01176
0.0603733
0.02522
0.0114667
0.00461
0.00452667
0.00134
0.0141267
0.0281567
0.0715467
0.0429733
0.04621
0.0300533
0.364857
0.0953033
0.0662533
0.0218433
0.02951
0.0135733
0.479317
0.06018
0.204897
0.0136
0.000353333
0.00136667
0.00608333
0.00665
0.0118867
0.0111033
0.0113133
0
0
0
0
0
0
0
0
0
0
0
0
0
0
0
0
0.0838967
0.0459067
0.00863
0.00773667
0.00155
0.00803
0.00362333
0.00744
0.0228
0.0294867
0.00896333
0.0205067
0.03549
0.00576
0.187883
0.0362167
0.0408133
0.04021
0
0
0
0
0
0
0
0
0
0
0
0
0
0
0
0
0
0
0
0.212297
0.0431967
0.00592
0.0162633
0.0186933
0.453033
0.0515733
0.05064
0.0180533
0.01539
0.04472
0.07349
0.0192067
0.5868
0.0902267
0.0642067
0.33905
0.0429833
0.04285
0.0621133
0
0
0
0
0
0
0
0
0
0
0
0
0
0
0
0
0
0.177923
0.155423
0.03104
0.0595767
0.569077
0.0910033
0.0761567
0.06899
0.0882533
0.196233
0
0
0
0
0
0
0
0
0
0
0
0
0
0
0
0
0
0
0
0.30584
0.180747
0.0536367
0.00202333
0
0
0.00416
0.00202333
0
0
0.00213667
0
0
0
0
0
0
0
0
0
0
0
0
0
0.00202333
0.00761
0
0
0
0.00974667
0
0.00234667
0.00021
0
0
0
0
0
0
0
0.01389
0.01932
0.000156667
0
0
0.03471
0
0.02763
0.0143767
0
0.009
0
0
0
0
0.00021
0
0
0
0.000823333
0.000723333
0.0208267
0.00709333
0.01399
0.000156667
0
0
0.0317567
0.0361167
0.0295167
0.0267967
0
0.0121767
0.00763333
0.00098
0
0.00021
0
0
0
0
0.0036
0.0035
0.00416667
0.00770333
0.00699333
0.00084
0.00140667
0.00879
0.0174533
0.00084
0
0.0152133
0.00675667
0
0
0.00644
0
0
0
0.00168667
0.00077
0
0
0.00815333
0.00465333
0.0250133
0.0209267
0
0
0.02681
0.00071
0.01079
0.00071
0.00179667
0.00084
0.0102233
0.00108667
0.00200333
0
0.000916667
0
0
0.000123333
0
0.00465333
0.0123
0
0.000123333
0
0.02916
0.0357067
0
0
0.04355
0.0453667
0
0.0133533
0.000116667
0.000116667
0.000233333
0.00408667
0.00103333
0.00103333
0.000246667
0.000123333
0.000123333
0
0.00267
0
0.00100667
0.00865333
0.00254667
0.00242333
0.0198533
0
0
0
0
0.0303433
0.03216
0
0.0112767
0.0170067
0.00388667
0.00377
0.00774
0.0177267
0.000733333
0.00341667
0.000303333
0.0146033
0.0290933
0.000553333
0
0
0
0.0245
0.0165967
0.00100667
0
0.0113667
0.00334
0.00100667
0.0122067
0.000916667
0.000916667
0.0119
0
0.00435333
0.0155533
0
0
0.00365333
0.00365333
0.00730667
0.00636
0.02794
0.0260467
0.03216
0.0119867
0.01628
0.03212
0.0182967
0.0220767
0.00728
0.00697667
0.0434133
0.0447367
0
0.03815
0
0
0
0
0.00894333
0.000916667
0.0007
0
0
0.0007
0
0
0.02666
0.00810333
0.0116567
0.0454067
0.0312533
0.0799733
0.02797
0.0231067
0.00257
0.0648333
0.0686
0.04022
0.01937
0.00747667
0.03172
0.0212267
0.0314467
0.0223
0.02768
0
0.0116067
0
0
0.00802667
0
0
0
0
0
0
0
0
0.21209
0.102427
0.1635
0.28212
0.0239667
0.0562167
0.05185
0.04101
0.0934533
0.203453
0.146253
0.107423
0.128367
0.111403
0.0557133
0.0822567
0.103097
0.05137
0.0292133
0.00900667
0.000633333
0.00510333
0.00366
0.00673333
0.000266667
0.000133333
0.000133333
0.00371667
0.00422333
0.00027
0.000136667
0
0
0
0.3407
0.0726667
0.0435
0.409467
0.0733033
0.0781267
0.348047
0.109573
0.120887
0.0643
0.0393433
0.03618
0.0767933
0.0113167
0.00907333
0.0179933
0.0013
0.00115
0.00526
0.000926667
0.00473667
0.24555
0.517837
0.0478533
0.08718
0.516573
0.0366033
0.258273
0.123163
0.0745
0.0519467
0.0778
0.0233267
0.0281967
0.06699
0.00765333
0.00913667
0.00335333
0.016
0.01418
0.241
0.0850433
0.04325
0.243667
0.0985133
0.04852
0.0494367
0.04683
0.0677567
0.0340167
0.0525933
0.03525
0.0258933
0.0365567
0.58254
0.400853
0.581277
0.266133
0.0896933
0.400523
0.267067
0.05915
0.100167
0.0688767
0.06357
