0.203137
0.0740433
0.0524633
0.0398667
0.0655267
0.101357
0.111543
0.15437
0.137793
0.0897133
0.252443
0.2819
0.391637
0.306063
0.216073
0.09481
0.0882467
0.1201
0.0971867
0.19181
0.191477
0.205907
0.114777
0.0717233
0.0428233
0.0150167
0.00589333
0.33831
0.31098
0.434133
0.190793
0.376413
0.16193
0.0143767
0.00807333
0.000593333
0.0155733
0.03353
0.05615
0.06785
0.0362567
0.0124667
0
0
0
0.00376
0.194723
0.14663
0.147653
0.206807
0.445203
0.44863
0.15574
0.24932
0.564223
0.187493
0.176073
0.1688
0.105953
0.0516533
0.0393333
0.00984
0.19438
0.10542
0.0946833
0.0946733
0.0110733
0.0117767
0.11325
0.141507
0.185433
0.0373733
0.0198633
0.05621
0.0760167
0.0620667
0.00045
0.00308333
0.00263333
0.00045
0.00294333
0.173713
0.01196
0.36734
0.196147
0.146593
0.0459667
0.0524333
0.431767
0.0578467
0.127143
0.0990633
0.283543
0.0432633
0.351053
0.01169
0.123513
0.387347
0.100573
0.23927
0.0277467
0.0508433
0
0.0071
0
0.000213333
0.03159
0.01573
0.00133
0.00596
0.0156833
0.0112467
0.0234467
0.0480133
0.0167967
0.02803
0.04115
0.0481533
0.00145333
0.0427967
0.0376833
0.04667
0.0172767
0
9e-05
0.0107567
0.00650667
0.01117
0.0376767
0.0153867
0.0362
0.0116167
0.000106667
0.0262167
0.02979
0.0187133
0.00421333
0.000486667
0
0.00343
0.00318
0.00764667
0.03724
0.22813
0.0463733
0.208007
0.250137
0.0493133
0.27853
0.0118733
0.00266667
0.0161167
0.05488
0.04804
0.07581
0.126017
0.1589
0.12748
0.131403
0.00465667
0.0748
0.0728433
0.00357667
0.0218467
0.01842
0.00665
0.0201467
0.00453333
0.09294
0.122747
0.0976233
0.0457033
0.03684
0.00446667
0.00953667
0.0366267
0.720877
0.602013
0.05298
0.0543933
0.0537933
0.06719
0.107793
0.10756
0.0254967
0.0384167
0.0323633
0.0325867
0.02821
0.0201333
0.000276667
0
0
0.00064
0.00064
0.00116
0.00901
0.00938667
0.01746
0.0118267
0.00342333
0.000903333
0.00019
0
0
0
0
0
0.000103333
0.00478
0.0160533
0.0360367
0.0300033
0.00807667
0.02941
0.0112333
0.0251167
0.01839
0.0120633
0.0192033
0.00287333
0.00409
0.0341467
0
0
0
0.00492
0.00414667
0.0192333
0.0230433
0.000103333
0.00019
0.0382267
0.0255133
0.00491
0.0193633
0.0339567
0.01016
0.00852333
0.00988333
0.0319
0.0287033
0.00687667
0.00361333
0.0168033
0.01271
0.03197
0.000783333
0.00535667
0.02915
0.0473267
0.06259
0.0148767
0.0733933
0.0494467
0.08765
0.09381
0.0817867
0
0
0
0
0
0
0
0
0
0
0
0
0
0
0
0
0
0
0
0
0
0
0
0
0
0
0
0
0
0
0.00019
0.00064
0.000456667
0.00224667
0.00978333
0
0
0.00063
0.00063
0
0
0
0
0.000116667
0.000273333
0.00186667
0.0233333
0.0461933
0.06281
0.07986
0.109523
0.09022
0.00053
0.108963
0.16784
0.0957033
0.0287433
0.0199167
0.0370867
0.05779
0.0643433
0.1354
0.24098
0.335403
0.26304
0.1725
0.1894
0.39325
0.00860667
0.128117
0.222
0.0574833
0.06222
0.0654133
0.0894
0.485973
0.325497
0.23639
0.143987
0.268663
0.39088
0.143173
0.143497
0.136593
0.12564
0.0531967
0.0612167
0.0731633
0.04173
0.04495
0.09514
0.09803
0.0874233
0.11505
0.0970667
0.121173
0.0695867
0.0996
0.0967433
0.0672467
0.0568967
0.04629
0.0333367
0.0211267
0.02577
0.0106533
0.0809467
0.0237667
0.0289433
0.0767967
0.0230833
0.02153
0.0511167
0.0331333
0.00103667
0.0379967
0.0339333
0.0258467
0.05608
0.05163
0.165457
0.12781
0.0889033
0.0429833
0.0109967
0.00158
0.00932333
0.08645
0.03273
0.0279367
0.0886033
0.0766767
0.000493333
0.0261367
0.0378767
0.0463633
0.02855
0.00451667
0.00296333
0.00103667
0.133763
0.000453333
0.000493333
0.0330533
0.01122
0.0151933
0.0334267
0.0452267
0.02479
0.0138067
0.03206
0.0120633
0.00980667
0.01571
0.0537133
0.04636
0.0357633
0.02335
0.0604267
0.0634
0.0468567
0.0846
0.01933
0.0538933
0.0347733
0.0273067
0.0146467
0.0132767
0.00556667
0.0308967
0.0316867
0.0502
0.01048
0.04203
0.0471467
0.0691667
0.0638167
0.0291733
0.00322
0.00272333
0.0114933
0.0576567
0.105293
0.0139733
0.0492167
0.08691
0.00957
0.0352333
0.0189033
0.0386433
0.00679
0.0434067
0.0315767
0.0236267
0.0135933
0.0478367
0.0415833
0.0437767
0.00223
0.02858
0.0348867
0.03436
0.00276667
0
0.0155867
0.0207367
0.0343733
0.0604733
0.03799
0.02742
0.00727667
0.0322067
0.0307
0.00863667
0.0263333
0.02047
0.04874
0.0370433
0.01298
0.00249333
0.0103967
0.03635
0.0304867
0.0575867
0.0281633
0.0183067
0.00406667
0.107047
0.07554
0.101273
0.0690967
0.04206
0.0340267
0.0451033
0.0649467
0.00136667
0.0220733
0.0179967
0.0115367
0.00497667
0.02658
0.02587
0.0104867
0.0126233
0.159417
0.0140167
0.0227467
0.0179033
0.00155333
0.00231667
0.00546
0.01131
0.04613
0.0344533
0.01994
0.0332233
0.00354333
0.224537
0.26643
0.0332867
0.01491
0.0139
0.01703
0.257987
0.00469
0.00674333
0.0256667
0.0161833
0.167573
0.14682
0.313117
0.00321
0.00583667
0.00778333
0.02007
0.0212833
0.01133
0.00933333
0.0389933
0.0425333
0.31722
0.00844333
0.01498
0.0408367
0.05545
0.0113867
0.0158933
0.02186
0.09743
0.337547
0.458977
0.00299667
0.0105267
0.02581
0.56152
0.25363
0.00432333
0.0527833
0.0358267
0.0824667
0.04687
0.511067
0.00546333
0.00674333
0.0473
0.0605933
0.09654
0.515037
0.433543
0.245463
0.0144733
0.200763
0.0739967
0.0300467
0.02637
0.375763
0.468273
0.0475967
0.0270367
0.00612333
0.0203233
0.01732
0.04808
0.168493
0.41226
0.0260733
0.657443
0.00351667
0.02647
0.00445
0.0396933
0.0267033
0.71602
0.0247133
0.0699
0.171623
0.215927
0.0578533
0.0500467
0.00345667
0.10568
0.03405
0.0309433
0.652627
0.131663
0.150633
0.06393
0.00232
0.0451633
0.0445633
0.681517
0.451093
0.39234
0.417897
0.15535
0.499187
0.2763
0.03548
0.111593
0.35799
0.317997
0.10447
0.181347
0.00206333
0.04043
0.05
0.498083
0.250203
0.49028
0.0636567
0.238747
0.0587867
0.262647
0.0490267
0.00778
0.00126333
0.10735
0.0403267
0.162577
0.22312
0.0493833
0.0352733
0.0326667
0.3065
0.01362
0.35924
0.38221
0.355053
0.329993
0.0224667
0.07435
0.11197
0.0685133
0.326437
0.000336667
0.117883
0.0406133
0.0306167
0.488047
0.10935
0.217267
0.00238333
0.275843
0.04927
0.0184967
0.0359633
0.02126
0.0768
0.000336667
0.00032
0.0535867
0.16814
0.0401267
0.00806667
0
0.00962
0.103643
0.03552
0.248387
0.09998
0.02912
0.00117667
0.0231933
0.358043
0.0337567
0.0128133
0.02318
0.00777667
0.168303
0.220083
0.06903
0.00155
0.0627967
0.246007
0.00312333
0.635903
0.263303
0.11048
0.03612
0.19739
0.0528033
0.0283667
0.42999
0.0334633
0.00682
0.439777
0.00661667
0.0420067
0.00479
0.00121333
0.00453333
0.00615667
0.161803
0.15577
0.00121333
0
0.000856667
0.00303333
0.00311
0.217957
0.00201667
0.00216667
0.00239333
0.00193667
0.0211333
0.00131333
0.57478
0.0178
0.00487
0.00261667
0.00552333
0.01588
0.00357667
0
0
0.00058
0.000816667
0.596983
0.42809
0.00225333
0.00025
0.00225333
0.0357667
0.211897
0.03176
0.00132333
0.00196667
0.04234
0.24489
0.4453
0.0934
0.0171467
0.0297567
0.00821667
0.228033
0
0.0325867
0.000343333
0.000503333
0.00076
0.01178
0.12492
0.00154667
0.0215633
0
0.0098
0.31292
0.0339533
0.0157733
0.00170333
0
0.000273333
0.01605
0.00119
0.000916667
0.00409667
0.0177433
0.0217333
0.000343333
0.000343333
0
0.00154667
0.00263333
0.02283
0.000313333
0.0197
0.0330967
0.03917
0.0234267
0.398843
0.47427
0.00018
0.321513
0.0003
0.000573333
0.10113
0.0955933
0.00056
0.00551333
0.0454233
0.00177667
0
0.0464467
0.00163333
0.18888
0.40561
0
0.00126667
0.01815
0.00104667
0.00501333
0.00480333
0.0164133
0.00211
0.000706667
0.00018
0.112947
0.00574667
0.05646
0.0647967
0.00119667
0.00137
0.00510333
0.00218
0.134567
0.21215
0.0208433
0.268083
0.204233
0.0022
0.00622333
0.01974
0.0240267
0.000836667
0.01033
0.00715333
0.05343
0.00645
0.00574333
0.0180933
0.219463
0.05341
0.00203
0.0315133
0.0402167
0.06491
0.00245667
0.00676
0.0670467
0.00038
0
0.02624
0.0337367
0.0526933
0.166137
0.246693
0.00149333
0.000733333
0.0107467
0.0624367
0.01879
0.221437
0.0709933
0.00613333
0.0284433
0.02831
0.0389567
0.01857
0.05911
0.0183767
0.000973333
0.0105267
0.00566
0.03114
0.00618333
0.02013
0.06513
0.0238967
0.0373633
0.0287067
0.0617033
0.0407833
0.01767
0.0327333
0.09497
0.19106
0.142827
0.02902
0.00335333
0.0423867
0.05573
0.0816967
0.00105333
0.01004
0.0447167
0.05365
0.0525067
0.165687
0.0143767
0.00305333
0.0177
0.0269933
0.0269333
0.00853667
0.0163233
0.0400233
0.03794
0.0390233
0.0235933
0.0568067
0.0139633
0.0249633
0.03981
0.03786
0.00898
0.0707
0.0861167
0.14183
0.00564333
0.04046
0.0677633
0.0473767
0.00653667
0.0272933
0.02352
0.0154433
0.0218533
0.0296133
0.0251833
0.0341933
0.0197167
0.0376167
0.0374267
0.00314667
0.00416333
0.01155
0.0663333
0.04221
0.0175867
0.0120433
0.02759
0.02319
0.01575
0.00750333
0.01869
0.03103
0.0219933
0.00484333
0.00331
0.00028
0.0173333
0.02615
0.014
0.0135733
0.0112467
0.000486667
0.00377667
0.0160667
0.0329967
0.0580233
0.0677267
0.0765333
0.00656
0.0115733
0.04201
0.0151133
0.01715
0.0155533
0.00259333
0.00937667
0.0202533
0.00331667
0.00181333
0.00129667
0.0105733
0.00927667
0.00659667
0.04321
0.0385933
0.03223
0.0176533
0.00303667
0.00281333
0.0597633
0.0148267
0.02133
0.0285167
0.04153
0.0316433
0.00181333
0
0
0.00259333
0.00273333
0.00556
0.00666333
0.0272267
0.00513333
0
0
0
0
0.00178333
0.02418
0.01789
0.0143567
0.0102233
0
0.00349667
0.00307
0.00288667
0.00135667
0.00677333
0.0470133
0.0340167
0.01572
0.04818
0.00239
0.00233667
0.00192
0
0
0.01368
0.0174433
0.00143667
0.00143667
0.0223133
0.0200333
0.01274
0.00988
0.02404
0.0353033
0.000416667
0
0
0.0006
0.00129667
0.00129667
0.00129667
0.00109333
0.000683333
0.0314567
0.0462233
0
0
0.0006
0
0.0001
0.000223333
0.000256667
0
0.00401333
0.00223
0.01082
0.0507633
0.0356333
0.0186833
0.0109233
0.00309
0.000246667
0.00143667
0.00366667
0.00446
0.000446667
0.000253333
0.0298067
0.0641433
0.09942
0.0590733
0.0579033
0.06772
0.0601133
0.0001
0.000123333
0.000246667
0.00079
0.000666667
0.00540333
0.0505767
0.00701667
0
0.000256667
0
0.0267067
0.0240367
0.00545333
0.01448
0.0664233
0.08994
0.0497633
0.0132567
0.00880333
0
0
0.00017
0.0019
0.00233
0
0.00322333
0.01027
0.0211967
0.0352767
0.02987
0.01354
0.01256
0
0.000256667
0
0.00407
0.0181433
0.03855
0.0443
0.00661333
0.0874433
0.0690833
0.0271433
0.00637667
0.000416667
0
0.00017
0.0150367
0.00133
0.00073
0
0
0
0.00277667
0.000253333
0.00515
0.00526
0.000203333
0.000203333
0
0.0638467
0.00596
0.00014
0.00014
0.0406867
0.0665867
0.127917
0.01121
0.0240067
0.000216667
0.00042
0.02177
0.02346
0.00189333
0.00720333
0.01974
0.0140367
0.00073
0
0.000123333
0
0
0.00442333
0.07159
0.0606233
0.02293
0.0340333
0.00705667
0.0594467
0.06341
0.00218667
0.000463333
0.0353467
0.0584367
0.0564633
0
0
0
0.07854
0.104147
0.02031
0.00596
0.0219867
0.000756667
0.00576667
0
0
0
0.000123333
0.00192333
0.0345867
0.0157067
0.00157333
0.01818
0.000413333
0.00206333
0.00322333
0.00804
0.01161
0.0173033
0.03152
0.05322
0.0558267
0.0585867
0.01072
0.000196667
0.04611
0.0352467
0.04593
0.0294233
0
0
0.0550133
0.00239667
0
0
0.00011
0.00022
0.0125567
0.0798
0.0338867
0.02572
0.0513033
0.0153267
0.08412
0.06091
0.02628
0.00683
0.0237733
0.0502033
0
0
0.00454333
0.0193767
0.0339
0.00476
0.02649
0.0475533
0.0349667
0.00182
0
0
0
0.00437667
0.000196667
0.00236
0
0.00514667
0.00614333
0.00391333
0.03448
0.0462333
0
0.0387733
0.00179333
0.00202
0
0.00130333
0.00322667
0.0214667
0.0449533
0.0411767
0.04575
0.0345133
0.03163
0.0189
0.00253667
0.0367033
0.0966567
0.01114
0.0203533
0.0249067
0.03901
0.00129
0.00129
0.0210067
0.03142
0.0457
0
0.00011
0.01688
0.0499333
0.01277
0.0111133
0.0226033
0.0399633
0.0423467
0.0233967
0
0.03977
0.01938
0.000293333
0.07941
0.0225033
0.0125733
0.00807667
0
0.00625
0.0467467
0.0373133
0.01705
0.00412
0.000653333
0.0117467
0.01262
0.0464267
0.0194233
0.0169333
0.000686667
0.00338333
0.0201367
0.0161567
0.0192067
0.02908
0.01841
0.00189
0.01896
0.12413
0.0351033
0.000533333
0.00215
0
0
0.00130333
0.0509233
0.0163767
0
0
0.00633
0.0286267
0.00492
0
0
0
0.00130333
0.0513733
0.0419667
0.0122733
0.00789667
0.00301667
0.0396333
0.01479
0.0910067
0.122063
0.06266
0.0112767
0.00211
0.0127967
0.00907333
0
0.00130333
0.0498367
0.03876
0.00473
0.00116333
0.01965
0.00438
0.00327667
0.0035
0.00311333
0.00350667
0.0569133
0.00696667
0.0182133
0.0980567
0.0958333
0.0357133
0.01823
0.0357033
0.0211067
0.0245667
0.0186467
0.0176467
0.0124433
0.0236
0.000543333
0.00108667
0.03533
0.00794
0.03027
0.00162333
0.0134167
0.0370633
0.01255
0
0.000543333
0
0.00528333
0.0119633
0.000883333
0.000453333
0.01218
0.00645333
0.00116333
0.0129267
0.00286333
0.00249
0
0
0
0.0229033
0.00161333
0.01528
0.0197233
0.03276
0.0143933
0.00615
0.07588
0.0722
0.0188867
0.02296
0
0
0.0554433
0.00443
0.000543333
0.0124933
0.0152467
0.00286333
0
0.00327667
0.00771667
0.0154133
0.00268333
0.00147667
0.00052
0.00052
0
0
0
0.00599333
0.00765333
0.00665333
0.00134
0.00132667
0.00297333
0.0119733
0.00635667
0.0508367
0.0341733
0.00135667
0.0296367
0.01786
0.00926
0.000653333
0.000726667
0.00071
0.00953333
0.101567
0.00570333
0.00156667
0.000456667
0.0274067
0.00396
0.03254
0.0585033
0.0365067
0.01098
0.00849667
0.00201
0.000333333
0.00431667
0.00630667
0.00240667
0.0157967
0.04697
0.05663
0.0321067
0.0199767
0.01679
0.00459667
0.00489333
0.000886667
0
0.00842667
0.000283333
0.000173333
0.02643
0.00240667
0.00895667
0.00679333
0.0268533
0
0.00354667
0.0116367
0.01085
0.0161067
0.0271
0.00116333
0
0
0.00847333
0
0.00650333
0.00309
0
0.00240667
0.0181833
0.00052
0
0
0
0.0283967
0.0790467
0.0893933
0.00457667
0.01437
0.0194933
0.00996
0.00243333
0.00696
0.00363
0.0380833
0.0114833
0.02958
0.03124
0.00756333
0.0554767
0.0372633
0.00289667
0.00820333
0.00656667
0.0108667
0.00066
0.0321533
0.0258
0.00147667
0.00052
0
0
0.0477133
0.04385
0
0.000303333
0.000173333
0.00116333
0.00481333
0.00251667
0
0.00568
0.00300667
0.000303333
0
0.03398
0.00105
0.00902667
0.05035
0.03506
0.00301
0.00652333
0.00232333
0.00418667
0.01466
0.0329033
0.0286967
0.01587
0.00240667
0.00011
0
0.0056
0.00183667
0.000176667
0.000623333
0.0174233
0
0.0138533
0.000633333
0.00271
0
0.00642667
0.00427667
0.00195333
0.0204733
0.00448333
0.00262667
0
0.00755667
0.0144467
0.00412667
0.01661
0.01186
0.00414667
0.00248333
0
0.00263333
0
0
0
0.0249867
0.000566667
0.00073
0
0
0.00890667
0.0022
0.000303333
0.00215
0.0194667
0
0.0282833
0.00407
0.0562133
0.0152033
0.0252967
0.0198133
0.0106233
0.00205
0.00073
0
0
0.00838333
0.0336933
0.00532
0.00215
0
0.000956667
0.000633333
0.000533333
0.00459667
0.00602333
0.02523
0.0401867
0.00907667
0.00168667
0
0.000476667
0.00642667
0.03665
0.03577
0.00728
0.00267667
0.0223533
0.00251667
0.00323667
0.0319867
0.00767333
0.0369067
0.000483333
0.000483333
0.00834333
0.00240667
0.0562433
0.0519167
0.00351667
0.0320567
0.0395633
0.00146667
0.00345333
0.00763
0.00698333
0.00481333
0.00722
0
0.02582
0.00312667
0.00266667
0.0199767
0.00178333
0.03867
0.02078
0.00146
0.00952333
0.000226667
0.000226667
0
0.02409
0.000193333
0.00213667
0.00856333
0
0.000226667
0.00865667
0.0110467
0.0143333
0.0276567
0.000226667
0.00184
0.0122833
0.00952667
0.00237333
0
0.00375667
0
0.0118133
0.00209333
0.00551
0.0122667
0.00224667
0.000893333
0
0.000446667
0.000113333
0.00417667
0.00479333
0.0233867
0.0100033
0
0.00763333
0.00547667
0.00616333
0.03215
0.04763
0.02912
0.00118333
0.0108567
0.00546667
0.00659
0.00197667
0.02019
0.000386667
0.000193333
0
0
0.00705667
0.00095
0.000503333
0.00091
0.00686
0.00748333
0.01244
0.000576667
0.00240667
0
0
0.0133633
0.0230667
0.0306967
0.0415033
0.000446667
0.00197667
0.00462667
0.0131933
0.000453333
0.000226667
0.00587667
0.0120233
0.0286467
0
0
0.000576667
0.00283667
0.00510333
0
0.000226667
0.00808667
0.000503333
0.000113333
0.01087
0.00776333
0.00688667
0.00289
0.00170667
0.00435
0.0277367
0.02005
0.0121967
0.000776667
0.00097
0.000776667
0
0
0
0.000443333
0.000226667
0.000433333
0.00289333
0.00116333
0.00479333
0.0187433
0.01144
0.000503333
0.000503333
0.000216667
0.00428
0.00596333
0.0173967
0.0172533
0.00156333
0.00928
0.0299167
0.02208
0.00302667
0.0316267
0.0251967
0.0323167
0.00368667
0.00639
0.00101333
0.000103333
0.00447667
0.00149667
0.01189
0.0385567
0.00487
0.00343333
0.00068
0.00380667
0.00361333
0.0364967
0.01352
0.0207967
0.0232467
0.0250767
0
0.00749333
0.0134667
0.0103267
0.00374667
0.0275967
0.03039
0.00351333
0.00421
0.00587667
0.00193667
0.000753333
9e-05
0.0255567
0.00652
0.00096
0.01821
0
0.000396667
0.000456667
0.0233633
0
0.00324
0.00597667
0.00089
0
0.00295
0
0.00133667
0.0448
0.00127333
0
0.00153333
0.000923333
0.00873667
0.0286
0.000203333
0.00247
0.00011
0.00011
0.00705
0.00012
0
0
0.000103333
0.00116667
0.00137333
0.000396667
0.0245733
0.0291933
0.00249667
0
0.0204167
0.0199833
0.00252
0.00446
0.0011
0.00677
0.0101567
0.03342
0.00351
0.02114
0.01428
0.00226333
0.0125667
0.00126
0.00350333
0.00012
0.0172533
0
0.00337333
0.00476667
0.00125
0.00644333
0
0
0
0.03008
0.00137333
0
0.0155433
0.00247
0.00536
0.0188667
0.01754
0.00089
0.00257
0.01627
0.0178667
0.0100867
0.00017
0.00483667
0.00114333
0
0.00249667
0.0176067
0.00485
0.00374
0.03662
0.00219
0.00853667
0
0
0
0.0286
0.00799333
0.00259667
0.0320067
0.0001
0.00011
0.00133667
0.00485
0.03112
0.00102333
0.00434
0.0118133
0.00657
0.0104567
0.01306
0.00872667
0.0104833
0.00466333
0.00238333
0.00365667
0
0.00398333
0.00129
0
0.00101333
0.00803
0.000203333
0.03331
0.00011
0.00184667
9.66667e-05
0.000833333
0
0.02706
0.0325333
0.000103333
0
0.00107
0.00744667
0.00014
0.000436667
0.00104333
0.000466667
0.00662667
0.0144
0.02009
0.00915333
0.00014
0.00025
0
0.02816
0.0211533
0.000833333
0.00238333
0
0
0.00043
0.000466667
0.0218033
0.01924
0.00189667
0.0242667
0.0221533
0.0137233
0.00351333
0.00238333
0.000266667
0
0.00091
0.0140833
0.00714
0.0342333
0.00341
0.00587333
0.0117967
0.000203333
0.0336767
0.00654333
0.00226333
0.00028
0.00260667
0.00205333
0
0.00017
0.00664667
0.0293633
0.000766667
0.00327
0.00085
0.00955667
0.02466
0.01432
0.00798667
0.0026
0.000136667
0.0024
0.00082
0.0129567
0
0
0.00582333
0.00302
0.000653333
0.0161433
0.0133867
0.00685667
0.00346
0.00338
0.00014
0
0
0.000266667
0.000266667
0
0.00332
0.00228667
0.000616667
0.00121
0.01488
0.00346
0
0.00017
0
0.02921
0.00259
0.0211667
0.00190667
0.00646
0.00160667
0.0521033
0.02491
0.00055
0.0042
0
0
0
0.000836667
0.000776667
0.0340567
0.0395233
0.00791333
0.00589667
0.00644667
0
0
0
0
0
0.0262567
0.0028
0.00155667
0.00043
0.0333367
0.00111
0
0.0674967
0.0665267
0.0197633
0.0203333
0
0.0315767
0.0132333
0.0104333
0
0.0064
0.000346667
0.000346667
0.00013
0.00155
0.0842267
0.01791
0.000336667
0.01486
0.01415
0.0200467
0
0
0
0
0
0
0.00391
0.000186667
0.000206667
0.000206667
0
0.00864
0.0204133
0.0180133
0.00042
0.00055
0.000686667
0.00999667
0
0
0
0
0.0015
0.0121367
0.00335667
0.0015
0.00318333
0.02476
0.0152933
0.00137
0.08919
0.0254867
0.0161367
0.000303333
0.0273467
0.00025
0.00278667
0.0209133
0.00603667
0.00104333
0.00118333
0.02766
0.000856667
0
0
0
0
0
0
0.00141
0
0.00058
0.0102067
0.07174
0.03384
0.0306167
0.03844
0.01567
0.0002
0
0
0.000903333
0.00828667
0.00258333
0
0.0185533
0.0105867
0.0150167
0.0161533
0.000186667
0.0229867
0.01803
0.00683
0.00169
0
0.00398
0.00074
0.0708733
0
0
0
0
0
0
0
0.0295967
0.0221733
0.00091
0.01258
0
0.01141
0.00275667
0.0457667
0
0
0.0129467
0.02017
0
0.0100633
0.0158467
0.00196333
0.0186367
0.121313
0.0658633
0.00925667
0.0971067
0.06551
0.10412
0.0593667
0.000813333
0.00376333
0.00242
0
0
0
0
0
0
0.00472
0.0272667
0.0154167
0.0326633
0
0.00234333
0.0438967
0.22643
0.0452967
0.0313
0.01636
0.13975
0.00215667
0.00436667
0.0025
0
0
0
0
0.02627
0.00966667
0.00171
0.01337
0.00326333
0.00013
0.000593333
0
0
0.0204033
0.00064
0
0
0.01404
0.0118367
0.0150967
0.0277
0.0335233
0.00911667
0.0836133
0
0
0
0
0
0
0
0
0.00991667
0.00158667
0
0.00013
0.00501
0.00275667
0.19603
0.222097
0.228457
0.105947
0.0507133
0.00697
0.00642
0.000126667
0
0
0
0.0306367
0.03147
0.03146
0.0412333
0.00054
0.01277
0.00304333
0.000543333
0
0
0
0.00411667
0.0283333
0.000723333
0.04432
0.00028
0
0.00025
0.0257633
0.0191633
0.0330567
0.0191433
0.200333
0
0.01156
0.0264833
0.0253833
0.02023
0.01248
0.00260667
0.00332667
0.0777633
0.03845
0.00415
0.355167
0.193427
0
0
0
0
0.000896667
0.000896667
0.0413333
0
0.0006
0.0483
0.434457
0.0185567
0.111213
0.172587
0.0139267
0
0
0.0468067
0.0244033
0.03732
0.00064
0
0
0
0.00292
0.001
0.01976
0.114707
0.252593
0.0363733
0.0195133
0.0139533
0.13262
0.395943
0.0686633
0
0
0
0
0.04689
0.0442533
0.0303433
0.01374
0.00700333
0.0224033
0
0.03108
0
0.449013
0.414733
0.509813
0.341487
0.172607
0
0.000186667
0.0472867
0.00244
0.0135333
0
0
0.00035
0.02492
0.0217133
0
0
0
0.0118233
0.00053
0.000406667
0.04193
0.04797
0.000543333
0
0
0
0
0
0.000186667
0
0.01023
0.0405367
0.00184667
0.0373333
0.0510167
0.00454667
0.02581
0.0669167
0.01129
0.0155367
0.407993
0.54793
0.000593333
0.01228
0
0.000153333
0.000153333
0.00699
0.0115167
0.02458
0.0274
0.00362667
0.00102
0.02904
0.01523
0
0
0.00332333
0.000616667
0.00043
0.000123333
0.04032
0.0414333
0.185973
0.0114033
0.000153333
0.00289333
0.05939
0.03556
0.03791
0.0296067
0.00120667
0
0
0.00455
0.00102
0.61607
0.20813
0.0239
0.03293
0.0492167
0.402403
0.0200967
0.0139933
0.00497667
0
0.0258867
0.0397033
0
0.00807667
0
0
0.000896667
0.05192
0.0795267
0.0425333
0.0304467
0.02846
0.04739
0.0158933
0
0.535547
0.0111533
0.0199233
0.0257733
0.164173
0.249707
0
0
0.00057
0.000723333
0.000303333
0
0
0.000123333
0
0.0871167
0.000543333
0.000456667
0.000603333
0.0167267
0
0
0.0982033
0.00326667
0.0278467
0.0235367
0.463707
0.00247667
0
0
0.00859
0.00278667
0.01357
0.00097
0.00620667
0.00316
0.001
0.0120367
0.00517
0.00397667
0
0
0
0
0
0.0326633
0.0964667
0.00244667
0.535453
0.00206333
0.01381
0
0
0.00057
0.000303333
0.02187
0
0
0.0577333
0.0352167
0.0209533
0.0468233
0.00707333
0.121907
0.153697
0.0171233
0.0202467
0.143853
0.0316033
0.0348867
0.0286067
0.0160233
0
0.00661667
0.0159867
0.0246833
0.0507167
0.00866333
0.00756
0.000176667
0.000343333
0.00186333
0.000863333
0.000266667
0.01329
0.00243667
0.00015
0.21451
0.00547333
0.01702
0.0289967
0.0228533
0.00459667
0
0
0.00214333
0.00144333
0.00120667
0.00097
0.02273
0.00141667
0.00102
0
0.000413333
0.0120367
0.0273033
0.348063
0.453733
0.00144
0.00282667
0.00775667
0.32673
0
0.00343
0.00232333
0.0341367
0.00899
0.00535333
0.00635
0.000723333
0.02422
0.000853333
0.0153267
0.00423
0.0106
0.000563333
0.00015
0.0948233
0.00203333
0.00838333
0.0743067
0.03696
0.00474
0
0
0
0.331883
0.35703
0.000846667
0.4057
0.312213
0.04357
0.00342333
0.00206667
0.00859
0.000586667
0.000293333
0
0.0165367
0.00756667
0.0171433
0.0230667
0.00959
0
0.000253333
0.0206367
0.00116
0.322993
0.0226933
0.00656333
0
0.0126933
0.000253333
0.0420867
0.0155967
0.000346667
0.000236667
0.00204
0.0581133
0.00336
0.00116
0.000566667
0.00377333
0.0161233
0.13973
0.167623
0.0269533
0.00611333
0.0152033
0
0.00467667
0.000293333
0.0496333
0.00758333
0
0.00778333
0.00797
0.00505
0.000306667
0
0
0.02439
0.0077
0.0101433
0
0.0313
0.00405333
0.00892333
0.000396667
0.0157733
0.0112533
0.0001
0.000306667
0.02135
0.0312167
0.0135933
0.0144167
0.05465
0
0
0.00135333
0.000103333
0.00568667
0
0.01264
0.00671333
0.0407367
0.01628
0.00948333
0.00649333
0.01661
0.01534
0.0171967
0.01162
0.00946667
0
0.00278
0.0154633
0.0022
0.01965
0.01448
0.00581
0.00348333
0.0100433
0.00794
0.0655633
0.113177
0.117927
0.0648233
0.0454933
0.0366233
0.00529333
0.000286667
0
0.01196
0.0132833
0.00920667
0.00931667
0.03022
0.0106933
0.02833
0.0649433
0.00714
0.08275
0.07336
0.0129267
0.000593333
0
0.03156
0.0430633
0.0162367
0.00011
0
0
0
0.000846667
0.00178667
0.00111667
0.000453333
0.00063
0.0448067
0.02895
0.0141633
0.00325
0.0517167
0.0470433
0.00011
0
0.0201967
0.0249567
0.01654
0.02189
0.0334967
0.0303567
0.00604667
0.02638
0.000103333
0.00561333
0.07802
0
0
0.00088
0.00180333
0.00861667
0.0503233
0.00471667
0.00292
0.00320667
0.000286667
0.02686
0.00054
0.0283433
0.02054
0.01983
0.0019
0
0.00258667
0.01738
0.03577
0.0268067
0.0285133
0.00524667
0.00728333
0.0259767
0
0.0313233
0.0019
0.000243333
0
0.04274
0.03069
0.03572
0.0220433
0.00673667
0.000186667
0
0.00320333
0.0292533
0
0
0
0.0438433
0.0240733
0.00243333
0.0390233
0.00530333
0
0.000246667
0.000253333
0.00565
0.0491367
0.000363333
0.00026
0
0.01031
0.0298567
0.0240267
0.0019
0.0254
0.00202
0.0551933
0.02513
0.00349333
0.00269
0.00296667
0.0314433
0.00665667
0.000986667
0
0.00303333
0.05008
0.0241933
0.0169467
0.0146033
0.00458333
0.00519333
0
0.0112167
0.0263933
0.000543333
0.03183
0.03892
0.03313
0.01717
0.00196
0.000243333
0.00279667
0.000113333
0.0198167
0.00274
0.000126667
0.00011
0.00492
0.0140433
0.0122467
0.0451433
0.02162
0
0.000206667
0.03919
0
0.00337333
0.03405
0.00101667
0.00063
0.01748
0.00181333
0.0296533
0.03451
0.00396667
0.00377667
0.0293867
0.03923
0.0349433
0.00185667
0
0
0.00202
0.00502333
0.04151
0.000836667
0.00323667
0.00341667
0.0181433
0.00836333
0.00809667
0
0.0679467
0.0429133
0.0145667
0.00615
0.00135667
0.0621633
0.00302333
0.000203333
0.00565333
0.00413333
0.00879667
0.0343133
0.0140267
0.00335667
0.000246667
0.0463367
0.0451367
0
0
0
0.0555367
0.0440867
0.0402833
0.0341033
0.00256667
0.000243333
0.000566667
0.000203333
0
0.0123133
0
0.00147667
0.0412433
0.0411867
0.01277
0.000643333
0.00782667
0.0353067
0.02682
0
0.00029
0.0796367
0.000883333
0
0.0363667
0.0599033
0.0202467
0.00237
0
0
0.00654
0.000186667
0.0121
0.00915333
0
0.000693333
0.0223133
0.0376433
0.0229833
0.000513333
0
0
0.00147667
0.00156667
0.0610233
0.04207
0.0291367
0.00778333
0
0.03114
0.0412367
0.0266067
0.0160333
0.0164767
0.000173333
0.0155333
0
0.02731
0.03577
0.0311333
0.00482
0.00422333
0.0162
0.0121167
0.00125667
0.00778667
0.00665
0
0.0324767
0.04502
0.00041
9.33333e-05
0.00387333
0.0261233
0.00686
0
0
0
0.00209667
0.00634333
0.00725667
0.01704
0.0452867
0.0373133
0.02794
0.0408033
0.02278
0.0260567
0
0.01072
0.0163133
0.0310667
0.0211867
0.0323533
0.01451
0.00136
0.00648333
0.0654967
0.0130767
0.0289867
0.0189033
0.000193333
0.00319667
0.0481333
0.03356
0.00800667
0.00293333
0.0330733
0.00219
0.06517
0
0
0
0
0
0.000206667
0.00049
0.0204733
0.0376133
0.00327333
0.00438667
9e-05
0
0.0288633
0.00854
0.000206667
0.0346733
0.0481167
0.0417533
0.00795333
0.00707333
0.00517
0.0196333
0.000533333
0.0247167
0.0438833
0.0301067
0.00154667
0.00402667
0
0.0434133
0.0190733
0.0311833
0.0012
0.000446667
0.0606233
0.00698333
9.33333e-05
0.00221667
0.00524333
0.00575667
0.0215533
0.0156133
0.00124333
0.00288
0.00385
0.0109333
0.00221667
0.02832
0.02933
0.0305133
0.0152533
0.0308133
0.00986
0.00502667
9.33333e-05
0.03989
0.00438333
0.00587
0.00981333
0.00606333
0.00727667
0.0257133
0.0180233
0.01111
0.0138233
0.0163133
0.0133967
0.00707667
0.0011
0
0.02567
0.00631667
0.0219233
0.00064
0.03018
0
0.00536667
0.01236
0.0257367
0.02329
0.00476
0.04341
0.00078
0.0289667
0.02611
0.0265967
0.0157833
0.0198567
0.00134
0
0
0.000246667
0
0
0
0
0.0237533
0.02795
0.000513333
0.00340667
0.00698333
0.02296
0
0.04231
0.0183633
0.03348
0.00042
0.0376233
0.0172367
0.000753333
0
0.0280733
0
0
0
0.000283333
0.000733333
0.00581
0.00817667
0.000513333
0.00102667
0.000513333
0.000133333
0.0111367
0
9.33333e-05
0.00961667
0.0407133
0.00725
0.00393
0.01081
0.0567733
0.00630667
0.01745
0.0226433
0
0.01121
0.00822667
0.00378
0.01065
0.02354
0.02119
0.0261467
0.00556333
0.00864
0.0175667
0.0102667
0
0.000246667
0.0850833
0.02249
0.0185
0
0.00236333
0.00662333
0.02591
0.00692333
0.04838
0.00508667
0.00795333
0.0107
0.0324433
0.00285667
0.0758333
0.0011
0
0.000283333
0.000283333
0.00601333
0.0263533
0
0.00770667
0.0222567
0.0193067
0.0227867
0.0450867
0.00211
0.02376
0.0367767
0.03531
0.00832333
0.00632667
0.0456433
0.0564433
0.0493633
0.00673333
0.00217333
0
0.000193333
0
0
0.0307833
0.02779
0.00954
0.00816333
0.03881
0.000586667
0.00365667
0
0
0
0.0100533
0.0100233
0
0.00364
0.00346667
0.0174167
0.0158167
0.0417467
0.03673
0.0154833
0.00816
0.0138233
0.0589367
0.01125
0.0018
0.04424
0
0.0328167
0.00738333
0.000193333
0.00165667
0.00101
0.0493767
0.0120533
0.0129033
0.0355933
0.00801667
0.00404
0.0365767
0
0
0.000133333
0.0004
0.00515667
0.00492667
0.0239367
0.0549633
0.00647
0.04026
0.05326
0.0102533
0
0.00328
0.00629667
0.06626
0
0.00075
0.000133333
0.00274
0.00933667
0.03994
0.0800867
0.0349333
0.02431
0.03016
0
0
0.000133333
0.01156
0.0011
0.0122433
0.0165133
0.00123
0.0189333
0.000676667
0.0347467
0.03546
0.02009
0.00075
0
0.00152333
0.0283067
0.0344833
0.0157533
0
0
0
0.0156933
0
0.00045
0.0558967
0.0217233
0.00891
0.0119467
0.0169067
0.00750333
0
0.00215333
0.00381667
0.0316867
0.00609
0.00303333
0.0221
0.04679
0
0.00045
0.00075
0.00827333
0.0354167
0.02078
0.0154567
0.0152633
0.0962367
0.000866667
0.0260133
0.0287867
0.01814
0.01356
0
0.00192667
0
0
0.00324667
0
0
0.00130333
0.00487667
0
0
0.0220333
0.00028
0
0
0
0
0.0569567
0.00736
0.109583
0.0679633
0.01931
0.0119433
0
0
0
0
0.00156333
0.00177667
0.00607
0.00598333
0.0130167
0.0217867
0
0
0
0.04553
0.0364767
0.03668
0.0756467
0.04367
0.0310533
0.0242033
0.0559333
0.00582
0.00669
0.00948
0
0.0109733
0
0
0
0.0778667
0.0239133
0.0266067
0.04299
0.0482533
0.00541333
0
0
0.02049
0.02962
0.000403333
0.000173333
0
0.000213333
0.00109
0.00109
0.00318333
0.00362333
0.000576667
0.04379
0
0.0356267
0.0479367
0.0675033
0.0185267
0.00257
0.000213333
0
0.0464467
0
0
0
0.00823
0.02742
0.0541033
0.00152667
0
0
0.00114
0.0236533
0.02401
0.00686333
0
0.00028
0.0719833
0.0473367
0.0261067
0
0
0
0.02965
0.0189467
0.00926
0.00100333
0.0406367
0.0218567
0.0367367
0
0
0.0181
0.0268967
0.0408
0.0192867
0.0900133
0.00408333
0.00541667
0.000403333
0.000536667
0.000536667
0.000226667
0
0
0.0251733
0.00662
0.00028
0
0.00373
0.00602333
0.0214467
0.00632667
0.00283
0.0836
0.0803467
0.01529
0.0382967
0.0441367
0.0255133
0
0.00851
0.000226667
0.000136667
0.000136667
0
0
0.0546967
0.0513867
0.0186933
0.00163
0.000896667
0.0316933
0
0
0
0.0263833
0
0.00580667
0
0
0.03171
0.0514433
0.0674533
0.0390867
0.00263667
0.0117533
0.06413
0.0420267
0.01396
0.00354
0.00235667
0
0.0230167
0
0
0
0
0
0
0.03965
0.0532
0.0868633
0.0588067
0.0603767
0.0495
0.0311167
0.0745933
0.00409
0
0
0.000226667
0
0
0
0.00115333
0.00404667
0
0.0047
0.00970333
0.05862
0.01373
0.0522533
0.0757933
0.03744
0
0
0
0.00842333
0.000523333
0.00101667
0.00439
0.000353333
0.00273667
0.00242667
0
0
0.00115333
0
0.03247
0.0214167
0
0
0.03968
0.0145467
0.04732
0.0793333
0.00408333
0.00519
0.00444333
0.02943
0.000263333
0.00198667
0
0.00277333
0
0
0
0.0328233
0.00847667
0
0.00463667
0.00186667
0.0126933
0.00514333
0
0
0
0
0.00289333
0.00323667
0.00775667
0.00650667
0.0214067
0.0122333
0.00723667
0.0225133
0.0541933
0.01377
9e-05
0
0.00332333
0
0
0.00198667
0
0
0
0
0
0.00657333
0.00188667
0.0512233
0.0507233
0.0255367
0.04992
0.0980233
0
0
0.00800333
0.00862333
0.00693667
0.000896667
0
0
0.0267433
0.0474433
0.03842
0.00592667
0.0198067
0.0134633
0.0290967
0.0434733
0.0300633
0
0.00440333
0.0114933
0
0
0.00277333
0.00542
0
0.01377
0.00111333
0
0.000103333
0.0303367
0.02499
0.00455667
0
0
0
0
0
0
0
0
0
0
0.01769
0.0489433
0.05578
0.00863333
0.0206467
0.0683333
0.0979567
0.0946867
0.00141
0.000656667
0.00067
0.00119333
0.01865
0.00737333
0.000226667
0
0
0
0.00486333
0.00452
0
0
0
0
0
0
0.0364967
0.00619
0.00695333
0.0389833
0.0341
0.02177
0
0
0.00720667
0.00962333
0.00344333
0.00124333
0
0
0
0
0
0
0.00476667
0.00110333
0.00127
0.0198433
0.0238733
0.02705
0.00547667
0
0
0
0.000553333
0.01374
0
0
0
0
0.0360067
0.0128367
0.0116867
0.0116667
0.01032
0.0128033
0.04516
0.00110667
0.0045
0.00142667
0.0144833
0
0
0
0
0
0
0
0.00965333
0.00391
0.00675667
0.0476033
0
0.00133667
0.0156067
0
0
0
0
0
0.02385
0.0265833
0.0272167
0.00616
0.00151333
0.0177533
0.0140467
0.0661733
0.01728
0.0249967
0.0520733
0
0.000553333
0.000553333
0.00738333
0.00712333
0.00332333
0.0242133
0.00892333
0
0
0
0.00194
0.000896667
0
0
0
0.00166667
0.03575
0.0472467
0
0
0.000553333
0.01375
0
0
0.000343333
0.000343333
0
0
0.00781333
0.00362667
0
0
0
0.00284667
0.000433333
0.0199833
0
0
0
0.00271333
0.00699333
0
0
0
0.00067
0.00734333
0.00163667
0
0
0
0
0.00516667
0
0
0
0
0.0126733
0.0139833
0.00694333
0.00303667
0.00893667
0.0455133
0.04752
0
0.0164833
0.0267633
0.02957
0.01043
0.0286067
0
0
0
0
0
0.000896667
0
0
0
0.0187533
0.0110367
0.00811333
0.00959333
0.00756667
0.00136667
0.00406667
0.00238333
0.00857333
0.0191567
0.00062
0
0
0
0
0.000616667
0.000433333
0.000433333
0.02259
0.0236
0.0300433
0.02135
0.0356167
0.02538
0.00817333
0
0
0
0
0
0
0.000186667
0.00283333
0.00541667
0
0
0.0205967
0.01313
0.00896
0.00555667
0.00741
0.000423333
0.000423333
0.0119033
0.0368333
0.0250267
0
0.00258333
0.000896667
0
0
0
0.0472367
0.0389133
0.000466667
0.0125233
0
0
0.0152567
0.0259033
0.0348633
0.0340067
0.00492
0
0
0
0
0.00277
0
0.0271967
0.0293767
0.0100133
0.0187167
0.0109533
0.00803667
0
0
0
0.0170633
0
0
0
0
0
0
0
0.00100667
0.00128333
0.00417
0
0.0189133
0.00358333
0.02109
0.0355567
0
0
0.000813333
0
0
0
0
0.000146667
0
0.00101
0.00019
0.0119667
0.00984333
0.000363333
0.00912
0.000103333
0
0
0
0
0
0
0.00504333
0.00112667
0.0341267
0.0215633
0.00011
0.00064
0.00294333
0.01325
0.00527
0.00514667
0.00467333
0
0.00906667
0.00147667
0
0
0
0
0.000186667
0
0.00115333
0.0393133
0.01052
0.0192567
0.01964
0
0.00875333
0.03398
0.0434567
0.02936
0.00062
0.00246667
0
0
0
0
0
0.000186667
0.000186667
0
0
0
0.00125667
0
0.0353333
0.0188867
0.0174733
0.0226033
0.000953333
0.00100667
0.00100667
0.00205
0.00226667
0.00509667
0.000183333
0.02816
0
0
0
0.000153333
0.000173333
0.000173333
0.00226333
0.00111
0.00809333
0.00373333
0.01126
0
0
0
0
0
0
0.00118
0.0313267
0
0.0112433
0.0014
0.0111367
0.0131267
0.00467333
0
0.0184433
0.0426133
0.04439
0
0
0
0.000153333
0.000966667
0.00476333
0.00395
0.0126667
0.02993
0.01332
0.00324
0.00334333
0.03549
0.01876
0.00663667
0.03227
0.0331233
0
0
0
0
0.00539
0.00144
0
0
0.0129233
0.00132
0.00068
0.00386
0.00405333
0.00318333
0
0.000183333
0.01714
0.0400367
0.02304
0.0106633
0
0
0
0.00501333
0.00269667
0.0206867
0.01789
0.000253333
0.01194
0.00379667
0.0197033
0.00041
0
0.000183333
0.00158333
0
0
0
0
0
0
0
0
0.0140333
0.0156233
0.00312333
0.01773
0.00291333
0.00701333
0.00508333
0.0173133
0
0
0
0
0
0
0.0261133
0.03803
0.000103333
0.000623333
0.000623333
0.00941
0.01264
0.00184667
0
0.000306667
0
0
0.0118133
0.00455333
0.00112333
0.00073
0
0.00068
0
0.01613
0.00689
0.02182
0.01216
0.0235567
0.01796
0.0115733
0.0026
0
0.000306667
0
0
0
0.0229367
0.04676
0.00307667
0.0256033
0.01131
0.0378167
0.0278133
0.0007
0.00184333
0.00664333
0.0142533
0.00816333
0.01655
0
0
0.00158333
0.000306667
0
0.00467333
0.0212333
0.02503
0.00032
0.000493333
0.01951
0.00918667
0.01419
0
0.00169
0.0353667
0.00533333
0.00158333
0.00288667
0
0
0.00027
0.00479
0.02494
0.01669
0.01274
0
0.0170567
0.02201
0.02828
0.0309933
0.0096
0.00307
0
0.000943333
0.000263333
0
0.000623333
0.00999333
0.000183333
0.00231667
0.0105967
0.00814333
0
0
0
0.02225
0.00194667
0.00387667
0.0314733
0.0273367
0.00917
0.0127733
0.0351033
0.0254067
0.00082
0
0.00029
0
0
0.00158333
0.00416333
0
0
0.00035
0.00272
0.01064
0.0195633
0.04908
0.0211933
0.0143433
0.0183467
0
0
0.01073
0.0298967
0
0.03033
0.0242867
0.00525667
0
0
0.00436333
0.02286
0.0194433
0.0106867
0.00383
0.00302667
0.02729
0.03162
0.00573
0.00041
0
0
0.0245667
0
0
0
0
0.0700567
0.03428
0
0
0
0
0.00454333
0.0133167
0.000446667
0
0.00173
0.0103733
0.0102233
0.00164
0.0447433
0
0
0
0
0
0
0
0.00014
0.0304867
0.0267733
0.0116633
0.0105333
0.000636667
0.000446667
0.000263333
0.0504633
0.06957
0
0.00027
0
0
0
0.0247233
0.0248267
0.0159
0
0.00253333
0.0111467
0.0217067
0.00041
0.000916667
0.00261667
0.00187667
0.00153333
0.000753333
0
0
0.05058
0.00141
0.0262333
0.02127
0.00466
0.0101267
0.01849
0
0.000106667
0.0679333
0
0.00494667
0
0.00052
0.00600333
0.0102733
0.0919
0.0571467
0.00014
0.0216067
0.0204067
0.02086
0.04148
0.0207367
0.0195067
0.00493
0.0378133
0.0110767
0.0279933
0.0546333
0.02865
0.00726
0.00783
0.0208667
0.02735
0.0110433
0.00680667
0.000753333
0
0
0
0.00081
0.00081
0.00417333
0.00639667
0.00381667
0
0
0.0839567
0.0668567
0.0379467
0.0502467
0.0271267
0.0165
0.00177333
0.00505333
0.00532
0
0
0.00192667
0.00105333
0
0
0.00764667
0.00253
0.0387667
0.0293633
0.00564
0
0.0670233
0
0
0.0185967
0.0178133
0
0
0.0213067
0
0.00729333
0.05753
0.0440533
0.0344667
0.02442
0
0
0.00245667
0.00164667
0
0.03117
0.05148
0
0
0.00032
0.0519667
0.0435367
0.0398333
0.0256067
0.0153633
0.01629
0.0138433
0.0398967
0.00611667
0.00365
0.000923333
0.00153333
0.00179667
0.175427
0.00383
0
0
0
0
0.000256667
0
0.00873
0.00019
0.0312933
0.03252
0.000803333
0.00784333
0.00195667
0.0158133
0.00032
0
0
0
0.00025
0
0
0
0.0313967
0.0292
0.00967
0
0.0149633
0
0.0157433
0
0
0
0
0
0.00964
0.0201767
0.01484
0.0190833
0.000483333
0.00059
0.02461
0.03501
0.0163267
0.00151
0.02674
0.01214
0.0288733
0.0187333
0.00803
0.00032
0
0
0
0.00264667
0
0
0.00955667
0.00019
0.0143867
0.0252367
0.0437
0
0.01654
0.02785
0
0.000113333
0.212447
0.102407
0.0183667
0
0.0203533
0
0
0.00025
0.10611
0.114483
0.0598333
0.0280567
0
0.00546667
0.000483333
0.05129
0.0395933
0.0483067
0.0142733
0.000803333
0.00323667
0.05425
0.01918
0.0199067
0.00073
0
0
0.000106667
0
0.000116667
0
0
0.00859333
0.008
0.03598
0.00161333
0.0409633
0.0522833
0.0402367
0.00293333
0
0
0
0
0.00081
0
0
0
0
0.0875867
0.100897
0.08065
0.00413
0.000116667
0
0
0.0512433
0.0016
0.0227467
0.0235233
0.01423
0
0.29853
0.428313
0.01293
0.00038
0
0.00726667
0.0311167
0.0520333
0.0871767
0.01602
0
0.00148333
0.00243333
0.0135967
0.0269633
0.00871
0.0118367
0
0.0616967
0.00404333
0
0.100487
0
0.00043
0.00700667
0.00706
0.0208567
0.0406367
0.0478967
0.00706
0.00220333
0
0
0.00174667
0.0269533
0.54696
0.0396933
0.000106667
0.00551333
0
0
0.0347867
0.03615
0.00243333
0.0386667
0.00186
0.00344
0.0148433
0.194783
0.0787867
0.00265
0
0
0
0.00095
0.0180667
0.0286233
0.00032
0
0
0
0
0.000903333
0
0.00238
0.0117133
0.01991
0.0487767
0.03186
0.00502667
0.00429
0
0
0
0.0143267
0.0379033
0.01787
0.00622
0
0.0262867
0.00174
0
0
0.0095
0.0182233
0.0257
0.00403333
0.00146
0.0487033
0.0485767
0.02505
0.00613333
0.0152067
0
0
0
0.0292933
0.00131333
0
0
0.00217333
0.0491633
0.0526767
9e-05
0
0
0.03665
0.00018
0.00018
0
0.00304333
0.00428
0
0
0
0
0.0606367
0.0268133
0.0256367
0
0
0.00123
0.00815333
0.000163333
0
0.00103
0.0385667
0.0307533
0
0
0
0.0271533
0
0.0534633
0.00201
0
0
0
0
0.0597167
0
0.00123
0.0418167
0.01464
0.0129533
0.00259333
0.0449233
0.0201767
0
0.0249
0.0830133
0.0283167
0
0
0.01871
0
0.000653333
0.0484867
0.000686667
0.000136667
0.00115
0.00178667
0.00397333
0.000163333
0.02845
0.00866667
0.0252067
0.03876
0.00176
0.00411
0.00036
0
0
0.00129667
0.765143
0.0175067
0
0
0.0372467
0.0193133
0.00785667
0
0
0
0.00475667
0.0229033
0.0361
0.000923333
0.00607333
0.00118333
0.371457
0.119107
0.0516167
0.00395333
0.0194533
0.00672333
0
0.00208333
0.000136667
0.00892333
0.0132333
0.0222933
0.0267233
0.00102333
9e-05
0
0.00915333
0.0295067
0.0381133
0.00072
0.00086
0.00661667
0.00202
0.000993333
0.00130667
0.0185867
0
0.000936667
0.04929
0
0.00916
0.00603667
0.00185667
0.0339867
0.00018
0.09271
0.250483
0.0455267
0.00525667
0
0
0.0261367
0
0.00428333
0.000163333
0.00662333
0.00695667
0.0326833
0.490973
0
0.00168333
0
0
0
0.0106833
0.00513667
0
0
0.0003
0.02771
0.0323267
0.00336
0.0232433
0.0267267
0.00722667
0.00987667
0.02163
0.572413
0.766013
0
0
0
0
0.01437
0.01449
0.00458667
0
0
0
0.0235033
0.0185033
0.0124233
0
0.0272267
0.00813
0.03668
0.02432
0
0.00072
0
0
0
0
0
0.00658
0.0114067
0
0.00055
0.000496667
0.000236667
0.000236667
0.573283
0
0.0313633
0.000103333
0
0
0.000313333
0.00134333
0.00630667
0.01143
0.00343333
0.000316667
0.00018
0.00018
0.04201
0.00190333
0
0
0
0
0
0.000653333
0.00143
0.000886667
0.0406033
0.0101467
0
0
0.0168267
0.0463367
0
0
0.00113667
0.00215333
0.00991333
0.0147
0.0350333
0.00445
0
0
0
0
0.00059
0.000236667
0.00251667
0
0.0168567
0.0201633
0.00036
0.00125667
0
0
0
0
0
0.00922667
0.0546767
0.01885
0
0.000103333
0
0.01992
0
0.00081
0
0.0382467
0.0331567
0
0.00220333
0.00718667
0
0
0.000776667
0.01001
0
0
0
0.00805667
0.0364167
0.01066
0.0275433
0.0889667
0.09356
0.256293
0.03714
0.0448133
0.0293067
0.00811333
0.00836333
0.0199633
0.000656667
0
0
0
0
0
0
0
0.0003
0.00319667
0.00814333
0.000103333
0.0159433
0
0
0.01318
0.0165167
0.0323133
0.23409
0.0736333
0.02392
0.04767
0.00916
0.00214667
0
0
0
0
0.000896667
0.03425
0
0
0.0214633
0
0.00271333
0.00145333
0.000233333
0.00577
0.00081
0.0241433
0.00754333
0.000136667
0.01673
0
0
0
0.0398333
0.00511333
0.00012
0.00012
0.00631
0.000233333
0.000233333
0.000273333
0.00646333
0
0
0.0463067
0.03589
0
0
0
0
0.00189
0.0136833
0
0
0
0.000313333
0
0.000273333
0
0.000236667
0.000236667
0.00251667
0
0
0
0
0
0
0
0
0.00971
0.0192
0.0402833
0
0
0.00107333
0.00215667
0
0
0.000803333
0.00593333
0.0337167
0
0.00957
0.0242667
0
0
0
0
0
0
0
0
0
0.000313333
0.000896667
0
0
0.0292067
0.00796
0.02907
0
0
0
0
0
0.0252067
0.191157
0.0400533
0.0370267
0.000703333
0
0.00148333
0.0226533
0.03349
0
0
0
0.000993333
0.00329667
0.00193667
0.00332
0.000726667
0.000496667
0
0
0
0.180217
0.00159333
0
0
0
0
0.00159
0.000143333
0.00304
0.00309667
0.00148
0.00322667
0.00900667
0.0213333
0.000703333
0
0.0214867
0.00494667
0.000103333
0
0
0
0
0.0212767
0.0114567
0.000663333
0
0.000143333
0.0012
0.00162
0.00175667
0.00226
0
0
0.000946667
0.000946667
0.00053
0.0229333
0.0118433
0
0.00693
0.01322
0
0.00622667
0.0201033
0
0.03005
0.000946667
0
0.0016
0
0
0
0
0.0219667
0.00964667
0
0
0.000663333
0
0
0
0
0
0.00313667
0.00132
0
0
0.00739
0.0310167
0.0438233
0.0310067
0.0121133
0.01393
0.00952
0
0
0.00288667
0.00385
0.00358667
0
0
0
0
0
0
0.0001
0
0
0.0112467
0.0128733
0
0
0.00547
0
0
0
0.00011
0.00011
0.01304
0.0292367
0.00307333
0
0
0
0
0
0
0.000473333
0.00337
0.00275667
0
0
0.0107233
0.00226333
0
0.0299133
0.0254067
0
0
0
0
0
0.000596667
0.000596667
0.000763333
0.01769
0.00941
0
0.0268367
0.00156
0.000103333
0
0
0
0
0.00639667
0.00478
0.00807667
0.0025
0
0.00067
0.00056
0.00445333
0.0114933
0.0171033
0.00950667
0
0
0.00222333
0.0214
0
0.00120333
0.00562333
0
0
0.0319633
0.01025
0.000513333
0
0.00252
0.00235333
0
0
0
0
0.01266
0.00830667
0
0
9.66667e-05
0.00344667
0.00852667
0.00212667
0.00346667
0.00730667
0
0
0
0
0.00033
0.0157133
0.0280733
0.00710667
0.02713
0.01304
0
9.66667e-05
0.01584
0.00182667
0.00100667
0.000546667
0.00575
0.00914
0.01029
0
0.00474333
0
0
0
0
0
0
0
0
0.0268333
0.00574
0.02342
0.0363367
0
0.00104333
0
0.0142933
0.0136867
0.00475
0.0016
0.000546667
0.00156
0
0
0
0
0
0
0.00013
0.01687
0.0250333
0.01795
0.0109567
0.01412
0.00516
0
0
0.00410667
0.00424333
0.000136667
0.00058
0.0349333
0
0
0
0
0.000423333
0.000423333
0.00191333
0.00536
0.0387267
0.0254333
0
0.00014
0.00319333
0.00322
0.00033
0.00125
0.0160133
0.0496367
0.01813
0
0.00449333
0
0.00979333
0.00349
0.00225
0.02524
0
0.00335
0
0
0
0.00033
0.0311667
0.01507
0.0158333
0.000146667
0.000146667
0.00171667
0.00863667
0.0159467
0.00041
0
0
0
0
0.0518967
0.0346533
0.00308333
0.000146667
0.00349
0.00674
0.00325
0
0
0.00248667
0
0
0
0
0.04399
0.0375233
0.0628067
0.04232
0.00092
0.00092
0.00160333
0.000996667
0
0.000593333
0.000936667
0.00011
0.00011
0.00187
0.0220733
0
0
0
0.000766667
0
0.0246967
0.07388
0.0570767
0.00026
0.00181
0
0.00171667
0.00054
0
0
0
0
0
0
0.0197133
0.0503033
0.00371
0.00153333
0.000683333
0.000736667
0.00029
0
0
0.000643333
0.00011
0.00397333
0
0
0
0.000626667
0.00103333
0.00085
0.0238933
0.0449567
0.0636833
0.01307
0.000493333
0.00022
0
0
0
0.000626667
0.000636667
0.000636667
0.0447767
0.06723
0.00611
0.000313333
0.000313333
0.01577
0
0
0
0.07069
0.0204933
0.000146667
0.02989
0.02237
0.00029
0
0
0
0
0
0.00705333
0.0294
0
0
0.0141567
0.0120067
0.00175333
0
0.03847
0.0353367
0.000373333
0.00213333
0.0365533
0
0
0
0
0
0
0.00757
0.000103333
0.0302533
0.0128467
0
0
0
0
0.00510333
0
0.00041
0.00037
0.00356333
0.00013
0
0
0
0
0.00382
0
0.00193333
0.00257
0.0420867
0.00171667
0.0162767
0.0342533
0.0239
0.00401
0.00416
0.000483333
0.00893333
0.0174267
0
0
0.000353333
0.00098
0
0.00488667
0.03084
0.03609
0.0384867
0.0386467
0.00079
0.0274467
0.0339633
0.00413333
0.00282667
0.00292333
0.00303333
0.00489333
0.0205967
0.01216
0.00442333
0
0.00737
0.0177167
0.00911667
0
0.000743333
0.000106667
0.0245033
0.0517367
0.00085
0.0208133
0
0
0
0
0.00238
0
0
0
0.00808333
0.0120933
0.00678333
0.00489
0.00863
0
0
0
0.00467
0.00133667
0.00678
0.0505767
0.0477433
0.0224533
0.00552
0.0409833
0.03815
0.0293133
0
0
0
0
0.01924
0.000486667
0
0.0547567
0.0243767
0
0
0
0
0
0
0.0395133
0.04484
0.00264667
0.00541
0.0131133
0.0263167
0.00866333
0.00338667
0.0182167
0.00352
0
0.00943333
0.01133
0.00635
0.02708
0.00882333
0
0
0
0.0322467
0.0274433
0.00354333
0
0.00099
0
0
0
0
0
0
0
0.000353333
0.000486667
0
0.00026
0.00219333
0.0199767
0.01815
0.01162
0.0186967
0
0
0.00846667
0.00143
0
0.0101067
0
0
0
0
0.000166667
0.000166667
0.0351467
0.0175133
0.0258567
0
0.00411333
0.0121967
0.0223333
0.0248733
0.0327767
0
0
0
0
0
0.00739333
0.0087
0.0218567
0.0311433
0.0137567
0
0
0.00143
0.0352433
0.0439567
0.0102867
0
0.000113333
0.000113333
0.03882
0.000486667
0.00034
0.0006
0.0348567
0.02323
0.0366233
0.0222967
0
0
0
0.02773
0.0276267
0
0.02372
0.0174367
0.0243567
0.03352
0.0228133
0.0161267
0.00771
0.00581667
0
0
0
0.0306933
0.01426
0
0
0
0.02749
0.0175667
0.0447
0.0508733
0.02785
0.00099
0
0
0.0275233
0.0233833
0.0237067
0
0.0190733
0.01195
0.01897
0.0522067
0.0174067
0.00949
0.01302
0.0254367
0.0250433
0.03187
0.0412233
0.0127533
0.03183
0.00108667
0
0
0.04338
0.00034
0.0063
0.05268
0.0141067
0.0311333
0.0241133
0.02919
0.00997
0
0.0100267
0
0.000513333
0.0024
0.00307
0.00290333
0.00759667
0
0.0196
0.0440733
0.02363
0.0396767
0.000156667
0.000213333
0.00432667
0.0130333
0.03434
0.01571
0
0
0
0.00251333
0.00231333
0.06419
0.00256667
0.00261667
0.0339933
0.01296
0.0237433
0.02535
0.0071
0.00354333
9.66667e-05
0
0
0.00291333
0.00587667
0.0520067
0
0.00235667
0.0186033
0.0357267
0.0430767
0.0703267
0.0379533
0.0169567
0.0189233
0.0266367
0.0261933
0.00757667
0.03416
0
0
0.00231
0.0118967
0.0126567
0.00461667
0.00198333
0.0181
0.0063
0.0091
0.04497
0.0251567
0.0182067
0.000156667
0.0280867
0.00546
0
0
0
0.00575
0.00434333
0
0.00972333
0
0.00781
0.00196667
0.00371667
0.0756333
0.06246
0.0400933
0.0431567
0.0238633
0.0378333
0.03869
0.000513333
0.02713
0.0356967
0.0714367
0.0864433
0.0193967
0.0252967
0.0285467
0
0
0.0267067
0
0
0
0
0
0.0129733
0.0127733
0.00334333
0.00941667
0.00208
0
0.0087
0.00471333
0
0.0387967
0.01784
0.0219467
0.018
0.01188
9.66667e-05
0
0.000513333
0.0366233
0.0373833
0.02196
0.0214167
0.08065
0.0743267
0
0.01853
0.0454067
0.0325033
0.00188667
0
0.00028
0.0141233
0.0320533
0.0142533
0
0.0148033
0.0187533
0.0394633
0.00220333
0.0281867
0.01004
0
0.00913333
0.00993667
0.00887333
0
0
0.0156967
0.0165733
0
0.000186667
0.00461333
0.0836867
0.09059
0.0377433
0.03669
0.0200733
0
0.00782667
0.0057
0.0226733
0.06808
0.00458
0.0131267
0.03524
0.110867
0.04253
0.0452233
0.0397
0.0231967
0.0401567
0.00201333
0
0.03351
0.01833
0.0285067
0.0924433
0.0193133
0.02542
0.05353
0.01419
0
0.00638
0.05408
0.00208
0
0.00239
0.115427
0.109707
0
0
0.000123333
0.0358
0.0071
0
0.00201333
0
0
0
0.00335
0.0437233
0.0325433
0.0286567
0.0387967
0.101673
0.0196467
0.0334833
0.0400833
0.0457733
0.03367
0.00767333
0.000213333
0.00344
0.00275
0
0
0
0
0.00694667
0.02716
0.0378533
0.0153967
0.00372333
0.00342333
0
0.06659
0.0101933
0
0
0.000636667
0.00986667
0.00286333
0
0.0143667
0.0143167
0
0.00462333
0.00360667
0
0
0
0.0491867
0.0390433
0.0371067
0.0242367
0.00238667
0
0
0
0.0510033
0.0717867
0.0563633
0.00013
0
0.0303633
0.0510767
0.0942067
0.116977
0.000186667
0.0120933
0
0.02348
0.0189467
0.0343033
0.00665667
0.01666
0
0
0
0.00131333
0.00043
0.00043
0
0.00411
0.07838
0.000373333
0.01186
0.11892
0.0412233
0.0148867
0.0186433
0.00973
0.00141667
0.00129333
0.000276667
9e-05
0.000576667
0.00013
0
0.0379033
0.0503767
0.0558333
0.08095
0.06977
0.05918
0.0945767
0
0.000186667
0.0117933
0.0277833
0.143807
0.0229667
0.0376733
0.0682033
0.0195067
0.000736667
0.000156667
0.000286667
0
0
0.0625833
0.0380633
0.05876
0.110873
0.0453567
0.0820767
0.02602
0.00393333
0.00335333
0
0.000513333
0.0105333
0.00263
0.00118667
0.000613333
0.00193333
0
0.00056
0
0.0897567
0.07632
0.123933
0.0735433
0.0222767
0.000426667
0.000306667
0.0907467
0.0263267
0.00457667
0.0123333
0.00118667
0.00174667
0.00196
0
0
0.0495767
0.0587967
0.0494533
0.07376
0.0952067
0.000186667
0.0003
0
0.0508533
0.04878
0.115527
0.0394767
0.0151133
0
0
0
0.00328
0.000736667
0
0.177327
0.0806067
0.00402333
0.000736667
0
0.0754867
0.0947467
0.04139
0.02676
0
0.000186667
0
0.158183
0.0430667
0
0
0
0
0
0
0.000376667
0.000533333
0.000856667
0.000426667
0
0
0.00411
0
0.00687
0.08736
0.103717
0.00626667
0
0.00352667
0
0.00411
0.01015
0.0992
0
0.00042
0.0695433
0.0769167
0.00509667
0.00932333
0.00620333
0.36125
0.00219
0.00743
0.00896333
0.00473333
0
0
0
0.0803433
0
0
0
0.01066
0
0.000513333
0.000513333
0.00130333
0.00298
0
0
0.112343
0.0865633
0
0.00012
0.00012
0.103723
0.06613
0.00307667
0.00382333
0
0
0.01769
0.04784
0.00012
0
0.02629
0.10276
0.01134
0.00952667
0.0214933
0.40471
0.000746667
0.00582
0.000376667
0.01234
0.0655467
0.08274
0.102
0
0
0
0.0506333
0.10333
0.02481
0
0
0.000923333
0.00836
0.0221267
0.00127333
0.00798
0.0170667
0.00738333
0.00174667
0.0472967
0.10819
0.0967367
0.0658767
0.06601
0
0
0
0.02101
0.0234767
0.00127333
0.000376667
0.00573667
0
0
0
0
0.09932
0.0918133
0
0.0466067
0.408137
0
0
0.00254667
0.00822667
0
0.07828
0.08557
0.0909
0.0644967
0.0664967
0.0363633
0.0909333
0.00012
0
0
0.000586667
0.01274
0.0289733
0.08565
0.0794167
0.00529
0
0
0.07692
0.0328533
0.05718
0
0
0
0.0162
0
0
0.00109
0.091
0.04286
0.03347
0.0005
0
0.188153
0.0265267
0.60402
0
0
0.00434667
0.00526667
0.0120067
0.06593
0.02795
0.0246767
0
0.06091
0
0
0
0
0.08597
0.0565867
0.04661
0.0437367
0.110187
0.0140633
0.05808
0.0716633
0
0.00132
0
0.0920533
0.07034
0.0668433
0.0328033
0
0.0690133
0.00841333
0.0720133
0.0246767
0.00254667
0.00127333
0.00125333
0.00894667
0.00132
0
0
0.0491067
0.538833
0.695017
0.000216667
0.00067
0.00443
0.0440067
0
0
0.0347133
0.0198467
0.0119233
0.08973
0.0390367
0
0
0
0
0.000216667
0.0249833
0.0301533
0
0
0
0.0678867
0
0
0
0.000876667
0.0336333
0.00898667
0.00237333
0.07454
0.0666133
0.0169133
0.0121067
0
0.0676867
0.08885
0.21182
0.0847967
0
0
0
0
0.0562467
0.0356833
0.0201133
0.03851
0.0515433
0.00466667
0.000543333
0
0.214903
0
0
0.000316667
0
0
0
0
0.0746567
0.00182
0.0243333
0.02585
0
0
0
0
0
0.103557
0
0.00322667
0.00643667
0.01964
0.0582467
0.00159
0
0
0.0588933
0.0349933
0.000253333
0.00109
0.0158667
0.00333
9e-05
0
0
0
0
0.154353
0.00322667
0.0338833
0.127363
0.16038
0.193477
0.189093
0
0
0
0.00147333
0.0177067
0.0459933
0.03038
0.01168
0.32292
0
0.01403
0.03093
0
0.0314333
0.0108867
0.00590667
0.00818
0
0.230987
0.125407
0.0348467
0.000316667
0
0.00703333
0.0331267
0
0.0170667
0.0247
0.0611
9e-05
0
0.226423
0.0915133
0.000633333
0.0319733
0.0131933
0.00164667
0.00274
0.00417667
0.00665
0.00573667
0
0
0.00611
0.00481667
0
0.0167833
0.0197
0.00109667
0
0.355317
0.000113333
0.00262
0.00250667
0.000216667
0.05314
0.0154467
0.00432
0.000633333
0.00157333
0
0
0
0
0.02909
0.0199767
0.00412
0.000133333
0.00579
0.00443
0.256863
0.410417
0.00298
0.117767
0.000316667
0.00105333
0
0.02029
0.00613667
0.0177167
0.0280433
0
0
0
0
0
0
0.00539
0.00052
0.0171167
0.00943333
0
0.0125833
0.00347667
0.01824
0.00704333
0.00549333
0
0
0.000113333
0.00541667
0.0183733
0.03893
0.24579
0.295453
0.01449
0.000696667
0.00851333
0.0165533
0
0.00278333
0
0
0
0.447217
0.00322667
0.00095
0.000316667
0.000833333
0.00232333
0.000223333
0
0
9e-05
0
0
0
0
0.00159
0.000303333
0.123207
0.218213
0.00282
0.00045
0.00198667
0.02692
0.0279533
0.00550333
0.000766667
0.0347867
0
0.0401467
0.45107
0.00159
0.425787
0.268947
0.01401
0.00274667
0.000696667
0.00305333
0
0
0.00064
0.0306933
0.00426667
0
0
0.000276667
0.00378
0.0065
0.0265133
0.0187433
0.00553
0.0280833
0.00243
0.000316667
0.0110933
0.00176667
0.00146667
0.00712667
0.0111533
0.03447
0.07757
0.0655433
0.0193367
0.0200933
0.0369933
0.15268
0.0349233
0.0106867
0
0
0
0.0453833
0.00819
0.00292333
0.00104
0.000856667
0.0311767
0.0127933
0
0
0.0375567
0.0171867
0.00326
0.00303667
0.39106
0.117767
0.00892
0
0
0
0
0.000463333
0.000463333
0.02806
0.04763
0.00235667
0.00195
0
0
0
0
0
0.00364333
0.00646
0.04503
0
0
0.00257333
0
0
0.02858
0.00531667
0.01886
0.304517
0.462427
0.05137
0.00211333
0
0
0
0
0.00781667
0.03128
0
0
0.1203
0
0
0
0.07006
0.0516467
0.0261633
0.00875333
0.00884333
0.000226667
0
0.0537667
0.00235667
0.00235667
0.0311533
0.0717667
0.0499533
0.0705233
0.0540733
0.00504333
0.0136933
0
0.07393
0.000226667
0
0
0.0499367
0
0
0
0
0
0.000163333
0.00181333
0.0462833
0.0443833
0.02565
0.00232
0.0387433
0.247267
0.341967
0
0.00031
0.00145667
0.0701133
0
0.00065
0.124023
0.0358733
0.0133033
0
0
0
0
0
0.05137
0.04973
0
0
0
0.0970467
0.42302
0.188663
0.0208333
0
0.000183333
0
0
0
0
0.0208567
0.0350333
0.0199333
0.30374
0.321583
0.0437033
0
0
0
0
0
0
0.00374667
0.00621333
0
0
0.00331667
0.0250567
0.00247
0.0337167
0
0.000183333
0.000183333
0
0.0246333
0.0541333
0.02127
0.00982667
0.00884333
0
0
0.00065
0
0
0.00580333
0.02601
0.19374
0.0273033
0
0
0
0
0.0313067
0.0488433
0
0.02275
0
0
0
0.0235767
0.02813
0.129253
0.13325
0.05761
0.00172333
0
0
0
0
0.00132
0.00166667
0.00772667
0.00953333
0.0520067
0.000226667
0
0.00165
0.00783333
0.0121267
0.00272333
0.0770267
0.17841
0.151943
0.185117
0
0
0
0
0
0
0
0.0363133
0.05818
0
0.00233333
0
0
0
0
0
0.00296667
0
0.00105333
0.03355
0
0
0
0
0.0282533
0.0321133
0.0162567
0
0.00843333
0.01277
0
0.01188
0.10834
0.00925333
0
0
0
0
0.00052
0.02099
0.00298
0
0.0109233
0
0.01054
0.00172333
0
0.000273333
0.000273333
0
0
0.000173333
0.01305
0.0188467
0.00017
0.00544
0
0
0
0
0
0
0
0.0033
0
0
0
0.000403333
0
0.00854667
0.0168567
0.00581333
0.00613333
0.00315667
0
0
0
0
0
0.000133333
0.000346667
0.00481333
0.00121
0
0.00293333
0.00087
0
0.0119333
0
0.00091
0.00104333
0.000133333
0
0.00346
0.000116667
0.0230067
0.02134
0
0
0.00271667
0
0
0
0.00878
0.000273333
0.00554333
0
0.000403333
0.01086
0.0308267
0
0
0
0
0.00039
0.00621333
0.00176333
0
0.000133333
0.0102433
0.00458
0.00391
0
0
0
0.000683333
0
0.00148667
0
0.0100967
0
0.000683333
0.000466667
0.000466667
0.000466667
0
0
0.0333733
0
0
0.00707333
0.00734667
0.00297667
0
0
0.0103067
0
0.000653333
0.000836667
0.000183333
0
0.000116667
0
0
0
0
0
0.0268267
0.000146667
0
0
0.00903667
0.000506667
0
0
0
0
0
0.00812667
0
0.0145867
0
0
0.00148667
0.00812667
0
0.000506667
0
0.00356
0.01
0.00769
0
0.000513333
0.000206667
0
0
0
0.000233333
0.00924333
0.000146667
0.00707333
0
0
0
0
0.00278333
0
0
0
0
0.0281067
0.0292433
0
0
0.00557
0.00807
0
0.01051
0
0
0.00883667
0.000506667
0
0
0.00733333
0.00250667
0
0
0.00847667
0.0270767
0.02149
0
0
0.000506667
0
0
0
0
0.000233333
0.00325667
0
0.01177
0
0
0.000116667
0.00529667
0.00072
0
0.01451
0.0134967
0.000206667
0
0
0
0
0.000376667
0.00253333
0
0
0
0
0
0
0
0.00488667
0.00429667
0.00560667
0
0.00907
0.00909667
0.00016
0
0
0
0
0
0.00699
0.000206667
0
0
0
0.0175933
0.0275833
0
0
0.000163333
0.00097
0.0307067
0
0.0314633
0.000413333
0.000706667
0.00081
0.00141333
0
0
0.0347033
0.00054
0.000163333
0.00153
0
0.0139033
0.03276
0
0
0
0
0
0
0
0
0
0
0
0
0.00256667
0.00796
0
0.0320033
0
0
0
0
0.0116833
0
0.0298033
0.0108933
0.00016
0.00847667
0
0
0
0.00821
0.0310267
0.0139767
0
0
0
0
0
0
0
0
0.00116333
0.01853
0.000163333
0.0306133
0.000253333
0.00328333
0
0
0.000253333
0.02784
0.000566667
0.000206667
0
0
0.000103333
0.00022
0
0.0154267
0.00957333
0.0341667
0.00016
0
0
0
0
0.0377067
0.00183667
0.00097
0.00236
0
0
0
0
0.000116667
0.000116667
0
0.03352
0.01087
0
0
0
0.02778
0
0
0
0.0108667
0
0
0
0
0
0.0212967
0.0204467
0.0163867
0.00863667
0
0
0
0
0
0
0
0
0
0
0
0
0.00116333
0.0118067
0.000393333
0.000276667
0
0.0247233
0
0
0
0
0.00328333
0.00551333
0
0
0
0
0
0
0
0.00175
0.0152133
0.000253333
0
0
0
0
0
0
0
0.00097
0
0
0
0
0
0
0.0167433
0.00372333
0.00577667
0
0.02864
0.0322333
0
0
0
0.000253333
0
0
0.0029
0.01243
0.0214933
0.01451
0.00502
0.0117567
0
0
0
0.000253333
0.00404333
0.0236133
0.0239433
0
0
0
0
0
0
0
0
0
0
0
0
0
0.00256333
0.0115533
0.0370033
0.00205
0
0.000386667
0.00027
0.000153333
0
0.00372
0.00036
0
0
0
0
0
0
0
0
0
0
0
0
0.000796667
0.0265233
0
0.00101333
0.00036
0.00036
0
0.0105667
0
0.00437333
0
0
0
0
0
0
0
0
0
0
0
0
0
0
0
0.000203333
0
0
0
0
0
0
0
0
0.00021
0.0327833
0.00218
0
0.000213333
0.00695
0.00685333
0
0
0
0
0
0
0
0.0134567
0.0028
0.00027
0
0
0.00101333
0.00101333
0
0
0
0
0
0
0
0
0
0
0
0.00021
0.00013
0.000213333
0.000213333
0
0
0
0.0258967
0.02023
0.0160367
0.000203333
0
0
0
0
0
0.00021
0.00046
0.00543
0.00901667
0.00932667
0.000203333
0
0
0
0
0
0
0
0
0
0
0
0.00178
0
0
0.00013
0.00932667
0
0
0
0
0
0
0
0
0
0
0
0
0
0
0
0
0
0
0.0114833
0
0
0
0
0
0.0106367
0.00075
0.00013
0
0
0
9e-05
0
0
0
0
0
0.000553333
0.00525
0.0170467
0.00807667
0
0
0
9e-05
0
0
0
0
0.00559
0.00648
0.00582333
0
0
0
0
0
0
0
0.00130667
0
0
0
0
0
0
0
0
0
0
0
0.000203333
0
0
0
0
0
0
0.00231
0
0.00016
0.00025
0
0
0
0
0
0
0
0
0.0324267
0
0
0
0
0
0.0106133
0
0
0
0
0
0
0
0.000776667
0.000113333
0
0.0405067
0.03799
0
0
0
0
0
0
0
0.000303333
0.000303333
0
0.000106667
0.000106667
0.00135
0
0
0
0
0
0.0109033
0.0281567
0.00274
0
0
0
0
0
0
0.00130667
0
0.000266667
0.00043
0
0
0
0
0
0
0
0
0
0.00166667
0.00119333
0.000113333
0.0313533
0
0
0.00151
0.00169
0
0
0
0
0
0
0
0
0
0
0
0
0
0
0
0
0
0
0.00253667
0.00043
0
0
0
0
0
0.000473333
0.000473333
0.000876667
0.0106267
0
0.00955667
0
0
0
0
0
0.000876667
0.00203333
0.05793
0
0
0
0
0
0
0
0
0
0
0
0
0
0
0
0
0.000876667
0.0261833
0.00284333
0
0
0
0
0.000106667
0.0116333
0
0
0
0
0.0505467
0.0616867
0.00554667
0.0196633
0
0
0
0
0
0
0
0
0
0
0
0
0
0
0
0
0
0
0.04338
0.0119033
0
0
0
0
0
0.00036
0.00036
0.00662333
0
0.0100933
0.0122467
0.00203333
0
0
0
0.00037
0.000306667
0
0.00160333
0
0
0
0.00240333
0.0408067
0.0560533
0.00355667
0
0
0
0
0
0
0
0
0
0
0
0
0
0
0
0.00112667
0.0229833
0.03604
0
0.000326667
0.000326667
0.00036
0.00738
0.00163333
0.00991667
0.01814
0
0
0
0
0
0.0319
0.000853333
0.000106667
0.00113667
0.000803333
0.000433333
0.000466667
0
0
0.00568333
0.00454667
0.0102933
0
0
0
0
0
0
0.000326667
0
0.00113667
0.0369367
0
0.00093
0.0283533
0
0
0
0
0
0.00072
0
0.00112667
0.00987333
0.0410433
0
0
0
0
0
0
0
0
0
0
0
0.000826667
0.000546667
0
0.00436333
0.01342
0.02926
0
0
0
0
0.0142267
0
0
0.02416
0
0
0
0
0
0
0
0
0.02224
0
0
0
0
0
0.00016
0.00016
0.00745
0.00036
0.01141
0.02718
0
0.00222333
0
0
0
0.00734333
0.00236
0.00824333
0.00062
0
0
0
0.00748333
0.00272
0.02716
0.02339
0.0131833
0.0248267
0
0
0
0
0
0
0
0.01736
0.00156333
0
0.000233333
0
0
0
0
0
0
0.0003
0.00141
0.00580667
0.00593667
0
0.000573333
0.0226933
0
0
0
0
0
0.00356333
0.00891
0
0
0.00016
0.0193067
0.01465
0.00266
0.00713667
0.000366667
0.000366667
0
0
0
0.00638667
0.0132433
0.00199
0.00254
0.00726333
0.00101667
0
0
0.00062
0
0.00104667
0.00017
0.0107467
0.00602333
0
0
0
0
0
0
0.00638667
0.00522
0
0
0
0
0
0
0
0
0
0.0187833
0.00133333
0
0.00129333
0.00324667
0.00392667
0.00104667
0
0
0.00715333
0.00555333
0.00017
0.01028
0.00468333
0.0108633
0
0
0.000393333
0.00076
0
0.0366
0.0264867
0
0.000393333
0.00683667
0
0.0423033
0.00620333
0.00899667
0.02568
0.0245033
0
0.00859333
0
0.00364
0
0
0.00032
0.00617333
0.01208
0.03978
0.00362333
0.0113033
0.000666667
0.000106667
0
0
0.00147667
0.00092
0.00707
0.00762
0.00700667
0.04028
0.01217
0.000666667
0.000106667
0.00579
0
0
0
0.00976
0.00538
0.00329333
0.00129333
0
0.000666667
0.000106667
0
0
0.0396633
0.0571667
0.0126267
0.00129333
0
0
0.00870333
0.0140067
0
0
0.00764333
0.08335
0.0107533
0.00722333
0.000186667
0.02984
0.0658433
0.04572
0.000776667
0
0.01279
0.00874
0.00033
0.00051
0.05289
0
0
0.0561233
0.00059
0.001
0.00899333
0.00770667
0.00944
0.0397167
0.0397
0
0
0
0.00315333
0.000406667
0.000826667
0.0795067
0.105027
0
0
0
0.00032
0.00296
0.00881333
0.0738767
0.09138
0.0695
0.00137667
0.004
0.06534
0.0130833
0
0.0797133
0.0309333
0.00971
0
0
0
0
0
0.08532
0.0048
0.00191
0.0373367
0.0117
0.000616667
0.0110567
0
0
0
0.06723
0.04442
0.0322133
0.00259333
0.0350967
0.000776667
0.0865233
0.0294967
0.0444833
0
0.0751367
0.00025
0.00237
0.110723
0.14103
0
0.0304067
0.00962
0.00388667
0.00016
0
0
0.00284
0
0
0
0
0.121267
0.00274333
0.0469267
0
0
0.182587
0.0111
0.125297
0.02172
0.00775667
0.00273667
0.00315667
0.0370333
0.00762667
0.08487
0.00513333
0
0.0216567
0.00360667
0.183837
0.143843
0.0305033
0.0101533
0.00801667
0.00019
9e-05
0.0145867
0.10482
0.0851533
0.01907
0.233477
0.16546
0.12864
0
0.17733
0.204897
0.0658367
0
0
0.15396
0
0.00809667
0.04509
0.0739333
0.00201333
0.000373333
0.158593
0
0.0323667
0.0798033
0.13821
0.01251
0.170807
0.00236
0.000296667
0.0743433
0.0637733
0.00941
0.00423333
0.04053
0.000793333
0.000793333
0.20456
0.00019
0.123367
0.000436667
0.148513
0.000373333
0.267723
0.00295333
0.0454033
0.215007
0.257233
0.28586
0.0139667
0.000436667
0.00073
0.106027
0.00751333
0.351987
0.00109
0
0.251923
0.0308333
0.0119133
0.00552
0.0218433
0.0799733
0.0254967
0.000793333
0
0
0.00360667
0.0546233
0.0358967
0.00436
0.346103
0.06925
0.0284667
0.06033
0.00176333
0.0317767
0.116163
0.000243333
0.00319667
0.24677
0.195997
0.17224
0.0444433
0.0384967
0.168823
0.0247633
0.151693
0.157027
0.215393
0.00703667
0.131937
0.00982
0.26222
0.0503967
0.0216867
0.05161
0.00615
0.02448
0.00589667
0.164717
0.0652633
0.01012
0.0525967
0.02698
0.0210433
0.0570933
0.00591333
0.0202367
0.00264667
0.0056
0.12146
0.00624333
0.00810667
0.0149167
0.00995
0.00122333
0.02795
0.31778
0.412237
0.0466533
0.230933
0.0670267
0.115577
0.00184333
0.0258367
0.29085
0.00649333
0.000123333
0.02749
0.0146067
0.00745
0.00657333
0.284617
0.35348
0.03397
0.162553
0.00716667
0.00312333
0.000123333
0.000563333
0.0109267
0.106957
0.09174
0.00563
0.18845
0.00915667
0.0087
0.00452333
0.0100033
0.0904733
0.00836333
0.112463
0.0521833
0.0334467
0.107093
0.0303133
0.2514
0.00363333
0.11757
0.00868
0.00337333
0.0231133
0.00655
0.0110133
0.0393667
0.100103
0.02388
0.0245967
0.01143
0.000633333
0.00109333
0.0414367
0.0107433
0.08576
0.147653
0.130027
0.00326
0.0119767
0.0286767
0.0321567
0.0130067
0.0152733
0.0480067
0.0207633
0.0271367
0.0107
0.02881
0.0293833
0.02635
0.00051
0.0217133
0.00915667
0.0131367
0.0421367
0.0635167
0.0647867
0.00859333
0.00418333
0.193127
0.00298
0.01334
0.0670933
0.06477
0.0744767
0.0685367
0.0467633
0.00113
0.00017
0.105747
0.20107
0.00263333
0.00149333
0.00245333
0.00017
0.02809
0.00637333
0.00476667
0.01561
0.03947
0.0350667
0.000486667
0.000746667
0.03072
0.05877
0.0387333
0.02883
0.00936333
0.08895
0.028
0.0433333
0.00360667
0.00760667
0.01146
0.000753333
0.01287
0.01187
0.0485533
0.0361767
0.0212833
0.00489667
0.00027
0.00109333
0.00323333
0
0.00298
0.02503
0.0203567
0.00660667
0.00386333
0.00784333
0.0287467
0.03223
0.03725
0
0
0.00876667
0.0441867
0.01462
0.0246
0.0256633
0.02008
0.0395833
0.00167333
0.03076
0.0291
0.02008
0.0434
0.01957
0.00928667
0.00265667
0.0655467
0.0371233
0.00214
0.00249667
0.00131667
0
0
0
0.00462667
0.00462667
0.00957
0.00915667
0
0
0.00702667
0.0241033
0.0052
0.00191333
0.0148433
0.00190667
0.0107233
0.01627
0.0316667
0.0129333
0.0226667
0.000243333
0.00599667
0.00218667
0.00361667
0.0157167
0
0.00212667
0
0.02064
0.01966
0.0355733
0.0275167
0.04289
0.00089
0.00111667
0
0.00145667
0.0226067
0.000103333
0.00212667
0.00212667
0
0.000306667
0.000306667
0.0234933
0
0.000356667
0.000533333
0
0
0.00255667
0.00374
0.02185
0.0154267
0.00258333
0.000786667
0.00129333
0.00308667
0.000836667
0.00330333
0.000243333
0.00186333
0.01717
0
0
0.00328667
0
0
0.000156667
0.01763
9e-05
0.000583333
0.00328667
0.0104167
0.00639333
0.00304333
0
0.00334333
0.00096
0.0042
0
0.00188
0.0122033
0
0.00959667
0.0108767
0
0.00572
0.000276667
0.000276667
0
0
0
0
0.00348
0.00202667
0
0.00387667
9e-05
0.0112833
0
0.00889
0.0115733
0.0122567
0
0.00205
0
0
0.00341667
0
0.01256
0
0.00188
0.00700333
0
0.00352
0
0.00205
0.00684
0.00122667
0
0
0
0
0.00581667
0
0
0
0.00119667
0.00277
0.00218667
0
0
0.00512333
0.0011
0
0
0
0
0.0105267
0.00179333
0.0137967
0.00023
0
0.00737667
0.00464
0
0
0
0.0191733
0.01194
0
0.000693333
0.00119667
0
0
0
0
0
0
0
0
0
0.000126667
0.01612
0.00466667
0
0
0
0.000356667
0
9e-05
0.0017
0.00280667
0.0180567
0.00218667
0
0
0
0.000356667
0
0
0
0
0
0
0
0
0
0
0
0
0.0227333
0.00127333
0
0.000356667
0.0102467
0.00576667
0
0
0
0.00341667
0
0
0
0
0
0.00052
0.00052
0
0.01532
0
0
0
0.0432933
0.00104333
0
0
0
0.03381
0
0
0.05259
0.0234933
0.0388967
0.0405367
0.00298667
0.0001
0
0
0.0518033
0
0
0
0
0
0.05357
0.00358
0
0
0.04562
0.0267467
0.00350667
0.0001
0
0
0.00234667
0.0196467
0
0
0
0
0
0.00209333
0
0
0
0
0
0
0
0
0
0
0
0
0.00298667
0.00728667
0.00686667
0
0.02115
0
0
0
0
0
0
0.0226533
0.00404333
0
0
0.04299
0
0
0.00021
0.00821
0.0682033
0
0
0
0.00161
0.00265333
0
0.00774333
0
0.000463333
0
0.00686667
0
0
0.0516833
0.06324
0.0622733
0.03551
0.0149933
0.00622
0.0826967
0.0755933
0
0
0.000983333
0.000983333
0.0001
0.04346
0
0
0
0
0
0.0161667
0.05701
0.01199
0
0
0.03201
0
0.000336667
0.00764667
0.00098
0.0581
0
0
0.05814
0.000463333
0.00447667
0.0041
0.0016
0.00181
0.000546667
0.00671
0.0114133
0.0287833
0.00102333
0.0436067
0.0018
0.00075
0.000376667
0
0.00322667
0.00558333
0.04296
0.05077
0.00406
0.0002
0
0
0
0.00104333
0
0.0135133
0.03885
0
0
0
0
0
0.0057
0.0181333
0.0137033
0
0
0.00967667
0
0
0.01897
0.03256
0.0002
0
0
0.00507667
0
0
0.00637667
0.03478
0.0127967
0
0.0345667
0.00109333
0
0.0758233
0
0
0.0795567
0.0699933
0.00217667
0.000793333
0
0.0166633
0.000213333
0.0001
0.05672
0.06231
0.0271233
0
0
0.00322667
0.00782667
0.0311733
0
0.000546667
0.00241333
0.00613667
0.0163433
0.01219
0.00181667
0.03902
0.00782
0
0
0
0.00409333
0.00533333
0
0
0.0149133
0.00179333
0
0
0
0.101217
0.00831333
0.0205533
0.00104333
0.00423667
0.00421333
0.00322667
0.02899
0.00787667
0
0.01724
0.00238667
0.0691133
0.07162
0.00033
0.0526433
0
0
0.06184
0.08828
0.0692367
0.0383433
0.000113333
0
0.000783333
0.0004
0
0
0.0281233
0
0.0372367
0.0231533
0
0
0.02588
0.0523767
0.04358
0.0004
0
0
0
0.0281733
0.00378333
0
0.00171333
0.00033
0.0252667
0.0362833
0.00236667
0.01291
0
0.00758
0
0.00533333
0.00860667
0.02723
0.0118967
0.00103667
0.0297467
0.00246667
0.0159233
0.000213333
0
0.0782833
0.01632
0
0
0
0
0.00886667
0.00151
0
0
0.000583333
0.0488967
0.0004
0
0.0262567
0.00593667
0
0.01105
0.01561
0.04696
0.00273333
0.00596
0.0358733
0
0.06703
0.02313
0
0.0062
0
0
0.00388
0.0594367
0.06438
0.000113333
0
0.0001
0
0
0.03433
9.66667e-05
0.000113333
0
0.01845
0.0690667
0.00236333
0.02295
0.00466667
0.00246667
0.006
0.000686667
0.0001
0.00104333
0
0
0
0
0.04339
0.00327333
0.04492
0.0384433
0.00359667
0.00029
0.000583333
0.01077
0.04874
0.04259
0
0
0.0218967
0.0291467
0.00697333
0.0423733
0.0264633
0.000506667
0.00563
0.00397333
0.02567
0
0
0.0159667
0.00427
9.66667e-05
0
0.000113333
0.0111433
0
0
0
0
0.00196333
0
0
0.0119
0.02293
0.03065
0
0
0.00273333
0
0.000586667
0
0.0465667
0.0572267
0.0402067
0.04412
0
0
0
0
0.0178267
0.0268867
0.0224233
0.000216667
0.00115
0
0.0377567
0.01068
0
0
0.0159767
0.0155533
0
0
0
0
0
0.0123767
0.00218667
0
0.000996667
0.00196333
0
0
0.04067
0.0337633
0.000113333
0.000433333
0.0125767
0
0.00273333
9.66667e-05
0
0.00078
0
0
0
0.00339
0.0255467
0.02169
0
0
0.00652667
0.00242
0
0.00801333
0.00509333
0.0176467
0
0
0
0.00427667
0
0
0.0194167
0.0165967
0.01279
0.0128833
0.00058
0.00379333
0.000486667
9.66667e-05
0.00137667
0.0253933
0.0379
0.03747
0.01332
0.000766667
0
0
0
0
0
0.00452333
0.00376
0.0109567
0.00039
0.00039
0.000216667
0
0
0.00379333
0
0.01366
0.00175
0
0
0.00309667
0.00247667
0.00058
0
0.00388667
0
0.00314667
0.0223267
0.00287333
0
0
0.00462333
0
0
0
0.000483333
0
0
0.0172133
0
0
0
0.000766667
0.00192333
0.00536667
0.00254667
0
0
0.00599667
0.000766667
0.00524333
0.00371
0.00058
0
0.000566667
0.00039
0.000743333
0
0
0.00319
0
0
9.33333e-05
0
0
0.00063
0
0.000743333
0.00189667
9.33333e-05
9.33333e-05
0.0195267
0.0118333
0
0
0
0.00387
0.000376667
0
0
0
0
0
0
0.0151167
0
0
0.000743333
0.00129333
0.00129333
0
0
0
0
0.00285
0
0
0
0.00039
0.00632333
0.00785667
0.0175567
0
0
0
0
0
0
0
0
0
0
0
0
0
0
0
0
0.01111
0.00874
0
0
0
0
0
0
0
0
0.00104667
0
0
0
0
0.00285
0.00285
0.00509667
0
0
0
0.00160333
0
0
0
0
0
0
0.00048
0.00048
0
0
0.03232
0
0
0
0
0.00687
0
0
0.000936667
0.00122667
0
0
0
0
0
0
0
0.01146
0.0206133
0.0334167
0.0324867
0.00122667
0
0
0.00048
0
0
0
0
0
0
0
0
0
0
0.0149767
0
0
0
0
0
0
0
0
0
0
0
0
0
0
0
0
0
0
0
0
0
0
0
0
0
0
0
0
0.0125867
0
0
0
0
0.000936667
0.00233
0
0
0
0
0
0
0.0324933
0
0
0
0
0.01486
0
0
0
0.02586
0.00110333
0
0
0
0
0
0
0
0
0
0
0
0
0
0.02477
0.00460333
0
0
0
0
0
0
0
0
0
0.000243333
0.00146333
0
0
0
0
0
0.00585667
0.00745333
0
0
0.00126667
0.00612667
0.00088
0
0
0.00170667
0
0
0
0
0
0.00284667
0
0
0
0
0
0
0
0
0.000243333
0
0.00041
0.00033
0.00513333
0.00167333
0
0
0
0.00286333
0.00262667
0
0.00431
0
0
0.000793333
0
0.00730333
0
0
0.00359333
0.00129
0.00642333
0.00041
0
0
0
0
0.00798
0.00119333
0.00683333
0.00033
0.00033
0
0.00260333
0.00406667
0.01647
0.02014
0.0004
0
0.0159833
0
0
0
0
0
9.33333e-05
0
0.00642333
0
0
0
0
0.00377667
0
0
0.00562333
0.00610333
0.01539
0.000523333
0
0
0.03228
0.000583333
0
0
0
0.02141
0.0226367
0.02463
0
0
9.33333e-05
0
0
0.000183333
0.0323067
0.00908
0
0
9.33333e-05
0
0
0.00141667
0.0305833
0
0
9.33333e-05
0.01984
0.00129
0.00499
0.00923667
0.00266
0.0285833
0.0415033
0
0.04321
0.000113333
0
0
0
0.05549
0.0443
0
0
0
0
0
0
0
0
0.0176467
0.0103867
0
0
0
0
0
0.0182233
0.0248933
0.02869
0
0
0
0
0
0
0.00183
0
0
0.00216
0
0.000183333
0
0
0.00148667
0.000116667
0.00733333
0.0268967
0.02422
0
0.03636
0.00116
0.0432267
0.00184333
0
0
0
0.000843333
0.0221167
0.0288333
0.00390333
0.0264267
0
0.000116667
0
0
0.0001
0.0100233
0.0287467
0.0275667
0.00593
0
0
0
0.00908333
0.000126667
0
0
0
0.000163333
0.000163333
0.00615333
0
0
0
0.000333333
0
0
0.00114667
0
0
0.000496667
0.000703333
0
0.00017
0.000163333
0.01527
0.00927
0
0.0001
0.01591
0
0
0.00046
0.000623333
0.000546667
0
0.0001
0.00551333
0.00683667
0.01039
0.000963333
0.0096
0.00578333
0.000956667
0.00088
0.000546667
0
0.00185333
0.01887
0.00433333
0.000126667
0
0
0.000246667
0
0
0.00046
0.000806667
0.000156667
0
0.0116633
0.00152667
0.00712
0.01914
0
0
0
0.00763
0.000203333
0.00017
0.00173
0.00224333
0.0239533
0.00072
0.00012
0.0179533
0.03777
0.0123633
0
0.00118333
0.000103333
0.00162667
0
0
0.0455067
0.00079
0
0
0
0
0.00612333
0.00487333
0.0175667
0.00848
0.000103333
0.00333667
0.0337267
0.00861667
0
0
0.02017
0.0277733
0
0.00017
0.00712333
0.0380667
0.00125
0.01021
0
0.0472267
0.00118333
0
0.000103333
0.0225167
0.00019
0
0.00115
0.01111
0
0
0
0
0.00125
0
0
0.0690667
0.0777133
0.0139567
0.02312
0.00238333
0
0
0.01213
0.04238
0
0
0.01433
0
0
0
0
0.00148667
0.03381
0.00142333
0.02043
0.03764
0.01705
0
0.00744667
0.0483367
0.07896
0
0
0.0801533
0.04894
0.0338233
0.00219333
0
0
0.000506667
0.0304633
0.01872
0.0213867
0.00536667
0
0.00024
0.00051
0
0.01969
0.06096
0
0
0.000506667
0.00328333
0.00626333
0.000966667
0.00363333
0.00328333
0
0
0
0.06467
0.04616
0.0528
0.0203133
0.00700333
0.00011
0
0.00883667
0.0293167
0.0293733
0.000506667
0.000506667
0
0
0
0.00024
0.0165433
0
0
0.00046
0.00339
0.00051
0.0295567
0.00011
0
0
0.000233333
0.000233333
0.00830333
0.00011
0.06521
9.33333e-05
0
0.00290667
0.00149667
0.0111667
0.0098
0.00536333
0.01523
0.0509767
0
0
0
0
0.000376667
0.00164333
0.00098
0
9.33333e-05
9.33333e-05
0
0.00061
0.00498667
0.00861
0.00113667
0
0.00498667
0.00222333
0.0151933
0
0.01294
0.02755
0.0300367
0.00035
0
0.0679533
0.00238667
0
0
0
0.000376667
0.01329
0.00194
0.0120767
0.00351333
0.0508767
0.07232
0.000766667
0.00390333
0
0
0.00498667
0.0469467
0.00454
0
0.0249233
0
0.000126667
0.00498
0.0843767
0.0550667
0
0.000673333
0.00228333
0
0
0.0809267
0.01937
0.00247333
0.000226667
0.0304833
0.0533867
0.0541
0.0323167
0.03921
0.0205833
0.03961
0.0602133
0.00039
0.000673333
0.0201
0.00149667
0.00118667
0.00355333
0.00142
0.00122333
0.09607
0.0530567
0.00129
0.00219
0.0391767
0.104673
0.000566667
0.00484667
0.00141667
0.000226667
0.08025
0.00797333
0.00573
0.00224
0.0151833
0.0195167
0.00954333
0.00832
0.00961
0.11389
0.00151667
0.10365
0.02303
0
0
0
0.00136
0.00173667
0.00175333
0.0921367
0.00712667
0.0943267
0.16277
0.0867733
0.0135467
0.0101967
0.00434667
0.00327
0.04378
0.00298667
0
0.00143667
0.07367
0.00053
0.00301
0.02511
0.000576667
0.000576667
0.169283
0.107753
0.00444667
0.02898
0.209537
0.110493
0.0021
0.00462333
0.0170367
0.04304
0.0748467
0.0603167
0.189797
0.0472633
0
0.00193667
0.0317833
0.0283133
0.0403733
0.0116167
0.0130067
0.00349333
0.0755133
0.06431
0.0244167
0.00429667
0.00435
0.0750567
0.00697
0.0031
0.02677
0.0718667
0.114187
0.145687
0
0
0.0378433
0.00261333
0.00314333
0.135867
0.159003
0.153897
0.0391667
0.0409433
0.0294833
0.15412
0.217243
0.19532
0.0109133
0.05664
0.0651633
0.0522433
0.06967
0.0217233
0.0151367
0.0213967
0.0151533
0.01921
0.112757
0.0487833
0.0201
0.01517
0.0435333
0.209033
0.00850667
0.00174
0.0452233
0.0556767
0.0692333
0.0439867
0.0219533
0.04198
0.0596433
0.0977767
0.02003
0.04402
0.0630567
0.0352867
0.0345533
0.02058
0.0052
0.0227167
0.32486
0.15976
0.01953
0.0351533
0.07292
0.106823
0.00116333
0.0292867
0.0377567
0.128303
0.273
0.0129767
0.00298667
0.00343333
0.1325
0.0155967
0
0.00082
0.0108767
0.0387833
0.03403
0.105647
0.02921
0.334063
0.248037
0.15671
0.05753
0.0566067
0.0738833
0.0663533
0.05257
0.0622733
0.169227
0.232367
0.02868
0.0483367
0.0372967
0.01039
0.0373233
0.0387733
0.07644
0.0366933
0.355613
0.210363
0.04566
0.0670867
0.115993
0.35922
0.27848
0.230403
0.0273367
0.00116333
0.08169
0.342593
0.346273
0.2883
0.00082
0.03076
0.0341133
0.23341
0.0354867
0.06784
0.0109733
0.0615767
0.00826333
0.478643
0.0356567
0.0427467
0.0469433
0.217927
0.05698
0.0873933
0.0695233
0.05217
0.0217833
0.0545033
0.0841267
0.16705
0.179097
0.0590833
0.0474633
0.04094
0.146413
0.118123
0.0214167
0.213683
0.0941167
0.247507
0.184013
0.26038
0.00860667
0.0865933
0.134983
0.194977
0.15887
0.13486
0.10124
0.16494
0.112863
0.310263
0.268607
0.100823
0.09316
0.299903
0.01904
0.0034
0.0534567
0.0965067
0.11663
0.237453
0.184103
0.10167
0.115953
0.129163
0.290003
0.24067
0.31686
0.10519
0.00122333
0.00130667
0.0502733
0.143183
0.07973
0.0436567
0.0387067
0.0705633
0.215157
0.0126833
0.02724
0.0299567
0.05113
0.0400433
0.0296967
0.03983
0.0389433
0.0352967
0.20713
0.0406233
0.0511833
0.21045
0.33243
0.22389
0.1956
0.1508
0.0656767
0.15166
0.219377
0.294753
0.0566033
0.0576367
0.158263
0.25598
0.0527867
0.0847867
0.0709733
0.0926533
0.11855
0.107093
0.132967
0.41622
0.0976167
0.107403
0.181957
0.305207
0.195273
0.277533
0.292897
0.47132
