0.131827
0.166047
0.125753
0.142037
0.09918
0.09572
0.11126
0.10567
0.154867
0.120307
0.203923
0.184877
0.155133
0.176727
0.102657
0.119213
0.10111
0.08748
0.09628
0.0609733
0.0183433
0.00581667
0.000823333
0.0159567
0.02799
0.04293
0.0432567
0.069
0.08188
0.0248067
0.00735333
0.00511
0.000536667
0.00031
0
8.33333e-05
0.0219567
0.0548533
0.0512467
0.0708733
0.04583
0.0404867
0.0391933
0.0613133
0.0514267
0.0694133
0.0387467
0.06491
0.0428067
0.06151
0.05327
0.0259033
0.122483
0.14639
0.144683
0.100057
0.09618
0.05854
0.0800267
0.0671167
0.097
0.05632
0.0468733
0.0324667
0.0368767
0.0112667
0.0252533
0.00061
0.00653333
0
0
0.000823333
0
0.0119667
0.00256
0.0479533
0.0290233
0.0808533
0.0601333
0.0993
0.00696667
0.0453767
0.00031
0.00239333
0
0
0
0
0
0
8.33333e-05
0.0146267
0.00220667
0.07779
0.0469333
0.10982
0.11233
0.115497
0.0889967
0.0436967
0.0338233
0.0524533
0.06507
0.07779
0.0628033
0.0348233
0.0318733
0.0168633
0.0169667
0.0788467
0.04907
0.0595733
0.0252433
0.00124
0.0143767
0.00061
0.00108333
0.00061
0
0
0
0
0.00132667
0.000823333
0.00705333
0.0156033
0.0190867
0.0199433
0.0248333
0.00822333
0.000226667
0.00278
0
0.000226667
0
0
0
0
0
0
0
8.33333e-05
8.33333e-05
0.0122233
0.00953667
0.03828
0.0452033
0.07041
0.0473833
0.0129633
0.00569333
0.00817333
0.00538333
0.0155767
0.0168667
0.0224967
0.0188233
0.0173367
0.0383367
0.0351167
0.0221933
0.00759667
0.00167333
0
0
0
0
0.00173667
0.00798333
0.0258633
0.0400433
0.0553833
0.05342
0.0766167
0.0604767
0.0507467
0.0804867
0.0678033
0.06974
0.0617033
0.0353533
0.03536
0.0456367
0.0670733
0.05086
0.04299
0.00436333
0.00217667
9.33333e-05
0
0
0
0
0
0
0.000356667
0.00248
0.03487
0.0459167
0.09001
0.0767467
0.0997233
0.0360833
0.0480833
0.05069
0.04791
0.02982
0.0349067
0.0362067
0.0195867
0.0334767
0.0413867
0.07053
0.0235967
0.0330067
0.0256
0.0308667
0.03106
0.02658
0.00308667
0.0128333
0.0286067
0.0233933
0.00935333
0.00576
0.0200833
0.04403
0.0235067
0.02879
0.01905
0.0336067
0.0614433
0.04777
0.0267567
0.0368267
0.0311467
0.0214667
0.0254933
0.0121867
0.0128567
0.02413
0.0211367
0.0399733
0.0170267
0.0128
0.00146
0.000766667
0
0
0
0
0
0
0
0.000503333
0.000503333
0.00274667
0.00254667
0.0105133
0.00889333
0.00927
0.00137667
0.00186667
0.00339333
0.00714667
0.01962
0.02412
0.0256233
0.0124733
0.00652
0.00085
0
0
0
0
0
0
0
0
0
0
0
8.66667e-05
0.00285667
0.00538667
0.0319733
0.0287333
0.0135233
0.00946333
0.0035
0.0108933
0.00977333
0.0105967
0.0245633
0.0170933
0.00249667
0.00167333
0
0
0
0
0.00117
0.00741667
0.0144733
0.02922
0.0323233
0.0411833
0.0307133
0.0166167
0.0134533
0.00844667
0.0330567
0.0272033
0.0348867
0.00845667
0.0265233
0.0189633
0.0373633
0.0289167
0.01214
0.00228
9.33333e-05
9.33333e-05
0
0
0
0
0
0
0.000356667
0.000476667
0.0136467
0.01385
0.0328567
0.0579667
0.0552733
0.0690133
0.0424367
0.03123
0.0238033
0.0163667
0.0183567
0.00702
0.00169667
0.0022
0.00133333
0.0168533
0.00794667
0.0246967
0.00937333
0.0161533
0.00484667
0.000436667
0
0.000646667
0.0274267
0.02346
0.0101767
0.000646667
0.000646667
0.00544
0.00539667
0.00120333
0.00174667
0
0.00295
0.00172667
0.00662667
0.00112333
0.00515333
0.000436667
0.00123333
0.000436667
0
0.00741333
0.00667333
0.00752667
0.00320333
0.00991
0.00899667
0.03181
0.02655
0.0305633
0.00588333
0.00089
0.000693333
0
0
0
0
0
0
0
0
0
0
0.000303333
0.000926667
0.00836
0.01369
0.00663333
0.00680333
0.00202
0.0177833
0.0309333
0.03682
0.02701
0.01418
0.00797333
0.00202
0.00117
0
0
0
0
0
0
0
0
0
0
8.66667e-05
0.00261667
0.00831333
0.0238233
0.0323133
0.04494
0.0450633
0.0417767
0.0295133
0.01615
0.00708
0.0123333
0.02723
0.0306867
0.0326267
0.01935
0.0174733
0.01002
0.00421
0.00175
0.00063
0.0106133
0.01005
0.0200033
0.0221367
0.0203867
0.02292
0.00812333
0.00899667
0.00955333
0.00777667
0.0119833
0.00476667
0.00441
0
0
0.0196867
0.0281767
0.0182333
0.0240667
0.0231433
0.0100733
0.00868667
0.00389333
0.02139
0.03254
0.00626
0.01555
0.0264067
0.0291167
0.0106633
0.0108167
0.00475333
0.0135
0
0.000743333
0
0.00661
0.00553667
0.0130833
0.000543333
0
0.00122333
0.00226333
0.00200333
0.00248667
0.00455
0.00441333
0.00408333
0.00196
0.00306333
0.00692333
0.00519
0.00604333
0.0131
0.00655667
0.01189
0.0266267
0.0268167
0.03664
0.03235
0.0373633
0.0358933
0.0269433
0.02032
0.00663333
0.00259667
0.000326667
0.000326667
0
0.00992667
0.00964
0.00565
0.00516
0.00175333
0.00709
0.0223333
0.03722
0.03916
0.0293767
0.0161
0.00926333
0.00331
0.00085
0.00063
0.00063
0.00145333
0.000823333
0.000823333
0
0
0
0
0
0.00117
0.00127
0.00832667
0.00747667
0.0167267
0.01052
0.01202
0.00267
0.00226
0.00044
0.000773333
0.000333333
0.000333333
0
0.000563333
0.000563333
0.00066
9.66667e-05
9.66667e-05
0
0
0
0
0
0
0
0
0
0.00012
0.00012
0.00068
0.00056
0.000876667
0.00301
0.00269333
0.00395333
0.00126
0.00289667
0.00163667
0.00377
0.00233667
0.00056
0.000356667
0
0
0.000176667
0.00342333
0.0167733
0.0144167
0.0184133
0
0
0.00615667
0.000303333
0.0107
0.03192
0.0312833
0.0279533
0.01968
0.0284267
0.0234167
0.000693333
0
0.00798
0.006
0
0
0
0.000406667
0.000406667
0.00137333
0.00892667
0.00844667
0.0153567
0.0106033
0.00391333
0.000966667
0.000966667
0.00152667
0.00110333
0.000543333
0.000543333
0
0
0.000353333
0
0.00229
0.01019
0.0029
0.0244733
0.0113567
0.0174033
0.00347667
0.000373333
0.00208333
0.00193
0.00193
0.000196667
0.000196667
0.000196667
0
0
0
0
0
0
0
0
0
0
0.00595333
0.0113733
0.0207233
0.0218267
0.0304067
0.02701
0.0253733
0.0122233
0.00712
0.0174633
0.0169333
0.02314
0.00747667
0.00832667
0.00127
0.00117
0
0
0
0
0
0
0
0
0
0
0
0.00127667
0.000773333
0.00786667
0.00661
0.0133367
0.02231
0.0192233
0.0365933
0.0339667
0.0338
0.0243167
0.0111533
0.00488667
0.000523333
0.000523333
0
0
0
0
0.000743333
0.00181667
0.00314667
0.00508333
0.01202
0.000616667
0.00264667
0.0112033
0.00377
0.00556667
0.01188
0.000113333
0.000613333
0.00967333
0.00277333
0
0.0005
0
0
0
0
0
0
0.00483
0.00278667
0.0191867
0.0428933
0.0969033
0.19809
0.000606667
0.00515
0.00484667
0.00552667
0.00139333
0.00041
0.00126
0.00127
0.0170067
0.0215767
0.02711
0.0122233
0.00765333
0.0017
0.00085
0
0
0
0
0
0
0
0
0
0
0
0.0001
0.0001
0.00042
0.00032
0.00117
0.00085
0.00085
0
0
0
0
0
0
0
0
0
0
0
0
0
0
0
0
0
0
0
0
0
0
0
0
0
0
0
0
0
0
0
0.000203333
0.000203333
0.000203333
0
0
0
0
0.00567333
0.0141667
0.0122933
0.0279333
0.0116967
0.00112333
0.00854667
0.00043
0.0101967
0.0256333
0.00608
0.0085
0.00460333
0.00107
0.000256667
0.00111333
9e-05
0.000783333
0.00112
0.000813333
0.00162667
0.000813333
0
0
0
0
0
0
0
0
0
0
0
0
0.000353333
0.0149267
0.0199867
0.000846667
0.00022
0
0
0
0
0
0
0
0
0
0
0
0
0
0
0
0.00595333
0.00765667
0.0170067
0.0164733
0.02877
0.0223267
0.0223267
0.00832667
0.00627
0.00085
0.00117
0.00032
0.00042
0.0001
0.0001
0
0
0
0
0
0
0.0001
0.0001
0.00121333
0.00111333
0.00111333
0
0
0.000503333
0.0231633
0.02197
0.00976667
0.00724
0.000973333
0.000523333
0.000523333
0
0
0
0
0.00107333
0.00107333
0.00171
0.000943333
0.03551
0.0335
0.02617
0.0221833
0.000976667
0.0161933
0.0285367
0
0.0100567
0.01282
0
0.000976667
0.01006
0.00295333
0
0
0.000996667
0.0005
0
0
0.00115667
0
0
0
0
0
0
0
0
0
0
0
0
0
0
0
0
0
0
0
0
0
0.00388667
0.00239333
0.00171333
0.00410667
0.00270333
0.00204333
0.00101
0.00379667
0.0277067
0.02345
0.0297333
0.0475833
0.0178467
0.01706
0.0166733
0.0414133
0.0926267
0.0739833
0.41862
0.197383
0.233177
0.37872
0.15417
0.38169
0.464233
0.00852
0.00109667
0.000666667
0
0.000303333
0.000303333
0
0.000176667
0.000176667
0.000176667
0.00106667
0.0015
0.00061
0.00291
0.0264667
0.0291767
0.0145033
0.00718
0.0164667
0.0224267
0.0256633
0.02526
0.00586
0.00051
0.00110333
0.00360667
0.00506
0.00965
0.00335333
0.00446667
0.00493333
0.00163
0.00526333
0.00137667
0.00116333
0.00200667
0.00116333
0.000843333
0.00200333
0.00104667
9e-05
0
0
0
0
0
0
0
0
0
0
0
0.00628333
0.00100333
0.00663667
0.00606333
0.00054
0.00859
0.00663
0.00396667
0
0.000306667
0.000306667
0.000406667
0.000406667
0.0001
0
0.00054
0.00942667
0
0
0
0
0
0
0
0
0
0
0.00115667
0
0
0
0
0
0
0
0
0
0
0
0
0
0
0
0
0
0
0
0.00149333
0.00167667
0.00171333
0
0.00066
0.00066
0.00151333
0.000503333
0.00832667
0.0203533
0.04359
0.0179633
0.00349
0.01439
0.0807733
0.15586
0.308053
0.431517
0.327597
0.157687
0.681607
0.722663
0.499163
0.409817
0.66985
0.73117
0.672443
0.02584
0.0264467
0.01287
0.00877
0.00134667
0.000666667
0
0
0
0
0
0
0
0.00042
0.00042
0.00584
0.00542
0.00627
0.00085
0.00085
0
0
0
0
0
0
0
0
0
0
0
0
0
0
0
0
0
0
0
0
0
0
0
0
0
0
0
0
0
0
0
0
0
0
0
0
0
0
0
0
0
0
0
0
0
0
0
0
0
0
0
0
0
0
0
0
0
0
0
0
0
0
0
0.000176667
0.00247667
0.0103933
0.00217
0.000846667
0.000506667
0.00448667
0.000426667
0.0118767
0.00724333
0.0186933
0.00758667
0.01844
0.0213067
0.01984
0
0.000533333
0
0.000876667
0.000843333
0.00111333
0.00111333
0.00586667
0.00393667
0.00886
0.00675667
0.00737
0.00180667
0.00085
0
0
0
0
0
0
0
0
0
0
0
0
0
0
0.00565667
0.00672667
0.000376667
0.000376667
0
0
0
0
0
0
0
0
0.00357667
0.00357667
0.00985667
0.00628
0.00672667
0.000446667
0.00427
0.00382333
0.0122333
0.0101133
0.0177367
0.0147467
0.0139533
0.00923667
0.00581333
0.00490333
0.00244333
0.000446667
0.000446667
0
0
0
0.000363333
0.000363333
0.000363333
0
0
0
0.00117
0.00127
0.01527
0.0152133
0.0307467
0.02227
0.0265533
0.01146
0.00155667
0.00109
0.000466667
0.000916667
0.00045
0.00045
0
0
0
0
0
0
0
0
0
0
0.00032
0.00042
0.00042
0.00573333
0.00657667
0.00742
0.0208667
0.00593667
0.00607333
0.00475333
0.00149
0.0216967
0.0160367
0.000676667
0.000676667
0.00389
0.00379333
0.00837
0.00766333
0
0.000626667
0.00126333
0.00013
0.0315433
0.0255333
0.0128
0.01842
0.0919633
0.139517
0.0458
0.108997
0.0471833
0.208557
0.445687
0.266983
0.273297
0.227537
0.07141
0.642397
0.581723
0.463277
0.56812
0.00734
0.01373
0.01168
0.01635
0.0102133
0.00809333
0.00804667
0.00962333
0.00170667
0.00013
0.000253333
0.0118933
0.0256133
0.0355933
0.0415067
0
0
0
0.000426667
0.0323
0.02166
0.02568
0.0126267
0
0
0
0
0.00475333
0.00808667
0.00333333
0.00385333
0
0.00095
0.00148333
0.00454333
0.02341
0.0213067
0.0167
0.0017
0.00085
0
0
0
0
0
0.00144667
0.00144667
0
0
0
0
0
0
0.00808667
0.0116633
0.02752
0.0324467
0.02287
0.01974
0.0156933
0.00650333
0.0250533
0.03123
0.0458133
0.03444
0.02694
0.03982
0.0344267
0.01592
0.0207367
0.00866667
0.00338667
0.00139
0.00119
0.000246667
0.00462
0.00836333
0.00435333
0.00827667
0.00428667
0.00467333
0.00075
0.0436333
0.02618
0.0347833
0.0112233
0
0
0
0
0
0.0197333
0.0202567
0.0165367
0.00253667
0.00169333
0
0
0.00675
0.00135333
0.0004
0
0
0
0.00224
0.000676667
0
0.00053
0.0004
0
0
0.000556667
0.000793333
0
0
0
0.000106667
0.000106667
0
0
0.00013
0.00013
0
0
0
0
0
0
0
0
0
0
0
0
0
0
0
0
0.000183333
0.000183333
0
0
0
0
0.000503333
0
0.0180233
0.02453
0.0159733
0.00669
0.00997
0.0149533
0.00554333
0.08098
0.126337
0.06322
0.0339533
0.154643
0.264117
0.280313
0.143287
0.295623
0.271097
0.239417
0.227183
0.384773
0.60828
0
0.000426667
0.000426667
0.000523333
9.66667e-05
0.00486333
0.00544
0.00544
0.00544667
0.00068
0
0
0
0
0
0
0
0
0
0
0
0
0
0
0
0
0
0
0
0
0
0
0
0
0
0
0
0
0
0
0
0
0
0
0
0
0
0
0.00170333
0.00170333
0.00712333
0.00542
0.00832667
0.00290667
0.00290667
0
0
0
0
0
0
0
0
0
0
0
0
0
0
0
0
0
0
0
0
0
0
0
0
0
0
0
0
0
0
0
0
0.000176667
0.000176667
0.000176667
0
0.00013
0.00013
0.00013
0.000706667
0.00836667
0.0114567
0.0249633
0.0363067
0
0.00968333
0.00091
0.00106333
0.00052
0.00119333
0.00013
0.00052
0
0.00222
0.00528
0.0192233
0.0211633
0.00712
0.00255
0.0017
0.00085
0
0
0
0
0.000213333
0.000213333
0.000213333
0
0
0
0
0
0
0
0
0
0
0
0
0
0
0
0
0
0
0
0
0.0169567
0.0328667
0.0398533
0.0557433
0.0528467
0.05307
0.0313267
0.0266233
0.02954
0.0614
0.0714967
0.09134
0.0834767
0.06514
0.0708567
0.05764
0.0428633
0.0386533
0.0154733
0.01043
0.00187333
0.00597333
0.00966333
0.0243233
0.02327
0.0280467
0.0170633
0.0138233
0.0009
0.00015
0.00117
0.00703
0.02103
0.03386
0.02689
0.02618
0.00646333
0.0128167
0.00132667
0.00131333
0.00114
0.00069
0.00045
0.0009
0.00045
0.00045
0
0
0
0
0
0
0
0
0
0
0
0.00085
0.00117
0.0169333
0.0300833
0.0351833
0.0211133
0.00796333
0.00254333
0.00085
0
0
0.00016
0.00016
0.00160667
0.000676667
0
0
0
0.00016
0.000503333
0.00195
0
0
0
0.000343333
0
0
0
0
0
0
0
0
0.01077
0.00578667
0.0660967
0.0347
0.102613
0.0762
0
0
0
0
0
0
0
0.000673333
0.000673333
0.000673333
0
0
0
0
0
0
0
0
0
0
0
0
0
0
0
0
0
0
0
0
0
0
0
0
0
0
0
0
0
0
0
0
0
0
0
0
0
0
0.00085
0.00255333
0.00850667
0.0130767
0.0271367
0.02409
0.02409
0.00832667
0.00542
0
0
0
0
0
0
0
0
0
0
0
0
0
0
0
0
0
0
0
0
0
0
0
0
0
0
0
0
0
0
0
0
0
0
0
0
0
0
0
0
0.000453333
0.00379667
0.0176933
0.0231233
0.0101367
0.0101367
0.00136333
0.00039
0.00385
0.00163667
0.00163667
0
0.00039
0
0
0
0.0027
0
0.0209567
0.005
0.0210433
0.00349333
0.03252
0.05663
0.0437233
0.0669367
0.0616633
0.0449367
0.06124
0.0198367
0.0320633
0.0404967
0.0707367
0.09272
0.101267
0.07095
0.0906167
0.0576
0.0695267
0.0534367
0.0479367
0.0259533
0.0113433
0.0116267
0.0142467
0.0382333
0.0561433
0.04462
0.0348667
0.0406233
0
0
0
0
0.00375333
0.00145333
0.00132333
0
0.00085
0.00212
0.00754
0.0266433
0.0361167
0.0394533
0.02492
0.0112967
0.00754
0.00212
0.00085
0
0
0.000186667
0.000186667
0.0004
0.00404667
0.00728
0.00363333
0.00342
0.00342
0
0
0
0
0
0
0
0
0
0
0
0
0.000106667
0.00481333
0.00470667
0.0135767
0.01905
0.01068
0.00168
0.00093
0.00015
0
0.000766667
0.00662667
0.0120767
0.01834
0.0132567
0.00844333
0.00565333
0.00556667
0.01225
0.00846
0.00822
0.00045
0
0
0
0
0
0
0
0
0
0
0
0
0
0.00085
0.00255333
0.0183167
0.0203733
0.02409
0.00874667
0.00669
0.00127
0.00085
0
0
0
0
0
0
0
0
0
0.00334333
0.00373333
0
0.00221333
0
0.000196667
0.00686
0.000296667
0.0172533
0.0297133
0
0
0
0
0
0
0
0
0
0
0
0.00164667
0.000106667
0.0138333
0.00635333
0.0312367
0.0370867
0.0452667
0.0564867
0.0587267
0.04551
0.03332
0.0324333
0.0151033
0.00941333
0.03417
0.04406
0.0676233
0.0449767
0.0504067
0.0391633
0.0277
0.0370233
0.0262967
0.0207267
0.0116667
0.01661
0.0342033
0.0529233
0.05741
0.0542433
0.0344
0.0305433
0.0146067
0.00141
0.01056
0
0.00078
0
0.000766667
0.000766667
0.00621667
0.00676667
0.00980333
0.00754333
0.02594
0.0127267
0.0001
0.02073
0.00132333
0
0.00085
0.0402167
0.0215333
0
0
0.000186667
0.0199533
0.02301
0.0111067
0.00440333
0.00160333
0.00062
0.00062
0
0.02555
0.0286067
0.0150667
0.00885333
0.00155667
0.00045
0
0
0
0
0
0
0
0
0.000183333
0.000183333
0
0
0
0
0
0
0
0
0
0
0
0
0
0
0
0
0
0
0
0
0
0
0
0
0
0
0
0
0
0
0
0
0
0
0
0
0
0
0
0
0
0
0
0
0
0
0
0
0
0
0
0
0
0
0
0
0.00085
0.00375667
0.00971
0.0159167
0.0287733
0.0287733
0.0271367
0.0113733
0.00542
0
0
0
0
0
0
0
0
0
0
0
0
0
0
0
0
0
0
0
0
0
0
0
0
0
0
0
0
0
0
0
0
0
0
0
0
0
0
0
0
0
0
0
0.00039
0.00039
0.00136333
0.000973333
0.000973333
0
0
0
0
0
0.00021
0
0
0.000406667
0.00304667
0.00464667
0.00464667
0.00571
0.00317
0.0104267
0.02082
0.0400333
0.02513
0.03335
0.00627
0.0123533
0.00124
0.00222333
0
0.00062
0
0
0
0
0
0
0
0
0
0
0
0.00024
0.00178
0.00936667
0.0183833
0.0318133
0.0228067
0.0258767
0.0136867
0.00528
0.00373
0.00556
0.00275333
0.0164967
0.01572
0.0206367
0.00781333
0.0143167
0.00906667
0.0117233
0.00416667
0.00968
0.01205
0.03163
0.02946
0.03652
0.0216133
0.00561667
0.00079
0.00063
0
0
0
0
0
0
0.00131667
0.00650667
0.0142167
0.0211067
0.0299067
0.0362667
0.0276933
0.0353567
0.00805333
0.01473
0.00062
0.00172667
0
0
0.00037
0.00324333
0.0190067
0.01987
0.0341433
0.02431
0.01899
0.00188333
0.00132333
0
0
0
0.00085
0.00085
0.00627
0.0119433
0.0318967
0.0421333
0.0254033
0.0106467
0.00217
0.0009
0
0
0.000186667
0.00096
0.0143467
0.01722
0.02992
0
0
0
0
0
0
0
0.000183333
0.00425667
0.00598
0.00368667
0.00178
0.00221
0.00043
0.00043
0.00170333
0.00170333
0.00461
0.00290667
0.00332667
0.00042
0.00042
0
0
0
0
0
0
0
0.00027
0
0
0
0
0.000323333
0.000813333
0
0
0.00334
0.0170267
0
0
0.0302533
0.01923
0
0.00578
0
0
0
0.00486333
0.000773333
0.0220433
0.01825
0.0317133
0.0235933
0.0224333
0.0218333
0.00869333
0.00402667
0.00062
0
0
0
0
0
0
0
0
0.00024
0.000373333
0.01093
0.01618
0.00871333
0.00509333
0.000266667
0.00016
0
0
0
0
0
0
0
0
0.00519
0.0133967
0.02866
0.0232267
0.02317
0.00940333
0.00725
0.000923333
0.00062
0
0
0
0
0
0
0
0.00074
0
0.00809333
0.02154
0.00578
0.00861333
0
0.00652333
0.01214
0.0266667
0.0367067
0.03866
0.01589
0.00815667
0.00164333
0.0009
0
0.000923333
0.00958
0.0129133
0.02244
0.01569
0.0133967
0.00789333
0.0113433
0.00566
0
0.00073
0.001
0.00595
0
0
0
0
0
0
0
0
0
0
0
0
0
0
0
0
0
0
0
0
0
0
0
0
0
0
0
0
0
0
0
0
0
0
0
0
0
0
0
0
0
0
0
0
0
0
0
0
0
0
0
0
0
0
0
0
0.00290667
0.00290667
0.00996333
0.00705667
0.01301
0.00595333
0.00595333
0
0
0
0
0
0
0
0
0
0
0
0
0
0
0
0
0
0
0
0
0
0
0
0
0
0
0
0
0
0
0
0
0
0
0
0
0
0
0
0
0
0
0
0
0
0
0
0
0
0
0
0
0
0
0
0.000113333
0.00109333
0.00191667
0
0
0.0153233
0.0205333
0
0
0.0328567
0.0408733
0
0
0.02523
0.00737333
0.0135933
0.000293333
0.00103667
0
0
0
0
0.00409
0.00454667
0.00911333
0.01029
0.00912
0.00399667
0.00355
0.00340667
0
0
0
0
0
0
0
0
0
0
0
0
0
0.000133333
0.00562333
0.00549
0.00549
0.00704
0.00155
0.00170333
0.000153333
0.000153333
0
0.00077
0.00077
0.00197667
0.00120667
0.00212667
0.00092
0.00135667
0.000436667
0.00059
0.000153333
0.0061
0.00594667
0.00972667
0.00378
0.00388667
0.000106667
0.000106667
0
0
0
0
0
0
0
0
0.00820667
0.00914333
0.0155267
0.0100933
0.00380333
0.00317
0.000396667
0.000303333
0
0
0
0
0
0
0
0.00074
0.00709
0.0315267
0.0157467
0.0423967
0.0348867
0.0330367
0.0413467
0
0
0.00293
0.00957333
0.00674
0.00664333
0.00720333
0.00074
0.00074
0.00018
0.000736667
0.000556667
0.000556667
0.0331533
0.0399167
0.0353833
0.02737
0.0276567
0.0282933
0.01781
0.0256933
0.0205767
0.0225133
0.01285
0.01055
0.00940333
0.00647333
0.0078
0.00132667
0.00132667
0
0
0
0
0
0
0
0
0
0.00073
0.00215
0.0071
0.02074
0
0
0
0
0
0
0
0
0
0
0
0
0
0
0
0
0
0
0
0
0
0
0
0
0
0
0
0
0
0
0
0
0
0
0
0
0
0
0
0
0
0
0
0
0
0
0
0
0
0
0
0
0
0
0
0
0
0
0
0
0
0
0
0
0
0
0
0
0
0
0
0
0
0
0
0
0
0
0
0
0
0
0
0
0
0
0
0
0
0
0
0
0
0
0
0
0
0
0
0
0
0
0
0
0
0
0
0
0
0
0
0
0
0
0
0
0
0
0
0.000113333
0.000603333
0.00049
0.00142667
0.00214667
0.00110667
0
0.00784667
0.01162
0.00110667
0.02367
0.00110667
0
0.0184667
0.01869
0.02819
0.0222267
0.01056
0.00723333
0.00681333
0.000476667
0.000183333
0
0
0.000456667
0.000456667
0.00572333
0.00571333
0.00059
0.000143333
0.000143333
0
0
0
0
0
0
0
0
0
0
0
0
0
0
0
0
0
0
0
0
0
0
0
0
0
0
0
0
0
0
0
0
0
0
0
0
0
0
0
0
0
0
0
0
0
0
0
0
0
0.000936667
0.000936667
0.00103
9.33333e-05
9.33333e-05
0
0
0
0
0
0
0
0.00736333
0.01407
0.0295767
0.0293433
0.0388033
0.03243
0.0312933
0.03666
0.0358233
0.03081
0.0319367
0.0222767
0
0
0
0
9.66667e-05
0.00019
0.00019
9.66667e-05
0
0
0.00018
0.00355333
0.00411
0.00409
0.00718333
0.00630667
0.00827333
0.0212833
0.0326433
0.0297667
0.0173367
0.02315
0.0228367
0.0346967
0.02259
0.01744
0.00265
0.00132333
0
0
0
0
0
0
0
0
0.00142
0.00572667
0.0200967
0
0
0
0
0
0
0
0.00121
0.00261667
0.00959667
0.00110667
0.00732667
0.01613
0.0108667
0.00237667
0.0262067
0.0143667
0.0161733
0.00462
0.00803333
0.00569333
0.00324333
0.00360667
0.00691
0.00482333
0.000183333
0
0
0.000446667
0.000446667
0
0.00101333
0.00101333
0.00772
0.0128233
0.01786
0.0186133
0.0278167
0.0237867
0.0322767
0.0275367
0.0212767
0.0282067
0.01152
0.0172267
0.00127
0
0.000193333
0.000193333
0.00142333
0.00132333
0.0100733
0.0237567
0.0176133
0.0177733
0.02865
0.0357633
0.0421233
0.0335333
0.0209567
0.00723667
0.00239333
0.00456
0.00706333
0.000886667
0
0
0
0
0
0
0
0
0
0
0
0
0
0
0
0
0
0
0
0
0
0
0
0
0
0
0
0
0
0
0
0
0
0
0
0
0
0
0
0
0
0
0
0
0
0
0
0
0
0
0
0
0
0
0
0
0
0
0
0
0
0
0
0
0
0
0
0
0
0
0
0
0
0
0
0
0
0
0
0
0
0
0
0
0
0
0
0
0
0
0
0
0
0
0
0
0
0
0
0
0
0
0
0
0
0
0
0
0
0
0
0
0
0
0
0
0
0
0
0
0.0245067
0.00937667
0.0592
0.0307167
0.02859
0.01473
0.02554
0.0434933
0.0352567
0.03761
0.03224
0.0186967
0.01211
0.00335667
0.00183667
0.000806667
0.000813333
0.00152667
0.00111
0.000396667
0.000183333
0
0
0
0
0
0
0
0
0
0
0
0
0
0
0
0
0
0
0
0
0
0
0
0
0
0
0
0
0
0
0
0
0
0
0
0
0
0
0
0
0
0
0
0
0
0
0
0
0
0
0
0
0
0
0
0
0
0
0
0
0
0
0
0
0
0
0
0
0.00611667
0.00611667
0.00771333
0.00159667
0.00846667
0.0129867
0.0126
0.0104033
0.01841
0.0164567
0.02496
0.0264367
0.0476967
0.02031
0.000746667
0.00484667
0.00552333
0.00810333
0.00409667
0.00286667
0.00277333
0
0.00396667
0.0106667
0.0256967
0.0122133
0.00633
0.00148667
0.00107
0
0
0
0
0
0
0
0
0.000253333
0.01055
0.00329
0.00204667
0.00126
0.0001
0.0001
0
0
0
0
0
0
0
0
0
0
0
0
0
0
0
0
0
0
0
0
0
0
0
0
0
0
0
0
0
0
0
0
0
0
0
0
0
0
0
0
0
0
0
0
0
0
0
0
0
0
0
0
0
0
0
0
0
0
0
0
0
0
0
0
0
0
0
0
0
0
0
0
0
0
0
0
0
0
0
0
0
0
0
0
0
0
0
0
0
0
0
0
0
0
0
0
0
0
0
0
0
0
0
0
0
0
0
0
0
0
0
0
0
0
0
0
0
0
0
0.0031
0.00450667
0.0238033
0.0758967
0.0241333
0.01726
0.102687
0.136463
0.0279
0.02511
0.00552
0.0201867
0.0221467
0.0357367
0.0291767
0.0016
0.000206667
0.000213333
0.000213333
0.000213333
0
0
0
0
0
0
0
0
0
0
0
0
0
0
0
0
0
0
0
0
0
0
0
0
0
0
0
0
0
0
0
0
0
0
0
0
0
0
0
0
0
0
0
0
0
0
0
0
0
0
0
0
0
0
0
0
0
0
0
0
0
0
0
0
0
0
0
0
0
0
0
0
0
0
0
0
0.00611667
0.00611667
0.00654
0.00434333
0.00496667
0.00907333
0.00595333
0.01186
0.00839667
0.00221
0.00801333
0.00238667
0.0738133
0.119093
0.0102667
0.00652667
0.00155667
0.00151667
0.00178333
0.00588333
0.00319667
0.00063
0.00417333
0.00123667
0.00082
0
0
0
0
0
0
0
0.00196333
0.00221667
0.0159233
0.0217533
0.05763
0.00987333
0.00815
0.0118633
0.0118867
0.171577
0.01399
0.00541667
0.00054
0.000963333
0.00155333
0.00134667
0.00727333
0.00673
0.00737333
0.0148833
0.00912333
0.00987333
0.00156
0
0
0.00104667
0.00136667
0.00216667
0.00403333
0.00435667
0.00470667
0.00784667
0.00669667
0.17345
0.144577
0.00293333
0.00674667
0.02161
0.0229667
0.0235267
0.00785667
0.00082
0
0
0
0.0975467
0.139213
0.02281
0.0274233
0.0144033
0.0161533
0.00875667
0.00844667
0.00095
0.00085
0
0
0
0
0
0
0
0
0
0
0
0
0
0
0
0
0
0
0
0
0
0
0
0
0
0
0
0
0
0
0
0
0
0
0
0
0
0
0
0
0
0
0
0
0
0
0
0
0
0
0
0
0
0
0
0
0
0
0
0.00117
0.00117
0.00127
0.0001
0.0001
0
0
0
0
0
0
0
0
0
0
0
0
0
0
0
0
0
0
0
0
0
0
0
0
0
0
0
0
0
0
0
0
0
0
0
0
0
0
0
0
0
0
0
0
0
0
0
0
0
0
0
0
0
0
0.0031
0.00356
0.0214633
0.0745033
0.100833
0.0182833
0.117783
0.147933
0.00753667
0.00740333
0.01333
0.00767
0.00301
0.000333333
0
0.00144667
0.000643333
0.00081
0.000166667
0.000166667
0
0
0
0
0
0
0.00042
0.00042
0.00127
0.00085
0.00085
0
0
0
0
0
0
0
0
0
0
0
0
0
0
0
0
0
0
0
0
0
0
0
0.0001
0.0001
0.00052
0.00042
0.00169
0.00127
0.00159
0.00032
0.00032
0
0
0
0
0
0
0
0
0
0
0
0
0
0
0
0
0
0
0
0
0
0
0
0
0
0
0
0
0
0
0
0
0
0
0
0
0
0
0
0
0
0
0
0.00085
0.00117
0.00659
0.00865333
0.00948333
0.0224267
0.0228833
0.00780333
0.02366
0.00263
0.147737
0.00618333
0.00529667
0.000286667
0.00170333
0.00375
0.0198433
0.02442
0.0267467
0.000703333
0.000703333
0
0
0
0
0.00196333
0.00364333
0.01735
0.02764
0.07367
0.0873233
0.130443
0.0557633
0.04908
0.0368933
0.0510933
0.0619933
0.05634
0.03616
0.0690267
0.04448
0.06503
0.0271233
0.0433633
0.100033
0.04391
0.02885
0.0125633
0.02181
0.0157733
0.0118833
0.00478
0.00210333
0
0
0
0.000803333
0.000803333
0.0362867
0.04313
0.0300467
0.0117433
0.0233033
0.01284
0.104043
0.04587
0.00988667
0.00364
0.00284667
0.00038
0.00912667
0.01784
0.01704
0.00372667
0.00302333
0
0
0
0.0464433
0.122193
0.0762733
0.0447533
0.0109133
0.00341667
0.00085
0
0
0
0
0
0
0
0
0
0
0
0
0
0
0
0
0
0
0
0
0
0
0
0
0.00117
0.00117
0.00159
0.00042
0.00042
0
0
0
0
0
0
0
0
0
0.00042
0.00042
0.00042
0
0
0
0
0
0.00085
0.00085
0.00917667
0.00832667
0.0115533
0.00322667
0.00322667
0
0.00170333
0.00170333
0.00967667
0.00797333
0.0230033
0.0162
0.0310367
0.0161067
0.0161067
0.00127
0.00234
0.00117
0.00117
0
0
0
0
0
0
0
0
0
0
0
0
0
0
0
0
0
0
0
0
0
0
0
0
0
0
0
0
0
0.0001
0.0001
0.0001
0
0
0
0
0
0
0
0
0
0
0
0
0
0
0
0
0
0
0
0.00096
0.00142
0.00822333
0.0257933
0.0497067
0.0575633
0.0712533
0.05913
0.119973
0.108263
0.0272433
0.0840167
0.0266733
0.08876
0.04921
0.0435367
0.0835967
0.0534367
0.02782
0.02244
0.00382667
0.00172333
0
0
0
0
0
0
0
0
0
0
0
0
0
0
0
0
0.00705667
0.00747667
0.0214767
0.01527
0.0165533
0.00255333
0.00170333
0
0
0
0
0
0
0
0
0
0
0
0
0
0
0
0.00290667
0.00290667
0.00375667
0.00085
0.00169
0.00084
0.0161767
0.0154367
0.0418267
0.02691
0.05496
0.02984
0.0531567
0.0253267
0.0343567
0.01062
0.01115
0.00085
0.00085
0
0
0
0
0
0
0
0
0
0
0
0
0
0
0
0
0
0
0
0.00290667
0.00290667
0.00407667
0.00117
0.00117
0
0
0
0
0
0
0
0
0
0
0
0
0
0.00042
0.00042
0.00332667
0.00375667
0.0100267
0.01254
0.02278
0.03152
0.0508667
0.05204
0.0860133
0.07036
0.0637133
0.109673
0.0758233
0.0246233
0.0336167
0.01058
0.00471333
0.0144833
0.0126167
0.0384033
0.03296
0.0801233
0.06267
0.0242467
0.0212233
0
0
0
0.00014
0.00182
0.00307667
0.01519
0.02034
0.18907
0.128273
0.12511
0.08751
0.05527
0.00501667
0.00245
0
0
0
0
0
0
0
0
0
0.00117
0.00117
0.00117
0
0.0001
0.0001
0.0001
0
0
0
0
0
0
0
0.00170333
0.00287333
0.0168733
0.01559
0.01559
0.00159
0.00117
0
0
0
0
0
0.00085
0.00085
0.00202
0.00159
0.00201
0.00084
0.00042
0
0
0
0.00085
0.0017
0.00850333
0.01598
0.0361867
0.03261
0.0246033
0.00354667
0.00032
0.00170333
0.0136067
0.02158
0.0349067
0.0380333
0.0652933
0.0651
0.0649067
0.0308433
0.0192
0.00553333
0.01162
0.00842667
0.00767667
0.00042
0.00042
0
0
0
0
0
0
0
0
0
0
0
0
0
0
0
0
0
0
0
0
0
0
0
0.00170333
0.00170333
0.00712333
0.00552
0.00594
0.00052
0.00042
0
0
0
0
0
0
0
0
0
0
0
0
0
0
0
0
0
0
0.00096
0.00776333
0.0145667
0.03798
0.05555
0.103767
0.111613
0.15385
0.11108
0.161903
0.221433
0.1947
0.160083
0.101407
0.15145
0.215343
0.124283
0.11707
0.0862833
0.0602867
0.00172333
0
0
0
0
0
0
0
0
0
0
0
0
0
0
0
0
0.00595333
0.01301
0.0287733
0.03682
0.0357167
0.0216567
0.00765667
0.00170333
0
0
0
0
0
0
0
0
0
0
0
0
0
0
0.00705667
0.00996333
0.0257267
0.01952
0.0206567
0.00573333
0.0419467
0.05324
0.07879
0.0681167
0.11294
0.1147
0.140223
0.1038
0.10315
0.0615367
0.0468767
0.0202267
0.01163
0.00255333
0.00170333
0
0
0
0
0
0
0
0
0
0
0
0
0
0
0
0
0
0.00705667
0.00996333
0.0239633
0.0180767
0.0168733
0.00287333
0.00170333
0
0
0
0
0
0
0
0
0
0
0
0.00117
0.00159
0.00701
0.00874667
0.0223267
0.0231767
0.0360667
0.0331567
0.0769133
0.0858833
0.17348
0.172437
0.23437
0.18726
0.210153
0.144677
0.0338433
0.0395867
0.117303
0.117987
0.22453
0.19211
0.09705
0.0251733
0.00437333
0.000423333
0.00244
0.00215667
0.00887667
0.00811667
0.0288767
0.0289867
0.286117
0.307487
0.207277
0.22064
0.106233
0.0676767
0.0141467
0.0116967
0
0
0
0
0
0
0
0.00170333
0.00287333
0.00993
0.00822667
0.00996333
0.00300667
0.00332667
0.00042
0.00032
0
0
0
0
0
0
0.00170333
0.00712333
0.0211233
0.03342
0.02917
0.0168733
0.00287333
0.00170333
0
0
0
0.00085
0.0017
0.00372333
0.00404333
0.01035
0.00874667
0.0138467
0.00669
0.00627
0
0
0.00085
0.00287333
0.00967667
0.0305433
0.0495767
0.0621933
0.0407967
0.0214433
0.00202333
0.00255333
0.0127533
0.0274633
0.0416433
0.07353
0.0940533
0.132143
0.10319
0.0831867
0.03326
0.0252133
0.01724
0.0286867
0.0223167
0.01538
0.00074
0.00032
0
0
0
0
0
0
0
0
0
0
0
0
0
0.00085
0.00085
0.00095
0.0001
0.0001
0
0.00170333
0.00170333
0.00461
0.00461
0.01088
0.0133933
0.0187467
0.0128967
0.00864667
0.00159
0.00117
0
0
0
0
0
0
0
0
0
0
0
0
0
0
0
0
0
0
0.00680333
0.0100967
0.03447
0.0515533
0.10328
0.14857
0.191293
0.263027
0.276407
0.347663
0.3261
0.29805
0.291837
0.116293
0.199437
0.162847
0.1294
0.307413
0.40671
0.228583
0.0463633
0.00641333
0.00172333
0
0
0
0
0
0
0
0
0
0
0
0
0
0
0
0
0
0.00595333
0.0119067
0.02767
0.0246233
0.0246233
0.00886
0.00595333
0
0
0
0
0
0
0
0
0
0
0
0
0
0
0.00595333
0.01301
0.02701
0.03682
0.0368867
0.02693
0.0407467
0.0706867
0.13132
0.12813
0.16627
0.161753
0.213547
0.190257
0.187817
0.137133
0.108143
0.0595
0.04135
0.02013
0.0110533
0.00170333
0
0
0
0
0
0
0
0
0
0
0
0
0
0
0
0
0.00170333
0.00876
0.0245233
0.03682
0.0351833
0.0211233
0.00712333
0.00170333
0
0
0
0
0
0
0
0
0
0
0
0.00117
0.00287333
0.00829333
0.0229967
0.0352933
0.0448033
0.0447267
0.06953
0.104627
0.188933
0.248817
0.3454
0.331997
0.340213
0.26548
0.0662667
0.0656167
0.0437367
0.02023
0.0185933
0.04208
0.114717
0.17957
0.302783
0.34706
0.21414
0.111187
0.0472
0.0122633
0.0190633
0.01319
0.0320833
0.0280533
0.0469367
0.394563
0.29763
0.20708
0.0915333
0.0380033
0.0263067
0
0
0
0
0
0.00170333
0.00340667
0.01917
0.0245233
0.0298767
0.01702
0.0111333
0.00439667
0.00149
0.00032
0
0
0
0
0
0
0.00032
0.00574
0.00864667
0.0223267
0.01861
0.0174067
0.00340667
0.00170333
0
0
0.00085
0.0017
0.0119033
0.0130767
0.0332833
0.0302367
0.0392667
0.02448
0.0235933
0.01254
0.00917667
0.00290667
0.00375667
0.00287333
0.01152
0.0323867
0.0415967
0.05237
0.0323567
0.0228267
0.00340667
0.00255333
0.00329
0.018
0.0359367
0.0772867
0.126957
0.16129
0.170053
0.120903
0.11654
0.0707767
0.0807067
0.04659
0.0508533
0.0260133
0.0125433
0.00149
0.00127
0.0001
0.0001
0
0
0
0
0
0
0
0
0
0.00085
0.0017
0.00875667
0.00800667
0.00747667
0.00042
0.00117
0.00255333
0.0183167
0.0203733
0.02526
0.0157667
0.02686
0.0273267
0.0304067
0.0175767
0.01052
0.00117
0
0
0
0
0.00085
0.00085
0.00202
0.00117
0.00127
0.0001
0.0001
0
0
0
0
0
0
0
0
0.00329333
0.00615333
0.03004
0.0753267
0.14213
0.206007
0.28418
0.32683
0.376933
0.352477
0.344797
0.39189
0.255463
0.32942
0.253283
0.25198
0.19242
0.15303
0.09793
0.397203
0.342803
0.305897
0.236573
0.12429
0.07514
0.05288
0.01293
0.00469
0
0
0
0
0
0
0
0
0
0
0
0
0
0
0
0
0
0
0.00085
0.00680333
0.00722333
0.00928
0.00332667
0.00290667
0
0
0
0
0
0
0
0
0
0
0
0
0
0
0.00085
0.00680333
0.0122233
0.0253733
0.0223267
0.02403
0.0205567
0.04723
0.0777033
0.131853
0.15432
0.191927
0.19351
0.219647
0.207877
0.199337
0.14117
0.10066
0.05779
0.0471233
0.02505
0.0102
0.00085
0
0
0
0
0
0
0
0
0
0
0
0
0
0
0
0
0.00170333
0.00340667
0.01917
0.0203733
0.02409
0.00832667
0.00542
0
0
0
0
0
0
0
0
0
0
0
0
0
0.00170333
0.00375
0.0196233
0.0344433
0.0473267
0.0629133
0.0851933
0.16662
0.235263
0.313347
0.3636
0.341363
0.33138
0.124063
0.121233
0.0518867
0.05302
0.0381533
0.0265233
0.01964
0.00491333
0.0183667
0.0391
0.111963
0.182067
0.308033
0.21488
0.172373
0.0758733
0.0536533
0.0378333
0.03818
0.0620633
0.06184
0.0875133
0.07664
0.275743
0.246013
0.320273
0.328283
0.114627
0.19761
0.105063
0.247567
0.189187
0.20068
0.20461
0.122287
0.0839367
0.16377
0.185347
0.26628
0.19936
0.22419
0.0414733
0.0433967
0.0370433
0.02655
0.0758033
0.158457
0.137413
0.177553
0.05536
0.0291633
0.00011
0.00011
0
0.00032
0.00202333
0.00244333
0.0178867
0.0216033
0.02824
0.0133267
0.00907667
0.00202
0.00117
0
0
0
0
0
0
0
0.00032
0.00032
0.00322667
0.00290667
0.00461
0.00170333
0.00170333
0
0
0
0.00085
0.00127
0.0114733
0.01353
0.0341667
0.0259867
0.0341333
0.0201333
0.02438
0.0273267
0.0231767
0.01861
0.00546
0.00961
0.0165533
0.0314667
0.0356433
0.0287
0.01464
0.00340667
0.00170333
0
0.00244
0.0053
0.0240867
0.0699833
0.131503
0.186273
0.19049
0.191053
0.166253
0.137397
0.0976133
0.05258
0.0399367
0.0241267
0.0215733
0.02452
0.01527
0.01527
0.00127
0.00117
0
0
0
0
0
0
0
0.00117
0.00202
0.01602
0.0219067
0.0304067
0.0167267
0.00967
0.00117
0.00127
0.0170333
0.0216033
0.0277733
0.01211
0.02069
0.01527
0.02452
0.01052
0.00935
0
0
0
0
0.00085
0.0017
0.0174633
0.0177833
0.02399
0.00832667
0.00832667
0.00127
0.00117
0
0
0
0
0
0
0
0
0.00286
0.00306
0.05164
0.0519567
0.13952
0.0955567
0.204693
0.12396
0.150747
0.25561
0.07118
0.103687
0.1444
0.0739167
0.143397
0.120867
0.11977
0.07504
0.0736267
0.03642
0.03593
0.00898
0.00824
0
0
0
0
0
0
0
0
0
0
0
0
0
0
0
0
0
0
0
0.00085
0.00085
0.00127
0.00042
0.00042
0
0
0
0
0
0
0
0
0
0
0
0
0
0
0
0.00085
0.00085
0.00085
0.00627
0.00542
0.00832667
0.00290667
0.0134333
0.01223
0.0498267
0.04557
0.0959133
0.0636633
0.123653
0.07458
0.132667
0.0689333
0.06658
0.08407
0.0219067
0.0361367
0.01622
0.0158
0.00095
0.00085
0.00085
0
0
0
0
0
0
0
0
0
0
0
0
0
0
0
0
0
0.00170333
0.00170333
0.00461
0.00290667
0.00290667
0
0
0
0
0
0
0
0
0
0
0
0
0
0
0.000133333
0.00218
0.00893333
0.0253233
0.05923
0.104447
0.0742767
0.0882567
0.120797
0.0803233
0.0346033
0.03762
0.0381367
0.0283
0.0155767
0.00754667
0.00376667
0.00467
0.0129967
0.06304
0.0999033
0.0363367
0.0606633
0.0316433
0.04093
0.0137733
0.0328967
0.0359
0.06472
0.0686167
0.0916333
0.20493
0.0987667
0.0467933
0.0308733
0.00170333
0
0
0.02827
0.00999333
0.0184933
0.01602
0.00202
0.00117
0.00948333
0.0133367
0.0170367
0.04675
0.0557833
0.203867
0.20298
0.06233
0.06793
0.08422
0.06548
0.0168933
0.100123
0.08856
0.0836
0.0596133
0.03496
0.01318
0.00445
0.00074
0
0
0
0
0
0
0
0
0
0
0
0
0
0
0
0
0
0
0
0
0
0
0
0
0
0
0
0
0
0
0
0
0
0
0
0
0
0
0
0
0
0
0
0
0
0
0
0
0
0.00170333
0.00287333
0.00914333
0.00786
0.0120367
0.00576667
0.00832
0.00297333
0.0055
0.00252667
0.00314667
0.00062
0.00189
0.00127
0.00137
0.0001
0.0001
0
0
0
0
0
0
0
0
0
0
0
0
0
0
0
0
0
0
0
0
0
0
0
0
0
0
0
0
0
0
0
0
0
0
0.000143333
0.000143333
0.000726667
0.000583333
0.00164333
0.00119333
0.00794667
0.0153333
0.0502267
0.04883
0.02176
0.0567667
0.0221867
0.06189
0.0283467
0.02289
0.0223267
0.00864667
0.00659
0.00377333
0.01342
0.02937
0.06581
0.00691
0.00708
0.00171667
0.00195333
0.00424
0.00677333
0.0167233
0.0267267
0.0417633
0.0548333
0.0920667
0.0475433
0.0269
0.0186667
0.00961667
0.00895333
0.00115667
0.00104667
0.00032
0.00032
0.00074
0.00042
0.00584
0.00542
0.00627
0.00085
0.00085
0
0
0
0
0
0
0
0
0
0
0
0
0
0
0
0
0
0
0
0.00042
0.00042
0.00332667
0.00290667
0.00493
0.00202333
0.00908
0.00737667
0.0213767
0.01517
0.0165533
0.00255333
0.00876
0.00737667
0.02314
0.0169333
0.0183167
0.00255333
0.00170333
0
0
0
0
0
0.00286
0.00306
0.0513967
0.0493767
0.122733
0.07886
0.142963
0.07143
0.0906633
0.02572
0.0245467
0.00117
0.00659
0.00864667
0.0176767
0.0193133
0.0304067
0.02276
0.0165533
0.00255333
0.00085
0
0
0
0
0
0
0
0
0
0.00117
0.00127
0.01527
0.01442
0.02367
0.00967
0.00935
0
0.00042
0.00042
0.00584
0.00542
0.00552
0.0001
0.00127
0.00117
0.00117
0
0
0
0
0
0.00085
0.00127
0.0170333
0.0216033
0.02824
0.01418
0.00993
0.00287333
0.00117
0
0
0
0
0
0
0
0
0
0.0002
0.0002
0.00337667
0.00487667
0.00656667
0.01603
0.0226467
0.0534233
0.0568467
0.09501
0.0880333
0.0832833
0.119527
0.0883467
0.0368967
0.01134
0.0642567
0.0910367
0.00409333
0.00853
0.06465
0.06862
0.0760067
0.0601267
0.0430667
0.0221267
0.00529
0.00371
0
0
0
0
0
0
0
0
0
0
0
0
0
0
0
0
0
0
0
0
0
0
0
0
0
0
0
0
0
0
0
0
0
0
0
0
0
0
0
0
0
0
0
0
0
0
0
0
0
0
0
0.00117
0.00117
0.00159
0.00042
0.00042
0
0
0
0
0
0
0
0
0
0
0
0
0
0
0
0
0
0
0
0
0
0
0
0
0
0
0
0
0
0
0
0
0
0
0
0
0
0
0
0
0
0
0
0
0.00041
0.000553333
0.00398667
0.00416
0.00507667
0.00835333
0.01244
0.0127467
0.00688
0.0142433
0.00646
0.0564433
0.0545867
0.00683333
0.00715333
0.00921
0.00332667
0.00332667
0.00176
0.00426333
0.0155767
0.0310367
0.0435667
0.00110333
0.00112667
0.000263333
0.000683333
0.00705667
0.0103767
0.0285633
0.0323767
0.0469633
0.0527833
0.0382267
0.107287
0.141127
0.18646
0.0311467
0.04517
0.171523
0.00247333
0.0437533
0.0454567
0.02355
0.00856333
0.00343
0.00185
0.00845667
0.0220167
0.0212633
0.0231833
0.00718
0.01058
0.00198333
0.08384
0.09191
0.000926667
0.00085
0.00117
0.00144
0.0129733
0.0194833
0.0346167
0.0308333
0.000616667
0.000156667
0
8.33333e-05
0.00169333
0.00824667
0.05122
0.0349867
0.0147633
0.00696667
0.00104667
0
0
0
0
0
0
0
0
0
0
0
0
0
0
0
0
0
0
0
0
0
0
0
0
0
0
0
0
0
0
0
0
0
0
0
0.00032
0.00032
0.00117
0.00085
0.00085
0
0.00032
0.00032
0.00117
0.00085
0.00085
0
0
0
0
0
0
0
0.0002
0.0002
0.00104
0.00084
0.00530333
0.00446333
0.00648667
0.00202333
0.00202333
0
0.00032
0.00042
0.00332667
0.00332667
0.0102833
0.00822667
0.00961
0.00255333
0.00170333
0
0
0
0
0
0
0
0
0
0
0
0.0001
0.0001
0.00042
0.00032
0.00032
0
0
0
0
0
0
0
0
0
0
0
0
0
0
0
0
0
0.00042
0.00042
0.00584
0.00542
0.00712333
0.00170333
0.00170333
0
0
0
0
0
0
0
0
0
0
0
0
0
0.0017
0.0109433
0.0235833
0.0654967
0.118433
0.172943
0.20713
0.02994
0.19057
0.210477
0.00959667
0.0124167
0.02924
0.0132767
0.0265233
0.0152
0.01346
0.0158333
0.00935667
0.00956333
0.00205667
0.00706667
0.00501
0.0100167
0.00500667
0.00500667
0
0
0
0
0
0
0
0
0
0
0
0
0
0
0
0
0
0
0
0
0
0
0
0
0
0
0
0
0
0
0
0
0
0
0
0
0
0
0
0
0
0
0
0
0
0
0
0
0
0
0
0
0
0
0
0
0
0
0
0.0001
0.0001
0.00127
0.00117
0.00117
0
0
0
0
0
0
0
0
0
0
0
0
0
0
0
0
0
0
0
0.000153333
0.000153333
0.000913333
0.00076
0.00163
0.00087
0.00087
0
0
0.00100333
0.00141333
0.00602667
0.02459
0.0329
0.0217
0.0322467
0.00923667
0.13883
0.00529333
0.00494
0.000893333
0.000893333
0.00042
0.0001
0.0001
0.000823333
0.00867333
0.0133467
0.0203733
0.0170767
0.00421667
0.000793333
0.000333333
0
0
0.00108
0.00269
0.00924333
0.0336933
0.0482567
0.0370167
0.0181133
0.00808333
0.00229
0.000126667
0.000126667
0
0
0
0
0
0
0
0
0
0
0
0
0
0
0
0
0
0
0
0
0
0
0
0
0
0
0
0
0
0
0
0
0
0
0
0
0
0
0
0
0
0
0
0
0
0
0
0
0
0
0
0
0
0
0
0
0
0
0
0
0
0
0.0001
0.0001
0.00042
0.00032
0.00117
0.00085
0.00085
0
0
0
0
0
0
0
0
0
0
0
0
0
0
0
0
0
0
0
0
0
0
0
0
0
0
0
0
0
0
0
0
0
0
0
0
0
0
0
0
0
0
0
0
0
0
0
0
0
0
0
0
0
0
0.000436667
0.00968
0.0132367
0.0564133
0.0577133
0.121307
0.0450533
0.0589967
0.11209
0.167073
0.02815
0.02691
0.02395
0.0278667
0.0262233
0.0237267
0.0281633
0.03224
0.02021
0.0111233
0.00788333
0.00176667
0.00176667
0
0
0
0
0
0
0
0
0
0
0
0
0
0
0
0
0
0
0
0
0
0
0
0
0
0
0
0
0
0
0
0
0
0
0
0
0
0
0
0
0
0
0
0
0
0
0
0
0
0
0
0
0
0
0
0.00042
0.00052
0.00594
0.00669
0.00829333
0.00287333
0.00170333
0
0
0
0
0
0
0
0
0
0
0
0
0
0
0
0
0
0.000596667
0.00075
0.00816667
0.00833
0.00904667
0.00972667
0.00231
0.00177333
0.000333333
0.00100333
0.00362667
0.00824
0.0141133
0.0132433
0.0220267
0.0244133
0.0199667
0.0704533
0.125983
0.0108233
0.00645667
0.000573333
0
0
0
0.000823333
0.000823333
0.00549667
0.00623667
0.01079
0.00970667
0.00775333
0.00446667
0.00104333
0.000333333
0
0
0.00108
0.00235
0.0123467
0.0371367
0.00229
0.000126667
0
0
0
0
0
0
0
0
0
0
0
0
0
0
0
0
0
0
0
0
0
0
0
0
0
0
0
0
0
0
0
0
0
0
0
0
0
0
0
0
0
0
0
0
0
0
0
0
0
0
0
0
0
0
0
0
0
0
0
0
0
0
0
0
0
0
0
0
0
0
0
0
0
0
0
0
0
0
0
0
0
0
0
0
0
0
0
0
0
0
0
0
0
0
0
0
0
0
0
0
0
0
0
0
0
0
0
0
0
0
0
0
0
0
0.0001
0.0001
0.0001
0
0
0
0
0
0
0.000436667
0.00098
0.00453667
0.00755
0.01755
0.0220833
0.0568933
0.0502633
0.0517933
0.0254867
0.04171
0.0329533
0.04324
0.0634433
0.0460167
0.0466033
0.06488
0.0580933
0.0781133
0.0522633
0.0435333
0.02462
0.0219467
0.0142967
0.00975667
0.00334333
0.00169
0.000113333
0
0
0
0
0
0
0
0
0
0
0
0
0
0
0
0
0
0
0
0
0
0
0
0
0
0
0
0
0
0
0
0
0
0
0
0
0
0
0
0
0
0
0
0
0
0
0
0
0
0
0
0
0
0.00117
0.00159
0.01559
0.01984
0.02877
0.0164733
0.0110533
0.00170333
0
0
0
0
0
0
0
0
0
0
0.000436667
0.000436667
0.00131667
0.00088
0.00088
0
0.000103333
0.0007
0.00623
0.0135433
0.0024
0.00096
0.000333333
0.000123333
0
0.00307667
0.00274667
0.00843667
0.0512467
0.01812
0.0139933
0.00609
0.000206667
0
0
0
0
0
0.000653333
0.00221667
0.00580667
0.02005
0.03328
0.05154
0.00601667
0.00628667
0.00970333
0.00493
0
0
0
0
0.01289
0.00286
0.00216333
0
0
0
0
0
0
0
0
0
0
0
0
0
0
0
0
0
0
0
0
0
0
0
0
0
0
0
0
0
0
0
0
0
0
0
0
0
0
0
0
0
0
0
0
0
0
0
0
0
0
0
0
0
0
0
0
0
0
0
0
0
0
0
0
0
0
0
0
0
0
0
0
0
0
0
0
0
0
0
0
0
0
0
0
0
0
0
0
0
0
0
0
0
0
0
0
0
0
0
0
0
0
0
0
0
0
0
0
0
0.00085
0.00085
0.00627
0.00542
0.00832667
0.00300667
0.00332667
0.00042
0.00032
0
0
0
0
0
0
0.000543333
0.000543333
0.00399333
0.00345
0.01154
0.0369333
0.0184633
0.00857667
0.01543
0.0348067
0.01659
0.0859667
0.0830133
0.07206
0.0878533
0.05359
0.0446633
0.0319333
0.0240933
0.00344667
0.00257333
0.000816667
0.00185667
0.00160333
0.00045
0.00045
0
0
0
0
0
0
0
0
0
0
0
0
0
0
0
0
0
0
0
0
0
0
0
0
0
0
0
0
0
0
0
0
0
0
0.0001
0.0001
0.00169
0.00159
0.00361333
0.00202333
0.00287333
0.00085
0.00085
0
0
0
0
0
0
0
0.00085
0.00202
0.01137
0.02452
0.03735
0.03735
0.0242
0.0102
0.00085
0
0
0
0
0
0
0
0
0.00059
0.00416
0.00400667
0.00488667
0.00234333
0.00156667
0.02702
0.0355833
0.02588
0.0132267
0.00529
0.00643667
0.000293333
0.00092
0.000123333
0.00175667
0.00861
0.00906
0.00115667
0.000206667
0.000206667
0
0
0
0
0
0.000653333
0.00195667
0.0177633
0.0291167
0.0496633
0.0567333
0.06966
0.0709533
0.000123333
0.000123333
0.000453333
0.000533333
0.000803333
0.00131
0.00071
0.00071
0.00071
0
0
0
0
0
0
0.00127
0.000696667
0
0
0
0
0
0
0.00015
0.00015
0.000396667
0.00902333
0.00128667
0.000443333
0.000683333
0.00864
0.000783333
0.009
0.00126333
0.04827
0.0520633
0.03303
0.0195433
0.00595
0.00895
0.00703667
0.00643333
0.00253333
0.00138
0.00045
0
0.000246667
0.000246667
0.000246667
0.00138333
0.00898333
0.01176
0.0254267
0.0187067
0.0166
0.00586
0.00470333
0.00373333
0.00895667
0.02374
0.0229267
0.0243467
0.03451
0.00886
0.0223733
0.00524333
0.0004
0.000586667
0.00095
0.00095
0
0.0149267
0.0198
0.04106
0.0353367
0.0523033
0.0414933
0.0630967
0.04625
0.0533267
0.0422567
0.00130667
0.00157667
0.00114333
0.00085
0
0
0.000203333
0.000203333
0
0
0.000296667
0.000296667
0.00103
0.000933333
0.0002
0.0005
0.0003
0
0
0
0
0
0
0
0
0
0
0
0
0
0
0
0
0
0
0
0
0
0
0
0
0
0
0
0
0
0
0
0
0
0
0
0
0
0
0
0
0
0
0
0
0
0
0
0
0
0
0
0
0
0
0
0
0
0
0
0
0
0
0
0
0.00042
0.00042
0.00042
0
0
0
0
0
0
0
0
0
0
0
0
0
0
0
0
0
0
0
0
0
0
0
0
0
0
0
0
0
0
0
0
0
0
0
0
0
0
0
0
0.00085
0.00627
0.01169
0.02484
0.0223267
0.02286
0.00918
0.00712333
0.00117
0.00085
0
0
0
0
0
0
0.00063
0.00078
0.00345667
0.00307333
0.00059
0
0.00312
0.00064
0.000903333
0.000313333
0.0031
0.00319667
0.000313333
0
0.01327
0.023
0.0241867
0.0128133
0.01972
0.02243
0.00937
0.0129467
0.00566
0.00534667
0.000616667
0.000863333
0.0042
0.0108667
0.00691333
0.0110533
0.00414
0.00507667
0.00452333
0.00358667
0.01105
0.01348
0.00601667
0.00959
0.00357333
0.0051
0.00152667
0.00168
0.000153333
0.00059
0.000436667
0.00120667
0.00077
0.00077
0
0.000153333
0.000153333
0.000743333
0.00059
0.00272
0.00213
0.00379333
0.00166333
0.00405333
0.00239
0.0051
0.00281
0.02223
0.02111
0.0507733
0.0333767
0.04284
0.0139267
0.0140467
0.00299333
0.00927667
0.00713333
0.00883333
0.0017
0.0017
0
0
0.00085
0.00085
0.00229333
0.0116433
0.01554
0.0280967
0.02396
0.0200633
0.0116433
0.00643
0.00558
0.00558
0
0
0
0
0.000793333
0.0137233
0.02062
0.0295467
0.0360867
0.03283
0.0201533
0.00903333
0.01019
0.000613333
0.00490667
0.00351333
0.00363
0.00985667
0.00590667
0.00320333
0
0
0
0
0
0
0
0
0
0
0
0.00130333
0.00140333
0.00302
0.00213667
0.00821333
0.00926333
0.0151267
0.0210167
0.02103
0.0299433
0.03194
0.04046
0.0286767
0.00682667
0.00732
0.0109367
0.00517333
0.00169667
0.00671333
0.00628
0.00543
0
0
0
0.00019
0.00019
0.000486667
0.00475
0.00529333
0.00373667
0.00330333
0
0
0
0
0
0
0
0
0
0
0
0
0
0
0
0
0
0
0
0
0
0
0
0
0
0
0
0
0
0
0
0
0
0
0
0
0
0
0
0
0
0
0
0
0
0
0
0
0
0
0
0
0
0
0
0
0.00170333
0.00170333
0.00287333
0.00159
0.00201
0.00084
0.00042
0
0
0
0
0
0
0
0
0
0
0
0
0
0
0
0
0
0
0
0
0
0
0
0
0
0
0
0
0
0
0
0
0
0
0
0
0
0
0
0
0.00542
0.00832667
0.0223267
0.02286
0.0259067
0.01361
0.00850667
0.00255333
0.00085
0
0
0
0
0
0
0.000726667
0.00135667
0.00441667
0.00636667
0
0
0.0179333
0.01507
0
0
0.00580333
0.0151967
0
0
0.0251233
0.03456
0.0099
0.01657
0.00185333
0.00596333
0.00148333
0.00621
0.00954333
0.0240267
0.0255967
0.0363533
0.0257633
0.02159
0.00781667
0.00726333
0.0255367
0.0323
0.02383
0.01994
0.02821
0.0268733
0.0141133
0.0119167
0.00397
0.00274667
0.00480667
0.00417667
0.00927
0.0115067
0.00703
0.00806667
0.00224333
0.00281667
0.00149667
0.00566333
0.00491
0.0121333
0.0100967
0.02031
0.0145967
0.0248633
0.01645
0.02767
0.0179833
0.02818
0.0347167
0.0618333
0.07901
0.0790933
0.06032
0.03803
0.02067
0.02368
0.02334
0.0305433
0.01818
0.0127467
0.0034
0.00255
0.00085
0.00085
0.00225
0.00989
0.01383
0.02912
0.0266933
0.0275267
0
0
0
0
0
0.000356667
0.00115
0.00962
0.00648
0.0184633
0.0169533
0.02495
0.02867
0.00889
0.0225433
0.00522667
0.0188333
0.00841
0
0
0
0
0
0
0
0
0
0
0
0.00042
0.00052
0.00342667
0.00342667
0.0107033
0.0104633
0.01465
0.01357
0.0136233
0.0158467
0.01142
0.0169933
0.0105767
0.01374
0.00697
0.0121767
0.01535
0.0278167
0.03548
0.000793333
0.000306667
0.000306667
0.00019
0.000483333
0.00902333
0.01377
0.0226867
0.0207333
0.0113833
0.00595333
0
0
0
0.00019
0.0182233
0.0167633
0
0
0
0
0
0
9e-05
9e-05
0.00131667
0.00122667
0.00177333
0.000546667
0.000736667
0.00019
0.00019
0
0
0
0
0
0
0
0
0
0
0
0
0
0
0
0
0
0
0
0
0
0
0
0
0
0
0
0
0
0
0
0
0
0
0
0
0
0
0
0
0
0.00170333
0.00340667
0.0127567
0.0122233
0.02452
0.01559
0.01559
0.00159
0.00202
0.00085
0.00085
0
0
0
0
0
0
0
0
0
0
0
0
0
0
0
0
0
0
0
0
0
0
0
0
0
0
0
0
0
0
0
0
0
0
0
0
0
0
0.00290667
0.00322667
0.00918
0.00712333
0.00850667
0.00255333
0.00170333
0
0
0
0
0
0
0.000726667
0.00145333
0.00451333
0
0
0.0176867
0.0291567
0
0
0.0282267
0.0393233
0
0
0.0157333
0.00734
0.03823
0.0290867
0.0350133
0.0439267
0.0112967
0.0232667
0.00906667
0.01426
0.0260067
0.03614
0.0385567
0.03528
0.0358467
0.0402267
0.03803
0.0290867
0.0157333
0.00846667
0.00419
0.0064
0.02332
0.0357967
0.0271333
0.02746
0.01287
0.0124433
0.00821333
0.0109067
0.0315233
0.05703
0.0424467
0.0669467
0.0468467
0.0707233
0.0544533
0.0565333
0.0647267
0.04343
0.0354267
0.0356467
0.0555167
0.05321
0.05961
0.0372567
0.02396
0.0292333
0.03709
0.0441133
0.0379067
0.0293833
0.0165867
0.00809
0.0034
0.0017
0.00165667
0.01383
0.02078
0.0304367
0.0394133
0.0521033
0.0426433
0.03125
0.01154
0.0062
0.00062
0.00062
0
0
0
0
0
0
0.000356667
0.000356667
0.00429
0.03928
0.0292567
0
0
0
0
0
0
0
0
0.00085
0.00127
0.00669
0.00874667
0.0231767
0.0251333
0.0386333
0.02839
0.0376267
0.02394
0.0252867
0.0105433
0.00782333
0.00228333
0.00193667
0.00973
0.0278733
0.02244
0.02061
0.00772667
0.00557
0.00101667
0.00123667
0.00199667
0.00393333
0.00481
0.01165
0.0116867
0.00509
0.0047
0.00073
0.000293333
0.000713333
0.00139667
0.0124767
0.0199633
0.03416
0.0321367
0.0312933
0.0223667
0.0141967
0.00713333
0.00118
0
0.000563333
0.000753333
0.01358
0.01728
0.0303167
0
0.00244
0.00366667
0.00412333
0.0116267
0.00946667
0
0
0
0.000726667
0
0
0.0221133
0
0.0346133
0
0.0133333
0.0119633
0.0223367
0.0257633
0.0294367
0.0226267
0.0256433
0.03285
0.00997333
0.0240767
0.00398667
0.00771667
0.00694667
0.0199067
0.03278
0.04532
0.0466767
0.0377633
0.0378267
0.0270967
0.03759
0.0363633
0.0422567
0.06719
0.0831933
0.0899
0.0913733
0.0922967
0.09461
0.0973733
0.0869833
0.0685733
0.04339
0.0359033
0.0271533
0.02459
0.01223
0.0111767
0.01664
0.0116167
0.0270167
0.0353067
0.0234233
0.0237067
0.00989333
0.00707333
0.00153333
0.00085
0.00165667
0.00617667
0.00619
0.01594
0.0139333
0.0305967
0.0301867
0.0435367
0.0324467
0.00979333
0.02962
0.00112333
0.00646333
0.00062
0.0208767
0.03354
0
0
0
0
0
0.00820667
0.01459
0.00667667
0.00945
0.00316
0.00326667
0.000493333
0.00213333
0.00365667
0.0119133
0.01828
0.0312433
0.0266267
0.0247
0.01171
0.0100533
0.00552667
0
0
0
0
0
0
0
0
0.000876667
0.000876667
0.00112
0.000243333
0
0
0
0.03774
0.03343
0.000866667
0.00013
0.00189
0.00411
0.0204733
0.0274433
0.01085
0.00212
0.00202
9e-05
9e-05
0
0
0
0
0
0
0
0
0
0
0
0
0
0
0
0
0
0
0
0
0
0
0
0
0
0
0
0
0
0
0
0
0
0
0
0
0
0.00117
0.00287333
0.00578
0.01396
0.0193133
0.0304067
0.0304067
0.02452
0.01052
0.00202
0.00085
0.00085
0
0
0
0
0
0
0
0
0
0
0
0
0.00085
0.00085
0.00202
0.00117
0.00159
0.00042
0.00042
0
0
0
0
0
0
0
0
0
0
0
0
0
0
0
0
0
0
0
0
0.00032
0.00032
0.00117
0.00085
0.00085
0
0
0
0
0
0
0
0
0
0.00013
0
0.000753333
0.00148
0.00896667
0
0.00105667
0
0
0
0
0.0234033
0.0172533
0.03377
0.0385967
0.04207
0.0483167
0.0423133
0.0482567
0.0314233
0.04115
0.0480867
0.05157
0.05141
0.07237
0.05847
0.07302
0.06163
0.0839467
0.0230233
0.0566467
0.01436
0.01405
0.000743333
0.00195
0.0006
0.000896667
0.00585667
0.00640667
0.00963
0.00138667
0.00505667
0
0.000683333
0
0
0.000793333
0.000606667
0.00136
0.00162
0.00880333
0
0
0
0
0
0.00085
0.0017
0.00712
0.0122233
0.0262233
0.02871
0.0391633
0.0301533
0.03886
0.02536
0.0254733
0.00918
0.00627333
0.00032
9.33333e-05
0
0.000756667
0.00228
0.00361333
0.0113567
0.01423
0.0107133
0.01012
0.00962667
0.00669
0.00600667
0.00621333
0.00538
0.00907333
0.00565333
0.0121067
0.00830333
0.0116167
0.00533333
0.00133
0.00224
0.00254667
0.000793333
0.00169
0.00908
0.00945667
0.0167267
0.00978333
0.0125633
0.00489333
0.00495
0.00161
0.00111333
0.000976667
0.000366667
0.000366667
0
0
0
0
0
0
0
0.00085
0.00127
0.0170667
0.02759
0.0386567
0.0254533
0.0140767
0.00835333
0.00129
0.00118
0.000303333
0.0376033
0.0461167
0.0316833
0.03035
0.00941667
0.000573333
0.000483333
0.00112
0.000636667
0.000636667
0
0
0
0
0
0
0
0
0
0
0
0
0
0
0
0
0
0
0
0
0
0
0
0
0
0
0
0
0
0
0
0
0.00117
0.00117
0.00407667
0.00300667
0.0100633
0.00747667
0.0167267
0.0113733
0.0110533
0.00170333
0
0
0
0
0
0
0
0
0
0
0
0
0
0
0.00085
0.0017
0.00287
0.01602
0.01559
0.01559
0.00159
0.00117
0
0
0
0
0
0
0
0
0
0
0
0
0
0
0
0
0
0
0
0
0
0
0
0
0
0
0
0
0
0.00013
0.00189
0
0
0.000303333
0
0.00011
0.000303333
0.00534333
0.00762333
0.00228
0.00228
0.00085
0.0017
0.00765333
0.00797333
0.01503
0.0103467
0.0150167
0.00753
0.00916667
0.00342667
0.00332667
0.00042
0.00032
0
0.000293333
0.000293333
0.000386667
9.33333e-05
0
0.00289
0.0112733
0.02437
0.0202133
0.0222033
0.01221
0.00835
0.00508333
0.00118
0.00127
0.000456667
0.00114667
0.00069
0.00139333
0.000703333
0.000933333
0.00183667
0.0096
0.01014
0.0191167
0.0171767
0.0317667
0.02935
0.0271
0.02982
0.0155433
0.01831
0.0195433
0.0145967
0.0224733
0.0130967
0.02953
0.02152
0.0281433
0.0118333
0.00317
0.00151667
0
0
0
0
0.000446667
0.000446667
0.00115
0.000703333
0.000703333
0.000703333
0
0
0
0
0.000896667
0.00206667
0.00161667
0.00113
0.00162667
0.00463667
0.00456333
0.00927
0.00618
0.00624
0.00103667
0.00067
0
0
0
0
0
0
0
0
0
0
0
0
0
0.00085
0.00187333
0.01767
0.0227267
0.0249933
0.0305733
0.02168
0.00701333
0.0629267
0.06447
0.0706733
0.0509867
0.01662
0.0156267
0.00697667
0.00185333
0.00137
0.00246
0.00172667
0.00216
0.000433333
0.00161667
0.00118333
0.00151667
0.000333333
0.000333333
0
0
0
0
0
0
0
0
0
0
0
0
0
0
0
0
0
0
0
0
0
0
0
0
0
0.0001
0.0002
0.0003
0.00052
0.00042
0.00202333
0.00170333
0.00170333
0
0
0
0
0
0
0
0
0
0
0
0
0
0
0.00085
0.0017
0.0157
0.02885
0.0437633
0.0309333
0.0177833
0.00202
0.00085
0
0
0
0
0
0
0
0
0
0
0
0
0
0
0
0.00067
0.00067
0.000766667
9.66667e-05
9.66667e-05
0
0
0
0
0
0
0.00734
0.0451533
0.02682
0.0666567
0
0
0
0
0.00558
0.0310167
0.0109233
0.0277167
0.000153333
0
0.00011
0.00011
0.00446
0.00360667
0.00227667
0.00312667
0.00287
0.00202
0.00117
0.00244
0.00127
0.00169
0.00042
0.00052
0.0001
0.0001
0
0
0
0
0
0
0.0008
0.00805667
0.0016
0.02505
0.01564
0.0394333
0.03249
0.0279767
0.0333033
0.0131833
0.00498
0.0009
0.000366667
0
0
0
0
0
0
0
0
0.000903333
0.000903333
0.00237667
0.00224333
0.00806667
0.0079
0.0145933
0.00968
0.0119467
0.00627
0.00279667
0.00230667
0.0036
0.00298333
0.00460333
0.00321
0.00369333
0.00165333
0.00165333
0.00165333
0
0
0
0
0
0
0
0
0
0
0
0
0
0
0
0
0
0.00117
0.00117
0.000953333
0.00117
0.00716
0.00163667
0.02326
0.00966333
0.02484
0.02294
0.01175
0.00706333
0.00186
0.00067
0
0
0
0
0
0
0
0
0
0
0
0
0
0
0.00102333
0.00229333
0.0082
0.00983667
0.00408333
0.0103467
0.00705667
0.0133333
0.0233667
0.0322367
0.00697667
0.0124067
0.0257333
0.03403
0.0334567
0.00698667
0.00762333
0.02284
0.00687
0.0121567
0.02513
0.000923333
0.00169667
0.00707667
0
0.00085
0
0
0
0
0
0
0.00267333
0.00552333
0.0337267
0.054
0.168637
0.18606
0.04368
0.0302467
0.0500233
0.04271
0.01454
0.00887
0.01215
0.0279967
0.01874
0.0245267
0.0108667
0.00453667
0.00443667
0.00624667
0.00332667
0.00299333
0
0
0
0
0
0
0
0
0
0
0
0
0
0
0
0
0
0
0
0
0
0
0
0
0.0001
0.0001
0.0002
0.0001
0.0001
0
0
0
0
0
0
0
0
0
0
0
0
0
0
0
0
0
0.00085
0.00127
0.01527
0.0214767
0.03682
0.0245233
0.0183167
0.00255333
0.00085
0
0
0
0
0
0
0.00085
0.00085
0.00127
0.00042
0.00042
0
0.00068
0.00068
0.00178
0.00177
0.00274333
0.00174
0.00116667
0.000193333
0.000463333
0.000366667
0
0
0
0.0783567
0.0750567
0.08367
0.06169
0
0
0
0
0.0535533
0.0435733
0.03564
0.01382
0.000793333
0.000306667
0.000946667
0.000153333
0.00334
0.00264667
0.00158333
0.000733333
0
0
0
0
0
0
0
0
0
0
0
0
0
0
0.0008
0.000976667
0.00743333
0.00944667
0.00966
0.000876667
0.000533333
0
0
0
0
0
0
0
0
0
0
0
0.00077
0.00109
0.00239667
0.00453333
0.00512333
0.01009
0.00728333
0.01013
0.00427667
0.0112333
0.00864667
0.00993
0.00287333
0.00170333
0
0
0
0
0
0
0
0
0
0
0
0
0
0
0
0
0
0
0
0
0
0
0
0
9.33333e-05
0.00104667
0.00774
0.00238333
0.00119
0
0
0
0
0
0
0
0
0
0
0
0
0
0.00127
0.00127
0.00717667
0.00654667
0.0247067
0.0101267
0.0129933
0.02562
0.000396667
0.0164267
0.0164233
0.00094
0.0229433
0.02188
0.00011
0.00022
0.0011
0.000813333
0
0.000846667
0.00843
0.0066
0
0
0
0
0
0
0.00122
0.00085
0
0
0
0
0
0
0
0
0
0
0
0
0
0
0
0
0
0
0
0
0
0
0.000203333
0.000203333
0.0185267
0.00536667
0.0115533
0.01692
0.00204
0.00235333
0.005
0.0330933
0.02002
0.0663467
0.460593
0.187107
0.151023
0.30805
0.21106
0.333403
0.213513
0.501217
0.577123
0.45816
0.05403
0.03451
0.0352333
0.0155133
0.01755
0.0462467
0.04407
0.04255
0.0254933
0.0200033
0.02258
0.00849
0.01727
0.02251
0.00741
0.00680333
0.00670667
0.000366667
0.0560667
0.0685733
0.0583433
0.07531
0
0
0
0
0.0668
0.0525633
0.000153333
0.000153333
0.0285833
0.0245767
0.0194333
0.00836667
0
0
0
0.000153333
0.000733333
0.000306667
0.000306667
0.000306667
0.000636667
0.00033
0
0
0.000176667
0.00109
0.000343333
0
0
9.33333e-05
0.00119333
0.00212667
0
0
0
0
0
0
0
0
0
0
0
0
0
0
0
0
0.000176667
9.33333e-05
0.00845
0.00294
0.000286667
0.00011
9.33333e-05
0
0.00949
0.00762333
0.00011
0
0
0
0.00341667
0
0
0.0378167
0.0241
0.00608
0.00759667
0.113123
0.10863
0.0558333
0.0360567
0.02628
0.36732
0.505923
0.230187
0.22976
0.330033
0.183923
0.745587
0.762403
0.572477
0.617653
0.711287
0.0375733
0.0504233
0.0548567
0.04916
0.03405
0.03308
0.0206133
0.00652333
0.00102667
0
0.00254667
0.00254667
0.00812667
0.00558
0.00592333
0.000343333
0.000533333
0.00019
0.000286667
9.66667e-05
0.000293333
0.000196667
0.000196667
0
0
0
0
0
0
0
0
0
0
0
0
0
0
0
0
0
0.00237
0.00237
0.00258
0.00021
0.00021
0
0
0
0
0
0
0
0
0
0
0.00042
0.00042
0.00747667
0.00705667
0.00876
0.00170333
0.00170333
0
0
0
0
0.0008
0.0008
0.00736667
0.00741667
0.0214167
0.01527
0.0173267
0.00332667
0.00362
0.00139333
0.0162933
0.01668
0.0306367
0.0311233
0.0316833
0.04492
0.0358733
0.0601167
0.0321967
0.03705
0.00634
0
0
0
0.0511967
0.0462333
0
0
0.0192833
0.0128133
0.0127133
0.00114
0
0
0
0.00171
0.00214667
0.00107333
0.000743333
0
0
0
0
0.000223333
0.000223333
0.00101667
0.000793333
0.000793333
0.000746667
0.000746667
0
0
0
0
0
0
0
0
0
0
0
0
0
0
0
0.00032
0.00627333
0.00918
0.02286
0.02318
0.02903
0.0187867
0.0230333
0.0213333
0.0315767
0.02276
0.0168733
0.00287333
0.00117
0
0
0
0
0
0
0
0
0
0
0
0
0
0
0
0
0
0
0
0
0
0
0.0013
0.00330333
0.000366667
0
0
0
0
0
0
0.00033
0.00033
0
0
0.00155667
0.00375
0.00109667
0.00081
0.00146
0.00309667
0.000286667
0.000286667
0.000823333
0.000733333
0
0
0
0
0.00037
0.000456667
0
0
0
0
0
0
0
0
0
0
0.000476667
0.000476667
0
0
9e-05
9e-05
0
0.000863333
0.00406
0.00453667
0
0.000283333
0.00116667
0.00105333
0.02552
0.0494067
0.0298733
0.0213867
0.00432333
0.01283
0.00641
0.12385
0.114403
0.0623
0.250957
0.36051
0.243733
0.160573
0.59095
0.597553
0.360167
0.60744
0.585773
0.752533
0.610353
0.0407833
0.04273
0.0425267
0.0371867
0.03642
0.0213767
0.00127667
0.00321333
0.00551
0.0259333
0.04011
0.0226467
0.00741
0.00798
0.00105333
0.0269133
0.0217967
0.0125033
0.0157267
0.0217433
0.03581
0.0443167
0.0385533
0.03916
0.0136867
0.0376833
0.0298267
0.0498667
0.0507267
0.04071
0.0365033
0.02558
0.02602
0.01189
0.00698667
0.01743
0.00739333
0.000646667
0
0.00308333
0.0172333
0.02092
0.0163633
0.00668
0.00099
0.00523333
0.00066
0.00555
0.000646667
0.000646667
0.000743333
0
0
0
0
0.000223333
0.000446667
0.00485
0.00542
0.00959
0.00518667
0
0.00129
0
0
0
0
0
0
0
0
0.00305333
0.00759
0.00105
0.000366667
0
0
0
0
0
0.00047
0.0008
0.00033
0.00066
0.00439333
0.00888
0
0.00162333
0.00448667
0.00448667
0
0.00162333
0.00530333
0.00762
0
0
0
0
0.00368
0.00368
0.00114667
0.00639667
0
0
0
0
0
0
8.66667e-05
0.000866667
0
0
0
0
0
0
0
0
0
0.000863333
0.00134
0.000863333
0
0
0.00136667
0.00127667
0.00172667
0.00815
0.01096
0.00776333
0.000283333
0.00200333
0.00952333
0.00983667
0.0311733
0.05305
0.0441267
0.0332233
0.01051
0.0245567
0.02533
0.0285567
0.0812233
0.08146
0.19839
0.31521
0.29991
0.180773
0.12515
0.192103
0.369037
0.323817
0.267243
0.00739333
0.00138333
0.00136333
0.00422
0.01508
0.01662
0.0314633
0.0607267
0.0432633
0.0328567
0.00685
0.0142367
0.0150433
0.0387767
0.03185
0.0401633
0.00927
0.0101867
0.00111333
0.00111333
0
0
0
0
0
0.000803333
0.000803333
0.00618333
0.00538
0.00554
0.00016
0.00231667
0.00215667
0.01486
0.0150733
0.0306
0.0181067
0.0388733
0.0233467
0.0344333
0.0112967
0.01527
0.00397333
0.00397333
0
0
0
0
0
0
0
0
0
0.00053
0.00053
0.00110333
0.000573333
0.00749
0.00691667
0.0163833
0.0102667
0.0168367
0.02845
0.0284467
0.0443233
0.0325033
0.0298267
0.0332667
0.0340267
0.03365
0.0294633
0.0208333
0.0316967
0.0315667
0.0217167
0.0205667
0.0280933
0.0285733
0.02662
0.0262167
0.0154867
0.02386
0.0348333
0.02496
0.00880333
0.0120133
0.0107167
0.00511
0.00585333
0
0
0
0.00261667
0.000923333
0.00249333
0.00235333
0.000556667
0.00472667
0.00879667
0.0248867
0.0246633
0.0371733
0.02497
0.0311833
0.0290667
0.00871333
0.0158767
0.00211
0.00082
0
8.66667e-05
8.66667e-05
8.66667e-05
0
0
0
0
0
0
0
0
0
0
0
0
0.00595333
0.00711667
0.0211167
0.01637
0.0239633
0.0111667
0.02048
0.0171433
0.02994
0.01952
0.01527
0.00127
0.00117
0
0
0
0
0
0
0
0
0
0
0
0
0
0
0.00033
0.00033
0.00119333
0.000863333
0.000863333
0
0.00178667
0.00178667
0.01228
0.00341
0.0388367
0.0257367
0.0350133
0.01085
0.0251933
0.00648667
0.00213667
0.00123667
0.00565667
0.00510333
0.00598333
0.00088
0.00088
0.0134367
0.01024
0.00225667
0.0244967
0.0277767
0.0145367
0.00545333
0.000966667
0.000966667
0.0129333
0.0166467
0.01497
0
0.00901667
0.00611667
0.00078
0.00078
0
0
0
0.00127667
0.00299667
0.0114667
0.0351733
0.0293133
0.108913
0.151677
0.16525
0.208013
0.06602
0.0811067
0.08856
0.0577733
0.0381133
0.0278767
0.02907
0.0590733
0.0511733
0.0743367
0.0606033
0.0308233
0.0113
0.00222667
0.00111333
0
0
0
0
0.00165333
0.00245667
0.00818333
0.01191
0.02554
0.0275667
0.0132933
0.01007
0.0231867
0.0281367
0.0670167
0.0692667
0.0987667
0.0808667
0.0766367
0.0574733
0.0192433
0.00925333
0.00528
0.00130667
0
0
0
0
0
0
0
0
0.00109667
0.00162667
0.0022
0.0107667
0.0179767
0.0157967
0.0365533
0.0377133
0.0449967
0.0302367
0.0492433
0.0561233
0.0709
0.0591033
0.0457433
0.0336567
0.00686
0.000106667
0.00636667
0.00111333
0.0238033
0.0126933
0.0386433
0.0360867
0.04489
0.0212333
0.03061
0.0207033
0.0186033
0.00571
0.0006
0.0006
0.0129267
0.0122933
0.00680333
0
0
0.000666667
0.000333333
0.00715
0.00483667
0.0190933
0.0183733
0.00964333
0.0152667
0.0154533
0.00617
0.00574333
0.0325367
0.0449633
0.04547
0.0397967
0.0298033
0.0140267
0.00948
0.00287667
0.00451
0.00502333
0.00265667
0.00318333
0.000613333
0.000526667
0
0
0
0
0
0
0
0
0
0
0
0.00061
0.00177333
0.00624
0.00683667
0.0111667
0.00790333
0.0121167
0.0124833
0.0075
0.00603
0.00112
0.00061
0.00051
0
0
0
0
0
0
0
0
0
0
0.000476667
0.00103
0.000553333
0.00262
0.00239667
0.00853
0.00732667
0.00284
0.00376333
0.01796
0.0248533
0.0397
0.0402267
0.0405633
0.0289767
0.0193
0.0109933
0.0065
0.112663
0.09698
0.0861667
0.04183
0.0238767
0.00379667
0.00268333
0.00268333
0
0
0.00085
0.00250333
0.00821667
0.0130933
0.0258733
0.0350933
0.0371333
0.0283667
0.0173167
0.0249267
0.0384633
0.0756033
0.131853
0.152767
0.165253
0.12289
0.07334
0.0382667
0.01241
0.00843667
0.00713
0
0
0
0
0
0
0.00141667
0.00251333
0.01161
0.01929
0.0429
0.04211
0.0706433
0.0672667
0.03481
0.0890133
0.0602267
0.10226
0.0539767
0.0873367
0.0344933
0.04165
0.0631333
0.0397467
0.0551333
0.07189
0.06302
0.0789167
0.0867867
0.0504533
0.07183
0.0240733
0.0362
0.0219567
0.0294867
0.01202
0.0146667
0.0263467
0.0269367
0.0641867
0.0242133
0.0341167
0.0287767
0.0722967
0.06877
0.0290533
0.0390033
0.01461
0.0153067
0.0249567
0.0104167
0.02162
0.05003
0.0303467
0.0553133
0.05249
0.03332
0.04286
0.0213467
0.0177433
0.0112033
0.0101433
0.0112333
0.0100633
0.00192667
0.000526667
0
0
0
0
0
0.000476667
0.000476667
0.00103
0.00106333
0.00051
0.00197333
0.00207333
0.00654
0.0229933
0.0270233
0.04213
0.0425033
0.0245
0.0272367
0.01031
0.00925
0.00874
0.00051
0
0
0
0
0
0
0
0
0
0.000476667
0.00528667
0.00584
0.00743
0.02335
0.0246733
0.03604
0.02043
0.0162733
0.0828633
0.135743
0.116523
0.12107
0.03075
0.0836067
0.00268333
0.01067
0
0
0.00085
0
0.00656333
0.00085
0.0103833
0.02533
0.02512
0.0241233
0.01149
0.0121
0.03106
0.0116967
0.0611067
0.12476
0.17436
0.15478
0.11613
0.140277
0.0511133
0.0794267
0.02665
0.00713
0.00983
0
0
0
0
0
0.00141667
0
0.00294333
0.0192167
0.0116467
0.0515
0.0354967
0.0879033
0.06797
0.0979833
0.10222
0.0866367
0.0672167
0.07788
0.04463
0.04176
0.0254867
0.03063
0.0342933
0.06314
0.06006
0.0629933
0.06505
0.0799733
0.0677767
0.0675033
0.0455
0.05392
0.0928633
0.0712833
0.0662467
0.0169933
0.0171433
0.00798667
0.00938667
0
0
0
0
0.00514667
0.000476667
0.00628667
0.0057
0.0035
0.00212667
0.0039
0.0203167
0.0679333
0.0354533
0.0824167
0.07058
0.0677767
0.06591
0.04649
0.0471067
0.01682
0.02505
0
0
0
0
0
0
0
0
0
0.00152667
0
0.0240333
0.00633667
0.0731933
0.03898
0.06893
0.07874
0.0416933
0.0424333
0.0711333
0.00798667
0
0
0.01024
0.00749667
0.0247267
0.0567433
0.114153
0.10165
0.108193
0.0737033
0.01952
0.0027
0
0
0
0
0
0
0
0.00152667
0.0279267
0.0822867
