0.16215
0.11185
0.08726
0.09105
0.103733
0.0682833
0.06124
0.08446
0.0745667
0.06263
0.0842367
0.103243
0.0830667
0.0674233
0.0541933
0.05684
0.0312767
0.0836333
0.0658167
0.0779267
0.0626533
0.07563
0.0702033
0.09736
0.0420967
0.10295
0.133303
0.03176
0.0201033
0.0247567
0.03268
0.0280333
0.03312
0.0413533
0.07459
0.0933567
0.15474
0.03174
0.0340267
0.0263167
0.0324833
0.0516367
0.0669367
0.04175
0.08613
0.0735967
0.000206667
0.00916
0.00298
0.00095
0
0
0.0415767
0.00123333
0
0.00297667
0
0
0.0578133
0.0273733
0.02098
0.109787
0.0242067
0
0.0287067
0.0245833
0.02874
0
0.0539867
0.04327
0.0578467
0.0460633
0.0414533
0.0182633
0.0111667
0.01831
0.0281133
0.0252
0.0199367
0.0163267
0.02526
0.0329933
0.04806
0.0146233
0.0374367
0.0335433
0.01296
0.0512267
0.0419667
0.02781
0.0730267
0.05897
0
0.00911
0.0286833
0.00473333
0
0.0268333
0.0138
0.00309
0.0160733
0
0.0134533
0.00013
0.01225
0
0
0.000356667
0
0
0
0
0.00871333
0
0
0.03948
0.0616533
0.0426733
0.0450533
0.0305867
0.0143833
0.0171067
0.01446
0.0323967
0.00707
0.00643333
0.0241833
0.00597
0.0178533
0.00202
0.000623333
0.00645
0
0.000623333
0
0.0109467
0.0120533
0.00013
0
0
0
0
0.000156667
0.00900667
0.02858
0.00476333
0.00671667
0.000616667
0.00039
0
0.00952
0
0.0116333
0.00925
0
0.01451
0.00643667
0
0.00099
0.0296767
0.000173333
0.000173333
0.00457667
0
0.0264733
0.00169
0
0
0.0556667
0
0.0143233
0
0.000733333
0
0.00814333
0.01844
0.00406667
0
0
0
0
0.00790667
0
0.00776333
0.00446667
0.0125167
0.01744
0.0302433
0.00964333
0.0281333
0.00517333
0.00014
0.00014
0
0.00013
0.00587
0
0.000596667
0.00717667
0.000943333
0.0136633
0.02266
0.00013
0.00783333
0.00276667
0.00147
0.00871
0.00039
0.000616667
0.00317667
0.0137467
0.0153633
0
0.00022
0
0
0
0.0321967
0.00768667
0
0.0188867
0
0
0
0
0.00046
0.0195967
0
0
0.000253333
0
0.0114033
0.04228
0
0
0.00201667
0
0.00187333
0
0.00756667
0.0174667
0.00089
0
0
0
0
0
0.02924
0
0
0
0.00309333
0.0285067
0.03133
0
0
0.00022
0.0121267
0.0139533
0.00905667
0.00142333
0.0100567
0.00014
0
0.0419933
0.000336667
0.00012
0
0.00047
0.0132467
0.00144667
0.000233333
0
0.00026
0.00062
0
0.000206667
0
0.00025
0.00299333
0
0.00672667
0
0.000143333
0.00322
0.0144833
0.00395667
0.00359667
0.00011
0.00219333
0
0
0.00131333
0
0
0.00133333
0
0
0
0.00382
0
0
0.00254333
0.00343
0
0
0
0.01374
0
0.00784
0.0184067
0
0
0
0.0478333
0
0
0.00443333
0.0417533
0.02152
0
0.0114967
0
0
0
0.0134167
0.0215233
0.0232233
0.0115033
0.0110333
0
0.0126567
0.00411
0.00038
0.0293233
0.00271667
0
0.00982667
0
0
0.00013
0
0.0029
0.000146667
8.66667e-05
0.00868667
0.00166667
0.06047
0.000126667
0.000213333
0.000183333
0
0.0143167
0
0.0269333
0.000306667
0
0.000186667
0
0.000186667
0.00312333
0.00011
0.00994
0.000923333
0
0
0
0
0.01394
0.00022
0
0.144347
0
0
0
0
0
0.01781
0.0180233
0.00335333
0
0
0
0
0.000843333
0
0
0.0011
0.0211733
0
0.00140333
0.138117
0.0257333
0.0243233
0.0553567
0.003
0.02315
0
0.00159667
0
0
0
0.00037
0.00478333
0
0
0.0538967
0.00222333
0.000156667
0.02764
0
0.0101567
0.00334
0
0
0
0
0.00011
0.000186667
0.000403333
0.00052
0.000763333
0.00832333
0
0
0.01242
0
0
0.000253333
0
0
0
0
0
0.02136
0.01835
0.0374767
0.000223333
0.00052
0.00255667
0.00106667
0.00105333
0.00149667
0
0.00149667
0
0.0146
0.15954
0.10323
0.00273
0
0.0157767
0
0
0
0.00177
0
0
0
0
0
0
0
0.0367667
0.03075
0.00142667
0.01107
0.00424667
0
0
0.00843
0.02352
0
0.0928933
0
0.00231333
0.0508333
0.0129933
0.01744
0
0.00037
0.0213333
0
0.0384233
0.00143333
0
0
0
0.000216667
0
0.00322333
0.0212067
0.00138333
0.00029
0.00893667
0
0.00232333
0
0
0
0
0.00189
0.00051
0.000306667
0.00341333
0.00321667
0.00323333
0.00271333
0.00801333
0
0
0.0015
0.000206667
0.00022
0.0213467
0.000936667
0.00142667
0.00408667
0
0
0
0
0.00323
0.00459
0
0.00011
0
0
0.00022
0
0.00925667
0
0.000266667
0
0
0
0
0
0.00285
0.00626
0
0
0
0.0160733
0.0115633
0
0.158513
0.102203
0.04385
0.00621667
8e-05
0
0.00784667
0.00119
0
0
0.000223333
0.00326667
0.00396667
0.00609333
0
0.0168733
0.0254967
0
0
0.0128467
0.033
0.0001
0.00312333
0.0267467
0
0.0209967
0.0112867
0.04067
0.0226967
0.00985
0.00698333
0.00158333
0.00037
0
0.0219133
0
0
0.000426667
0.00249
0.0151933
0.00013
0
0.00047
0.00684333
0.00409333
0.00025
0.0273767
0.00330333
0
0.00400333
0
0.0108833
0.000406667
0.00331667
0.000733333
0.00036
0
0
0
0.00989
0
0
0
0.06008
0.000183333
0
0
0.000503333
0
0
0
0
0
0.0317633
0.02993
0.0151067
0
0
0.00106333
0.00703333
0
0
0
0.0252867
0.00442333
0.01499
0.00228
0.00087
0
0.00106667
0.0517933
0.00250333
0.00183667
0.00835667
0
0.00552
0.00174667
0.00914667
0.00019
0
0
0.00135333
0.0347567
0.000113333
0.0122567
0
0
0
0
0
0
0
0.000183333
0.000183333
0
0.36072
0.0821967
0.0517933
0.0209067
0.0095
0.0268333
0.05108
0.0561333
0.571317
0.000426667
0
0
0
0
0.01186
0.0108833
0
0.000526667
0.00039
0.02288
0.00022
0
0.01107
0.01668
0.0225867
0.0486733
0.04892
0
0
0
0.0190133
0
0.01849
0.000253333
0
0
0
0
0
0.03034
0
0.000183333
0.00150667
9e-05
0
0
0
0
0
0
0
0.0452033
0
0
0
0.0598967
0.000123333
0.0104267
0
0
0
0.00649333
0.0122033
0
0.0867033
0.03917
0.0287633
0.0256767
0.00996
0.0108667
0
0.0363367
0.000136667
0.03361
0.00855333
0.00153333
0.000216667
0.05204
0.00421667
0.00158333
0.0156667
0.00248
0.000133333
0.00358333
0.000443333
0
0.000176667
0.01492
0
0
0.0168833
0.00109667
0.01663
0.05321
0.04496
0
0
0.0460433
0
0
0
0
7.33333e-05
0
0
0
0
0
0
0.00581667
0
0.02085
0.0176033
0.0308733
0.01139
0
0.0209067
0.00496667
0.00189
0.000183333
0.0142633
0.00599667
0.02222
0.00859333
0.000216667
0.0100133
0.00590333
0.000423333
0
0
0
0.00621
0
0
0.0353967
0
0.03795
0.0762467
0.0542967
0.0438567
0.44556
0
0.12592
0
0
0.00022
0.00729333
0.0038
0
0.01108
0.01079
0
0
0
0.00291
0.0227233
0.01814
0.00212667
0.000576667
0.00036
0.0043
0.00029
0.000206667
0
0.00321667
0
0
0
0.00666333
0.0464233
0
0.00969
0.0269667
0.00905
0.00855333
0.00177333
0.00016
0.000476667
0.000463333
0.000276667
0.000193333
0
0
0
0
0
0
0
0.0183167
0
0
0.0449433
0.0334333
0.0925967
0
0
0
0.00106667
0
0
0
0
0
0
0.0552633
0
0.0589467
0
0
0
0
0
0.00873667
0.03669
0.0331033
0
0
0.146523
0.00843667
0.00095
0
0
0
0
0.0777633
0.0288167
0
0
0
0.00099
0.00363667
0
0.00635333
0.0673133
0.00303
0
0
0
0.0151433
0
0.0135467
0
0.00287667
0.00109667
0.00038
0
0.01024
0.0183333
0.01046
0
0.000303333
0
0
0.01217
0
0
0
0
0
0.0233233
0
0
0.01446
0
0.06662
0.0807633
0.07696
0.0228633
0.000226667
0
0.03935
0
0
0
0
0
0.0314467
0.0268967
0.02322
0
0.00034
0.00455667
0
0.00034
0.01088
0.000343333
0.00034
0
0.0178833
0
0
0.00655333
0.0127467
0.00180333
0
0
0.0152233
0.00109667
0.00167333
0.02526
0.02828
0
0
0.0276667
0.000653333
0.0123033
0
0.0345133
0
0
0
0
0.05849
0
0.0283967
0
0.000253333
0.0493067
0
0
0.00107333
0.0488767
0.00461667
0
0
0
0
0.00798333
0
0
0.07397
0
0.00178333
0
0
0.0184067
0
0
8e-05
0
0.0196467
0.0012
0
0.00435333
0
0
0
0.01222
0.0649033
0.00746667
0.00831667
0.00478
0.00406667
0
0.01037
0.01202
0.0202933
0.00519
0.00016
0
0
0.00205
0
0.0307367
0
0.00019
0.00246333
0.00967333
0.00012
0
0
0.000406667
0.00228333
0.000253333
0.000163333
0
0
0
0.00546
0.0122433
0
0.00592
0
0.00075
0
0.0619
0
0
0
0.09355
0
0
0.01129
0.00466333
0
0.000406667
0.00074
0.00023
0.00016
0.00111667
0.0275233
0.0246667
0.0126467
0
0.02813
0.00635667
0
0.00690667
0.00265667
0.0265733
0.0128433
0.0115867
0
0.0967033
0.08432
0.00201
0
0
0
0.00208333
0
0.00976333
0
0
0.00116
0.00233333
0.000396667
0.0356467
0
0.00193667
0
7.33333e-05
0.0150467
0
0.0157133
0.01684
0.00300333
0.000723333
0
0
0
0.0117967
0.000316667
0
0.0148933
0.0703033
0.0201267
0
0
0
0.354133
0.0154067
0.0360833
0.10895
0.29147
0
0.00511667
0
0.00238333
0.00777333
0.10948
0
0
0.0706433
0
0
0
0.14377
0.00756
0.00148667
0.01207
0.00893333
0.00443333
0
0.00037
0.00369333
0.05083
0.02985
7.33333e-05
0.000353333
0.000506667
0
0.0104433
0.529313
0
0.000296667
0.00056
0
0
0
0
0
0.000396667
0
0
0
0
0.00351667
0
0.00196667
0
0.00511667
0
0.00252333
0.00577333
0.00309333
0.101917
0.0136667
0.0909
0.00055
0
0.08487
0.00455
0.000976667
0.245957
0.03742
0.04661
0.00881333
0.06927
0.0156067
0.000223333
0
0.223903
0.197023
0.267797
0.13205
0.0231933
0.00386
0.000233333
0
0.00822667
0.02388
0.00021
0
0.00551667
0.00738333
0
0
0
0
0.00526
0
0.00406333
0
0.03234
0
0
0
0
0.00224667
0
0.00130333
0.00414667
0
0.0143733
0.00295
0.011
0.000406667
0
0.0221233
0.0428867
0.0274733
0.00153333
0.0265867
0
0.00152333
0.00664333
0
0.0633867
0
0.00400667
0.0111433
0
0.00049
0
0.00285
0
0.00075
0.0170067
0
0.00482333
0.0287433
0
0.01536
0.00768
0.00454333
0.0300167
0.0297267
0.000163333
0.000163333
0.01399
0.00830333
0.01105
0.000313333
0.00016
0.0005
0.000503333
0.0265633
0
0
0
0.00627667
0.0139567
0.00149667
0.0257667
0.0211233
0.00807667
0
0.0108133
0
0
0.04637
0
0.0195567
0
0.01038
0.0276667
0
0.00322667
0
0
0.0310567
0.00051
0
0.0681567
0.127043
0.12226
0.111983
0.0322867
0.00429
0.208853
0.000373333
0
0.000513333
0.00577667
0.00238
0.0330633
0.00014
0.000166667
0
0.75803
0.00259667
0.73017
0
0
0.00215667
0
0
0
0
0.00192667
0.267127
0
0.00409667
0.0457967
0.221097
0.00320333
0.220333
0.02604
0.00149333
0
0.0220167
0.00857333
0
0.0768767
0
0.00315333
0.00547667
0.0143
0.00235
0.000283333
0.0444433
0
0.02497
0.0305867
0.00302333
0.0370767
0.00217333
0
0.00086
0.04233
0
0
0
0
0
0.00356
0.0625933
0
0
0
0
0
0
0.00803667
0
0.0148667
0
0
0.02377
0.00868333
0.0391533
0.0185333
0
0
0
0
0
0.0048
0.0291
0.01172
0.00226333
0.00813667
0.00149667
0
0
0
0
0
0
0
0
0
0.0462367
0.0222567
0
0.00012
0.00137333
0.0337033
0.0311667
0
0
0.00172333
0.000723333
0.000416667
0.000133333
0
0
0.00121333
0
0
0
0.00195333
0.00121333
0
0
0
0
0
0
0
0.00320667
0.00612
0.00013
0.0123833
0
0
0.000166667
0.00728667
0
0.00363333
0.000123333
0.000456667
0.000443333
0.00157667
0.000146667
0.000503333
0.0241267
0.03146
0.000396667
0.00865
0.00229
0.00442667
0.00259
0.0191333
0
0.0107433
0
0
0.0319233
0.00711
0.00042
0.00863667
0.0091
0
0.0260133
0
0
0
0
0.00390333
0.000343333
0.01483
0.00317
0.372103
0.009
0.0425767
0.0362733
0.0117633
0.00725
0.0622667
0.00014
0
0.0216833
0
0
0.0109367
0.62148
0.556863
0
0
0.56607
0
0
0
0.02693
0
0
0
0
0
0
0
0.00238667
0.00738667
0
0.00217
0.00203333
0.00149333
0.0485833
0.000383333
0.04968
0
0.0714367
0.01979
0
0
0.00850667
0
0.03447
0.00179
0.03036
0.02859
0.0215333
0
0.0375433
0.0155667
0.00754333
0.000613333
0
0.00122
0.00185
0
0.00227
0.0479933
0
0.02092
0.00035
0.00013
0.0281767
0
0
0
0
0
0
0
0
0
0
0
0
0
0
0
0
0.0589133
0.0531667
0.0510333
0.00266
0.0238233
0
0.0018
0
0
0
0
0.000183333
0
0
0
0.00024
0.03338
0
0.00119667
0
0
0.00461333
0
0.0115167
0.0363067
0
0
0.00463667
0
0.00082
0.0028
0
0
0.0740033
0.00022
0.000736667
0.00862667
0.00072
0.0174867
0.00183667
0
0.00772333
0.00047
0.01958
0
0
0.0165067
0.0449567
0.0749333
0
0
0
0.000686667
0
0.0153833
0.00437667
0.000763333
0.0148533
0.00042
0
0.00074
0
0.01253
0
0
0.000763333
0
0
0
0
0
0
0.0204633
0
0.000646667
0.0218033
0
0.0106033
0.191777
0.03098
0.03413
0.00153
0.0113167
0.151003
0.000223333
0.000223333
0.06694
0.116797
0
0.122793
0.00808
0.05523
0
0.01919
0
0
0.00329
0
0.00392667
0
0.00625667
0
0
0.00316333
0.000206667
0
0.00185667
0
0.000506667
0.000383333
0.00068
0
0.000383333
0
0.000746667
0
0
0.000646667
0.282317
0.0296933
0
0
0.01436
0.00549
0.000463333
0.00099
0.0061
0
0.01181
0
0
0.000933333
0.05299
0.000123333
0
0
0
0
0
0
0
0
0
0
0
0.0276867
0
0.0498933
0.0124033
0.0162967
0.0564167
0
0
0
0.000826667
0
0.00104667
0
9.66667e-05
0
0.000183333
0.0270467
0.0107467
0.0115133
0
0
0
0.0240433
0
0
0
0.00012
0
0
0.0287767
0
0
0.00820333
0.01947
0.00427667
0
0.00790333
0.00164
0
0.000426667
0.00499667
0
0.00125667
0.01474
0.0569133
0.00132
0.01375
0.00259
0.0840667
0.000253333
0.00143
0.0697967
0
0
0
0
0.00085
0.0210967
0.02164
0.0379267
0
0.00093
0.00862
0.00791
0
0
0
0
0
0
0
0.000233333
0.000146667
0.00822667
0
0.00673
0
0.0122
0.00653667
0.0108367
0.03174
0.00228
0.04053
0.000223333
0
0.0304533
0.000613333
0
0
0
0
0
0.000853333
0.000506667
0
0.00681667
0.000343333
0.000333333
0.00835667
0
0.0392067
0
0
0.0136633
0
0
0
0.000756667
0
0.000233333
0.00219
0
0.000816667
0.000686667
0.00973
0.00242333
0.0100567
0.00271333
0
0.00084
0
0.000666667
0
0.000666667
0.00316667
0
0.00481667
0
0
0.00148667
0
0.00318667
0.01901
0.00317
0.458617
0
0
0.000116667
0.03341
0
0.09931
0.0815533
0.00275
0
0.00250333
0
0.00245
0.0384067
0.03964
0.000253333
0.01672
0.0312933
0
0.00343
0.0340733
0.0168733
0.01463
0.02242
0.0443633
0
0.00141
0.0332967
0
0
0.00572667
0
0
0
0
0
0
0
0
0.000383333
0
0
0
0
0
0
0.00151
0.0308967
0
0.00369
0.0464233
0.06202
0.0280567
0
0.00485333
0.00131667
0
0.0220867
0
0
0
0
0
0.00184333
0.0296233
0
0.00035
0
0.000173333
0
0.0206
0.02999
0.000303333
0
0.00445
0.00575
0
0
0.00107
0
0
0
0
0
0.000583333
0.00386667
0.0201167
0.0077
0
0
0
0.000653333
0
0.00384667
0
0
0
0.000376667
0.000133333
0.00051
0.000156667
0.00141
0.00842333
0.00777333
0.00038
0.0560433
0.0251367
0.0238933
0.03671
0
0.00013
0.00328667
0.00307667
0.02897
0
0
0
0
0.000126667
0.000126667
0
0
0.0111033
0.0173933
0.000293333
0
0.0123833
0.0112867
0.00193667
0.00625667
0.00362
0
0
0
0
0.000586667
0
0
0.0018
0.000286667
0.000226667
0
0.01012
0
0.0256167
0.0116167
0
0
0
0
0.05612
0
0.109787
0.00263667
0
0
0.125883
0.0713133
0
0
0
0.0085
0.000233333
0.00334
0.00897333
0.02474
0.02756
0.00844
0.00105667
0.00143333
0.00857
0.0527967
0.0444433
0.01545
0.0300133
0.0292833
0.0302033
0.0148667
0.00874333
0.00061
0.000363333
0
0
0
0
0.02522
0.03765
0.0124033
0.000656667
0.0291167
0.00633667
0.0078
0.0684733
0.03886
0.0132867
0
0.0392267
8.33333e-05
0.000166667
0.00692
0.01392
0
0.0114867
0.03358
0.00363667
0.0214533
0.00133667
0.00735333
0
0
0
0
0.0101133
0
0
0
0
0
0
0
0.0551267
0
0.0361133
0
0
0.04767
0
0.0116067
0.02664
0
0.00616667
8e-05
0
0.0143933
0
0
0
0
0.00746667
0
0
0.0189
0.0143467
0.00743
0.0111767
0.000116667
0
0.00228333
0.00107
0.000553333
0.00866667
0
0
0
0
0.02959
0
0
0.000583333
0.00369
0.000406667
0.0007
0.000246667
0
0.00667333
0
0.00014
0.00063
0
0
0
0
0.000683333
0.0402133
0
0
0.06868
0.01003
0
0.0156433
0
0
0
0.0494433
0
0
0.0146
0
0.00042
0.00860333
0.000353333
0
0.03314
0.0181
0.00165667
0.00225
0.00206667
0.00209
0
0
0
0
0.000103333
0
0
0.01546
0
0
0.000213333
0
0.00906667
0.000263333
0.00141333
0.000156667
0.000513333
0.000193333
0
0
0
0.0294933
0
0
0.0618567
0
0
0.0206333
0.00688333
0
0.0242233
0
0.00151333
0.000333333
0
0.00322667
0
0
0
0.0228967
0
0.0266067
0.0668633
0.00330333
0.0876467
0.03639
0
0
0.0906767
0.0638533
0.0717433
0
0.0814433
0.0784233
0.0584167
0.000233333
0.0900033
0.104743
0.107547
0.0858333
0.000336667
0.0158133
0.0223967
0.007
0.00896333
0.0301067
0.00473333
0.0140733
0.01525
0.000386667
0.0312933
0.0685333
0.0162333
0.00687333
0.0304667
0
0.00881333
0.0739933
0.000246667
0.0474667
0
0.000363333
0.00463667
0
0
0.00068
0.0119967
0
0
0
0
0.00042
0
0
0.00042
0.00365667
0.01034
0.000266667
0
0.00848
0.00883333
0
0.0187967
0.00845667
0.0183633
0.0255
0.00175333
0.0205467
0.00513
0.02029
0.0111367
0.00042
0.00405667
0.0117233
0.01435
0.000826667
0
0
0.00032
0
0
0
0
0.00285333
0.00274
0.0121667
0.00045
0.0171367
0.0125867
0.0277867
0.000626667
0.03922
0
0
0.00051
0
0.00325333
0.0113
0.0320467
0.00840333
0.00171667
0.0100667
0.00230333
0.0343
0.03156
0.000666667
0.00467333
0
0
0
0
0
0
0
0
0
0.0181233
0.00292
0.0264767
0
0
0
0.00083
0.0418433
0.0259
0.0991667
0
0
0.0137933
0
0
0
0
0
0
0.01696
0
0.000236667
0.0001
0
0
0
0
0.01842
0.00011
0.0110933
0
0.000303333
0
0
0
0.00721
0
0
0
0
0
0
0.00430667
0.0139533
0.02076
0.0384267
0.02516
0.00678667
0
0.00306333
0
0
0
0.00209333
0
0.04535
0.0151933
0
0.0394467
0.0772733
0
0
0
0.000253333
0
0.000736667
0
0
0
0.00678667
0.00045
0.0220567
0
0
0
0.0168567
0
0
0.0158533
0
0.05365
0.0112833
0.00242667
0
0.0164467
0.000383333
0.000383333
0.0274067
0.0257933
0.00298
0.000583333
0.00177333
0.0286033
0.00913
0.0305567
0.000176667
0
0.0209333
0.000196667
0.000483333
0.0299933
0.0786267
0.0758867
0.0421167
0.000586667
0.00302667
0.0238067
0.000123333
0.0223033
0.0145967
0
0.0122867
0
0
0
0
0
0
0
0
0.03379
0
0.0143533
0
0.0323467
0.00489
0.0261967
0
0
0
0.00041
0
0.04787
0
0
0
0
0
0
0
0
0.0129233
0
0
0.00083
0.0554267
0
0
0
0
0.00135
0
0
0.04386
0
0.000333333
0.01586
0.00361
0.00707
0.0304967
0
0
0
0
0
0
0.0151167
0
0.000583333
0.0393333
0.0553233
0.00110333
0
0
0.00450667
0.00355333
0.00914
0.00082
0.0391433
0.00022
0.00062
0.0152333
0
0
0
0.00483333
0
0.00529667
0.0187267
0
0
0
0
0
0
0.01857
0.0474333
0
0
0.0001
0.00674333
0.17497
0
0
0
0.01883
0.0158333
0.0177033
0.00484333
0.0878233
0
0.000156667
0.00415333
0.000213333
0
0.01069
0
0
0
0
0
0.156927
0
0.01739
0
0.00468333
0.0154767
0
0
0.00931667
0
0
0
0
0
0
0
0
0.000246667
0.00131667
0.00049
0.0281
0.00127
0.02265
0
0
0
0.00466
0.0857
0
0.00310333
0
0
0
0
0
0
0.00611
0
0
0.000333333
0
0
0.00059
0.00312667
0.0148233
0
0
0
0
0.0267733
0.01727
0.01031
0.0269967
0.02717
0
0
0
0
0.000606667
0.01965
0
0.00744667
0.0160133
0.00958333
0.0494833
0.01171
0.0457767
0
0.0214333
0.0162567
0
0.0112267
0.00164667
0.00478333
0
0.00051
0
0.00616333
0.0184433
0.00021
0
0
0
0.00231
0.0213967
0.00478333
0.0318133
0.0131833
0
0
0
0
0
0
0.000536667
0.0176933
0
0
0
0
0
0
0.01924
0
0
0
0
0
0
0.15043
0
0
0
0
0.00599333
0
0
0.00202
0.0263767
0
0
0.0259833
0
0
0.01235
0.00921
0.00917667
0.00986333
0
0
0.00026
0
0.000233333
0.0256433
0.00109333
0.00348667
0.0198633
0.00328667
0.00267333
0.00969333
0.000283333
0.000283333
0.00174667
0.00224667
0.000833333
0
0
0
0
0
0
0
0
0
0.0135633
0.05891
0.0136667
0
0
0
0
0
0
0
0
0
0
0
0.0490767
0.00527667
0
0
0
0
0
0
0
0.00092
0
0
0
0
0.00308333
0.00207
0
0
0.000473333
0.0152067
0
0
0
0
0
0
0
0
0.000603333
0.00704667
0.01155
0
0
0
0
0
0
0.00218667
0.0124867
0
0.0180433
0
0.0503167
0.00703667
0.0140667
0.0366767
0.00575
0.0521867
0
0
0.00591333
0.0330633
0.00148667
0.0190533
0.0223133
0.00254333
0
0
0
0.000233333
0
0.0139767
0
0
0.00356
0
0.0274867
0
0
0.02774
0.00045
0
0
0
0
0
0.0266433
0
0
0
0
0
0
0.0133767
0
0
0
0
0
0
0
0
0
0.07997
0
0.138363
0
0
0.00291333
0
0.00166
0
0
0
0
0
0
0.00833333
0
0.0295467
0
0.05822
0
0.00529333
0.000116667
0
0.00733
0
0.000226667
0
0
0
0
0
0
0
0
0
0
0.00135333
0
0
0
0
0
0
0.000346667
0
0
0
0.000213333
8.33333e-05
0
0
0
0.00208333
0
0
0.02821
0
0
0.0104667
0
0
0
0
0.00899333
0
0.00106333
0.0128833
0.00465667
0
0.00175
0.01028
0.00913
0
0
0
0.02348
0
0
0.00513667
0.00299
0.0188633
0.03639
0.0490967
0.0260533
0.000963333
0.00270667
0.00555
0.0227733
0.00152
0.0127833
0.0175767
0.0204867
0.02433
0.00134667
0
0
0.0641967
0
0.0150833
0
0.00079
0.0019
0.00687
0.00112333
0.00231
0
0
0.0108967
0.01008
0.02235
0.01383
0
0.00258
0
0
0.01331
0
0.00204333
0.000126667
0
0.0663867
0
0
0
0
0
0
0
0
0.000236667
0
0.0238767
0
0
0.01224
0
0
0
0
0
0
0.000126667
0
0
0
0
0.000363333
0.0196967
0.03377
0.0259233
0.00925333
0.00225
0.000116667
0
0.00109
0
0
0
0
0
0.000863333
0
0
0
0
0
0
0
0
0
0
0
0
0
0.00013
0
0.01448
0.00389333
0
0
0.0126267
0.000636667
0.000646667
0
0
0.00267667
0
0.00480333
0.00031
0
0.000916667
0
0
0
0.000606667
0
0
0
0
0
0
0
0.0248933
0.05987
0
0.02305
0.0282667
0
0.0297733
0.00341
0.0023
0
0.00649
0.01491
0
0
0.00248667
0
0.0174033
0.00124333
0.00448667
0
0.00356
0.00394667
0
0
0
0.0159567
0.02144
0.0416033
0
0
0.0348133
0
0
0
0.000246667
0
0
0.0120133
0
0
0
0
0
0
0
0
0.00033
0
0.0110967
0.00945333
0
0
0.0633
0.0253633
0.0243367
0.000763333
0
0.000333333
0
0.00161
0
0.000366667
0
0
0
0
0
0
0
0
0
0
0
0
0.0450967
0
0
0
0.00254333
0
0
0.0107667
0.000733333
0
0.00045
0
0
0.00229333
0
0.00435667
0
0
0
0
0.0993733
0.109747
0.11772
0.0214133
0
0
0
0
0.0280033
0.0860567
0.01487
0.00256667
0.00341
0.00724667
0.00015
0.0488867
0.02604
0.0389067
0.0066
0.02625
0
0.0280433
0.00732667
0.0008
0
0.00135667
0
0.0109767
0.00524667
0.0107333
0.00161
0
0
0
0
0
0
0
0
0.15293
0
0
0
0.0128133
0.00320333
0.0015
0
0
0.00063
0.0460533
0.0566933
0.0153467
0.02904
0.04716
0.000143333
0.0238567
0.0376867
0
0.00335667
0
0
0.000226667
0
0
0
0
0
0
0.000863333
0
0
0
0
0
0
0
0.0921967
0
0
0
0.00396
0.0234633
0.000733333
0.000323333
0
0
0
0
0.000196667
0
0.0233233
0
0
0
0
0
0
0.000296667
0
0
0.0715667
0
0
0
0.0578433
0
0.00823
0.0262467
0
0.13469
0.00991333
0
0.00587
0.0264133
0
0
0
0.00056
0.00029
0
0
0
0.00643333
0
0
0.0143867
0
0
0
0.0516833
0.00204333
0.00259333
0
0
0
0
0
0
0
0
0
0
0
0.141273
0
0.02734
0
0
0
0
0.0271467
0
0.000373333
0.00022
0.05257
0
0.00065
0.0313767
0.0842933
0.02951
0.0142867
0.0185367
0.0201433
0
0.0005
0
0
0
0
0
0
0
0
0
0
0
0
0
0
0
0
0
0
0.0251533
0.0371167
0.0231333
0
0.00462667
0.0190367
0
0
0
0
0
0
0
0
0
0.000296667
0.00401
0.0355033
0
0.000596667
0.0171733
0.0188
0.00442333
0.04742
0
0.00806
0.0377267
0.000603333
0
0
0
0
0
0
0
0
0
0
0
0
0
0
0
0
0
0.0107033
0
0
0
0.00076
0
0
0.07272
0.05908
0
0.00172667
0
0
0
0
0.02659
0
0.0274533
0
0
0
0
0.00854333
0
0.0245167
0
0
0
0
0
0
0
0
0.00174
0.00145333
0
0
0
0
0
0
0
0
0
0
0.0100067
0.000196667
0.00813333
0
0
0
0
0.00092
0
0
0
0
0
0
0
0
0
0
0
0
0.000296667
0.00401
0.000326667
0.000296667
0.05203
0
0.102473
0.00445
0.0290067
0
0
0.00062
0.168313
0
0.12236
0.0633867
0.02499
0.00054
0.0464133
0.00271333
0
0
0
0.00101
0
0
0
0.0203267
0.00197333
0
0
0
0
0
0
0
0
0.00896333
0.0152467
0.00055
0
0
0.000366667
0
0
0.000296667
0.00150667
0
0
0
0.00714333
0
0
0
0
0
0
0.00169333
0.0103333
0.0156167
0.000193333
0
0.00231
0
0
0.00572667
0
0.0340467
9.66667e-05
0.000506667
0
0.000136667
0.00378
0
0
0.05254
0
0.0103133
0.0426833
0.0325733
0.00443
0
0
0.00206
0
0
0.00161
0
0
0
0
0.000863333
0
0
0
0
0.0572567
0
0
0
0
0
0
0
0
0
0
0
0
0.01018
0.00318
0.000286667
0
0.00158333
0.06735
0
0
0
0
0
0
0
0.00013
0
0
0.0346867
0
0
0
0.00124667
0.000863333
0
0
0.000196667
0
0.00046
0.0270967
0.0231433
0.00746
0
0
0
0
0
0
0
0
0
0.00726
0.0106467
0.00145333
0.00767667
0
0.01024
0
0.0497933
0
0.00062
0.00058
0.05421
0
0
0.00100333
0.00902667
0.000196667
0
0
0
0.00295667
0.00711667
0.00288
0.0119467
0.00179333
0.0127433
0.0139367
0.00342
0.00215
0
0
0
0
0
0.02069
0
0
8.33333e-05
0.00837667
0.000463333
0.0116167
0
0.00632667
0.00302333
0
0.0305167
0
0.01063
0
0
0
0.000296667
0.0156133
0
0
0.00124333
0
0.00785
0.0287067
0
0.000216667
0
0.148843
0.00220333
0
0
0
0
0
0.00496
0.00463333
0
0.02114
0.0343667
0.0768733
0.0420733
0.0130633
0.0332467
0.0319467
0.0174533
0.0101767
0.00447
0
0.00174667
0
0
0
0
0
0
0
0
0
0
0
0
0
0
0
0
0
0
0
0.0464367
0.00418
0.000363333
0.00164333
0
0
0
0.0518167
0.0931667
0.000193333
0.000343333
0.00015
0.000496667
0.185487
0.000626667
0
0.00056
0
0
0
0
0.00963667
0
0.0109033
0.02113
0.00962
0.01376
0.00217333
0.00276333
0.0171733
0.03371
0
9.33333e-05
0
0
0.00337333
0.00079
0.00122
0.00697333
0.00043
0
0
0
0.00032
0
0
0.000743333
0.01015
0.0160467
0
0
0
0.000123333
0.0770233
0
0.0395333
0
0.0464667
0.0589033
0
0.000893333
0.000406667
0
0.218273
0.00124333
0.00134333
0.00226333
0.00160667
0.000196667
0.03315
0
0.0113567
0
0
0
0
0
0
0
0
0
0
0.00056
0
0
0
0
0.00152333
0.00133333
0
0.000486667
0.00180667
0.01774
0.02873
0.0368367
0
0
0
0
0.000303333
0
0
0
0
0
0
0
0.000433333
0
0
0
0
0
0
0
0.0007
0.00249333
0.00112333
0
0.0003
0
0.000143333
0
0
0.000136667
0
0.0569833
0.0122733
0.0143967
0.01706
0.00708667
0.00833667
0.00013
0
0
0.00174
0
0
0
0
0
0.000293333
0.000293333
0
0.000153333
0
0
0.00017
0.00388
0.01589
0
0
0.000363333
0
0
8.33333e-05
8.33333e-05
0.0154333
0.01788
0.02085
7.33333e-05
0
0.00111333
0
0
0.000753333
0
0
0.00046
0
0.0112
0.0263467
0.0390933
0.0227167
0.00770667
0.00322333
0
0
0.000263333
0.0163167
0.00032
0
0.00454667
0.00246333
0.00238667
0.00195667
0
0.000326667
0
0
0.00103667
0
0
0
0
0
0
0.0482667
0.00346
0
0.0216167
0.01402
0.000196667
0.00255333
0.0315267
0.00691
0.0219833
0.0292167
0.01047
0.00013
0.00846333
0.0190233
0.00041
0
0
0.00150333
0.00150333
0.00936333
0
0
0.0201533
0
0
0
0.00044
0
0.00152333
0.00424
0
0
0
0
0.00103
0
0
0
0
0
0
0
0.0108367
0.0109067
0
0
0
0
0.0999367
0
0
0
0.00053
0.00690333
0
0
0.177457
0
0
0.0542033
0
0
0.00691
0.00218
0.00805667
0.0328267
0
0.0949333
0
0
0.00922
0.00416667
0
0.00157667
0.02973
0.0204633
0.00422
0
0
0.00699
0.000106667
0
0
0
0.01066
0.00013
0
0.09047
0.0398967
0.0112467
0.0124867
0.00243667
0.03629
0.0479033
0.02698
0.0135633
0.00711333
0.00049
0
0
0
0
0.000676667
0.000293333
0.0178733
0.00345
0.00360333
0.000283333
0
0.00013
0.00945
0.000273333
0.00760667
0
0
0
0
0
0
0.01178
0.0492867
0.05474
0.000973333
0
0
0.170713
0
0.01213
7.33333e-05
0
0
0.000626667
0.00161667
0
0
0
0.00276333
0.00246667
0.00292667
0.0266433
0.00327
0
0
0
0.00727
0
0
0
0.00579
0.00834333
0.02382
0.0164
0.0148667
0.00501
0.000423333
0
0.00032
0
0.000416667
0
0.00103667
0
0.000146667
0
0.0777567
0.0205833
0
0
0
0.0296833
0
0.0276467
0.0298733
0
0
0
0.00792
0.0185667
0.01782
0.0100233
0.0279833
0.0166267
0.0109333
0.0216
0.0204567
0
0
0.000433333
0
0.00481333
8e-05
0.00058
0
0.00044
0
0.00633667
0.00538333
0.00547
0
0
0
0
0
0
0.05403
0
0
0
0
0
0
0
0.00716333
0
0
0.0286733
0
0
0.0184267
0.0052
0.00347667
0
0
0
0
0
0.0167633
0
0.00202667
0
0.00458667
0.02059
9e-05
0.000106667
0.000106667
0.000366667
0.000506667
0
0
0.00969
0
0
0
0.00013
0.01339
0.04169
0.0765267
0.00130333
0.0417467
0.02354
0.0371433
0.000516667
0.00036
0
0
0
0.00187333
0
0
0.000383333
0.01115
0.0074
0.01847
0.0148133
0.0113633
0.0389167
0.0280867
0.114203
0.101493
0.000116667
0
0
0
0
0
0
0
0
0
0.0467967
0
0
0
0
0
0.00441
0.00392333
0
0
0
0
0.00167333
0
0.0100767
0.00885
9.33333e-05
0
0
0
0
0.0653933
0.0683067
0.0296467
0.0361767
0.00025
0
0
0
0.00034
0.00123
0
0
0
0
0
0.0290967
0
0.00148333
0
0.0214233
0
0.00981667
0.0127833
0
0.0401933
0.0101833
0.00816
0.0112667
0.000306667
0.0175433
0.00145667
0.01464
0.00678333
0
0.0151367
0.0464067
0.001
0
0
0.02075
0.00045
0
0.00401667
0
0
0.00044
0.00044
0.00520333
0
0
0
9.66667e-05
0
0
0
0
0
0
0
0
0
0
0.11262
0
0.00691333
0.00798667
0
0
0
0
0.000196667
0.00358667
0.07495
0.0626067
0.05864
0.000326667
0
0.00756
0
0.00215667
0
0
0
0
0.0478667
9.66667e-05
0
0
0.00272667
0
0.00013
0.154657
0.16013
0.100583
0.111033
0.0233733
0.09369
0.0169433
0.0689533
0.00036
0
0
0
0
0
0
0.000383333
0.0258967
0
0.06867
0.131257
0.09153
0.138537
0.0689267
0.08706
0.0210967
0.0747067
0.0470233
0.0155167
0
0
0
0
0
0
0
0.15372
0
0
0.00970333
0.193597
0
0.00417667
0.00802667
7.33333e-05
0
0.0153533
0
0
0
0.000506667
0.0275
0
0.0569967
0
0
0
0
0
0.0257333
0.0552833
0.000116667
0
0
0.0565633
0.06398
0
0
0.002
0
0
0
0.000363333
0.00865
0.000116667
0
0
0
0
0
0.127093
0
0.000423333
0.00042
0
0.000436667
0.00513667
0
0
0.09221
0
0.0153867
0.0183767
0.01888
0
0.00053
0.00112
0.00583667
0.00667
0
0.0311233
0.0167467
0.0210533
0.00021
0
0.03099
0
0.0719033
0
0.00516333
0
0
0.0419633
0.00615
0.0114133
0
0
0
0
0
0
0.03422
0
0.0210233
0.00319
0.00042
0
0.00148333
0.06527
0.00407667
0.000666667
0.00042
0.00414667
0.00341
0.00935
0.00377
0
0.000283333
0.03195
0.00344667
0.00385
0.00046
0
0.02707
0
0
0.00839667
0
0.00752
0
0
0.00312
0
0
0
0.01028
0
0
0
0.10182
0.01884
0
0
0.01853
0.0157433
0
0
0
0.000306667
0.00413333
0.000673333
0
0
0
0.0909633
0
0
0.05525
0.00677667
0.000323333
0.15197
0.10577
0
0.282123
0
0.000763333
0.00237333
0.0119167
0.02527
0.00533667
0.00563
0
0.00287667
0.0175667
0.000623333
0.00291333
0.0270733
0.00166
0.0843433
0.00787
0
0.00690667
0.0200333
0
0
0
0
0
0
0
0
0
0.00137
0
0
0
0
0
0
0
0
0.122453
0
0.117147
0.00092
0
0
0
0
0
0
0
0
0.01599
0
0
0
0.0121233
0
0.00842667
0
0
0.000393333
0.0321933
0.01878
0.00981
0
0
0
0.00108333
0.00348667
0
0.000156667
0
0.00183
0
0
0
0.00110333
0.0128033
0.0421833
0
0.0765
0
0.002
0
0
0
0
0
8.33333e-05
0
0
0.00618333
0
0
0.245457
0
0
0
0
0
0
0.00208
0.0765667
0.0932367
0
0
0
0.0377267
0.0877067
0.0232267
0
0.118543
0
0
0
0
0
0.00168
0.00053
0
0.00649
0
0
0.102707
0
0.00886667
0.00623333
0
0
0
0.04886
0
0
0.00463667
0
0
0
0
0
0
0
0
0.00926333
0.000306667
0.0172
0
0.00346333
0
0.00205667
0.00110333
0
0.0411833
0.0284733
0.00220333
0.00023
0.00369667
0.00055
0
0.00021
0.0166133
0.0450433
0.01312
0.0297333
0.00091
0.00438
0.0538133
0.110417
0
0.0135633
0.00194
0.08581
0
0.04228
0
0.0153967
0.0204033
0.00239333
0
0.000193333
0.0551833
0
0.00830333
0.06516
0.000793333
0
0
0.00366333
0
0.0401933
0.00431667
0.00183333
0.00023
0.00215
0
0.0157467
0
0.0140367
0.02679
0.00596333
0
0.196953
0.00027
0.000483333
0
0
0.000623333
0.00892333
0
0.00278
0
0.00865
0.00456333
0.0242467
0.0193567
0.0180967
0.551403
0
0.000193333
0
0.56631
0
0
0
0
0
0.00184333
0.595227
0.0144267
0
0
0
0
0.00657667
0.0608833
0
0
0.00258667
0
0
0.000323333
0.194813
0.00738
0
0.00290667
0.00014
0
0.15092
0
0.000156667
0.000193333
0.574
0.01517
7.66667e-05
0
0.00278333
0
0.00144
0
0
0.00147333
0.08164
0
0.0279233
0.000103333
0.114173
0.000103333
0
0.000746667
0.0469367
0.0125567
0.00029
0.0126933
0.0892367
0.0251
0
0.00963333
0.0105467
0.0501733
0.00098
0
0.00646
0.0269567
0.000323333
0.1893
0.200533
0.306427
0.16561
0
0.717107
0.512197
0
0
0
0.000873333
0.0126
0.000333333
0.0924267
0.00758333
0.00918667
0
0.00552667
0
0
0
0
0.00509333
0.00327
0
0.01345
0
0.00809
0
0
0
0
0
0.0117267
0.00041
0.00210333
0.00929
0
0
0.00311333
0
0
0
0.00249333
0.0128267
0
0.000136667
0
0
0
0
0.000393333
0
0.0121867
0.00356
0
0.133513
0.0119133
0.0684767
0.000376667
0
0
0
0
0.0152433
0.00373
0
0.0331
0.000116667
0
0
0
0
0
0
0
0
0.01401
0
0.246417
0
0.107233
0.0939333
0.01975
0
0
0.000243333
0.000243333
0.01075
0.00185667
0.0250567
0
0
0.00236333
0.00412
0.0119733
0
0
0.08965
0
0.00099
0
0
0.00727333
0
0.0009
0.00023
0.0365633
0
0.000166667
0
0
0.0416133
0
0
0
0.00066
0.0159933
0
0.000576667
0.00170667
0.02341
0.00089
0.00198667
0
0.05589
0
0
0.0914667
0.0831033
0
0.00205667
0.00274
0.0427267
0.19513
0.01918
0.03099
0.000506667
0.0100067
0.287203
0
0
0.00811333
0.000246667
0.00479667
0
0.000306667
0.000946667
0.00642667
0.00198667
0.00184333
0.000703333
0.00369333
0.0272533
0
0.00183333
0.00443
0
0.0203233
0
0
0
0
0.00742667
0
0
0
0
0
0
0
0
0
0.150993
0
0
0
0
0
0
0.000246667
0.111077
0.41595
0
0.302883
0.156597
0.0155433
0.08948
0
0.00031
0.00880667
0
0.000366667
0.0216533
0.0274467
0.00577
0.0114367
0.0007
0
0
0.00703
0.03173
0.03614
0.0693333
0
0.00877333
0
0.0006
0
0.591247
0.330927
0
0
0.00282667
0.000193333
0.00969
0.0556933
0.00202
0.00478
0
0.0153833
0.01164
0.00062
0
0
0.000506667
0
0
0
0
0
0
0
0
0
0
0
0.0656133
0
0.00142
0
0
0.0157267
0.03018
0.0337633
0
0.00232667
0
0
0
0.01097
0.000573333
0
0
0.0213833
0
0.0252667
0.148247
0.214523
0.177057
0.114417
0.108227
0.01291
0.0330833
0.01274
0
0
0.000376667
0.00048
0
0
0.01266
0.00339
0.0248667
0
0
0.0337867
0
0
0
0
0
0
0
0
0
0
0
0.126073
0
0.000546667
0
0
0
0
0
0.00162
0.0261467
0.00017
0.07524
0.00775333
0.00933667
0.00424333
0.0646433
0
0.00026
0
0.00031
0
0.000673333
0.01401
0.0790967
0
0
0.00053
0
0
0.106407
0.0235433
0
0.00579
0.00252333
0.00096
0
0
0.03417
0
0
0.0269567
0
0
0
0
0.02946
0.107037
0
0
0
0
0.0176233
0
0.00077
0.0336067
0.0376067
0.237333
0.00239333
0.0402067
0.00864
0.02073
0.0204967
0.01792
0.0496367
0.0914967
0.0658833
0.01349
0.00102333
0.00063
0.000156667
0.0391267
0.0284833
0.0246767
0.234317
0
0.00102333
0
0
0
0.190813
0.00765333
0
0
0
0.000623333
0.0193167
0
0
0
0
0.642787
0
0
0.00883667
0.0254633
0
0
0.0356733
0
0
0.000486667
0.67892
0.00841333
0
0
0.00371
0
0
0.00219333
0.305877
0
0
0.00434
0
0.00207667
0.00162667
0.00797333
0.00037
0.0826433
0
0.0467633
0.00856333
0.0365433
0.0347
0
0.0106933
0
0
0.149843
0.0064
0
0.0006
0.40858
0
0.00276333
0.67115
0.33822
0.00881333
0.000376667
0
0
0
0
0.0338
0.00208333
0
0.00273
9.33333e-05
0
0.0291467
0
0.00689
0
0.00226333
0.00937
0
0
0
0.00673333
0.00022
0
0
0.00062
0
8.33333e-05
0
0.00655667
0.00330667
0.03247
0
0.02123
0
0
0.0261433
0
0
0.01652
0.0280467
0.00199333
0.0376733
0.00236667
0.01779
0
0
0
0
0
0.00417333
0
0.00259667
0.0231733
0.02715
0.00409667
0
0
0.0146933
0
0
0.00467667
0
0
0
0
0.00142
0
0.00576333
0.0187333
0
0.13427
0.0667367
0.02738
0
0
0
0.05917
0
0
0.0800033
7.66667e-05
0
0.0027
0.0006
0
0
0.00484667
0
0
0.00684667
0
0
0
0
0
0
0.00393
0
0.00128
0.0663867
0.00910667
0.0670567
0.108457
0.26359
0.105553
0.10988
0.00104
0.00313667
0
0.00187667
0
0
0
0
0.00872
0.00184333
0
0.0049
0.0770233
0
0.00592333
0.0233467
0
0.114103
0
0
0.00194
0.00026
0.0264667
0
0.00217
0.00123333
0.05089
0.00854
0
0.0490733
0.00555333
0.00148667
0.00745
0
0
0.0111367
0.0219
0.0219433
0.0004
0
0
0.0004
0.00032
0
0.02467
0
0
0
0
0
0
0.00732667
0
0
0
0
0
0
0.00850667
0
0
0
0.00853333
0
0.00471667
0.00102667
0.0453767
0.0541267
0
0.01823
0.03792
0.000796667
0.0394333
0
0.0794967
0.05872
0
0.00416
0.0109367
0.102003
0.000323333
0
0.00028
0.03761
0.0388533
0.0588567
0
0
0
0.01593
0.00914667
0
0
0.00111667
0
0
0
0
0
0
0.000423333
0
0.01249
0
0
0
0
0.0387833
0.00159667
0
0
0.00145
0.02161
0
0.000486667
0
0.00032
0.00147333
0.00257667
0
0.00257667
0.00170667
0.00045
0
0.000323333
0.00037
0.00013
0
0.000226667
0.0004
0
0
0.324973
0.00671667
0.01156
0.00308333
0.267313
0.637153
0.439537
0.56725
0.5673
0.00194667
0.06019
0.0106967
0
0
0
0
0
0
0.000113333
0
0.00351667
0.000573333
0.017
0.01061
0.000123333
0.000123333
0.103497
0.0331567
0.00736
0.0289933
0
0
0
0.0453267
0.00280667
0
0
0
0
0
0
0
0
0
0
0.00139667
0.0166267
0
0.00332333
0
0
0
0.0129033
0.0064
0.00806
0
0
0
0.0852067
0
0
0
0
0.00034
0
0
0.0182967
0
0
0.06832
0.00234
0.00792
0.0155833
0
0.0106667
0.01292
0
0
0.01043
0
0.0002
0
0
0
0.00217667
0.00905
0.00208333
0
0
0
0
0
0
0
0
0.00886
0.152307
0.00653333
0.00717667
0.0202333
0.0181233
0.0029
0
0
0
0.00631333
0.00034
0.00292333
0.0234267
0
0.05182
0.000413333
0
0.00566333
0.0317767
0
0
0.00298
0
0
0
0
0
0
0.01262
0.0200833
0.213087
0.17403
0.154257
0.29692
0
0.21787
0.14181
0.00223333
0
0
0
0
0
0
0
0
0
0.00331667
0.00245
0.0004
0.00537333
0
0.0546433
0.00062
0.00021
0.00191333
0.0542533
0
0.000146667
0.0022
0.0088
0.0135667
0.00509667
0.0472067
0
0.0631
0.00057
0
0.00057
0
0
0.00240333
0
0
0
0.00013
0
0
0.05135
0
0
0.00195333
0.04067
0
0
0.00155667
0.0202033
0.00094
0
0.00155667
0.00931333
0.00171
0.00055
0
0.00334667
0
0
0.03215
0.00034
0
0.0542967
0
0.00419667
0.126587
0.00551667
0
0.00529333
0.0212967
0.0168633
0.0198533
0
0.0183067
0.00984667
0
0
0.0212533
0
0.00928667
0
0
0
0.000246667
0
0.00531667
0
0
0
0.00439333
0
0.00674667
0.02157
0
0
0.0300067
0
0
0.00811333
0
0.00014
0.000643333
0.00396667
0
0.000643333
0.00422667
0
0.000643333
0.00213333
0.00951333
0.00031
0.000193333
0.00560333
0.000456667
0.00358333
0.00366333
0.00505667
0.00879667
0.000676667
0
0.00029
0.0113533
0
0.0250767
0.0384033
0.00618333
0
0
0.0260967
0.00561
0.0055
0.00692667
0.0194233
0.0140067
0.000226667
0.00154333
0.01715
0
0
0.395723
0
0.0006
0
0
0
0
0.0361367
0.000113333
0.00909667
0.0275967
0.0510167
0.0106733
0.01484
0
0.0168133
0.00865667
0.06937
0
0.0218867
0
0.05877
0.00308667
0
0.00279667
0
0
0.003
0
0.0420033
0
0
0
0
0.03195
0
0
0
0
0
0.00287333
0
0.0117433
0.00083
0
0
0
0
0
0
0
0
0
0
0.00867
0
0
0
0
0.01001
0.00455
0
0
0
0.17959
0
0
0
0
0.00710333
0.00888
0
0
0
0.00639667
0.0832733
0.02471
9.66667e-05
0
0
0.00506667
0.00457333
0.00034
0
0.0123467
0
0
0
0.0164933
0.0141267
0.00348
0
0
0.0344033
0.01987
0.00423
0.00214
0
0
0.03224
0
0
0
0
0
0.000276667
0.00399667
0
0
0.0133733
0.000136667
0.0467967
0.125637
0.01301
0
0
0
0
0
0
0
0
0
0
0
0
0
0.00537667
0
0.0213667
0
0
0
0
0
0.0207133
0.17696
0.180973
0.00199
0.00111
0.0415667
0
0.00330333
0.0956933
0
0.01433
0
0
0
0.0182167
0.0240433
0.0607467
0.02672
0
0.00720667
0.0146367
0.00434667
0.000926667
0
0
0.00186667
0.117377
0.00365667
0.00684667
0.0192467
0.00179
0.02163
0.00129333
0.00106667
0
0
0.022
0.0307567
0.00801
0
0
0.0874733
0.00176667
0.00259667
0.00116667
0.00382667
0.0293433
0.0198567
0.00146667
0.0907533
0.00209
0.00106
0.0143567
0.00028
0.000506667
9.33333e-05
0.0007
0.00219667
0.10186
0.05649
0.0443567
0.0639
0.00407
0.0211767
0.05068
0.0632767
0.0356567
0.0467133
0.07921
0.0512467
0.0533733
0.0421467
0.0719967
0.0981833
0.0665433
0.06175
0.07713
0.265163
0.0213467
0.0349533
0.0440233
0.0112167
0.0576467
0.28046
0.16536
0.0135733
0.000466667
0.000266667
0.00322667
0.100677
0
0
0.0147333
0.0131767
0.00275333
0
0
0
0.00223
0
0.0158867
0
0.00458333
0.0250567
0.00235333
0.02347
0
0
0.000273333
0
0.000483333
0
0
0
0.00268
0
0
0.000496667
0
0.00206
0
0
0.00049
0
0.000193333
0.00502333
0.0157467
0.00049
0
0
0.00206
0
0.0296233
0.000386667
0.000116667
0
0.00049
0.33682
0.383337
0
0
0
0.110787
0
0.0171333
0
0.01481
0.01519
0
0
0.000113333
0.00707
0
0
0.01077
0
0
0.0106767
0.02442
0
0.0180533
0.0003
0.0004
0.02417
0.00045
0.00264333
0.01154
0.0333433
0.03765
0
0.00289
0.000586667
0
0
0
0.11493
0
0
0.19556
0.18878
0
0.00121
0.0167533
0
0.028
0
0
0
0
0.135957
0
0
0
0.000256667
0
0
0
0.00183333
0
0.0785067
0.0591033
0
0
0
9.33333e-05
0.00018
0.0380767
0.0244733
0.0824367
0.0216833
0.00909667
0.0330833
0.03694
0.00231
0.0002
0.0149667
0.00713
0
0
0
0
0
0
0
0.000556667
0
0.0847933
0
0.0307833
0.0155867
0.00639333
0.06793
0.0164433
0.03057
0.03157
0
0
0
0
0
0
0.000363333
0.0479467
0.08788
0.0850867
0
0
0
0
0
0
0.0128567
0
0.0004
0.0004
0.00604667
0.00169333
0.02239
0
0
0.0757067
0.0290633
0.00281333
0.03535
0.0472567
0.04166
0.0213133
0.00435
0
0.02081
0.00972333
0.03098
0.0135267
0
0.0426433
0.0116933
0.00226667
0.0432233
0.0246433
0.0301033
0.0977033
0.0220233
0.0754967
0.000266667
0.01769
0.06438
0.00869
0.00205
0.00476667
0.0844933
0.07812
0.0526833
0.00179
0.03128
0.02317
0
0.000966667
0.0160967
0.0334767
0
0.0647367
0
0
0
0.0760733
0
0
0.000736667
0.0591233
0.00959333
0.000736667
0.000486667
0.000866667
0
0.0903267
0.00601333
0
0.00042
0.000506667
0
0.00483
0.00226
0.101353
0.00421
0.0543067
0.03314
0.04338
0.0360933
0
0.00198333
0.00580667
0.0801067
0.111197
0.0279067
0.107103
0
0.0303633
0.07272
0.10726
0.20681
0.100433
0.00171333
0.0195367
0.0884733
0.0454667
0.0932633
0.00718333
0.0617733
0.0547167
0.00126667
0.0902433
0.07412
0.00875333
0.000773333
0.0804433
0.0669033
0.0915167
0.210503
0.0103433
0.0920567
0.0523233
0.127203
0.0151333
0.00065
0.0126433
0.107813
0.06114
0
0
0.0955367
0
0.00045
0
0.317133
0.0710367
0.0471433
0.11708
0
0.0178533
0.109587
0
0.04748
0.09624
0
0.00223
0
0.00147667
0
0.0887267
0.00725667
0.0575767
0.00636667
0.0782333
0.01511
0
0.000483333
0.00968333
0.0132067
0
0
0
0
0.000273333
0
0
0
0
0.00057
0.000753333
0.000483333
0
0
0
0
0
0
0
0
0
0
0
0
0
0
0
0
0.00204333
0
0.00255
0
0
0
0.01635
0
0.00805
0.00358333
0.00238333
0.01262
0
0.00409
0.000366667
0
0.02081
0.000366667
0
0.0147967
0.27959
0.0199767
0.00246
0
0.0336467
0
0.00842
0
0
0
0.0122667
0.04127
0
0.00306667
0.0099
0
0
0
0
0
0
0
0
0.00124333
0
0
0.00182333
0
0
0
0.000723333
0.000256667
0.0011
0
0
0.0623833
0.06621
0
0
0
0
9.66667e-05
0
0
0
0
0.0518767
0.05489
0.0185633
0.00156333
0
0
0.00111333
0.00074
0
0.00517667
0
0
0.000193333
0
0
0.000193333
0.0223667
0.0145733
0.0777067
0.0171467
0.00158667
0.000136667
0
0
0
0
0
0
0
0.00129333
0
0.22556
0
0.0889067
0.06289
0.01627
0.00881333
7.66667e-05
7.66667e-05
0
0.02806
0.02013
0.0139867
0
0.02976
0
0.000303333
0.0300767
0
0.00135
0
0
0
0
0.0150867
0.01486
0.019
0
0.03196
0
0
0
0.02907
0
0.00105333
0
0.00339
0
0
0
0.0376967
0
0
0.00391333
0
0.000506667
0
0.0329267
0.00435
0
0.0267433
0
0.00078
0
0
0.03067
0.0464
0.0334867
9.66667e-05
0
0
0
0
0
0
0
0.00019
0
0.0687067
0.0155633
0.0351967
0.00435333
0.01053
0.00466667
0
0
0
0
0
0
0
0
0
0
0.000246667
0.0129633
0.00104
0.0114133
0.0267267
0.000793333
0.000246667
0
0
0
0
0
0
0
0
0.10784
0
0
0
0
0
0.0123433
0
0
0
0
0.000303333
0.0518867
0
0
0
0.000543333
0
0.00235667
0
0
0
0.0654667
0.0436
0
0.04187
0
0
0
0
0.05178
0
0
0
0
0.0326967
0
0.0136333
0.0157033
0
0
0.00342333
0.06575
0.07558
0
0.000506667
0
0.00393667
0
0.0227833
0
0
0
0.121113
0.0188833
0
0
0.0927133
8e-05
0
0
0
0.0275133
0.00689667
0.00074
0.00250667
0
0.000556667
0.00426667
0.0532567
0.0118533
0
0.0160367
0.00017
0
0.00298
0.0299067
0
0
0.000406667
0
0
0
0
0
0
0
0
0
0.000136667
0.0339833
0.00042
0
0
0
0
0
0.01636
0.0594067
0.0460467
0
0
0
0.000176667
0.0234667
0.0336333
0
0
0.000253333
0.000146667
0
0.000286667
0
0
0.0261633
0
0
0.0137067
0
0
0
0.0112233
0
0
0
0.0198133
0
0
0
0.000296667
0.0718667
0
0
0
0
0
0.000703333
0
0
0.000303333
0
0
0
0
0
0
0
0
0.00371
0.00438333
0.04644
0.00131
0
0.0984133
0
0.00623667
0.00230333
0.00212
0
0
0
0
0
0
0.000213333
0
0
0.000266667
0
0
0
0
0
0.0234533
0.000363333
0
0
0.0143067
0
0.00042
0
0.000663333
0
0
0
0
0
0
0.0622133
0.06103
0.31307
0
0.00585
0.0505
0
0
0
0.00139
0
0.00078
0.00118333
0.0589633
0
0
0
0.04025
0
0
0
0.0167867
0.0168233
0.0254967
0.0887733
0
0
0
0
0.0105367
0
0
0
0
0
0
0
0
0
0
0
0
0
0
0.00185667
0.00584
0.00013
0
0.0137733
0
0
0
0.000703333
0.0234167
0.05298
0
0
0
0.0235633
0.00231667
0
0
0
0
0.0468733
0.00782667
0.06391
0
0.00267333
0
0
0
0
0
0
0.000136667
0
0
0
0.05722
0
0.00532667
0.0287033
0.01032
0
0
0.03504
0
0.144473
0.0541567
0
0
0
0.0321233
0.00890333
0.000276667
0
0.01003
0
0.0208133
0.00571333
0
0
0
0.000133333
0.00141333
0
0.0578833
0
0
0
0
0
0.03003
0.0872833
0
0
0.00148667
0
0
0
0
0
0
0.0165167
0.0445933
0.0431267
0.0746567
0.00225
0.0547133
0.01094
0
0
0
0.0568167
0.03757
0
0
0.0374667
0
0.00882333
0
0
0
0
0.00131
0
0
0.00565
0
0.000243333
0.000243333
0.000753333
0.00187667
0
0
0
0
0.000193333
0
0
0
0
0.00238333
0.000423333
0
0
0.000266667
0
0
0
0
0
0
0
0
0
0.00217
0
0
0
0
0.00370667
0
0.00430333
0.00042
0
0
0
0.00869
0.00945667
0
0.00213333
0.0408967
0
0.0533067
0
0.0272267
0.00884667
0.000573333
0.000573333
0
0.000206667
0
0
0
0.0195967
0.01274
0
0
0.0307
0
0.04097
0.00904333
0.000166667
0
0
0.25901
0
0
0.00211
0.0870733
0
0.0166933
0
0.129227
0.0514567
0
0
0.00226
0
0.00981667
0
0
0.01583
0
0
0
0
0
0
0
0
0
0
0.0109033
0
0.0133833
0.000586667
0
0
0.0373033
0.00552
0.03618
0.0726333
0.0139433
0.00137
0.20943
0.0660467
0
0.000533333
0
0.0269267
0.135047
0
0
0
0
0.00218
0.0604733
0.00628333
0
0
0
0.00148667
0.00194667
0
0
0
0
0
0
0.0168233
0
0.0178267
0
0
0
0.0683233
0.00188667
0
0.02307
0.0106367
0
0
0
0
0
0
0.000556667
0
0
0.00231667
0
0.00442
0
0
0
0
0
0.000236667
0.0402033
0
0
0
0
0.00013
0.0171067
0.0257267
0.00187667
0
0
0
0
0
0
0
0
0
0
0
0
0.00239667
0.00426667
0
0
0
0.01268
0
0.00183667
0.0149033
0.0112633
0
0
0.00136667
0
0.0132033
0.00691
0
0
0.00122333
0.04555
0.000573333
0
0
0
0
0.00576
0
0.0173333
0.02438
0
0.02691
0.0212633
0.00365667
0.0102033
0.01065
0.00310333
0
0.04254
0.09994
0
0
0
0
0
0
0.000166667
0.00671667
0.000433333
0.00476667
0
0.0624533
0
0.0966733
0.0221933
0.02375
0
0
0.0326333
0
0
0
0
0
0
0
0.00820333
0.0950067
0
0
0
0.00730667
0.00318333
0
0.00835
0
0.00688
0
0.0279633
0
0.00806
0
0
0.02797
0.01271
0
0.0378833
0.0287133
0
0.00264333
0
0.00083
0.0608967
0
0
0.059
0
0
0
0
0
0
0.04956
0.00939667
0.00699333
0.00635
9.33333e-05
0.0486833
0.0284367
0
0
0
0
0
0
0
0
0
0
0
0
0
0.000123333
0.00019
0.000303333
0.000143333
0.000143333
0.00285667
0.000143333
0
0
0
0
0
0
0
0
0
0
0
0
0
0
0
0
0
0.00348333
0
0
0
0
0
0
0
0
0
0
0
0
0
0.00031
0.00315667
0.00489
0.0492667
0
0
0
0
0
0.00642
0.00078
0.000493333
0
0
0.0129733
0.0186833
0.154323
0
0.0622233
0.06826
0.00464333
0.0104867
0.0174333
0.00492333
0
0.00061
0.00424
0.00368
0
0
0
0
0
0
0
0.02079
0.0182767
0
0.00319333
0.00312333
0
0.0276567
0.0161967
0
0
0
0
0
0
0
0
0.0213467
0
0
0.0129
0.000223333
0
0
0.105923
0
0.0179833
0.00952
0.0609133
0
0
0
7.66667e-05
0
0
0
0
0
0
0.0537533
0
0
0.0100967
0.00214667
0.00037
0.00018
0
0
0
0
0
0
0
0
0
0
0
0
0.000113333
0.000113333
0.00019
0.00792333
0.00843667
0.00292667
0.0104433
0.00092
0.000193333
0
0
0
0
0
0
0.000136667
0
0
0
0
0
0
0
0
0
0
0
0
0
0
0.00065
0
0.000123333
0
0
0
0
0
0
0
0
0
0
0
0
0
0
0
0
0
0.00914333
0
0.01487
0.00390333
0.10197
0
0.02352
0.00101
0.0124867
0
0.0400667
0.00318667
0
0.0300533
0.000556667
0.00111
0
0
0
0
0
0.0755867
0.0139233
0.0201833
0.171647
0.0528633
0.0332233
0.00265667
0
0
0.00083
0.01703
0.0001
0.03676
0.0840633
0
0.0900533
0
0.00182
0.11836
0.0143967
0
0
0
0
0
0
0
0
0
0
0
0
0
0.02134
0.02129
0.0256067
0
0
0.1398
0.00814667
0.00644667
0
0
0.0896667
0.00832333
9e-05
0.000693333
0.00594667
0
0
0.00124333
0
0.177113
0
0
0
0
0
0
0
0.02097
0.00018
0
0
0
0
0
0
0
0
0
0
0.00972
0.00848667
0.00727
0.00398
0.02797
0.0327967
0.00669333
0.00331
0
0
0
0.000136667
0
0
0
0
0
0
0
0
0
0
0
0
0
0.000193333
0
0
0
0
0
0
0
0
0
0
0
0
0
0.00202333
0.000176667
0
7.66667e-05
0.00031
0.00314667
0.07789
0
0.00117667
0.00134333
0.00159
0.000146667
0
0.0474633
0
0.000236667
0.03077
0.000143333
0
0
0
0.00133333
0.0819867
0.0205633
0
0.142997
0.0418033
0.14601
0.00154667
0.00511667
0
0
0
0.0347333
0.03024
0
0
0
0
0.03847
0
0.0162767
0.00707333
0
0
0
0.00053
0
0.0144367
0.03032
0.0303967
0.00137
0.000283333
0
0
0.211333
0
0.03542
0
0.00023
8.66667e-05
0
0
0
0.000236667
0
0.00062
0
0
0
0
0
0
0
0
0
0
0
0.000393333
0
0.000226667
0.13311
0
0.000683333
0.0122167
0.00280667
0
0
0
0
0
0
0
0
0
0.00321333
0.00554
0.00275333
0.00524333
0.02186
0.0140667
0.0169067
0.00440667
0.000413333
0.00191333
0
0.00115
0.0338133
0.00482667
0.00249
0
0
0
0
0
0
0
0
0
0.0003
0.000176667
0.02182
0.0246767
0.00606
0.00572667
0.000193333
0.000193333
0
0
0
0
0
0
0
0
0.00037
0.00195
0.0234433
0
0.000483333
0
0.0160833
0.000506667
0.00146
0.00749
0
0
0.0174033
0.0235133
0.00404
0.00384333
0
0
0
0.000803333
0.06869
0.201437
0.0418867
0.0646533
0.171193
0.000436667
0.03149
0.0352633
0.00886
0
0
0
0.000963333
0
0
0
0
0.0340467
0
0
0
0
0
0
0.01035
0
0
0
0
8e-05
8e-05
0.0323733
0.00160667
0
0
0
0.01216
0
0
0.115047
0.128167
0.00042
0
0.00316333
0.000373333
0.00343667
0
0.0406933
0.0113667
0
0
0.000503333
0
0
0
0
0
0
0
0.00288
0.0105267
0.0130733
0.0256967
0.02513
0.02738
0.0322767
0.01307
0.00257333
0
0
0
0
0.00394333
0.000276667
0.00544333
0.02345
0.02974
0.04279
0.00642667
0
0
0
0
0.00297667
0.00563333
0.00889333
0.000526667
0.00809667
0.01356
0
0
0
0
0
0.02878
0.0297367
0.0235667
0
0
0.00557667
0.00388333
0.07349
0
0
0.00349667
0
0.00825333
0.00133667
0
0
0
0
0.0160733
0
0
0.12424
0.0128033
0
0.126393
0
0
0
0
0.00118
0
0.000496667
0.0413533
0.00679667
0
0
0
0
0
0
0
0.0150533
0.0205233
0.0162567
0.01388
0
0
0
0
0.1062
0.0842567
0
0.06513
0.01064
0
0.0706433
0
0
0
0.0179833
0.0882633
0.00672333
0
0
0
0
0.0255867
0.0100933
0.00365333
0
0
0
0
0
0
0
0
0
0.000123333
0
0
0.0131733
0.0131867
0.00638333
0.0183
0.02389
0.00957
0.0167567
0
0
0
0
0
0
0.0259667
0
0.0397
0.03561
0.00891667
0.00642667
0.00350333
0.00148667
0.00032
0.00032
0
0
0
0
0
0
0
0.000176667
0.00285333
0.000526667
0.0296767
0.000263333
0.00802667
0
0
0
0
0
0
0.00032
0.00590667
0.000146667
0.0641833
0.00111
0
0
0.00193667
0
0
0
0
0.00296667
0.00241
0
0
0
0
0.000596667
0.0393633
0
0
0.00041
0
0
0
0.000156667
0
0.01342
0
0.0135267
0
0
0
0
0
0
0
0.0226167
0
0
0
0
0.00133333
0
0.000483333
0
0
0
0
0.0733067
0.0172733
0.182857
0.17103
0
0.0122867
0
0.0008
0
0.0318833
0
0
0.00072
0
0
0.000363333
0
0.0187767
0.00429667
0.0323433
0.0167
0.00545
0
0
0
0
0
0
0
0
0
0
0.0205933
0.00801333
0.0254567
0
0.00181333
0.00147667
0
0.00109667
0.00163667
0.000276667
0.0364567
0.05963
0.04903
0.0688933
0.00336
0.00325667
0
0.000216667
0
0
0.0219767
0.00566667
0
0.0209733
0.0105333
0
0
0
0
0
0
0.00756667
0
0
0
0
0
0
0.11433
0
0.0977733
0
0
0.00383333
0.0988333
0
0.00383333
0
0
0
0
0
0
0.00251
0.000273333
0.00690333
0.00306
0.00835333
0.00425333
0.00410667
0
0.04242
0.000273333
0.0231
0.0179767
0
0.0232167
0.000823333
0.0141467
0
0.00728333
0
0.00435667
0
0.00265667
0.0377067
0
0.00265667
0
0
0
0.00824333
0
0.00389667
0.0505933
0
0.01242
0
0.07842
0
0.02112
0.0262533
0.00059
0.0111133
0
0.00969667
0.00489333
0
0
0.00233667
0.04091
0
0
0
0.0663033
0.068
0.07869
0.00744
0.0609033
0
0.00689333
0.222237
0.188683
0.000136667
0
0.00241
0
0
0
0.0275033
0.0134
0.0494133
0.04301
0
0
0.01819
0
0.00778333
0
0
0.0851367
0.00296333
0.00278667
0.00055
0.000203333
0
0.01748
0.000496667
0.01086
0.0113867
0.0293833
0
0.00016
0.000276667
0
0.00182
0
0
0.0307667
0.0113233
0
0
0.000196667
0
0.0332767
0
0
0.00087
0.00954333
0.00192
0.0143967
0.0328467
0
0
0.0170067
0.12874
0.000166667
0
0
0
0.0252567
0
0
0
0
0
0
0
0
0
0.0298467
0.0212433
0.000143333
0.00957667
0.00347667
0.0124933
0.02371
0
0
0
0
0
0
0
0.00033
0.00033
0.0101867
0.0230833
0
0.00881
0.00761
0.00109667
0
0
0
0
0
0.00314
0.03067
0.133237
0
0.000216667
0
0
0
0
0.02201
0.00299
0
0.00466333
0.02658
0.0212467
0
0.000863333
0.0232967
0
0
0
0
0.000623333
0.00356
0
0
0
0
0.05336
0.0326967
0
0
0
0
0
0.000193333
0
0
0
0
0
0
0
0
0
0.00043
0
0
0
0.00695667
0.0121567
0
0
0.0179433
0
0
0.00128
0
0.00223667
0.00652667
0.0292833
0.0186967
0.02399
0.0866733
0.0928233
0.0222767
0
0.0104867
0.0364767
0.000376667
0.00295667
0
0.00024
0
0
0
0
0
0
0
0
0
0
0
0
0
0
0
0
0
0
0.01756
0.00373667
0.00330667
0.00200667
0
0.02352
0.0295167
0.02962
0
0
0.000313333
0
0
0
0
0
0
0
0.00028
0
0
0.00752333
0
0
0.00873333
0.03533
0.0634067
0.0208433
0.03392
0
0.16794
0.339557
0.64515
0.438357
0
0
0
0.0895533
0
0
0.00053
0.0504967
0
0
0
0
0
0
0
0.00705333
0
0.02699
0
0
0
0.000186667
0.000726667
0
0
0
0
0
0
0
0.000156667
0.02859
0
0
0
0
0
0.0354733
0
0
0
0
0
0
0.00900333
0
0
0
0
0.01072
0.000196667
0.01075
0.01984
0.01223
0
0
0
0
0
0.000196667
0.0319867
0.0383933
0.0199533
0.03752
0.00333667
0
0
0
0.000253333
0.00054
0
0.000276667
0.00254
0.00342667
0.00289667
0
0
0
0.000336667
0.00403667
0.00638667
0.0232267
0
0.01844
0
0
0
0
0
0.00600333
0.00299
0
0
0.00222667
0.00493667
0.00301333
0
0
0
0
0
0.00261333
0
0.000123333
0
0
0.00043
0.000453333
0
0.00727333
0.00115333
0
0
0
0.00024
0.0208033
0
0.0622867
0.0392333
0
0.00289333
0.0260067
0.00842333
0
0.00310333
0.00042
0
0
0
0
0.00478
0
0
0.00306
0.000576667
0
0
0
0
0
0
0
0
0
0
0
0
0
0.0017
0
0.00343
0
0.00218333
0.0505233
0.000453333
0
0
0
0
0.000193333
0
0.29466
0.13332
0.578417
0.289573
0
0.00723
0.0199767
0
0.05883
0.0508667
0
0
0
0.00825
0.00468667
0
0
0.00776667
0.0852867
0
0.0297833
0.0138467
0.00324667
0
0
0
0.0181233
0.0240133
0.0198033
0.00119
0
0
0
0
9.66667e-05
0
0
0.0464267
0
0.00861
0.0242067
0
0
0.02101
0
0.0177267
0
0
0.0301367
0
0.0424367
0
0
0.00210667
0.00171333
0.00976667
0
0
0
0.0130133
0
0.00232667
0.01442
0.05555
0.0248633
0.03151
0.00404333
0.000706667
0
0
0.000253333
0.000286667
0.000286667
0
0
0.00221
0.00221
0.00499333
0.00053
0.000643333
0
0
0.00150333
0.0687433
0.0458733
0.104193
0
0.00825
0.00041
0.000216667
0
0
0.00329333
0.00222667
0.00239667
0
0
0.000176667
0
0
0
0.00153333
0.00557667
0.002
0.0663733
0.0659433
0
0.06502
0
0
0
0.00487333
0
0.0158167
0.000376667
0.00055
0
0
0
0.000273333
0
0
0
0.00042
0
0.00422
0
0.00297333
0.0200467
0
0.00024
0
0.02824
0
0.0842833
0.0150733
0.0370733
0
0.0950133
0.00265667
0
0
0.00633333
0.00263333
0
0.000586667
0
0.00306
0.00214
0
0.02428
0
0
0.00306
0
0
0.0678
0
0
0
0.03118
0.0391733
0.00173
0.08846
0.0544567
0.00173
0
0
0.485237
0
0.647823
0.45401
0
0.0250167
0.00675333
0.00111667
0
0
0
0.0169267
0
0
0.00699667
0
0
0.000696667
0.000696667
0
0.02895
0.0132233
0
0.01126
0.0122167
0
0
0
0
0
0
0.01128
0
0.00261667
0.00142667
0
0.0368833
0
0
0
0
0
0.00559333
0
0
0.0484667
0
0.0348933
0
0.00018
0.0186667
0
0
0
0.0817233
0
0.03242
0
0
0.0395433
0.12901
0.01799
0.0202833
0.01051
0.0169867
0.01711
0.0118433
0
0
0
0
0
0
0
0.000113333
0
0
0
0
0.0127
0
0
0
0
0
0.00543333
0
0.000823333
0.0357533
0.0597667
0.0482667
0.0110967
0
0
0
0.000303333
0
0
0
0
0
0
0
0.000863333
0
0
0.000103333
0
0.0128333
0
0.00155667
0.00586333
0.00316
0.00212
0
0
0.00943667
0.0153767
0.0126333
0.00225667
0.00847
0.03841
0.0498133
0
0.0284633
0
0
0.137357
0.125687
0.202993
0.0908033
0.25019
0.23951
0.121757
0.0732367
0.00834333
0.0170767
0.0112433
0.06988
0.01945
0.000696667
0.01877
0
0
0.000696667
0
0
0
0
0
0
0
0
0
0
0
0
0
0.00195667
0.00233333
0.00724333
0.00724333
0
0.0002
0
0
0.0581367
0.550587
0.535123
0.000603333
0
0
0.00235
0
0
0.0951
0
0
0
0
0.0876567
0
0.02516
0
0
9e-05
0
0.000206667
0
0.000133333
0
0.0415967
0.00145
0
0.000533333
0.0141233
0
0
0
0
0.00853667
0.0786233
0.00818333
0.05146
0
0
0
0
0.00558
0
0
0.000263333
0
0.02444
0
0.170767
0
0
0.0259833
0.02728
0.04439
0.10363
0.03473
0.0199967
0.000656667
0.0315
0.0262133
0.00306333
0
0
0
0
0
0
0
0
0
0.000113333
0
0
0
0
0
0
0
0
0
0
0.000273333
0
0.0165033
0.0232233
0.00858
0.00074
0.000193333
0
0
0
0
0
0
0
0
0.000343333
0.00477
0.000103333
0.000263333
0
0.00695667
0
0.0377667
0
0.0869967
0.00197333
0.06276
0.00649667
0
0
0
0.0282333
0
0
0
0
0
0.00918
0
0.03815
0
0.10512
0
0
0
0
0
0.000746667
0
0
0
0
0
0
0
0
0
0
0
0
0
0
0
0
0
0
0.00149
0.00168333
0.26338
0
0
0
0
0.00135
0.000603333
0.0149367
0
0.08756
0.00026
0
0.00838
0
0
0
0.00301
0
0
0
0
0
0.00715667
0
0.00146667
0
0.0146933
0.140673
0
0.0320267
0.0362267
0.0314533
0.02894
0.05924
0.103203
9.66667e-05
0.00620333
0.0385933
0.000493333
0
0.000263333
0
0.02231
0.0036
0.00223667
0
0.08539
0
0
0
0
0
0
0
0
0
0
0
0
0
0.0603267
0.07113
0.0109933
0.0219933
0.02315
0.04261
0.109293
0.00232333
0.00026
0
0.0150667
0.000276667
0
0.00305333
0.000276667
0.000286667
0
0
0
0
0
0
0
0.00550667
0.000806667
0.000613333
0
0
0
0
0
0
0
0.000196667
0
0
0
0
0.00707333
0.0326433
0
0.05866
0
0.0130167
0.00262
0
0
0
0
0
0
0
0.00136
0
0
0
0
0.000303333
0
0
0.00052
0
0.00637667
0.0027
0
0.00589667
0
0
0
0.00117333
0
0
0
0.00265333
0
0
0.000283333
0.02858
0.0427333
0.0408567
0.287883
0.05682
0.01383
0.0157033
0.131547
0.0393467
0
0.0564067
0
0.0518933
0.02712
0.115113
0.127293
0
0.08515
0.09044
0
0.0523967
0
0.00656667
0.00209333
0.000473333
0
0
0.0002
0
0
0
0
0
0.00042
0
0
0
0.01381
0.0128433
0
0.0032
0.03775
0.0323867
0
0
0
0.00273333
0
0
0.0100433
0
0.000213333
0
0
0.00559667
0.01752
0.00315667
0.00158
0.00354
0
0
0.00320333
0
0.0166867
0.0223267
0
0
0
0
0
0.0200033
0.00340333
0
0.0363167
0
0.0157233
0.00234333
0
0
0.0117467
0
0
0
0.00213
0.0419167
0.0344967
0.0202067
0.0560767
0.05634
0
0.03194
0.02791
0.01332
0
0
0
0
0.0386033
0
0
0
0
0
0
0.00830667
0.000746667
0
0
0.00376333
0.0162933
0.00482333
0.0302333
0.03382
0
0.00296333
0
0
0
0
0
0
0
0
0.00074
0
0.00037
0.0368
0
0
0.0153567
0.00055
0
0.0133667
0.0313
0.0175833
0.000273333
0
0
0
0.0110867
0
0
0
0.000473333
0
0
0
0
0
0.0370567
0
0
0.00894667
0.000283333
0.00267
0
0.392903
0.18834
0.09615
0.291437
0.0322133
0.302413
0.06165
0.437807
0.05951
0.0461233
0.09217
0.0928967
0.0338667
0.08759
0.0968967
0.0790267
0.0445133
0.0155467
0.0429233
0.04749
0.00018
0.00706667
0.0312
0.0018
0.0729367
0
0
0.0996467
0
0
0
0
0
0
0.15204
0
0.114903
0
0.0482267
0
0
0.04004
0
0
0
0
0.000473333
0.00102667
0
0
0.000746667
0.00042
0
0
0.0184767
0.00427667
0
0.01198
0.00062
0.0196567
0.00359
0.0260133
0.00423333
0.01064
0.0179567
0.00256
0
0.00116667
0
0.000193333
0.0021
0.00978333
0.0109933
0.000226667
0.00104667
0
0.00308667
0.00013
0.000796667
0
0.00102667
0
0.0333433
0
0
0
0
0
0.01871
0
0
0
0.0230367
0.00461
0
0
0
0
0
0.00145
0
0.000243333
0.0542433
0
0.00533667
0
0.01153
0.000786667
0
0
0.0117467
0
0
0
0
0
0
0.000236667
0
0
0
0
0.033
0.04093
0
0.00459667
0.0120767
0.00215
0
0.00033
0
0
0.000113333
0
0
0
0
0
0
0.000196667
0.00652333
0.0541033
0
0.000273333
0
0.05599
0.115783
0.0501767
0.0655967
0.00014
0
0
0
0.000546667
0
0
0
0
0.00116
0
0
0
0
0
0
0.00698667
0.00198
0
0.00089
0.000466667
0
0.00968333
0.00304333
0.0132933
0.00206333
0.0228533
0
0
0.01686
0
0.00013
0.000413333
0
0
0
0.01092
0
0
0
0.0306533
0.0148433
0.04808
0.105617
0.00175333
0.00144667
0
0.000116667
0.000136667
0
0
0.00738667
0
0.0230533
0.00348667
0.0180633
0.0244233
0.0275833
0.00752667
0.00118
0
0.119707
0.0664267
0.0184867
0.0439367
0.0186533
0.00244667
0.0201133
0.00482333
0.000606667
0.00667667
0
0
0
0.00298
0.0380933
0.0231567
0
0
0
0
0
0.00198
0
0
0.00249667
0.01638
0.0002
0
0
0
0
0.0196867
0.0163567
0.00477667
0
0.00095
0
0
0
0
0.000146667
0.0148667
0.00188333
0
0
0.0230567
0
0.0299033
0.00105333
0
0.0238033
0
0
0
0.00281667
0.0106333
0
0
0
0.0237567
0
0.00322
0.00315
0.0794067
0
0
0.0126733
0
0
0.0019
0.000116667
0
0
0.0290533
0
0
0.0302533
0.00772667
0.04353
0.000136667
0.00161667
0.00357667
0
0
0
0
0
0.00108333
0
0.0314367
0.00328
0.00248333
0.00293333
0.0184167
0.0209933
0
0
0
0
0
0
0.07789
0.00829
0.00447667
0.05945
0.01292
0
0
0
0.00503667
0
0.00296333
0.00125333
0.000293333
0.00820333
0
0.00948333
0
0.00378667
0.0106533
0
0
0.0146233
0.0130033
0
0.0389633
0
0.03027
0.0360267
0
0
0
0
0
0
0
0
0
0.00147667
0.03533
0
0
0
0.006
0.00247667
0.000346667
0.00380333
0.00153333
0
0
0
0.00372333
0.000116667
0
0
0
0
0
0.0199833
0.01418
0.0278733
0.0371833
0.0503867
0
0
0.00757667
0
0.00356
0
0
0.0188333
0.02899
0
0.00428
0.000363333
0.0447633
0.0117067
0.0408833
0.00275667
0.000273333
0
0.0228267
0
0.0340833
0.0273667
0
0
0
0
0
0
0.150347
0.108727
0
0.000213333
0
0
0.0176133
0.000546667
0
0
0
0
0.00782333
0.000443333
0.00797667
0
0
0.0104367
0.0191767
0.0256533
0.0260167
0
0
0
0
0
0.01762
0
0
0.000126667
0
0
9e-05
0
0.00182
0
0
0
0
0.0832567
0.154527
0
0
0.0290133
0
0.00258667
0
0
0.01089
0.00499
0.000596667
0.00232333
0.0140167
0.0258833
0
0.00626
0.02567
0.0332033
0.0577933
0.069
0.03057
0.00856667
0.0579433
0.05044
0.04509
0.00266
0.00587
0
0
0
0.0344467
0.0178167
0
0
0
0
0
0
0
0
9e-05
0
0.00262
0.000546667
0
0
0
0.00191
0.0232833
0.00521
0.02018
0.0397833
0.00535
0.0179133
0.0156067
0
0.00953
0.00421
0.0022
0.00393667
0.00238667
0
0.0300833
0.0260733
0.000813333
0.0134533
0.00269333
0.00092
0.02559
0.000756667
0
0.0153367
0
0.00245667
0.00476333
0
0.00345667
0.00335333
0.13903
0.00013
0
0.00016
0
0
0.0111033
0
0.0299067
0.0347767
0.0219833
0.000166667
0.00419
0.0223133
0.0484967
0
0.00051
0
0
0.000846667
0.00205667
0.01768
0.0195133
0.01311
0.01182
0.02326
0.00337333
0.000713333
0
0.0275533
0.00814
0.00061
0.000626667
0
0
0.00055
0
0.0659533
0.00042
0
7.66667e-05
0.0210567
0.000796667
0.0002
0.02131
0.00866667
0
0.00818333
0.0122833
0.0538667
0.000953333
0.0661033
0.07553
0.02069
0.00220333
0.000343333
0.000343333
0.000863333
0.00024
0.00385
0
0
0
0
0.0396167
0
0
0.0131833
0.000656667
0.0402833
0
0.02529
0.0192033
0.03125
0
0
0.00351667
0
0
0.0001
0
0.0453833
0.00794
0
0.0146967
0
0
0.000586667
0
0
0.0002
0.00588333
0
0
0.00813
0.00226667
0.0165367
0.00124333
0
0
0.0001
0.0001
0.01308
0.00334333
0.000203333
0.01558
0.000376667
0
0
0.00101667
9.66667e-05
0.00207667
0.0138933
7.66667e-05
0.000923333
0.0589167
0
0.00657667
0.00441667
0.000343333
0.00808
0.02263
0.00242667
0
0
0.02911
0.0001
0.000286667
0.02166
0.00121
0.00100667
0.0183667
0.00143667
0.05222
0
0.000723333
0.0296867
0
0.00208333
0.0228
0
0.0191767
0
0.01177
0
0.00021
0
0.00460667
0
0
0
0.00209
0.0188067
0.0301833
0.0291267
0
0.00586
0
0.000566667
0.0344833
0.00658333
0
0
0.000676667
0.0123733
0.000776667
0
0.00318333
0.00970333
0
0.02759
0
0.08131
0
0.05442
0.00514
0.0544133
0
0.000316667
0.04283
0
0.000203333
0
0.00344333
0.000186667
0.0001
0
9e-05
0
0.0782967
0
0.0461833
0.0292
0
0.00089
0
0.00104667
0
0.0218767
0.0416833
0.02708
0.0002
0
0.00342
0.00245
0.00323333
0.0861333
0
0.00407333
0.0001
0.00114667
0.00654333
0.00075
0.01276
0
0.0100233
0.0268233
0.000383333
0.00150333
0.000496667
0.000496667
0
0.000236667
0.00612667
0.0204033
0.0268533
0.000496667
0.00368
0.0303367
0.0578667
0.05736
0
0.0141233
0
0.00015
0.00139
0.000576667
0
0.00167
0
0
0.00042
0.00014
0.00796
0.00686333
0.0128833
0.00156667
0.00501667
0.00041
0.0563933
0.0232667
0
0
0
0.0988267
0.0443367
0
0.0437933
0.000913333
0.0129967
0
0.0209967
0
0.0002
0.0229767
0
0
0.02303
0.00824
0
0.00611667
8e-05
0
0.000293333
0.000236667
0
0
0
0
0
0
0.0161767
0.000496667
7.66667e-05
0.03071
0.00063
0.0248567
0.0301833
0.158473
0.00426
0.0395767
0.0401467
0.04965
0.0577367
0.000893333
8e-05
0.0102767
0.00265667
0.0126867
0.00835333
0
0.0217467
0.0505067
0.0004
0.000316667
7.66667e-05
0.00104333
0.01414
0.0297
0.00264667
0.00270667
0.00879
0.08445
0.000443333
0
0.00153333
0
0
0.0106933
0
0.0122933
0.01766
0.00239
0.0110333
0.00277667
0
0
0.0256733
0.0355033
0
0.0824567
0.07371
0.02515
0.01386
0.00727
0.00307333
0.00552333
0.000576667
0
0.0123467
0
0.0115667
0
0
0.00770667
0
0
0
0.05071
7.66667e-05
0.0287767
0
0
0.00808333
0.03344
0.0555833
0.0583067
0.00651333
0
0.03117
0.00711667
0.0999633
0.0276833
0.00143333
0
0
0.0163333
0.01981
0
0
0
0.04974
0.0101767
0.0102433
0.0139533
0.00024
0.000383333
0
0
0.0461067
0
0.03382
0.01019
0
0.00321667
0.00227667
0.0168667
0.01279
0.04697
0
0
0.011
0.0267433
0.00214667
0.0259933
0
0
0
0.0240633
0
0
0.0159567
0
0.11586
0.0216167
0
0.00382667
0.00362333
0.0506533
0.0179967
0
0.03244
0
0
0
0.0207033
0
0.02809
0.0114467
0.0138667
0.00171333
0
0
0
0.00232
0
0.000816667
7.66667e-05
0.0502067
0
0.00306333
0.00163667
0.0695633
0.000126667
0
0
0
0.00277333
0.00575667
0.00579667
0
0.00195667
0.00707
0.00475667
0.08347
0.0183133
0.0235133
0.00101667
0.00105667
0.01067
0.00594333
0.00222333
0.0173933
0
0.0743
0.00051
0
0
0.01209
0.02637
0
0.0164533
0
0.02784
0.02855
0.0202167
