0.00438333
0.00709
0.0290333
0.0182633
0.0329167
0.06445
0.04385
0.05657
0.102323
0.11427
0.04548
0.04684
0.226297
0.28282
0.0532567
0.00251
0.00790667
0.0349933
0.06571
0.0823967
0.00506667
0.00377
0.0907767
0.0738867
0.01502
0.01645
0.0907933
0.100433
0.102293
0.08581
0.145397
0.475137
0.325767
0.31049
0.1382
0.204223
0.669883
0.37096
0.717537
0.10679
0.03767
0.0880333
0.233397
0.389897
0.659647
0.08227
0.106463
0.0276433
0.0371767
0.09223
0.249823
0.0427733
0.0281133
0.0444833
0.06977
0.05349
0.000726667
0.00248333
0.00212667
0.00205
0.0492267
0.02985
0.00371333
0.0238933
0.0551933
0.0485867
0.0154
0.0702733
0.12909
0.0662667
0.03849
0.01668
0.167277
0.355857
0.17219
0.127217
0.05634
0.196017
0.72852
0.476477
0.349667
0.184073
0.574173
0.595393
0.357493
0.36381
0.291363
0.236763
0.00962333
0.03906
0.0350633
0.04984
0.0919633
0.10184
0.148937
0.0462367
0.07089
0.0586667
0.0633
0.0600333
0.00390667
0.01872
0.0553267
0.00454
0.00864
0.04363
0.00675333
0.00815333
0.21342
0.0111167
0.0374933
0.00456
0.148387
0.08742
0.111273
0.03557
0.00899
0.17528
0.0883367
0.00867333
0.00503
0.04139
0.0350833
0.11587
0.185477
0.00190667
0.00546
0.131463
0.123093
0.0542933
0.02899
0.00507333
0.02041
0.0453567
0.04749
0.07155
0.0191033
0.0332933
0.0674967
0.00215
0.05102
0.06279
0.0004
0.0004
0.0267433
0.0158667
0.00142667
0.00102333
0.00339
0.00444667
0.00292
0.00336333
0.00033
0.0495833
0.0115833
0.00147667
0.06403
0.00159667
0.00114667
0.15508
0.00045
0.162183
0.00435667
0.00783333
0.000946667
0.00873667
0.000953333
0.01929
0.01905
0.0185433
0.04527
0.0363833
0.00389
0.00214
0.00484
0.02078
0.03049
0.0551
0.0525767
0.00175
0.0532033
0.0128333
0.000356667
0
0
0.02871
0
0.0677667
0.05139
0.0544833
0.000246667
0
0.00788667
0.000246667
0.00726667
0.000396667
0.00484667
0.00015
0
0.000573333
0.00486333
0.000573333
0.00357333
0.00735667
0.00546667
0
0.0164867
0.00463667
0
0
0.02606
0
0
0.000166667
0.0126433
0.00827333
0.00725
0
0.0248233
0.03058
0.0207567
0.0355233
0
0.0234367
0
0
0.00062
0
0
0
0
0.000166667
0.00249333
0.00266
0.00246667
0.00246667
0.00496
0
0.00193667
0.00234
0.01419
0.0128933
0.0259067
0.0142933
0
0.01382
0
0.000236667
0.000403333
0
0
0.0570567
0
0.02696
0.0458133
0
0.0158567
0.0116833
0
0
0.00062
0
0
0
0
0
0
0
0.000166667
0.000166667
0
0
0
0
0
0
0.000403333
0
0.00064
0.00104333
0.000876667
0
0
0.00901333
0.00176333
0.0424533
0.02191
0.05823
0.0434967
0.00023
0.0416633
0.00023
0.0118067
0.000743333
0.000156667
0.000156667
0
0
0
0
0
0
0
0
0
0
0
0
0
0
0
0
0
0
0.000236667
0.000236667
0
0.000236667
0.00176333
0
0.00672667
0.00672667
0.01674
0.00384333
0.0205333
0.02255
0.0140367
0.01937
0.0165233
0.01254
0.00271667
0.00283667
0.000743333
0.00158667
0.000506667
0
0.00123667
0
0.00109667
0.00109667
0
0
0
0
0
0
0
0
0
0
0
0
0
0
0
0
0
0.000363333
0.00897
0.00244333
0.0139367
0.0105567
0.0141067
0.00147667
0.00298333
0.000743333
0.01154
0
0.0102367
0.0203467
0
0
0.0102533
0.0132967
0
0
0.00414
0
0
0
0
0
0
0
0
0
0
0
0.000213333
0.00014
0.00245667
0.000503333
0.0207667
0.00672667
0.03233
0.05024
0.0213467
0.04093
0.00262667
0.01744
0.0357267
0.000376667
0.000376667
0.0129467
0.0212
0
0.05064
0
0.0435733
0
0.0100133
0.01195
0
0
0
0
0.00110667
0.00110667
0
0
0
0.000423333
0.000423333
0
0
0.000213333
0.000213333
0.00014
0.00245667
0.00224333
0.00280333
0.01404
0.00694667
0.0159867
0.0499067
0.02946
0.01802
0.0467133
0.00320667
0.0267833
0.00283
0.00283
0.0490833
0
0.0723867
0.0479067
0
0.00084
0.0235033
0.01675
0.02544
0.00084
0.00291667
0.00207667
0.00423
0.00326
0.01641
0
0.0169167
0.0159867
0.00093
0
0
0.00014
0
0.00244
0.00483333
0.0306433
0.0288933
0.0431567
0.05601
0.03478
0.0296233
0.02422
0.00283
0.0554367
0.03208
0
0.0804067
0.0654967
0
0
0.0737633
0.0784033
0.0225667
0.00645
0.0112967
0.00267333
0.00309667
0.0310233
0.0443367
0.05623
0
0
0.0292333
0.0136233
0.00130667
0
0.000376667
0
0
0
0.00419
0.00616667
0.01964
0.0203733
0.0229967
0.00323667
0.00283
0.0414
0.04947
0.0430633
0.0455233
0.0376733
0.0369333
0.0325533
0.0540067
0.0466233
0
0.05424
0.02842
0.0115067
0.01638
0.0162533
0.0250433
0.0133433
0.0003
0.0154967
0.00114
0.0172733
0.0325833
0.0489833
0.05456
0.0440233
0.01769
0.0109933
0.04958
0.0374433
0.0100233
0.0199733
0.0155667
0.0226
0.0129967
0.00403
0.00441667
0.00447
0.00460667
0.0152367
0.0143933
0.0978033
0.0487067
0.01644
0.01617
0.0139
0.04115
0.015
0.00417667
0.0202667
0.0305733
0.0460433
0.02932
0.0189233
0.00220667
0.0136967
0.02659
0.05246
0.0774667
0.0273867
0.0153567
0.04204
0.0707833
0.06448
0.0498167
0.0209833
0.0147333
0.05848
0.01505
0.0381033
0.0144667
0.0317633
0.0168233
0.0165767
0.00861
0.0191133
0.0421667
0.0718
0.107583
0.09444
0.0737433
0.0354233
0.00613
0.00296
0.00113
0.0205033
0.03597
0.00382333
0.000706667
0.0390067
0.03139
0.0305967
0.00806333
0.00830333
0.05028
0.04973
0.0875867
0.04528
0.04458
0.00395333
0.00067
0.00266333
0.01836
0.00036
0.000193333
0.000193333
0.00218667
0.0279
0.05114
0.0429967
0.03007
0.00531333
0.00608
0.00567333
0.00734667
0.00457667
0.00465333
0.00036
0.00036
0.0199733
0.0186833
0.0184667
0.01919
0.0189633
0.000283333
0
0
0
0.0444733
0.0430133
0.0157833
0.0131633
0
0
0.0216333
0.0321333
0.0568
0.0133133
0.000433333
0
0.06775
0.0656833
0.03938
0.0145233
0.0484067
0
0.00963667
0.0208567
0
0
0.00147333
0
0
0.00253333
0.00253333
0
0
0.00419667
0
0.0282567
0.00419
0
0.0298667
0.000173333
0.000173333
0.04534
0.00215
0.000346667
0.000173333
0.0216867
0.0131333
0.0205067
0.0132933
0.00248333
0.00231
0.00213667
0.000406667
0.00230333
0.00205667
0
0.0231267
0.01231
0.00205667
0.00558333
0
0
0.0101733
0.000166667
0.00369333
0.00759667
0.0003
0.0003
0.0006
0.01039
0.000383333
0
0
0.00410667
0.00739333
0.02145
0.00081
0.000426667
0.00063
0.05789
0.0580133
0.0842433
0.000813333
0.001
0.121203
0.02775
0.00245667
0.00765333
0.0639833
0.10082
0.03231
0.00683
0.0151467
0.07689
0.05173
0.01021
0.01333
0.0257733
0.05193
0.03589
0.0201533
0.0144933
0.0628333
0.0488767
0.03002
0.00138
0.00286333
0.0531833
0.0552667
0.0612133
0.00312
0.01281
0.0132667
0.0278367
0.0626833
0.00194
0.0122733
0.00232
0.0159733
0.0504033
0.00212
0.0122667
0.0144633
0.000326667
0.00988667
0.00431667
0
0
0.00046
0.000786667
0.00465333
0.00413667
0.00635667
0
0
0
0.00222
0.00890667
0.00606
0
0
0
0
0.00291667
0.00337667
0
0
0.00486667
0.0198133
0.00164333
0
0.000433333
0
0
0
0
0.00102667
0.0427
0.0669633
0.0305267
0.00523667
0.00402667
0
0
0
0.00128
0.01264
0.0391133
0.0631633
0.0770933
0.0543933
0
0
0
0.0460433
0.0422267
0.0366467
0.01157
0.00402667
0
0
0.00267333
0.0057
0.0336267
0.03727
0.0456233
0.04747
0.0203667
0
0.0100833
0
0.00109667
0
0
0
0
0
0
0
0
0.00166333
0
0
0
0
0
0
0
0
0
0
0.00580667
0.00434667
0
0
0
0
0
0.00616667
0.00896
0.00475333
0.00061
0.00189
0.00805667
0.0332367
0.0537433
0.000406667
0.01175
0.0341367
0.07542
0.05437
0.0318733
0.05265
0.0337967
0.0305
0.0326967
0.00623333
0.00292667
0.00882333
0.0122833
0.00115333
0.00794667
0.0176067
0.0153333
0.0221267
0.00618
0.00619667
0.0174
0.00205667
0.0165367
0.0427667
0.0293
0.03945
0
0.00205667
0.01482
0.0617633
0.0921467
0.09683
0
0.0129633
0.0442833
0
0.0002
0.0742633
0.10427
0
0.0002
0.0813267
0
0
0.158023
0
0.07144
0.150927
0.00186333
0.04055
0.00301333
0.00186333
0
0.00018
0.0547767
0.0838567
0.0462533
0.0657133
0.100497
0.0915167
0
0.000226667
0.0221133
0.0611233
0.106247
0.12616
0.0330033
0.0142667
0.07567
0.000226667
0
0.00245667
0.0138067
0.0278633
0.07099
0
0
0
0.00245667
0
0.000253333
0
0
0
0
0.000253333
0.00189333
0.0226067
0.0132533
0.01783
0.00068
0.00822333
0
0
0
0
0.00164
0.00164
0.0112467
0.0102867
0
0
0.00068
0.00068
0.00068
0
0
0.07117
0.142987
0.0169833
0.0448333
0.13971
0.16504
0.0987467
0.113857
0.02665
0.0494867
0.0725467
0.09716
0.0518167
0.0541033
0.0744367
0.0541733
0.0444367
0.0453067
0.0538233
0.0467467
0.07741
0.102813
0.09983
0.0737367
0.0451667
0.0204367
0.0269733
0.05949
0.10412
0.0161133
0.0103133
0.0155767
0.05204
0.0531033
0.07549
0.0461733
0.0491433
0.0546733
0.112733
0.129663
0.00526333
0.00892333
0.0203
0.145933
0.00383667
0.0151167
0.0263167
0.05706
0.0764
0.09115
0.106853
0.00302667
0.00364333
0.00996
0.01994
0.0122033
0
0
0.00192
0.00109667
0.00109667
0
0.000486667
0
0.000486667
0.00122
0.000733333
0.00231
0
0
0
0
0.00157667
0.00157667
0.00223
0.000653333
0
0
0
0
0
0.000186667
0.000186667
0.00298
0.00298
0.00468667
0.00219333
0.000666667
0.00791333
0.0326933
0.00542
0
0.00954667
0.0116567
0
0
0.0195367
0.0249033
0.02473
0
0.000853333
0.000853333
0.0302267
0.000853333
0.0521033
0.0668533
0.0506833
0
0
0
0.0712633
0.0697633
0.0860133
0
0.074
0
0.0863167
0
0
0.0764567
0.0990933
0.000176667
0
0.11959
0.21038
0.184187
0.211643
0.00130333
0.0116367
0.00112667
0.203283
0.00299
0.188943
0.223497
0.0128967
0.00414
0.134777
0.0171233
0.170967
0.138777
0.00673
0.00160333
0.00137667
0.133413
0.133887
0.0855933
0.103593
0.0548567
0.07462
0.000453333
0.000226667
0.000226667
0.0680667
0.07337
0.0357
0
0
0.0188167
0.0247867
0
0
0.00954333
0.0118467
0
0
0
0.00747667
0.0145633
0
0
0.00015
0.00762667
0.00151333
0.00151333
0
0
0
0.00015
0
0.00911333
0.00210333
0.00059
0
0
0
0
0
0
0
0
0
0.00015
0
0
0
0.11684
0.0943033
0.138333
0.208483
0.228557
0.0372867
0.0835667
0.07405
0.161193
0.123697
0.221543
0.21442
0.21332
0.17552
0.16164
0.12189
0.01238
0.02393
0.0214867
0.0492467
0.152467
0.125667
0.000836667
0.0131233
0.00994333
0.0180033
0.1867
0.22691
0.00126
0.0166433
0.0194
0.196803
0.365217
0.000423333
0.0216067
0.25745
0.385653
0.000506667
0.00093
0.00673
0.194117
0.43445
0.469157
0.000506667
0.00630667
0.229093
0.341223
0
0.187397
0.315137
0
0
0.190627
0.166093
0.206237
0
0.0928233
0.117477
0.114623
0.17885
0
0.000176667
0.0618967
0.05893
0.0767433
0.000176667
0.000313333
0.0115933
0.02763
0.0417933
0.0520533
0.000136667
0.000136667
0.01635
0.0170767
0.0260667
0.00693333
0.00856
0.00224333
0.000616667
0.0136233
0.01138
0.01138
0
0.00173333
0
0.00129667
0.00081
0.00579333
0.01893
0.0208767
0.00306333
0.00875333
0.00766333
0.01636
0.01057
0.01122
0.00133
0.00288
0.00222667
0
0.000653333
0
0
0.00248667
0.01313
0
0.000186667
0
0.0108467
0.0003
0.0003
0.01131
0.00596
0.01417
0.0117367
0.0268333
0.000463333
0.0367333
0
0.0273333
0.0119933
0.0431767
0.02989
0
0.0150767
0.01713
0
0.0236933
0.0475933
0
0.0500433
0.03776
0
0.0553667
0.04287
0
0.03083
0.0306167
0
0.0396033
0.0171033
0
0.0339
0.0116133
0.000176667
0.09125
0.01068
0.000876667
0.134277
0.0818
0.01696
0.01121
0.206823
0.142493
0.0446467
0.02208
0.217703
0.0396667
0.218227
0.22747
0.0310433
0.18651
0.00735
0.00558
0.05947
0.131763
0.000226667
0.0216733
0.01634
0.00924
0
0.0114667
0.00916333
0.00114333
0
0
0.0255967
0.0192467
0.01735
0
0
0.03946
0.04819
0.000713333
0.0162567
0.0396667
0.04107
0.0499833
0.01232
0.01371
0.01312
0.00015
0.00878
0.00163667
0.0299433
0
0
0
0
0.00729333
0.0186567
0.00091
0.00032
0
0
0
0
0
0
0
0
0.00081
0.00081
0.00081
0
0.0647833
0.0385
0.0510633
0.04701
0.0502133
0.0702733
0.02076
0.07181
0.0489867
0.09317
0.0898167
0.0891567
0.15201
0.1002
0.15003
0.118653
0.111883
0.11407
0.02464
0.0213667
0.0468567
0.119083
0.130513
0
0.00269
0.00269
0.00596333
0.108217
0.170963
0
0
0
0.152203
0.20352
0
0
0
0
0.294907
0.301003
0.381897
0
0
0
0.43704
0.359247
0.3102
0
0
0.391363
0.30096
0
0
0.291703
0.182103
0.144237
0.131303
0
0.17815
0
0
0.152553
0.16703
0.15476
0.0718133
0.131223
0.0925933
0
0
0
0
0.0115633
0.0455967
0.0371733
0.0726367
0.05927
0.0970767
0.000973333
0.000973333
0.00059
0.00316333
0.00145333
0.00798
0.0140767
0.00766
0.00766
0.0023
0.000616667
0.000616667
0
0
0
0
0.00529
0.000396667
0
0
0.00081
0.00611667
0.00162
0.0192533
0.0631
0.05977
0.04231
0.00662667
0.0386033
0.04421
0.01844
0.0400333
0.01094
0.00306667
0.00222667
0
0
0
0.00641
0.0164233
0
0
0.00756667
0.02485
0
0
0.0304133
0
0
0.0345667
0.0025
0.0177467
0.0154633
0.0186233
0.0173
0.00929667
0.0294067
0.00265667
0.00219333
0.0516233
0.0525767
0.0466667
0
0.0375667
0
0.0318333
0
0.00800667
0.00623667
0
0
0.0126267
0.00301667
0.0242433
0.0164033
0
0
0.0413367
0.0542867
0
0
0.05073
0.0258
0
0
0.0107933
0
0.00116333
0.0007
0.00127
0.00755
0.00532
0.00718333
0.0269533
0.0326667
0.0994867
0.0293833
0.0268633
0.05566
0.1694
0.0464467
0.119327
0.176997
0.0468933
0.02681
0.113473
0.10554
0.00199667
0.0257467
0.0141733
0.01467
0
0
0.00174
0
0
0.00132667
0.000406667
0.00132667
0
0
0.000406667
0
0.0167467
0.00054
0.000253333
0.000966667
0.000713333
0.02597
0.0172233
0.00101667
0.0187767
0.0123667
0.00348667
0.0523633
0.03533
0.00729333
0.00989667
0.00260333
0.0653767
0
0
0
0.0415667
0.04926
0.02613
0.00181
0.0195567
0
0.00032
0
0
0
0
0
0.0194733
0.01091
0.00401667
0.00825667
0.00854667
0.00825667
0.0011
0.0011
0
0
0.0151567
0.0229533
0.0103233
0.0277867
0.03863
0.01112
0.00277333
0.00328333
0.00134
0.00386667
0.0268367
0.0118333
0.0252933
0.0207833
0.0299433
0.01497
0.0145
0.00225
0.00557
0.0337967
0.0467167
0.0842
0.0446433
0.0641267
0.000166667
0.00225
0.105427
0.11331
0
0
0.183097
0.182487
0
0
0.201413
0
0.240677
0
0.190543
0.10918
0
0
0.21338
0
0.165607
0.105747
0.0721567
0
0.18607
0
0.133143
0.120483
0.11355
0
0.140783
0.13638
0
0
0
0.17558
0.173147
0.18336
0
0
0
0.13523
0.148477
0.0996967
0
0.0726533
0.0778267
0.0355567
0.0015
0.0348467
0.02176
0.01068
0.0193033
0.00366
0.01014
0.00313333
0.00217333
0.00294333
0.0198933
0.02251
0.00509667
0.00635333
0.01726
0.02778
0.01385
0.0207733
0.00061
0.00863
0.00925333
0.00140333
0.00869
0.0162867
0
0
0
0
0
0
0.00165333
0.0156
0.0474367
0.0229467
0.0441067
0.0122833
0.000396667
0.00982
0.0195967
0.00194667
0.00084
0.0162167
0
0.00084
0.0130767
0.0213367
0
0
0.0300433
0
0
0.0373133
0
0
0.0493167
0.0410067
0.00183667
0.00433667
0.00183667
0.0259167
0.00183667
0.00984333
0.02445
0.00800667
0.00219333
0.00923333
0
0.01474
0
0.00723667
0.00222
0
0.01043
0
0
0.01142
0.00427
0
0
0.0107867
0.0344667
0
0
0.0362767
0.03959
0
0
0.01443
0.0105633
0
0
0.00023
0.000566667
0.00462
0.000673333
0.00576
0.0273933
0.00432667
0.0237367
0.0237167
0.0309467
0.0398567
0.00311667
0.0208467
0
0.00199667
0
0
0.00177
0.000413333
0.00135667
0
0
0
0
0
0
0
0
0
0.000133333
0.000133333
0
0.000816667
0.00153
0.00257667
0.0250233
0
0.00260333
0.0392367
0.0625567
0
0
0
0.0496
0
0
0
0
0.0251767
0
0
0.0120367
0.0143667
0.0254867
0.02261
0.03563
0.0215667
0.0143167
0.00129667
0.000196667
0.000196667
0.00281667
0.0562933
0.0427967
0.0431433
0.03777
0.00345333
0.01618
0.0646567
0.03882
0.0712867
0.0590867
0.0437467
0.02303
0.04982
0.00152
0.00083
0.00083
0
0
0.00903667
0.00069
0.00986667
0.00339667
0.00252667
0.00629
0
0.00348667
0
0.0189
0.0259933
0.0203233
0.000166667
0
0.000166667
0.08248
0.131207
0
0.161427
0.203503
0
0
0.207947
0
0.16837
0.171347
0
0
0
0.129247
0.06527
0.0951567
0
0
0.03132
0.0582733
0
0
0.0909867
0.112673
0
0.143147
0.176543
0
0
0
0.16644
0.107447
0.139423
0.00058
0.0425733
0.00461667
0.00135333
0.00539
0.00285333
0.0155033
0.01707
0.0288633
0.0263267
0.0076
0.00812667
0.0594433
0.0404533
0.0147367
0.00814333
0.0262933
0.0182733
0.05048
0.0241033
0.0386967
0.047
0.0443067
0.02355
0.02399
0.0413467
0.02738
0.02832
0.0441567
0.04335
0.0405833
0.01821
0.01107
0.0127667
0.0273667
0.02001
0.00923667
0.0202033
0.0203133
0.0207867
0.01318
0.00756667
0.0115267
0.000916667
0.00848333
0.00147667
0.0199967
0.0166667
0.0124
0.0131367
0
0.00223667
0
0.00223667
0.00228667
0.00284667
0.00118
0.00529
0.000396667
0
0
0
0.02152
0.01193
0
0
0
0
0.0431733
0.0401967
0
0
0
0
0.0470167
0
0
0
0
0.0383967
0
0
0
0
0.0196567
0
0
0.00257333
0.00219333
0.00015
0.00137667
0
0
0.00186667
0
0
0.0123767
0
0
0.02569
0.02472
0
0
0.0159267
0.00914333
0
0.00787
0.0113233
0.00017
0.00430333
0.00409667
0.00017
0
0
0.00131667
0.00249
0.00648
0.00228
0.03198
0.02788
0.000963333
0.00208333
0
0.00112
0.0382333
0.01819
0
0.0116
0
0
0
0
0
0
0
0
0
0
0.000563333
0
0
0
0.000563333
0.00186333
0
0
0
0
0.0033
0.0182267
0
0
0
0.0169267
0
0
0.0151233
0
0
0
0.00132333
0.000323333
0
0.000323333
0.0039
0.00215667
0.05106
0.04732
0.0517967
0.01108
0.0239033
0.000196667
0.000393333
0.00116
0.00148333
0.00360667
0.0359033
0.0482433
0.0453167
0.0436567
0.04118
0.0259033
0.01668
0.0237533
0.00188667
0.01167
0.0105233
0.0318833
0.03824
0.0321867
0.00661333
0.00105333
0.00303333
0.00426
0.00283333
0.00488333
0.00198
0.00198
0
0
0
0
0
0
0
0.00069
0
0.0175833
0.0121633
0
0
0
0.01418
0.02405
0.01692
0
0
0.0215433
0.0243533
0.01484
0
0.0392733
0
0
0.088
0.108793
0
0.194077
0
0
0.229387
0.180087
0.156157
0
0
0
0.0546133
0
0.0177033
0
0
0.0256267
0.03831
0
0
0.0985667
0.12429
0.13335
0.141777
0
0
0.139313
0
0
0.00112
0.00058
0.0710733
0.0101567
0.0136533
0.04023
0.0546667
0.0163167
0.0143367
0.0442
0.0597033
0.03227
0.0432233
0.09406
0.10249
0.0821133
0.05521
0.0749533
0.0688467
0.118373
0.103443
0.0510367
0.0476433
0.0829767
0.119527
0.00641333
0.00866
0.00813667
0.0542033
0.0614633
0
0.00224667
0
0.00448333
0.0198367
0.00358333
0.02224
0
0
0.0385133
0.0173767
0
0
0.04491
0
0
0.0303667
0
0
0.0197567
0.0348567
0
0
0.0199067
0.0174633
0
0
0.00038
0.00035
0.0005
0
0.00295
0.00309
0
0
0
0.0342333
0.04132
0.0252533
0.01636
0
0.00255667
0.00085
0.00017
0.000206667
0.000206667
0.00017
0
0
0.000176667
0.00198667
0.00447667
0.000176667
0.00114
0.000963333
0.049
0.0295867
0
0
0.0590533
0.0441867
0
0.0247333
0.01219
0
0
0
0.00194667
0
0
0
0
0
0
0
0
0
0
0
0
0
0
0
0
0
0.002
0
0
0
0.002
0
0
0
0
0.0158667
0.00112667
0.000323333
0
0
0.0178067
0.00555333
0.00439333
0.02024
0.01108
0.000393333
0.00194667
0.000196667
0.00310667
0.00277333
0.0151633
0.01331
0
0.000833333
0.02766
0
0
0.0244567
0.0457567
0
0
0.00293667
0.000553333
0.02479
0.0345667
0
0
0
0
0
0.00238333
0.0127133
0
0
0
0
0.01033
0
0.00166667
0.01631
0.00421
0.01022
0.0854867
0.00545
0.03434
0.05171
0.02968
0.0707967
0
0
0
0
0
0.00139
0
0.00139
0
0
0.00135
0.0135133
0.03699
0.00210333
0
0.00210333
0
0.0413967
0.0584067
0.0375567
0
0
0.02295
0.01806
0.000343333
0
0.0475333
0.000606667
0.000343333
0.08983
0.000263333
0.000263333
0.209403
0.24027
0
0
0.1241
0
0
0.0596267
0
0
0.0208867
0
0.0265067
0.0382533
0
0.0720233
0.119653
0
0.146457
0
0.12702
0.107947
0
0.08588
0
0
0.0618167
0.00054
0.0469
0.00601667
0.04858
0.0751967
0.0210933
0.0114433
0.118317
0.102787
0.0810033
0.0608533
0.135373
0.11853
0.117473
0.13413
0.149283
0.153383
0.04674
0.0873933
0.149133
0.104447
0.0487867
0.03198
0
0
0.00543333
0.00185
0.00243333
0.00947
0
0
0
0
0.0114633
0
0
0.0221567
0.00984667
0
0
0.0162333
0.0028
0
0
0.00480667
0
0
0
0
0.00282333
0
0
0
0
0
0
0.00035
0
0.00298667
0.00543667
0
0
0
0.0230667
0
0
0.0313567
0
0.0138267
0.0119
0.000226667
0.000226667
0.00236333
0.00191333
0.00489
0
0
0.00873
0.00401
0
0
0
0.00198667
0
0.03449
0.00938
0
0
0.03779
0.04294
0.0197767
0
0.00723333
0
0
0.00194667
0
0
0
0
0
0
0
0
0
0
0
0
0
0
0
0
0.000163333
0.000163333
0
0
0.00245333
0.000163333
0
0
0
0
0.0450333
0.01703
0
0
0.0550367
0.0289733
0.00676667
0.00407
0.00269667
0.0234033
0.0159433
0.00365
0.00504667
0.00129
0.00192
0.000196667
0.00386667
0.02128
0.00171
0.00171
0.03785
0.01709
0
0
0.0674667
0.0578533
0
0.0559433
0
0.01033
0.000136667
0.000136667
0.001
0.00266667
0.001
0.00695333
0.00542333
0.00569333
0.000406667
0.00373667
0.00540333
0.02214
0.02469
0.0315767
0.01411
0.0336967
0.0476633
0.05348
0.0244233
0.0513433
0.0540067
0.00499333
0.0509067
0.0682633
0.11951
0.13825
0.193323
0.237593
0.00878333
0.00955333
0.00156
0.0303433
0.0938667
0.192843
0.271057
0.221613
0.04581
0.00994333
0.0169533
0.00976667
0.130387
0.07962
0.230593
0.264537
0.221613
0.02315
0.0514733
0.0104767
0.103567
0.18241
0.18893
0.02517
0.123123
0.143673
0.0114033
0.00331667
0.0548633
0.05587
0.0679
0.0867833
0.00684333
0.0137867
0.0582367
0.03449
0.0463833
0.02277
0.0452933
0.0376533
0.0126567
0.0438067
0.0108567
0.00139
0.00223667
0
0
0
0
0.00135
0.00226
0.0192867
0.0191567
0.0261
0.04024
0.0433133
0.00475
0.00721667
0.00403667
0.0257367
0.0532233
0.0313667
0.03583
0.0502867
0.0428567
0.01743
0.00266333
0.01268
0.00457
0.0371733
0.0151667
0.01066
0.00359
0.0385067
0.00279
0.0100067
0.000196667
0.0104533
0.0388067
0.00293667
0.0436833
0.0553267
0.02131
0.00812333
0.0935233
0.124177
0.0146433
0.158467
0.144067
0.00111333
0.12073
0.165997
0.00085
0.102707
0
0.0948667
0
0.0224633
0.0208767
0.0190467
0.0400967
0
0.0716
0
0.07732
0
0.0782967
0.101683
0
0.0822467
0.0382767
0
0
0.0195333
0.0203667
0.00061
0.00115
0.00242333
0.00185667
0.0333533
0.0717467
0.00894
0.00165667
0.124177
0.14413
0.08102
0.0387567
0.136953
0.145443
0.15936
0.1264
0.168433
0.157753
0.00435
0.0480167
0.08623
0.120203
0.105003
0
0.00224667
0.04351
0.0179033
0.00279
0.00094
0.00243333
0
0
0.00355667
0
0
0
0
0.00194
0.000816667
0
0
0.00282333
0
0
0
0.00282333
0
0
0
0
0
0
0
0
0
0
0
0
0.00263667
0
0.00299
0
0.02097
0.0199933
0
0
0.0055
0.02348
0.000456667
0.00429
0.000683333
0.00298
0.00045
0.00252333
0.00045
0.00045
0.00786333
0.0102867
0
0
0.0141267
0.0391433
0
0
0.03822
0.00848333
0.00464333
0.00464333
0
0
0
0
0
0.00739333
0
0.00846667
0
0.0137533
0
0.00657667
0
0
0.00550333
0
0.000216667
0
0
0
0
0
0
0
0
0
0.000386667
0.00055
0
0
0.00284
0
0
0.00601333
0
0
0.03363
0
0
0.00687333
0.00417667
0.05195
0.02405
0.0239433
0.0264667
0.0165233
0.0826967
0.04933
0.0575567
0.05656
0.00423
0.00252
0.01453
0.00229
0.0113167
0.0132633
0.0405533
0
0
0.0469933
0.02443
0.0450833
0
0.0221433
0
0.01115
0.00082
0
0
0.00027
0
0.00273667
0.00650667
0.01392
0.02952
0.00377
0.0563433
0.00377
0.00584667
0.0404833
0.0330367
0.0432967
0.0591733
0.00033
0.00240667
0.0136233
0.01443
0.03058
0.0269067
0.0511167
0.0572733
0.000933333
0.00361333
0.00589333
0.0131067
0.0431133
0.06307
0.0663067
0.26618
0.227983
0.213043
0.10383
0.14035
0.13234
0.12039
0.0125467
0.0137367
0.179403
0.16602
0.154697
0.0110267
0.163443
0.128067
0.112657
0.06295
0.148033
0.04073
0.1359
0.0783033
0.02657
0.0567533
0.0128033
0.0126833
0.05746
0.000846667
0.00406333
0
0
0
0
0
0
0
0.00238333
0.00091
0.00091
0.00160667
0.00858667
0.00869
0.00464
0.0140767
0.00755333
0.0486167
0.0073
0.00121667
0.00201333
0.0918467
0.0912133
0.0144733
0.0900967
0.0497433
0.0631967
0.01727
0.07945
0.0437967
0.0493833
0.00289
0.00374
0.0201167
0.0281733
0
0.0122933
0
0.0144233
0
0.01438
0.02059
0
0.04515
0.00223
0.0511067
0.00223
0.00401667
0.0565067
0.00178667
0.0512167
0.03605
0.04295
0
0
0.0216533
0.0200767
0.00133333
0
0.00061
0.00031
0
0.03447
0.0538833
0.105197
0.0379733
0.00759
0.11666
0.0922433
0.04608
0.117567
0.0850167
0.00364
0.00210333
0.0473067
0.0733967
0.0653533
0
0
0.0245467
0.0158267
0
0
0.00733333
0.00721
0
0
0.000816667
0.000816667
0.00112333
0
0
0
0.00112333
0
0
0
0
0
0
0
0
0
0
0
0
0
0
0
0
0
0
0.000353333
0.000353333
0
0.00201333
0.00166
0.00166
0
0.0123267
0.0146233
0
0
0.0738167
0.0630867
0.0560733
0.0407933
0.0234367
0
0.0390967
0.0813367
0.0785
0.0708733
0.0536267
0.0171333
0
0.0297067
0.0595167
0.0417033
0
0
0.00973667
0.0758833
0.0900767
0.06217
0.00899333
0.0195167
0.05474
0
0
0.04484
0.0151033
0
0
0.0118467
0.00138667
0.00138667
0
0
0.00107333
0
0.00107333
0
0
0.00107333
0.00129
0
0.000923333
0.000923333
0
0.00171333
0.00100667
0
0.00100667
0
0
0
0
0
0
0
0.000386667
0
0
0.00372333
0
0
0.00706
0
0
0.0221033
0.04677
0
0
0.0550867
0.00417667
0
0.0844533
0.0913133
0.0498067
0.0141733
0.03492
0.0175733
0.0706533
0.0559533
0.08862
0.0982333
0.0139233
0.00293
0.00991
0
0
0.01353
0
0
0.0126167
0.00162333
0
0.00082
0
0
0
0
0.0138067
0
0.0247833
0.05172
0.0552133
0
0
0.0668733
0
0.06838
0.04879
0.00086
0.00146333
0.100047
0.0957567
0.09279
0.00293
0.0288767
0.0602233
0.03009
0.114903
0.128687
0.146793
0.115187
0.0642067
0.120357
0.11516
0.13963
0.191567
0.261167
0.0840667
0.06846
0.0332733
0.0150933
0.0859067
0.02017
0.0148433
0.05378
0.02466
0.0467833
0.0557267
0.0169767
0.00892667
0.06012
0.0315233
0.00791333
0.01686
0.00321667
0.01113
0
0
0
0
0.000163333
0.000163333
0
0.000696667
0.000696667
0.00171
0.00101333
0.00147
0.000456667
0.0340233
0.0633533
0.000456667
0
0.11348
0.131967
0.01322
0.01435
0.0150867
0.0901633
0.0244833
0.0121067
0.0365167
0.0451833
0.00464
0.0151667
0.00775333
0.00486333
0.000206667
0.00400333
0
0.00044
0.000293333
0.000293333
0.0121867
0.00502333
0.0490733
0.02232
0.0107933
0.00696
0.04993
0.00785
0.0514067
0.0254167
0.00178667
0.01535
0
0
0.00350667
0
0.00291
0
0.00031
0
0.00031
0
0.00061
0
0
0.00226667
0.00066
0.00716
0.0101533
0.0244533
0.0664633
0.01869
0.02929
0.00431
0.0479767
0.0494533
0
0.00153667
0.0627833
0.0541767
0.0374133
0.0391767
0.0174667
0.0119033
0
0.00164667
0.00083
0
0
0
0
0
0
0
0
0
0
0
0
0
0
0
0
0
0
0
0
0
0
0
0
0
0
0.00230333
0.00230333
0
0.000246667
0
0
0.0141233
0.0431767
0.00279667
0
0.00082
0.00719
0.0621467
0.0731833
0.0522633
0.02693
0.0170933
0.01442
0
0.000506667
0.02083
0.0467333
0.06636
0.05859
0.0608533
0.0418333
0.03123
0.0252567
0.0500433
0
0.000506667
0.01446
0.0632367
0.05722
0.0701133
0.0611767
0.0454933
0.000226667
0
0.0154133
0.01727
0.03308
0.05709
0.05372
0.000226667
0
0.00146
0.00331667
0.06049
0.00103333
0.000806667
0.00185667
0.10483
0.0882333
0.000806667
0
0.0859667
0.121863
0
0
0.00380333
0.00111333
0.05232
0.0143267
0.0887367
0.0718267
0
0
0
0.0119933
0.00153333
0.00138667
0
0
0
0
0
0
0
0
0
0.00106
0
0.0071
0.00745333
0.00810667
0
0
0.0103233
0
0
0.00393
0
0
0.00292333
0
0
0
0
0
0
0.00333667
0
0
0
0
0.0058
0.02123
0
0
0.0201333
0.0293233
0
0
0.00417667
0
0.0350633
0.00661
0.0117933
0.11251
0.116867
0.00014
0.03689
0.01237
0.0517767
0.08626
0.0841033
0
0
0.00403
0.00568667
0
0.00229667
0.000803333
0.000803333
0
0
0
0
0
0
0
0.000156667
0.000156667
0.000156667
0.0111333
0
0.0140233
0.0311667
0
0
0
0.03188
0.0485033
0.00146667
0.00232667
0.103123
0.00146667
0.0101267
0.0756733
0.04606
0.12463
0.132587
0.113767
0.138043
0.185893
0.187823
0.16052
0.343347
0.38144
0.391367
0.21411
0.143497
0.0735267
0.0473133
0.0205867
0.0166033
0.0176167
0.00202
0.00101333
0
0
0
0
0
0.00345333
0.00361667
0.00309333
0.000326667
0.00098
0.00114333
0.00238333
0
0
0
0
0
0
0.03323
0
0
0.0879967
0.00113
0.00113
0.164467
0.000736667
0.00186667
0.161737
0.12867
0.000843333
0.00158
0.0856633
0.000843333
0.00486333
0
0.000293333
0.000376667
0.0106533
0.03533
0.0127867
0.02531
0.01629
0.03386
0.00888
0.01492
0.00546
0.00504667
0.00225333
0.0022
0.000906667
0
0
0
0
0.00066
0
0.00165667
0.00837333
0.00538
0.00443
0.0307467
0.0183667
0
0.00277333
0
0
0.0626167
0
0
0.0557733
0.03906
0
0.0169
0.00767
0.00185667
0.00102667
0
0
0
0
0
0
0
0
0
0
0
0
0
0
0
0
0
0
0
0.000493333
0.00157333
0.00108
0.00877
0.00769
0.0214967
0.00338333
0.01058
0.04688
0.05171
0.0507733
0.0261333
0.0143867
0.0374667
0.0575633
0.06604
0.01949
0.0139333
0.0407167
0.00719
0.0439067
0.0160733
0.0219967
0.0643333
0.04035
0.0751833
0.000506667
0.00488667
0
0.00876333
0.0360567
0.03442
0.00681333
0.0337933
0.0110033
0.0650633
0.0245633
0.0417767
0.00305667
0.0136633
0
0.00387667
0.00414333
0.00351667
0.00739333
0.00356333
0.01585
0.05434
0.03349
0
0.000266667
0.000266667
0.0252733
0.0499933
0
0
0
0
0.0634933
0.000226667
0.00206333
0.00206333
0
0.072
0.0057
0.00220667
0.000143333
0.07537
0.08049
0.01672
0.0120533
0.000143333
0
0.11289
0.09917
0.0877667
0.0026
0.01362
0
0
0.14044
0.14573
0.12998
0.145787
0.0601
0
0.00179333
0
0.01549
0.00269
0.0763033
0.0545967
0.11527
0.0314467
0
0.0135833
0
0.00312333
0.000146667
0
0
0
0
0
0
0
0
0.00324
0.0043
0
0
0.0106933
0.0384567
0
0.03814
0
0.0356367
0
0.00681333
0
0
0.00282333
0.00671333
0
0
0.0051
0.00227667
0
0.000446667
0.00272333
0
0.000446667
0.00246333
0
0
0.00262333
0.00486333
0
0
0.0027
0.0141933
0
0
0.0120933
0.0385333
0.01008
0.00243333
0
0.08569
0.00014
0.119693
0.117537
0.124467
0
0
0.0135933
0.0112767
0.0383533
0
0
0.00163667
0
0.000143333
0
0
0
0
0
0
0
0
0
0
0
0.00304667
0
0.00328
0
0.000233333
0.0199033
0
0
0.0521267
0
0.0373067
0.00835333
0.0343233
0.0170133
0.0977367
0.05705
0.117643
0.07117
0.0457067
0.160303
0.37637
0.304327
0.272267
0.337293
0.201653
0.0365
0.2109
0.00686333
0.136253
0.04741
0.0644067
0.00100667
0.02336
0.0406067
0.00100667
0.02934
0.0235033
0
0.0206767
0.00385667
0
0
0
0.00281
0.00281
0.0061
0.01169
0.00938
0.00921667
0.000936667
0.00098
0
0
0
0
0.00384667
0
0
0
0.0804233
0.138407
0.129373
0
0.0724067
0
0.02037
0
0
0.00486333
0
0.00056
0
0.000143333
0.00392667
0.000286667
0.000143333
0.00839
0.03349
0.05689
0.00342
0.00114333
0.00462333
0.0322267
0.00274333
0.00174333
0.0022
0.000593333
0
0.000196667
0
0
0
0
0
0
0.00121333
0.00121333
0
0
0.0213967
0
0.03205
0
0
0
0
0.04411
0.0507433
0
0.03927
0.01779
0
0.00835
0.00253667
0
0
0.00102667
0
0
0
0.00125333
0
0
0
0.00125333
0
0.000333333
0.000333333
0
0
0
0
0
0
0
0
0.000493333
0
0.0263267
0.0143
0.01277
0.0120267
0.000743333
0.00147
0
0.00927667
0.00853333
0.00894
0
0
0.04695
0.0364667
0.02106
0.00026
0.0260067
0.00805667
0.00861667
0.00918
0.0538833
0.0360667
0.0731233
0.0732133
0.08569
0.09343
0.07945
0.0568367
0.0519167
0.0789433
0.0860067
0.0696267
0.0183533
0.0149433
0.0150867
0.0809433
0.0676267
0.0293733
0.0141733
0.00129333
0.165333
0.0719367
0.0360067
0.02492
0.00115
0
0.187547
0.0606767
0
0
0.131077
0.01464
0.00253333
0
0
0
0.000296667
0.0130967
0.0374933
0
0.00074
0.00297667
0
0
0
0
0
0
0.00645
0
0
0.0233833
0
0.0489967
0
0.0912667
0
0.0782233
0
0.05436
0.0116733
0.02107
0.0183867
0.0310367
0
0.00444667
0.0172867
0.0416367
0.0527033
0
0.000636667
0.00236
0
0.00019
0.000726667
0.00245
0.00016
0
0
0
0.00016
0.00046
0
0.00044
0.00014
0.00764667
0
0.00014
0.153483
0.11035
0
0.00978333
0.0215633
0.0478167
0.0889567
0
0
0
0
0.000143333
0
0
0
0
0
0
0
0
0
0
0
0
0
0.000233333
0
0
0
0
0
0.00264
0
0
0
0
0.0100133
0.0273233
0.119357
0.30389
0.347437
0.290937
0.125263
0.0377767
0.15442
0.177627
0.00187333
0
0
0
0
0
0.0148767
0.000133333
0
0.00389333
0.000133333
0.00707
0.0343567
0.00974667
0.03071
0.00851
0.000226667
0.000273333
0.000273333
0
0
0
0
0.00384667
0.00592333
0
0.0277333
0
0
0.0455333
0.105287
0
0
0.0989833
0.0396733
0
0.0180267
0.00252
0
0
0
0.000266667
0
0.00363333
0
0.0647467
0.00765333
0.0415533
0.01507
0.00569
0.0119467
0.00488667
0.00248333
0.0022
0
0
0.000363333
0.000166667
0
0
0
0.00121333
0.0113833
0
0.0268467
0.0560067
0
0.05649
0
0.0444667
0.0257733
0.01663
0
0
0
0
0
0
0
0
0
0
0
0
0.01344
0
0.01327
0.01252
0
0
0.00108333
0.00075
0
0
0
0
0
0
0
0
0
0
0.000726667
0
0.00113333
0.00277
0
0
0.00271667
0.0111133
0.00026
0
0.0388967
0.0741533
0.000713333
0.0905633
0.101533
0.0115667
0.0960433
0.0251
0.07343
0.0683833
0.100303
0.0507433
0.0225933
0.26867
0.215037
0.04825
0.0447067
0.0103833
0.00182
0.0316333
0.0586333
0.00067
0
0.197747
0.261587
0.03611
0
0
0.175033
0.0235733
0.00556333
0
0
0.0249167
0.05682
0.00297667
0.000296667
0.00297667
0
0
0
0
0
0.00097
0.00418
0
0.0211133
0
0.03552
0.08006
0
0.09074
0.08386
0.0612067
0
0
0.0284867
0.0258867
0
0
0.0236867
0.0479533
0.0117633
0
0.0431967
0.0198267
0.01266
0
0.00279667
0.0351967
0.0288867
0.000536667
0.000536667
0.00107333
0.000536667
0.00857
0
0
0
0
0
0
0.01459
0.131027
0.0677033
0
0.0129267
0.0201
0.0698767
0.0850867
0
0.00033
0
0.00033
0
0
0
0
0
0
0
0
0
0
0
0
0
0.00319
0.00305333
0
0.00569333
0
0.00554667
0.00131667
0.00131667
0.00775667
0.01089
0.00440333
0.00308667
0.00798333
0.00457667
0.00945
0.0084
0.01325
0.00315
0.0221267
0.0258133
0.0720033
0.08672
0.0384233
0.0414767
0.221557
0.113247
0.102033
0.205783
0.149283
0.151947
0.00814
0.00187333
0.09677
0.0922833
0
0
0.0530667
0.0271933
0.00580667
0.04991
0.01621
0.0208
0.0511733
0.07565
0.0720367
0.0556633
0.0546033
0.01074
0.00250333
0.00556333
0.00565333
0.000273333
0
0.000316667
0
0.00117667
0.00160333
0
0.00293667
0.00160333
0
0.02458
0
0.0250233
0
0
0
0
0.00252
0
0
0
0
0.00336667
0.00446333
0.00024
0.00024
0.0298567
0.0390767
0.00689333
0.0131433
0.0383533
0.0318967
0.000283333
0.02777
0
0
0
0.000166667
0
0
0
0
0
0.00275667
0.00154333
0.0129267
0.0255
0
0.0531167
0.000326667
0.0517
0.000326667
0.02405
0.000326667
0.0219733
0.00257667
0.00408667
0
0
0
0.0132767
0
0.0267167
0.01453
0
0
0.02984
0.0256267
0.0184033
0.0116133
0.00614667
0.00028
0.00567667
0.00028
0
0
0
0
0
0
0
0
0
0
0
0
0
0
0
0
0.00163667
0.00163667
0
0.00181667
0.00259
0.0126233
0
0
0.0615033
0.07012
0.000453333
0.09374
0.08922
0.0880667
0.105867
0.0149133
0.0805567
0.08537
0.01621
0.0428633
0.09464
0.0414567
0.02486
0.231717
0.455533
0.0507633
0.02817
0.49439
0.531187
0.01506
0.0654633
0.0555467
0.0205
0.00156333
0.391203
0.03735
0.000893333
0.00258667
0.01458
0
0
0
0.00123333
0.000296667
0.00052
0.000493333
0
0
0
0
0.00097
0
0
0
0.05364
0.0411333
0.04346
0.0140733
0
0
0.0182067
0.00768
0.00587333
0.000763333
0.00343667
0.00107667
0.000866667
0
0.000866667
0
0
0.00412333
0.000866667
0
0.00803333
0.01129
0.00325667
0
0
0
0
0
0
0
0
0
0
0.00694333
0
0.11032
0.09013
0
0.00267333
0.0226933
0.0488233
0
0.00185667
0.000536667
0.00220667
0
0
0
0.00035
0.00035
0
0
0
0
0
0
0
0.000503333
0.000136667
0.00355667
0
0.0215567
0.0192833
0.0446
0
0
0.03049
0.05368
0.00163
0.00294667
0.0309833
0.0138467
0.0153033
0.0222033
0.0127933
0.00639667
0.00105
0
0
0.00315
0.00481667
0.0245767
0.03792
0.0135233
0.00794667
0.00711667
0
0.125427
0.122883
0.110563
0
0
0.0977333
0.118557
0.00469333
0.07238
0.10466
0.145387
0.04175
0.0103667
0.166503
0.08116
0.0794733
0.115877
0.0632433
0.154867
0.1549
0.163047
0.0791233
0.00223
0.01192
0.00324333
0.0142133
0.00693
0.0266067
0.01097
0.00152333
0.01724
0.00328333
0.00879
0.00347667
0.00899
0.00187333
0.00348
0.00140333
0.00337667
0
0.00252
0
0
0
0
0
0
0
0.00109667
0.00024
0.0139567
0.01168
0.0131333
0.000556667
0.0388467
0.000283333
0.0308167
0
0.00341
0
0.000166667
0
0
0.01533
0.00086
0.0877867
0.0139667
0.0134333
0.0918867
0.000326667
0.0250033
0
0
0
0
0.00107333
0
0
0.00107333
0
0.01435
0
0
0.0493833
0
0
0.0415733
0.0348767
0
0.0163533
0.0111667
0
0
0.00028
0
0
0
0
0
0
0
0
0
0
0
0
0
0
0
0.000523333
0.00293333
0.00451333
0.0140233
0
0.0203667
0.0269267
0.0374367
0.0260567
0.000453333
0
0.05422
0.0567033
0.00112
0.07707
0.14915
0.01438
0.3049
0.0140667
0.49249
0.00168
0.00402333
0.0685767
0.03523
0.37114
0.00258667
0.0686733
0.0196533
0.00425333
0.000893333
0.21881
0.1023
0.0328733
0
0.03435
0.00215
0.0224533
0
0
0.000223333
0
0.00342
0
0
0.00292667
0
0
0
0
0
0
0
0.00112333
0
0.01874
0.02618
0.00962
0
0.00946667
0.00105667
0
0
0
0
0.000553333
0.00896333
0
0.00144333
0.00287
0.00641
0.0169667
0
0
0.000213333
0.00165667
0.0168433
0.02017
0.0318867
0
0.000426667
0.0156133
0.08095
0.12335
0.07852
0.09377
0.0522867
0
0
0.000213333
0.01863
0.0384333
0.0878067
0.1105
0.14807
0
0.000213333
0.00344333
0.123877
0
0
0
0
0
0
0
0
0.00237667
0
0
0
0
0
0
0
0
0
0.00694333
0.01614
0
0
0
0.09095
0.0774967
0.0506967
0.02982
0
0
0.00844667
0.0212933
0.105333
0.12456
0
0
0.01645
0
0
0
0
0
0
0
0.000366667
0
0.0205767
0.0463067
0.00552
0.0177633
0.0247733
0.0124633
0.0108033
0.0374067
0.03136
0.01391
0.00689
0.00255333
0.00101
0.00147333
0.0502167
0.0394633
0.0361267
0.00637
0.0101767
0.0155233
0.0225533
0.00168667
0.00295
0.00085
0.000996667
0
0
0.06394
0.0334567
0
0
0.0934367
0.07296
0.116803
0.0705133
0.00526333
0.151783
0.12597
0.0366467
0.174653
0.14414
0.209903
0.151347
0.146647
0.306673
0.0905633
0.0838933
0.27493
0.25841
0.179533
0.0384767
0.0526367
0.00572
0.00821
0.0417333
0.0397633
0.0114533
0.0346633
0.0319033
0.0636833
0.00942333
0.00918333
0.05887
0.0177733
0.0195033
0.02792
0.02133
0.0141567
0.02153
0.01838
0.00363333
0.0143133
0.00376333
0.00193333
0.000173333
0
0
0
0
0
0
0
0
0.00109667
0.00137
0.00502667
0.000546667
0.000273333
0
0.0478033
0
0.04626
0
0
0
0
0
0.00191333
0.00149667
0.00149667
0.0157
0.00235667
0.0123733
0.06054
0.0239833
0.0250667
0.0347567
0.11545
0.0750433
0.07515
0.01196
0.0203567
0.0248967
0
0
0.00257667
0
0.00107333
0
0
0
0.02677
0
0.0496167
0.0335567
0.0104333
0
0.00656667
0.00107667
0
0.00028
0
0
0
0
0
0
0
0
0
0
0
0
0
0
0
0
0
0.00210333
0.00158
0.00505333
0.00740667
0
0.0284533
0.03836
0
0.06197
0.000666667
0.00241667
0.000666667
0.08698
0.130813
0.00199333
0.000243333
0.320413
0.166767
0.000243333
0.508897
0.31537
0.000243333
0.54205
0.423307
0
0.0822533
0.06136
0.320397
0.351323
0
0
0.0873233
0.07996
0.0953133
0.05574
0.0320767
0.00355
0.00019
0
0
0
0.05089
0
0
0
0.00292667
0
0
0
0
0
0
0.000153333
0.000153333
0
0
0.000153333
0
0
0.00105667
0.00121
0
0
0
0
0
0
0.00142667
0.00496667
0.00380667
0.00614667
0.00588
0.0216967
0
0
0.02655
0.0190433
0.02947
0.0504267
0.05045
0.0695567
0
0.08694
0.0981767
0.08263
0
0.00355667
0.0235733
0.0662833
0.08158
0.0861267
0
0.000326667
0.00108333
0.0211
0.02916
0.05001
0.0569133
0.0271367
0.06582
0.0745733
0.106117
0
0
0
0.00414667
0.00177
0.00177
0
0
0.00149667
0.01165
0.02743
0.01253
0.0190467
0
0
0
0
0
0
0.0642233
0.0396767
0.0437733
0.0443133
0.102223
0.05243
0
0
0.0196033
0
0.00517333
0
0.00482333
0
0
0
0
0
0
0
0.00471333
0
0
0
0.0427433
0.000173333
0.00406333
0.0600767
0.0474333
0.0163067
0.00291333
0.0119867
0.01955
0.04331
0.101767
0.07375
0.102263
0.0380867
0.00126667
0.00173
0.03444
0.03658
0.00315667
0.00104333
0.00164667
0.00075
0.00075
0.02595
0.0300933
0.0187467
0.0173833
0
0.000196667
0.00120333
0.0122667
0.0539867
0.00057
0.00839
0.0009
0.0185
0.0631
0.08165
0.0736767
0.0672367
0.04676
0.03795
0.00202667
0.00213333
0.00856333
0.0904667
0.1861
0.116347
0.132117
0.251727
0.0791067
0.04685
0.0175267
0.0027
0.00359
0.0341867
0.0390533
0.0763567
0.211753
0.08876
0.0605033
0.36014
0.402367
0.15663
0.11017
0.00372667
0.0201167
0.0018
0.0659933
0.10485
0.110347
0.15011
0.0538
0.251627
0.3308
0.10977
0.00977333
0.0615933
0.0427067
0.0938033
0.147463
0.132697
0.00764333
0.00334667
0.0931333
0.108467
0.00447667
0.00715667
0.0024
0.0836833
0.07769
0.0877067
0.0301533
0.0171533
0.0525867
0.05238
0.0421367
0.0285767
0.000173333
0
0.00321667
0
0
0
0
0
0
0
0
0
0.000273333
0.00478667
0.00539
0.021
0
0.0196733
0
0
0.00406333
0.00082
0
0
0
0.00191333
0.00439333
0.01441
0.0962833
0.147093
0.121797
0.0436
0.0125833
0
0.00095
0
0
0
0.00127667
0.000203333
0
0.00148
0.0136967
0
0.0406567
0
0.0323833
0
0
0.00101
0
0.000213333
0
0
0
0
0
0
0
0
0
0
0
0
0
0
0
0
0.000523333
0.000523333
0.000523333
0
0
0.00393333
0.00393333
0
0.00732
0.0734
0
0.0836167
0
0.0820967
0
0.119993
0
0
0.0723367
0.0168667
0.135867
0
0.0701
0.00192667
0
0.0337567
0
0
0
0.00192667
0
0.00482667
0
0.00292667
0
0
0
0
0
0
0
0
0
0
0
0
0
0
0
0.000266667
0.00053
0.000266667
0.000263333
0.0157633
0
0.0584167
0.0318433
0.04831
0
0.04333
0.0642367
0
0
0
0
0.01127
0.0142567
0
0.000756667
0.00288333
0.00646
0.0124367
0.0100667
0.03352
0
0
0
0
0.00177
0
0
0.00205
0.00186
0.00019
0
0
0
0.000233333
0.000233333
0.01324
0.00173
0.0482733
0.02316
0.0516633
0.0866
0.0393867
0.0244467
0.0110567
0
0
0.0820267
0.05609
0.02165
0.0316867
0.11518
0.127213
0.133483
0
0.08247
0.0825133
0
0
0.0349233
0.0664733
0
0.00482333
0
0
0
0
0
0
0.00472
0.00434667
0.00541667
0
0.0173433
0.000173333
0.000173333
0.0046
0.0168433
0.00395
0.00144
0.00118333
0.01022
0.02895
0.200417
0.217807
0.42932
0.341793
0.0402367
0.00496
0.0370933
0.05457
0.0537933
0.0461033
0.0641433
0.0822367
0.00242667
0.00698
0
0.000196667
0
0.0457133
0.0717933
0.104803
0
0.0976333
0.0522233
0.179727
0.171683
0.0195867
0.00408
0.00098
0.0008
0.00857333
0.00749
0.240827
0.2498
0.03752
0.0156067
0.0379833
0.0381333
0.02199
0.00353667
0.00416667
0.0187667
0.104463
0.0700567
0.214
0.19732
0.02144
0.0190833
0.0004
0.00393667
0.128313
0.26438
0.15442
0.00275667
0.000193333
0.00435667
0.0430133
0.26106
0.121463
0.10644
0
0.00256333
0
0
0.000626667
0.00161667
0
0.0481967
0.06494
0.0166
0.00314
0.06119
0.0588533
0.05038
0.0276
0.04872
0.0288033
0.0173367
0.01807
0.0045
0.000173333
0.0012
0.00321667
0
0
0
0
0
0
0
0
0
0
0
0
0
0
0
0
0
0.000603333
0
0.0167533
0.00114333
0
0
0
0.00136
0.01697
0
0.00082
0
0
0
0
0
0
0.000246667
0.00271333
0.0008
0.00314333
0.00524333
0.02158
0.05757
0.0539733
0.0745833
0.0292367
0.0406333
0.0379233
0.0744667
0.0259267
0.03947
0.0351433
0.01998
0.0727033
0.01847
0
0.01778
0
0
0
0
0.0158733
0
0
0.0199867
0
0.0211467
0.0176267
0.01855
0.00608
0
0.000213333
0
0
0
0
0
0
0
0
0
0
0
0
0.000593333
0.00210333
0.000593333
0.00118667
0.00549
0.01933
0.000593333
0.04805
0.00079
0.0942333
0.07851
0.000196667
0.0861833
0.000196667
0.000196667
0
0
0.116027
0
0.157757
0.122777
0
0.1948
0.14585
0
0.18363
0.0945967
0
0.0385033
0.0486367
0.0170933
0.01396
0.07776
0.0100667
0
0.06411
0.00019
0.000643333
0
0
0
0.0340133
0
0
0
0
0
0
0
0
0
0
0
0
0
0
0
0
0
0
0
0
0
0.0217367
0
0
0
0
0.0518433
0
0.09496
0.0694933
0
0.08233
0
0
0.07794
0
0.0300567
0.0429333
0
0
0
0.00212667
0.00059
0.00271667
0.00251
0.00196333
0.00715
0
0
0
0
0
0.0141933
0.0263533
0.00451
0.08275
0.0934233
0.0600833
0.0269367
0.0250833
0.0157233
0.00437667
0.00251667
0.00019
0
0
0.000233333
0.000466667
0.0119767
0.0511933
0.05991
0.0533867
0
0.0822967
0
0
0
0.0161667
0.0204933
0.000496667
0
0
0
0
0
0.000373333
0.000373333
0
0.00107
0
0.01316
0.0215
0.0092
0.139913
0.0257733
0.02208
0.00442667
0.0167067
0.212297
0.32389
0.517167
0.390747
0.153367
0.02485
0.0315267
0.0250567
0
0.01154
0.01154
0.01377
0.0118533
0.0359
0.107717
0.0752233
0.132457
0.141803
0.12871
0.168643
0.12119
0.18566
0.122547
0.00929
0.10034
0.0608267
0.0508333
0.0185433
0.110973
0.101907
0.0832467
0.06767
0.04206
0.23671
0.24723
0.247387
0.06148
0.05726
0.11489
0.02203
0.000916667
0.000916667
0.00183333
0.00154333
0.0124
0.02419
0.00253667
0.00193
0.02514
0.0453967
0.01483
0.00322667
0.0485167
0.03814
0.0145267
0.02764
0.0260533
0.02599
0.00128333
0.00175
0.00176667
0
0
0
0
0
0
0.000803333
0
0.000803333
0
0
0
0
0
0
0.00054
0.00054
0
0
0
0.000246667
0.0008
0.000246667
0.00314333
0.00333
0.00253
0.0115633
0.00804
0.00969333
0.01392
0.00638333
0.00723333
0.00701
0.00095
0.00134667
0
0
0
0.000203333
0
0.00176667
0.000406667
0.00501667
0
0.03147
0
0
0.0409033
0
0.00603667
0
0
0.000966667
0
0
0
0
0
0
0
0
0
0
0
0
0
0
0
0
0.000176667
0.000176667
0
0
0
0
0
0.00077
0.00975333
0.00274
0.00484333
0.01017
0.0950433
0.0602633
0.00558
0.0985533
0.00498667
0.000196667
0.0861267
0
0.08364
0.0886267
0.0860333
0
0
0.0381167
0
0.00650667
0.00377667
0.000453333
0.000453333
0.02128
0.0148367
0
0.000453333
0
0.00362333
0.00362333
0
0.00508333
0
0
0
0
0
0
0.0019
0.0019
0
0
0
0.000993333
0.000993333
0
0
0
0
0
0
0
0
0
0
0
0
0
0.00597333
0.00597333
0.0185233
0.00774
0
0.01255
0
0
0.0249633
0
0
0
0
0
0
0
0.02795
0
0
0
0
0
0.00054
0.00742333
0.00167667
0.0115233
0
0
0
0
0
0
0
0
0
0.0376333
0.0643767
0.0850533
0.0769967
0.0627
0.0627433
0.0550133
0.0767367
0.0583367
0.0489767
0.0123767
0.0387533
0.0434767
0.0525267
0.0286567
0.00274
0
0.02894
0.0166167
0.00357333
0.0303067
0
0.0521033
0
0.0422067
0
0.05636
0.0204833
0
0
0.000496667
0
0
0
0
0
0
0
0
0.000696667
0
0.00086
0
0.000163333
0.000163333
0
0.31331
0.532303
0
0.08484
0.225987
0.43816
0.617747
0.0359233
0.0155767
0.0333333
0.03694
0.06306
0.127133
0.164037
0.207263
0.223183
0
0.00108333
0.13989
0.112157
0.074
0.0480267
0.0116667
0.0442533
0.0252967
0.05146
0.122087
0.0397867
0.02744
0.13951
0.10831
0.09575
0.0158967
0.01034
0.00390333
0.0117833
0.0118233
0.00626667
0.0162
0.0236933
0.0062
0.0132833
0.0159733
0.00191
0.0128967
0.01303
0.00168667
0.00316
0.00178333
0.00118333
0.0025
0.00074
0.00195667
0.00314
0
0.00894667
0
0.00779333
0
0
0.00320333
0
0.0024
0.0024
0
0
0
0
0
0
0
0.00054
0
0
0
0.00054
0
0
0
0
0
0
0
0
0.000946667
0.00961333
0.01692
0.00912333
0.00446667
0.00446667
0.00873667
0.00888
0.00418333
0.00418333
0.00112333
0.00143
0
0.000396667
0.000396667
0
0
0
0
0
0
0
0
0.00797
0.00156333
0
0
0.02009
0.01122
0
0.0375867
0.0442233
0.02539
0
0
0.0144767
0.00759333
0
0
0.000753333
0
0
0
0
0
0
0
0
0
0
0
0
0
0
0.00161
0.00143333
0.0105933
0
0
0
0.00260667
0.00534667
0.0184833
0.0332533
0.0565667
0.0200133
0.0158967
0.0153033
0.0116567
0.101697
0.09168
0.0944233
0.00131
0.00245333
0.09116
0.00146333
0.000153333
0
0.0550833
0.0703267
0.000153333
0.00332333
0
0.00332333
0
0
0.04185
0.0415867
0.06055
0.00318333
0
0.03141
0.00318333
0
0
0
0.00929667
0
0.01292
0
0
0.00228
0
0.00327333
0
0.00327333
0.00316
0
0.00119333
0
0
0
0
0
0
0
0
0.000313333
0
0.000313333
0.000313333
0
0
0
0.00176667
0.00176667
0
0
0
0.0168267
0
0
0.04526
0
0.0488733
0.03727
0
0.0295
0
0.03219
0.0515867
0
0.0388433
0
0
0.000783333
0.00054
0.00653
0.01536
0.00074
0.0149533
0.00120333
0.00168333
0.01042
0.0371633
0.0473633
0.0816667
0.0973633
0.0480733
0.01296
0.0108333
0.0002
0.00148
0.00151333
0.00401
0.00336333
0.01989
0.00365667
0
0.00274
0
0
0
0
0
0
0
0
0.0168767
0
0.00600333
0
0
0.00481333
0
0.000496667
0
0
0
0
0
0
0
0
0
0
0.00882333
0
0
0
0.69968
0.65313
0.548147
0.33526
0.0309033
0
0
0.0200733
0.0799767
0.0141533
0.02604
0.03872
0.0648967
0.0620833
0.135467
0.313767
0.262953
0.37944
0.00403667
0.291063
0.245817
0
0
0.09622
0.00195
0.000866667
0.0416533
0.03617
0.00133
0.000866667
0.00909
0.0309967
0.01496
0.000463333
0.0382967
0.01624
0.03988
0.07322
0.06632
0.05765
0.0273167
0.01553
0.0207333
0.01975
0.02078
0.0353667
0.0496967
0.0480067
0.0436033
0.00416
0.00455333
0.0297967
0.0543367
0.0155267
0.00255333
0.00178333
0.03818
0.00607333
0.04212
0.00916333
0.00533333
0.00980333
0.01725
0.00533333
0.0175767
0
0.03224
0.0400667
0
0.02765
0
0
0
0
0
0
0
0
0
0
0
0
0
0
0
0
0
0
0
0.00128
0.000283333
0.000283333
0.00215
0.00559333
0.000283333
0
0.00822333
0.01191
0
0.00114667
0.00779667
0
0
0
0.000443333
0
0
0
0
0
0
0
0
0
0
0
0
0.0484633
0.0456667
0
0
0
0
0.00252333
0.000753333
0
0
0
0
0
0
0
0
0
0
0
0
0.00143333
0
0
0.0240267
0.0150433
0
0
0.04551
0.00436667
0.0420533
0.0560633
0.0332533
0.0322733
0.0590567
0.0435833
0.105743
0.0961767
0.0919367
0.10041
0.0949
0.109607
0.0870367
0.00689333
0.0700233
0.0631567
0.00590333
0
0
0.00459333
0
0
0
0
0
0.0417433
0.000153333
0
0
0
0.000526667
0
0.00195667
0
0
0
0.00143
0
0.0107267
0.00143
0.0294933
0
0
0
0
0
0
0
0
0
0.00228
0.0108833
0
0.0117633
0.0152867
0
0
0
0
0
0
0
0.00699667
0
0
0
0
0
0
0
0.00611667
0
0
0.000313333
0
0
0
0
0
0
0
0
0
0
0.00264667
0
0.000143333
0.0033
0.000143333
0.00355667
0.00949
0.00642333
0.03374
0.0253333
0.00301
0.0136467
0.00301
0.0132967
0
0.00266
0.03035
0.0211533
0.05356
0.0611867
0.0488633
0
0.00268667
0.00188333
0.00167333
0.000936667
0.00139667
0.00072
0.0792167
0.0575967
0.05644
0.00357333
0.01731
0.0168567
0.00109667
0.01733
0
0.000916667
0
0
0
0
0.000243333
0.00346667
0.00232
0
0
0
0
0.00151667
0
0.00017
0.00168667
0.00448667
0
0.00204667
0.00431667
0
0
0.000496667
0
0
0
0
0
0
0
0
0
0
0.0313133
0.00882333
0
0.454667
0.58703
0.52549
0.533157
0.18066
0.0533933
0.00158333
0.00158333
0.00818667
0.170693
0.38773
0.0675967
0.0895933
0.29512
0.44326
0.00403667
0.0209633
0.359437
0.310483
0
0.0988767
0.153193
0
0
0.0162233
0
0.00237667
0.00558667
0
0
0.00334
0.01471
0.00174333
0
0.01353
0.00245333
0.01249
0.0132533
0.04147
0.02062
0.0439933
0.0215367
0.00112
0.0447733
0.0207367
0.02186
0.000766667
0.0650333
0.0169467
0.0419133
0.00672667
0.00422333
0.0341033
0.00343
0.11061
0.0648167
0.03201
0.0885667
0.03656
0.0606533
0.0575533
0.0407033
0.0103667
0.0558467
0.00503333
0.0548833
0.0736967
0
0.0363933
0.0614367
0
0
0.0119467
0.00971
0
0
0.000163333
0
0
0
0
0
0
0
0
0
0
0
0
0
0
0
0.00125
0
0
0.00158333
0.0122233
0
0
0.0153633
0
0.0229
0
0
0.00810667
0.0195233
0
0
0.000443333
0.00145667
0
0
0
0
0
0
0
0
0.000256667
0
0
0.00765667
0.00666333
0
0.0134333
0.0178333
0
0
0.01842
0.0265667
0.02405
0
0.00992333
0.00940667
0.00177
0.00177
0
0
0
0
0
0
0
0
0
0
0
0
0
0
0
0.0198933
0
0
0.04281
0
0.00053
0.00053
0.00229
0.0586133
0.00230333
0.00406333
0.04404
0.04506
0.0109567
0.03709
0.07519
0.02446
0.0816733
0.111723
0.01624
0.03562
0.0569633
0.05783
0.0974133
0.0852
0.02763
0
0
0
0.00100333
0.0894067
0.06455
0.0487667
0.06339
0.0729233
0.0274867
0
0
0
0.00100333
0.00197667
0.0500733
0.04846
0.0590967
0.02904
0
0
0
0.000973333
0.00701
0.05222
0.06595
0.0434433
0.0511167
0.04289
0.00713667
0
0
0
0.00656333
0.0118733
0.04648
0.0394833
0.00269667
0.00726667
0.0160367
0.0329733
0.0442367
0
0
0
0
0
0
0.00202
0
0.01205
0
0
0.0186333
0
0
0.0437633
0.0395367
0.0406133
0
0
0
0
0
0
0
0.0154833
0.00968
0
0
0
0
0
0
0
0
0.0006
0.0006
0
0
0.0006
0
0
0.00365667
0.000143333
0.000436667
0.00371
0.00385
0.00888333
0.00574
0.0289933
0.0268267
0.05763
0.0211733
0.0743533
0.103393
0.0565
0.0968033
0.0616067
0.05615
0.137973
0.0896933
0.139213
0.01294
0.0115933
0.01322
0.0117267
0.00471667
0.00294667
0.00273667
0.00144667
0.00246333
0.00280667
0.0115367
0.01125
0.0224367
0.00266
0.00288667
0.0219067
0.0112133
0.0108333
0.00294667
0.00422667
0.0285167
0.0282667
0.0312167
0.00717
0.00467333
0.00018
0.000623333
0.00018
0.02065
0
0
0.000803333
0
0
0
0
0.00196667
0.00196667
0.0104533
0.00848667
0.00848667
0.00848667
0
0.00105667
0
0.0121033
0.01415
0
0
0.00204667
0.00311333
0
0
0
0.00106667
0
0
0
0
0
0
0
0
0
0
0
0.04498
0.02249
0
0
0
0
0.124787
0.251033
0.23107
0.373163
0.32068
0.18107
0
0.00878
0.111383
0.0546667
0.06101
0.17679
0.385077
0.0262133
0.45061
0.0169267
0.0186867
0
0.101017
0
0.00723667
0.01572
0
0
0.00651667
0
0
0
0.00188333
0.0106633
0.0107867
0.00071
0.000913333
0
0.000353333
0.0194967
0.00982
0.0129
0.00315
0.05906
0.04241
0.0415967
0.000706667
0.03594
0.00604
0.00648667
0.00548
0.01223
0.0331567
0.05158
0.09832
0.0943633
0.0677267
0.10153
0.0910233
0.0831433
0.03878
0.0768333
0.00803667
0.00521333
0.0788667
0.00018
0.0454467
0.0181667
0.00910667
0
0.00065
0.000486667
0
0
0
0
0
0
0
0
0
0
0
0
0
0
0
0
0
0
0.00125
0.00251667
0
0
0.0131567
0.0279867
0
0
0.0535067
0.0418167
0
0
0.04771
0.0430367
0.0562633
0
0
0.0141833
0.0222333
0
0
0.00101333
0.00232333
0
0
0
0
0
0
0
0
0
0
0.000256667
0.00125
0.000993333
0.003
0
0.00200667
0.00429333
0
0
0.00228667
0.00228667
0
0
0
0
0
0
0
0
0
0
0
0
0
0
0
0
0
0
0
0
0
0
0
0
0
0
0.00628333
0.00628333
0
0
0
0.0305333
0.00761667
0
0
0
0.0357833
0
0
0.00289333
0.00289333
0.00466667
0
0
0
0
0.0168467
0.0213767
0.02548
0.0270467
0
0.000856667
0.000856667
0.03177
0.0338067
0.0459867
0
0
0
0
0.0507733
0.07186
0.0374167
0.0579967
0
0
0
0.00186
0.0208633
0.09079
0.100553
0
0.02098
0.0260133
0.0659133
0.0497633
0.0301667
0
0.00500333
0.00230667
0
0
0
0
0.000176667
0
0.00219667
0.0122267
0.01549
0
0
0.0404433
0.0381067
0.0425033
0
0
0
0
0
0
0
0
0
0
0.0173733
0
0
0.00968
0
0
0
0
0.000596667
0
0
0.00119667
0
0
0.02163
0
0
0.0325
0.0498767
0.000293333
0.000443333
0.00562
0.01132
0.00549
0.0323033
0.04322
0.0402067
0.0606567
0.109433
0.03154
0.02148
0.00339333
0.121477
0.0384933
0.0796533
0.0462667
0.0662867
0.03411
0.0165567
0.0141333
0.0271833
0.0551733
0.0343033
0.04182
0.0142667
0.0210967
0.0191567
0.00991667
0.0497933
0.0511667
0.0923067
0.0572433
0.0135767
0.0116267
0.00700333
0.01212
0.01298
0.01179
0.0224833
0.0112733
0.00561333
0.00698667
0.00295333
0.00403333
0.00446
0.00251
0.00323
0.00442
0.00019
0
0.00253333
0.00269667
0.0171933
0.000426667
0
0
0.0126467
0.00456667
0.00105667
0.00223667
0
0.0143467
0.0155267
0
0
0.0253933
0
0
0.0248233
0
0
0.0137867
0
0
0
0
0.00122
0.00228667
0
0
0.00683667
0
0.00561667
0
0
0
0
0.0374133
0.02365
0.00116
0
0
0
0.00644667
0.0242767
0.03269
0.113237
0.258503
0.198353
0.00217667
0.00435333
0.176653
0.29555
0.0318333
0.0103233
0.365603
0.167653
0.3093
0.00229667
0.122753
0
0
0.000536667
0.01821
0
0
0
0
0.00153
0.000353333
0.000353333
0.00361667
0.00153
0.00324667
0.0036
0.00103667
0.000713333
0.000713333
0.00375667
0.0277233
0.02788
0
0.00843
0.000833333
0.000926667
0.000833333
0.000706667
0.000706667
0.03033
0.00115333
0.00145667
0.01405
0.0300667
0.0252133
0.00748
0.00929667
0.03991
0.0524767
0.0432567
0.0655333
0.0494
0.09206
0.0410333
0.0846433
0.08075
0.00300333
0.01011
0.0723733
0.0664467
0.00018
0.00018
0.0512133
0.0341967
0
0.01937
0
0.0132033
0
0.00277667
0
0
0.00295333
0
0.000663333
0.00197333
0.00131
0
0
0
0
0
0
0.00126667
0.00463333
0
0
0.0207133
0.02177
0.0371133
0.04683
0
0
0.0605333
0.07288
0
0.0756267
0.0870967
0
0
0.0646233
0
0
0.01157
0.0306733
0.0275633
0
0
0.00131
0.00250667
0
0
0
0
0
0
0
0
0
0
0
0
0
0
0
0
0
0
0
0
0
0
0.0011
0.0011
0
0
0.00664667
0.00719333
0.000553333
0
0
0.000553333
0
0
0.00126
0.000553333
0
0
0.000706667
0
0
0
0
0
0
0
0
0
0
0
0
0.00133333
0
0
0
0
0
0.0128667
0
0
0
0.0224633
0.0150033
0
0.0401667
0.0362767
0
0
0.03451
0.00934667
0
0
0
0.00230667
0
0
0
0
0
0.000176667
0.000176667
0
0
0.00546
0.00585667
0
0.01355
0.00893333
0
0
0
0
0
0
0
0
0
0
0
0.00836
0.000666667
0
0
0
0
0
0
0
0
0.000596667
0
0
0.02971
0
0
0.11101
0.11969
0
0.139257
0.00015
0.00015
0.179963
0.00614333
0.00599333
0.0903867
0.00815667
0.00096
0.00290333
0.06261
0.00583667
0.0274933
0.02484
0.00243
0.0321
0.0529333
0.00296333
0.02867
0.0605667
0.03529
0.0452567
0.0417367
0.0155133
0.00736333
0.00223
0.00162667
0
0.00119
0
0.00058
0.00058
0.000483333
0.0178867
0.00384333
0.00666
0.0306667
0.0413133
0.04412
0.0349567
0.0104667
0.00442
0.00019
0.00331333
0.00441
0
0
0
0
0
0.000426667
0.000426667
0
0
0
0.00182667
0.00379333
0.02785
0.05915
0.03451
0.0341533
0.0392533
0.00795333
0.00118
0.00118
0
0
0
0
0.0211
0.00781
0
0.0466833
0.0440667
0.0437733
0
0.0142467
0.02499
0
0.0150433
0.01633
0
0.0195933
0.03929
0.01385
0.0347667
0
0.00823333
0
0
0
0
0.0189733
0.0160833
0.00232
0.00116
0.00217667
0.00427
0.00209333
0.0126833
0.09728
0.100453
0
0.00217667
0.07638
0.23757
0.24209
0.00838667
0.09027
0.0437867
0.00788667
0.05052
0.00419
0.06968
0.0462333
0.0539133
0.00365333
0.0206933
0.0861833
0.0383067
0.00971667
0.01704
0.0243567
0.02837
0.00376667
0.01058
0.0145933
0.00902667
0
0
0.0752767
0.0544167
0.0558133
0
0
0.00102
0.00051
0.0577567
0.0341433
0.108047
0.0711833
0
0.0223933
0.000926667
0
0.02973
0.0397633
0.0396
0.05561
0.00994333
0.01777
0.0305967
0.0167033
0.06876
0.0414567
0.0416033
0.0315367
0.0942667
0.02109
0.07875
0.0825133
0.00803
0
0.000743333
0.06848
0
0.05739
0
0.0523133
0.0229533
0.0142033
0
0
0.00463
0.01433
0
0
0.0139633
0
0
0.00131
0.0113867
0.0102967
0.00022
0
0
0
0.00022
0.000956667
0.00410333
0
0
0.03876
0
0
0.105183
0.100307
0.113413
0
0
0
0
0.128967
0.155263
0.134833
0.0887167
0.0371
0
0
0
0
0.0989333
0.08636
0.02142
0.0337833
0
0
0
0
0.00954
0.0630667
0.0107333
0
0
0
0.00358667
0
0
0
0
0
0.00119667
0
0.00119667
0
0
0
0
0
0
0
0
0
0
0
0
0.000713333
0.00181333
0
0.00103333
0.0197133
0.0143333
0
0.00103333
0.0191667
0
0.0150633
0.0268767
0.01451
0
0.0138033
0
0
0
0
0
0
0.00133333
0
0.00133333
0
0
0.00407333
0.00429333
0
0
0.0113333
0.00883667
0
0
0.00861667
0.00157667
0
0
0
0
0
0
0
0
0
0
0
0.000573333
0.000956667
0.000956667
0
0
0.00124
0
0
0
0
0
0
0
0
0
0
0.000666667
0
0
0
0
0
0
0
0.00327333
0
0
0.0323867
0
0
0.30796
0.221253
0
0
0
0
0
0
0.32888
0.456607
0
0.00022
0.00022
0.00618
0.00654667
0.0734
0.250093
0.00770667
0.0288733
0.01784
0.0141567
0.0396167
0.06322
0.0339667
0.00757667
0.00125333
0.000436667
0
0
0.0027
0.0129567
0
0
0
0.000483333
0.00071
0.00576333
0.00414
0.00225
0.01893
0.0217367
0
0
0.00197667
0.00466333
0.0434167
0.02857
0.0673367
0
0
0
0.0567167
0.04343
0.000553333
0.00718333
0.000553333
0
0
0
0
0
0
0.04121
0.0332833
0
0.0384633
0
0
0
0
0
0.03618
0
0
0
0
0.00956333
0
0
0
0.00133
0.00405
0.00521
0.00116
0.00116
0.00133
0
0
0.01059
0.01464
0.156497
0.171903
0.14797
0.109313
0.11334
0.0955
0.183283
0.157173
0.186993
0.197697
0.0952067
0.0469367
0.09915
0.151303
0.173763
0.0522433
0.106837
0.164043
0.195673
0.132247
0.187647
0.05962
0.136097
0.0318933
0.07077
0.0568267
0.0667533
0.0195633
0.00463
0.000863333
0.00724667
0.00576
0.0059
0.00266333
0.00188667
0.000136667
0
0.0203833
0.00175
0
0
0
0.00051
0.0348067
0.00168333
0.0490467
0.0986733
0.0828633
0.0867467
0
0
0.00363333
0.00363333
0.00464333
0.00101
0.0278933
0.00318333
0
0.00225667
0.0168967
0.0339467
0.0176067
0.0207333
0.0374833
0.02017
0.0186333
0
0.000213333
0.00551333
0.00893333
0.0687267
0.0540467
0.00153667
0.00342
0.03455
0.0519
0
0.00192333
0.00213667
0.0133267
0.02187
0.00230667
0.0153667
0.0261733
0.0341
0.0138033
0.0134433
0.08285
0.0652533
0.07143
0.000743333
0.000743333
0.0865467
0.10795
0.121513
0.147047
0
0
0
0
0
0.0848067
0.0819067
0
0.0406633
0
0
0.0483067
0
0.0315467
0.05317
0
0.0366
0
0
0
0.0346867
0.0555767
0.04015
0
0
0
0.01817
0.00809333
0.00826667
0
0.000956667
0.00232
0.00266333
0.00232
0
0
0
0.01226
0.0115233
0.00959667
0
0
0
0
0
0.0429
0.05113
0.0178267
0.0178267
0
0
0
0
0.0209333
0.00310667
0
0.00310667
0
0.00525333
0
0.0725833
0.0185
0.00214667
0.00303
0
0
0
0
0.00239
0.00478
0.01786
0.00239
0
0
0
0
0
0
0
0
0
0
0
0
0
0
0
0
0.00133667
0.00133667
0
0
0.00237
0.00370667
0
0.000713333
0.00340333
0.00263333
0.0151533
0.02765
0.00135333
0.04982
0.0504133
0
0.00032
0
0.0153133
0.0394033
0
0
0
0
0.00151
0
0
0
0
0
0
0.00022
0.00109333
0
0
0.00267
0.00263
0
0
0.00175667
0.00018
0
0
0
0
0
0
0
0
0
0
0
0
0
0
0.000383333
0.000383333
0.000383333
0
0.000426667
0.000426667
0
0
0.000666667
0
0
0.00355
0
0
0
0
0
0
0
0.00369333
0.00057
0.00057
0
0
0
0
0
0
0
0
0
0
0
0.00114333
0
0
0
0.00441667
0.0805733
0
0.268297
0
0
0.57879
0
0
0
0.680393
0.00022
0.000593333
0.000373333
0.612033
0.00596
0.00558667
0.30946
0.0178967
0.0146167
0.0292467
0.0420533
0.0506733
0.00469333
0.03152
0
0.000816667
0
0
0.138037
0
0.0182267
0
0
0
0.01607
0.00037
0.00247667
0.01035
0.0197733
0.00834333
0.00623667
0.00623667
0
0.0141233
0
0
0
0.00015
0.00214333
0.00483
0.0213533
0.0269433
0.0236767
0.03512
0.000553333
0
0
0
0.00791667
0.0125467
0
0
0.01959
0.00978
0
0.0312633
0.0311733
0
0
0.04037
0.0561467
0
0
0.03048
0.0333367
0
0
0
0
0.00134667
0.000163333
0.000163333
0
0
0
0.00133
0
0.00118333
0.00118333
0.133147
0.08375
0.0302167
0.16517
0.17459
0.12805
0.0870633
0.04539
0.17434
0.0759467
0.0325167
0.0206267
0.00859333
0.03513
0.0590233
0.131657
0.10144
0.03153
0.0183167
0.00325667
0.00107
0.0299033
0.0337367
0.0189967
0.00253
0.000343333
0
0.00212
0.00264
0.00505667
0
0.000343333
0
0.000343333
0.00252667
0
0
0
0
0
0
0
0
0.00285333
0.00285333
0.00422333
0.00254333
0.00351667
0.00288
0.00932333
0.00709333
0.0106933
0.00234333
0.00285667
0.03137
0.00491333
0.00188333
0.00188333
0.00188333
0
0.0426333
0.01086
0.0367833
0.00841333
0.00894667
0
0
0.0375133
0.0307867
0
0
0.000383333
0.000383333
0
0
0
0.13536
0.13026
0
0.172313
0
0
0
0.208597
0
0.130583
0.16916
0
0
0.197347
0
0.13373
0
0.1336
0.0698
0.140703
0
0.07412
0.0758033
0.0541067
0.0344633
0.0354133
0.0131167
0
0
0
0.00658667
0.0136067
0.00124667
0
0
0
0.000393333
0
0
0
0.000393333
0
0
0
0
0
0
0
0
0
0
0
0
0
0
0.01547
0.0163533
0.000883333
0
0
0
0
0
0
0
0
0
0
0
0
0
0
0
0
0
0
0
0
0
0
0
0
0.000773333
0.000773333
0
0
0
0.01141
0.0108467
0
0
0
0
0.02726
0.0349633
0.0577433
0.00073
0.00265
0.00921333
0.0317333
0.01586
0.00723667
0.00716333
0.03047
0.0366367
0.0599967
0.0534033
0.00032
0.00142667
0.00110667
0.0322167
0
0.00812667
0
0
0.00151
0.00151
0.000346667
0
0
0.000346667
0
0
0
0.000873333
0.00216333
0
0
0.00234333
0.00165
0
0
0.00036
0.00018
0
0
0
0
0
0
0
0
0
0
0
0
0
0
0
0
0
0
0
0
0.00157
0.00114333
0
0
0.00469333
0
0
0
0
0
0
0
0
0.0221433
0.02157
0
0
0
0.00112333
0.019
0
0
0
0.0016
0.000456667
0
0.00734
0
0.08304
0
0.199453
0
0
0
0
0.596883
0.400673
0
0
0
0
0
0
0
0.00149
0.000223333
0.00171333
0
0.000223333
0
0
0
0
0
0.5495
0.635953
0.0054
0.01675
0.01284
0.0167167
0.00559
0.0041
0.000223333
0
0
0
0
0
0
0
0
0
0
0.143213
0.252103
0
0
0
0.000143333
0.000143333
0.04056
0.0478933
0.00225
0.00210667
0.0443433
0
0
0.0393267
0.0342167
0.00255333
0
0
0
0
0.0127467
0.00383
0.01216
0
0
0
0.04406
0
0.0599267
0
0
0.05029
0.03543
0
0
0.0156033
0.02033
0
0
0
0
0.00451333
0.0341
0.01573
0.0197167
0.0185333
0.00576667
0.00681667
0.05185
0.0990967
0.05571
0.0593033
0.0114333
0.0358867
0.0748867
0.15178
0.170143
0.0710433
0.138497
0.0234933
0.0103833
0.00032
0.02128
0.04963
0.116443
0.12139
0.0146933
0.00032
0.00158333
0.0470833
0.03949
0.0654633
0.0660567
0
0
0
0
0.08604
0.09121
0
0
0
0
0.125753
0
0
0
0
0.189797
0.205977
0.18299
0
0.161697
0
0
0
0.259097
0.256363
0.193687
0.123857
0
0
0
0
0.1151
0
0
0.202583
0.125547
0.04197
0.0246
0
0.0169867
0.0100633
0
0
0
0.00777667
0
0
0
0
0
0.000853333
0
0
0
0
0
0
0
0
0
0
0
0
0
0
0
0
0
0
0
0
0
0
0
0
0
0
0
0
0
0
0
0
0
0
0
0.000773333
0
0
0
0
0
0
0
0
0
0.03465
0.0266933
0.00289
0.0579933
0.00073
0
0.0509467
0.0511967
0.00172333
0.0272
0.02937
0.02442
0.00598
0.03035
0.0247267
0.00254
0.00364667
0.00270333
0.00837333
0
0
0.00733667
0
0.000356667
0
0.00072
0.00268667
0.000346667
0.00269667
0
0
0.0167867
0.0191267
0.0510333
0
0.01773
0
0
0.0306733
0.0616367
0.0571933
0.0144133
0
0
0.0141367
0.00119333
0
0
0.00194667
0
0.000933333
0.000933333
0
0
0
0
0
0
0
0
0
0
0
0
0
0
0
0
0
0
0
0.00114333
0
0
0.00473667
0
0
0
0
0.0226133
0.000763333
0.000763333
0
0
0
0
0
0.058
0.02734
0.0548567
0.0214833
0.00131667
0
0
0
0
0.0823
0.0519667
0.000456667
0
0
0
0.0069
0.00116
0
0
0
0
0
0
0
0.00302
0.00211333
0.160607
0.0437533
0
0
0
0
0
0
0
0.000166667
0.00107333
0.361827
0
0
0
0
0
0
0
0
0
0.000166667
0.000166667
0.421203
0
0
0.445713
0.50742
0
0
0
0
0
0.142367
0.249523
0
0
0
0
0.0670667
0.05265
0
0
0
0.0608167
0
0
0
0.0514
0
0
0.000223333
0.00221667
0.0210033
0.00722667
0.00183
0
0
0
0.0386567
0.00339333
0.03189
0.00156333
0
0
0.0615233
0.0354433
0
0
0
0.0659133
0.0761267
0
0
0.06018
0.0433033
0
0
0.03092
0.00302667
0.00151333
0.00151333
0
0.0248633
0.0362267
0.0545967
0.0198833
0.00151333
0.0989833
0.02273
0.11654
0.100337
0.01008
0.00172333
0.00046
0.0570867
0.04442
0.0282167
0.0248367
0.0199
0.00046
0
0.0923567
0.0392433
0.0253033
0.01422
0
0.0840467
0.0368433
0.04121
0.0495733
0.0163333
0.00257333
0
0
0.0321667
0.0380767
0.03896
0.0168033
0.00304333
0.00257333
0
0
0.03379
0.0258833
0.0101033
0.0344
0.02824
0.00398
0.00094
0.00047
0
0
0
0.01497
0.000433333
0.00347333
0.00304
0.00351
0.00047
0.00047
0
0
0
0
0
0
0
0
0
0
0
0
0
0
0
0
0
0
0
0
0
0
0
0
0
0
0
0
0
0
0
0
0
0.00211667
0
0
0
0
0.00211667
0
0
0
0
0.0291967
0.00539333
0.00211667
0
0
0.000993333
0.00344
0.000163333
0.00135333
0.00203
0.00175667
0.00135333
0.000363333
0.000563333
0.00072
0.000556667
0.00072
0.00352
0
0
0.0247333
0.0253567
0.05372
0.05663
0
0.0811033
0
0
0.0710633
0.0636633
0
0
0.0259533
0.0194567
0.0432967
0.0322333
0
0
0.00839333
0.00831333
0.00186667
0.00123667
0
0
0.000303333
0.00086
0
0
0
0
0.000556667
0
0
0
0
0
0
0
0
0
0
0
0
0
0
0
0.00305667
0.00272667
0.00632
0.000393333
0.000393333
0
0
0
0
0.00199667
0.00239
0
0
0.0157233
0.0143267
0.0350167
0.01562
0.0201867
0.00893667
0.00838333
0
0
0
0
0.0153667
0.02645
0.0441
0.0540633
0.0501433
0.03112
0
0
0.0543633
0.0659767
0.08699
0.0675233
0.0696567
0.00162333
0.00092
0
0
0
0.000186667
0.00213333
0.01319
0.01391
0.0168433
0.03771
0.0276367
0.0343267
0
0
0
0
0
0
0
0
0
0
0
0.00194667
0.00677
0.00233667
0.00684667
0.0129233
0.0496633
0.0132733
0
0
0
0
0
0
0
0.00189
0.00135333
0.00037
0.23825
0.0729667
0
0.324467
0
0
0
0.155627
0
0
0
0
0.14239
0.0205133
0
0
0.03793
0
0
0.0350033
0
0
0
0.03102
0.0491233
0
0
0.000223333
0.0234
0.03503
0.00156333
0.00653333
0
0.0989867
0
0.00145333
0
0.0894533
0
0
0.0467
0.0325167
0.0463
0.00761333
0.0061
0.131427
0
0
0
0
0
0
0
0
0
0
0
0
0
0
0
0
0
0
0
0
0
0
0
0
0
0
0
0
0
0
0
0
0
0
0
0
0
0.000316667
0
0
0.000316667
0.000363333
0.00041
0.00021
0.00336333
0.00337333
0
0
0.00612667
0.02057
0
0.0346467
0.04908
0
0
0
0.07757
0.0860867
0
0
0.08222
0.07408
0
0
0.0381367
0.0558767
0
0
0.0135867
0.01404
0
0
0.00224667
0.00591
0
0
0.00662667
0.00266
0
0.00210333
0.00559333
0.00956
0.0370833
0
0.0430733
0
0
0.00349
0.00547333
0.01543
0
0.00198333
0.01194
0.00198333
0.0102933
0.000153333
0.000153333
0.000336667
0.000336667
0.00033
0.000483333
0.000483333
0.00568333
0.00672
0.00143
0
0
0.00033
0.01634
0.0196333
0
0
0
0
0.00412333
0.00445333
0.0437133
0.01072
0.0348
0.00509667
0.00143
0
0
0
0
0
0.000186667
0.00431
0.0510967
0.0591233
0
0
0
0
0
0
0
0
0.000186667
0.0500367
0.0505
0.00369667
0.00277667
0
0
0
0
0
0
0.0347567
0.03995
0.04036
0.0177533
0.0352433
0.02637
0.00618333
0.00037
0.00037
0.04182
0.0404867
0
0
0
0
0
0.03291
0.03098
0
0
0
0
0
0
0
0.0105533
0
0
0
0
0
0.00999333
0
0.00926667
0.01575
0.00158333
0.00899
0.112067
0.06948
0.0409833
0.0374667
0.210507
0.0720667
0.15577
0.263743
0.04064
0.00604
0.00458667
0.129893
0.202307
0.307563
0.187953
0.24473
0.0656033
0.136163
0
0
0
0
0
0
0
0
0
0
0
0
0
0
0
0
0
0
0
0
0
0
0
0
0
0
0
0
0
0
0
0
0
0
0
0
0
0
0
0
0
0.00132333
0.00143667
0.000323333
0.000323333
0
0
0
0
0.01872
0
0
0
0.0558433
0.03877
0.0495567
0
0.0921067
0.10072
0
0
0
0.105263
0.13173
0.09764
0.10757
0
0
0.106423
0.124277
0
0
0.0791067
0.100333
0
0
0.0740967
0.07747
0
0
0.0565667
0.0579867
0
0.04729
0.0453367
0
0.0231333
0.02189
0.01288
0.0126667
0
0.00344667
0
0
0.0115767
0.00970667
0.00949667
0
0.0398167
0.0343567
0.0628067
0.0377833
0
0.0661967
0.04622
0.0213667
0
0
0.0491967
0.0128033
0.0206567
0.00319
0
0
0
0.01138
0.00108667
0.00142333
0
0.00280333
0
0
0.000336667
0
0
0
0.00331
0.000506667
0
0
0
0
0
0.00278333
0.000506667
0
0.00169333
0.00169333
0.0161667
0.0179967
0.0058
0.00227667
0
0
0
0.04188
0.0680667
0.0474233
0.00829333
0.0350467
0
0
0
0.00352333
0.00352333
0
0
0.0370567
0.01611
0.02399
0.0389433
0.0059
0.00432667
0
0
0
0
0
0
0
0.07047
0.0573167
0.004
0.0470433
0.0589867
0.00388
0.01929
0.02551
0.0155367
0.01281
0.00849333
0.00211667
0.0371067
0.00062
0.00643333
0.00062
0.05851
0
0.0395567
0.0575733
0
0.00721333
0.0171233
0
0
0
0
0.00246
0.00105
0
0.001
0.00215
0
0
0
0.00186
0.00136
0.00236
0.19755
0
0
0.000146667
0.000146667
0.000146667
0
0
0
0
0.00186333
0.00186333
0.000206667
0.000206667
0.00169667
0.00149
0.00163667
0.00511333
0.0175133
0.0140367
0.0157533
0.002
0.000136667
0.0147067
0.0161967
0.000136667
0
0.0110767
0.0252533
0.03259
0.01084
0.0239633
0.0425633
0.0345467
0.0250567
0.04839
0.01171
0.00254333
0.00068
0
0.0229767
0.0809433
0.08679
0.0105433
0.00124
0.000543333
0
0.0796
0.12339
0.000696667
0
0
0
0
0.11611
0.14271
0.103497
0
0
0
0
0
0.12039
0.12893
0.102413
0.107767
0
0
0
0.0951733
0.07933
0
0
0
0
0.0515233
0.0502233
0.0269467
0.0507
0.04721
0
0
0
0.0372
0.00799333
0.0204933
0
0
0
0.0155633
0.00696
0.00220333
0.0198633
0
0
0
0
0.01098
0.000583333
0.00041
0.00179333
0.00260667
0.000813333
0
0
0
0.00135
0
0
0
0
0
0
0
0.00117667
0
0
0
0.000216667
0
0
0
0
0.0108267
0.00965
0.000216667
0
0.000216667
0
0
0.0117533
0
0
0
0.00015
0.01117
0.01132
0.00623667
0.0172567
0.00736
0.00127333
0.00127333
0
0.00210333
0
0
0.0416967
0.03195
0.0286667
0.00407667
0
0
0.00024
0.01176
0.02254
0.04713
0
0.00024
0.0134533
0.0276867
0.0505833
0.04134
0.02967
0.00558667
0.00024
0.00193333
0.0202733
0.03141
0.06278
0.0473667
0.07995
0.03537
0.0100833
0.0413
0.02846
0.00961333
0.0441467
0.0396133
0.01679
0.01482
0.0215133
0.0228333
0.00222333
0.00245333
0.0327233
0.04683
0
0
0
0.04048
0.0407533
0.000263333
0
0.000263333
0.000263333
0.01096
0.0163
0
0
0
0.00024
0.00024
0
0
0.00098
0.00098
0.00098
0.0005
0.0005
0
0.04583
0.02133
0.0791733
0.0293567
0.0145133
0.0328267
0.0382833
0.0120267
0.000696667
0.0803067
0.0322133
0.0181967
0.0123567
0.00836667
0.01598
0.0142233
0.07383
0.0513533
0.0122333
0.00976333
0.000423333
0.000423333
0.0846067
0.0570133
0.0347067
0.0672067
0.0467067
0.08319
0.0524333
0.01154
0.0022
0.00177667
0.07179
0.0651933
0.07133
0.0854033
0.06104
0.0226167
0.0156633
0.00416333
0.100177
0.118463
0.11823
0.0915633
0.00238667
0.0399833
0.0372167
0.07457
0.0561067
0.01863
0.00713
0.00238667
0.0153033
0.0224733
0.06064
0.06011
0.09199
0.0566833
0.0474667
0.00784333
0.00498333
0.00024
0.0247333
0.01961
0.0082
0.01099
0.0058
0.00316
0.00325
0.00039
0.00024
0.00300667
0.00294
0.0705967
0.0503767
0.0231
0.0419267
0.02061
0.0479867
0.0211933
0.01752
0.0412867
0.0477933
0.0662267
0.0106433
0.05162
0.0472367
0.00172667
0.00786333
0.0222633
0.0064
0.00768333
0.0127367
0.00154667
0.00704667
0.00146667
0.00169333
0
0.00342
0.00342
0.00098
0
0.02921
0.0207967
0.0171467
0.0229133
0.0196867
0.0431767
0.06172
0.02897
0.03212
0.0756933
0.0257567
0.0432767
0.0702433
0.0335733
0.0385967
0.04343
0.01417
0.0108967
0.00297667
0.0160467
0.0172033
0.00539667
0.00413333
0.0327767
0.00393
0.00637
0.00393
0.00393
0.0336533
0.0442767
0.0524767
0.0573233
0.0673633
0.07942
0.0840933
0.0751433
0.0716933
0.0753133
0.09022
0.05175
0.06808
0.0508667
0.0563067
0.0274333
0.0211033
0.0446467
0.0643033
0.0419167
0.0525633
0.0276233
0.0666733
0.0777233
0.06562
0.0685567
0.07407
0.07346
