0.207507
0.1778
0.207473
0.21141
0.255693
0.229923
0.119307
0.12935
0.180603
0.11595
0.141
0.15841
0.09718
0.0702667
0.104183
0.0469333
0.0685067
0.05701
0.09686
0.133253
0.165983
0.15544
0.194923
0.176933
0.172097
0.120377
0.12583
0.072
0.0606833
0.14751
0.147243
0.0924333
0.0790933
0.0745533
0.07061
0.0681067
0.07464
0.05673
0.0333967
0.0538233
0.0665333
0.118823
0.125027
0.08448
0.07931
0.107913
0.0622267
0.0909567
0.0746567
0.12115
0.10269
0.13937
0.137317
0.0176233
0.0731433
0.0468833
0.0628033
0.07572
0.0749967
0.0886833
0.0833233
0.0842867
0.134837
0.13146
0.11559
0.07169
0.03554
0.0538433
0.0700867
0.0788567
0.0827967
0.0795367
0.0584267
0.03498
0.0267233
0.04794
0.0553067
0.0667733
0.0273367
0.0683667
0.0604333
0.0499667
0.04529
0.06671
0.125573
0.0750833
0.248037
0.27317
0.250153
0.2134
0.143123
0.126747
0.06753
0.09357
0.0483633
0.0384333
0.03327
0.0593133
0.0681967
0.08202
0.0515833
0.04784
0.01464
0.01218
0.0153
0.00504667
0.00715333
0.03007
0.0176867
0.00198667
0.00602333
0.0158
0.00463667
0.0161733
0.0398
0.04724
0.0512667
0.0615933
0.03654
0.0455133
0.12129
0.26947
0.506633
0.487287
0.419767
0.19901
0.12742
0.0186267
0.0454933
0.0307333
0.0592567
0.0684133
0.0198333
0.00326667
0.00471667
0.00193
0.00933
0.00334667
0.00353
0.00311667
0.00327333
0.00341
0.00671667
0.0398267
0.02543
0.04574
0.0393167
0.0512967
0.05467
0.02441
0.0300067
0.212097
0.112177
0.620383
0.458373
0.400333
0.601123
0.06129
0.147387
0.0229733
0.0144567
0.0690233
0.0393967
0.0545733
0.0255033
0.0175633
0.0495267
0.00023
0.00023
0.000416667
0
0.00016
0.00129667
0
0
0.00816667
0.0116
0.00753333
0.00459667
0.0335867
0.0339633
0.00770667
0.0165567
0.0469933
0.02165
0.02822
0.0436233
0.02758
0.0188767
0.0172933
0.0717567
0.128907
0.115163
0.414333
0.38785
0.192687
0.446077
0.0165633
0.0608467
0.0255233
0.0364967
0.0635733
0.0492133
0.0451033
0.0105433
0.00330667
0.00315
0
0
0.0116033
0
0
0.000256667
0
0
0.000256667
0
0
0.000473333
0.0820333
0.13226
0.00380667
0.0968433
0.0172333
0.0262267
0.0508467
0.04563
0.06702
0.0546
0.0240633
0.0273833
0.0624267
0.00668333
0.02801
0.0221633
0.17696
0.161237
0.0457933
0.176667
0.0368767
0.01753
0.0468833
0.3002
0.321283
0.182253
0.237807
0.108163
0.0128833
0.00739333
0.000156667
0.0169933
0.000156667
0
0.0113467
0
0
0
0
0
0
0
0.00375333
0.00129667
0
0
0.0613433
0.05693
0.000473333
0.000696667
0.176813
0.0165767
0.0887367
0.04512
0.0703967
0.09388
0.0833
0.03058
0.0800733
0.0480533
0.0334533
0.00608
0.00975667
0.00885333
0.0172833
0.0495
0.0521633
0.0182
0.0434233
0.07113
0.0399167
0.0692333
0.0480267
0.162053
0.140353
0.112323
0.296473
0.236847
0.19365
0.176867
0.239833
0.246817
0.18182
0.278377
0.28841
0.14809
0.241653
0.34094
0.370557
0.0645
0.131297
0.313653
0.0403933
0.0498933
0.01185
0.02701
0.0881867
0.00564667
0.00564667
0
0
0
0
0
0
0
0
0
0
0
0
0
0.08326
0.147343
0.000223333
0.00267667
0.156613
0.0605033
0.103953
0.03351
0.03106
0.0203133
0.05879
0.0938833
0.0198333
0.10003
0.0968
0.0257467
0.04196
0.03271
0.0191433
0.04112
0.0280767
0.02135
0.0276633
0.02373
0.0179633
0.04233
0.06724
0.0767233
0.0849333
0.05599
0.0508433
0.0371967
0.0678733
0.10943
0.0493433
0.0957667
0.0887667
0.123483
0.165813
0.229677
0.2919
0.10856
0.03657
0.460183
0.02624
0.00124333
0.00213333
0.37289
0.00110667
0.19584
0.298187
0.346687
0.210627
0.30447
0.0405333
0.116497
0.14782
0.233447
0
0
0
0
0
0
0
0
0
0
0
0
0
0
0.00245667
0
0.00245667
0
0
0.0300833
0.11818
0.05164
0
0.00245333
0.13156
0.122597
0.00474333
0.0786667
0.06299
0.03408
0.0329167
0.06554
0.0890833
0.06804
0.08051
0.0684333
0.0638367
0.088
0.0640933
0.0699167
0.0289833
0.0146367
0.01277
0.01379
0.03493
0.187107
0.173113
0.191123
0.12373
0.126737
0.0882533
0.0672367
0.05422
0.0938367
0.0383133
0.0292433
0.02298
0.03351
0.05046
0.0589667
0.0694067
0.0120433
0.02666
0.0710233
0.0845767
0.00783333
0.0176433
0.138323
0.29728
0.01244
0.491623
0.0115733
0.590567
0.56725
0.529497
0
0.466487
0
0.000216667
0.378323
0.333227
0.00341333
0.27696
0.01403
0.0351
0.21102
0.225777
0
0
0
0
0
0
0
0
0.00023
0
0.00023
0
0
0.000376667
0.000606667
0
0.0260667
0
0
0.05811
0.00229
0.00518333
0.04798
0.0401267
0.0616067
0.0674733
0.05008
0.07635
0.130523
0.0794967
0.135743
0.160203
0.106637
0.0729333
0.0160433
0.110247
0.123047
0.08628
0.17591
0.09222
0.04649
0.177207
0.0950633
0.0500633
0.0575633
0.13333
0.0319733
0.112313
0.02048
0.113447
0.0100767
0.0228
0.00463333
0.01677
0.0657067
0.0742133
0.05727
0.0202067
0.0358
0.0162333
0.07314
0.105463
0.0816933
0.0704367
0.02479
0.0211167
0.0239933
0.0159333
0.0951333
0.0597567
0.0157667
0.0160333
0.143323
0.0542
0.00203
0.00289667
0.38895
0.45014
0.199607
0
0
0.279133
0
0
0.276973
0.38381
0
0.3334
0.24054
0.161857
0.0138133
0.0709333
0.10769
0.1365
0.137177
0
0
0
0
0
0
0
0
0
0
0
0
0.00023
0
0.000376667
0
0
0
0.00364667
0.00205333
0.00364667
0.000603333
0.0377267
0.000603333
0.0220133
0.0529733
0.00214667
0.0278067
0.00443667
0.0515167
0.05427
0.0826467
0.07258
0.00899333
0.0366
0.06795
0.0502467
0.0414067
0.0953
0.07902
0.143657
0.00584
0.0183067
0.168117
0.00622667
0.127583
0.158053
0.07905
0.0242067
0.0297767
0.0132133
0.10086
0.0295567
0.122223
0.0530567
0.13965
0.0689467
0.14946
0.0631133
0.03364
0.184943
0.0167033
0.169947
0.05404
0.0260467
0.0130333
0.03054
0.161593
0.00259667
0.00201
0.00232
0.01921
0.0160067
0.0132533
0.0406867
0.07108
0.103403
0.0969233
0.00156
0.0479967
0.02598
0.0473767
0.0359767
0.00156
0.01003
0.00156
0.0542567
0.0511933
0.0581867
0.02347
0.00996
0.0332233
0.0143467
0.0273233
0.04526
0.00219
0.07853
0.143753
0
0.16209
0.112473
0
0.08184
0.129297
0.107397
0
0.01109
0.0217067
0.03534
0.0603
0.0847233
0.09036
0.0948133
0.07938
0.0276033
0
0
0
0
0
0
0
0
0
0
0
0
0
0
0
0.00332667
0.00309667
0
0
0.0174733
0.0147533
0.00423667
0.0183833
0.00386
0.00312667
0.0119733
0.00893
0.00578667
0.00675667
0.02187
0.0130867
0.0207233
0.02655
0.00649667
0.0209367
0.0596433
0.0327533
0.02229
0.00899667
0.0579467
0.0122067
0.02585
0.0677567
0.133357
0.0679767
0.0122167
0.175377
0.114347
0.07908
0.01559
0.0277967
0.00201
0.117803
0.00520333
0.0671167
0.139653
0.03713
0.190823
0.0448467
0.0133367
0.35793
0.05494
0.34224
0.0248533
0.01609
0.355177
0.00374333
0.03873
0.00942667
0.0451
0.0145767
0.0114567
0.0139867
0.00494667
0.189527
0.0273467
0.01865
0.0730967
0.121027
0
0.000173333
0.000173333
0.0539867
0.0697367
0
0.03018
0.0562033
0.0306367
0.00149
0
0.0638967
0.0036
0.03022
0.02305
0.02086
0.00985667
0.01369
0.0448867
0.0544967
0.0031
0.0152567
0.0374233
0.04646
0.0277133
0.02094
0.0171933
0.10454
0.01183
0.0310133
0.0655367
0.0471067
0.0350633
0.01265
0.0170633
0.00016
0.00016
0.156073
0.126263
0.00074
0.00540333
0.04433
0.0698167
0.0619133
0.04559
0.01584
0.00382
0.00932667
0.00590667
0.00687
0.000963333
0
0
0.01358
0.0333233
0.0567733
0.0598767
0
0
0
0
0.00018
0.00386333
0.0126
0.0867567
0.07868
0.0324567
0.0212333
0.00119667
0.000796667
0
0
0
0.03405
0.00270667
0.00564667
0.06745
0.09188
0.222373
0.214147
0.227693
0.10832
0.07044
0.0295767
0.0102833
0.00154
0.000743333
0.00442333
0.00368
0
0
0.0342867
0.0133533
0.06642
0.02037
0.000316667
0.0114067
0.0269833
0.00683
0.0360167
0.0396
0.0691667
0.0940867
0.27555
0.505297
0.455357
0.477173
0.257737
0.14115
0.0732267
0.036
0.01392
0.02362
0.0228667
0.0384133
0.02504
0.0285967
0.0670367
0.0943067
0.0928533
0.1932
0.350977
0.52098
0.6518
0.531807
0.40712
0.161217
0.114683
0.04245
0.0489567
0.0608133
0.07161
0.0546733
0.04605
0.0101067
0.04215
0.02068
0.0315667
0.01395
0.0551767
0.06999
0.0842333
0.0898267
0.200247
0.223343
0.3863
0.263377
0.278063
0.0773033
0.0851433
0.01684
0.03167
0.0598567
0.04304
0.0522233
0.0821633
0.126807
0.120227
0.149007
0.141703
0.11066
0.00164667
0.00559
0.0780567
0.0931833
0.06214
0.0139033
0.00834667
0.000993333
0.000593333
0
0.00453667
0.00453667
0.06989
0.108283
0.140003
0.169547
0.18661
0.17265
0.116827
0.0004
0
0.0464467
0.04635
0.0723733
0.104093
0.18706
0.130613
0.0736167
0.0115933
0.00544333
0.000246667
0.000246667
0.0908033
0.168103
0.211387
0.22158
0.140257
0.00914
0.00409667
0.000246667
0.0154733
0.0282067
0.08193
0.01914
0.0288067
0.115173
0.11808
0.181203
0.10435
0.0864
0
0
0
0
0
0
0
0
0
0
0.00506667
0
0
0.00611
0.00975667
0.00632
0.03932
0.00353333
0.0415367
0.01754
0.00332333
0.0289367
0.00999
0.0139167
0.0114033
0.0386
0.0490533
0.0233167
0.04237
0.0603667
0.0112533
0.0136933
0.0565533
0.0690567
0.0938567
0.0406333
0.01201
0.0205467
0.0292733
0.0937833
0.161333
0.183073
0.0142167
0
0.145763
0
0.00199
0.0978167
0.00518333
0.00730667
0.0873067
0.00774333
0.00455
0.0114833
0.17983
0.00936
0.01091
0.01091
0.0123333
0.00232333
0.00544333
0.00422333
0.00142333
0.00159667
0
0.00356667
0.00110333
0.00131333
0.0224533
0.02398
0
0.000216667
0.00276667
0.00442
0.0166933
0.0405633
0.113223
0.000173333
0.000173333
0
0
0
0.0134767
0.0213033
0.0107867
0.00913333
0.01619
0.06532
0.0702267
0
0
0.000236667
0.001
0.00098
0.0125867
0.05234
0.05124
0.01855
0.0110133
0.000506667
0.000506667
0.0187633
0.0844433
0.0620667
0.06067
0
0.00100333
0.00492333
0.00124
0.00782333
0.00912667
0.00490333
0.0487567
0.01683
0.0572667
0.0250833
0.000506667
0.00503667
0.0320333
0.00167333
0.00378333
0
0
0.00029
0.0123667
0.00129333
0.01576
0.0167367
0.00266667
0.000506667
0.00429667
0.0806067
0.02505
0
0.00029
0.00700667
0.00058
0.01779
0.00312333
0
0
0.13167
0.100727
0
0.00103
0.00745667
0.000963333
0
0
0.159123
0
0
0.00074
0
0
0
0.116933
0.00175333
0
0
0
0
0.00018
0
0
0
0
0.0553533
0.00365333
0.000743333
0.00175333
0.000923333
0.00408
0.0004
0
0.00508667
0.00468667
0.000316667
0.00073
0.0019
0.00037
0.00467333
0.00504667
0.0213767
0.00799
0.01421
0.00543333
0.0536567
0.07821
0.04067
0.0142367
0.0189667
0.01
0.00698667
0.00197667
0.00234333
0
0.00037
0.00113
0.0813133
0.0539867
0
0.00890667
0.05317
0.0700767
0.000293333
0.00844
0.0261767
0.0257
0.0414567
0.0175067
0.0470633
0.00678333
0.00453667
0.00274667
0.00680667
0.01756
0.04808
0.04983
0.0507933
0.00633667
0.00609
0.0189167
0.0133267
0.0460333
0.05863
0.0324733
0.000963333
0.00705333
0.0512767
0.06291
0.02465
0.00774667
0.000716667
0.00409667
0.0633
0.07541
0.03174
0.0196367
0.0142067
0.00469333
0.000596667
0.000716667
0.07558
0.00273333
0.00134
0.00134
0
0.0132367
0.00966667
0.02786
0.0352833
0.0338033
0.0123533
0.00284
0.000596667
0.0190867
0
0
0
0
0.00379
0.00379
0.00581333
0.00224333
0
0.00226
0.02063
0
0
0
0.00022
0
0
0
0
0
0.00022
0.00022
0.00022
0
0
0
0
0
0
0
0
0
0
0
0.000966667
0.000966667
0
0
0.000966667
0.00197
0
0
0.01898
0.0311567
0
0.05867
0.0486167
0.00936
0.02648
0.0420033
0.0138533
0.0527933
0.0315633
0.0465
0.0399433
0.03027
0.02105
0.0196533
0.0139
0.0657867
0.02091
0.0491933
0.0569533
0.03023
0.02486
0.04966
0.0342833
0.0366567
0.0177167
0.119827
0.17172
0.141217
0.165597
0.10677
0.201477
0.14265
0.14577
0.0326933
0.06393
0.13423
0.176733
0.33525
0.344323
0.45258
0.313853
0.251223
0.141967
0.134017
0.464173
0.544023
0.08824
0.0772167
0.06402
0.100573
0.139547
0.310973
0.545503
0.4247
0.253967
0.0989333
0.119863
0.401987
0.59511
0.57425
0.535807
0.415003
0.2387
0.0933633
0.0472333
0.1791
0.173007
0.257533
0.347023
0.440333
0.5504
0.531837
0.546183
0.387977
0.2564
0.15158
0.08775
0.313763
0.325307
0.37959
0.317297
0.30025
0.38944
0.34052
0.32471
0.107073
0.0677833
0.0189367
0
0.00185333
0.00384333
0.0177767
0.0175067
0.0251467
0.13883
0.231353
0.0107
0.43619
0.00134
0.00134
0.5653
0
0
0.00418333
0.00759
0.0240533
0.0405833
0.06657
0.0524267
0.573893
0
0
0.0582933
0.04012
0.03675
0.00752667
0.00183333
0.00124333
0.00124333
0
0.00312
0.00110333
0.37946
0
0
0
0.00081
0.00336
0.0231967
0.02404
0.0118067
0.0305533
0.0118167
0.00275333
0.00166333
0
0.00161
0
0.00110333
0.00284
0.206007
0
0
0
0
0
0
0.00109
0
0
0
0.00127667
0.00091
0.00197667
0.0198733
0
0
0
0
0
0
0
0
0.00363667
0.00165
0.02787
0.0583767
0
0
0
0
0
0
0
0
0
0
0.00582
0.00445
0.08506
0
0
0
0
0
0.00133667
0.09424
0.0885933
0.00133667
0.00346667
0.00135667
0
0
0
0
0
0.13683
0
0
0
0.12445
0.02992
0.0244567
0.00175333
0
0
0
0
0
0.0351267
0.0334833
0.0263567
0
0
0
0
0.00615333
0.01305
0
0
0.00417
0.00330333
0.000316667
0.000576667
0.000366667
0.000366667
0.00227
0.00227
0.00599
0.00533333
0.00499
0
0.0239933
0
0
0.0232633
0.00526
0
0.0246367
0.00257333
0.000556667
0.00085
0.00684
0.00476667
0.00278
0.000556667
0.00875667
0.00905
0.00448667
0.00398667
0.000206667
0.0171067
0.00818
0.01347
0.0629567
0.00818
0.11567
0.00595
0.0193933
0.14548
0.1175
0.00068
0.0155167
0.07586
0.00068
0.00207333
0.00139333
0.02197
0.0345633
0
0
0.0036
0.00226
0
0
0
0
0
0
0
0.00134
0
0
0
0
0
0
0
0
0
0
0
0
0
0
0
0
0
0
0
0
0
0
0.00126
0.00126
0
0.00222667
0
0
0
0.0166233
0.01676
0.00197
0.00255
0.00083
0.0164633
0
0.0610733
0.00325
0.05713
0.0481133
0.06007
0.02599
0.0450033
0.0755333
0.0464867
0.0402267
0.0702833
0.05847
0.02567
0.04334
0.0295267
0.06346
0.0519433
0.05427
0.0432833
0.0312267
0.0286267
0.0120367
0.0602167
0.00916667
0.00608
0.00175
0.00708667
0.00360333
0.00414667
0.0148
0.0270233
0.0566633
0.109957
0.117
0.107383
0.0867167
0.165043
0.168423
0.11046
0.15967
0.0861367
0.0725133
0.157993
0.31965
0.290093
0.33025
0.1333
0.112927
0.15794
0.15829
0.130137
0.0983067
0.176713
0.186367
0.148133
0.0926133
0.0808733
0.12766
0.1052
0.0710367
0.09802
0.149027
0.0856667
0.112033
0.04395
0.0482933
0.0709333
0.122437
0.167283
0.08817
0.258587
0.22066
0.224647
0.11157
0.142747
0.158797
0.23721
0.290067
0.1546
0.18732
0.177427
0.17552
0.154183
0.243367
0.267063
0.22082
0.190547
0.216313
0.19911
0.178073
0.222737
0.13064
0.104773
0.0707933
0.10673
0.09554
0.0955633
0.00472
0
0
0.147497
0.125853
0.00185333
0.0038
0.0174633
0.106197
0.12967
0.0514367
0.0544433
0.109773
0.02737
0.0187833
0.0174433
0.00211333
0.000773333
0.0047
0.0047
0.0207467
0.0296867
0.000713333
0
0.00337333
0.00678
0.03538
0.01821
0.00603333
0.00034
0.000713333
0
0
0
0.00337333
0.00017
0
0.00112
0.00412667
0.481247
0.00157667
0
0
0
0
0
0
0.00300667
0.00576667
0.00276
0.21617
0
0.000863333
0.000863333
0
0
0.000366667
0.000366667
0.00284
0.135363
0
0
0
0
0
0
0
0.0085
0.00284
0.00329
0.04087
0
0
0
0
0
0
0
0.00085
0.0265567
0.0108533
0.0685167
0
0
0
0
0.0160767
0.0468333
0.0434733
0.0856933
0
0
0
0
0
0
0.00133667
0.0165633
0.03617
0.0326967
0.02345
0.0510333
0.112383
0.09826
0
0
0.02336
0.0502567
0.0333567
0.03305
0.0631233
0.0554233
0.0466533
0.0143733
0.00187667
0.000203333
0.00103667
0.00079
0.00079
0
0.00375333
0.00529
0.00481667
0.00287333
0.00211
0.07826
0.00789333
0.00814
0.00241667
0.00258333
0.02582
0.01432
0
0
0.000166667
0
0
0.0757467
0.04142
0
0
0.0480033
0.0377867
0.0546833
0
0
0
0.0520633
0.0243467
0.0278833
0.03163
0
0
0
0
0.00111
0.00386667
0.00026
0.000343333
0.000603333
0.000343333
0
0.00111
0
0.00111
0
0.00268667
0
0
0.00268667
0.00268667
0
0
0
0
0
0
0
0
0
0
0
0.00378
0
0.00291
0.00467
0.00089
0
0.00291
0.05102
0.00089
0.000236667
0.000236667
0.05177
0.00542
0.000236667
0.0935167
0.00455333
0.05889
0.0485667
0.00593
0.00625
0.00193333
0.01643
0.01649
0.00163667
0.0014
0.00193333
0
0.00157667
0.00193333
0
0.00134
0.00134
0
0
0
0
0
0
0
0
0
0
0
0
0
0
0
0
0
0
0
0
0
0
0
0
0
0
0
0
0
0
0
0
0
0.0112433
0.00126
0
0.04085
0.01221
0
0
0.06353
0.04666
0
0.03446
0.00058
0.00083
0.0310433
0.00384333
0.0209633
0.0217967
0.0275067
0.03459
0.0335333
0.0575067
0.0460167
0.06826
0.0437133
0.02486
0.0105267
0.0487733
0.0556433
0.00962333
0.000743333
0.01049
0.0239033
0
0.00120667
0.00241333
0.0620267
0.0565233
0.0854933
0.0808
0.1062
0.0994767
0.119037
0.0961533
0.147857
0.14906
0.262663
0.204053
0.25999
0.31509
0.210693
0.25172
0.16007
0.10664
0.10846
0.203323
0.146383
0.441777
0.3184
0.441977
0.32016
0.2216
0.286597
0.209067
0.291667
0.11945
0.263997
0.22422
0.289217
0.09968
0.161707
0.23435
0.243743
0.208393
0.0813833
0.0397433
0.111183
0.124273
0.18419
0.0860233
0.06768
0.115433
0.0841033
0.0582833
0.0724733
0.0649933
0.0331767
0.11031
0.112423
0.156107
0.10061
0.209427
0.197853
0.151793
0.134397
0.20131
0.1115
0.165153
0.14952
0.157107
0.10766
0.151863
0.103463
0.0905467
0.0898267
0.03232
0.0425667
0.0450133
0.0175333
0.0392233
0.06532
0.0602067
0.0332667
0.07336
0.000363333
0.00174667
0.00717333
0.04107
0.04458
0.00899333
0.00198667
0.0131067
0.00367667
0.00997
0.00793
0.00478
0.00760667
0.00735333
0.04507
0.00773333
0
0.000986667
0.00293333
0.0165967
0.02289
0.0503167
0.0540133
0.0455833
0.0256
0.114347
0.01667
0
0
0.00272333
0.00129333
0.00272333
0
0
0
0.128717
0.00131667
0.00357
0
0
0
0
0.00129333
0.0125167
0.0123467
0.00017
0.00017
0
0.00259
0.38218
0.00203
0.00265333
0
0.00132667
0
0.00259
0.00283667
0.418643
0.0143967
0.0159367
0.00132667
0
0.00132667
0
0
0.00247667
0.00135667
0.01785
0.03358
0.0139433
0
0
0
0
0.000246667
0.00199667
0.0171867
0.00132333
0
0
0.0226167
0.0199733
0.00312333
0.00125
0.0275233
0.0151567
0
0
0.00175
0.00439667
0.0195867
0.0289267
0.000886667
0.000886667
0
0
0
0.00349667
0.00724667
0.0174867
0.0266533
0.02621
0.0223533
0.00928
0
0
0.04136
0.0551167
0.0506833
0.0372767
0.00045
0.0112867
0
0
0.0198267
0.0692567
0.0447733
0.0702767
0.0108367
0.0125167
0
0
0.0630667
0.00168
0.00505333
0
0
0
0.0041
0.126917
0.0945633
0.07463
0.02525
0.000203333
0.000246667
0.000246667
0.0376333
0.0986
0.00159
0.00869333
0.000166667
0.04119
0.0199467
0.000166667
0
0.0537033
0.0151267
0
0
0
0.02596
0.01959
0
0
0
0.00844667
0
0
0
0
0
0
0.00728333
0.0119633
0.00195333
0.00776
0
0
0
0
0
0.000316667
0.00243667
0
0.00354667
0.00159667
0
0.00025
0.00025
0
0
0
0.000316667
0.000316667
0
0
0
0
0
0
0.00107
0.00132
0
0
0
0
0.00107
0
0
0
0
0
0
0
0
0
0
0
0
0
0
0
0
0.0034
0.00363667
0.00453
0
0.00795333
0.00453
0
0.03877
0
0.0509933
0.0218733
0
0.0175567
0.000236667
0.000236667
0
0
0.0163033
0
0.00068
0
0
0
0
0
0
0
0
0
0
0
0
0
0
0
0
0.00127
0.00127
0.00108667
0.00108667
0
0
0
0
0.000183333
0.0004
0.000216667
0.00865
0.02244
0.0161467
0.0214867
0.00642667
0.00534
0
0
0
0.000216667
0
0
0
0
0
0
0
0.00247667
0.00269333
0
0
0.04236
0.01246
0
0
0
0.00058
0.0218733
0.00058
0.00403667
0.00320667
0.0176233
0.00107333
0.000593333
0.02676
0.0172833
0.0202133
0.0177233
0.0156933
0.0455933
0.0529267
0.0454867
0.0503933
0.01726
0.0168533
0.0804367
0.0700533
0.0677833
0.0809467
0.02253
0.0482267
0.00141667
0.00232
0.000743333
0.0165333
0.02974
0.00262
0.0106967
0.0212667
0.00582667
0.0316933
0.03662
0.04116
0.0694933
0.0616867
0.0573267
0.0425633
0.103817
0.07857
0.0658067
0.174237
0.197423
0.111643
0.142367
0.11257
0.05658
0.168453
0.25166
0.0795067
0.0769267
0.0562
0.111463
0.206163
0.0391067
0.03468
0.0966533
0.0309667
0.0176967
0.02136
0.0242233
0.0339567
0.00785
0.02576
0.00280667
0.0783867
0.00263667
0.0150967
0.0184
0.0862367
0.0431533
0.0943367
0.05489
0.01499
0.0729533
0.0867633
0.0687667
0.00563667
0.0228067
0.0231267
0.02312
0.0178933
0.0174167
0.01112
0.01288
0.00176
0.00176
0.000246667
0.00241667
0.00241667
0
0
0
0
0.01934
0.0723967
0.161387
0.0577667
0.148033
0.0485933
0.0466467
0.000346667
0
0.33151
0.297907
0.112483
0.0769433
0.00692667
0.000986667
0.0742333
0.05861
0.0422367
0.00993333
0.0104733
0.0186967
0.09757
0.0836033
0.04271
0.0467833
0.0781067
0.04326
0.100693
0.07332
0.07867
0.00893
0
0.00021
0.00131667
0
0.00143
0.00550333
0.00407333
0.00643333
0.0105067
0.00538
0.0118133
0.00968667
0
0.00321667
0.0228333
0.0123933
0.00021
0.00021
0.00430667
0.00430667
0.01443
0.0161467
0.0441767
0.04187
0.00547
0.0144933
0.00132667
0.0119767
0.00475333
0.00517
0.01237
0.0115867
0.00135667
0.01194
0.20094
0.03196
0.0227133
0.00191
0.00223667
0.0172433
0.0443733
0
0
0
0.01306
0.0254267
0.16669
0.05772
0.0607267
0.0358333
0.0211867
0.001
0.0717
0.0728033
0.0559967
0.02952
0.01455
0.00398
0.0181
0.00213667
0.00177333
0.119317
0.0435533
0.0572733
0.06102
0.0595
0.0328267
0.0194067
0.00403333
0.00369333
0.001
0.0520367
0.0554133
0.0515167
0.0237067
0.000886667
0.02346
0.0162667
0.03316
0.02125
0.03539
0.0174533
0.00134
0
0
0
0
0.03352
0.02582
0
0.00197333
0.01894
0.0165567
0
0
0
0
0.000443333
0
0.00034
0.00034
0.0657467
0
0
0
0
0.00092
0.00058
0
0
0
0
0
0.00149
0.00163667
0.0945933
0.108787
0.0979833
0.0540467
0.0184
0.00585
0
0.01966
0.01364
0.00134333
0.00362667
0.0188933
0.0251067
0.00228333
0
0
0.00264
0
0
0
0.00981
0.0113567
0.0346867
0.0384233
0.000356667
0
0
0
0.00089
0.00120667
0.00120667
0
0.00025
0
0
0.00631667
0
0.00738667
0.0100667
0.004
0
0
0.00293
0
0
0
0
0
0
0
0
0
0
0
0
0
0
0.0109933
0
0
0
0.0389033
0.0623633
0
0
0
0.0709167
0.05863
0
0
0.0287
0.0174267
0
0
0
0
0
0
0.00068
0
0
0
0
0
0.00141333
0.00329
0
0.00112
0
0.00977
0.00239
0.000183333
0.00187667
0.00301667
0.0731167
0.0710767
0
0.000183333
0.00373333
0.01328
0.00994667
0.01224
0.00114
0.00114
0.107553
0.06601
0.0144733
0.00967333
0.00054
0.0419233
0
0.0515067
0
0
0.0597967
0.0331033
0
0.00320667
0
0.000493333
0.000593333
0.000733333
0.000593333
0.00467667
0.00408333
0.0102433
0.00433667
0.0119833
0.02142
0.000253333
0.00230667
0.01035
0.0146533
0.00225333
0.0408267
0.0363833
0.0002
0.00184667
0.0468433
0.0603133
0.00164667
0.0347233
0.0538033
0.00164667
0
0.00893333
0.0230067
0
0
0.00141333
0.00023
0.00023
0.0205967
0.02438
0.02451
0.0223967
0.0279933
0.0223967
0.0204933
0.0210933
0.00388333
0.00358333
0.0292667
0.08065
0.04907
0.01102
0.02337
0.0492233
0.01869
0.0401467
0.05993
0.0397933
0.0517233
0.0490333
0.00253667
0.0189533
0.0514333
0.01028
0.00887667
0.00963
0.0332367
0.0193633
0.00017
0
0.0617133
0
0.0712367
0
0.0587733
0.0757267
0
0.00594
0.05354
0.00594
0.0170333
0.000166667
0.00983
0.00594
0.00931
0.00512333
0.000166667
0.00532667
0.00175333
0.00175333
0
0.000476667
0.000723333
0
0
0.000246667
0
0
0.0254833
0.00856
0.000396667
0.000396667
0.218657
0.43565
0.305353
0.0100933
0.00351333
0.00981333
0.00669667
0.216543
0.118973
0.05247
0.312527
0.428407
0.50127
0.519993
0.42077
0.341083
0.218477
0.20586
0.10329
0.01743
0.0167767
0.00236
0.00236
0.000986667
0.000986667
0.00169333
0.000706667
0.17062
0.323427
0.375503
0.22499
0.0138233
0.0263533
0.00223333
0.00152667
0.0104567
0.00893
0.239017
0.200343
0.30382
0.14807
0.152877
0.12719
0.0591567
0.0341633
0.00893
0
0
0
0.0213467
0.01754
0.0221067
0.0577133
0.03885
0.09605
0.0651833
0.04935
0.0739867
0.06844
0.00103333
0.0573567
0.0135
0.0289633
0.0294767
0.0549167
0.0683867
0.00425
0.02071
0.0683133
0.0523333
0.0559
0.08744
0.02193
0.0458167
0.04133
0.02796
0.124607
0.0218333
0.03687
0.06313
0.0618067
0.0333367
0.0185633
0
0
0
0
0
0.0133567
0.0278867
0.155197
0.0192
0.0444033
0.0299167
0.02849
0.0265667
0.0121967
0.00265667
0
0.0388367
0.0558333
0.0581533
0.0541633
0.120947
0.0209833
0.0231033
0.01371
0.02747
0.00397667
0
0.0226967
0
0
0.00018
0.0190933
0.0218167
0.00282667
0.00435667
0.00018
0
0.00197333
0.00197333
0.00052
0.0376133
0.0671167
0
0.000443333
0.000443333
0.0692733
0
0
0
0
0
0.00922667
0.00979667
0.0997867
0.0462567
0.00564667
0
0
0
0.03377
0.0300733
0
0
0.0596233
0.0390333
0
0
0.0522267
0.06617
0.0699067
0
0
0
0
0
0
0.00598
0.00089
0.0399433
0.0437733
0.06008
0.0285533
0
0.000386667
0.000386667
0
0
0
0.0160433
0.0217233
0
0
0.0404833
0.0277567
0
0.02169
0
0.01932
0
0
0.000976667
0.000416667
0
0
0.00114667
0
0.00073
0
0.00073
0
0
0.00846333
0.00759333
0
0.0114733
0.0385133
0.0428733
0.0149633
0.00221667
0.00221667
0.00713
0.0119533
0.0130767
0.00491333
0.00112333
0.00180333
0.00112333
0.00068
0.00632667
0
0
0
0
0.02159
0
0.0213167
0.0208833
0.00215667
0.000163333
0.00311333
0.00258333
0.0412533
0.103153
0.04664
0.159847
0.11569
0.000846667
0.00385667
0.154547
0.0648167
0.00494333
0.01382
0.00110333
0.000563333
0.00385667
0.01561
0.0251567
0
0.01387
0.01387
0.0152667
0
0.00320667
0
0
0
0.00024
0
0.00024
0.000956667
0.000566667
0
0.00789333
0.00807
0.00847667
0.0146167
0
0
0.0216233
0.0212167
0
0.01504
0.02817
0
0
0
0.00752
0
0
0
0
0.00401333
0.00401333
0.00431333
0
0
0
0
0.00047
0.0003
0.00211333
0.00211333
0.00017
0
0.00259333
0.00470667
0.00292667
0.00558667
0.00385667
0.03612
0.0429867
0.00604
0.00863333
0.00701667
0.0124167
0.0200733
0.00224
0.00351
0.00157333
0.00688333
0
0.0524567
0.02642
0
0
0.0687967
0
0
0.02732
0
0.000396667
0.00776667
0
0
0
0
0
0.000166667
0
0
0
0
0
0
0.0288367
0.01521
0.01977
0.00173
0.00133333
0.0366933
0.0172167
0.08391
0.115253
0.0357333
0.04492
0.144353
0.0761267
0.127227
0.118543
0.0812667
0.00236
0
0
0.07156
0.120353
0.09406
0.1827
0.170883
0.0145133
0.05098
0.0402667
0.0444167
0
0
0
0
0
0.0452667
0.156667
0.0255667
0
0
0.00103333
0.03262
0.0278767
0.103683
0.06658
0.0954733
0.07252
0.0724433
0.0545633
0.0544833
0.0656367
0.0379633
0.08316
0.0196433
0.03631
0.03618
0.0728
0.04798
0.0186933
0.06354
0.0622167
0.0184267
0.00180667
0
0
0.11304
0.00254
0.0102733
0.00954
0.00954
0
0
0
0.00277333
0.03918
0.0779567
0.01469
0.00309
0
0.0284133
0.0597
0
0
0
0
0.0152933
0.0681667
0
0
0
0.0341633
0.0276967
0.0625533
0.0503067
0.0427167
0.0104067
0.00564667
0
0
0.0496133
0.0478067
0
0.07395
0.0739
0
0
0
0.00155667
0.0271133
0.00625333
0.0599133
0.0720667
0.0706967
0
0.000693333
0.000693333
0
0
0.000393333
0.000393333
0
0.00108
0.000773333
0
0
0.0149267
0.0301967
0
0
0
0.0586367
0.0632433
0
0
0.0506867
0.02242
0
0
0.00574667
0.00306333
0.00323333
0
0
0.0138633
0.0117767
0
0
0.0112167
0.00017
0.00087
0.00087
0.00087
0.00133
0.00116
0.00087
0.00388
0.00301
0.01719
0.0182467
0.02697
0.0380867
0
0.05247
0
0.0340433
0.04743
0
0
0.0399
0
0.000163333
0.00192
0.0220767
0.000163333
0.00248667
0.00215667
0.000476667
0.06349
0.0406267
0.127867
0.12063
0.113943
0.0727133
0.0214333
0.000256667
0.00181
0
0.00181
0
0
0
0
0
0
0
0
0
0
0
0
0
0.00039
0.00078
0
0.00117
0.00078
0.000973333
0.00136333
0
0
0.00752
0.00849333
0
0
0
0
0
0
0
0
0
0
0
0
0
0
0
0
0
0
0
0.00400667
0.00532
0.00126333
0.00126333
0.0137667
0.0121567
0.00126333
0
0.00262333
0.000306667
0
0.00157333
0.00352
0.01128
0
0.0403833
0
0.0496567
0.06145
0
0.0327667
0
0.00112333
0.0206767
0
0.000396667
0
0
0
0
0
0
0
0
0
0
0
0
0
0
0
0.00316667
0.0183767
0.00404667
0.00271333
0.03231
0.04277
0.0365667
0.0237933
0.0688267
0.10316
0.0803033
0.0710133
0.10484
0.13226
0.129377
0.119227
0.00343333
0.00107333
0
0
0.000196667
0.06814
0.15898
0.04419
0.0693
0.0176233
0
0
0
0
0.0144833
0.0327333
0.03305
0.136553
0.0689367
0.104077
0.04918
0.0156967
0.00628333
0.0442633
0.06803
0.00103333
0.0140033
0.0195433
0.0256033
0.0621133
0.00318333
0.0200967
0.00239667
0.02129
0.00359
0.03494
0.00544
0.0409067
0.02393
0.00466
0.08974
0.0865733
0.00207333
0
0.09734
0
0
0
0
0
0
0
0
0.00277333
0.00978
0.02431
0.0225467
0.11595
0.03088
0.04312
0.0317367
0.0863467
0.00495667
0.00309
0.01872
0
0
0.0157267
0.0462767
0
0.00018
0.00198
0.0167533
0.0671233
0.0347
0.04519
0.01832
0
0
0
0
0
0
0
0
0
0
0
0
0.0660333
0.0487833
0.00686667
0.00476
0
0.0820333
0.0702733
0
0.0667867
0.07213
0
0
0.071
0
0.00281333
0.000393333
0.000393333
0.00155667
0.00859667
0.0294567
0.0444233
0.0709533
0
0.00469333
0.00350667
0
0.00226667
0
0.00179
0
0.0147567
0.0253367
0
0.0539467
0
0.0466733
0
0.0388067
0
0.0102833
0.00883333
0.0106167
0
0
0.0514667
0.04585
0.07229
0
0.0341267
0
0
0.0255667
0
0.00381667
0.0202433
0.0337867
0
0.0646433
0.0614
0
0
0.07633
0.0848633
0.07439
0
0.06683
0.00288667
0
0
0
0.00977667
0.0297633
0
0.000646667
0.00017
0
0
0
0.000493333
0.00107667
0.0388067
0.0259333
0
0
0.09248
0.0836
0.0644367
0.0961433
0.03715
0.0237367
0.00670667
0.000256667
0
0
0
0
0
0
0
0
0
0
0.00039
0.00039
0
0
0.00039
0
0
0
0
0
0
0
0
0
0
0
0
0
0
0
0
0
0
0
0
0
0
0
0
0
0
0
0
0
0
0
0
0.00134667
0.00134667
0
0
0.00266
0.00131333
0
0.00236333
0.00105
0.00166667
0
0.00166667
0.000306667
0.000616667
0
0.00202
0
0.00978
0
0.0121067
0
0
0.02288
0
0.0160867
0
0.01418
0
0.000966667
0.00169333
0
0
0
0
0
0
0
0
0
0
0.000363333
0.0131533
0.00649333
0.00414333
0.02726
0.0312067
0.02982
0.0138533
0.04345
0.07061
0.08872
0.0603
0.0463733
0.0775233
0.123383
0.000196667
0.00533667
0.00957333
0.00443333
0.00459667
0.0157633
0.0352133
0.113767
0.07616
0.01656
0.00237
0.000163333
0.000163333
0.000163333
0
0.00539
0.00824333
0.0467133
0.0228233
0.00733333
0.01956
0.0511367
0.0483833
0.04494
0.02221
0.000246667
0.00349333
0.00609
0.00860667
0.00486
0.0319233
0.00258667
0
0
0
0
0
0
0
0
0.126897
0.00700667
0.00801667
0.00120667
0.11351
0.1135
0.00349667
0.00415667
0.00186667
0.0375
0
0
0.0194167
0.0258333
0
0
0.0556867
0
0
0
0.0018
0.0672167
0.0367967
0.00620333
0.000233333
0.00234
0
0.000156667
0.000156667
0
0
0
0
0
0
0
0.0469267
0.0147167
0
0
0.0602333
0.07809
0
0
0.0521433
0
0.00192667
0.00108333
0.0155267
0.0316567
0
0.00365667
0.000843333
0.02587
0
0.00036
0.00172
0.00036
0.000533333
0.00036
0.0111833
0
0.0143767
0
0.0212567
0
0
0.00780333
0
0
0.00635333
0
0
0.0362633
0
0.0739767
0.000676667
0.1193
0.111997
0.000676667
0.000676667
0
0.0407433
0.08901
0.02579
0.02454
0
0
0.0543567
0
0
0.0764233
0
0.0829667
0.000303333
0.00417
0.000303333
0.0802867
0.000303333
0.0606433
0.05766
0.0462533
0.01756
0.0136933
0.0722367
0.0162767
0.0093
0.0461267
0.00017
0.03602
0.0335733
0.00497667
0.00209333
0.00414
0.00084
0
0
0.00418333
0.00418667
0.00477333
0.00268
0
0
0
0.00524333
0.000583333
0.01861
0.08084
0.105453
0.0853867
0.0581
0.0509233
0.0129433
0.00711667
0.000623333
0.00273
0.00210667
0
0
0.00603333
0.00392667
0
0.00609667
0.00217
0
0.00217
0
0
0
0
0
0
0
0
0
0
0
0
0
0
0
0
0
0
0
0
0
0
0
0.000713333
0
0.00142667
0.000713333
0
0.000713333
0.000713333
0
0.000466667
0.000466667
0.00209333
0
0.00162667
0
0.00224333
0
0
0.00505667
0.00309333
0.00171333
0.00171333
0.00258
0.00263333
0.00434667
0.000586667
0
0.000586667
0.0036
0.000966667
0
0.000966667
0
0
0
0
0
0
0
0
0
0
0
0.000276667
0.000276667
0
0.000363333
0.00302
0.01793
0.02764
0.0068
0.0417467
0.0324333
0.02773
0.04597
0.0437267
0.0589833
0.0470833
0.033
0.0397367
0.00804
0.01318
0.0114667
0.0201867
0.0684267
0.0455567
0.00129667
0.00092
0.00876333
0.000163333
0
0
0
0
0.00065
0.00344333
0.00204667
0.00419
0.0294
0.0139633
0.01779
0.0256
0.0186
0.00915
0.00242667
0.00364
0.00136667
0.0397967
0.00475667
0.02281
0.00599667
0
0
0
0
0
0
0.127913
0.111327
0
0
0.160637
0
0.161533
0.00248667
0
0.00229
0.0670933
0.0546067
0
0.03143
0.0427667
0
0
0.0653467
0
0
0.0644967
0
0
0.01941
0.00328
0.00519667
0.00218
0.00210333
0.00329333
0.00313667
0.00048
0.00048
0
0
0.0131833
0.000266667
0.02829
0.01345
0
0
0.000376667
0.00873667
0.00847
0.02449
0.0315033
0
0.0191167
0.00108333
0
0.0418733
0.0837233
0.0208467
0
0.06772
0
0.04957
0.00036
0.00522333
0.00403667
0.00226
0.0019
0.0115167
0
0.0183967
0
0.0200933
0.0126067
0
0.00663
0
0.0317367
0.00749667
0.129727
0.00749667
0.11486
0
0
0
0
0
0.0536
0.0700333
0.0426433
0.0359333
0.0132167
0.0715
0.00955333
0
0.0478367
0.01312
0.0179867
0.00284
0.001
0
0
0.000466667
0.00533333
0.00726667
0.00668
0.00810333
0.0571967
0.00684
0.0855967
0.0551267
0.0354033
0.001
0.001
0
0.00466
0.00386667
0.0213867
0.0233633
0.0160933
0.02946
0.0631533
0.0585367
0.0897
0.04834
0.00812333
0.0109833
0.00636333
0
0.02613
0.0264233
0
0
0.0264867
0
0
0.00476667
0
0
0.00259667
0.00259667
0
0
0
0
0
0
0
0
0
0
0
0.0144933
0.0236133
0.00912
0
0
0
0
0
0
0
0.000513333
0.00121
0.00114667
0.00186
0
0.000696667
0.00121333
0.00214
0.00257333
0.00103333
0.000516667
0.00126
0.00136667
0.00208
0.00121
0.00957333
0.00131
0.0104567
0.000656667
0.000656667
0.02944
0.03029
0.00316667
0.000973333
0
0.000386667
0
0
0
0
0
0
0
0
0
0
0
0
0.000276667
0
0.00367667
0.00102
0.0568167
0.0588633
0.07259
0.0624233
0.0498833
0.06162
0.0419967
0.0632433
0.0386633
0.03806
0.00913333
0.0047
0.0287967
0.03682
0.0390767
0.03225
0.0110967
0.00325333
0.03919
0
0
0.0232933
0.0132833
0.00168
0.000313333
0.00322667
0.01268
0.0021
0.0118767
0
0
0.0253467
0.00452333
0
0
0
0
0.10829
0.0392967
0
0
0.115767
0
0.135403
0.125397
0.000196667
0.000196667
0.000196667
0.0665967
0.0748833
0.0498333
0.0424667
0.04481
0.0619467
0
0.0632833
0.0478667
0.0620933
0
0.0449733
0.03201
0.0303067
0.0191967
0
0
0.00722333
0.0185033
0.01652
0
0.00361667
0.000933333
0.000453333
0
0.000266667
0
0.000266667
0.000533333
0
0.000643333
0.00294
0
0.00108333
0.000376667
0.02013
0.05339
0.0961967
0.00637
0.01493
0.0041
0.01082
0.01046
0.00856
0.00848667
0
0
0.03408
0
0
0.0269233
0.00696
0
0.0320667
0.0122433
0.0122433
0.0362033
0.0190633
0.0840133
0.00943667
0.08735
0.00377333
0.0699333
0.00115667
0.0533967
0.00115667
0.0428233
0
0.02732
0
0
0.00386667
0.0115133
0.0392533
0.04051
0.00408667
0.04426
0.000423333
0
0.0184933
0
0.0229567
0.01635
0.0367867
0.0338067
0.01728
0.001
0.03395
0.00138667
0.0644033
0.01763
0.00135
0.0743233
0.16403
0.107997
0.1437
0.000386667
0.0116667
0.02965
0.05882
0.0285733
0.000816667
0.00323333
0.00193333
0.03205
0.0207533
0.0836433
0.0669933
0.0514733
0.04431
0.0128567
0.00138
0.000816667
0.0562833
0.05482
0.0416667
0
0
0.0120033
0.00983333
0
0
0.00259667
0
0
0
0
0
0
0.0187133
0.00959333
0.00973333
0.0242267
0.0333467
0.000233333
0.000353333
0.000586667
0.0195067
0
0.01853
0.00242333
0.00928333
0.0399733
0.00212333
0.00242667
0.00224667
0.0268467
0.00902
0.00772333
0.0238733
0.02034
0.01557
0.03192
0.0232833
0.00555667
0.0270833
0.0027
0.02108
0.0459167
0.07529
0.00343
0.0715
0.0429767
0.00138667
0.00138667
0.0304
0
0.0196767
0
0
0.0426233
0.0108133
0
0.00862
0.0133533
0
0
0.000386667
0.00570667
0
0
0
0
0
0
0
0
0
0
0
0
0.0004
0.0004
0.00351333
0.000276667
0.00311333
0.00160333
0.00102
0.00422
0.0205467
0.00523667
0.00258
0.0500933
0.06349
0.0321833
0.0622333
0.0744767
0.0327233
0.05916
0.0547933
0.00453667
0
0
0.000563333
0.00121333
0.0279633
0.03353
0.0277633
0.00256
0.0496067
0.02082
0.0763633
0.0164733
0.00113
0.000226667
0.00142333
0.00113
0.00113
0.00111
0.0014
0.000166667
0.00339667
0
0
0.00029
0.00029
0
0
0
0.0448467
0.01961
0
0
0.0431933
0.01846
0
0
0.04834
0
0
0
0
0.0215733
0.0228267
0.0105433
0.0325767
0
0.02406
0.00863
0.0113133
0.000906667
0.00138667
0
0
0.000453333
0
0.0154
0
0
0.03295
0.0154
0
0.0369567
0.0194067
0
0.05375
0.00366333
0.00366333
0.0986133
0.00967333
0.06419
0.0800767
0.0199067
0.0153433
0.0239633
0.00678333
0.04445
0.0214467
0.0549333
0.05255
0.05869
0.0507733
0.0199033
0.0768933
0.01424
0.0594767
0.00115667
0.00115667
0.0378033
0
0.0206133
0
0.0195033
0.01584
0.00824333
0.00764667
0.01108
0.0108533
0.00366333
0.0267067
0.0652767
0.0387133
0.0220633
0.0685633
0
0.04442
0.0595367
0.0570867
0
0
0.02199
0.04057
0.06749
0.06889
0.03666
0
0.000386667
0.000233333
0
0.0178467
0.08168
0.0981467
0.128393
0.115153
0.05892
0.0301067
0.02244
0.0369133
0.0213933
0
0.0161233
0.0198833
0.0504833
0.0463
0
0.00258
0.0013
0.01678
0.01581
0.0310567
0.0115167
0.00748333
0.00588
0.00836
0.0367533
0
0
0
0.000463333
0.00422333
0.0157067
0.01251
0.000563333
0
0
0.00128
0.06026
0.000846667
0
0
0.00376
0.00423
0.00047
0.00103333
0.00875667
0.02952
0.00152
0.00203333
0.000846667
0
0
0
0
0.00225667
0.00118667
0.00107
0.34319
0.29819
0.2489
0.410363
0.465857
0.63773
0.465773
0.369023
0.143683
0.124397
0.0848667
0.166243
0.391377
0.0750833
0.373337
0.420563
0.28377
0.0839433
0.309077
0.499937
0.329837
0.104497
0.0558667
0.06663
0.04851
0.0686833
0.04837
0.0122033
0.00261
0
0.00128667
0.00152
0.00358667
0.00265333
0.00621333
0.24839
0.29942
0.378353
0.315343
0.184393
0.3021
0.29963
0.286323
0.0282633
0.00414667
0.00691
0.00363
0.16927
0.491737
0.664817
0.59866
0.546477
0.19066
0.07194
0.0686267
0.0476633
0.0343567
0.0221167
0.02402
0.1394
0.149637
0.34392
0.600873
0.49958
0.51134
0.286473
0.06095
0.08227
0.06996
0.02212
0.0402133
0.05045
0.275207
0.35908
0.25272
0.186137
0.0793333
0.07901
0.0795067
0.0570967
0.0376067
0.06808
0.17583
0.164863
0.160447
0.04852
0.03399
0.0517
0.0522933
0.0545467
0.0784233
0.0784333
0.07637
0.0653933
0.02181
0.06085
0.0591233
0.0427433
0
0.0495967
0
0.07447
0.0473933
0
0.00532
0
0
0
0
0
0
0.00222667
0
0
0.00534
0
0
0.00132667
0.00394333
0.0310133
0.03785
0.00872
0.0705
0.03912
0.00666667
0.0541367
0.0258267
0.0353633
0.00627333
0
0
0.0558733
0.03935
0.0184233
0.0149767
0
0.000226667
0
0.00029
0
0
0.00323
0
0
0
0
0
0
0.00453333
0
0.0032
0
0.00693333
0
0
0.01018
0.0394667
0.00853
0
0.0518833
0.0227833
0
0.02171
0.01979
0
0
0.05535
0.0479167
0.0488167
0.0204767
0.01278
0.000453333
0.0131767
0.0131767
0
0
0.0825867
0.0285767
0.08911
0.08696
0
0.05265
0.0403733
0.0571667
0.00366333
0.0592233
0.0402133
0.0454333
0.0703933
0.0484133
0.0342267
0.0245867
0.0491867
0.0539033
0.0242567
0.02263
0.00935333
0.00257
0.0582533
0
0
0.06281
0
0.04185
0.0214867
0.0113367
0.00649333
0.04129
0.0726433
0.00577333
0.01016
0.0544833
0.00588333
0.0234833
0.01411
0.0369967
0.00364333
0.0339667
0.03489
0.00384667
0
0
0.00646
0.00198667
0
0.00477333
0
0
0
0.00219333
0.0173433
0.0100667
0
0
0.0346467
0.03197
0
0
0.0493267
0.0565667
0.0393967
0.0582867
0
0.0150467
0.0345567
0.00633
0
0.00275
0
0.000563333
0.00275
0.0284733
0.00621333
0.00250333
0.00363
0.00785333
0
0.0404733
0.02295
0.0274533
0.0482767
0.06818
0.00117667
0
0.005
0
0.00355
0.00556
0.00202333
0.0324767
0.00172
0.000563333
0.000683333
0.000563333
0.000683333
0.00557
0.144957
0.0882433
0.0717933
0.0127467
0.0110267
0.00017
0.00122667
0.00105667
0.00105667
0.0159333
0.01556
0.000906667
0.00242667
0.00508
0.0134167
0.00417333
0.0103133
0.0115
0.0121567
0.00113
0.00017
0
0.0178467
0.186253
0.00345333
0.00249333
0.175853
0.118107
0.07878
0.0318767
0.150077
0.143083
0.109417
0.0972167
0.0468433
0.0681267
0.108873
0.193327
0.20055
0.0727233
0.0427533
0.0290733
0.01517
0.15018
0.0716567
0.172007
0.23137
0.116863
0.113857
0.0652467
0.0252367
0.0633633
0.02561
0.0763833
0.113963
0.20216
0.187717
0.12231
0.202157
0.0370833
0.0887867
0.16362
0.25882
0.1701
0.18582
0.147093
0.11762
0.13829
0.105383
0.0765233
0.0650533
0.166713
0.257163
0.18233
0.0781433
0.0901567
0.0210133
0.0568233
0.0161433
0.0311067
0.00450333
0.00844333
0.0219667
0.0230167
0.05496
0.0936733
0.123767
0.190517
0.0440333
0.0353767
0.0160067
0.02058
0.02265
0.0562667
0.102327
0.03758
0.0130333
0.00808667
0.00872667
0.0295567
0.00549333
0.000546667
0.06246
0.0822367
0.00806667
0.0811467
0.00257333
0.0225967
0.0656867
0.0392267
0.0241967
0.0159567
0.03338
0.0340233
0.0227933
0.00234333
0.000956667
0.03324
0
0.0682233
0.0396267
0.08803
0.00077
0.04352
0.00077
0.00909333
0
0
0
0
0
0
0
0
0
0.00182667
0
0
0.00365
0.0225267
0.00261667
0.00209667
0.00209667
0.00304667
0.00346
0.00331
0.0131267
0.0173367
0.0147533
0.00173667
0
0.000446667
0.00101
0.00117667
0.00142333
0.0179733
0.0106833
0.00216
0.0284133
0.0186933
0.000433333
0.02699
0.0418733
0.000226667
0.0368433
0.02861
0
0
0.01049
0.00963333
0.00114667
0
0
0
0
0
0.00189667
0
0
0
0
0
0.00398
0.00918667
0.01127
0.02481
0.000493333
0.0268933
0.000493333
0.0319367
0.0577467
0.0314833
0.0558433
0.00191333
0.00240667
0.0123267
0
0
0
0.04201
0.0307467
0
0
0
0.138967
0.146023
0.09602
0
0.127683
0.105483
0
0.0546333
0.00504667
0.0355867
0.11255
0.0952867
0.0570533
0.0166633
0.0681567
0.00338667
0.05689
0.0718867
0.0724167
0
0
0.0697033
0.00213333
0.0397333
0.0201233
0.0368367
0.00115667
0.0491667
0.0779033
0.000826667
0.05848
0.00116667
0.02634
0.0143633
0.00383333
0.00292333
0.00246
0
0
0
0
0.0003
0
0.00259667
0.00159667
0.01149
0.01047
0.02215
0.02104
0
0
0.0143833
0.0218067
0
0.0124633
0
0.00119
0.000563333
0.000563333
0
0.00379
0.0247633
0.00211667
0.00211667
0
0.00073
0
0.00412667
0.000536667
0
0.02754
0.00328
0.00588
0.02526
0.02299
0.0107967
0.0253967
0.0952833
0.0811067
0.0811167
0.00992333
0.0096
0.0168467
0.0378167
0.00171333
0.00678333
0.115703
0.05131
0.00227
0.00261333
0.02418
0.00361
0.00978333
0.0571267
0.0042
0.00262
0.0208933
0.0151867
0.01907
0.133083
0.142323
0.11228
0.02415
0.00927333
0.000683333
0
0.00818
0.18167
0.0325533
0.03081
0.0383433
0.19783
0.191647
0.0136533
0.02795
0.0426567
0.04642
0.0222533
0.0116633
0.00485667
0.02142
0.157
0.140593
0.03125
0.0851267
0.08106
0.328427
0.1653
0.27205
0.16114
0.159387
0.07791
0.139117
0.117763
0.189363
0.0263233
0.02677
0.0341367
0.0745233
0.0944133
0.131917
0.02318
0.0101033
0.00507667
0.0105633
0.00576667
0.0156167
0.167433
0.15502
0.21247
0.0167867
0.00691333
0.00672333
0.0393867
0.05566
0.03201
0.0327767
0.2128
0.220837
0.0336833
0.0204367
0.07742
0.10171
0.0686933
0.0960533
0.0558967
0.0288933
0.0363
0.04078
0.0278867
0.03072
0.0602567
0.0566867
0.07518
0.0919433
0.134143
0.09855
0.0553467
0.00866667
0.0216133
0.0161267
0.0387133
0.02594
0.0464333
0.0399533
0.0257967
0.0287733
0.0351933
0.02898
0.0179
0.0312267
0.00504667
0.0119467
0.0134833
0.00963333
0.0193
0.00577333
0.000546667
0.0313167
0.0573333
0.06165
0
0
0.0289133
0
0.0110733
0.0031
0.00727333
0.00175667
0.01844
0.01464
0
0.0008
0.05765
0.0479833
0.0801933
0.0819767
0.00077
0.0685567
0.0459867
0.00499667
0.00422667
0.00377333
0
0
0
0
0
0
0.0122933
0
0.0416867
0.0359033
0.0621833
0
0.0529533
0.06674
0
0.0219467
0.03831
0
0.00307
0.00253333
0.00197333
0.00109667
0.00126333
0.0150567
0.00141
0.00469
0.00372667
0.0233867
0.00894667
0.000423333
0.000423333
0.00141
0.05617
0.00873
0.0730767
0.0688667
0
0
0.00114667
0
0
0
0
0
0
0
0
0
0.00135333
0
0.0169767
0.02051
0.00798333
0.00378667
0.01586
0.00248333
0.00989667
0.00223
0.00544667
0.01785
0.00321667
0.00321667
0.0391933
0
0.0988167
0.0983467
0.000343333
0.146493
0.000343333
0.117237
0
0.000343333
0.0374967
0.00138333
0.0252933
0.0290267
0.04153
0.0386333
0.103633
0.0349867
0.142193
0.03439
0.04195
0.09419
0.0575467
0.04684
0.000816667
0
0.0776967
0.00213333
0.0586267
0.0310233
0.00688333
0.00512667
0.012
0.01959
0.000936667
0.01581
0.00134667
0.00134667
0.00106333
0.005
0.0053
0
0
0
0.0003
0.000506667
0
0
0.001
0
0
0
0.00361667
0.001
0
0
0.0116
0.00261667
0
0.0109033
0
0.00156
0.00348
0
0.00156
0
0
0
0.00238
0.00119
0.00021
0.0381433
0.00498
0
0
0
0.00073
0.000746667
0.00334
0.0586133
0.000343333
0.117727
0.18311
0.120287
0.0490633
0.0163333
0.0174
0.0082
0.123687
0.000343333
0
0
0.0382333
0.0443767
0.0506667
0.0600167
0.0341267
0.175123
0.00859
0
0
0.182407
0.0259133
0.0110367
0.0377067
0.02884
0.0412867
0.0937567
0.0324733
0.0194667
0.0255433
0.0208767
0.0419767
0.0495133
0.0387967
0.0549733
0.0494933
0.06433
0.43302
0.376643
0.16371
0.161957
0.12146
0.15041
0.112347
0.08731
0.0650467
0.16245
0.04234
0.0388867
0.03701
0.0603267
0.20326
0.2714
0.02973
0.00833667
0.00669
0.00433
0.02466
0.266807
0.270833
0.05045
0.0538967
0.0702767
0.06958
0.0716233
0.06361
0.0608767
0.18927
0.0532133
0.0409333
0.07489
0.0781567
0.105213
0.0862633
0.0619
0.0776967
0.00562
0.01079
0.03281
0.0448267
0
0.00556333
0.0494067
0.0275567
0
0.0140133
0.0144767
0.0912833
0.106087
0.0931833
0.0110133
0.05387
0.01524
0.01194
0.0279067
0.00415333
0
0
0
0
0.0104667
0
0
0
0
0.00419333
0
0.000403333
0.00183333
0.00237333
0.002
0.0123433
0.0241667
0.0356967
0.0154233
0.0164067
0.0316633
0.01804
0.01476
0.03707
0.0540067
0.000206667
0.000206667
0.000206667
0.000206667
0.04197
0
0.00146
0.0108033
0
0
0.00114667
0
0
0
0
0
0
0.00135333
0.00135333
0
0
0.00355667
0.00488667
0.000253333
0.00378667
0.00248333
0.0110467
0.00471333
0.00767667
0.04023
0.04512
0.00686667
0.0525
0.05262
0.0513567
0.00399333
0.0703633
0.00234
0.0449033
0.0360667
0.00138333
0.00753333
0.01099
0.02657
0.02084
0.0421167
0.1444
0.0668067
0.0339767
0.07034
0.00123
0.0526267
0.06544
0
0.0739633
0.0562667
0
0.0522067
0.02609
0.0134867
0.01484
0.00147667
0.0144633
0.0235567
0
0.0186033
0.03716
0.01411
0.0245567
0.00172
0.0109533
0.00172
0
0
0.00192
0.00192
0
0
0
0
0
0
0
0
0
0.00221333
0.00119
0.00021
0.00042
0.0365667
0.00073
0.00461333
0.00301333
0
0
0.0074
0.0147867
0.110513
0.198873
0.26281
0.207407
0.0478433
0.00792333
0.00158
0.00224333
0.00189667
0.0254733
0.00947333
0.157053
0.000343333
0.000343333
0.00209
0.00454333
0.01788
0.00764333
0.0599833
0.14459
0.04449
0.148733
0.15594
0.02404
0.00365667
0.10543
0.148057
0.07863
0.0163867
0.0335733
0.0541133
0.0146167
0.0268733
0.0565533
0.05
0.0823733
0.0855733
0.266217
0.143853
0.1501
0.132163
0.134227
0.116407
0.383827
0.123477
0.11592
0.20392
0.26397
0.113603
0.0344267
0.0791333
0.0854333
0.115937
0.0023
0.00347
0.3177
0.07019
0.0215033
0.0487333
0.0197067
0.0108933
0.05117
0.0425733
0.0692767
0.0795767
0.0465933
0.193413
0.150263
0.01843
0.105963
0.12854
0.0804433
0.06256
0.0257567
0.06887
0.120407
0.0128533
0.0139433
0.0800867
0.00350667
0.04703
0.0487333
0.0430533
0.0644267
0.00777
0
0.0291033
0.0214
0.00293667
0.0156633
0.0202167
0.101673
0.05751
0.0251067
0.0479
0.02028
0.04076
0.00733
0.00371333
0.00038
0.00054
0.00061
0
0.00061
0
0
0
0.0214567
0.01099
0
0.05085
0.0533067
0.07328
0
0.0607867
0.03205
0
0
0.0210933
0.0207867
0
0
0.00166
0.00143
0.0008
0.0004
0.00832667
0.0178967
0.0288867
0.01912
0.0347
0.06634
0.06148
0.0678
0
0.00021
0.00021
0.00598
0.0442767
0
0.0332
0
0
0.000313333
0
0
0
0
0
0
0
0
0.00067
0.0038
0.0029
0.02773
0.00869667
0.0302767
0.0376367
0.05869
0.03751
0.05869
0.03669
0.01853
0.0457367
0.0168767
0.00259333
0.000596667
0.00978667
0.0360167
0.0993233
0.107263
0.0628967
0.0617167
0.11378
0.05447
0.05115
0.0390233
0.0373367
0.000753333
0.00034
0
0
0
0.000376667
0.00208333
0.00147667
0.00405333
0
0.00405333
0.0216067
0.000263333
0.00198333
0.0133767
0.00388333
0.00263
0.00506667
0.00216333
0.00534
0.00243667
0.00290333
0
0.000323333
0.00243667
0.000323333
0
0
0
0
0
0
0
0
0
0
0
0.00499667
0.03935
0.00102333
0.00021
0.00021
0.06529
0
0
0
0.00181
0.00202
0.116343
0
0.147817
0.0594767
0.00709333
0.00075
0.000346667
0.01979
0.0204033
0.0938433
0
0
0.00526667
0.0156967
0.03022
0.08877
0
0
0
0.0498267
0
0
0.0971433
0
0
0.0970667
0.0434133
0.00121
0.03599
0.0220967
0.00695667
0.00426333
0.0243333
0.00566333
0.0376667
0.02258
0.0144367
0.0823733
0.0190633
0.0464833
0.280983
0.11735
0.342217
0.0842367
0.0646233
0.06985
0.0981833
0.03887
0.05132
0.03979
0.0481167
0.184807
0.24462
0.1426
0.03285
0.01984
0.305613
0.32771
0.29813
0.0744767
0.109533
0.0603533
0.03495
0.26023
0.246993
0.0177167
0.0931767
0.102173
0.15153
0.22008
0.0806533
0.0717467
0.0773633
0.08476
0.153533
0.0828767
0.09627
0.0671233
0.0565533
0.000966667
0.00118
0.00184333
0.0562467
0.02051
0.0980167
0.07098
0.0024
0.06422
0.000193333
0.0206167
0.06365
0.0572667
0.0515767
0.10251
0.0758333
0.0792167
0.03421
0.0219933
0.04171
0.00889
0
0
0
0.01123
0
0.0241533
0.0135767
0.000733333
0.000733333
0.01515
0.000733333
0.00388667
0.00166
0.0028
0
0.00166
0.0004
0.00226667
0.00371333
0.00979333
0.0330367
0.02051
0.00980667
0.01933
0.0641567
0.0122167
0.00658333
0.0219533
0.0123767
0.00021
0.000813333
0.000886667
0
0
0.000313333
0
0
0
0.000203333
0
0.000873333
0
0
0.03132
0.000243333
0.0559467
0.00514
0.0390567
0.0978333
0.0508733
0.0685
0.10721
0.0605333
0.0523933
0.0385433
0.0480733
0.0331567
0.0361833
0.00319
0.0222433
0.0444333
0.000596667
0.00119333
0.03802
0.00018
0.00995667
0.0213467
0.00703333
0.0289033
0.02465
0.04627
0.0535167
0.02215
0.00492667
0.00491333
0.0232233
0.00107667
0.0335967
0.0183033
0.0134533
0.0287133
0.01298
0
0.0146867
0.00191
0
0.000376667
0.000376667
0.000256667
0.00275
0.00381
0.000256667
0.0511833
0.000263333
0.0620367
0.0211167
0.0539267
0.0587967
0.03185
0.0230167
0.00263
0.000493333
0.000816667
0.0039
0.00633667
0.00429667
0.00479
0
0.00449
0
0
0.000516667
0.000516667
0
0.00397333
0
0
0
0
0
0
0
0.00119667
0
0
0
0.00811667
0.0126067
0.107637
0.10499
0.112963
0.0191533
0.00669
0
0
0
0
0.000916667
0.000916667
0.0116267
0.0113467
0
0
0
0.00121
0.0163867
0.00171333
0.000503333
0.01387
0.01719
0.000816667
0.01343
0.00299
0.00544
0.00294667
0.0951733
0.05421
0.119287
0.0994567
0.0593433
0.01338
0.00899
0.154883
0.120363
0.111797
0.09101
0.0880033
0.247123
0.06339
0.188117
0.199307
0.124463
0.0073
0.0807067
0.000766667
0.00019
0.08012
0.00917
0.0400433
0.0232033
0.0837433
0.0539167
0.02073
0.00929333
0.00968667
0.0767133
0.0960233
0.0761567
0.0567267
0.05539
0.0511767
0.00598667
0.00144333
0.0787967
0.0696133
0.0329067
0.04022
0.03166
0.0942667
0.102553
0.0948133
0.0657433
0.0131467
0.0142
0.0382767
0.06927
0.0532967
0.0157133
0.0204567
0.00316667
0.09717
0.06735
0.0614367
0.0267633
0.000413333
0.000193333
0.0218433
0.0180933
0.0809067
0.0398367
0.00767667
0.0756033
0.03509
0.01699
0.06901
0.00461333
0.0420267
0.00225333
0.00578667
0.00016
0.00016
0.00061
0
0
0
0
0
0.000653333
0.00024
0
0.0133367
0.00112
0.0129233
0.01103
0.0106433
0.01271
0.00272667
0.00272667
0.00380667
0.00459333
0.00329
0.0214667
0.00567667
0.0581567
0.0593733
0.02921
0.000826667
0.0177067
0.000573333
0.000986667
0.00123667
0.00276
0.000573333
0
0.000633333
0
0
0
0.000166667
0
0
0.00036
0.000203333
0.000323333
0
0.00247667
0.0327667
0.0596567
0.08237
0.00489667
0.0942833
0.00987333
0.02433
0.0213233
0.0760567
0.10388
0.0354067
0.0615
0.0573133
0.0232533
0.000596667
0.00360333
0.0502567
0.00211333
0.00460667
0.0240333
0.0382667
0.0219667
0.0358133
0.03232
0.00619667
0.0135767
0.000643333
0.0132533
0.0142433
0.000676667
0.000203333
0.00133
0
0.00023
0
0
0.000486667
0.00106
0.00373
0.0333867
0.0327033
0.00373667
0.02287
0.05005
0.0231033
0.03518
0.00463
0.0308167
0.0417967
0.0328033
0.0561167
0.00687667
0.0338
0.02138
0.00297667
0.00500667
0.0214033
0
0.00103333
0
0
0.00427333
0
0.00813667
0.0650533
0.0419533
0
0
0
0
0
0
0.00119667
0.00119667
0.0916133
0
0
0
0
0.00449
0.00996
0.0181133
0.0126433
0
0
0
0
0
0
0.00119667
0.06935
0
0
0.04532
0
0.0173467
0.0304967
0
0
0
0
0.02416
0.00891667
0
0.00856667
0
0
0
0.0157867
0.0171733
0.0114967
0.00455667
0.00403333
0.03057
0.0715333
0.00642667
0.00615667
0.00393333
0.00081
0.00821667
0.00324
0.09761
0.0750067
0.03862
0.03001
0.0183767
0.0321433
0.01884
0.02057
0.00541333
0.00699667
0.01571
0.08564
0.194223
0.14123
0.255217
0.252883
0.2737
0.0672833
0.0316133
0.222677
0.19221
0.0594867
0.0566367
0.136897
0.00561
0.0218867
0.0910633
0.000673333
0.0308833
0.02465
0.0375067
0.0201867
0.0240233
0.00878333
0.01614
0.0164033
0.00819667
0.04643
0
0.000196667
0.000576667
0.0287767
0.0268533
0.0131233
0.0520367
0.0422167
0.00855667
0.0640033
0.0264
0.00096
0.00160667
0.0331233
0.01177
0
0.000193333
0.0113233
0.00185
0.000413333
0.00579667
0.00124333
0.0196867
0.01841
0.02298
0.0395633
0.00312333
0.02381
0.0370433
0.00488333
0.03734
0.00537
0.00895333
0.00396667
0.00553333
0.000356667
0
0
0
0
0
0
0
0.000413333
0.000413333
0
0.000386667
0.000413333
0
0
0
0.0216367
0
0.0491267
0.0405867
0.00272667
0.0475233
0.0206533
0.0297467
0.0357833
0.0524133
0.0364433
0.0038
0.00566667
0.0146233
0
0.000413333
0.01848
0.0269833
0.0136133
0
0.01051
0.0112533
0.00348667
0.01184
0
0
0
0.00302
0.00488667
0.00055
0.00226
0
0.0025
0.00430333
0
0.03117
0
0
0.00497667
0.00761667
0.0785367
0.06832
0.0558267
0.0310233
0.0603933
0.05975
0.00339667
0.02122
0.00302333
0.00341333
0.00495667
0.0158867
0.00375667
0.00514
0.0143967
0.0228333
0.00800333
0.00142333
0.0164567
0.0214933
0.00898333
0.01195
0.00916
0.00253333
0.00195333
0.000633333
0.02366
0.000803333
0.03537
0
0.00017
0.000473333
0
0.00133
0
0
0
0.00023
0.0124
0.00312667
0.0156433
0.0336
0.0324467
0.0335333
0.0482533
0.0522967
0.00494667
0.00344
0.02118
0.0895833
0.0351467
0.0349067
0.0593933
0.0918633
0.00343667
0.0261867
0.00046
0.000516667
0.00927333
0
0
0.0003
0
0
0
0.0515
0
0
0
0
0
0
0
0
0
0
0
0.07817
0
0.00547
0.00565
0.00018
0
0
0.0476933
0
0.0371067
0
0.00889
0.00781
0.00571667
0.0194133
0.03619
0.000206667
0.0304033
0.00308333
0.0178267
0.00659667
0.02175
0.0531133
0.0193967
0.05331
0.0188167
0.0547
0.0583133
0.0130367
0.194517
0.16351
0.14787
0.137277
0.10421
0.142663
0.172397
0.164007
0.0930767
0.126143
0.0570467
0.0347733
0.0111967
0.00341
0.0747833
0.0941367
0.0817933
0.173663
0.15383
0.0361767
0.05907
0.0412667
0.0154567
0.01314
0.0460667
0.0635067
0.0227833
0.0464033
0.08757
0.06293
0.0164167
0.00019
0.000463333
0.00120667
0.00517
0.0682533
0.03084
0.0255567
0.01368
0.00212
0
0
0.000933333
0.0126367
0.0671067
0.0416467
0.105227
0.139777
0.190437
0.0191267
0.01762
0.00405333
0.02343
0.03427
0.0317467
0.102813
0.116663
0.169737
0.18116
0.00493667
0.000623333
0.0142633
0.0198467
0.0104833
0.00227667
0.00212
0
0.0955667
0.118287
0.0820533
0.000623333
0.000623333
0.00951333
0.00963
0.01408
0.00322333
0.00700667
0.00544
0.00888
0.0729433
0.0850233
0.0472533
0
0
0
0.000516667
0.000673333
0.000516667
0.00569333
0.00569333
0.0673967
0.03514
0.00038
0.000173333
0.000553333
0.000173333
0.0354633
0.0288967
0.01711
0.000173333
0.00251
0.00910667
0.00292333
0.00119333
0.00444
0.00229667
0
0.00084
0.00290333
0.00121333
0.000603333
0.000316667
0
0.000606667
0.00197667
0.00229333
0.00073
0.00169
0
0.00278667
0.00169
0.00361667
0.00176
0.00252
0.00195
0.00252
0
0.000546667
0
0.000356667
0
0
0
0
0
0
0
0.000386667
0.0117267
0
0.0673067
0.01542
0.0728133
0.05683
0.0339167
0.06238
0.0129
0.00339333
0.00100667
0.03685
0.00566
0.00459667
0.00227333
0
0.00358667
0
0.02501
0.0166567
0
0
0.03997
0.0523967
0
0
0
0.0334833
0
0
0
0.00218667
0.00209333
0
0.0405367
0
0.0809367
0.07094
0.0108
0.01277
0.03017
0.0233067
0.02921
0.01377
0.0274767
0.0233533
0.0287367
0.03164
0.0216133
0.0192633
0.0298033
0.02843
0.000503333
0.00240333
0
0.0019
0
0.06047
0
0.07218
0.05559
0
0.0197867
0
0.00722333
0
0.00168
0.00321333
0
0.00309333
0.0228367
0.0318867
0.04827
0.00206667
0.032
0.0299267
0.00402333
0.00395667
0.00195667
0.0312267
0.002
0.00494667
0.0452267
0.0387567
0.0677133
0.06295
0.04547
0.07098
0.0928867
0.0539667
0.0179
0.0191033
0.0344267
0.000956667
0.0103467
0.000496667
0.00416333
0.0003
0
0
0
0
0
0
0
0
0
0
0
0
0
0
0
0
0
0
0.00018
0
0
0
0.00752667
0
0
0
0.0345433
0.0338133
0
0
0.04786
0
0
0.104913
0.000206667
0.103427
0.04307
0.0165667
0.0291067
0.0315133
0.06151
0.0101633
0.0205733
0.0115533
0.00542
0.02053
0.0154867
0.01718
0.157233
0.11627
0.11145
0.103317
0.126727
0.0810333
0.14246
0.129603
0.124543
0.141133
0.169003
0.175263
0.14143
0.0438467
0.0462267
0.0705567
0.259583
0.253273
0.0995167
0.04041
0.04815
0.0700733
0.06054
0.0835867
0.06128
0.136917
0.228157
0.322953
0.23036
0.11356
0.08904
0.0146267
0.01391
0.0533867
0.10636
0.00643333
0.00803667
0.0385533
0.06988
0.183847
0.281753
0.19547
0.00967333
0.0018
0.134653
0.219667
0.161257
0.174497
0.116753
0.160497
0.163607
0.0477167
0.07046
0.00881667
0.0387267
0.00895
0.00369
0.00305
0.00511667
0.000816667
0.000323333
0.000323333
0
0.0264167
0.03479
0.116057
0.262907
0.205523
0.14265
0.122017
0.08474
0.00222667
0.00240333
0.03954
0.04448
0
0
0.00233333
0.00787
0.01823
0.0367767
0.143267
0.205103
0.226607
0.197773
0.116
0.107083
0.0601933
0.0584833
0.000176667
0.00734333
0.00716667
0.00747
0.00716667
0.00413667
0.0282767
0.01972
0.0604267
0.0657233
0.0964833
0.147997
0.151843
0.0227867
0
0.07728
0.0929833
0.10689
0.0965667
0.0815433
0.0634933
0.0682267
0.0245733
0.0254567
0.00830667
0.00734667
0
0
0
0.0660633
0.0490867
0.0656833
0.0468133
0.00742333
0.00131333
0.000606667
0.000606667
0
0.0185833
0.01388
0.0255133
0.0185567
0.0218067
0.00967667
0.00639667
0.000606667
0.000606667
0.00286
0.00364333
0.00614
0.00356667
0
0
0
0
0
0
0
0.00019
0
0.00019
0
0
0
0
0
0
0
0
0
0
0
0
0
0.0267633
0
0.0548533
0.00358333
0.06752
0.07373
0.0162767
0.0575333
0.03091
0.0625967
0.04143
0.0118933
0.01336
0
0
0.0534233
0.0369833
0.00602
0.00221
0
0.0025
0.00317
0.00317
0.0248233
0.0105033
0.0602033
0.0409833
0
0
0.04185
0
0
0.0130867
0
0
0.0134433
0.000276667
0.000276667
0.0305067
0.00843667
0.0232333
0.00613667
0.00490667
0.00370333
0.000696667
0.00339667
0.00063
0.00553333
0.01648
0.00230333
0.00230333
0.05581
0
0.04749
0
0.0429767
0
0.01515
0
0.0402267
0.0709433
0
0
0
0
0
0
0
0
0.0677367
0.05257
0.00206667
0.03103
0.0146767
0
0.0122067
0
0.0110867
0.0254767
0.02199
0.03402
0.0288267
0.100207
0.0773133
0.0519833
0.0541767
0.02513
0.0526
0.0557567
0.04493
0.00324333
0.0111733
0.0262467
0.000826667
0.00241667
0.00159
0.000523333
0.00102
0
0
0
0
0
0
0.00404
0
0
0
0
0.01756
0
0
0
0
0
0
0
0
0.02391
0
0
0.0273733
0
0
0.0606867
0
0
0.232167
0.22007
0
0.260347
0.0025
0.220213
0.0159833
0.02559
0.190013
0.0592633
0.05617
0.0471033
0.0349033
0.0654967
0.0274267
0.03961
0.0207233
0.0315467
0.0347933
0.00609667
0.00416333
0.00077
0.00077
0.000493333
0.000553333
0.000686667
0.0160267
0.0164167
0.0446767
0
0
0.000303333
0.000553333
0
0
0.00180333
0
0
0.00272667
0.0257067
0.0110467
0.0511167
0
0
0.0368167
0.03606
0
0
0.00941333
0.00891333
0
0.000783333
0.00135
0
0
0
0
0
0
0
0
0
0
0
0
0
0
0
0
0
0
0
0
0.0154233
0.01609
0.04418
0.03835
0.00554
0.00358333
0.0552333
0.0282267
0.0182233
0.0182333
0.0201
0.01559
0.02629
0.0314367
0.0147167
0.00242
0.0144567
0
0.000953333
0.02249
0.00400333
0
0
0.000483333
0.000226667
0.00096
0
0
0
0.0115267
0.00198333
0
0.0267267
0.01159
0
0
0.0547633
0.0270233
0
0
0.0496033
0.0482233
0
0.01122
0.02084
0.0114833
0
0.000553333
0.00353667
0.01341
0.0114833
0.01142
0.00192667
0.0426733
0.0528667
0.00421
0
0.06134
0
0
0.0193633
0.0327667
0.00024
0.00083
0.00618667
0.0332833
0.0180233
0.0620733
0.05713
0.04593
0.04144
0
0.0404667
0
0
0.06708
0.0977967
0.08572
0
0
0.06343
0
0
0.0484433
0.01131
0
0
0.00589333
0
0.00321333
0.00414
0.0206533
0
0.03912
0
0
0.0676367
0
0
0
0
0.00236667
0
0
0.00210667
0.00982333
0.00814
0.00271
0.0108533
0.0179633
0.0574367
0.02269
0.0247167
0.0179667
0.0655833
0.08647
0.0177633
0.08429
0.0734633
0.06609
0.000826667
0.00165333
0.00221667
0.0534933
0.0619733
0
0.000826667
0.00158333
0.01783
0
0
0.00123667
0
0
0
0
0.000353333
0
0
0
0
0
0
0
0
0
0
0
0
0
0
0
0
0
0.000873333
0.000873333
0.000873333
0
0.0227567
0
0.0385367
0.02981
0
0.0211667
0.0470833
0
0.0969167
0
0
0.09582
0.46471
0
0.615897
0.42363
0.00229333
0.384983
0.235917
0.10423
0.0547733
0.0831633
0.06243
0.00684667
0.0207733
0.06489
0.0487667
0.0720767
0.05631
0.0606233
0.00682
0.0345833
0.00293333
0
0.0005
0.02852
0.01343
0
0
0
0.00025
0
0.000923333
0
0
0.000923333
0.00924333
0.000923333
0.00960333
0
0
0.00185
0.00241667
0
0
0.000566667
0.00113333
0
0
0
0
0
0
0
0
0
0
0
0
0
0
0
0
0
0
0
0
0
0
0
0
0
0
0
0
0
0
0
0
0.00222
0.00222
0.000666667
0.000666667
0.00454667
0.00222
0.01026
0.0106767
0.00548333
0.00428333
0.01176
0.00606333
0.00702333
0.00673
0.00644667
0.01815
0.0134033
0.00781667
0.02629
0.0138533
0.00445
0.01361
0.0214133
0.00190667
0.0147933
0.00371
0.0346567
0.01897
0
0.000953333
0.000256667
0.000256667
0
0
0
0
0.00102333
0
0
0
0.00204667
0.00102333
0
0.0119367
0.00209667
0.02065
0.0121033
0.00807667
0.00807667
0.0166767
0.00962
0.01068
0.00208
0
0.00208
0.000276667
0.00326
0
0.0053
0
0
0.03683
0
0.04481
0.0591267
0
0
0.01959
0.00059
0.00295667
0
0.0202967
0
0.0306133
0
0
0.0194133
0
0
0.0558933
0
0
0.0336033
0
0.0130733
0.00576667
0
0.00127667
0
0.01779
0.0180067
0
0
0.0206333
0.05052
0
0.0385833
0.00741
0
0.00504333
0.000466667
0
0.00026
0
0.000656667
0
0
0
0.00234
0.00234
0.00305
0.0036
0.00244667
0.00271333
0.0176467
0.00242
0.07466
0.06852
0
0.0910033
0.0994833
0.09229
0
0
0.0284067
0.0441567
0
0
0
0
0
0
0
0
0
0
0
0
0
0
0
0
0.00939
0.00883
0.00939
0.000313333
0.000313333
0
0.01272
0
0
0
0.05788
0
0
0.151603
0
0
0.371933
0.344137
0
0
0.541547
0
0.732517
0.61037
0.455103
0.0121067
0.00981333
0.336237
0.0109033
0.02299
0.0163733
0.10245
0.0327533
0.0719933
0.02169
0.0450367
0.0157367
0.04989
0.04331
0.0370467
0.00900667
0.00265667
0
0.00025
0.01318
0.00025
0.02185
0
0
0
0
0
0
0
0
0.000566667
0
0
0.000566667
0.000566667
0
0
0
0
0
0
0
0
0
0
0
0
0
0
0
0
0
0
0
0
0
0
0
0
0
0
0
0
0
0
0.01234
0
0
0.0412567
0.0146667
0.00108333
0.00298333
0.0601867
0.0323367
0.00688
0.0185833
0.0439667
0.0336267
0.03823
0.02295
0.0586267
0.0576067
0.06277
0.0666567
0.05718
0.02285
0.02347
0.06617
0.0332167
0.0157467
0.00380667
0.000953333
0.00360667
0.00180333
0.00205667
0
0
0
0
0
0
0
0
0
0
0
0
0
0.00107333
0
0.00190667
0.00226333
0.00107333
0.0163633
0.0101933
0.01081
0.00119
0.0306633
0.0309767
0.00962
0.02498
0
0
0.0192133
0
0
0.00491333
0
0
0.00283333
0
0
0
0.00231667
0
0
0
0.0158733
0.00491
0.03019
0
0
0.0197067
0
0.0171133
0.00048
0.00147
0
0.00398333
0.00502667
0
0
0.01014
0.00794
0
0
0.0343633
0.0304233
0
0
0
0.0374167
0.00936
0
0.00730667
0
0
0
0
0
0
0
0
0
0.00149333
0
0
0.00412
0.00262667
0
0.00262667
0
0.00283333
0
0
0.000206667
0
0
0.000206667
0
0
0
0
0
0
0.000656667
0.000656667
0
0
0.000656667
0.01364
0.00216667
0.01336
0.0183433
0.0205067
0.03115
0.00139
0.0404933
0.0204167
0.0357267
0.02035
0.00139
0.0523067
0.0244967
0
0
0
0
0
0.0406933
0.08164
0
0
0
0
0
0.000296667
0
0.000346667
0
0
0.0140467
0.000296667
0.00959
0.0181067
0.0341333
0.0248567
0.0166867
0.00066
0.000346667
0.0281633
0
0.02772
0
0.0662733
0.0806533
0
0.0778767
0
0.0954033
0.355773
0.524373
0.737943
0
0.777727
0
0.523667
0.262383
0.23022
0.0038
0.11117
0.00699667
0.0668233
0.02369
0.05599
0.0316633
0.00958667
0.01606
0.0103767
0.00635
0.00714
0
0
0.000213333
0.00088
0
0
0
0
0
0
0
0
0
0
0
0
0
0
0
0
0
0
0
0
0
0
0
0
0
0
0
0
0
0
0
0
0
0
0
0.000793333
0.000793333
0
0
0
0.0276067
0.0109133
0
0
0.07568
0.0556233
0.0019
0.0146867
0.01238
0.0238033
0.0532567
0.0352733
0.0372867
0.0474033
0.06305
0.0928
0.0597067
0.0412633
0.0655333
0.09617
0.0991467
0.139563
0.148863
0.10007
0.09226
0.0658033
0.0870067
0.0588467
0.0970833
0.09245
0.06508
0.137513
0.08826
0.0217333
0.0520633
0.0446967
0.0530367
0.0190133
0.01387
0.00904
0.00749667
0.00085
0
0.00205667
0
0
0
0
0
0
0
0
0
0.00190667
0
0
0.0200767
0.01179
0
0
0.04673
0.0511467
0
0
0.02792
0.0536467
0
0.00283333
0.01362
0
0
0
0
0.00259333
0
0.00259333
0
0
0.00307333
0
0
0.00048
0.00048
0.00088
0.00088
0
0.00251333
0
0.00163333
0
0.00194667
0
0.00102
0
0.00307333
0
0
0.00276
0.00205333
0
0
0
0
0
0
0
0
0
0
0
0
0
0
0
0
0
0
0
0
0
0
0
0
0
0
0
0
0
0
0
0
0
0
0
0.00216667
0
0.0376233
0.0672967
0.0589267
0.0181433
0.0462
0.00695
0
0
0
0
0
0.00432667
0.00232
0.0205833
0.00506667
0.000283333
0
0
0.00374
0.00186333
0.000283333
0
0
0
0
0
0.0705
0.0331733
0
0.000283333
0
0
0
0.000296667
0.000296667
0.000346667
0
0
0.125553
0.100357
0
0.01388
0.0231733
0.0520733
0.0545167
0.0480867
0.00385333
0.0195333
0.000693333
0
0
0
0
0
0
0
0.0535167
0
0.0498067
0.100867
0
0
0.140907
0
0
0.358557
0
0.361893
0.567493
0
0.43558
0.130253
0.00465
0.0593133
0.01679
0.0155333
0.0454233
0.03355
0.0655733
0.0705467
0.00145667
0.00079
0.00079
0
0
0
0
0.000213333
0.00633667
0.00567
0
0.000286667
0.000286667
0.000286667
0
0.00021
0.00021
0.00585333
0
0
0.00154667
0
0.00154667
0
0.000266667
0.00181333
0
0
0
0
0
0
0
0
0
0
0
0
0
0
0
0
0
0
0
0
0
0
0
0
0
0.000793333
0
0
0.0170833
0.0174867
0
0
0
0
0.0596033
0.00136333
0.00244
0.0281967
0.01899
0.05445
0.00799667
0.0179367
0.0117
0.0265933
0.02726
0.06747
0.101193
0.0628833
0.163737
0.153497
0.0948733
0.15053
0.163393
0.1425
0.144767
0.0765233
0.134307
0.0248967
0.0813367
0.07998
0.0762633
0.0465633
0.0685067
0.03976
0.03581
0.00685333
0.0104533
0.00855667
0.00787667
0.00085
0.00232
0.0142833
0.00240667
0.00682333
0.00248
0.00297
0.00205667
0
0
0
0
0
0
0
0
0
0
0
0
0
0
0
0
0
0.00172667
0.01161
0
0
0.0245933
0.0514267
0.0512333
0
0
0.0490367
0.0224067
0
0
0.0107867
0.0127167
0
0
0
0
0
0
0
0
0
0
0
0
0
0
0
0
0
0
0
0
0.000706667
0
0.000706667
0
0
0.000706667
0
0
0
0
0
0
0
0
0
0
0
0
0
0
0
0
0
0
0
0
0
0
0
0
0
0
0
0
0
0
0
0
0
0
0
0
0
0.02336
0.0531133
0.0487233
0.0187833
0
0
0
0
0
0
0.00302667
0.00255667
0.00379667
0.0160967
0
0
0
0
0
0.0459633
0.00418
0.00795667
0.00238
0.0314033
0.01388
0.0595267
0.0706067
0.0709267
0.0189667
0.0459633
0.00225
0.00541
0.000346667
0.103187
0
0.00209667
0.105423
0
0.0909567
0.10767
0
0.116877
0.13059
0
0.0728167
0
0
0
0.0491533
0
0.0720633
0.112757
0
0.161807
0
0.160463
0
0
0.08258
0.152097
0.00194
0.00194
0.108053
0.0246433
0.0379167
0.0421733
0.0722833
0.0689
0.10037
0.00725333
0.00179667
0.00113
0
0
0
0
0.00638333
0.01163
0.02695
0.0319933
0.00398667
0.02435
0.00285667
0.00178
0.00206667
0.00763333
0.00213667
0.00831
0.0210367
0.01835
0.0192567
0.0152367
0
0.00192667
0.03933
0
0
0.00192667
0.0259067
0.0252433
0.00115
0
0
0.000883333
0
0
0.000883333
0
0
0
0
0
0
0
0
0
0
0
0.000163333
0
0.000163333
0.000326667
0
0
0.000163333
0
0.000163333
0.00039
0
0
0
0.0131233
0.0298167
0.00128333
0.00128333
0.00392333
0.0166567
0.00236
0.00742667
0.0127333
0.0178
0.01269
0.0257833
0.0143333
0.00769667
0.0112233
0.00745
0.0633333
0.0518833
0.05416
0.0230667
0.01375
0.0475433
0.04247
0.00337333
0.0145267
0.01611
0.0175533
0
0.000936667
0.00187333
0.000936667
0.00774
0.000936667
0.02845
0.0256733
0.01452
0.0119733
0
0
0
0
0.0122967
0.0154667
0.000323333
0
0
0.000323333
0
0.00172667
0
0.01471
0
0
0.02342
0.01373
0
0
0
0
0.00016
0.00193
0
0
0
0.00016
0
0
0
0
0
0
0
0
0
0
0
0
0
0
0
0
0
0
0
0
0
0
0
0
0
0
0
0
0
0
0
0
0
0
0
0
0
0
0
0
0
0
0
0
0
0
0
0
0
0
0
0
0
0
0
0
0
0
0
0
0
0
0
0
0
0
0
0
0
0
0
0
0
0
0
0
0
0
0.0200467
0.0305833
0.00129333
0.00319667
0
0
0
0
0
0
0.00332667
0.0059
0.0361233
0.0495267
0.06067
0.0325433
0.01782
0.0328033
0.0609267
0.0536433
0.04152
0.0525633
0.0328867
0.00068
0.00068
0
0
0.0212667
0.06946
0.0786433
0.00453667
0.106253
0
0.00244
0
0
0.10004
0.0422667
0
0.0161867
0.0169433
0
0.0660667
0
0.08412
0.139167
0.134487
0.0326267
0.00194
0.0224533
0.0283633
0.0065
0.0366733
0.01832
0.0233133
0.0597467
0.0854733
0.11197
0.0587533
0.0554367
0.03697
0.00475333
0.00223667
0.00322
0.00466
0.0394667
0.0697567
0.0419
0.0100233
0.0534267
0.07464
0.00499667
0.0363633
0.0442467
0.0983067
0.102477
0.00345667
0.158847
0.12539
0.0860633
0.05009
0.000723333
0.00111
0.0495867
0.109847
0.0291567
0.000723333
0.0303967
0.00404333
0
0.00577667
0.00908333
0.00316
0
0
0.00505333
0.00605667
0.000786667
0.00671
0
0
0.00100333
0
0.00617667
0.000786667
0
0.000326667
0.00533667
0.01024
0
0.00506667
0
0
0.00572667
0
0.00039
0.000823333
0.00971333
0.00327
0.000866667
0.000866667
0
0
0.00039
0.00244667
0.00889
0.0166467
0.00979333
0.0102033
0
0
0.00459
0.00459
0.00335
0
0.00680333
0.00811667
0.00131333
0.00131333
0.0015
0.00377
0.0187967
0
0
0
0
0
0
0.0015
0.0165267
0.0547233
0.05167
0.0436867
0
0
0
0
0.00212667
0.00212667
0.03328
0.00506
0.00189
0
0
0.00156667
0
0
0
0.000276667
0
0.000746667
0.000243333
0.00052
0.000746667
0.000746667
0.0104367
0.0002
0.000443333
0.01162
0.00036
0
0.00193
0.00339
0
0.00032
0.00032
0.00319
0.00157667
0.00016
0.00016
0.00157667
0
0
0
0.00157667
0
0
0
0
0
0
0
0
0
0
0
0
0
0
0
0
0
0.00781
0.00781
0
0
0.0102833
0
0.00247333
0
0.00293333
0
0
0.00046
0
0.00113
0.00046
0
0
0.00067
0
0
0
0
0
0
0
0
0
0
0
0
0
0
0
0
0
0
0
0
0
0.00272
0
0
0
0.00272
0
0
0
0
0.00069
0
0
0
0.00069
0.00069
0
0
0
0.00254667
0.0078
0.00176
0.00984667
0
0
0
0
0
0.00044
0.0107567
0.00550333
0.0428767
0.0547033
0.0692767
0.0290167
0.03801
0.00938
0.00808667
0
0
0.03268
0.0202767
0
0
0
0
0
0
0
0.00257333
0.00442333
0.0211533
0.02102
0.00445667
0.00873667
0
0.00429
0.0512833
0.0236733
0
0.00244
0.100127
0.04291
0
0.0737133
0
0
0.0766267
0.000343333
0
0.0259267
0.000186667
0.00053
0.02326
0.000186667
0.02278
0.0194467
0
0.04566
0
0
0.0741233
0
0.0503467
0.0556633
0.0316867
0
0.03127
0.00912
0.00456
0.0427533
0.0160533
0.06057
0.0858
0.0616633
0.0767567
0.0531767
0.0230767
0.0102433
0.00556667
0.0444767
0.0588333
0.0689367
0.0288633
0.0188
0.125177
0.180637
0.20303
0.0278533
0.126643
0.11582
0.04876
0.116227
0.165773
0.00616333
0.0298367
0.08681
0.17083
0.229477
0.17248
0.252857
0.207067
0.215037
0.1424
0.0672833
0.26466
0.33413
0.427187
0.0148967
0.0712533
0.130023
0.23941
0.35303
0.471337
0.433187
0.345007
0.283727
0.199547
0.106383
0.0467567
0.434503
0.38775
0.25438
0.238537
0.1223
0.0743267
0.0150167
0.04799
0.10664
0.16412
0.301123
0.318693
0.00877667
0.000786667
0.0440533
0.118643
0.145377
0.208423
0.190863
0.144347
0.0936
0.0667133
0.0179533
0.00799
0
0.0572267
0.126893
0.143423
0.0457067
0.01083
0.000866667
0.0240733
0.0256133
0.0726267
0.0895667
0.0425967
0.0611333
0.00772
0.0122267
0.0101
0.01845
0.00835
0.00835
0.0150267
0.0183767
0.04692
0.00019
0.00231667
0.0124167
0.02715
0.01705
0.01037
0.00502
0.0328167
0.03064
0.0312833
0.00274
0
0.00019
0.00209667
0.00117333
0.00117333
0.000276667
0
0
0
0
0
0.00087
0.000593333
0
0.01334
0.01369
0
0
0
0
0.01429
0.02691
0.00126333
0.00387667
0.00261333
0.00261333
0.0170767
0.04619
0.05598
0.0127633
0.0117267
0.00484333
0.0341567
0.0306267
0.00181333
0.0204767
0.00181333
0.0190667
0.000166667
0
0
0
0.000166667
0.000166667
0
0
0
0
0
0
0
0
0.00407333
0
0
0.0126933
0.01643
0
0
0.05707
0.0189033
0
0
0.0675
0.0255967
0
0.0779333
0.0174367
0
0.0342267
0.0156333
0
0
0.0205033
0
0
0.00145
0.00078
0.00078
0
0.00316333
0
0.00417333
0.00101
0
0.00101
0
0.0175967
0.00101
0.0165867
0.00069
0
0
0.00341
0
0
0
0
0
0.0357333
0
0
0.04502
0.0136967
0.03637
0.0337033
0
0
0
0.000283333
0.00435667
0.00335667
0
0.00239
0.00210667
0.00525667
0.04082
0.00617
0.0061
0.00169
0.0102267
0.04068
0.0715433
0.0883133
0.0904033
0.0623733
0.0444967
0.00428
0
0
0
0.00185
0.00185
0.0105767
0.00482333
0.00428
0
0
0.0115633
0.000343333
0.000343333
0.0112867
0.000686667
0.000343333
0.000716667
0.000373333
0.03638
0.04957
0.0621833
0
0.0725933
0.0440633
0
0.0327433
0.01505
0.0248067
0.0114933
0.0802733
0.07409
0.0536267
0.02949
0.0228667
0.0534933
0.0496167
0.05298
0.0238333
0.0250433
0.01493
0.0141833
0.0025
0.0150767
0.0190733
0.04758
0.0619
0.0533167
0.0610267
0.0460067
0.0169867
0.00707667
0.000593333
0.00231
0.00649667
0.0428733
0.01293
0.00677667
0
0
0.000593333
0.00703
0
0.000253333
0.0297133
0.01657
0.0168933
0
0
0.0584333
0.00199667
0.00326
0.04857
0.0209333
0.02155
0.0304367
0.0340467
0.03519
0.0476733
0.0467233
0.00473333
0.0422167
0.00181333
0.00292
0.0336133
0.0215633
0
0
0.0149467
0
0
0.00273
0.00266333
0.000166667
0
0
0
0
0
0
0
0.00407333
0.00407333
0
0
0.0293433
0.07372
0
0
0.0528
0.0887
0
0
0.0198333
0.02753
0
0.000203333
0.00339333
0.0191433
0
0.00078
0.00078
0.00336667
0.0212
0.0337867
0
0.0220067
0.05017
0.03543
0.0651433
0
0
0.0595367
0
0.02897
0.01523
0.00069
0.00069
0.0188267
0.00508667
0.00284667
0.01976
0.0176567
0
0
0
0.0253833
0.0203767
0
0
0
0
0.03405
0.06144
0.0527
0
0
0
0.000513333
0.00262
0.0137933
0.0219967
0.0538133
0
0.0242333
0.04233
0.0218533
0.0209433
0.0242167
0.00729667
0.0122267
0.000283333
0.00315
0.00338
0.0394967
0.0582433
0.09238
0.0748733
0.05767
0
0
0
0
0
0
0.000886667
0.00195333
0.00284
0.00195333
0.00673333
0.00512333
0.02208
0.00542333
0.00986
0.0562667
0.0227233
0.0524767
0.0181733
0.06341
0.00280333
0.0204467
0.00261667
0.0957267
0
0.127553
0.0918067
0
0.0870533
0
0.03285
0.0255033
0.0351533
0.0625633
0.0157533
0.00908333
0.05107
0.0645033
0.0529967
0.0668733
0.0830333
0.0705
0.00418667
0.0202533
0.0215333
0.0408433
0.00027
0.00027
0
0.00113333
0.0066
0.0408733
0.0226967
0.06261
0.0449267
0.0468167
0.0440733
0.0102933
0.00703
0.000253333
0
0.00351667
0.0130367
0
0.000253333
0.000253333
0
0.00199667
0.0192567
0.01657
0.00027
0.00027
0.00336667
0.0045
0
0
0
0
0.00257
0.0202433
0
0.00336667
0
0
0
0.000573333
0.0293467
0.00587667
0.00295667
0
0
0.000303333
0.00233333
0.00260333
0.0137033
0.00292
0
0.00575333
0.00634
0.01402
0.0242067
0
0
0.00822
0.00499
0.0132967
0.01264
0
0.0041
0.000423333
0.000233333
0
0.00109333
0.00500333
0
0
0
0
0
0
0.00109333
0
0
0
0
0
0
0.00322
0.00046
0.02803
0.00573333
0
0
0.00122
0.01375
0.0365067
0
0.00251333
0.01099
0.000173333
0.00139333
0.00139333
0.00847667
0.00336333
0.00678
0.00359
0
0.0223567
0.00891667
0.0246667
0.00819667
0
0.0540567
0.02465
0.05476
0.0204767
0
0
0.0204233
0.01462
0
0
0
0.0594033
0.0294433
0.0219433
0.0152467
0.00744333
0.0434
0
0
0
0
0.0048
0.0432033
0.0124067
0.05398
0.00279333
0.00279333
0.00284667
0.0243667
0.0116367
0.0184
0.0155867
0.00615
0
0
0.00562333
0.00841667
0.00215333
0.00048
0.00048
0
0
0.01146
0.0170833
0.00118333
0.00118333
0.00285667
0.00167333
0.00167333
0.00210667
0.00210667
0.00324333
0.00113667
0.0125967
0.00082
0.00195
0.00113
0.00113
0.00113333
0.00141
0.01388
0.0177733
0.03433
0.0205567
0.0685167
0.0504433
0.04384
0.0693433
0.0304533
0.0647333
0.00261667
0.01281
0.100387
0.157193
0
0.1146
0.0802067
0.0373233
0.000263333
0.0219033
0.05075
0.0122733
0.04621
0.06069
0.0412967
0.0540267
0.0879667
0.05043
0.0153567
0.00583667
0.109123
0.0781633
0.00634667
0.00051
0.00593667
0.0427333
0.0709633
0.105647
0.0855567
0.0606033
0.0497333
0.01299
0.0007
0.000493333
0
0
0.00257
0.00754667
0.0391433
0.0569767
0.0687067
0.0284533
0.0117467
0.00715333
0.0007
0.00744333
0.0106733
0
0
0.00025
0.00291667
0.00764333
0.0392233
0.05696
0.0422133
0.00714
0.0253833
0.0223433
0
0
0.00025
0.00849667
0.0294833
0.0554833
0.09475
0.0955833
0.0682733
0.0824533
0.0519967
0.0174133
0.0320233
0.0266633
0
0
0.00025
0.00583
0.0825467
0.0974167
0.0606167
0.0559167
0.05006
0.0200167
0
0.00749
0.0287267
0.108997
0.0820967
0.07729
0.0625667
0.0400367
0
0
0
0.00257
0.00448
0.0673033
0.0335333
0.00608333
0.00109333
0.0215967
0.0771
0.00991
0.00499
0.00297667
0.00297667
0.0216267
0.02122
0.0383367
0.06436
0.0386733
0.00525333
0
0
0.00046
0.07828
0.05257
0.000333333
0
0.00297333
0.00419667
0.0228467
0.0328933
0.06271
0.09072
0.0209767
0.00216
0
0.00251333
0.0459767
0.0640433
0.0337167
0.03763
0.00209333
0.000266667
0.00147333
0.0144967
0.0156233
0.0172867
0.00262667
0.00426333
0.0642067
0.03157
0.01485
0.000266667
0
0.0026
0.00234667
0.00184667
0.00175667
0.00200667
0.00802667
0.0698167
0.07539
0.0597733
0.0255767
0.01329
0.000533333
0
0.00295
0.00295
0.00136
0.00249667
0.00767667
0.03589
0.0322
0.0442167
0.0158433
0.01282
0.000266667
0.000266667
0
0.00402333
0.00268667
0.0216067
0.03317
0.01422
0.01362
0.0133367
0.03112
0.06526
0.0505833
0.0178933
0.00497
0.00382667
0.00329
0.00329
0
0
0.0605567
0.0831333
0
0
0.0767533
0.0499533
0.0416567
0.00891
0.00491333
0.00048
0
0.01392
0.01338
0.02123
0.00926
0.00901667
0.01886
0.0287567
0.0329333
0.0242333
0.07066
0.03652
0.05141
0.0459167
0.04803
0.0559
0.0571967
0.0101933
0.0178533
0.0940933
0.139077
0
0.00068
0.07498
0.00027
0.0252333
0.000533333
0.00854333
0.01397
0.00345333
0.159263
0.0528
0.0936567
0.154333
0.19408
0.16269
0.166867
0.355617
0.403547
0.04868
0.210323
0.437257
0.482497
0.271867
0.149763
0.123363
0.258323
0.467893
0.63429
0.6316
0.45163
0.258363
0.116317
0.137337
0.125887
0.321483
0.264033
0.31097
0.112913
0.111527
0.0489433
0.0832967
0.08191
0.0702667
0.01874
0.0382333
0.02807
0.0616467
0.01797
0.0749433
0.0722233
0.0827133
0.0242033
0.130493
0.0879567
0.03018
0.09824
0.04999
0.0336433
0.00936333
0.104137
0.124277
0.00238333
0.09273
0.00095
0.00998333
0.00163667
0.000533333
0.08659
0.13709
0.0383133
0.147573
0.0417767
0.100537
0.16167
0.126367
0.114363
0.09646
0.05773
0.0393867
0.134503
0.120343
0.0283867
0.0746267
0.05724
0.04823
0.0293
0.0295933
0.0235933
0.00425333
0.00356667
0.131763
