0
0
0.0269233
0.00675333
0.000563333
0
0.00036
0.00245667
0.00224
0
0
0
0
0
0
0
0.000643333
0.00086
0.02287
0.00357
0.00133
0.00133
0
0
0
0
0
0
0
0
0.000933333
0.0235567
0
0
0
0
0.0101033
0.0265033
0.0234333
0.00344667
0.00211667
0
0
0
0.00651
0.00991333
0.01888
0.04609
0.0353533
0.0187433
0.0110767
0.0077
0.00558333
0.00584667
0.000263333
0.000263333
0
0
0
0
0.000743333
0.00143667
0.0106067
0.0142367
0.0489733
0.148317
0.00639667
0.00613333
0
0
0.00693333
0.0152833
0.00256
0.106233
0.0773567
0.21897
0.276823
0.03946
0.0405933
0
0.000643333
0.0688067
0.0520867
0.03017
0.221777
0.101723
0.0351033
0.0076
0.00824
0.00267667
0.00256
0.103847
0.201253
0.214147
0.00243
0
0.0424067
0.0174
0.12736
0.0910067
0.274403
0.0453267
0.21671
0.0280767
0.00178667
0.00178667
0.000643333
0.0844633
0.00464333
0.00285667
0.0255167
0.130313
0.231523
0.01198
0.06145
0
0
0.0298
0.0031
0.06104
0.18141
0.229817
0.1021
0.03689
0.0132333
0.00017
0.0567733
0.0863233
0.0877467
0.0977733
0.05844
0.01668
0.0114467
0
0.000676667
0.000296667
0.00631333
0.0291967
0.03892
0.03779
0.0889033
0.101287
0.131887
0.0809
0.00523333
0
0
0
0.00017
0.00357667
0.00497333
0.06227
0.0428333
0.0308633
0.0053
0
0.000293333
0.0251533
0.0242667
0.04025
0.02116
0.01836
0.00183333
0.000743333
0
0
0
0.00400667
0.00492667
0.00138333
0.00109
0
0
0.02439
0.0143767
0.00447
0.0267067
0.0112367
0.13896
0.272587
0.219357
0.255973
0.271307
0.107543
0.01748
0.03434
0.126737
0.415727
0.49537
0.388847
0.042
0.05855
0.300897
0.282563
0.0719933
0.09576
0.248973
0.322113
0.45368
0.358413
0.107777
0.0243867
0.174817
0.149953
0.201983
0.114803
0.02741
0.08586
0.0465733
0.00978
0.00022
0.0006
0.000583333
0.000316667
0.000553333
0
0.000553333
0.000553333
0
0
0
0
0.00115333
0.00029
0
0
0.00674333
0
0
0
0
0.0160433
0
0
0.00199
0
0.0085
0.0132633
0
0.000143333
0
0
0
0
0
0
0.00804
0.0022
0.000563333
0.0169467
0.00036
0.0134767
0.0226133
0
0.0281333
0.00012
0.00029
0.00134
0.0340567
0
0
0
0
0
0
0
0.00106333
0.00081
0
0
0
0
0.000393333
0.0343533
0
0
0
0.00206667
0
0.04132
0
0
0
0.00012
0
0
0
0
0
0.0495867
0.03346
0.000216667
0.00038
0
0
0
0
0
0
0
0.0382567
0.0287833
0
0
0
0.0211033
0.000463333
0
0
0
0
0.00800667
0.0349833
0.0387233
0.0121233
0
0.0162333
0
0
0.000103333
0
0.000296667
0
0
0
0.00333667
0
0
0
0.000103333
0
0.00012
0.00012
0
0.0143133
0
0
0
0
0
0
0
0
0
0.00425667
0.000713333
0.00455
0.00017
0
0.000293333
0
0
0
0
0
0
0
0
0
0
0
0
0
0
0
0
0
0
0
0
0
0
0
0
0
0
0.00337
0.000686667
0.00377333
0.00197667
0.000226667
0.0515967
0.0780067
0.101047
0.102683
0.142003
0.0123433
0.0173833
0.0637
0.06869
0.0871433
0.11579
0.135023
0.16283
0.168173
0.0538867
0.0342767
0.111293
0.0480767
0.05
0.15382
0.159163
0.136087
0.14392
0.101167
0.03964
0.0323133
0.0713967
0.0309767
0.0132233
0.00656
0.01348
0.0224567
0.0715167
0.0332467
0.00785
0.03143
0.0535933
0.05891
0.04468
0.00801667
0.01709
0.09193
0.06466
0.0501667
0.00370333
0.00565333
0.01914
0.0311667
0.0799433
0.00939333
0.00168667
0.0279767
0.03951
0.01758
0.0445267
0.0219433
0.00275
0.00384333
0.03429
0.0495733
0.0132867
0.000953333
0.0133333
0.06226
0.00532667
0.0460467
0.0619633
0.0165533
0.0616
0.0197767
0.02881
0.00402
0.0273233
0.0158367
0.09462
0.03004
0.0277067
0.0341133
0.0475333
0.02444
0
0.00484333
0.0290567
0.0285533
0.0412467
0.157253
0.097
0.13914
0.0367533
0.0250767
0.06593
0.135253
0.126363
0.113267
0.00270333
0.00419667
0.00419333
0.01396
0.0216867
0.0326633
0.03222
0.0325367
0.0226733
0.00542667
0.00515
0.0306833
0.0425
0.0256167
0.0157533
0.0136533
0.0117567
0.0097
0.00260333
0.0806067
0.103217
0
0
0.00128333
0.00545
0.00738333
0.00204667
0.00646667
0
0
0
0
0
0
0
0.000563333
0
0
0.0107833
0.02251
0
0
0
0.00404667
0
0
0
0.0598167
0.05861
0.00606667
0.0247767
0.00707333
0.00316667
0
0
0.0312667
0.00963667
0
0
0.00013
0.0395533
0
0.0210267
0
0
0
0
0.00118667
0.00143
0.0046
0.00337667
0.000206667
0.00837333
0.00914333
0.00370333
0.0296867
0
0.0018
0.00685
0.00321
0
0.00608333
0.0264933
0.0376467
0
0
0.00037
0.000486667
0.00253667
0.000113333
0
0.00314
0.000373333
0
0
0.00026
0
0.00959667
0
0.00113667
0
0.00375333
0
0
0
0
0
0.00506667
0
0
0.00156
0.00277333
0
0
0.02146
0
0
0
0
0
0
0
0
0
0
0
0
0
0
0.00116333
0
0
0
0.00018
0
0
0
0
0
0.00041
0.00142333
0
0
0
0
0
0
0
0
0
0
0
0
0
0
0.000113333
0.0002
0
0.000106667
0
0.0002
0
0
0.00187667
0.0154867
0.01657
0.0185667
0.0217567
0.000913333
0
0.0105
0.06649
0
0
0.0130433
0.00930333
0.04593
0.0240533
0.000686667
0.0132567
0.0266367
0.0439433
0.0328633
0.03109
0.000886667
0.00246
0.0252067
0.0078
0.0600333
0.0157567
0.04398
0.00696333
0.0434267
0.04836
0.0600233
0.00640333
0.01473
0.0368833
0.00344
0.0209933
0.103733
0.0672
0.00944667
0.00653667
0.000786667
0.0481067
0.0205167
0.0223567
0.00097
0.000486667
0
0.0319867
0.00011
0
0.0103467
0.02865
0.0216067
0.00634
0.00654333
0.00269333
0.01412
0.00353667
0.00771333
0.00978667
0.01467
0.02614
0.01296
0.0493767
0.0202133
0.0389133
0.00167667
0.03867
0.02033
0
0.00651667
0.00506333
0.02229
0.00776333
0.00234
0
0.00366333
0.0108433
0.00123333
0
0.0412767
0.0424
0
0.0236167
0.00658
0.0101
0.00586667
0.00359
0.00241
0
0
0.000166667
0.00239333
0.0107733
0.000313333
0.00048
0.0166833
0.00223
0.00685333
0.00491333
0.02547
0.0651467
0.179297
0.145513
0.0675733
0
0.00861667
0.00177
0.00067
0.00388333
0.00230333
0
0
0
0
0
0
0
0
0
0.00363333
0
0
0.00016
0
0.0335367
0.0104067
0.00737667
0.0381967
0.000716667
0
0
0.00553667
0.0228433
0.0433467
0
0
0
0
0
0.000366667
0.00278667
0
0.000966667
0.00147
0
0.02429
0.00569333
0
0.0141933
0.00272667
0
0.000126667
0.00026
0.00285667
0.00143
0.0291467
0.00965
0.0106867
0.00936333
0.00490667
0.00037
0.0293467
0.00043
0
0.00317
0.00553667
0.00162333
0.00705
0.01054
0
0.0232067
0.00665333
0.00188667
0.00535333
0.00543333
0.0165833
0.0239033
0.00729
0.00401
0.01518
0
0
0.00196
0.01184
0
0
0.00263
0.000296667
0.00757
0
0.00136333
0.0189567
0
0
0
0.0318833
0
0.00018
0.00029
0
0.0041
0.0102633
0
0
0.00217667
0
0
0
0
0
0.00302333
0.02275
0
0
0
0
0
0
0
0
0
0.000983333
0
0
0
0
0
0.00108
0.000296667
0
0
0
0
0.00113667
0
0
0
0.00375
0.0161833
0
0.0362433
0
0.00265333
0.01973
0
0
0.000126667
0
0.0229633
0.00022
0.0168433
0
0
0
0
0
0.00666667
0
0
0
0.00970667
0.0616133
0.00184333
0.00024
0
0.0002
0.0335933
0.00135333
0.00135333
0.000756667
0.00208667
0.0002
0.000583333
0.137067
0
0.00315667
0.01097
0.00129
0.00269333
0.00179667
0.00575333
0.0172567
0.01401
0.03734
0.00314333
0.00562333
0.0432867
0.02009
0.0138267
0.0189133
0.0283433
0.0356233
0.0244567
0.0152767
0.0339967
0
0.000116667
0.0098
0.00688
0
0.0332367
0
0.00135
0
0.0272267
0.03342
0
0.00575667
0
0
0
0
0.00026
0.00954
0
9.66667e-05
9.66667e-05
0.0151933
0.03128
0.0161967
0.0244533
0.0449533
0.00484
0.00373
0.0232633
0.03204
0.01387
0.00424333
0.04392
0.00282667
0
0.0338633
0.000296667
0.01006
0.01843
0.000583333
0.00067
0
0.00968
0.0003
0.0003
0
0.00112333
0.03648
0
0
0
0
0.00289333
0
0
0.01552
0.0318167
0
0.0954633
0.00889333
0
0
0.00921667
0
0
0.0346867
0
0
0.02936
0.0194333
0.00891667
0.00899
0.02477
0
0.00297333
0.0102033
0.00239667
0.000393333
0.0302867
0.00256
0.0334733
0
0.00596667
0.00760667
0.00596
0.0133167
0.0144467
0
0.00349
0
0.00321667
0.00157333
0.0357467
0.00305667
0.0224467
0.02213
0.00017
0
0.0130667
0
0.00277333
0
0.00707667
0.00873667
0.00018
0
0.0033
0.00952
0.00133333
0.00396333
0.0289333
0
0.01378
0
0
0.00013
0.000373333
0
0.0291167
0
0
0.0216167
0
0.000193333
0
0
0.03561
0.02446
0.0006
0.00093
0
0
0
0
0.0303
0
0.00540667
0.00419
0.0176167
0.00618
0
0
0
0.0199867
0.0279367
0.0757167
0.128413
0.00195
0.0805033
0
0.0199367
0.00716667
0.0369267
0.02139
0.00208667
0.04236
0
0.00244
0
0.00543
0.00845333
0.0262167
0.00024
0.00535667
0
0.0362133
0.0170533
0.00066
0
9.66667e-05
0.0111733
0
0
0.00151333
0.00805667
0
0.02868
0.0274967
0.00606
0.00405333
0.01607
0.00986
0.0263567
0.0306
0.0128667
0.0153633
0
0.0337267
0.00222667
0.000123333
9.66667e-05
0
0.00551333
0.00938
0.02989
0.00233333
0.02305
0.0395767
0.02376
0.0198633
0.0277067
0.0395233
0.00911333
0.00981333
0.00244667
0.03496
0.00291667
0.00814
0.01113
0.000116667
0.000223333
0.00287667
0.02924
0
0.000216667
0.0118033
0.00205
0.00894333
0
0.00428
0.00124333
0.0393
0.0156367
0.00219667
0
0.0378567
0.0628167
0.0455433
0.00738667
0.0127167
0.00102667
0
0.01845
0.00328333
0.000713333
0.00282667
0.000263333
0.0233267
0.0109567
0.0139567
0.0059
0.17293
0.0042
0.0327833
0.0101033
0.00067
0
0.0883
0
0.06785
0.00418667
0.00645333
0
0.0299733
0.000593333
0.000876667
0.00629
0
0
0.0808433
0.00012
0.04964
0.00065
0
0
0.00082
0.00322333
0
0
0.00996
0
0.00314333
0
0.00179333
0.0511067
0.00588333
0
0
0.000213333
0
0
0.0172367
0.0344667
0
0
0
0.000126667
0.00815333
0.02742
0.00612333
0.00135333
0
0.00278667
0.00053
0.00057
0.0252533
0.00027
0.0346867
0.00229333
0.00093
0
0.0191033
0
0
0.00157
0.000126667
0.00103333
0.0184933
0.01624
0.00378333
0
0.00241667
0.0278
0.0370767
0.00036
0.00241667
0
0.00018
0.00039
0.01105
0
0.00315667
0.0162733
0
0.02352
0.0452467
0
0.0383567
0
0.00013
0.03635
0
0.000123333
0
0
0
0.03179
0.000123333
0.0212467
0.02136
0
0.0206533
0.00120333
0
0.00350667
0.00373667
0.00290667
0.00350667
0.0116533
0.03118
0.03968
0.0134033
0.000953333
0
0.0203767
0.00556333
0.0146833
0
0.00790333
0.00695
0.000963333
0.00243667
0.00218667
0.0237633
0.0217
0.0250833
0.00371667
0
0.01655
0.0057
0.0344833
0.0527967
0.07726
0.05161
0.0195967
0.0353267
0
0.0407067
0.0124067
0
0.0327367
0.0269867
0.00537667
0.0330433
0.12204
0
0
0.00107667
0.01048
0
0.00328333
0.0229967
0
0.06548
0.00935
0.0346833
0.01482
0.02733
0.00521667
0.0200267
0.0393
0.0547667
0.00993333
0.0106667
0.00375
0
0
0
0.0430833
0
0.01991
0.06251
0.000166667
0.00634333
0.0118133
0.01064
0
0
0.04041
0
0
0.00835
0.00426667
0.00306
0.00404
0.0366033
0.0358367
0.0617
0.00306667
0
0.0417867
0
0.0401767
0.00805
0.0396633
0.0515667
0.000223333
0.00338333
0.01927
0.02185
0.00205
0.0468033
0
0.0439733
0
0
0.00102667
0.0128633
0
0.01144
0
0.00113667
0
0.01877
0
0.000303333
0.00189667
0.02276
0
0
0.00499333
0.000993333
0
0
0.000213333
0.00337
0.03422
0.0249233
0.00426333
0
0
0.00632667
0
0
0.0005
0.03617
0.0253633
0.0243667
0.00453667
0.00715667
0.01787
0.0377167
0
0.0181967
0.000656667
0.00589333
0.0023
0.0137633
0.0267133
0.0466567
0.0550367
0.0581167
0.0101033
0.0134367
0.0320367
0.0131333
0.00247333
0.0503933
0.0299633
0
0
0.000756667
0.00284333
0.01514
0.0165433
0.03511
0.0234633
0.0343767
0.0139467
0
0
0.00410667
0.0807967
0.00550333
0.0106767
0.132233
0.0319033
0.00088
0.03463
0.02336
0.05233
0.0323867
0.02622
0.00120667
0.000286667
0.00266333
0.00220667
0.00424667
0.00658
0.0105633
0.0121233
0.00011
0.00243667
0.00465
0.03916
0
0
0
0.000143333
0.00204
0
0
0.00864333
0.01105
0.0292167
0.0204767
0.0293567
0.00275667
0
0
0.0339533
0
0
0.000213333
0
0.009
0.00954333
0.00166667
0.00166667
0.00792667
0.00753667
0.00204
0.00209333
0.000146667
0.00410667
0.00735333
0.00147
0.0219367
0
0.00181
0.00181
0.000146667
0
0
0
0.000266667
0.0113633
0.00082
0.00382333
0.0125167
0.01065
0.01118
0
0
0.00495
0
0.000266667
0
0.0005
0
0
0
0
0
0
0
0
0
0
0.00915333
0
0.0283
0
0.00695667
0
0.0328567
0.00186667
0.00012
0.00892667
0
0.0395833
0
0.0301233
0.000213333
0.01781
0.00029
0.00102333
0.000446667
0.00241667
0.000196667
0
0.00397667
0.00493
0.00119667
0.00463333
0.00636333
0.00556
0
0.000233333
0.0321133
0
0.00016
0.00617
0
0.00457333
0
0
0
0
0.02746
0
0
0.0161933
0.0554067
0.03024
0.01965
0.0446967
0.01395
0.04266
0.00923333
0
0.00191667
0
0.000713333
0.000713333
0
0.00388
0.01669
0
0
0.000383333
0.0456667
0
0.0162433
0.0173133
0.00121
0.000256667
0.01035
0.0133833
0.0113233
0
0.01698
0.0130233
0.0120767
0.00884
0.00301667
0.00444667
0.0104
0
0.00235667
0.0023
0.0160667
0
0
0.00667333
0.01025
0.00835
0.00700667
0.0126267
0
0
0.0101133
0.000166667
0.00178667
0.00213667
0.000626667
0
0
0.0168567
0.00460667
0.00478333
0.04213
0.03879
0.02501
0.0245367
0.0300733
0.00795
0.03162
0
0.00192333
0.0376967
0.0183067
0.0394333
0.00428333
0.06067
0.00942333
0.0296933
0
0.0426533
0.00193333
0.00312667
0
0.0215133
0.01545
0
0.000593333
0
0.0489167
0.0125833
0.00205
0.00611667
0.000593333
0
0.0154633
0.0308067
0.0106867
0.00886667
0.000156667
0.00630333
0.00206333
0.0291133
0.0394267
0.03663
0.0236567
0.0179633
0.00386667
0.00482
0.0168633
0.0301933
0.0188133
0
0
0.00139
0.00286667
0.04447
0.0178333
0.0104333
0.00135333
0.00116333
0.02628
0.00269
0
0.00205333
0.02838
0.00183333
0.00139667
0.01198
0.0172467
0.0170767
0.00117
0.0119233
0.0004
0
0.00560667
0.0398633
0
0.0022
0.0205667
0.00210333
0.0113533
0.000143333
0
0.0159167
0.0156733
0
0.155377
0.0321467
0.0313067
0.21595
0
0.0273167
0.15784
0.0266667
0.0129167
0.0541033
0.01796
0.00076
0.0164133
0.00266
0
0.00270333
0.00407667
0.0119733
0.0350467
0
0.00341
0.00745333
0.00633
0.000113333
0.00342
0.0140367
0.0727733
0.02228
0.01122
0.00293
0.0120733
0.00378333
0.0155367
0.00644667
0
0
0.00011
0
0
0
0.00191667
0.0140767
0.02515
0.00325
0.00135667
0
0
0
0.000243333
0
0.0265567
0.0289633
0.0562867
0.05012
0.00272333
0.00224667
0
0.000776667
0.0379233
0.05153
0.000223333
0.00164667
0.0195567
0.00473667
0.02499
0.0180933
0.00534
0
0
0
0.0179967
0.0353967
0
0.0229833
0
0
0.00797333
0.000126667
0.0224067
0.0128967
0
0
0.00195667
0.01327
0
0.00521333
0.0481367
0.00171333
0.00159333
0
0
0.000116667
0.000236667
0.00248333
0.00081
0.00221667
0.0236167
0.00783333
0.00933
0.000756667
0.000756667
0.00059
0.000253333
0.00184667
0.00126
0.01191
0.0132067
0
0
0.0126333
0
0.00152333
0.00152333
0.0344167
0.000886667
0.00741333
0.00011
0.00629
0.06713
0.00275333
0.01471
0
0.03912
0
0.0337833
0.0240067
0.00093
0
0.0378
0
0.0558067
0.0700433
0.0635233
0.05969
0.03533
0.0346733
0
0.0370433
0.00830667
0.0334833
0.000123333
0.04386
0.0499433
0.01062
0.00252333
0.0445033
0.00680667
0.0269633
0.02203
0.00818
0.03772
0.00015
0.11577
0.00015
0.113977
0.00361
0.01093
0.00247333
0.000246667
0.000206667
0.0326967
0
0
0.0163467
0
0
0.00958333
0.00143333
0
9.66667e-05
0
0.02764
0
0.0242267
0.00909333
0.0304567
0
0
0.00625667
0
0.0280033
0.00257333
0.00338
0.00206333
0.0101833
0.0428733
0.0157033
0.0127267
0.0403333
0.0272933
0.04467
0.0260267
0.02439
0.00707
0.01979
0.0200467
0
0.08585
0.00287
0.0576033
0.0515233
0.02508
0.0293767
0.0420933
0
0.0212933
0.00178667
0.00207667
0
0.0309067
0.0330633
0.03036
0.00684
0.02664
0
0.02667
0.00884333
0.0354367
0.0377133
0.0352967
0.0176233
0.01361
0.0335767
0.02164
0.0268733
0.03141
0.0150733
0.00909333
0.00281333
0.00199333
0.00016
0.0128733
0
0.0429533
0.00222
0.000413333
0.000156667
0.0252067
0.000126667
0
0.0183433
0.0251867
0.00243333
0.0300067
0.000156667
0.00275667
0
0.00237
0.0179633
0.0115033
0.00645667
0.00172
0
0.00081
0.00171667
0.00597333
0.00427333
0.0122067
0.00111
0.000333333
0.000333333
0
0
0
0.00138
0
0.0445133
0.04333
0.0171167
0.0502367
0
0.01478
0.0171133
0.0410167
0.00369
0.0235567
0.0492567
0.00349667
0.12347
0.000593333
0
0.00116
0.00296667
0.0469
0.0644567
0.0169267
0.0425167
0
0
0.000276667
0.01313
0.03931
0.00257
0.02795
0.00353667
0.000343333
0.00101667
0.0151933
0.0199
0.00110667
0.0438733
0.0536633
0.0593933
0.00105667
0.00105667
0.000223333
0.00112333
0.00185333
0.04637
0.0547367
0.0556767
0.0139067
0.01624
0.02674
0.04188
0
0
0.0319567
0.0172567
0
0.00013
0.02519
0.0407333
0.0388367
0.00104667
0.0166233
0.0344133
0.000966667
0
0.0141667
0.0451667
0.00275333
0.00365333
0.00463333
0.0570667
0.02786
0.00185
0.05031
0
0.0472867
0.0303433
0
0
0.0170867
0
0
0
0.01155
0
0
0
0.0122533
0.00268333
0.00324
0.01725
0.021
0.00187333
0.0207933
0.00022
0.0239133
0.00302
0.00236
0
0.00456
0.0012
0.00947333
0
0
0
0.00385667
0
0.00171667
0
0.00391
0.00379
0.00385667
0.01569
0.0395767
0.0150533
0.01693
0.0308533
0.00895
0.0183
0.0233067
0.0196667
0
0.00900333
0.0586033
0.0151567
0.00881
0.0399167
0.000923333
0.00172333
0
0.00938333
0.000933333
0
0.00368333
0.0683133
0.0904233
0.0293667
0
0.000256667
0.0532
0.02001
0.02085
0.04007
0.000183333
0.000183333
0.0216
0.01531
0.06074
0.00802
0.00011
0.01208
0
0
0.0169767
0.0245333
0
0
0
0.0155167
0.01989
0
0.01632
0
0.000243333
0
0.000363333
0.000223333
0.01364
0
0.00281
0
0.00531
0
0.0136
0
0.0130333
0.02489
0.00493667
0.01413
0.000196667
0.01439
0.0192967
0
0.01323
0.0197267
0.00354667
0.0126733
0.0139667
0.01886
0.02632
0.00842333
0.00168667
0.00578333
0.0324267
0.00400667
0.0145033
0.04395
0.0042
0.0119133
0.00518667
0.0575333
0.00364667
0
0.0609367
0.00012
0
0.0113533
0.0244733
0.03369
0.0404233
0.00415
0.12282
0
0.0670933
0
0
0.00052
0.0388733
0.0225633
0.01154
0.00275667
0.0105433
0
0.01692
0.000243333
0
0.0155633
0.000243333
0.04585
0.00469
0
0.00751
0.00669667
0.06791
0.00135667
0.15837
0
0.00161667
0.00245
0.000243333
0
0
0
0.000126667
0
0
0.0139533
0.02567
0.00015
0.0403133
0.0544767
0.0421
0.0100067
0
0.00743
0.0161067
0
0
0
0.00412
0
0.0304967
0.0506633
0.0257667
0.0511933
0
0.00433667
0.00613
0
0.01329
0.0046
0.0638267
0.000326667
0.03718
0.0225667
0.0018
0.0390733
0.0305133
0
0
0.05493
0.00453667
0.00265333
0.0208633
0.0458367
0.02751
0.0354067
0.01439
0.0351733
0.02405
0.0250967
0.00257667
0.000453333
0.000243333
0.0149533
0
0.0308467
0
0
0.0235333
0.0426567
0.0316267
0.00893333
0.03475
0.0290067
0.01528
0.0199333
0.0225367
0
0.0018
0.0354733
0.02031
0.000143333
0.00291
0.000233333
0
0
0.000233333
0.00173667
0.00365
0.02566
0.0229133
0
0.000866667
0.0268433
0.000223333
0.01328
0.0115533
0.00748
0.00200667
0.00959333
0.0282767
0.00590333
0.00267667
0
0.00478667
0
0.0257667
0.00227
0
0
0.0309933
0.00032
0
0
0.00054
0.000113333
0
0
0
0.000363333
0.000403333
0.0138367
0.0003
0.000636667
0.0372367
0.00541
0.00124
0.00467333
0.00216
0.0338433
0.03116
0.03356
0.000136667
0.00562667
0.00032
0.0381167
0.00393667
0
0.0239267
0.0174633
0.0355267
0.03408
0.0199967
0.00864333
0.05347
0.00485
0.0008
0.0507033
0.00214333
0.00504
0.00282
0
0.000716667
0.00955333
0.0153167
0.0176833
0.02799
0.0345667
0.00410333
0.0474433
0.00653333
0.00812
0.00354
0.00103
0.0555533
0.0588733
0.0034
0.00321667
0.00274667
0.000356667
0.00408667
0.00935333
0.00951667
0.0105767
0
0.00152
0.00152
0
0
0.0065
0.00214333
0
0
0
0
0.0252167
0.0457467
0.0173133
0
0
0
9.66667e-05
0.00917
0
0
0.03842
0.000116667
0.0345733
0.0357967
0.0192533
0
0
0.0169433
0.00568667
0
0
0.00705
0.00754
0
0.0264167
0.0364433
0.0129167
0.06973
0.0587833
0.00135333
0.06956
0.00745667
0.01005
0.00113333
0.0154567
0.0171067
0.00403667
0.00309333
0.00795667
0.0135333
0.01311
0.00197667
0.0598667
0.01575
0.02598
0.02533
0.04365
0.01955
0.00125333
0.0638533
0.00870667
0.04258
0.0289133
0.0419233
0.0268133
0.0196067
0.0395167
0.0120733
0.0444533
0.01569
0.0131667
0.0280833
0.0216467
0.0261167
0.0132267
0.0583533
0.0134167
0
0.0146033
0.03651
0.00322
0
0
0.02117
0.0216833
0
0
0
0
0
0.135683
0
0.03473
0
0
0
0.01186
0
0.00389667
0
0.00758333
0.0107833
0
0
0.0232667
0.0179033
0.000106667
0.0133667
0.01463
0.0239267
0
0.0241733
0.00644667
0.00918333
0.0952333
0.0531233
0.0172033
0.00562667
0
0.00554
0.0226867
0.0139933
0
0
0
0.0135867
0.0197467
0
0.000663333
0
0.00761667
0.05943
0.0716533
0.0113967
0.02146
0.02827
0.00329333
0.00697333
0.00028
0
0.00546
0.000713333
0
0.00921
0.0222167
0.0481367
0.0321267
0.0165767
0.01017
0.0366567
0.0138
0
0.00275667
0.00205333
0.0364
0
0.0306667
0.0121167
0.01422
0
0
0
0
0.00188
0.00397
0.0344133
0.0265533
0.0109533
0
0.01605
0.00987333
0
0.0113267
0.00307667
0.0240033
0.00472333
0.00415667
0.02936
0.0210667
0.00121333
0.01016
0.0323633
0.02618
0.0205333
0.00462667
0.03136
0.0356133
0
0.0270433
0.00193333
0
0
0.0183267
0
0.000113333
0.0219567
0.01458
0.00590333
0.00119
0.0156867
0
0
0.00855
0.0013
0
0.00071
0.0174167
0.00184333
0
0.0368633
0.0400967
0.03726
0.00862
0.0228967
0.0322867
0.0035
0
0
0.000103333
0.00541667
0.000273333
0
0
0.00723667
0.0217733
0.0314333
0.01075
0.00912333
0.0111033
0.00011
0.01074
0.00284333
0.00753333
0.0007
0.00213
0.000536667
0.0110267
0.00136333
0.0194533
0.00136
0.000176667
0.0386067
0
0.00245667
0.000473333
0.00535667
0.02591
0.0321667
0.04052
0.0356133
0.0163733
0.0261633
0.00913667
0.00297333
0.0168367
0.03207
0.0141733
0.000176667
0.00765667
0.0005
0.00051
0.00445333
0.01454
0.000713333
0.0434667
0.0331133
0.0238833
0.00465
0.00298667
0.0222967
0.0519833
0.00755333
0.0183867
0.0152533
0.00689
0.03244
0.0091
0.0273533
0.0438967
0.0398967
0.0382
0.0228333
0.0138633
0.0180633
0.0252433
0.04527
0.00350667
0.00193333
0
0.00361667
0.0123033
0.00819333
0.0179267
0.0245067
0.03941
0.03517
0.0435167
0.03404
0.0471967
0.04086
0.04161
0.00748
0.0190633
0.01556
0.0136033
0.00013
0.00248333
0.0139967
0.0163433
0.0455833
0.0357567
0.0160733
0.00641667
0.01216
0.00028
0.00027
0.0281067
0.0275333
0.0186933
0.0396
0.0419233
0.0319133
0.0286333
0.04579
0.0139567
0.0487167
0.05769
0.00129
0.02018
0.01615
0.0405733
0.00258
0.00313667
0.00013
0.0141467
0.0235033
0.0153167
0.0201233
0.0308133
0.0384767
0.03575
0.01336
0.01687
0.0253267
0.0380767
0.0248333
0.0332633
0.0430333
0.0385767
0.0609433
0.0143467
0.0122567
0.0362433
0.0344567
0.0405733
0.00467
0.00251
0.0394933
0.0708933
0.00165
0.0465467
0.000506667
0.000506667
0.00290333
0.00536667
0.00842333
0.0266667
0.03734
0.04537
0.0232267
0.0133467
0.02741
0.0173533
0.05217
0.0698467
0.107847
0.10941
0.100997
0.00771667
0.0300733
0.0125367
0.0363633
0.0282533
0.03608
0.03965
0.0489533
0.0171267
0.00159
0.0741
0.0704333
0.05357
0.00245
0.00343667
0
0.00325667
0.0101467
0.0305
0.0480233
0.05222
0.03643
0.01716
0.0142067
0.04918
0.05139
0.07355
0.0686667
0.08165
0.05222
0.0154
0.0462067
0.01956
0.11524
0.09752
0.0817133
0.00729
0.0166733
0.0115767
0.0315733
0.0393167
0.00292
0.00324
0.00854
0.0159
0.0388433
0.0382
0.0220967
0.0139433
0.00226667
0.00037
0
0
0.00012
0.00201667
0.00012
0.000716667
0.00112667
0.02905
0.02613
0.0293133
0.00882
0.00607333
0.00140333
0.01318
0.0193133
0.04211
0.104847
0.10884
0.09728
0.0640767
0.0394433
0.0174133
0.03037
0.23303
0.03787
0.0312267
0.05253
0.0104133
0.0226633
0.02039
0.0211033
0.0229533
0.0196833
0.01111
0.00244667
0.0192833
0.000933333
0.00234667
0.00895
0.0266067
0.04817
0.0860967
0.0214533
0.02395
0.0172067
0.04796
0.02145
0.00573333
0.00493
0.00387667
0.0144933
0.0133267
0.00987333
0.0107533
0.0301933
0.0359267
0.03887
0.00253
0.0347833
0.07699
0.0723767
0.0835333
0.04066
0.0297733
0.0208667
0.00016
0.08975
0.0735433
0.0557733
0.00285667
0.00169
0.0515733
0.0415933
0.01589
0.0162033
0.01013
0.04736
0.03076
0.0037
0.00506333
0.0354633
0.00038
0.0436267
0.07541
0.0165067
0.0227233
0.00392333
0.00680667
0.00148
0
0.00103
0.0148433
0
0
0.0210967
0
0
0
0.0298933
0.0121633
0.00575667
0
0
0
0
0.0639467
0.0192733
0
0.000103333
0.04362
0
0.000106667
0
0
0
0.00214333
0
0
0.00695333
0.0163467
0
0.0307667
0.0204833
0.00196333
0
0.0196167
0.0554567
0.0593333
0.0452567
0.0479733
0.0746667
0.00311
0.0794233
0.110823
0
0.00216333
0.08419
0.01544
0.105113
0.00772
0.130027
0.0130533
0.0284033
0.0249467
0.00327333
0.0259533
0.116483
0.164923
0.02329
0.0883333
0.0958333
0.139847
0.0118933
0.177337
0.02903
0.238473
0.0320867
0.0214
0.15138
0.0946767
0.0499633
0.000786667
0.01891
0.0072
0.0187633
0.02821
0.0651667
0.0135667
0.00216667
0.0033
0.0373533
0.05304
0.0151767
0.0237833
0.01146
0.09255
0.05717
0.0355033
0.2653
0.00637
0.00363333
0.00054
0.00114
0.00187333
0.0410167
0
0.15855
0.111427
0.0349533
0.00718
0.01588
0.0444067
0.00163667
0.112957
0.0225933
0.03982
0.00597667
0.0757867
0.00501333
0
0
0
0
0.000106667
0
0.0004
0.01008
0.0261467
0.000126667
0
0
0
0
0
0.00206333
0.11126
0.0130467
0.00307
0.0004
0.0337133
0.0228833
0.000233333
0.0249067
0.0570067
0.0357
0.00683
0.02531
0.0368433
0
0.00644333
0.01329
0.00337333
0.00512333
0.0134233
0.000243333
0.00065
0.0439033
0.000583333
0.0580433
0.0547167
0.0202733
0.00362
0.0332933
0.01948
0.00633667
0.04871
0.0303633
0.000126667
0.0438433
0
0.0385833
0.0403
0.0115
0.0373467
0
0.00296667
0.00761
0.04007
0
0.0004
0
0.00922333
0
0.00845
0
0.0303733
0.0246133
0.02468
0.00182
0.00365333
0.00267333
0.05822
0.0412167
0
0.0122567
0.00563667
0
0
0.00086
0
0.0109567
0.00941
0
0.00340667
0
0.0202467
0.0237667
0.0332633
0.01652
0.00567667
0.0220133
0
0.0110033
0.0156333
0.00075
0.00735667
0
0.00104667
0.0237533
0.0147867
0
0.04196
0.00209
0.0185467
0.00809333
0.00229333
0.000113333
0.0413767
0
0
0.00370333
0.0294533
0.0101467
0.00028
0.00105
0.0239833
0
0.0139767
0
0.0312467
0.03362
0.000153333
0.00134667
0
0
0.02236
0.03992
0.000636667
0.0315967
0.0193867
0
0
0
0
0.00866667
0
0.0136967
0.00167667
0.01654
0.00704
0.00011
0
0.0254267
0.0171833
0.00194333
0.000783333
0
0
0.02271
0.0264433
0.01983
0.0102933
0.01218
0.00888667
0.000176667
0
0.01185
0.00219
0.00028
0.00260333
0.0180333
0.0335633
0.0369367
0.0277833
0.0253667
0.00391667
0.02473
0.00397667
0.01706
0.000156667
0.144403
0.190767
0.0484767
0.0163733
0.0627467
0.0995033
0.0926467
0.0247467
0.000186667
0.0122733
0.0505833
0
0
0
0
0.00717667
0.000286667
0.00983667
0
0.00654333
0.0108867
0.000463333
0.00195
0
0.000286667
0.00855667
0.00166667
0.000286667
0
0
0
0
0
0
0.175547
0.012
0.00055
0.00972
0
0
0.00497333
0.00331333
0.0117567
0
0
0.00393667
0.449387
0.02801
0.000116667
0.0472967
0.01417
0
0.00241667
0.0136167
0
0.00341333
0.0803433
0.0645567
0.492333
0.0125633
0.0183767
0.01752
0.0716633
0.0290833
0.00227
0.02666
0.000366667
0.0213567
0.02168
0.02351
0.0115067
0.00239333
0
0.0128733
0.0377
0.0699767
0
0.0323933
0.04332
0.0760333
0.0486533
0.0704633
0.00324333
0.00434667
0.00461333
0.0172233
0.0175367
0.00122667
0.00577667
0.00084
0
0.000466667
0
0.01971
0.0109567
0.00465
0
0
0.0133767
0.01565
0
0
0
0
0.01576
0.01263
0.000106667
0.02551
0.00023
0
0.000116667
0.00770667
0
0.0145433
0
0.0440067
0.0197667
0
0.0553667
0.00192333
0
0
0.0116867
0.00965667
0.03559
0.05927
0
0.08873
0.0439933
0.00653667
0.05723
0.0453633
0.0293867
0.0216467
0.0867267
0.0221233
0.01172
0.01575
0.05391
0.02723
0.09174
0.06947
0.290937
0.00078
0.0108033
0.00126333
0.0121567
0.0256767
0.0913733
0.00769667
0.19231
0.1125
0.0367467
0.190553
0.0210033
0.04703
0.00404
0.00859
0.0322267
0.02197
0.04852
0.05602
0.369823
0.06003
0.01449
0.0254133
0.0561367
0.0167333
0.00194333
0.0504967
0
0.0162133
0.00211667
0.00477333
0.00357667
0.04733
0
0.00767
0.0426033
0.00258333
0.00132333
0.04062
0
0.00038
0.0377067
0.0310067
0
0.0294467
0
0.0013
0.000683333
0.00135
0.00794
0
0
0.01573
0.00414667
0
0
0.004
0.00487667
0.00265333
0.00138
0
0
0.0172633
0
0.0226433
0.01647
0.0534133
0.01425
0.000883333
0.00127333
0
0.03262
0
0.01212
0
0.0445667
0
0.0134033
0.0285233
0.00043
0.000446667
0.00548333
0.000446667
0.0382
0.0353933
0.0429533
0.03083
0
0.00138667
0
0.0242333
0.00346333
0.0362433
0.04946
0.04267
0.000126667
0.0274567
0.0158
0.00480333
0.00413333
0
0.00128667
0.00607667
0.00548333
0.03326
0
0
0.00641
0.00076
0.000406667
0.00129667
0.0375067
0
0
0.0135833
0.0416867
0
0.00204333
0.0001
0.000253333
0.000383333
0.00116333
0.0329167
0.0143733
0.00187333
0.00310667
0.0261767
0.102597
0.0925567
0.00244667
0.0207767
0.03273
0.03622
0.02505
0
0.04721
0.00011
0.02903
0
0.000436667
0
0
0.00128
0
0.00372333
0.00382333
0.00533
0.00192667
0.0287167
0.00564333
0.02636
0.0155967
0
0.0225133
0.00299333
0.0007
0.000556667
0.04328
0
0.0343467
0.0416833
0
0.00816667
0.0487633
0.0479667
0.00971667
0.000296667
0.04727
0.00194
0.000296667
0
0.00988
0.0180633
0.00225
0
0.00253
0.0182633
0.00920667
0
0.00119333
9.66667e-05
0.000193333
0.00312667
0.00177333
0.02979
0.0108033
0.00224
0.0285967
0
0
0.000343333
0.00312667
0.00365667
0
0.0168133
0.00021
0.00139667
0.00871333
0
0.000153333
0
0.00229333
0.00372
0
0.00186667
0
0
0
0.00878333
0.000253333
0.000783333
0.00255
0.350447
0.03321
0.00028
0.0004
0.00274333
0.217897
0.00022
0.0130867
0.00742
0.14697
0.0794567
0
0.0551167
0.0679233
0.0689833
0.00592
0.167027
0.0531033
0.0112067
0.0141
0.000106667
0.000113333
0.0170367
0.01838
0
0
0.00034
0
0.0183367
0.00018
0
0
0.0315033
0.0400967
0.00238667
0.000116667
0.01267
0.00051
0.00528
0.00691333
0.0223267
0
0.00200333
0.00182
0.00243333
0.00289
0.03321
0.00909667
0.0313167
0.05012
0.0183867
0.0348333
0.00294667
0.0291167
0.01203
0.00753667
0.00024
0.000756667
0.0844267
0.0264367
0.0171867
0.0125767
0.04324
0.03945
0.0190933
0.0339167
0
0
0.0485333
0.0100067
0
0.01789
0
0
0.0128267
0.01027
0.000196667
0.0316433
0.00143
0.01875
0
0.02729
0.000193333
0.03534
0.0145933
0.00204667
0.000123333
0
0.05614
0.0141567
0
0.0254767
0.00981333
0.0174267
0.273483
0.289853
0.02916
0
0.0360167
0.06476
0.0245033
0.0195867
0.0596767
0
0.0533233
0.00373
0.0468033
0.0418
0.0119833
0.00089
0.04402
0.0863267
0.00275667
0.09822
0.00451667
0.06037
0.0256033
0.000203333
0.0910133
0.07005
0.00484667
0.0660867
0.0875067
0.04729
0.00373667
0.0790267
0.274103
0.01322
0.08303
0.0498267
0.0259367
0.0546633
0.0885533
0.00322
0.0412067
0.0908233
0.0516467
0.07083
0.0274367
0.00794333
0.0172067
0.00076
0.05747
0.0315533
0.0126667
0.00262667
0
0.0407067
0.0366233
0.0125367
0.0655667
0.00129667
0.0180467
0.00256333
0.0240533
0.00026
0
0.00015
0.00015
0.000113333
0.000373333
0
0.000126667
0.01457
0
0
0.02655
0.0372167
0
0.02745
0.02655
0
0
0.0114733
0
0.00284333
0.00461333
0
0
0.00295333
0
0
0.00356333
0.000716667
0.000203333
0
0
0.0324233
0.0258633
0.00329667
0.0554933
0.0448433
0.0396133
0.000486667
0
0
0.0334333
0.0329767
0.0464067
0
0.0001
0.0103433
0.01291
0.0346167
0.0371967
0
0.0218233
0.0302467
0.0193167
0.00280667
0.01209
0.00980667
0
0
0
0.0180467
0.00435667
0.000743333
0.00198333
0.00606333
0.01673
0
0
0.00265667
0.0049
0.00697
0.00367333
0.00290667
0.0220267
0.00199
0
0
0.0315133
0.0336033
0.00012
0
0.05228
0
0
0
0
0.00106
0.00611
0.01971
0
0.04612
0.0014
0
0.00698667
0.000916667
0
0
0.0135367
0.0156667
0.0014
0.00747
0.0232167
0.00276
0.0014
0.00184667
0.0505933
0.00742333
0.04067
0.0251667
0.01114
0.000456667
0.0136133
0.0300133
0.0262267
0
0
0.00177333
0.00735667
0.0141667
0.00029
0.00325333
0.00371
0.0280733
0
0
0
0.0156433
0.00895667
0.0242267
0.0244633
0.0401167
0.000463333
0.0330267
0.0263567
0.31434
0.10637
0.00328333
0.00551333
0.0288733
0.413733
0
0
0.00077
0.376953
0.273577
0.267607
0.00818667
0.00294
0.00288
0
0.0349333
0.00189667
0
0.00071
0
0.0126
0
0.00879
0.00018
0.0170567
0.0276467
0.0117
0.0128967
0.36032
0.0259467
0
0.000233333
0
0.00106
0
0.00472333
0.0127233
0
0.0468433
0
0.00153667
0.0619267
0.03069
0.00524667
0.02568
0.01565
0.000223333
0.00594333
0.000163333
0.00156667
0.00329667
0.02724
0.0466767
0.00678
0.00723333
0.00275667
0.00276333
0.00259333
0.000383333
0.00389
0.00867
0.0366033
0.000583333
0.000116667
0.0257933
0.000543333
0.000116667
0.0377167
0.00932333
0.0107033
0.0217833
0.00066
0.04388
0.0214933
0.00526333
0.04123
0.0337067
0
0
0
0
0.0336367
0.000733333
0.0244233
0
0.000113333
0.0229233
0
0.00270667
0.0163533
0.0413267
9.66667e-05
0.0147133
0.01202
0.0384367
0
0.0274067
0.0571067
0.01033
0.00213667
0.0555533
0.0197467
0.00409667
0.0542633
0
0.05272
0
0.201487
0.00742667
0.03507
0.19584
0.114417
0.01291
0.06667
0.00450667
0
0.0824233
0.000103333
0.00318333
0.00179667
0.0838933
0.0155233
0.00309667
0.0129467
0.0254267
0.0828367
0.0800467
0.0845533
0.0792267
0.0809633
0.0273733
0.123523
0.00373667
0.05706
0.0659667
0.04456
0.02824
0.0367533
0.0787767
0.0436967
0.04006
0.00092
0.133013
0.0331833
0.01166
0.01857
0.0023
0.00936667
0.0214833
0.0180633
0.0158167
0.0471967
0.00149333
0.0456333
0.00137333
0
0.00916667
0.0738233
0.00353667
0.00659333
0.0200333
0
0.00277333
0
0
0.00369333
0
0
0
0.0324067
0
0
0
0
0.02535
0.0444233
0.132797
0.0247567
0
0
0.02631
0
0.00642667
0
0.00205333
0
0
0.00577333
0.00751667
0.0182467
0.00700667
0
0.00424333
0.0130767
0
0.32777
0.173603
0.0333367
0.04411
0.0213433
0.000853333
0.0251433
0
0.00498333
0
0.00925
0.0148633
0
0.0022
0.00200667
0.0323967
0
0.0225567
0.0158067
0.0447333
0.0121767
0.00098
0.00016
0.00714333
0.00013
0.231143
0.01198
0.00166667
0.0101467
0.00924333
0.0260533
0
0.0302067
0
0.0239967
0.00107333
0
0
0.0104833
0
0.142253
0
0.00821
0.00875
0.000636667
0.00097
0.01352
0.03916
0
0.00135333
0.05211
0
0
0.04253
0.0406433
0.00034
0
0
0.000263333
0.00832667
0.0641233
0.00011
0.000666667
0.00324
0.000533333
0.00011
0.0337733
0.0280733
0.00707
0
0.0337933
0.0424533
0.00177333
0
0
0.0158433
0.00198333
0.00558333
0.00516333
0.0132767
0.00648
0.00685667
0.0229067
0.0004
0.000123333
0.0137467
0.0038
0.00905667
0.00663
0
0.00204667
0.00565
0.00868333
0.00021
0.0219233
0.0106467
0
0
0
0.0220133
0
0
0
0.01646
0
0
0.00029
0.01688
0
0.00605
0
0
0
0.00514333
0.00796
0.355783
0.0438167
0.0320067
0.03758
0.0140033
0.00254667
0.000216667
0.0566867
0.0472567
0.00457333
0
0
0
0.00421333
0.308003
0.00601667
0.06273
0.0218467
0
0.01674
0
0
0.00691667
0.00231667
0
0.271763
0.0352167
0.00675333
0.00163
0.0026
0.00112
0.05955
0.00500667
0.0111967
0.0132367
0
0.0138933
0.00657667
0.0266467
0.000263333
0.01176
0.00978
0.0337167
0
0.0307667
0.0201033
0.03339
0
0.000426667
0.0149967
0.01667
0.0157633
0.0521433
0.00169
0.00062
0.0240367
0.00126667
0
0.00051
0.0518533
0.0001
0.00242
0.0306267
0.0260567
0.000346667
0.01413
0
0
0.00038
0.00747
0.00238667
0.00617
0.0234567
0.000243333
0
0.00288667
0
0.04358
0
0.00171667
0
0
0.04304
0.03984
0.000626667
0
0.00747333
0.00806
0.00272333
0.00987333
0.0255467
0.0363367
0.000633333
0.00856333
0.00282
0.0647267
0
0.00292
0.0163667
0.00480333
0.01669
0.0584133
0
0.00417667
0.01027
0.0510033
0.0191933
0.01008
0.00153
0
0.00178667
0.0183067
0.00971333
0.00116
0.0124233
0.200837
0.0785167
0.0529533
0.00505667
0.0118167
0.0439867
0.00088
0.0124833
0
0.00265667
0.0788133
0
0.00156
0.0291433
0.0617067
0.147123
0.0855867
0.07841
0.06863
0.07348
0.0422333
0.103623
0.0858867
0.144663
0.0252433
0.0346233
0.0191833
0.0159567
0.00223333
0.0483733
0.13381
0.03615
0.0847367
0.0529533
0.00353333
0.121293
0.00873667
0.00891667
0.00546
0.0130933
0.0401467
0.0206533
0.02803
0.00158667
0.0153067
0.00824333
0.00948667
0.0401967
0.0331967
0.0129667
0
0.00052
0.00240333
0.00076
0.00565667
0.01124
0
0.0198933
0
0.02618
0
0.0211467
0
0
0.0015
0
0
0.06752
0.00132667
0.21586
0
0.00164667
0
0
0
0
0.00102333
0.0499233
0
0
0.00972333
0.00320333
0.00236667
0
0
0.0155033
0.0158633
0.28526
0.000983333
0
0
0
0
0.03994
0
0.000786667
0.01311
0
0
0
0
0.01331
0.0085
0
0
0
0.0105367
0.0296267
0.03389
0.0475567
0.00016
0.00182
0.00277
0.00237667
0.0315167
0.02748
0.0221
0
0.0292033
0.0235533
0
0
0.0001
0
0.000636667
0.000853333
0.1075
0
0
0.00787667
0.0165267
0.00346333
0.0256667
0
0.00034
0
0
0.00222
0.00415333
0
0
0.000556667
0
0.00785667
0.00452
0
0.00171
0.0194667
0
0.0282333
0.00154333
0
0.0280367
0.02111
0.0125
0.0133733
0.000786667
0.01588
0.00276
0.00264
0.0120233
0.00215333
0.03889
0
0
0.0102433
0.00531333
0
0
0
0
0
0
0.00064
0
0
0.00679
0
0.0115433
0.00319667
0
0
0.00307667
0.00437
0.0293567
0.0344167
0
0
0.0404833
0.000216667
0.00240667
0.0833867
0
0.02533
0.0259033
0.00052
0.16409
0.000173333
0.520147
0.08289
0.0569067
0.0335567
0.0412833
0.02434
0.03794
0.01842
0.000133333
0.00833667
0.00757667
0
0
0.00112
0.02156
0.0679
0.01271
0.00531667
0.0154033
0.000336667
0.000966667
0
0.000273333
0.0369767
0.00689
0.14195
0.0394433
0.0102967
0.00685667
0
0.0809067
0
0.0108833
0.00961667
0.00021
0.0120167
0.000173333
0.0071
0.03366
0.00414
0
0
0.0127467
0.000663333
0.000876667
0.000126667
0.01667
0.01121
0
0
0
0.0114367
0.000753333
0.01917
0.0190767
0.0139033
0.00271667
0
0
0.0330267
0
0
0
0.00014
0
0
0
0
0
0.0422667
0
0
0.00411
0.00188
0.0617167
0.0527633
0
0.0461833
0
0.00283333
0.163107
0.000786667
0.01383
0.171097
0.02378
0.02738
0.00682
0.00348333
0
0.29989
0.01975
0.20207
0.0257767
0.01234
0.0607067
0.03269
0
0
0.09921
0.0711267
0.00304667
0.0728367
0.05715
0.0332
0.113293
0
0.00262333
0.000646667
0.00876667
0.0537933
0.0440267
0.06216
0.07187
0.00838333
0.150083
0.07345
0.0372467
0.0472267
0.103083
0.0663133
0.0240167
0.0171533
0.0324133
0.0172667
0.0176933
0.08788
0.15765
0.01749
0.00286333
0.0355867
0.00076
0.0125833
0.04646
0.03751
0.02419
0.00021
0.01378
0
0.00988333
0
0
0.120113
0.00175333
0
0
0
0.133973
0
0.00133
0.000123333
0.000123333
0
0.00955333
0.00026
0.00307333
0
0.00322333
0.0530133
0.00223667
0.0324867
0.0902533
0
0.0685033
0.0555733
0
0.0145967
0.00102
0.00342
0
0.00386667
0
0
0
0.00416
0
0.03816
0.0422167
0.00156333
0
0.000353333
0
0
0
0.0396067
0.04388
0.000423333
0.0164233
0
0
0.0491167
0
0
0
0
0
0
0.00307
0.07941
0.00168
0.0138267
0
0
0.0548867
0.00116667
0.00404
0.00249333
0.00401
0.00305333
0
0.000593333
0.04011
0
0
0
0.0104667
0
0.02097
0
0
0.0742667
0
0.000436667
0.000826667
0
0.00224333
0
0
0
0
0
0
0.00667
0.000533333
0
0.00697
0.00963667
0
0.00269333
0.00643
0
0.0139767
0.0155767
0.00407333
0.00264667
0
0.000213333
0.00026
0.000133333
0.03041
0.01701
0.00534667
0
0.00449
0.00681
0.0159433
0.00977
0
0
0
0
0.0001
0.00145667
0.000216667
0
0.0419333
0
0
0
0
0.0387567
0
0.00227333
0
0
0
0.0133033
0.00184667
0
0.0244433
0
0.0214033
0.01308
0.00931
0.0123833
0.02199
0.02426
0.01176
0.44029
0.0264533
0.02037
0.0356867
0.139817
0.01973
0.02047
0.00522
0.04485
0.00691333
0.0167033
0
0.0209333
0.0291267
0.09897
0.0757633
0.0206033
0
0.00638333
0.0109367
0.0105633
0.00232333
0.0373967
0.04482
0.0348633
0.0345133
0.04149
0.00026
0
0.00472667
0.0340167
0.0202267
0.198367
0.0398333
0.0210367
0.0397267
0.000113333
0.0333067
0
0
0
0
0
0.03845
0.00021
0
0.0109233
0.000113333
0.0108033
0.00209
0.0111567
0.000623333
0.02935
0.01974
0.0184267
0.02743
0.00079
0.01876
0.000246667
0.00237333
0.000103333
0.00351333
0.00801
0.01489
0.0214833
0.0376467
0.000203333
0.000746667
0.0315367
0.0103967
0.0139067
0.0158033
0.11963
0
0.00339
0.00834333
0.0244933
0
0.0416667
0.0412767
0.0128433
0
0.000626667
0.01743
0
0.00301667
0.0100933
0.00136333
0.00025
0.0303333
0.00015
0.123043
0.216157
0.0269633
0.0734933
0.0206267
0.183393
0.0356833
0.0179067
0
0.00656
0.0119433
0.148833
0.241683
0.0771267
0.157667
0
0.00983667
0.00679
0
0.05347
0.0222933
0.0540067
0.01764
0.10379
0.0816067
0.0191833
0.0385667
0.01797
0.227853
0.0300033
0.0546033
0.000303333
0.0328267
0
0.00036
0.000493333
0.0962
0.19299
0.01315
0.1279
0.0268167
0.00084
0.00965
0.0746467
0.0774833
0.11842
0.0175533
0.0794067
0.0913533
0.02849
0.02627
0.02168
0.0554233
0.00418667
0.05237
0.0560633
0.0282367
0.02604
0.00477333
0.0079
0.00119333
0.00406
0
0
0.0280333
0.00954333
0
0.03227
0
0.00934
0.0417
0.00052
0
0.00337333
0
0.00662667
0
0.00919333
0
0
0.000126667
0
0.000273333
0
0
0
0.00148
0
0.000653333
0.00416667
0.000353333
0
0.0151533
0
0.000303333
0.0242167
0.00508
0
0.0025
0.000176667
0.00136667
0.0162667
0
0
0.05674
0.00874667
0
0.0122
0
0
0.0400233
0.0295267
0.04744
0.00690333
0.0151967
0
0
0
0
0
0
0
0
0
0
0.00307
0
0
0
0
0
0
0
0
0
0.00309
0
0
0.0984133
0
0
0.000343333
0
0
0.00231333
0.0219533
0.0907433
0.00135667
0.0318967
0
0.02376
0
0.0221667
0.00484333
0.00502667
0.01969
0
0.0111167
0.0870433
0
0.0198433
0.02324
0
0.327577
0.0363567
0
0
0.0152133
0
0
0
0
0
0
0
0
0
0.000123333
0
0
0
0
0.0169433
0
0
0.00995
0
0.00413333
0
0.00803667
0.00203333
0
0.01479
0.00198
0.0293267
0.05595
0.02882
0.00263667
0
0.0311833
0.00755333
0.0346167
0.00094
0.00079
0.01343
0.00376
0.00316
0
0.00473333
0.0186633
0.0308633
0.0235467
0.0120233
0
0.0398767
0.00211
0.0135167
0.0190167
0.00989
0
0
0
0.00548667
0
0
0
0
0
0
0.00470667
0
0
0.00185
0.0145433
0.0331733
0.02446
0.00164
0.00164
0
0.00153667
0.00443
0.0367733
0.0668733
0.0122933
0.06623
0.0349067
0.00466
0.0312533
0.0774267
0.0174767
0.167597
0.120827
0.0284467
0.598123
0.449107
0.000113333
0.00257
0.0122133
0
0
0
0.0461867
0.03087
0.0133933
0.00216
0.000263333
0.000486667
0.00724
0.0240967
0.0714
0.09383
0.03627
0.0262133
0.0198167
0.00661667
0.00313333
0
0
0
0.02919
0.00994333
0.00463
0.0129667
0.00012
0.00039
0.00022
0.0802033
0.00371333
0.03062
0.0217967
0.00892
0.0630233
0.000113333
0.000113333
0.00026
0.00126
0.04702
0.02588
0.0345733
0.02057
0.000146667
0.04484
0.00531333
0.00666667
0.00357
0.000623333
0.000623333
0.0047
0.02842
0.00733
0.0531333
0.00945
0.00235
0.00375333
0.00565
0.0481067
0.01343
0.0769233
0.0504967
0
0.04333
0
0
0.00606
0.0522
0
0.0129
0.00384667
0
0.0151467
0.000143333
0
0.472157
0
0.01846
0
0.00141333
0
0.0586767
0.0264633
0
0.03293
0.00691667
0
0
0.0357667
0
0
0.0397033
0.364037
0.03892
0.00011
0.0358267
0.126517
0.00728667
0.0395167
0.0104933
0.0585867
0.12476
0.0702
0.01542
0.114467
0.302097
0.35306
0.02599
0.0357933
0.0250067
0.0165467
0.0236433
0.0167167
0.00882667
0.0442867
0.07505
0.0373133
0.0125333
0.0180967
0.306847
0.03277
0.01736
0.0574433
0.0128167
0.00777333
0
0.000936667
0.0405667
0.00176333
0.0430233
0
0.0230333
0.0487633
0.0467833
0
0
0.00847
0.006
0.00185
0.12723
0.0386367
0.0451433
0.461627
0.0447467
0.0273167
0.00377
0.000546667
0.0318433
0.000106667
0.00264333
0
0.0146467
0
0.000326667
0
0.01336
0
0.0685833
0.01713
0.0166833
0.03313
0.00267667
0.00173667
0.00199
0.04284
0.00025
0
0
0
0
0.00767667
0.00132667
0.00474333
0
0
0
0.00382667
0.0223433
0
0
0.0721667
0.03433
0.00681333
0.00220667
0
0.05101
0.0149967
0.00909333
0
0
0
0
0.03889
0
0
0
0.03596
0
0
0
0
0
0
0.0578533
0
0
0
0
0.0390167
0.0242
0.00174667
0
0.00678333
0.0102167
0.03086
0.0001
0.0216767
0.00328333
0.00094
0
0.0219833
0.0240867
0.0153833
0.00209667
0.0331867
0.00466333
0.00922333
0
0.00037
0
0.03224
0.03689
0
0
0
0.0116567
0
0
0
0
0.0398967
0
0
0
0
0.0230933
0
0
0
0.00929333
0
0
0
0
0.0046
0
0.0156567
0.0015
0
0.04047
0.0265067
0.02869
0.0333433
0.00179333
0.0239667
0.134443
0.00256667
0.0222567
0
0.0623767
0.0355633
0.0378467
0.0133333
0.00716
0
0.00184
0.0483567
0.00337
0.00223667
0.00955
0.00170667
0.000273333
0.00097
0.00065
0.00306667
0.000133333
0.000316667
0.00332
0.000163333
0
0
0.00936333
0
0.00238667
0.00349
0
0.00323333
0.03494
0.0153933
0
0
0
0.0304333
0
0.01369
0.00337667
0.02005
0.0133867
0.0615733
0.09828
0.30235
0.194217
0.01302
0
0
0.00227333
0.00489
0.00189667
0.02236
0.0510567
0.01539
0.00567333
0.00041
0
0.105967
0.0154767
0.02556
0
0.00061
0.1051
0.00754
0.0218733
0.0473367
0.00592667
0.00272333
0.00606667
0.03404
0.0315033
0.0418333
0
0
0
0.00687667
0
0
0.0034
0.00573333
0.00261333
0.03903
0
0.00172333
0.00172333
0.000126667
0.00437333
0.00126
0.000203333
0.03594
0.0500933
0
0
0.0216833
0
0.0617733
0.01522
0
0
0.10396
0
0.00162333
0.00148
0
0
0.718827
0
0.0376233
0.0114767
0
0.0472533
0.0332933
0.0267867
0.0625867
0
0.0226433
0.19835
0.00398667
0.00522333
0.0623733
0.0417633
0.0222967
0.02229
0.00323333
0.000143333
0.0380667
0.02914
0.0219833
0.0360033
0.0774167
0.0838067
0.07427
0.0571
0.00648333
0.253167
0.000116667
0.03386
0.178957
0.198997
0.0641533
0.0279733
0.03643
0.09934
0.01144
0.00937333
0.000583333
0.12558
0.01849
0.146107
0.178793
0.14776
0.0550733
0.000656667
0.0476167
0.00966
0.000533333
0.01159
0.0204833
0.0643167
0.22576
0.000713333
0.01395
0.00314667
0.00071
0.121703
0.193503
0.00081
0.0128967
0.185837
0.0571567
0.0922267
0.225643
0.0477267
0.04769
0.00412667
0.112327
0.00367667
0.0418633
0.0520167
0.00213333
0.0239467
0.00875667
0.10793
0.0116
0.02125
0.03715
0.00590667
0.00530333
0.00307667
0.00649333
0.352907
0.00305
0.0382433
0.01073
0.00484667
0.00687333
0.00765333
0.03087
0.0815667
0.0670133
0
0.0320633
0.00221667
0.0158267
0.0397967
0.0318333
0.0310967
0.02169
0
0.000656667
0.0523533
0.00618333
0.0487767
0.08452
0.03535
0.0301433
0.00112333
0.00282
0.00328667
0.0212067
0.00120667
0
0
0
0
0.0183833
0.000176667
0
9.66667e-05
0
0
0.00325333
0
0.00184667
0
0.000336667
0.02046
0.02937
0.01342
0.000133333
0
0.00311333
0
0
0.000813333
0.00610333
0
0
0.00895
0
0.00839333
0
0.0170033
0.00343
0
0.00220333
0.00847667
0.0118433
0
0
0
0
0
0
0
0.131043
0.246667
0
0
0
0
0.000476667
0
0.00164333
0.00788
0
0
0.12994
0.00215
0
0
0.0102233
0
0.00094
0
0
0
0.01754
0
0
0.0357167
0.00142
0.00319
0.01289
0.00094
0
0
0.000916667
0
0
0.00244333
0.01607
0.00648667
0
0.00835667
0.00878
0
0
0
0
0
0.0102767
0.0189967
0
0.00053
0.00352
0
0
0.00127667
0
0
0.00501667
0
0
0.01072
0
0
0.000186667
0
0.00736333
0
0
0.000126667
0.00965333
0
0.0229567
0.03513
0.0079
0.000233333
0
0
0.00171667
0
0.175823
0.000126667
0
0.0264533
0
0.0174667
0.00864333
0.0126967
0.000486667
0.0133467
0.00467
0.00719
0.0382767
0.00235
0.00906333
0.01001
0
0.0304533
0.000243333
0.000273333
0.0164267
0.000903333
0.00260333
0.00919667
0.01228
0.03009
0.0332767
0.00954667
0.0223733
0
0
0.01535
0.0386467
0
0.00297
0
0
0.0136433
0.00312
0.00217
0.04212
0
0
0
0.0287267
0
0
0.00422
0.0249433
0.00279333
0.00630333
0.00607333
0.130467
0.0179233
0.0996
0.194487
0
0.000196667
0
0.39192
0.000356667
0.180913
0.00335333
0
0.000486667
0.000603333
0.00562
0.00170667
0.00388
0.00743333
0.00389333
0.00041
0
0
0
0.00022
0
0.00022
0.22633
0.00394667
0.00473667
0.00319333
0.0313367
0.000106667
0.02957
0.000303333
0.01362
0.0243433
0
0.0184467
0.00516667
0.0563833
0.03671
0.00272333
0.00067
0.00067
0
0.03848
0.00121333
0.00015
0.00161
0.00505
0.00567667
0.0234233
0.0337533
0
0.00069
0
0
0
0.00801
0
0
0.000146667
0.00258
0.10846
0.00412667
0
0
0.00032
0.00032
0.00032
0.00761667
0.00018
0.0413267
0.0351967
0
0
0
0
0.00739
0
0
0.01432
0
0
0
0.0187467
0.00618
0
0.0896067
0
0.0477533
0
0
0
0.00211667
0.03488
0.0550367
0.00534667
0.119843
0.00286
0.01361
0.05371
0.260867
0.316073
0.135937
0.0303567
0.00101
0.0141067
0.00148667
0.31063
0.00398
0.26503
0.01408
0.00565
0.00266
0.37141
0.00180333
0.0352433
0.0185867
0.00011
0.07576
0
0.0442967
0.0325867
0.01804
0.0334967
0.03102
0.231473
0.03672
0.0273867
0.02684
0.01702
0.476817
0.0329033
0.03017
0.01515
0.36063
0
0
0.0120233
0.00134667
0.00021
0.00346667
0.00801333
0.00328
0.00120333
0.0245533
0
0
0
0.0031
0.000176667
0
0.00752333
0
0
0
0.00875
0.000336667
0.00273667
0.01999
0
0.0123367
0
0
0
0
0.01446
0.00820333
0.02433
0.000813333
0.0314667
0.04096
0
0
0
0
0
0
0.0395267
0.0354567
0.01307
0
0.03294
0.0375
0.0905067
0
0
0.01772
0
0
0.00351
0.000476667
0.00783667
0.0391067
0
0
0
0
0
0.00345333
0.00604
0.01649
0
0.00502333
0
0
0
0
0
0
0.00125667
0.0018
0.00014
0.0423633
0.00945667
0
0.0292933
0.03746
0
0.00016
0
0
0
0
0
0.000186667
0.0128967
0
0.0133567
0.000743333
0
0
0
0
0.00910667
0
0
0
0
0
0
0
0
0
0.00833
0.0015
0.02561
0.0268133
0.01553
0.00106333
0
0.00682
0.45446
0
0.0054
0
0
0.00104333
0.000303333
0.00124
0.0107133
0.000533333
0.0110467
0.01554
0
0.0171667
0.0349367
0.01258
0.000206667
0.000133333
0.00659
0.0375533
0.0102267
0.0102233
0
0.00260333
0.0195567
0.02644
0.0263433
0
0.0003
0.0403367
0
0.0255467
0.0416367
0.01352
0.01236
0.00967667
0.0165333
0.01106
0
0.0295333
0.0240567
0.02413
0.0147367
0.0695667
0
0.00086
0.00140667
0.0511833
0.0381067
0
0.00279333
0.0381867
0.00482
0.000276667
0.0164067
0.00279333
0.0240233
0.14169
0
0.00012
0
0.0193167
0.00036
0.00036
0
0.000116667
0.00513333
0.02124
0
0
0.0612767
0.000396667
0
0
0
0
0
0
0.00691
0.00033
0
0.0392167
0.0739267
0
0.00319333
0.00654667
0.000116667
0
0.00882667
0.00106
0.00263667
0.0122633
0.0003
0.0157433
0.0251233
0.0588533
0
0
0
0
0.00136333
0.00879
0.00231667
0.01775
0.0204467
0
0.0313167
0.00136
0
0.0516033
0.00133
0.00147667
0.0202533
0
0
0.00267667
0
0.00907333
0.0303067
0
0
0.00220333
0.0374567
0
0.02255
0.139177
0.000533333
0
0.00415667
0.288723
0
0
0.234277
0
0.0836433
0
0
0.000203333
0.08727
0.217213
0
0.0309133
0
0.000666667
0
0.0428867
0.36294
0.00464667
0.11474
0.130747
0.03009
0.00045
0.112833
0.0995167
0.0214333
0.04399
0.37616
0.0867333
0.0526867
0.01835
0
0.00033
0.000713333
0
0
0.04013
0
0.0421567
0.0319267
0.03109
0.197283
0.03491
0.0431533
0.211693
0.02895
0.05089
0.06043
0.0258
0.0233333
0.00021
0.00314333
0.000776667
0
0
0.00982
0
0.0174933
0.00682333
0.03888
0
0.0140567
0
0
0.00741667
0.000656667
0
0.00208
0
0
0.00012
0.00012
0
0
0
0.05261
0
0.0294533
0.0514467
0.0126433
0.0008
0
0
0
0.00205667
0
0
0
0.02753
0.00205667
0.0304933
0.01607
0.00686667
0.03484
0
0.0300133
0
0.0175267
0.03336
0.0225633
0
0.02589
0
0.0309633
0.25104
0
0.0360033
0
0
0.00192667
0.0547333
0
0
0.214443
0.31415
0
0
0.00214333
0.00168
0.000716667
0.00935
0.0595967
0
0
0.00016
0.0149833
0.03895
0.03598
0
0
0
0
0.000186667
0
0
0.0385933
0
0.02236
0.0991467
0.01224
0.00127667
0.00127667
0
0
0
0
0
0
0
0
0
0
0.000136667
0.02041
0
0
0.0198133
0.0134833
0.00716333
0.00086
0.0101667
0.01606
0.00636333
0
0
0
0
0
0.000956667
0.01342
0.0332567
0.00078
0.000473333
0
0.00483
0.0110167
0
0
0.0375967
0.0408667
0.00166333
0.0142767
0
0.000153333
0.000153333
0.000513333
0.0170033
0
0
0.00700667
0.00260333
0
0.00271333
0.00429667
0.00440333
0.0003
0.0279567
0
0
0.00277667
0.04115
0.03019
0.0307333
0.0154267
0
0
0.00346667
0.00881667
0
0.0284133
0.02807
0.0156333
0.00685333
0.0280467
0.0176433
0.00723333
0.000176667
0
0.00716667
0.0238067
0.000483333
0.00273667
0.00807333
0.00280667
0
0.00263
0
0
0.00613333
0.01206
0.0002
0.01452
0.00057
0.00057
0.00078
0.0788267
0.0102133
0.00355333
0
0.00124
0
0.158757
0.00706
0.0660167
0.00011
0
0
0.01981
0.0125633
0.0102967
0.0160167
0.01142
0
0.0111267
0.0104833
0.0015
0
0
0
0
0.00757333
0
0
0
0.00607333
0.0162533
0.000513333
0.00739
0.0165767
0.00022
0.00022
0.00022
0
0.0115833
0
0
0.0172633
0.0494967
0.0216067
0.01846
0
0
0
0.00738333
0
0.00203667
0
0
0.00267667
0.0801333
0
0
0.0362767
0.0555333
0.06591
0.0365667
0
0.0001
0.00255667
0
0
0.190083
0.0001
0.0001
0.0102233
0.0814233
0.00351667
0.02687
0.0460033
0.00813
0.000783333
0.0202033
0.0122033
0.00265667
0.14219
0.08628
0.313283
0.0212567
0
0
0
0.00222333
0.0754067
0.0139567
0.0201267
0.00033
0.0221267
0.00145
0.0159233
0.0188267
0.0239533
0.0441333
0.0570633
0
0.0001
0.000883333
0.0270567
0.0491833
0
0.0424567
0.04968
0.0318833
0.0323867
0.0197267
0
0
0.0008
0
0.01975
0.00198
0
0
0.00655667
0.0149
0.01512
0
0
0.00925
0
0.000426667
0.03714
0.0194233
0.0518167
0.0166133
0.0349333
0.00756667
0
0
0.02373
0.03438
0
0.01668
0.0558433
0
0.00147
0.00847
0
0.02097
0
0.0111633
0
0.0328567
0.00157
0
0.02078
0.0287433
0
0.00714333
0.00981
0.000143333
0
0.03096
0.0149367
0
0
0.02568
0
0
0.00279333
0
0.0164033
0.0906233
0
0.0146367
0.0149733
0.00945667
0.0143267
0
0
0.03446
0.0191
0
0
0.0887867
0.0927033
0
0.00319667
0.00217333
0
0
0.0103533
0.0477267
0.0312133
0.00811667
0
0.0179
0.112327
0.00053
0.000363333
0
0
0.443293
0
0.00639
0.08338
0
0
0
0.000636667
0
0
0.00811
0
0
0
0
0
0
0.01569
0
0.00106
0
0
0.0121967
0.000703333
0
0
0.00179667
0.0156967
0
0
0.0165767
0.0133967
0.00912333
0.0348433
0.00421333
0.000313333
0
0.01356
0
0.000126667
0.00675333
0.0468733
0.00266333
0
0
0.0329467
0.0253667
0.0283567
0
0.000163333
0.0169233
0
0.00018
0.0155967
0.0148267
0.00189667
0
0.00217
0
0.000626667
0.0114633
0
0.0104867
0
0.0378833
0.111177
0.06324
0
0.0226433
0.00241667
0
0.00207
0.205457
0
0.00592667
0
0.0142133
0.00566667
0.249407
0.14778
0.0197533
0.0100033
0.0409167
0.00532667
0.0452433
0.0411767
0.00237667
0.00059
0.00059
0
0
0.00012
0.00012
0.01957
0.00107667
0
0.0117233
0.02606
0.0325867
0.0424633
0.000313333
0.000313333
0.000136667
0.0455333
0.000323333
0.0746367
0.000113333
0.00444333
0
0
0.2053
0.0273833
0.00068
0.00205333
0.000146667
0.0308967
0.00793667
0.02522
0.0214767
0.00311333
0
0.0128533
0.0365667
0.03985
0.0129167
0.11734
0.0351067
0.121417
0
0.00943333
0.0100867
0
0
0.0319767
0.000573333
0.0217567
0.00196
0
0.00119
0.00144667
0
0.0362967
0
0.05061
0.03986
0
0.0392833
0
0.08993
0
0.0108733
0.00325
0.0252233
0.04467
0.234903
0.02336
0
0.0304067
0.0927333
0
0
0.00592667
0.000523333
0
0
0
0.000153333
0.284377
0
0
0.0916233
0
0
0.0476767
0.14983
0
0
0.000453333
0
0
0.0329033
0.0990867
0.00034
0.000156667
0
0.00041
0.01634
0.0104233
0.0500667
0.000783333
0.00532333
0.0413
0.287377
0.0372267
0.02545
0
0
0.0780867
0.0277033
0.0117767
0.10586
0.0381233
0
0.00939667
0.0609433
0.0106633
0.08365
0.0304867
0.00966
0.00541
0.0252967
0.00505667
0.0242833
0.0425633
0.00426333
0.0146367
0.0315167
0.04099
0
0
0.0422
0
0
0.0177067
0.000806667
0
0
0.000286667
0
0
0
0
0
0.00015
0.00171667
0
0.05844
0.0181167
0.0449133
0
0.0432567
0.00722
0
0.0342133
0.00252667
0
0
0.00338333
0.00132667
0.0190233
0
0.01616
0.00128667
0.00164
0
0
0.00268667
0.000353333
0.00032
0.0486833
0
0.0185433
0
0.0345267
0
0
0
0
0.00399333
0.0119167
0.0352433
0
0
0.00838
0
0
0.000203333
0.00157
0.01606
0.0355567
0.00382
0.08346
0
0
0.00920667
0.0103067
0.0431867
0
0
0.00474333
0.0217333
0
0
0.0104167
0.00925667
0.0461867
0
0
0.00024
0.00013
0.162883
0
0.00124
0.00011
0
0.00171667
0
0
0.00267
0.00263667
0
0
0.00251
0
0.000333333
0.00298667
0.0106667
0.0310333
0.00031
0.0255933
0.000336667
0
0
0
0
0.0385933
0
0.00747333
0
0.000163333
0.00109333
0
0.000616667
0.000616667
0.00987667
0.0424233
0
0
0.00058
0.00253
0
0.0290367
0.02407
0.000283333
0.00028
0.00732667
0.0121433
0.000883333
0
0.00021
0
0.00382
0
0.0120667
0.01446
0.0253633
0.00350333
0.000463333
0.0358267
0.06251
0.000123333
0.0112233
0.00022
0
0
0
0.000296667
0.00273
0
0
0.000566667
0.00155
0
0.0359233
0.141683
0.0153033
0.09578
0.0741067
0.04956
0.0389333
0.01189
0.00767
0.106193
0.09756
0
0.0202767
0.0170433
0.02636
0.0242533
0
0.00814
0.0002
0.00755333
0.0122733
0
0
0.000223333
0.00237
0.00112667
0.0151633
0.0122733
0.0112
0.00916
0
0.00151
0.0348133
0
0.03422
0.0376267
0
0
0.00154333
0.11716
0
0.0246867
0.04724
0.120233
0.25077
0.000123333
0.0445067
0.0160067
0.0432967
0.00513667
0.00295667
0.0590267
0.01768
0
0
0.05088
0
0.000243333
0
0.129237
0
0.0314533
0
0
0
0.0218367
0.01818
0
0
0
0.0108933
0
0
0.39978
0
0
0.06417
0
0.00253333
0
0.000496667
0.116153
0.00151333
0.01369
0.00804333
0.0595767
0.00055
0
0.03395
0.01168
0
0.0603567
0
0.00992333
0.01854
0.0555233
0.0027
0.120877
0.0242833
0.00809
0.0512033
0.00305667
0
0.01781
0.0319567
0.0112467
0.13029
0
0.02771
0.0586767
0.00903333
0.14583
0.0413067
0.000433333
0.297077
0.01487
0.00525333
0.00401333
0.00500333
0.562963
0.00502667
0.0236767
0.0441633
0.04471
0.0362833
0
0
0.000286667
0
0
0
0.00851
0.0377967
0
0
0.00155
0.0200933
0.0515433
0.02168
0
0
0.000133333
0
0.00412667
0
0.0225167
0
0
0
0.0454733
0.000426667
0
0.0236967
0.0901833
0.00758333
0
0.0151033
0
0.0308867
0.02695
0.000253333
0.000783333
0.000853333
0
0
0
0
0
0
0
0.0028
0
0
0.0226
0
0.00340667
0
0.0035
0
0
0
0
0
0.00251667
0.000123333
0.00162
0
0.04837
0.00427667
0.00142
0.00374667
0
0
0.00859
0.00505333
0
0.00016
0
0.00172
0
0.00614
0
0.0177
0.000456667
0.000326667
0.00122
0
0.000583333
0
0.0225567
0
0
0.00719333
0.01047
0.0189833
0.05994
0.00850667
0.05439
0
0
0
0
0
0
0
0
0
0
0
0
0
0.01203
0.000276667
0.000246667
0
0
0
0
0.0143267
0.00199333
0.01677
0.00672333
0.01227
0.0109167
0
0.00294
0
0.00949333
0.00031
0.03962
0.0336733
0.0236733
0.02764
0.01096
0
0.0124067
0.0287233
0
0.00344667
0.00379333
0.00503333
0
0.00412333
0.0159133
0.0276333
0.0143
0
0.0168167
0
0
0.000733333
0.00324333
0.01756
0.04197
0
0
0
0.03196
0.00049
0
0.00411333
0
0.00527
0.00319667
0.0196833
0.000216667
0.0686133
0.00123333
0.00055
0.00266667
0.000693333
0.00285667
0.00942
0.00978333
0.0329267
0.000693333
0.0327933
0
0.01431
0
0
0
0
0.00272667
0.0135533
0.000566667
0.0173733
0.02693
0
0.127447
0.02572
0
0
0
0
0.00758
0
0
0.03497
0
0
0.0005
0
0
0
0.0367867
0.00563
0.0186067
0.00489667
0.0123433
0
0
0.0232133
0.01064
0.0453033
0.0172633
0
0.118353
0.00933667
0.0115467
0.00459667
0.14562
0
0
0
0
0
0.0163167
0
0
0.00226667
0.00156
0.0236667
0.0141167
0.08347
0.00350333
0
0.0478833
0.0509233
0.0469867
0.00105333
0.0473467
0.000503333
0.000183333
0.0555533
0.18303
0
0
0.0172433
0.000743333
0.0133867
0
0
0
0
0
0.00726
0.00403333
0.00183333
0.000803333
0.00247667
0
0
0
0.240073
0
0
0
0.0131633
0
0
0
0.0396733
0.0197267
0.03788
0
0.383367
0
0.334883
0
0.645227
0
0.105583
0.0438733
0
0.000106667
0.03553
0.000206667
0
0
0.235457
0
0.000156667
0.0238667
0.01175
0.0108733
0.01771
0.108897
0.0192267
0.05906
0.0163333
0
0.01323
0
0.12585
0
0.000133333
0
0.00552667
0.162753
0.02854
0.000316667
0.01225
0
0.0184067
0.03219
0.09668
0.0840433
0.03713
0.0199467
0.000303333
0.107997
0.000116667
0.00971
0
0
0.02284
0.02188
0.56833
0
0.04295
0.0450467
0.04893
0
0
0
0
0
0.20857
0
0
0.01929
0.0148167
0.00343667
0.00282
0
0.00150667
0.0537067
0
0.0271
0.0179133
0
0
0
0.00401333
0.01204
0.00446667
0
0
0
0.01428
0.116517
0.0556267
0
0.0336967
0.11991
0.00016
0
0.0645033
0
0.05213
0.0357067
0.02309
0.00118333
0
0.000553333
0
0.00616333
0
0.0220033
0.02364
0
0
0.00284667
0.00568667
0
0.00568333
0.0111833
0
0.0223567
0.03334
0
0.0343733
0.0468733
0
0
0.0286567
0
0.0408
0.0159267
0.0336833
0
0
0
0.00039
0.000666667
0
0
0
0.00144667
0.03859
0
0.000166667
0
0.000126667
0.00031
0.0129767
0
0
0.00423667
0
0.0102467
0
0
0
0.03838
0.000903333
0.0078
0.00332667
0.000166667
0.06584
0.00321667
0
0.01915
0
0
0
0.00177333
0.00362667
0
0
0
0.00235333
0.00380667
0
0.000733333
0.04763
0.0561267
0.0345733
9.66667e-05
0.00377333
0
0
0.0164533
0.0102733
0
0
0
0.001
0
0.00259333
0.000603333
0
0.00291
0
0.0173567
0.01151
0.00199
0
0
0.0503933
0.02305
0
0
0
0.0377267
0.000423333
0.00212333
0
0
0.00639
0.00671
0
0
0
0.0242967
0
0
0
0
0.00161333
0
0.00626
0
0
0
0.00112333
0
0
0.0388067
0
0
0.0592267
0.00254333
0
0.0152367
0.000273333
0
0
0
0.00320667
0.00105667
0.00846
0.00559333
0.0101767
0.0357367
0
0
0.00263
0
0.0514
0.0114133
0.0363033
0.00723667
0.0100933
0.000273333
0.0950367
0.0148133
0.04476
0
0.00077
0.0263433
0.00740333
0.0247867
0.00032
0
0.0902333
0.0556933
0
0
0
0.0233
0.0160333
0.0326367
0.0167433
0.00116667
0.00758333
0.00549667
0.0291433
0
0.0347533
0
0.0260967
0.00602667
0.00125333
0
0
0.0138733
0.0136
0.0230567
0.00024
0.00021
0.0140367
0.0125
0.00550667
0
0.0104933
0.00922667
0.000706667
0.000706667
0
0
0
0.00411
0
0.00208667
0
0
0.03173
0.02882
0.00312333
0.0106633
0.03685
0.0383933
0.00327333
0.00479
0
0
0
0
0.00892667
0.000376667
0.00730667
0.02573
0.00149667
0.0462267
0.0423533
0.00028
0.0339333
0
0.00789333
0.0256533
0.00916667
0
0.0302367
0
0.02902
0
0.00021
0.01539
0.00021
0
0.000346667
0.0342267
0.00049
0.00173
0.00138333
0
0.0005
0
0
0.00137
0.000706667
0.00204
0.00537667
0.00763
0.00082
0.00534333
0
0.00979
0.00101333
0.0288233
0
0.0252933
0.01107
0.0212233
0.00253
0
0
0.0312733
0.00922
0.00406
0.00859
0.0187767
0
0.04599
0.00359
0.00059
0.00220333
0
0.00932
0.00015
0.0162467
0.01645
0
0.00486667
0
0
0.00086
0.0156733
0
0.0228033
0.0113967
0.00305667
0.00130333
0.00201
0.0160467
0.00424
0.0164
0
0
0.00113667
0.0162267
0.00216333
0
0
0.00329667
0.00217
0.0241633
0.000586667
0.000586667
0
0.00895333
0.00593333
0.0230533
0.0483867
0.03234
0.00276333
0.00112667
0.0791433
0.03218
0.11836
0.0349333
0.00140667
0
0
0.0174233
0.0232133
0.00237667
0.0112967
0.00304
0.441123
0.00240667
0.0151
0.0148567
0.0111633
0.04645
0.0366967
0.0378933
0.0212433
0.0420967
0
0.0777767
0.06038
0.00201
0.0127233
0
0.07899
0.0680467
0.00327
0.000173333
0.5191
0.0120033
0.0396867
0.0663133
0.03246
0.00336333
0.0528133
0
0.0241267
0.011
0.000376667
0.000173333
0.12261
0
0
0.04894
0.000796667
0.0266467
0.0113867
0.0137867
0.0229867
0.0324867
0.03246
0
0
0
0
0
0.0634133
0
0
0.0236067
0.03631
0.01677
0.00201333
0
0.03656
0.02292
0
0.00789
0.0478633
0
0
0
0
0
0.11218
0.107113
0.0396333
0.103803
0.0400933
0
0.00155333
0.000813333
0.00112
0.02365
0.00143667
0
0.00881333
0
0
0
0
0
0.02702
0
0.00241667
0.00011
0.0425167
0.000573333
0.00479667
0.00392
0.00958667
0.09702
0
0.00400667
0
0.0212267
0.0467833
0.01641
0.0486767
0
0.000146667
0.00380667
0.0119833
0.0333467
0.02993
0
0.0571933
0.02901
0.03399
0
0.00925667
0
0.0221733
0.07928
0.0200567
0
0.00381667
0.0292067
0.00188667
0.000463333
0.33665
0.000183333
0.0104767
0
0.1618
0.01062
0
0.000596667
0.00400333
0
0.0187667
0.00287667
0.00300333
0.00384667
0
0.00930667
0
0.0346133
0
0.00826667
0
0
0.0611033
0.00550667
0.0005
0.01757
0.0003
0.000423333
0
0.0149633
0.00350667
0.00331
0
0
0.00173333
0
0.07396
0.00179667
0.000766667
0
0.0250533
0.04948
0.00228333
0.0346567
0.01945
0.07565
0.340843
0
0.05981
0.0133733
0
0.0400767
0.00865
0.00184
0
0
0.0338933
0.28643
0
0
0
0.000486667
0.000486667
0.0487567
0.0356433
0.00208333
0.0599333
0.173967
0.0349867
0.0851967
0.03155
0.283887
0
0.0195667
0.0661833
0.0294633
0.000566667
0
0.04996
0.0424567
0.09943
0.0378067
0.00226333
0.157227
0
0
0.0462733
0.0478367
0.0683733
0.00034
0.140273
0.01014
0
0.0371667
0.0268833
0.220883
0.00446333
0.0697133
0.01858
0.09611
0.09062
0
0.0414367
0.0217333
0.00270667
0.164113
0.00033
0.0494233
0.0321133
0.0140067
0.00954
0
0
0.0389767
0.0773833
0.0844167
0.248263
0.0444567
0.0131667
0
0.02434
0.0507467
0.0328267
0.0491067
0.0158667
0.345453
0.0341467
0.213147
0.00399
0
0.00410333
0.0318133
0.00261667
0.00143667
0.06099
0.01375
0
0.42115
0
0
0.0373567
0.027
0.0173667
0
0
0
0.00793333
0.01022
0.00672
0.0127033
0
0.0103067
0
0
0
0.0349267
0.0193967
0.00802
0.00277667
0
0.00150667
0.05544
0.00016
0.0504667
0.00262333
0
0.04915
0
0.000376667
0.02951
0.0311567
0.0204767
0.00103333
0.000353333
0.0187133
0.00237667
0.00738333
0.0114233
0.00039
0
0
0.00318333
0.00110333
0
0.04321
0
0
0.000276667
0
0
0
0
0
0
0.0170967
0
0
0
0
0.00741333
0.00193667
0
0
0.00039
0
0.000726667
0
0.0114067
0.00895667
0
0.412987
0.00282333
0.01854
0.03962
0.01488
0.00357
0
0.0264667
0.0154733
0.0182767
0.000126667
0
0.00659667
0.000703333
0.05194
0.00146
0.00415333
0.00032
0.0189567
0.0143667
0.00125
0
0
0.00605667
0.00590667
0
0
0.000396667
0.000396667
0.04326
0.0456633
0
0.00474
0.0247333
0.0109433
0.00182
0.0415833
0.0222533
0.0232733
0.03511
0.0163133
0.00013
0
0.00506667
0.0032
0
0
0.03794
0
0
0
0.0247133
0.000143333
0.00133333
0
0.02657
0
0.00161
0
0.0138667
0.00290333
0.0254433
0.02331
0
0.00048
0
0
0
0.000626667
0
0.0001
0.000356667
0.00024
0
0.000523333
0
0.00029
0.00373
0.000763333
0.00021
0.01627
0
0.00606667
0.00740667
0.03469
0.0001
0.0243367
0
0
0
0
0.000956667
0.00613667
0.00102333
0
0.0292833
0.00014
0.000236667
0.00013
0
0
0
0.00144667
0
0
0
0.0466133
0
0
0
0
0
0
0
0
0.00130667
0
0.00041
0.00041
0.00829333
0
0.0004
0
0.00834333
0
0.00317667
0.00026
0.00331333
0
0.0141133
0.0184233
0.0235167
0
0.000153333
0
0.0108833
0.000246667
0.01288
0.0185467
0
0.00047
0.00571333
0.01073
0.00883333
0
0.000673333
0.0112467
0.0219567
0.00560333
0
0
0.00470333
0.000826667
0.0218267
0.03962
0.000573333
0.00047
0.00341
0.00326
0
0
0
0.00035
0
0
0.00603667
0.0290867
0.0227733
0.0822667
0.0471033
0.00345667
0.000466667
0.0386333
0.0124033
0.00511333
0.00573
0.02147
0
0
0
0
0.00013
0.00014
0.0162133
0.0348067
0.04024
0
0
0
0.00013
0.0251833
0.0340933
0
0
0.0227933
0.0101767
0.00894667
0.0824933
0.09993
0.0334667
0.07727
0.00791
0
0.02484
0.0127767
0.00178333
0.00186
0.01467
0.00547333
0.0120567
0
0
0.00013
0
0.0253433
0.0633933
0.0138433
0.00064
0.0269467
0.00992333
0.00395667
0.00268333
0.00028
0.10825
0.09726
0
0
0
0.00066
0.00035
0
0.04107
0.00498667
0.0295433
0.00843
0.08559
0.0698167
0.0394033
0
0.00698333
0.00560667
0
0
0
0.0206067
0.0117
0.0101533
0
0.00173
0.00891
0.00630667
0.00013
0
0.0133567
0
0.00162
0
0.00258
0.0496133
0.0668333
0.0579367
0.0299
0.01559
0
0.223307
0
0.00201
0.0230867
0.04043
0.00466
0.00692
0.00248333
0.00188333
0.08906
0.06543
0
0.00031
0.00035
0.0365933
0.02154
0.0172567
0.00957
0.0132467
0.03799
0.0944933
0
0.000546667
0.000493333
0
0
0
0.000533333
0.0137967
0.02739
0.0434567
0
0.000513333
0.00212
0
0
0.00337
0.123253
0
0.00026
0.03056
0
0.00643667
0.0265567
0.0153967
0
0.0429867
0.00394
0.00535
0.00151
0
0.00031
0.0004
0
0
0
0
0.00239333
0.0563133
0.0151933
0
0.0257533
0.10396
0.00299667
0
0
0.00475667
0.00073
0
0.00201
0.00121333
0.0290333
0.00278333
0.0432
0.00233
0
0.0002
0
0
0
0
0.000543333
0.05109
0.00629
0.01298
0.0427833
0.0599633
0.00566
0
0.04585
0
0.0348767
0.0361967
0.0426567
0.0301967
0.00251333
0
0.05109
0
0.0138967
0
0.02463
0
0
0.00764667
0.00694667
0
0.00666333
0.0224533
0.0119967
0.00073
0.00261333
0
0.0508433
0.00082
0.0320467
0.00807333
0.000316667
0.000316667
0.01199
0
0.00026
0
0.0566567
0.249817
0.0275567
0.0156233
0.03463
0.02445
0
0.00834667
0.03636
0.01251
0.00315667
0.0122833
0.0101467
0.04409
0.00318
0
0.0515733
0
0.00141667
0.00861667
0.01276
0.0359667
0.00383333
0.0008
0.000653333
0
0.33651
0.00322
0
0
0.00019
0.00654
0.01083
0.00162
0.00154667
0.01945
0.00213667
0.01365
0.0215533
0
0.0661833
0.0365067
0
0.03592
0.000833333
0.05023
0.00219333
0
0
0.01479
0.0059
0.0190267
0.00254333
0
0.00134333
0
0.00263667
0.0350067
0.02232
0.0354167
0.00039
0.0385233
0.00368667
0.000453333
0.00025
0.00025
0
0
0.23926
0.00151
0.00711667
0
0.000843333
0.00402667
0.00780333
0.0120267
0
0.00126333
0.0179833
0.00227333
0
0
0
0
0.0219467
0
0
0.00464
0.00180667
0.03991
0.02222
0.0240333
0
0.0700667
0
0
0.0458933
0.108763
0.00537
0.00069
0.00940667
0.00022
0.0790433
0.0185633
0
0.000223333
0.000113333
0.0786933
0.217433
0.000933333
0.0114133
0
0
0.00035
0.00219
0.01635
0
0.00029
0.0296267
0.000413333
0
0.00474333
0.0235467
0.000103333
0.00253667
0.00247667
0.0741933
0
0
0.03131
0.09035
0.00179667
0.127013
0.273597
0.02019
0.114763
0.02951
0.0213567
0.0320267
0.01568
0.0160667
0
0.0382
0.0228167
0.0291067
0.0282167
0.0447233
0.143047
0.000223333
0.02828
0.17537
0.00986667
0.0103333
0.0665233
0
0.0392433
0.0469767
0
0.05089
0
0
0
0.00171667
0.0538033
0
0
0.25652
0.04233
0.000693333
0.00276667
0
0
0.10742
0.172303
0.00227
0.122213
0.1217
0.0356533
0.03326
0
0.0344267
0
0
0.0741867
0.300203
0.0254533
0.187353
0.03779
0
0.0773633
0.07975
0.08421
0.01956
0.0628267
0.0124867
0.00191333
0.03944
0.299427
0.306527
0.04195
0.01664
0.000143333
0
0.00168
0.00427
0.0117
0.00402333
0.03605
0.130533
0.00842
0.0089
0.0106667
0.03159
0.00314333
0.04916
0.02711
0.0413333
0.00167333
0.00217667
0.07022
0.0115067
0.0261633
0.00432667
0.0219767
0.0460233
0.0271233
0.0669
0.0212133
0.03681
0.0399967
0.0511767
0.00410333
0.0594067
0.0181933
0
0.0265767
0.05175
0.0330067
0.00823333
0.269903
0.00179333
0
0.00306667
0.01351
0.00225333
0.00509667
0.00120333
0.0141667
0.0535633
0.0163333
0.00067
0.00109333
0.0185267
0
0.01944
0.20259
0.0335633
0
0.03854
0.0423767
0.0264767
0.0404733
0.00529333
0.0365333
0
0.0226433
0.0142433
0.00608333
0.00960333
0
0
0.02173
0
0.0329967
0.0148733
0.00184667
0.0351133
0.01516
0.00587
0.00026
0
0.000176667
0.00337
0.0575
0
0.000406667
0.03216
0.00931
0
0.04986
0.00279333
0.0189733
0.02659
0.0338333
0
0.00689667
0.000126667
0.328023
0
0.00176333
0.00224
0.0195333
0
0.00505333
0
0.00465
0.0505
0
0.0131967
0.00168667
0.000176667
0
0
0
0.000176667
0.0517833
0.0362433
0.000733333
0.0375367
0.0277433
0.00381
0.033
0.02499
0.00541667
0.00251
0.00887333
0.00617667
0
0.04265
0.0117267
0.0017
0.03193
0.00154333
0
0.0213933
0.00146
0
0
0
0
0
0.0104133
0.01477
0.0115833
0.08508
0.00015
0.0002
0
0
0
0.00984667
0.0103833
0
0.02254
0.0313167
0.00015
0
0.0302033
0.04633
0.02541
0.0229567
0.00102
0.00324333
0.08771
0
0
0.27096
0.03246
0.01333
0.00624
0
0.0318333
0
0.00498667
0.01612
0.000873333
0.0177767
0
0
0
0.0107833
0.00299333
0
0
0.0220967
0.00324
0.0160867
0.00583333
0.000143333
0
0
0.0295567
0.03602
0
0.0198333
0
0.0171467
0.0116767
0.0157067
0.00091
0
0
0.01202
0
0
0
0
0
0.00168
0
0
0
0.000603333
0.01312
0
0.00057
0
0
0.0667
0
0.00996667
0.0398567
0
0.00399
0.00141
0.00436
0
0.00491667
0.00789
0.0395833
0.00187
0.00105667
0.0353533
0
0
0
0.00012
0.00380333
0.0470767
0.02979
0
0
0.0219667
0.02114
0.00154667
0.00215333
0
0
0.0510833
0.0402367
0.01063
0.01333
0.01156
0.00480333
0.0414567
0.0158767
0
0.0382167
0.00209333
0.0311733
0
0.123113
0.00012
0.00867
0
0.07675
0.0281533
0.0170667
0
0
0
0.000196667
0
0
0.000566667
0
0
0
0.00489667
0
0.0842067
0.0742667
0
0.0409367
0.02786
0.11756
0.0140167
0.01656
0.000463333
0
0.000743333
0.000176667
0
0
0
0.00176
0.06702
0
0
0.17488
0.0233267
0
0.07626
0.0549
0
0
0.00096
0.0222933
0.00125333
0
0.0369067
0.00224667
0
0.0109933
0.434277
0.00322667
0.02182
0
0.00495
0
0
0
0
0.0826733
0.01749
0.00459333
0.0446633
0.116747
0.000316667
0.0121933
0.0381867
0.0817367
0.12638
0.0838167
0
0.0316033
0.00029
0.00957333
0.0111133
0.0794267
0.0151033
0
0.0232233
0.0104033
0.000223333
0.0483833
0.01141
0.0231433
0.00520333
0.00359333
0.00171667
0.0324833
0.06184
0.00150333
0.0187267
0.00327333
0.0908667
0
0.00393667
0.0143233
0.16079
0
0.0185933
0.00387
0.0257333
0
0.0105633
0
0.0268
0.0299967
0.00419
0.0324433
0.0258233
0.0347867
0.0386667
0.00924333
0.14399
0.03918
0.0422133
0
0
0
0
0.07088
0.0361367
0.02324
0.0569167
0.0553233
0.0174067
0.0329667
0.10692
0.00164333
0.0579067
0
0
0.0378633
0.0355767
0.00283333
0.00135
0.00194
0
0
0.000116667
0.0326833
0.25972
0
0.0187367
0.0685967
0.0916433
0
0.03897
0.01966
0
0.00700333
0.04727
0.00384333
0.00421333
0.02438
0.02119
0.0321
0.00580333
0.00726
0.03701
0.0231833
0.0375233
0.00595667
0.0126433
0.000903333
0.0273967
0.00342667
0.00602667
0.0112
0.0171333
0.000583333
0.000916667
0
0.0278933
0
0.00236333
0.04875
0.0687667
0.0909533
0.0573433
0.0187033
0.0210333
0.01129
0.03849
0.0353767
0.00178667
0.000363333
0.0305633
0.0168533
0.02805
0.00031
0.01857
0.0161133
0.000113333
0
0.01753
0.0378
0.00957333
0
0.0360267
0.00621333
9.66667e-05
0.02122
0.04501
0
0
0
0.0608033
0.0111667
0.0862
0.00472
0.00037
0.0466333
0.0326233
0.0296667
0.12004
0.00344667
0
0.00287667
0.000533333
0.0341733
0
0.0307367
0.00424
0
0.0662967
0.0320033
0
0
0
0
0.0257567
0.02445
0.000116667
0.00168333
0
0
0.0106733
0.00937333
0.0521
0
0.0003
0
0.000463333
0
0.00141
0.01546
0
0.07709
0
0.0150967
0.00352667
0.00514667
0.0111633
0
0
0.0273267
0.245107
0
0
0
0
0.0271367
0.0459667
0.00354333
0.01065
0
0
0.02221
0.00397
0
0
0.0201933
0.00135667
0.00183
0.00946333
0.0216733
0.06517
0.0323667
0.0698067
0.561473
0.00318
0.551
0.439217
0.35189
0.000316667
0.00202
0
0
0.00014
0
0.00630333
0
0
0.0470533
0.000143333
0.000143333
0.205577
0
0
0.00579333
0.00467667
0
0.000603333
0.01319
0
0
0
0
0
0
0
0.00735333
0
0
0.00116
0.000843333
0
0
0
0
0
0
0.0264833
0.00399667
0.0129033
0
0.00215333
0
0
0.02458
0.0257733
0
0.000316667
0
0
0
0
0.000843333
0
0
0.00372333
0
0.00329667
0
0
0.0317033
0.0192267
0.00337667
0
0.000316667
0.00986333
0.00718667
0
0.0228667
0
0
0.0104933
0.01806
0.0004
0
0
0.0455967
0.06245
0.000533333
0
0
0
0.00258333
0
0
0
0.0266833
0.0160933
0.0789033
0.00493333
0
0
0
0
0.0916667
0
0.0903833
0.00107667
0
0
0
0.0325667
0.00623333
0.00314667
0.06882
0.03535
0
0
0.05011
0.11188
0
0
0
0.0222467
0.0599733
0.03814
0
0
0
0.0271867
0.0149967
0.0381633
0.07436
0.129937
0.00085
0.0333967
0.00573
0.0465233
0.000396667
0.00437667
0.0657067
0
0.000606667
0
0
0.0394867
0
0.0472233
0.04617
0.00975
0.08377
0.06307
0.149413
0.10664
0.00110667
0.0494733
0.00074
0
0.0701833
0
0.0457767
0.0166667
0.00537667
0.00442667
0.000606667
0.000606667
0
0.00406
0.13373
0.0876233
0.0730667
0.0323933
0.01729
0.0354733
0.0330467
0.0466733
0.0957667
0.00368333
0.00109333
0.00109333
0.00406333
0
0.00267667
0.0223167
0.0505867
0.133053
0.00767
0.0201867
0.08925
0
0
0
0.0489967
0
0
0.000276667
0.000616667
0.05332
0.00935333
0.06267
0.0134567
0.00239667
0.00221667
0
0.00635667
0.01453
0.01966
0.0369767
0.0847667
0
0
0.0620967
0.01601
0.00672
0.00467667
0
0.18952
0
0.00302333
0.00247667
0.111263
0.00247667
0.08445
0.193143
0.491797
0
0.00248667
0
0.05609
0.185113
0
0.0268267
0.00036
0.00928
0.02639
0
0.12192
0.0100467
0.0484133
0.06774
0.0694233
0.01822
0.02004
0.0117067
0.00013
0.05873
0.118943
0.0539567
0.00205333
0.00208667
0.0269467
0.0122833
0
0
0.0231667
0
0.0109667
0.00372
0.0410567
0.0565567
0.0244167
0.00414333
0.00239
0.00291
0.05386
0
0.00209667
0.04003
0
0.0278533
0.0300733
0.000293333
0.00315667
0
0.0406933
0.08413
0.0823967
0.0534867
0
0.0293367
0.00104667
0.0367167
0.0001
0.0472233
0.07124
0.02094
0.01899
0.0318633
0.02308
0.0466367
0.03975
0.02847
0.01501
0.0175567
0.00832667
0.0110467
0.02043
0.0122067
0.0168533
0.03783
0.0385767
0.0351333
0.000363333
0.182147
0.000133333
0.0440567
0
0
0.00134333
0.00288333
0.174803
0.0436567
0.0037
0
0
0.0295033
0.00151667
0.0490767
0
0.00318333
0.000143333
0.0790467
0.00757333
0
0
0.00785333
0
0
0
0.00395667
0.00505333
0.00588333
0
0
0.0258467
0
0.04066
0
0.02177
0.00308333
0.0545133
0.03314
0.0295633
0
0.0125733
0.33492
0
0
0.000263333
0.00808
0.00173667
0
0.00307333
0.374217
0.000373333
0.02598
0
0
0
0.00392
0
0
0.0240933
0
0
0
0.0214467
0
0.46343
0.00240667
0.0628467
0.45866
0.01163
0
0
0
0
0
0.11734
0.157693
0.148133
0.0520633
0.172967
0
0
0
0
0
0.0347933
0
0.00317333
0.184003
0.0207233
0.05638
0
0
0.02108
0
0.22879
0.0299967
0
0.00743667
0.00961
0.00218
0.00206
0.04616
0
0
0
0
0.00061
0.00469
0.00141667
0
0.00466667
0.00253
0.00176
0
0
0.00180333
0
0
0.0506
0
0.000616667
0
0.0259067
0.03208
0
0.0303467
0.00113333
0
0.000323333
0.000443333
0
0
0
0
0.0211233
0
0.00154667
0.0286267
0.00182
0.00107667
0.00012
0
0
0
0
0.00976
0
0
0.000463333
0.0467067
0
0.0469967
0
0.0102333
0
0.0237933
0.103683
0.00474
0
0.00671333
0.0169267
0.0408067
0.0518967
0.0691033
0.00012
0.0302933
0
0.00012
0
0.0335567
0.03949
0
0
0.00703667
0.0831667
0.0214033
0.05495
0.07358
0.0843933
0.111057
0.00046
0.00538667
0.0127
0
0
0.0422867
0.000303333
0.07209
0.00061
0
0
0
0.05411
0.0937367
0.00159
0.0285633
0.0752267
0
0
0.01539
0.01154
0.0414567
0
0
0.0421867
0.00902
0.00508
0.00565333
0.0135733
0.0361067
0.0217167
0.0381333
0.02408
0.10228
0
0
0
0.0947
0
0.04452
0.0301233
0.00128667
0
0.0278
0.166803
0.125367
0.0446367
0
0
0.0245267
0.00207
0.000383333
0.00859667
0.04502
0.0230367
0.00266333
0.06081
0.00013
0.0219467
0.0454933
0.0195433
0.0575667
0.00047
0.00188667
0.000273333
0
0
0.02227
0.0297133
0.0401533
0.0101267
0.0474633
0.000656667
0.000293333
0.01377
0.01631
0
0.0337333
0.03858
0.01384
0.0130467
0.00615333
0
0.0102867
0.0368533
0.01396
0.03251
0.00449
0.0031
0.02934
0
0
0
0.04951
0.00206667
0.0345967
0.0362933
0.0351633
0.00442
0.03239
0
0.03194
0.00207333
0.0508
0.04379
0.0009
0.00998333
0.00984333
0.0169533
0.01034
0.00420667
0.00290667
0.000213333
0.0128433
0.00049
0.0198867
0.0132333
0.0546067
0.00224
0.112657
0.0586767
0.0563067
0.0340967
0.00395667
0.01449
0.455497
0.03438
0.0490433
0.000623333
0
0.0311033
0.0436033
0
0
0
0
0.000143333
0.0211367
0
0
0.04239
0.000476667
0.05338
0
0
0
0.06415
0
0.0181367
0.0111367
0.0132533
0
0
0.00298
0.02626
0
0
0.000223333
0.000223333
0.0237533
0
0
0.0562833
0.000143333
0
0.0350233
0.00208333
0.0286967
0.000123333
0.00023
0.0154233
0.01683
0.609907
0.0426967
0
0.0669867
0.35227
0.02603
0.000383333
0.00791
0
0
0
0
0.00135667
0
0.00128667
0
0.0221533
0
0.0264767
0.07538
0.00234667
0.0708133
0
0.000383333
0.00268667
0.0034
0.3038
0.543033
0.03233
0.00143
0.00413333
0.0231067
0.0320933
0.00281333
0.04089
0.11236
0.100327
0.01732
0.00168667
0.219787
0.03032
0.05591
0.776077
0
0.0294067
0.0315667
0.0215333
0
0.0322633
0
0.000116667
0.0707
0
0
0.00889
0.000846667
0.04274
0.0438033
0.04444
0.02553
0.0835
0.0237133
0.00273
0.04703
0.00219333
0.00308333
0.00246667
0.00170333
0.0159533
0.0666833
0.00064
0
0
0.00187667
0.0283767
0.0013
0.000533333
0.0134567
0.0205367
0.0657167
0.0685133
0
0
0.0438667
0.000973333
0
0.00150333
0
0.00270333
0.00630667
0.0215033
0.00272333
9.66667e-05
0.0667133
0
0
0
0.01461
0
0.0698067
0.0441
0.0619
0
0.00284667
0.00327333
0.0419
0.03416
0.00210667
0.02846
0.0641433
0.00297333
0
0.43277
0.04162
0.03518
0.0131067
0.04535
0.25625
0.0113533
0.00321667
0
0.113537
0.100153
0.0354967
