0.000393333
0.000283333
0.00746333
0.03393
0.202427
0
0.00884
0.0375767
0.00547333
0
0.00876
0.01003
0.0157433
0.000723333
0.00460667
0.03128
0.01037
0.02548
0.000826667
0.00400667
0.00551667
0.0590133
0
0.000836667
0.0346367
0.00369667
0.0164867
0.057
0.00326333
0.00191333
0.312147
0.0656433
0.00689333
0.00340333
0.0240667
0.0102367
0.0751967
0
0.00501667
0.162717
0.311623
0.00247333
0
0.000316667
0.00527667
0.0444667
0.05058
0.02592
0.00047
0
0.01587
0.0311633
0.0541167
0.0331033
0
0.400703
0.0415867
0
0.0156
0.0484533
0.02072
0.00305
0
0.01737
0.58975
0.42842
0.0145267
0.577723
0.0822733
0.00258
0
0.245547
0.000306667
0.0280833
0
0
0.0664467
0.00442333
0.00477333
0.07766
0.0116933
0.00088
0.0200567
0.598677
0.208123
0.000133333
0.0159533
0.0750467
0.0330567
0.19583
0
0.000316667
0.00088
0.0256233
0
0.0509633
0.03629
0.000383333
0.217317
0.0511333
0.0514433
0.0422
0.05134
0.0338067
0.377117
0.00202667
0
0.0484333
0.236067
0.0511367
0
0.0328833
0.0458033
0.0195133
0
0.00125333
0
0.02987
0.0349667
0.0230933
0.0336467
0.0602733
0.03425
0.03237
0.00055
0.0172033
0.00315333
0.0220767
0.00300333
0
0
0.000996667
0.0422533
0.01609
0.00252333
0.13808
0.239153
0.23565
0.01128
0.0150633
0.00637667
0.00792667
0.00303
0
0
0.07013
0.0236967
0.01364
0.04749
0.000516667
0.0218
0.01266
0.0174633
0.0138633
0
0
0.0494567
0.03852
0.66274
0.0555467
0.0262633
0.04984
0.262263
0.1272
0.11881
0.50031
0.0531833
0.0361167
0
0.00505
0.25895
0.02964
0.21768
0.0136933
0.0496633
0
0
0.52409
0.04186
0.00385667
0.00353
0
0.02782
0.000773333
0.00336333
0.0229167
0.0105833
0.0289767
0.256663
0.0195533
0.0160767
0.08058
0
0
0.36251
0.00431667
0.0402033
0.00688333
0.0356067
0.00513333
0.000916667
0.0258433
0.032
0.0819233
0.000383333
0.00668333
0
0.225343
0.00425333
0.0364067
0
0.289343
0
0.000616667
0.000133333
0.134757
0.000196667
0.000653333
0.0045
0
0.0095
0.000133333
0.01678
0.00549667
0.01098
0.00258667
0.541683
0.00185
0.0141567
0
0.000843333
0.27206
0.00533667
0
0.0817633
0.01715
0.0557267
0.3573
0.164353
0
0.00848
0.0047
0.0877867
0.0961667
0.00603667
0
0.00340333
0.000943333
0.000766667
0
0.000373333
0.522877
0
0.00279
0.578953
0.00101333
0.0182567
0
0
0
0
0
0
0
0.0841967
0.00493
0
0.0725733
0
0.00163
0
0.0434933
0.01176
0.00426667
0.00417333
0.01646
0.00654667
0.00784667
0.0162167
0
0.00368333
0.01535
0
0.00191333
0
0.12215
0.01004
0.134357
0
0.0102267
0
0
0.000196667
0
0
0
0.00315333
0.000416667
0.0204033
0.0646
0.156693
0.000713333
0.000376667
0
0
0.000506667
0.00066
0.00083
0.000613333
0
0
0.00174333
0
0
0.00108667
0
0
0
0.00165
0
0
0
0.000196667
0.00395
0
0
0
0.00923667
0
0
0
0
0.00014
0.116567
0
0
0.000146667
0.01508
0.00823333
0
0.000776667
0
0
0
0.22758
0.00221667
0.00057
0
0
0.000336667
0.0121833
0.00199333
0
0.000493333
0
0
0.05593
0
0
0.00163333
0.000933333
0.000153333
0.04043
0
0
0
0.00016
0
0
0.000703333
0.00033
0
0
0.00605667
0
0
0.0180233
0.000286667
0.00235667
0.000396667
0
0.00459
0.00946
0
0
0
0
0
0
0.00388
0.000773333
0
0.00057
0.0001
0
0
0
0
0.137663
0.00263667
0.0131267
0
0
0
0
0.000113333
0.01803
0
0
0.00209
0.000366667
0.00148
0.00850333
0.00207667
0.00785
0
0
0.00016
0
0.01736
0.00122333
0
0
0
0.00447
0.0361733
0
0.00230667
0.000126667
0.0367967
0.0581733
0
0
0
0
0
0
0.00112
0.00352333
0.0260033
0
0.00845333
0
0.04324
0
0
0.000926667
0.0188933
0.0101833
0
0
0
0
0.000776667
0
0.176507
0
0.00027
0.00027
0
0
0
0
0
0
0
0
0.00116667
0.00962333
0.0327267
0
0.0401533
0
0.00052
0
0.000283333
0.000526667
0
0.100237
0.112347
0.00418333
0.0232267
0.03425
0.168427
0.11116
0.0494967
0.0606367
0.0127233
0
0.00023
0.00762333
0
0
0.0222167
0
0
0
0.0144333
0.0766033
0.0257833
0
0
0
0
0.01698
0
0.00243333
0.0139933
0.0324267
0.0212867
0.00221333
0.03146
0.0069
0.0207667
0.0313767
0.000416667
0.01497
0.0137633
0
0
0.00914667
0
0
0.00026
0.02731
0.00797
0.0438367
0.000176667
0
0.000533333
0
0
0.0138233
0.0118033
0
0.00027
0.264707
0
0
0.000666667
0
0
0.000666667
0
0
0.00411333
0.000583333
0.00467
0.01336
0
0.00558333
0
0
0
0.0640433
0.00828
0
0.00190667
0.107557
0.0714533
0.03915
0.0177167
0.145313
0.0547167
0.0483667
0.0551367
0
0.136323
0
0.0217167
0.332023
0.263737
0.138963
0.0358
0.02397
0.0554133
0.06581
0.00439
0
0.000736667
0
0.245043
0.0575667
0.54046
0.337663
0.0103333
0.0240867
0.0223967
0.0280833
0.00400333
0.00263333
0.00235333
0
0.0314433
0
0.429937
0.116267
0.00577667
0.0374833
0.06735
0
0
0.274093
0.18635
0
0
0.21028
0.18429
0.01743
0.0366833
0.00647667
0
0
0.00023
0
0
0.00362667
0
0.0226567
0.01999
0
0
0.0633667
0.000616667
0
0
0.02796
0.03223
0.02386
0.0229633
0
0
0.0225733
0
0.00671667
0
0.000156667
0.00799667
0.000156667
0.0290267
0.00289333
0
0.000156667
0
0.0366367
0
0.0385067
0
0
0
0
0
0.02379
0.0111567
0.0118533
0.01203
0
0.0159433
0.00236
0
0.000383333
0.03988
0.0186667
0.0349467
0.00122
0
0.00350333
0.0166533
0.0168933
0.00629
0.0452833
0
0.00613
0
0
0.01089
0
0.00702333
0.0572667
0
0.00497333
0.000736667
0
0.00949
0
0.0734733
0.00171
0.00125
0.00217667
0.03963
0
0
0.0933067
0.0724133
0.0395833
0.112393
0.00034
0.06818
0.672547
0.445417
0.418703
0.302813
0.06699
0.0200667
0.03715
0
0.45495
0.289853
0.603743
0.67912
0.563517
0.620227
0.08158
0
0
0.00373333
0
0.00136333
0.314643
0.42885
0.28936
0.00481333
0.0391467
0.274353
0.520503
0.00313333
0.00395667
0.0067
0.391797
0.48307
0.229277
0.0184433
0.00503
0.07888
0.0338933
0.00708
0
0
0
0
0
0
0.0193467
0
0.0160833
0.0371667
0.0135167
0
0.00344667
0
0.00179667
0.00057
0
0.00026
0
0
0.00469333
0
0.00303667
0
0
0
0.0354367
0
0.000136667
0
0.02929
0
0.0422567
0
0
0
0.04092
0
0
0
0.00909333
0.00094
0.0038
0.000603333
0.0195633
0.00435333
0
0
0.00971333
0.00364333
0
0
0
0.0100033
0.0482367
0.0278967
0
0.0162233
0
0.00125
0.00597667
0.00446
0
0.0764067
0
0.0916933
0
0
0.00337
0.00280667
0
0.00025
0.00122667
0.00150333
0.000236667
0.00338667
0.00045
0
0.16017
0.03763
0.0736267
0.110037
0.0473867
0.00385667
0.08814
0.02906
0
0.00257667
0.0369867
0.03614
0.11957
0.0821467
0.0186033
0.0555233
0.000106667
0.0694667
0.132257
0.39708
0.10143
0.00189333
0.00842333
0.0116367
0.0748667
0.124823
0.0636133
0.0640667
0.00365
0.00775
0.00786
0
0.00322667
0.1309
0
0
0.0401167
0.03604
0.00304667
0.00908333
0.028
0.0367233
0.00335
0.0180467
0.0216467
0
0.00381333
0
0.00081
0.000493333
0.00586333
0
0
0
0.0188533
0.0168167
0
0
0
0.00565
0.0415833
0.03903
0.000136667
0
0
0
0.00405667
0.00931
0.00324667
0.000526667
0
0.00391333
0
0.00822
0.000376667
0.01375
0
0.04838
0
0
0.08187
0.0636533
0.0369667
0
0
0
0
0.0204033
0
0.0250233
0.00102667
0.00210333
0
0.0357
0.02104
0
0.0511967
0.000556667
0.05957
0
0
0.0151833
0
0.000603333
0.0252733
0
0.000183333
0
0
0.000836667
0
0
0.000106667
0
0.119383
0
0
0.0130833
0
0.00116667
0.00199667
0.00173
0.0191
0.04386
0.0155233
0.00304667
0.02055
0.01994
0.0146567
0.0183733
0
0.0123833
0
0
0.04103
0.245997
0
0.08148
0.0211967
0
0.0387033
0.01894
0.01314
0.13064
0
0
0.00856667
0.00382333
0.02652
0
0
0
0
0.0119467
0
0
0.00496
0
0
0
0
0.0371733
0
0.0142933
0.0379433
0.226253
0.0006
0.0307833
0.01351
0
0.0106233
0
0
0
0
0.04624
0
0.0677333
0
0.00339667
0.0339333
0
0.0566567
0
0.0263867
0.02427
0
0.000593333
0.01567
0.00246667
0.00325667
0.00682333
0.00791
0.08803
0.000263333
0.00442667
0.109797
0
0
0
0
0.00368333
0.0226433
0.00042
0
0.000256667
0.000256667
0
0.000246667
0
0
0.0241033
0
0.00235667
0.00298333
0
0
0.000136667
0.0108833
0.0401367
0.00164333
0.02656
0.0195633
0.01271
0.0378967
0.000343333
0.00028
0.00107
0
0
0
0
0
0
0.0477233
0.0142467
0.0115467
0
0.00882667
0.01675
0.0174433
0
0
0.00547
0.00158333
0
0
0
0
0
0
0
0.0131267
0.0188933
0.000123333
0
0
0.0111467
0
0.00236
0
0
0
0
0.00244667
0.00309
0
0
0.0142
0
0
0
0
0
0
0.000583333
0.0388633
0.00045
0
0.00448667
0.00759
0.000736667
0
0.00100333
0.0345667
0.00592
0.0158
0
0
0
0.0317033
0.00982333
0
0.0006
0.00640667
0.000313333
0.0224233
0.0271333
0.00280667
0.00451
0.00881
0.00017
0
0
0.00301333
0.0381567
0
0
0.02072
0.00232
0.000143333
0.00042
0.00292667
0
0
0
0
0.00017
0.03398
0.01046
0.0257633
0.000446667
0
0
0.0123833
0
0.00136333
0
0.00835
0
0
0.00856667
0
0.000726667
0.00154667
0
0.00856667
0.00713333
0.01239
0
0
0.00226667
0
0.00155667
0.00477
0
0.000176667
0.0398
0
0
0
0
0.000986667
0
0.000366667
0
0
0.000256667
0
0.00497
0
0
0
0
0.0473767
0.0470367
0
0
0
0.000556667
0.0386167
0.0187633
0.000333333
0.00131667
0.00423667
0.0304
0.00028
0.0196367
0
0
0.00596
0.0351333
0.000456667
0
0.0156367
0.0385167
0
0.00778333
0
0.00892667
0.0152433
0
0.000766667
0.00202667
0.00927667
0.0006
0
0.00525
0
0.000696667
0.000476667
0.00046
0.00021
0
0
0
0.000296667
0
0.000436667
0
0
0.0160533
0.0317733
0.000506667
0.000606667
0
0.00232
0.00919667
0
0.00824
0.000296667
0
0.00254667
0
0
0.09551
0
0
0
0
0
0
0.00490333
0.00114667
0
0
0
0
0.016
0.00846333
0
0
0
0.00277
0.0387467
0
0.0544267
0
0
0.00138
0.00346667
0.00155667
0
0
0
0.0360867
0
0
0.0310267
0.0660533
0.00249333
0.000883333
0
0.0106567
0.00034
0.00317333
0.01537
0
0.00034
0
0.0347233
0
0.00364
0.0028
0.0178
0
0
0.000476667
0
0
0
0.0210633
0.00247667
0.25958
0.146677
0.00196667
0
0
0.000153333
0.000296667
0
0.00252
0.00560667
0
0.01649
0
0.000726667
0
0.00865
0
0
0
0.00025
0
0.00495333
0.00100333
0
0.00027
0
0
0
0.00031
0.00031
0.000476667
0.00077
0
0
0.00105333
0.00253
0.000176667
0.00986333
0.0110967
0.00820333
0.0369133
0.00063
0.0144733
0.0051
0.00107
0
0
0
0.1251
0
0.00033
0
0
0.00114667
0
0
0
0.0191533
0
0.00247667
0.01403
0.07314
0.00631
0
0
0
0
0
0.00251667
0.03308
0.04369
0
0.00958
0.000366667
0
0
0.02681
0.04476
0
0.00802
0.436093
0.000883333
0.0156
0.0103967
0.00014
0
0.00111333
0.000433333
0
0.00482333
0
0.00349
0
0
0
0.00317667
0
0
0
0.00883667
0.0001
0.00951667
0.0017
0
0.0532133
0
0
0
0.03465
0
0.000393333
0.00843
0.0212867
0
0.01361
0.0211633
0
0.00242667
0
0
0.00865667
0
0.0028
0
0
0
0
0
0
0
0.0329533
0
0.00165
0.000106667
0
0
0
0
0.00129667
0.02139
0
0
0.0278133
0.00980333
0.000756667
0.000403333
0
0.0001
0
0.000116667
0.000203333
0.03366
0.0162733
0.00470667
0
0
0
0.0172633
0
0
0.0220267
0
0
0
0.0455633
0
0
0
0
0
0
0
0
0.00694667
0
0
0
0
0.00140333
0
0.00789
0.00177333
0.00122333
0.000156667
0.000156667
0.00668
0.660733
0
0
0
0
0.000616667
0
0.0340933
0
0.00272
0.03391
0.00458
0
0.00339333
0
0
0
0.00383667
0
0
0
0.00014
0.00017
0.00017
0.000553333
0.000683333
0.0001
0
0
0.02273
0
0.00762333
0
0.00011
0.00439333
0.646427
0
0.03667
0.03366
0
0.28924
0
0.0115367
0.0147133
0.00274
0.00305333
0.0360933
0
0
0
0
0.000416667
0.00027
0
0
0.00129667
0
0.03815
0.00014
0.01698
0.03502
0.0002
0.00100333
0.01249
0
0
0.00335667
0.00038
0.000726667
0.00823
0.00713667
0
0
0
0
0
0
0
0.04093
0.0103967
0
0
0
0
0
0
0.00938
0
0
0.0390367
0
0
0
0
0
0.000216667
0.01902
0
0.000256667
0
0.00047
0
0.00121667
0.00016
0.00208667
0.11063
0
0
0
0
0
0
0
0.01013
0
0
0
0
0
0
0
0
0
0
0
0.00131
0.00284
0
0
0
0.00168333
0.0104233
0.00794
0.000296667
0.10579
0
0.000766667
0
0
0.03216
0.00187667
0
0
0
0.0199
0.00028
0
0
0.00458667
0
0
0
0
0
0.000106667
0
0.03592
0
0
0
0
0
0
0
0
0.0413633
0
0
0.000476667
0
0.00898667
0
0
0
0.0250267
0
0.0428967
0
0
0
0.000206667
0.000363333
0
0
0
0
0
0.000323333
0
0
0.00025
0.00304667
0
0
0.0440367
0
0
0
0
0
0
0.0601767
0
0.0524867
0
0.0306167
0
0
0
0
0.00032
0
0
0
0
0
0
0
0
0
0
0.0123533
0
0
0.000946667
0
0
0
0.00185
0
0.11791
0.40367
0
0
0.00169667
0
0.105903
0
0.00062
0
0
0
0
0
0
0
0.00667
0.000106667
0
0
0
9.66667e-05
0.00182
0
0
0.000546667
0.00409667
0.00031
0.01765
0.00031
0.00014
0
0.00083
0.0113633
0
0
0
0
0
0
0
0
0
0.0370067
0.0023
0
0.000433333
0
0
0
0.000323333
0.000136667
0
0
0
0.00419333
0.018
0
0
0
0
0
0
0
0
0
0
0
0.00208333
0.0103467
0
0
0.0100667
0
0
0.00280667
0.00228
0
0
0
0
0
0.000223333
0.0178767
0
0
0
0
0
0
0
0
0
0
0.251407
0
0
0
0
0
0
0
0
0
0
0
0
0
0.00485667
0.00558667
0
0.0145533
0.00358
0
0
0
0
0
0.0168267
0.00276
0
0.0272767
0
0
0
0.0356767
0.000503333
0.01432
0
0.00395333
0
0
0
0
0
0
0
0
0
0
0
0.00879667
0.0157467
0
0
0
0
0
0.03232
0
0
0
0
0
0
0
0.02561
0
0
0
0
0
0
0.00999
0
0
0
0
0
0
0
0
0
0
0
0
0
0
0
0
0
0.00222667
0
0
0
0
0.00224
0
0
0
0.000266667
0
0
0
0
0
0.000406667
0
0
0
0
0
0
0
0
0.00557
0.00551667
0.00373
0
0
0
0
0.0379933
0
0
0
0
0
0
0.0180333
0
0
0
0.00163333
0.0174
0.0297067
0
0.0051
0.0115967
0
0.000556667
0
0.00649667
0
0
0
0.00690667
0
0.00411667
0
0
0.00023
0
0.05025
0
0
0
0
0
0.000293333
0
0
0
0
0
0.0199
0
0
0
0
0
0
0
0.0317667
0
0
0
0
0
0
0.0142433
0
0
0
0
0
0
0.00254333
0
0
0
0.000186667
0
0
0
0
0
0.00103333
0
0
0
0
0
0.000253333
0.00107667
0.000523333
0
0.000143333
0.00224667
0.00013
0
0
0
0.0001
0
0
0.01857
0.00028
0.0006
0.0326467
0.0195433
0.0075
0
0
0
0
0
0
0
0
0
0
0
0
0
0
0
0.00267
0.000273333
0
0
0
0
0.01327
0.00683
0.00039
0
0.00017
0.0547133
0
0
0.0433633
0.0120433
0
0
0
0.000346667
0.00497667
0
0
0.00305333
0
0
0
0
0
0
0.00723667
0.000186667
0
0
0
0.0331433
0
0
0.000266667
0
0
0
0
0
0.0560967
0
0
0.0183667
0.0139767
0
0
0.00348
0.00293333
0.0252333
0.00302333
0
0
0.02628
0.0222533
0.00998333
0
0
0
0
0.00021
0.00107667
0
0.00202
0.0330333
0.00617667
0.0066
0.000933333
0.00680333
0.000216667
0.0262467
0.00222333
0.000383333
0.000383333
0
0.0199667
0.000676667
0.00106333
0.000676667
0
0.0001
0
0.00746
0.000103333
0.00316333
0.00158
0.00087
0
0.0221767
0.000386667
0
0.0001
0.000103333
0.0161333
0
0.0001
0.0001
0.00096
0
0.00158667
0.0111
0.0221267
0
0.00662667
0.00013
0
0
0.000106667
0.0150233
0.0001
0.0119767
0.00316
0
0.00135333
0.000246667
0.00658333
0.0296933
0.00255333
0.000436667
0.0016
0.00741
0.00387
0.00228667
0
0.000606667
0.0128833
0.000696667
0.0154567
0.000436667
0.0417
0.01969
0.0329233
0.01785
0.00255333
0
0.0279833
0.00968
0.113007
0.0333367
0.00362333
0.00048
0.000776667
0.0230433
0.0371933
0.00328
0.0139833
0.0350033
0.0727967
0
0.115217
0.02638
0
0.15931
0.178613
0.0111
0.000246667
0.263323
0.210547
0.22944
0.00695667
0.170057
0.08506
0.26864
0.142503
0.07044
0.0135367
0.10599
0.234333
0.0713367
0.273087
0.00039
0
0
0
0
0
0
0
0
0
0
0
0
0.0528233
0
0
0.00063
0.0438
0.0659533
0
0.00110667
0
0
0.00811
0.01138
0
0
0.00445667
0
0
0
0.000526667
0.000136667
0
0.00077
0.000283333
0.000336667
0
0.00108333
0
0
0.01603
0.00824
0
0.00302333
0.00315333
0
0
0
0
0
0
0
0
0
0
0
0
0
0
0
0.000186667
0.03629
0
0
0
0
0
0.05568
0
0
0.614277
0
0.0346733
0.00014
0.00026
0.000116667
0.0111367
0
0
0.279977
0.000443333
0
0
0
0
0.01736
0
0
0
0
0
0
0
0.00086
0.00212333
0.00589333
0
0
0
0
0
0
0.00176
0.0009
0.00086
0.0201733
0.000553333
0
0.00212333
0
0
0
0.000386667
0.0436567
0.04077
0.00791667
0.00158667
0
0.0162733
0.0297067
0.0127767
0.00698333
0.000116667
0
0.0217033
0.0469433
0.03141
0
0
0
0.0156767
0
0.00943667
0
0
0.000433333
0
0.0393733
0.00087
0
0.0335767
0.01475
0
0
0.0124867
0.00163667
0.000836667
0.00265333
0
0.000756667
0.00061
0.0281
0.00061
0.00747667
0
0.00684333
0
0
0.000106667
0.00362333
0
0
0
0.00054
0.00702333
0
0
0.00565
0.0001
0.00913667
0.0001
0
0
0.00168
0.0119733
0.18104
0
0
0
0.000533333
0.000626667
0.01424
0
0
0
0.000533333
0
0.122323
0.00696
0
0.01634
0
0
0.24606
0.08388
0.02697
0
0
0.0375267
0
0
0.07963
0.15793
0
0.30581
0.13043
0.0887633
0.0857233
0
0.117447
0.15204
0.0454067
0
0.10719
0.02095
0.04394
0.105113
0.138293
0.02562
0.00555
0.00767
0.0389467
0.03348
0.08035
0
0.00023
0.000133333
0
0
0
0.0304467
0
0
0.05973
0
0
0
0.0123867
0
0
0
0
0.0345033
0
0.00261333
0
0
0
0
0.0324667
0
0.0890367
0.00280667
0.0330333
0
0
0
0
0.03835
0
0
0
0
0.00256667
0
0
0
0
0
0
0
0.00078
0
0
0.0456033
0.02576
0.01124
0.000706667
0.05171
0.000113333
0
0
0
0
0
0
0
0.000113333
0
0
0
0
0
0
0.06135
0.03406
0.0009
0.0128033
0
0
0.000106667
0
0.00686333
0.0145233
0
0
0.02048
0.0303033
0.00171667
0.00973
0.00728667
0.0012
0
0.0396733
0.00671333
0.000146667
0.00599
0.0277667
0
0
0.000516667
0.03346
0
0
0
0.000516667
0
0
0
0
0
0
0
0
0.04689
0.115833
0.00339667
0
0.00113667
0.23328
0.00013
0
0.00013
0
0.00048
0
0.04916
0.00199667
0.00013
0
0
0
0
0
0
0.00206333
0.000396667
0
0
0.04876
0.000396667
0
0
0
0.0220567
0.00340333
0.02681
0
0
0
0.0126633
0.00222
0.0410667
0.00015
0
0
0
0.0112367
0.01286
0.00963
0.07263
0.0191333
0.0108633
0
0
0
0.000793333
0.000793333
0.00162333
0.00241667
0.00256333
0.00094
0
0
0
0
0
0.0259433
0.00200667
0
0
0
0
0
0.00414
0
0
0.00237333
0.0234533
0.0105833
0.0155867
0.0236567
0.000143333
0
0.0390967
0
0
0.05636
0
0
0
0
0
0.0601
0
0
0
0
0
0
0.00669333
0.0862333
0
0.00210333
0
0
0.000616667
0
0.000336667
0
0
0
0
0
0.2627
0.43064
0.32335
0.218687
0.46355
0.42495
0.44984
0.367177
0.33777
0.37901
0.43681
0.28593
0.214687
0.39013
0.291047
0.0392033
0.403827
0.37169
0.170073
0.136227
0.0835133
0.23839
0.16036
0.22801
0.00336333
0.0241833
0
0
0
0
0
0
0.0340133
0
0
0
0.00028
0.0211
0.0384133
0.00718
0.0100467
0
0
0.00298
0
0.00960667
0.0498967
0
0
0
0.000446667
0.00342667
0.00171
0
0.00109
0.00109
0
0
0
0.000113333
0.00057
0
0
0
0.00120333
0
0.0065
0.000403333
0
0
0.000376667
0.000443333
0.000553333
0
0.03972
0
0.0113433
0
0
0.0265467
0.00201333
0.000123333
0.0106433
0.0216633
0.01925
0
0
0
0
0
0
0
0
0
0.0081
0
0
0
0
0
0
0
0
0.26282
0
0.18042
0.00079
0.00048
0
0
0
0
0.00268667
0
0
0
0.0001
0
0
0
0
0
0
0
0
0
0.0002
0.0001
0
0.0001
0.0001
0
0
0
0.00371333
0.0171633
0.000546667
0
0.0856733
0.000533333
0
0
0
0
0
0.00300667
0.00015
0
0
0
0.00094
0.00379667
0
0
0
0
0
0
0
0
0
0
0
0
0
0
0
0
0.00236
0
0.00411667
0.000266667
0.0153333
0.000433333
0
0
0.00108667
0
0
0.0108567
0.00739
0.00583
0
0
0
0.00851667
0
0
0
0
0
0
0
0
0
0.0705867
0.175907
0.04206
0.15932
0.06611
0.15378
0.238133
0.0650067
0.08478
0.0793733
0.20841
0.194997
0.119427
0.180783
0.2267
0.186307
0.194307
0.185703
0.11113
0.186323
0.18507
0.124993
0.192813
0.138173
0.180187
0.319847
0.167157
0.139933
0.14116
0.14167
0.145013
0.150897
0.135713
0.241353
0.125223
0.14402
0.321597
0.121493
0.145563
0.102937
0.127007
0.13328
0.24472
0.251673
0.0851133
0.169717
0.221157
0.19395
0.186837
0.156973
0.05444
0.162267
0.196957
0.196797
0.224163
0.107553
0.125503
0.147077
0.0671267
0.00323
0
0
0
0.000153333
0.0291633
0.00461
0
0
0.00817333
0.00328667
0.00316
0.000316667
0.0143133
0.0148333
0.00695667
0.00827
0
0.02243
0.01581
0.000446667
0.000126667
0.0294233
0.0231267
0.0134667
0.00151333
0.00776667
0
0
0.000696667
0.00375333
0.0329267
0
0.0240533
0
0
0
0
0
0
0.00373333
0.00016
0
0.000553333
0
0.00013
0
0
0.00206667
0.00793667
0.00664
0.01145
0
0
0
0
0
0
0.00447
0
0.00415333
0
0
0
0
0.00367333
0.0076
0
0.00069
0
0
0
0
0
0
0
0
0
0
0
0
0
0
0.00960333
0
0
0
0
0.00054
0
0
0.00054
0.00340667
0
0
0
0
0
0.000353333
0
0
0
0
0
0
0
0
0
0
0
0
0
0
0.000506667
0
0.00845667
0.00802
0
0
0
0.000506667
0
0
0
0
0
0.000553333
0
0
0
0.000283333
0
0.0377533
0.0197067
0
0
0
0
0
0
0
0
0.000256667
0
0
0
0
0
0
0
0.000516667
0
0
0
0
0
0
0
0.000473333
0
0.00213333
0
0
0
0
0.03331
0.000673333
0.000433333
0
0.0219867
0
0
0
0
0
0
0.00561333
0
0.00756333
0.03763
0.0255833
0.0236967
0
0
0
0.00016
0.0149933
0.0292467
0.0521333
0.115243
0.04005
0.15141
0.152767
0.1937
0.198463
0.227343
0.0230467
0.0720333
0.113553
0.107693
0.0771433
0.15328
0.20414
0.186627
0.170617
0.0367733
0.140583
0.130627
0.11826
0.123487
0.140937
0.129137
0.1775
0.13379
0.05231
0.164973
0.0949633
0.0726
0.0867233
0.0679133
0.0944733
0.0371967
0.0981833
0.176233
0.00217333
0.109793
0.0625067
0.0333867
0.0196633
0.336027
0.0767667
0.0448733
0.23426
0.273363
0.0269833
0.01431
0.00901333
0.0208033
0.0337067
0.0976867
0.10315
0.0783367
0.07686
0.0674067
0.0161667
0.01617
0.00349667
0.0271167
0.02393
0.00333333
0.0242833
0
0.0322767
0.0336133
0.00226667
0
0.000443333
0.0128033
0.03505
0.0333867
0.04191
0.0150967
0.00271333
0
0.0150633
0.000163333
0.01048
0
0.000446667
0.000126667
0.000126667
0.00763
0.05114
0.00439
0.0382933
0.01403
0.00325667
0.0136733
0.00482
0.000166667
0
0
0
0
0.00208333
0.000276667
0.000116667
0
0
0.000483333
0
0
0.00016
0
0.00016
0.00542333
0
0
0
0
0
0.00185667
0.00027
0.00383667
0.00016
0
0.00158667
0.000193333
0.0149367
0
0
0
0
0
0
0
0
0
0
0
0.0170833
0
0
0
0
0
0
0.0064
0.00526667
0
0
0.000546667
0
0.000353333
0
0.01781
0
0
0
0
0
0
0.000193333
0
0
0
0
0.000506667
0
0
0
0.00222667
0.0226533
0.000223333
0
0
0.00172667
0.0135533
0.01276
0.00105
0.000433333
0
0
0
0
0
0
0
0
0
0
0
0.00236
0
0.0127133
0.0103367
0.000256667
0
0
0
0
0
0
0
0
0
0.00278333
0
0
0
0
0
0
0
0
0
0.00016
0.00222667
0.0713133
0.0403967
0
0
0
0
0.000856667
0
0
0
0
0
0
0
0
0
0.00172
0
0.0345433
0.0401867
0.0351867
0.0463867
0.0496133
0.0730867
0.00656
0.111753
0.12971
0.0946
0.0529133
0.106377
0.0364933
0.0947233
0.0593833
0.0536967
0.1905
0.0476267
0.09364
0.0623167
0.143407
0.0385967
0.07552
0.09886
0.130423
0.1018
0.16981
0.0345667
0.18327
0.100237
0.153307
0.0314133
0.162043
0.03517
0.0113967
0.06596
0.0203533
0.0377167
0.11692
0.0150267
0.0196667
0.0116867
0.00752333
0.00621
0.0520067
0.0794867
0.114813
0.271707
0.0734267
0.00171667
0.00494
0.00570667
0.00294333
0.0114367
0.000263333
0
0.01015
0.00149667
0.00016
0.00052
0.00036
0.00855
0.00288667
0.00293667
0.00612333
0.00483
0.00177667
0
0.000133333
0
0.00133667
0.00133667
0.01633
0.00361
0
0.03113
0.0133133
0.0357133
0.0309333
0.00226667
0
0
0.00468667
0.00151333
0.0116567
0.0425733
0
0
0
0
0
0.000183333
0.00694667
0.00355
0.00355
0.00056
0.01369
0
0
0
0.000283333
0.0133267
0.00232667
0.00179
0
0.00205
0
0
0
0
0.00364667
0
0
0.00031
0
0
0.00034
0
0
0.00038
0
0.00185333
0
0
0
0
0
0
0.000446667
0
0
0.0121733
0
0
0.00351667
0
0
0
0
0
0.000193333
0.01244
0.00588333
0.00064
0
0
0.0266233
0
0.00619667
0
0.00023
0
0.0160167
0.04035
0
0
0
0.00471667
0.0100767
0.00172
0
0
0
0
0
0
0
0
0.0126033
0
0
0
0.00443
0
0.00608667
0
0.03295
0.00252667
0
0
0
0
0
0
0
0
0
0.00524333
0
0
0
0
0
0
0
0
0
0.00017
0
0
0
0
0
0
0
0
0.02366
0
9.66667e-05
0.0158867
0.00237667
0
0.00178667
0.0077
0
0.03262
0.0307433
0
0.00359
0
0.0257733
0.0120667
0.02956
0.0316467
0.0435
0.0305333
0.110927
0.0286067
0.0656133
0.0453033
0.08177
0.0330467
0.00101
0.01363
0.0985567
0.12308
0.00161
0.179233
0.0165
0.00443667
0
0.0354633
0.00305333
0
0.253137
0.206413
0.0442633
0.0511967
0.04263
0.03681
0.00366667
0.0160833
0
0
0.04426
0.00467667
0
0
0
0.000263333
0
0.00284667
0.00293667
0
0.00018
0.000303333
0.000116667
0.01132
0.00185
0.00203
0
0.000133333
0.00790333
0
0.00177667
0.00728
0.0523267
0.11874
0.0258467
0.0384033
0.02852
0.0196433
0.03649
0.00134333
0.00693
0
0.00164667
0
0
0.00889333
0.0346133
0
9.66667e-05
0.0389533
0
9.66667e-05
0
0.0400767
0.000183333
0.00222667
0.0112633
0.00976333
0.0125733
0.01224
0.000703333
0.0189067
0.000536667
0.00094
0
0.000206667
0
0
0.00024
0
0.0111667
0
0
0
0
0
0.00380333
0
0.0073
0
0
0
0
0
0
0
0
0
0
0
0.0185333
0.0365167
0
0
0
0
0.00108
0
0
0
0.00247333
0
0
0
0
0.00196333
0
0.00101667
0.00298
0
0
0
0
0.00011
0
0.03518
0.02526
0
0
0
0
0
0
0
0
0
0.00068
0.0258467
0
0
0
0.000156667
0.00342
0.00052
0.0256333
0.00271667
0
0
0
0
0
0
0
0
0
0.0113633
0
0.0181333
0
0
0
0
0.000516667
0
0
0
0
0
0
0
0
0
0.0807067
0.000126667
0
0
0.00312667
0.00193333
0
0
0.02745
0.00567
0.0119233
0.0100867
0.01614
0.0690767
0.00310333
0
0.0643867
0.0657167
0.0849467
0
0.000766667
0.132883
0.000126667
0.00177667
0.03586
0.0587733
0.0349967
0.0229967
0.000426667
0
0.06692
0.00366667
0.0125267
0.22169
0
0.00872333
0.00139
0.0250533
0.0403833
0.00523
0.02377
0.00749667
0.00015
0.000456667
0
0
0
0.000116667
0
0.000116667
0
0.00018
0.000123333
0.000116667
0.0107633
0
0
0.0349967
0.00472667
0.00347
0.00413333
0.00201
0.00383667
0.00323333
0.00836667
0
0
0.000163333
0.00748667
0.0190667
0
0
0.00274
0
0.00029
0.00177333
0
0.00538333
0.00240333
0.0249967
0.01876
0
0.0447267
0.00269
0.0484633
0
0
0.0542367
0.0349167
0.0384933
0.0502733
0.04412
0.0482133
0.0319967
0.0202933
0
0.000403333
0.00013
0
0
0
0
0.000586667
0
0.000476667
0
0
0
0
0
0.000566667
0
0
0
0.00684667
0
0
0.00392
0
0
0.03762
0
0.0251033
0
0
0
0
0
0
0.00108
0
0
0
0.00235667
0.01096
0
0
0
0
0
0
0
0
0.0527267
0
0.00543333
0.0320233
0
0
0
0.00237667
0
0
0
0
0
0
0
0
0
0.0128433
0
0.00503
0.00271667
0
0
0
0
0
0.00553667
0
0
0.000533333
0
0
0
0
0
0
0
0
0
0
0
0
0.000833333
0.000833333
0.0352133
0.0122067
0.000533333
0.0159433
0
0
0
0
0
0
0
0
0
0
0.000146667
0.000376667
0.000353333
0.02383
0.0385633
0.0589367
0
0
0.02538
0.00012
0.000126667
0
0.02052
0.000993333
0.00132667
0.102023
0.0129467
0.0124733
0.000556667
0.0604433
0.00679667
0.00907333
0.05912
0.00701
0.0138267
0.0118467
0.00632
0.00265333
0.00470667
0.0369467
0.03824
0.0240833
0.00428667
0
0
0
0
0.0248767
0
0.00029
0.00225
0
0.01667
0
0.0299067
0
0
0.00386
0.0325667
0.00227
0.0127633
0.00227
0.00240333
0.02697
0.00499667
0.00475667
0.0447867
0.00644
0.00681667
0.00068
0.00029
0.01465
0.00719333
0
0
0.00029
0.000453333
0.000523333
0.000813333
0
0.00217
0
0
0.000163333
0
0
0
0.0109633
0.00271
0
0
0.04004
0.0361467
0.0483
0
0.0252333
0.000403333
0
0
0
0
0
0.03068
0.00013
0
0.000373333
0
0
0
0
0
0
0.00353
0
0
0
0
0
0.00168333
0.00039
0
0
0
0
0
0
0.00615
0.0639867
0.000193333
0
0
0.00151667
0
0.04667
0
0
0
0.00101667
0.02151
0
0
0
0
0
0
0.00739
0.0351633
0.0326233
0
0
0
0
0
0
0
0.00231333
0
0.00231333
0
0
0
0
0
0
0
0
0
0
0
0
0
0.00457333
0.000143333
0.0196667
0.00096
0
0
0
0
0
0
0
0.02217
0.000883333
0
0.000493333
0
0
0
0
0
0
0.00344
0.000146667
0
0
0.000376667
0.00337333
0.04479
0.000496667
0.00057
0.180133
0.06929
0
0.000626667
0
0
0.00805333
0.00487
0.00698667
0.00744667
0.00305333
0.00374333
0.0227433
0.10271
0
0
0
0.00449333
0.00400333
0.29476
0.0272
0.00195333
0
0.0107467
0.000943333
0.0861733
0.0732867
0
0
0.00360667
0
0.0106067
0
0
0
0
0
0
0
0.00605
0
0
0
0.02702
0
0.0170767
0.00879667
0.0738633
0.06198
0.00201
0.0182133
0.00187
0.0216733
0.0266933
0.0327633
0.0349667
0.00461333
0.00369667
0.000163333
0.000916667
0.00068
0
0
0.0662567
0
0
0
0.00029
0.00324667
0.000366667
0.00294667
0.01354
0.01092
0.000476667
0.0475133
0
0.0242333
0.00515
0
0
0.000103333
0.000133333
0.0140833
0.01377
0.00228333
0.0281333
0.00225333
0
0
0.00225333
0.00288667
0.00242333
0
0
0.00042
0.00739
0.0322067
0.02282
0
0
0
0
0
0
0.000183333
0
0.0002
0
0.0292767
0
0.0110433
0
0
0.0532433
0
0
0.00391
0
0.01974
0
0
0
0
0
0
0
0
0.000303333
0.00267667
0
0.000313333
0
0.01098
0.0223
0
0
0
0
0.000803333
0
0.00372667
0.000503333
0
0
0
0
0
0
0
0
0
0
0
0
0
0.000143333
0
0
0
0
0
0.000766667
0
0.01008
0.00016
0
0
0
0.00022
0.000523333
0.00026
0.00295333
0.000146667
0.23633
0.00339667
0.00539
0.0181933
0.155717
0.0263733
0.00986333
0.0136667
0.0272867
0.01767
0.00017
0.00908667
0.000176667
0.00059
0
0
0.0001
0.00752667
0.00743333
0.05679
0.000126667
0.00032
0.00024
0
0.000236667
0
0.0240033
0
0
0.00475333
0.122963
0
0
0
0.000943333
0.000156667
0.144747
0.247033
0
0
0
0.00509
0
0
0
0.00256333
0
0
0
0.000296667
0
0
0.00411333
0
0.01091
0
0.00323333
0.04344
0.0363867
0.0137267
0.0894233
0.14092
0.112967
0.00309
0.0237233
0.0253233
0.0263167
0.11728
0.0514567
0.01957
0.118843
0.148257
0.00720667
0.00702333
0.00194
0.02286
0.00305667
0.05409
0.00411
0
0
0
0
0.0289667
0
0
0.0174933
0
0.0347633
0.03424
0.0291133
0.000373333
0.0757267
0
0.0166333
0
0.01806
0
0
0.0163467
0.01083
0.00433333
0.0247633
0
0.0173533
0
0
0
0.000343333
0
0
0.00027
0
0
0
0
0.0002
0
0
0.0151033
0
0
0.00480333
0
0.000116667
0
0
0
0
0
0
0
0.000123333
0
0
0
0
0
0.021
0
0.000293333
0.000463333
0
0
0
0
0
0
0
0
0
0
0
0
0
0
0.0158367
0
0
0
0
0
0
0
0
0
0
0
0
0
0.000533333
0
0
0
0
0
0
0.00312667
0
0
0.00424
0.0178067
0.00115667
0.000273333
0
0
0.0358867
0.000116667
0
0.000593333
0.0339167
0
0
0
0.0170733
0.000826667
0.00935333
0.00304667
0.00022
0.292977
0.0383267
0.000473333
0
0.0178833
0
0.00176667
0
0.00649667
0
0
0
0
0
0
0.00754333
0
0.0382267
0.000686667
0
0.0184
0.0192933
0.00216
0
0.173197
0.000493333
0.04063
0
0
0
0.00135
0.000383333
0.000266667
0.000373333
0.00474667
0.00011
0.00363667
0
0
0.00194
0.00517333
0.000176667
0.0348867
0.03791
0
0.00323333
0.03525
0.000176667
0
0.00245667
0
0.00581667
0.00119333
0.0230233
0.00085
0.00111
0.04414
0
0.02126
0.0400133
0.0286467
0.0367133
0
0
0.0140667
0.00535667
0
0.000726667
0.000973333
0.00871
0.000496667
0.00200667
0
0.00424667
0
0
0
0.000403333
0.00265667
0.00013
0
0.03502
0
0.03061
0
0
0.0427333
0
0.01929
0
0
0
0
0.000566667
0
0
0.000123333
0
0.0128067
0.000123333
0
0.00034
0
0.0002
0
0
0
0
0
0
0
0
0
0
0
0.00024
0.00071
0.00071
0
0.00711333
0
0
0.02485
0
0
0
0
0
0
0
0
0
0.00025
0.00025
0
0
0
0.0108467
0
0
0
0
0
0
0
0
0.00268667
0
0
0.0613433
0.02828
0.00236667
0.00282667
0.0021
0.0345567
0.01141
0.02162
0.00481667
0.000236667
0.00287667
0.00554
0.00776667
0.0327867
0.000676667
0
0
0.000446667
0.000446667
0
0
0
0.0157567
0
0.00240667
0
0.0467267
0.00237333
0.00187
0.00887333
0
0
0
0
0.00818
0.000453333
0
0.0202467
0.05162
0.02
0.01735
0.00011
0.00946667
0
0
0
0
0.00295667
0.00278
0
0.00775333
0.000176667
0.01403
0
0.0003
0
0.01434
0
0.0469167
0.000973333
0
0.00918667
0
0
0.000856667
0
0.0398667
0
0.00879667
0.00990333
0
0
0
0.0209867
0.0265167
0.0132333
0
0
0
0
0
0.0100333
0
0
0
0
0
0
0.01724
0
0
0.00036
0.00931
0.00109667
0
0
0.0123
0
0.00212667
0.00220333
0.0234167
0
0
0
0.0492733
0.004
0.00385
0
0
0
0
0.00105667
0
0.000643333
0
0
0.00878667
0
0.00192333
0
0
0
0.000193333
0
0
0.00037
0
0
0
0
0.03497
0
0.01401
0.00337
0
0
0
0
0
0
0
0
0
0
0
0.00025
0.000783333
0.000376667
0.000126667
0.000126667
0
0
0
0
0
0.00701333
0
0.0360933
0
0
0.0155633
0
0.0317167
0.15884
0.000473333
0.0587867
0.00501333
0.0104933
0.301607
0.00872667
0.240173
0.000713333
0.00918
0.0436533
0
0.0264633
0.0394967
0.000446667
0
0
0.0996933
0
0
0.00015
0.06223
0.164657
0.000696667
0.000126667
0.22065
0.00012
0.01453
0.00178667
0.00679
0
0.00645333
0.00112
0
0
0.00379
0.00914333
0
0.0299533
0
0
0.0133867
0
0
0.0390433
0
0
0.00011
0.00011
0.00125667
0
0.00986667
0.000476667
0
0.00998
0.00195333
0.000476667
0.00641667
0.04641
0
0.00374667
0.00870333
0
0.00667
0.01201
0
0.0134
0
0.000743333
0.00788
0.0155767
0.0419567
0.0325967
0
0
0
0
0
0.05404
0
0.0206233
0.0322733
0.0112367
0.00691
0.01952
0.0155633
0.0379867
0.000796667
0.00372667
0.01076
0.00152667
0.01318
0
0
0
0
0
0
0
0
0.00464
0
0
0.00036
0.00288333
0
0
0.00171333
0
0
0
0.00762333
0.00053
0.00502333
0
0
0.03186
0
0
0.000463333
0.000493333
0
0.0009
0.0332767
0.00202333
0
0.000133333
0
0
0
0
0
0
0.000496667
0.000113333
0
0.00252
0
0.000866667
0.000193333
0.0447267
0.000643333
0
0.0195633
0.000906667
0
0.0386033
0
0
0
0
0
0.0168233
0
0
0
0
0
0.004
0
0
0
0.00772
0
0
0
0
0
0.00893333
0.0158533
0.00783
0.00023
0
0
0
0.00735
0
0.000703333
0.0381967
0.00115
0
0
0.14527
0.198793
0
0.103857
0.0246533
0.0475567
0
0.0613
0
0.00012
0
0.03539
0.000246667
0
0.000273333
0.183373
0.0132333
0.0143067
0.00023
0.0110067
0.0101267
0.00964333
0
0.000156667
0.0101033
0.00111
0.0300833
0
0.01008
0.0402467
0.000133333
0.0210133
0
0.03947
0.00215333
0.00110333
0.000276667
0.01197
0.00321333
0.0248467
0.0131767
0
0
0
0
0
0.00959333
0.00992667
0.000483333
0
0.01122
0.01429
0
0.0321467
0
0
0
0.00011
0.00408333
0.000693333
0
0
0.00466333
0
0
0
0
0
0.00828333
0
0.0206533
0
0
0
0
0.0255
0.0391667
0.00223
0
0.00972333
0
0.00796
0
0
0
0.00174333
0
0
0
0.00108333
0
0
0
0
0
0
0
0
0
0
0.0139367
0.00037
0.00071
0.0142133
0.0384367
0.00387
0
0.0331933
0.03734
0.00585
0.00305667
0
0
0
0
0.00732
0.0102133
0
0
0
0.00113
0
0.00798667
0.000533333
0.000406667
0
0.00634667
0.00545333
0
0
0.03583
0.0321267
0.0204
0
0.0107333
0.000363333
0.01354
0.254827
0
0.02455
0.109153
0.0295267
0.0101733
0.0176333
0
0.0808067
0
0.0263367
0
0
0
0.00609
0.00203667
0.04464
0.00012
0.0343833
0.000156667
0.00048
0
0
0.0468033
0.000473333
0.04762
0.01042
0
0.01201
0
0.01256
0.00104667
0
0
0
0.000276667
0.000276667
0
0
0
0
0.00174333
0.000133333
0
0
0.00144333
0.00661
0
0.0489433
0
0.00011
0.00011
0.0205967
0.0182933
0
0.01082
0.00289333
0
0.02161
0.00124
0.0144367
0
0
0
0
0
0.00212333
0
0
0
0
0
0
0.00043
0
0
0
0.0547433
0
0
0.0549867
0
0
0.03986
0
0
0
0
0
0.00022
0
0
0
0
0
0.00041
0
0
0
0.0258467
0
0
0
0
0
0.0009
0
0.00338333
0
0
0.000406667
0
0.0327233
0.000533333
0.00918
0.00166667
0.0399633
0.0484633
0.0123067
0.00182333
0.00343
0.00196
0.0427667
0.0342367
0.0442467
0
0
0.00025
0.00454
0
0.0329367
0.0233433
0.0341267
0
0.0325633
0.00231
0.00508667
0
0
0.0580933
0.0244367
0
0
0
0.00787333
0
0
0
0.03433
0.00263667
0
0
0
0
0.00582333
0.00992333
0.0313833
0
0.000523333
0.0116167
0
0.00242333
0
0.000453333
0
0.000523333
0
0
0
0
0
0
0
0
0.00435333
0
0
0
0
0
0
0.0003
0.000196667
0.00213
0
0.00125
0
0
0
0.0353767
0
0
0
0.00801333
0
0
0.00053
0
0
0
0.000456667
0
0.00466
0.00473333
0
0
0.02288
0
0
0.0314633
0.00044
0.00022
0
0
0.000943333
0
0.00216333
0
0
0.00266
0.00041
0
0
0
0
0.01647
0
0.0132033
0.00657667
0.00863
0
0
0
0
0
0
0.02106
0.01399
0.0207067
0.0201433
0
0
0.00350667
0.0456967
0.00073
0
0
0.00405333
0
0.00819333
0.0119567
0
0.00804667
0
0
0
0
0.0001
0.00267667
0.00250667
0.00624333
0.000536667
0.005
0.00786667
0.000553333
0
0.00023
0.0168267
0.0351667
0.00243333
0.00142333
0.0596567
0.00211667
0.00186667
0.00829
0.0238267
0
0.0937933
0.123963
0.0001
0
0.0359833
0
0.00852667
0.04322
0.0134767
0.00289333
0
0.000706667
0.0058
0.00255667
0.00029
0.01476
0.00181667
0.0123867
0.04302
0.0325467
0.00581667
0.0387067
0
0
0
0.000116667
0.000473333
0.00103
0
0.00275667
0
0
0
0.00110667
0
0.0110333
0
0.00156
0.0182967
0.04361
0
0
0.06379
0.01465
0
0
0.00063
0.00255333
0.0112467
0.0202033
0.00213667
0.0366433
0
0
0
0
0.00291667
0
0
0
0.00100333
0
0
0
0.00066
0
0.00147
0.00124
0
0.0337833
0.00918333
0
0
0
0
0
0
0.0132367
0
0.00572
0
0
0.00294333
0.0246933
0
0
0.00417667
0
0
0.00318667
0
0
0
0.000943333
0.000133333
0
0
0
0.00992333
0.00284667
0
0
0.00264
0
0.0387333
0
0.00309
0.0400067
0
0.0371967
0.00807
0
0
0
0
0
0.000813333
0.00583667
0.00231333
0.0100067
0
0
0
0.00162667
0.0317233
0
0.00197
0.00197
0.00902
0.00472
0.000146667
0.0001
0.00021
0.000116667
0.0364667
0
0
0
0.00057
0.01228
0.0264
0
0.00812667
0.00145
0.00198333
0
0.0181167
0
0.0210733
0
0.00811667
0
0.00087
0.04093
0
0.00355667
0
0.00116333
0
0.281797
0.0365967
0.02742
0.0347667
0
0.01588
0
0.00114
0
0.02604
0.0791533
0.00482333
0.00117
0
0
0.201627
0.150743
0.0893933
0.000463333
0.196047
0.0457667
0.0314067
0.08905
0.11454
0.106517
0.0165467
0.000706667
0.00446667
0.118633
0.237543
0.28149
0.408727
0.0639567
0.27522
0.00592667
0.106647
0.08322
0.167817
0.0946533
0.225583
0.0301733
0.00406
0.0489833
0.0742867
0.0863367
0.36578
0.0133667
0.01015
0.00345667
0.00559
0.00217333
0.131023
0.0781533
0.0531867
0.321033
0.03436
0.0410867
0.04066
0.00263667
0.213057
0.01953
0.01087
0.0192033
0.0180267
0.0296833
0.0146233
0.248287
0.392193
0.0641033
0
0
0.00709
0
0.0630133
0
0
0
0.0248933
0.000226667
0
0.000913333
0.00361667
0.042
0
0
0
0.00957667
0
0
0.0368033
0
0
0.00182
0.0296733
0
0.0137767
0
0.00637
0.00048
0
0.000223333
0.000123333
0
0.00835333
0
0
0.00216
0.000663333
0
0
0.0102267
0.00047
0
0
0.00294667
0
0
0.00545
0
0
0
0
0
0
0
0.000343333
0
0
0
0.0389033
0
0
0.000573333
0.0325767
0.00247
0.0231533
0.00032
0.00794
0
0.02902
0
0.00022
0
0.0176133
0
0
0
0
0
0.000476667
0
0
0.00136333
0
0.00359
0.00263333
0
0
0
0
0
0.0103067
0.01247
0.0280467
0.0228
0
0
0
0.0143833
0.0262133
0
0.0136867
0
0.00237333
0
0.00532333
0
0.000343333
0.00259333
0
0
0.00902
0.00280333
0.0640367
0
0
0
0.00419667
0
0.0249733
0.0439067
0.0635067
0.000293333
0.0241633
0.000146667
0.000146667
0.0549867
0.0183867
0.0606533
0.03607
0.000516667
0.0718033
0.0552167
0.0377867
0.00305
0.100137
0.336643
0.0136167
0.00434
0.000123333
0.0876533
0.00953333
0.000993333
0.0664833
0.000636667
0.00826
0
0.178537
0.147537
0.0198667
0.0341833
0.000473333
0
0.00121
0
0.256223
0.0981333
0.0637
0
0.247493
0
0.0379067
0
0
0.0303067
0.00349333
0.146677
0.00856
0.00856
0.108737
0.15072
0.00416333
0.00250333
0.06988
0.119293
0.246613
0.290503
0.09178
0.0251067
0.123297
0.00458
0.000766667
0.0307467
0.02187
0.00543667
0.0379633
0.03212
0.00250333
0.01195
0.00682667
0.00470333
0.0139967
0.0204967
0.00553667
0
0
0.0488333
0.0323033
0.0310267
0
0.01953
0.0140233
0.000623333
0.00544
0.00295333
0.01578
0.0135833
0.0105467
0.01257
0.00815333
0.0558633
0.00353333
0.00584667
0.00401
0.214383
0.00110667
0.00058
0.00031
0.02558
0.13325
0.0849167
0
0.00058
0.00833667
0.0077
0.00907
0.000803333
0.0410633
0.00591667
0
0.000273333
0
0.00143667
0.000536667
0.00049
0.0258467
0.00395
0.01582
0
0.0280633
0.01453
0
0
0
0.00121333
0
0.00557333
0
0.00219667
0.00100333
0
0.00385
0.000356667
0
0.0338567
0
0
0.00817333
0
0
0
0.000226667
0
0.00417667
0
0.00183667
0
0
0.00136667
0
0
0
0.00101667
0
0
0
0.00843667
0.00586667
0.000343333
0
0
0
0.00426
0
0
0
0.00075
0
0.00466667
0.0189033
0.0173633
0.00274
0.00211
0
0
0
0
0
0
0
0
0
0
0
0
0
0
0
0
0
0
0.02125
0
0
0
0
0.00530667
0
0.0163533
0.00525333
0
0.00266
0.00077
0.0197
0.0814467
0.0422167
0.0508167
0.000503333
0.06293
0.00198333
0
0
0
0.107257
0.00036
0.00166333
0.01654
0.0468833
0.0567133
0.0981333
0.06209
0.00779
0.000516667
0.00631667
0.00092
0.00111333
0.139437
0.263493
0.000156667
0
0.13423
0.00798667
0.0678733
0.01347
0.00331333
0.01288
0
0
0.07135
0.01835
0
0.000336667
0
0
0
0.281123
0.0837167
0.05431
0.0564267
0.104497
0.0396933
0.00114333
0.0188533
0.298337
0
0.0882133
0.00348667
0.00552667
0.24797
0
0.0883167
0.0586367
0.118817
0.08389
0.06463
0.01646
0.00459
0
0.00250333
0
0.0216167
0.00345333
0.000203333
0.000293333
0.00192667
0.00221667
0.00204333
0.0348333
0.00945667
0.0112333
0.0929633
0.0764233
0.0459833
0.11521
0.00202667
0.0164433
0.312743
0
0
0.317317
0
0
0
0.00892
0.00342667
0.01662
0.0214867
0.0538667
0.01346
0.0349767
0
0
0.00344667
0.000343333
0.0176833
0.0357667
0.00964667
0.04036
0.00596
0
0
0
0
0
0.0366033
0
0.0108967
0
0
0.00323667
0.00998667
0.0146367
0
0
0.0139433
0
0.000696667
0
0.00047
0
0
0
0
0
0
0
0.00945333
0
0
0.00272
0
0
0
0.00153333
0.00163667
0.000516667
0.00075
0.0017
0
0
0
0.000573333
0.0017
0
0
0
0.000133333
0
0
0
0
0
0.00978333
0.00709333
0
0
0
0
0
0
0
0
0.000143333
0.00145333
0.00232667
0.0139667
0.0313633
0.00478667
0.00642
0
0
0
0.0413167
0
0.06762
0.0418933
0
0
0
0
0
0.05824
0
0
0
0.0394967
0.00981333
0
0
0.00406667
0.00676333
0.0262667
0.03498
0.00724
0.00195
0.193873
0.00161333
0.0112067
0.00391667
0
0.00487
0.02
0.0327567
0.0001
0
0
0
0.0100033
0.0251833
0.000123333
0
0.00031
0.0653367
0
0
0
0.01954
0.0579267
0.02824
0.00126
0.0283533
0.00344667
0.0805833
0
0
0.00014
0.110357
0
0.00865
0.00313333
0.0369767
0.000203333
0.138073
0.01826
0.03407
0.00163667
0.01596
0
0.00906333
0.00039
0
0
0.02195
0
0.00231333
0.0248733
0.0364267
0.0389667
0.0119633
0.0425633
0.0284833
0.00016
0
0
0.0270267
0.00011
0
0
0.0406567
0
0.0207967
0
0.00828667
0
0.000583333
0.03805
0
0.000943333
0.00100333
0
0
0
0
0.00158333
0
0
0
0
0.0297333
0.0338167
0.00531667
0
0.03644
0
0
0
0
0
0
0
0.02369
0
0.06801
0
0.000713333
0.0349633
0
0.00338333
0.00101333
0.00748
0
0.00612333
0.00096
0
0
0
0
0
0
0.0162033
0.03439
0.000143333
0
0
0
0.00197
0.0231867
0.0240367
0.0150733
0.00441667
0
0.000996667
0.000996667
0
0.00894667
0.0533433
0.00615333
0.0213233
0.00743667
0
0
0
0
0.05803
0.00017
0
0
0
9.66667e-05
9.66667e-05
0.175683
0.141937
0
0.19742
0.00193333
0.0284267
0.00281
0.131697
0.0160167
0.0743867
0.00550667
0.110783
0.00287667
0.000936667
0.0135467
0.00135667
0.00232667
0.0184167
0.00441333
0.0128233
0.00854333
0.000236667
0.00272
0.05178
0.02118
0.0167933
0
0.000243333
0
0.00938333
0.03713
0.00171667
0.00887333
0
0
0.0133133
0.0281233
0.00171333
0.000936667
0
0.105687
0.00909667
0.00320667
0.00383
0
0.000123333
0
0.00553
0
0
0.00031
0
0.000173333
0.0913967
0.000693333
0
0.0371833
0.0180367
0.0133
0.000546667
0.03046
0.00815667
0
0.0392567
0.0293033
0
0
0.00364
0.000583333
0
0.000413333
0.04195
0.000573333
0
0
0.00213333
0.00286667
0.00698333
0
0
0
0
0
0.01199
0
0
0.00037
0.00173667
0
0.0100467
0
0
0
0
0
0
0.0737833
0
0.01143
0.0332167
0.0114067
0.0512967
0
0.00874333
0.00203667
0
0
0
0
0
0
0
0
0.00606667
0
0
0
0
0.0160833
0
0
0.0152267
0
0.00205333
0
0
0.000256667
0.00308
0
0.0398833
0
0
0.0430667
0.01648
0
0
0
0
0.000256667
0.000723333
0.00121
0.00445
0
0
0
0.0110267
0
0
0.00463
0.00186667
0.00215
0.0154033
0
0
0
0.00054
0.132297
0
0.0512133
0.00341
0.00670333
0.0101167
0.0287033
0.210817
0.00949667
0.0339733
0.00447667
0.0218967
0.0377833
0.000303333
0.00786
0.0755167
0.0108267
0.0822233
0.04702
0.0216567
0.00297333
0.0145267
0.00989
0
0.0323433
0.00401333
0.00547
0.00019
0.02039
0
0.01738
0.000173333
0.02656
0.0528333
0.0187167
0.00215667
0.00188
0.05426
0.01992
0.000123333
0.00114333
9.66667e-05
0
0
0.000173333
0.0344033
0
0
0.172387
0.00236667
0.0149133
0
0
0.00084
0
0.02254
0.0532867
0.03117
0.01023
0.0315067
0.0147667
0.01202
0.00468
0
0.0116567
0.00372667
0
0.00829667
0.0341267
0
0.00340333
0
0
0
0.0022
0
0.00122333
0.000216667
0.02566
0
0
0.000223333
0
0
0.00621667
0
0
0
0
0
0.0108167
0.0121967
0
0.0449167
0.0152467
0
0.0236433
0.0284733
0.00037
0
0.00162667
0.000186667
0
0.000416667
0
0.000283333
0
0
0.000136667
0.0176967
0.00872333
0.0255633
0.0149067
0.0404733
0.0273767
0
0.000836667
0.00547333
0
0
0
0
0
0.0001
0
0
0
0
0
0.000516667
0
0
0.0183967
0
0
0.00715333
0
0.0255
0.00246333
0
0
0.000336667
0
0
0.03998
0.00396667
0.00839333
0.00309667
0.00188667
0.11631
0.04331
0
0
0
0
0.00451
0.00017
0.0171233
0.00054
0.00053
0
0
0
0.0119467
0
0
0.03008
0.0461367
0
0.0113567
0.00142
0.0979733
0.109517
0.0338733
0
0.133367
0.11921
0.0128433
0.009
0.00015
0
0.0290433
0
0
0
0
0.0003
0.0621767
0.02572
0
0.0343567
0.00241667
0
0.0672833
0.00823333
0.0199
0.0219733
0.000616667
0.000516667
0.000403333
0
0.00218
0.00013
0
0.00488333
0.0261333
0.00290333
0.0406933
0.0515433
0.0691533
0.00114333
0.00351667
0.01814
0.00268333
0.0208867
0.00532
0.0304967
0.000486667
0.00895667
0.0103167
0.0351867
0
0.00132
0.00143333
0.000446667
0.0191433
0
0.0236167
0.00436333
0.0169333
0.0151867
0.0242567
0.0466133
0.02689
0
0.00162
0.00340333
0
0.00776333
0
0.00340333
0.000413333
0.000483333
0.00983
0
0.00510667
0.01531
0.000186667
0
0
0
0.0333367
0.00255
0
0.00298
0
0
0.00135333
0
0.00037
0.0121033
0
0
0
0.000136667
0.00156333
0
0.00176
0.00156333
0.000283333
0
0.0329467
0
0.00968333
0.000133333
0
0.00125333
0.00619667
0.02701
0
0
0
0
0
0
0
0
0
0
0.00564667
0
0
0.0237133
0.00166
0
0
0
0.0260167
0.000106667
0.000106667
0.00718333
0
0.00488667
0.0146433
0.000353333
0
0.142573
0.00565667
0.02837
0
0
0.0318467
0.20727
0.0732133
0.0293467
0.00156
0.0238833
0.00125333
0.04285
0.10703
0.08581
0.0741933
0.0119367
0.2168
0.0715
0.16374
0.0165833
0.02946
0.0179067
0.0546367
0.00382
0.00132333
0
0.00479667
0.00137667
0.00436667
0.00167
0.0650967
0.00684667
0.0187067
0
0.00851667
0.0895133
0.00739667
0
0.07282
0
0.0003
0.000123333
0.00343333
0.00692333
0.000803333
0.00593333
0.00264
0
0
0.0104133
0.00019
0.00547
0.0374033
0.0232267
0.01612
0.13767
0.0498567
0.00593333
0.0468833
0
0
0.01347
0.000573333
0.02619
0
0.000113333
0.00591333
0.00014
0.121357
0.00309
0.0681567
0.0363033
0
0.00197667
0.000586667
0
0
0.0001
0.03658
0.0199067
0.0148533
0.0421967
0.06985
0
0
0
0
0
0.00923667
0.0442667
0
0.0594
0.00160333
0.000206667
0.0223467
0.00555
0.00994333
0.0307933
0.00673333
0.00548333
0
0.000333333
0.00116333
0.00451
0
0.00436
0
0.00013
0.00225
0
0.01236
0.00266333
0.000483333
0.0349633
0.00556
0.000453333
0.00221
0.000676667
0
0
0
0
0.0420167
0
0
0
0.01298
0.00211667
0
0
0.06142
0.0103067
0.000323333
0.00169333
0
0.000903333
0
0
0
0
0
0
0
0.002
0.0237367
0
0.00898667
0.0636767
0
0.00288333
0
0.01538
0
0
0
0
0.00748333
0.0335833
0
0
0
0
0
0
0.00127
0
0
0.02089
0.00932333
0.00015
0
0
0
0.0317133
0.0499133
0.000106667
0.0401767
0.0243633
0.0704533
0.000123333
0.00138
0
0
0.00568667
0.0481267
0.0285067
0.0412367
0.00897667
0.00137667
0.0114533
0.00993667
0.0104733
0.0908867
0.101627
0.0360567
0.164627
0.12103
0.0257867
0
0.151943
0.0335367
0.000373333
0.0254667
0.00671667
0.00560333
0.00019
0.0200233
0.00149
0.000113333
0.0866867
0.0417333
0.147773
0.02147
0.0377267
0.0194333
0.14875
0.00013
0.176323
0.0639533
0.06824
0.112163
0.0338367
0.07959
0.00376667
0.0372867
0.01333
0.0215933
0.137263
0.03976
0
0.0240567
0.03129
0.0799333
0.00232667
0.00937667
0.20909
0.000156667
0
0.00962667
0.00438333
0.00134
0.0361833
0
0.000743333
0.000816667
0.04052
0.03225
0.03138
0
0
0.110943
0.0361067
0.0229767
0.000626667
0
0.03678
0.04817
0.00217
0
0
0.0764533
0.0217533
0.05718
0.0251033
0.00557
0
0.00477333
0
0
0
0.00127333
0.00346333
0.0442033
0.00822
0.0088
0.000113333
0.00701667
0.01299
0.0503967
0.0947133
0.0438833
0.00813667
0.00015
0.000243333
0.00540667
0.00280333
0
0
0.00461667
0.00380333
0.00481667
0.0913833
0.04548
0
0.0712733
0
0.000806667
0
0.0561367
0.000413333
0.106797
0
0
0.00247
0
0.0206667
0
0.0424633
0.0243467
0.0167867
0.00024
0.00197333
0.0263333
0.06124
0.0746333
0
0.00019
0
0.00147333
0.00198333
0
0.0263767
0.0317367
0.000733333
0.0922867
0.00208
0.00166
0
0.0138033
0.02387
0.0439567
0.0213133
0.149153
0.0282133
0.116767
0.000456667
0.0313033
0.00413333
0.0043
0
0
0.0118933
0.00215333
0.00192667
0.12469
0.02861
0
0.05035
0.09558
0.15901
0.06653
0.0759933
0.00397
0.00232333
0.141577
0
0.08035
0.00608667
0.00718333
0.0151467
0.0411833
0
0.207443
0.00242333
0.0152767
0.0178167
0.0514067
0.11296
0.0668867
0.01232
0.00325
0.04737
0
0.00152333
0.01816
0
0
0.00061
0.00467667
0.000116667
0
0.0445567
0.000343333
0.000686667
0.0282067
0
0.00013
0.01037
0
0
0.00476667
0.02666
0.0276833
0
0.01961
9.66667e-05
0
0
0.000453333
0.0442
0
0
0.00228333
0
0.00213333
0
0.0454533
0
0
0
0
0.0353333
0.00084
0.00166
0.00393
0.000753333
0.00176
0
0.0579067
0.00215333
0.00199667
0.000186667
0.00192667
0.0110333
9.66667e-05
0.000903333
0.000223333
0.0221967
0
0
0.0441133
0
0.00481333
0.00190667
0.0106167
0.0205
0
0.0001
0.0001
0.00092
0
0
0.01395
0
0.00052
0
0.0113667
0.00321333
0.0141433
0
0
0
0.000313333
0.000783333
0
0
0.00149333
0
0.00127
0.00562
0
0
0
0
0.0402633
0
0.0425167
0.0159433
0
0.0111433
0
0
0
0
0.145147
0
0
0
0
0.0086
0.0054
0.09837
0.0808367
0
0.00343333
0.02325
0.107743
0.02774
0.00931333
0.0482367
0.0569967
0
0.01303
0.00184
0
0
0.0243333
0.0170833
0.0176367
0.0441633
0.00994333
0.00165
0.06403
0.00211667
0.00286333
0.00961
0.00145
0.0068
0.01514
0.00412
0.07591
0.00417
0
0.00019
0.000196667
0
0.02516
0.0949033
0.108103
0.07927
0
0
0
0
0.00475
0.0495033
0.0598667
0
0.00673
0
0
0
0.00036
0.0827333
0.05626
0
0
0.0974
0
0
0.08755
0
0
0
0.0309633
0.09259
0
0.0547
0.2062
0.00342
0.00367
0.0147367
0.0333033
0
0
0.0295967
0.06235
0.12284
0.0726467
0.0533967
0.03423
0.183077
0.0426367
0.00951333
0.00442667
0.00193667
0.0673
0.0136567
0.0145667
0.0188067
9.66667e-05
0.000243333
0.0669033
0.000913333
0.000123333
0.0242667
0.000286667
0.0157933
0.01152
0.05653
0
0.0763133
0.00028
0
0
0.0004
0.00149333
0.00264333
0.00218
0.000216667
0.0004
0.06388
0.0680233
0.00120333
0.00333
0.00491667
0
0.0363
0
0.00238
0
0
9.66667e-05
0
0.0184633
0
0
0
0
0.000453333
0
0.0267767
0
0
0.0123133
0
0.00117333
0
0
0.0604
0.0157667
0.00562667
0
0
0.0484167
0
0
0.00238333
0
0.000373333
0.00065
0
0.00079
0
0.00079
0.0166333
0
0
0.0340267
0.00033
0.00024
0.0133167
0.00114667
0.01233
0.00546333
0.00215
0.00348
0
0
0.000206667
0.00351333
0.000653333
0
0
0.000713333
0.00504333
0.00549667
0.00143
0
0
0.000143333
0
0
0
0
0
0.00163333
0
0.00276333
0
0.00127
0
0
0
0
0
0
0.0422133
0.00554333
0
0
0.0429967
0.01409
0
0
0
0
0
0
0.000646667
0.00172
0
0
0.01746
0
0
0.128733
0
0.00572333
0.00446667
0.0466633
0.0253167
0.0378333
0
0.02164
0.00170667
0.01038
0.00107333
0.000416667
0.000313333
0.000293333
0.0151633
0
0.00019
0
0.000276667
0
0.00162333
0.00286
0.0184433
0
0.01438
0
0
0.00950333
0.0175867
0.0120367
0.0254967
0
0.00215333
0
0.0753433
0.138897
0.00501667
0.000776667
0
0.03534
0.0788967
0
0.01417
0
0.01305
0.000173333
0
0.0004
0
0
0
0
0
0.00013
0.00215
0.00527
0
0.01839
0
0.03872
0.02822
0.00849
0
0
0.04483
0.01812
0.000246667
0.0428867
0.0255067
0.00689333
0
0
0
0
0
0
0
0
0.00446
0.05853
0
0.0989067
0
0.00249
0
0.00243667
0.00192667
0.0058
0.01705
0.00256
0
0
0.00157
0
0
0.0300033
0.00024
0.00198
0.0115567
0.00314
0
0
0.0265633
0.000133333
0.0240367
0
0.00887333
0.000683333
0
0
0
0
0
0
0
0
0
0
0.00014
0
0
0
0.00464667
0
0.000296667
0
0
0.0399133
0
0.0110867
0.03341
0
0.0247433
0
0
0.000143333
0.00036
0
0
0.000316667
0.00126
0
0.0553167
0.00889667
0.000363333
0.0188433
0.00930667
0.00114667
0.00909667
0.00402
0.0225033
0.01961
0.0112467
0.00482
0
0.01342
0.000293333
0.01041
0.00341333
0.0439233
0.00042
0.00058
0.000243333
0.0399833
0
0
0.000996667
0
0
0
0.0270833
0
0.00032
0
0.0789433
0
0.11001
0.000486667
0.00039
0.00231333
0.202047
0.00459667
0.00208667
0.0025
0.000356667
0.00208667
0
0
0
0
0
0.00136667
0
0.0519233
0.0697867
0
0
0
0
0.00202
0.000333333
0.01018
0
0.01326
0
0
0.0333367
0.00452667
0
0.00639667
0.000246667
0.0145833
0.01181
0
0
0.000373333
0
0
0.0138167
0
0.00412
0
0
0
0
0.01437
0
0.00347333
0
0
0.00041
0
0
0.00283333
0.000123333
0
0.000143333
0
0
0.02967
0
0.0148867
0
0
0.00052
0
0
0
0.00163
0
0
0.00288333
0
0
0
0
0
0.00025
0
0.0121733
0
0.0135567
0
0.0332967
0.0226433
0.0255
0
0
0
0
0.0001
0.00185333
0
0
0
0
0
0
0
0.00995667
0.00976333
0
0
0.00796667
0.0283633
0.00309333
0
0.00125667
0
0.000266667
0.0271367
0.000266667
0
0
0
0
0
0.01098
0
0
0.01559
0.02007
0.0117967
0.000206667
0.000163333
0.00269333
0.0210033
0
0
0.00624333
0.00593333
0.00478333
0.00477
0.00543667
0
0.0652667
0.0367967
0
0.0868767
0
0.0388167
0.0218133
0
0.0203267
0
0.00016
0
0
0
0
0
0
0
0
0
0.00571333
0
0.0341033
0
0.00438
0
0
0
0
0.0379767
0.01014
0.00043
0
0
0
0.0229533
0.123607
0
0
0
0.00456
0.0234867
0
0.0153167
0
0.00083
0
0
0
0
0.0255633
0
0
0
0
0
0
0.0117667
0.000903333
0.01948
0
0
0.00900667
0
0
0
0
0.000713333
0
0
0
0
0
0.000123333
0.000143333
0
0
0.0023
0.000133333
0.0146467
0
0.00024
0
0
0
0.00441667
0.00322667
0
0.0112333
0
0.01887
0.0319733
0.00186
0.00186
0
0
0
0
0
0
0
0
0
0
0.0440467
0.00066
0
0.00146667
0
0
0.00131667
0
0
0
0
0
0.00283333
0
0.01374
0
0
0.00525
0.000106667
0
0
0
0
0
0.00108
0.0317067
0
0
0
0.000426667
0
0.0999
0.000896667
0
0
0
0.00258667
0
0
0.110063
0.00122
0
0.0110967
0.00015
0.0107
0.00420667
0.0111367
0.0752
0.0481467
0.0577467
0.00608667
0.00143667
0.000236667
0
0
0
0
0
0.00101667
0
0
0
0
0
0
0
0
0.000173333
0
0
0
0.0339533
0.000643333
0
0
0.04299
0.02595
0
0.0199367
0.00368
0
0
0
0
0
0
0
0.00287
0.02353
0
0
0.00380667
0
0
0
0
0
0.00709
0.09997
0
0
0
0
0
0.0351667
0
0.0237033
0
0
0
0.0157733
0
0.00798333
0
0
0
0
0
0.00021
0
0
0
0
0
0
0
0.00632667
0
0.0258533
0
0.00283333
0
0
0
0
0.00172
0
0.0218533
0
0
0.0110067
0
0.00396
0
0
0
0
0
0.04275
0.0320267
0.0238167
0.0352733
0.00011
0.0169667
0
0.0291
0
0.0327833
0
0
0
0
0
0.00993
0
0
0
0
0
0
0.00242
0
0.0207233
0.0387433
0
0
0
0
0.008
0
0.000106667
0.0117333
0.00384667
0.01361
0
0
0.000463333
0
0.00620333
0
0
0.00405667
0.0969867
0.08148
0.0135333
0
0
0
0.0113
0.0101833
0
0
0
0.00058
0.00013
0.0876
0.0359033
0.0045
0.0100833
0.00780667
0.125507
0
0.00781
0
0
0
0
0
0
0
0
0
0
0
0
0
0
0
0.00287
0.00680333
0
0
0
0
0
0
0
0.01568
0.01897
0.00043
0.000243333
0.000163333
0
0
0
0
0
0
0.0665767
0
0
0
0
0.0151567
0
0
0
0
0
0
0.0237267
0
0
0.01214
0.00347667
0.00431333
0
0.00895
0.0275833
0
0
0
0
0
0.00901667
0
0.000186667
0.000186667
0
0.000123333
0
0
0
0
0.000206667
0
0
0
0
0
0.00465
0.0237067
0.03341
0.00399
0.00043
0.00997333
0.00267333
0
0.0347
0
0.000226667
0.000226667
0
0.000606667
0
0.000606667
0
0
0
0
0.000456667
0.0135133
0.00718667
0.000243333
0.02798
0.03385
0
0.04895
0
0.00769333
0.00381667
0.00296333
0.0355767
0.00110333
0.0383733
0
0
0
0.00011
0
0.00011
0
0.00791333
0.00369333
0.01676
0.00611
0.0273833
0.0236933
0.00066
0.0150033
0
0
0
0
0.0513533
0
0
0.00034
0
0.0403433
0
0.00207
0
0.03475
0
0.00148667
0
0
0.00229667
0.02389
0
0
0
0
0
0
0.0704033
0
0.0102733
0.003
0.02533
0
0.03396
0.01944
0.0001
0.00101333
0.0270767
0.110387
0.0138533
0
0.217003
0.0428633
0.00114
0
0
0.15101
0
0
0
0
0.00388667
0.00419667
0.000413333
0
0.00477667
0
0.143587
0
0.00351333
0
0
0
0
0
0.00147
0
0
0
0.00497333
0
0
0.0412333
0
0
0.000596667
0
0
0.06072
0
0
0.0530267
0
0
0.09687
0.0281167
0.00683
0
0
0
0
0
0
0
0
0
0
0.0229833
0.00363
0
0
0
0
0
9.66667e-05
0
0
0.00272
0
0.0175633
0.000283333
0
0.00877667
0.000566667
0.000463333
0.000273333
0.0144433
0.0108533
0.00198
0
0.02139
0.02452
0.00639333
0
0.0294167
0
0
0
0
0
0.000713333
0.000993333
0.0163833
0.000386667
0
0.00099
0.00099
0
0.0440967
0
0.0169133
0.00492
0
0.00110333
0
0
0
0
0.00401
0.00298
0.00159333
0
0
0
0.00381333
0.0078
0
0
0
0
0
0.00183333
0.01248
0
0
0
0
0
0.0191667
0
0
0
0
0
0.000296667
0
0
0.00439
0.00475
0
0
0.0141967
0
0
0.00596
0.0330567
0
0.0418
0.0203533
0.00258667
0
0.00258667
0
0
0
0
0
0
0.134193
0.000903333
0.05746
0.01439
0.000216667
0.108493
0.12817
0.00102667
0
0.0011
0.02469
0
0.0342533
0.00026
0.174893
0.00787667
0
0
0.26346
0.0900333
0
0
0.269133
0
0
0
0
0
0
0.02861
0
0
0.0262333
0
0
0.0246933
0
0.00056
0
0.12664
0.000223333
0.03838
0.0389933
0.0134167
0.0195167
0
0
0
0
0
0
0.00039
0
0.000263333
0
0
0
0
0.09624
0
0.0105433
0.0195967
0.00037
0
0
0.0468433
0.0457767
0
0
0
0
0
0
0.000373333
0
0.01533
0
0
0
0.00039
0
0.00127667
0.00349333
0.00023
0
0
0
0.00650667
0
0.00174333
0
0
0
0.00015
0
0.000476667
0.00023
0
0
0
0.00639333
0.00896
0.0268567
0.0109433
0.0198733
0
0
0
0
0
0
0.00226
0
0
0.000456667
0.00292667
0
0.0120233
0
0
0
0.00427667
0
0.00986667
0.00800667
0
0.00381667
0
0.02563
0
0.000563333
0.0001
0
0.00159333
0
0.0021
0
0
0
0
0
0.00276
0
0
0
0
0
0.0143967
0.0156
0.00183333
0
0
0.000413333
0
0.00017
0.0001
0
0
0
0
0
0
0
0.0254433
0
0.00029
0
0.0325267
0.000446667
0
0.00148667
0
0
0
0
0.07501
0
0
0.04686
0.00991667
0.0011
0
0.0431233
0
0
0
0.0385733
0.00366
0.126967
0.000643333
0
0
0
0.000556667
0
0.0583033
0
0.00382
0.10817
0
0
0.0231233
0.000616667
0
0.00942
0
0.00477
0
0
0
0
0.00232333
0
0
0.00046
0
0
0.0443767
0.0067
0.000116667
0
0.000696667
0.01006
0.01009
0.000413333
0
0
0.000246667
0.00095
0
0
0
0.000486667
0.000223333
0.000116667
0
0
0.00037
0
0.00180333
0
0.01827
0
0
0
0
0.000163333
0.00097
0.00438
0
0.0141233
0
0
0.130303
0
0
0.00287
0
0
0.000356667
0.00805667
0
0
0.0353833
0.04253
0
0
0
0.00284333
0.00308
0.01469
0
0.00289333
0.000103333
0.00646667
0.00298
0.01199
0.00235667
0.00613
0.0173967
0
0.0301667
0
0
0
0.0244267
0
0
0
0
0
0
0
0.00269667
0.0119667
0.02718
0.0133733
0
0
0.00387667
0.0219
0
0
0
0.000563333
0
0
0
0
0
0
0.00037
0
0.0358233
0
0
0
0
0
0
0.00451
0
0
0
0
0
0
0
0
0.452687
0
0
0
0
0
0
0
0
0.00212667
0
0.0450333
0
0.01029
0.04191
0
0
0
0.00965667
0.000216667
0
0.12345
0.00026
0.16953
0.0317767
0.00427667
0.00159667
0
0.0236067
0
0
0
0
0.16568
0
0
0.000556667
0.00095
0
0
0.00216
0.00624
0
0
0
0
0
0.0355667
0.03377
0
0
0
0.106197
0
0
0.0758433
0.0469767
0.000616667
0
0
0.00235333
0.00281333
0.00305
0
0.00363667
0
0.0329467
0
0
0.000263333
0.116963
0
0
0
0.00456333
0.176557
0.0716733
0
0
0
0.00095
0.00188
0.0864033
0
0
0
0.0707733
0.0118433
0.00217333
0
0
0.03592
0
0
0
0.00015
0
0.01126
0
0
0.000796667
0.0113433
0.0665133
0
0
0
0
0
0.00203
0
0.07594
0.10042
0.00379333
0.0231933
0
0
9.66667e-05
0.03817
0
0
0.03442
0
0.00753333
0.00778
0.0872733
0
0.0166967
0.07952
0.00495333
0.0460767
0.00273333
0.230313
0.000913333
0
0
0.0209667
0
0.0175367
0.0212333
0.0274
0.00916667
0.0004
0.0138833
0.00582
0
0.00461333
0.0197267
0.00154667
0.00154667
0.00131333
0.00041
0
0
0.00309667
0.000626667
0
0
0.0004
0.0004
0
0
0
0
0
0
0.03529
0
0
0
0
0
0.000343333
0
0
0
0.000343333
0.0195933
0.00132333
0
0
0
0
0
0
0.0402233
0
0.0150167
0.00269333
0
0.03737
0.00025
0.0371633
0.380967
0.0928333
0
0.00105667
0
0.00345
0.00545333
0.03566
0.00017
0.0258967
0
0.000943333
0.00013
0.00418333
0
0
0
0
0.000413333
0.00046
0.00055
0.0307867
0
0.0245
0.03765
0.0108433
0
0
0.01635
0
0
0
0
0
0
0
0
0
0.000373333
9.66667e-05
0
0
0.000256667
0.04618
0.00016
0
0
0.0245333
0.01363
0
0
0.00563667
0
0
0.0140933
0
0
0
0.00452667
0.00179
0
0.000166667
0.0366867
0
0.01176
0.000463333
0
0
0
0
0
0.0305033
0.11454
0.0530167
0
0.145207
0
0.00091
0
0.00794
0.01305
0
0.00256333
0.000973333
0.00799667
0
0
0
0.00228667
0
0.0115633
0
0
0.0344033
0.27406
0.0343833
0
0
0
0
0
0
0.00045
0.000356667
0.02915
0.00052
0.000223333
0.104443
0.0432933
0.0309033
0
0.0167733
0
0
0
0
0
0.00958
0.00235667
0.00387333
0.00803
0.00157
0.00814667
0.00107667
0.00157
0.02801
0
0.00189
0.000343333
0.00834333
0
0
0.00492667
0
0
0
0
0
0.000343333
0.00306667
0
0
0
0.0137233
0
0
0.00223
0
0.0448667
0
0
0
0
0
0
0
0
0
0
0
0
0
0
0.00144667
0.00140667
0.01385
0.0138633
0.01123
0.00209667
0
0
0
0
0
0
0.0503533
0
0
0
0
0
0
0
0
0
0.00263333
0.00284
0.00034
0
0
0.08896
0.07655
0.00347667
0
0.00995667
0.0330567
0
0.03173
0
0
0
0
0
0.0159133
0
0
0
0
0
0
0
0
0.04325
0.0842567
0.152247
0
0
0
0
0
0.08399
0
0
0
0.02322
0
0
0
0
0
0.0545833
0.0180733
0
0
0
0.0294067
0
0
0.125473
0
0
0
0.00561333
0
0
0
0
0
0
0.109707
0.05053
0.0909467
0.16225
0.00225333
0
0
0
0.0012
0
0.00382
0
0.000953333
0.000223333
0.00024
0
0
0.00137333
0.07273
0.00015
0
0
0.269273
0
0
0
0
0
0
0
0
0.00945667
0.0191067
0.00880667
0
0
0
0
0
0
0
0.05397
0
0
0
0.0782233
0.0469433
0.000176667
0
0
0
0
0
0
0
0
0.00258667
0
0
0.00077
0.0124467
0.0246667
0
0
0
0.00372333
0
0.00677333
0
0
0
0.0219867
0
0.02481
0
0.0228367
0
0
0
0
0
0
0
0
0
0.00992
0
0
0
0
0
0
0
0
0
0
0
0.02559
0.0288333
0
0
0.0026
0
0.00288
0.00385667
0
0.00029
0
0.0149633
0
0
0
0
0.000123333
0.000813333
0
0.000206667
0.000206667
0
0
0.0655733
0.00344
0
0.00023
0
0.02202
0
0.00998333
0
0
0
0
0
0.00057
0.04929
0
0.01374
0.000106667
0
0
0
0.000123333
0
0.11521
0.0374233
0.0193167
0
0.0219367
0.0658133
0.114073
0.142757
0
0.0240267
0
0.0497633
0
0.05883
0.00494
0.00363667
0.06781
0
0.00619
0
0.00130333
0
0.01733
0
0
0
0.01927
0.00143667
0
9.66667e-05
0.00706667
0.0373133
0.0331633
0.00041
0.00993
0.02623
0.0325933
0
0.00328
0.01293
0
0.00982667
0
0
0
0.0349633
0
0.01257
0
0.0120933
0
0.00251333
0
0
0
0.00257
0.0327533
0.181107
0.02972
0
0
0.000296667
0
0.0225933
0
0.0320867
0.000483333
0.00891667
0
0
0
0.00677333
0.0103733
0
0
0
0
0
0
0
0
0
0
0
0
0.00139
0
0
0
0
0
0.03313
0.0163933
0
0
0
0
0
0.00652667
0.00524667
0
0.00613333
0.00802333
0
0
0
0
0.00847667
0
0
0.00297667
0.00429667
0.0406567
0
0
0
0
0
0
0
0
0
0
0
0
0
0
0
0.000123333
0
0
0
0
0
0
0.0599767
0.0573233
0
0.01414
0.00146667
0
0
0.0123333
0
0.0130633
0.000106667
0.00105
0.00916333
0
0.0579033
0.00106333
0.000426667
0.02965
0.00216
0.0123133
0.100667
0.00143667
0
0.00344667
0
0
0.000373333
0.0110767
0.000206667
0.0343167
0.00201
0
0
0
0
0.0288033
0.00229333
0
0.000123333
0
0
0
0
0.00107667
0.00012
0.00251667
0
0.0128733
0.0238067
0
0
0.000953333
0
0
0
0
0
0
0.0167867
0.00074
0.02273
0.000123333
0.0209
0.02969
0.01106
0
0.0111467
0
0
0.00514667
0
0
0
0
0
0
0.0182267
0.01952
0
0.0379933
0.000436667
0.00445333
0.0298767
0
0
0
0
0
0
0.0399933
0
0
0.03879
0.00107667
0
0
0.000106667
0
0.000106667
0
0
0.0215
0.000103333
0.000103333
0
0.000343333
0
0.0364233
0.01052
0
0
0.00895667
0
0.0140067
0
0.0541667
0
0
0
0
0.0313667
0
0
0
0
0
0
0.00116
0
0
0.00241667
0
0
0
0
0
0
0
0
0.00062
0.00021
0
0
0.00021
0.0133367
0
0
0
0
0.00635667
0.00398333
0
0.0058
0.0119933
0.000163333
0
0.01038
0.000463333
0.01637
0
0.000696667
0.000696667
0
0
0.0551733
0.000876667
0
0
0.000426667
0.000866667
0.01286
0
0
0.05795
0.0540833
0.000773333
0.0229633
0.00135333
0.0469733
0
0.0423433
0.00023
0
0
0.00012
0.00837
0
0
0
0
0
0
0.000936667
0.0128
0
0
0.00771667
0
0
0
0.0544867
0
0
0.000436667
0.0109367
0.000223333
0.0304333
0
0
0.000553333
0.000103333
0.00337667
0
0
0.00158667
0.00026
0
0.01927
0.0259067
0.000466667
0.000103333
0
0
0
0
0.0168167
0
0
0
0
0
0
0
0
0
0.0276633
0
0.00017
0.00124667
0.05004
0.01234
0
0
0
0
0
0
0
0
0
0
0
0
0.000156667
0.000333333
0
0.00373667
0
0
0
0.00425
0.000556667
0.01414
0
0
0
0
0
0
0.00411333
0
0.0212467
0.0987167
0.0001
0
0.0001
0
0
0
0.00108333
0
0
0
0.01536
0
0
0
0
0.0190933
0
0
0
0
0.0134667
0
0.0634633
0
0.07326
0.05685
0.189303
0.07249
0.0451267
0.01507
0
0
0
0.000943333
0
0.0376167
0
0
0.04148
0
0
0
0
0
0
0
0
0.04008
0.0414433
0.00420667
0.0482333
0
0
0.000553333
0
0
0.00463333
0
0.00577333
0
0
0.000156667
0
0.0143
0
0
0
0
0
0
0.0972533
0
0.000273333
0
0.000156667
0.00898333
0
0
0
0
0
0
0.37185
0
0
0
0
0
0
0
0
0
0.00132667
0
0.0531967
0
0.0211733
0.00784667
0.2546
0
0
0.000176667
0.000426667
0.12632
0.08043
0.00664
0
0
0.0621
0.0485133
0
0
0.0674767
0.0283133
0
0.00234667
0
0
0.05317
0
0.00411333
0.000276667
0
0.0293467
0.297213
0
0.0415133
0
0.00801333
0
0
0.0208233
0.0455967
0.0194933
0.00218
0
0.0228033
0.0801967
0
0.0253833
0.0309233
0.00757333
0.00251
0
0.0591067
0
0
0
0
0
0.00218667
0
0
0
0.0159667
0.000846667
0
0.000846667
0
0
0
0
0
0.00755667
0
0.00127667
0.00087
0
0
0
0
0
0
0
0
0.000273333
0
0
0
0
0
0
0
0.00190333
0
0
0
0
0
0
0.00247667
0
0.141213
0.00922
0.134067
0.17225
0
0
0.00872
0
0
0.25543
0.00026
0
0
0
0
0.0865267
0
0
0
0.29403
0
0
0
0
0
0.00466333
0.00852667
0.0337167
0.141293
0
0
0.0298633
0.00509
0
0
0
0
0
0
0.0369333
0.2485
0.000163333
0.105577
0
0
0.000106667
0.04037
0.0001
0.0855067
0
0
0.02383
0.228357
0
0.02154
0
0.09723
0.09154
0.02621
0
0.0125767
0
0.0799933
0
0
