0.00100667
0.000223333
0.07073
0.0132233
0.0100467
0.00409667
0.0137233
0.03971
0.06172
0.0810267
0.04195
0.0393233
0.0179333
0.0454233
0.0552233
0.00827667
0.02484
0.09783
0.133983
0.0887167
0.000236667
0.00254
0.00844667
0.06924
0.00349
0.01993
0.000103333
0.05825
0.0736133
0.00229667
0.0109333
0.0110433
0.0572667
0.0985667
0.00250667
0.00997333
0.0482567
0.0494267
0.02672
0.0464233
0.02493
0.292077
0.0124333
0.05151
0.00211667
0.00578
0.519777
0.0768833
0.318337
0.0115467
0.00451333
0.0588967
0.30372
0.314673
0.10896
0.07261
0.000223333
0.0455933
0.0663933
0.07031
0.05441
0.0280767
0.0704833
0.0763233
0.09954
0.00309
0.00782333
0.00027
0.00196
0.02194
0.0161
0.01396
0.00506667
0.000243333
0.04113
0.0304867
0.0205067
0.00605
0.00466
0.0752567
0.00328333
0.22447
0.24332
0.0834633
0.0957567
0.0283233
0.0164633
0.01634
0.117207
0.07357
0.07194
0.316317
0.432497
0.451347
0.200117
0.0214067
0.06613
0.13386
0.345277
0.39585
0.12613
0.360877
0.57143
0.00790333
0.143023
0.0715933
0.166353
0.456623
0.639063
0.0409767
0.0502933
0.10424
0.263287
0.01663
0.00877333
0.0270067
0.105427
0.00929
0.01035
0.0193733
0.0438467
0.00237
0.00259
0.0511567
0.03227
0.398493
0.318673
0.0613167
0.0236167
0.0201733
0.0452867
0.0284733
0.0490833
0.338297
0.515313
0.30782
0.12022
0.124847
0.0601333
0.0382733
0.230107
0.71145
0.760697
0.347077
0.506577
0.00282333
0.0168533
0.380023
0.57667
0.7741
0.724853
0.07227
0.0180267
0.241193
0.43784
0.00388667
0.00014
0.00144333
0.00269333
0.000223333
0.00982667
0.02161
0.0127267
0.00376667
0.00163
0.0019
0.0216867
0.01104
0.0255067
0.0449767
0.0193933
0
0.0307533
0.0289533
0.0348667
0.05397
0.1559
0.0327
0.02578
0.0526367
0.0393
0.0175133
0.000313333
0.226343
0.123947
0.0322333
0.00957
0.512513
0.36291
0.296183
0.13966
0.00708
0.000436667
0.000123333
0.580147
0.26729
0.0454567
0.391833
0.257413
0.28306
0.10923
0.04392
0.000123333
0.00130667
0.0874133
0.0694933
0.13072
0.0781433
0.00118333
0.00131
0.0270633
0.03136
0.00663667
0.0154333
0.0838633
0.000346667
0.000346667
0
0.00199333
0.000126667
0
0.000406667
0.000406667
0.00687
0.0257467
0.0170367
0.0102533
0.01245
0.00334333
0.00784
0.00463333
0.00919333
0.00690333
0.00608333
0.0157467
0.00883
0.00498
0.08135
0.00540667
0.120753
0.0498033
0.0136267
0.13692
0.128053
0.204217
0.0198567
0.0268967
0.0349567
0.15825
0.0202667
0.0334067
0.0280467
0.02466
0.00565333
0.0164633
0.00403
0.0149833
0.0431033
0.04143
0.00224667
0.01429
0.0111367
0.00329333
0
0.00011
0.00362
0.00197667
0.00197667
0.00011
0.00011
0.0380433
0.0287133
0.0144067
0.0126867
0.00214667
0
0.0504867
0.0222133
0.01444
0.03305
0.0105
0
0.0288333
0.0291133
0.01741
0.0119833
0.00919667
0.01941
0
0.00246667
0.00190667
0.000666667
0.00374333
0
0.01315
0.02224
0
0.02796
0.000126667
0.0284733
0.0364467
0.0367733
0.000126667
0.00990333
0.0275867
0.0347167
0.000126667
0.0132133
0.01466
0.018
0.0203733
0.00263
0.00909333
0.0338767
0.0514667
0.0500467
0.0168667
0.0326267
0.00045
0.00425667
0.00202
0.0106433
0.00023
0.00068
0.0137133
0.00164333
0.00046
0.0127033
0.0161633
0.03155
0.0239233
0.00471667
0.00215667
0.01615
0.000366667
0.0131633
0.01079
0.00312333
0.00239667
0.00101333
0.00181667
0.00404667
0
0.00973667
0.02148
0.0375167
0.0192033
0.00053
0
0.0416867
0.0513133
0.00053
0
0
0.00900333
0.0387033
0.02984
0.00923
0.00307667
0.00029
0
0.0029
0
0
0
0
0.000106667
0
0.0124967
0.00253
0
0
0.01788
0.02458
0.000326667
0.00255
0.0234633
0.02799
0.0227933
0.00354667
0.00157
0.03149
0
0
0.0140333
0
0.00707667
0.00345333
0.02356
0.00318667
0.0404833
0.03433
0.000533333
0.02703
0.01363
0.000366667
0.00309
0.00283
0.00294333
0.00057
0.0022
0.00026
0.00026
0.000553333
0.00773
0.00934
0.00117
0
0
0.00896
0.0199533
0.00115
0.00232
0
0
0.0113733
0.0241433
0.0397567
0.0395467
0
0.0383067
0.0323533
0.00151
0.00960667
0.00036
0.0192833
0.00780667
0.000173333
0
0
0
0
0
0
0.00242333
0
0.000326667
0.01514
0.00377333
0.00599667
0.0204467
0.01299
0.0298467
0.01841
0.0270267
0.04421
0.0450433
0.0333667
0.0174367
0.00975
0
0.00152333
0.00011
0.000896667
0.00915
0.00302
0.00026
0.0223033
0.0122267
0.000166667
0.0150567
0.00287333
0.000113333
0.000113333
0.00117
9.66667e-05
0.00038
0.00697667
0.00058
0.0179633
0
0
0
0.00299333
0.01549
0.0185067
0
0.00350333
0.00251
0.0222333
0.01405
0.00452667
0
0.00153667
0.000173333
0
0.000993333
0.000993333
0
0
0
0
0
0
0
0
0
0.00242333
0
0.00242333
0
0.00791333
0.00549
0.00601667
0.00402333
0.0188
0.0207433
0.0293033
0.01965
0.0322333
0.0138533
0.00606
0.00285
0.00865333
0.0259167
0.02817
0
0.00197667
0
0
0
0.00022
0.00037
0.00784667
9.33333e-05
0.00984333
9.33333e-05
9.33333e-05
0
0.0003
0
0
0
0.00147
0
0
0
0
0
0
0
0.0117633
0.01363
0.0308367
0.0163
0.000483333
0.000483333
0.02029
0.02797
0.02911
0.0480867
0
0.000483333
0.0107367
0.0109533
0.0382733
0
0.00140667
0.0024
0.00626
0.00136333
0.00136333
0
0
0.00209333
0
0
0
0
0
0
0
0
0
0
0
0
0
0
0.000576667
0.00272
0.0267733
0.0235767
0.00763
0.000873333
0.00913333
0.00841333
0
0.0101867
0
0
0.000603333
0.0025
0.00011
0
0.00037
0.00221667
0.00210667
0
0.0046
0.00249333
0
0.00249333
0
0
0
0
0
0
0.000396667
0.0137233
0
0
0.00249333
0.0274033
0.04036
0
0.00291667
0.0482333
0
0
0
0
0
0.00786
0.0258933
0
0.00369333
0
0
0
0
0
0
0
0
0
0
0
0
0.00086
0.000283333
0.00354
0.00864667
0.0203167
0.0195633
0.00731667
0.00512333
0
0.00182667
0.000873333
0.000953333
0.00107667
0.000123333
0.000356667
0
0
0
0
0.000233333
0.00011
0
0
0
0
0
0
0
0.0003
0
0
0
0
0.000453333
0
0
0
0
0.000396667
0.0149367
0.00283667
0.000626667
0.0287633
0
0
0.00105
0.00119
0
0.00037
0.00037
0.0378133
0
0
0
0
0.0252867
0
0
0
0.0016
0
0
0
0
0
0
0
0
0
0
0
0
0
0.00260667
0.0019
0.00458
0.0123767
0.0230067
0.04029
0.0373333
0.00773
0.0196467
0.0342133
0.0234233
0.0242167
0
0
0
0
0
0.000233333
0.000233333
0
0
0
0
0
0
0
0
0
0
0
0
0
0
0
0
0.00023
0
0
0
0.00023
0.0183433
0
0
0.01952
0.00582333
0.00559
0.00203
0
0
0
0
0.0016
0.0016
0
0
0
0
0
0
0
0
0
0
0
0.00969667
0.00161667
0.00272333
0.03374
0.0276933
0.03193
0.0301633
0.0396067
0.116087
0.04111
0.0302467
0.0804133
0.169523
0.39248
0.532303
0.0383667
0.0287633
0.0291233
0.0870667
0.367537
0.4269
0.0185567
0.0201767
0.0968167
0.148353
0.22463
0.00665
0.00648
0.0888233
0.105737
0.0476467
0.0260033
0.0106867
0.0154167
0.02514
0.034
0.00439
0.00665333
0.00875667
0
0
0
0
0
0
0
0
0
0
0
0
0
0
0
0
0
0
0
0
0
0
0.000153333
0
0
0
0
0
0
0.000153333
0
0
0
0
0.00253667
0
0
0.00253667
0
0
0.00437
0.00198667
0
0
0
0
0
0
0.00226333
0
0
0
0
0
0
0
0
0
0
0
0
0
0
0
0
0
0.000116667
0.000116667
0
0
0
0.000193333
0.00827333
0.01397
0.00487333
0.003
0.000393333
0.02765
0.02456
0.0455633
0.0401767
0.0466567
0.0465667
0.08921
0.0998067
0.164167
0.16561
0.36698
0.35494
0.347203
0.0372
0.540413
0.689617
0.508447
0.41512
0.71713
0.631547
0.510707
0.28291
0.0289467
0.506083
0.303813
0.189217
0.17307
0.04337
0.0519433
0.02842
0.0396933
0.00512333
0.00135333
0.02896
0.02812
0.02894
0.01799
0.0284433
0.00109
0.00346667
0.03864
0.00237667
0.00250667
0.0241
0
0
0
0
0
0
0
0
0
0
0
0
0
0
0
0
0
0
0
0
0
0
0
0
0
0
0
0
0
0
0.000153333
0
0
0.000153333
0
0
0
0
0
0.00043
0.00043
0
0
0
0
0
0
0
0
0
0
0
0
0
0
0.000193333
0.000193333
0.00589
0.00621
0.0082
0.00278
0.00079
0.0362567
0.03087
0.0327267
0.0234767
0.0541167
0.0243033
0.0342667
0.110483
0.13793
0.05409
0.0305567
0.170037
0.143113
0.02633
0.02127
0.1604
0.0436167
0.03331
0.04598
0.0350433
0.00787667
0.0437067
0.0363867
0.00386333
9.33333e-05
0
0.0173967
0
0.0299333
0.000276667
0.00426333
0
0
0
0
0
0
0
0
0
0
0
0
0
0
0
0
0
0
0
0
0
0
0
0
0
0
0
0
0
0
0
0
0
0
0
0
0
0
0
0
0
0
0
0
0
0
0
0
0
0
0
0
0
0
0
0
0
0
0
0
0
0
0
0
0
0
0.000513333
0.000513333
0.0147233
0.00449667
0.0121633
0.0231767
0.00345
0.00262333
0.00235333
0.00579
0.00343667
0.00343667
0.00495333
0.00289
0.00924667
0.02223
0.01396
0.0222433
0.00410667
0.00410667
9.33333e-05
0.0295367
9.33333e-05
9.33333e-05
0
0.01624
0.02119
0
0.000146667
0.00436333
0.01969
0
0
0
0
0
0
0
0
0
0
0
0
0
0
0
0
0
0
0
0
0
0
0
0
0
0
0
0
0
0
0
0
0
0
0
0
0
0
0
0
0
0
0
0
0
0
0
0
0
0
0
0
0
0.000513333
0.000513333
0.00108
0.00108667
0.00194333
0.00165333
0.00756333
0.00152667
0
0.0195233
0.0213067
0.00557333
0.0269367
0.02272
0
0
0
0.0101633
0.00822333
0.00340333
0
0
0.00023
0.000766667
0.000643333
0.00582333
0
0
0.000146667
0.000376667
0
0
0
0
0
0
0
0
0
0
0
0
0
0
0
0
0
0
0
0
0
0
0
0
0.00108667
0.00125667
0
0
0
0
0
0.00108667
0
0
0
0
0
0
0.000113333
0
0
0
0
0
0.000113333
0
0
0
0
0
0
0
0
0
0
0
0
0
0
0.00388
0.00119333
0
0
0.00376
0
0.00379
0.00284667
0.00013
0.0304633
0.00409
0.000433333
0.03883
0
0
0.0132933
0
0
0
0
0
0.000106667
0.000106667
0.000466667
0
0
0
0
0
0
0
0
0
0
0
0
0
0.000293333
0
0.000293333
0.000293333
0
0
0
0
0
0
0
0
0
0
0
0
0
0
0.00017
0
0
0
0
0
0.00634333
0
0
0.00411667
0.00920333
0
0
0.00314333
0.00401
0
0
0
0.00098
0.000866667
0
0
0
0
0
0
0
0
0
0
0
0
0
0
0
0
0.0190333
0.00988
0.0113567
0.00243667
0.00029
0.000163333
0.0103533
0.000403333
0.00013
0.000433333
0
0.000433333
0.000433333
0
0.0491067
0.0694133
0.00846333
0.04006
0
0.00239667
0
0
0
0
0
0
0
0
0
0
0
0
0
0
0
0
0.000543333
0.000836667
0
0
0
0.000293333
0
0
0
0
0
0
0
0.00130667
0
0.00639333
0
0
0
0
0
0.02711
0
0
0
0
0
0
0
0
0
0
0
0
0
0
0
0
0
0
0
0
0
0
0
0
0
0.01594
0.00702
0.0106233
0.0199033
0.000163333
0
0
0.00013
0
0.00032
0.00840667
0.0109333
0.0702867
0
0.0438
0.0620867
0.0418633
0
0.05954
0.0379667
0.0353067
0.0913267
0.0303167
0
0.00743
0.00631333
0.03536
0.00279333
0
0.00340333
0
0
0.00136667
0
0
0
0
0
0
0
0
0
0
0
0.13433
0.22961
0.22642
0.200807
0.08864
0.221947
0.146037
0.0985833
0.109063
0.248783
0.32364
0.434087
0.35607
0.28016
0.0643767
0.23099
0.246513
0.0903367
0.333387
0.461627
0.423607
0.314497
0.176513
0.0587133
0.121727
0.255747
0.106617
0.146223
0.27254
0.238243
0.29719
0.17624
0.03951
0
0
0
0
0.000506667
0.00105
0.00478667
0.00457333
0
0.00950333
0
0
0.00576667
0
0.0056
0.000126667
0
0.000103333
0
0
0
0
0
0.00124
0
0
0
0
0.0252167
0
0
0.03361
0
0
0
0
0.0154833
0
0
0
0.01269
0
0
0
0
0.00110333
0
0.000236667
0.000236667
0
0
0
0
0
0
0
0
0
0.0371567
0.0325867
0.01119
0.0286133
0.0203033
0.0371867
0.00487333
0.000163333
0.00097
0
0
0
0.00019
0.00180667
0.109073
0.04792
0.06539
0.0185933
0
0.00989333
0.115387
0.00930667
0.0212667
0.0526467
0.10751
0.01021
0.0001
0.0714633
0.00234
0.0918567
0.00365333
0.0001
0
0.06586
0.00131333
0.00131333
0.0403233
0.000363333
0
0
0.0207867
0.00551333
0.00136667
0
0
0
0
0
0
0
0
0
0
0.0491267
0.03219
0.0297733
0.01028
0.00578
0.00351667
0.00269
0.00550667
0.06016
0.0608933
0.00325
0.00442667
0.05056
0.0598633
0.04263
0.0284467
0.00826
0.00479667
0.00509667
0.000576667
0.000143333
0.00117667
0.00117667
0.00117667
0.03144
0.0436133
0.0452233
0.0272567
0.00102
0.00264
0.00189667
0.00175333
0.00984667
0.0224867
0.0443367
0.0366433
0.0181367
0.01162
0.00741667
0.00448333
0.00175333
0
0.00102
0.00246
0.02321
0.03617
0.0380067
0.01577
0.02811
0.0303633
0.01671
0.01962
0.00540667
0.00467333
0.0128567
0.00214
0.00434333
0.0127733
0.103377
0.05763
0.118573
0.09081
0.0964067
0.07811
0.0689
0.0598767
0.0422967
0.00519667
0.01194
0.00508333
0.0358367
0.0135133
0.0311767
0.00727
0.0133067
0.0125967
0.00470667
0.0358933
0.07142
0.00361667
0.00291
0.00301333
0.0113667
0.0499567
0.00606
0.00238667
0.0120333
0.0113067
0.00223
0.0194267
0.0851
0.00296667
0
0.000833333
0.00967667
0.0429433
0.0663733
0.00470667
0.00296667
0
0
0.00295667
0.000403333
0.000833333
0.0230033
0.0340767
0
0
0
0.00043
0.0137567
0.0703
0.00804
0.0021
0.00174
0
0
0.000103333
0.01848
0.00525667
0.0448433
0.00724
0.00036
0
0
0
0.000103333
0.0465167
0.0806567
0.0942967
0.0463467
0.0982867
0.0398967
0.00193333
0.0013
0.00036
0
0
0.00174667
0.0115333
0.0150433
0.0352733
0.0301133
0.0107733
0
0
0.00127667
0.00292
0.0408967
0.0322967
0.02391
0.00357667
0.00338333
0.000993333
0
0
0.0212267
0.0297367
0.0382467
0.0307167
0
0.0213667
0.0124
0.00162333
0.00118667
0
0
0.0364733
0.03522
0.0177567
0.0114333
0.00128
0.000436667
0
0
0
0.00272
0.00645667
0
0
0
0
0
0
0
0
0.000233333
0
0.000106667
0.000106667
0.000713333
0.00061
0
0
0.00479667
0
0.0270333
0.0115967
0
0
0
0
0
0
0.0409833
0
0
0
0
0.0222267
0
0
0
0
0
0
0
0
0
0
0
0
0.0120133
0.02492
0.00612667
0.00141667
0
0.0335667
0.0290767
0
0.0370233
0.01312
0
0.0851967
0
0.00143667
0.000266667
0.176493
0
0
0.000366667
0
0.0467167
0.125953
0.112247
0
0.0001
0.0421533
0
0
0.0087
0.0155833
0.0272467
0
0
0
0
0.0017
0.000363333
0.000263333
0.000293333
0.00042
0.02278
0
0
0.0447267
0.0146067
0.0274533
0.00587333
0.00315333
0.00108
0.00708333
0.00723
0.00229667
0.00426
0.0089
0.02196
0.0377133
0.0353567
0.03564
0.0280633
0
0
0.01285
0.01907
0.00605333
0.0121633
0.00496
0.00299667
0.0334533
0
0
0
0.01509
0.0475133
0.02636
0.0407933
0.0235167
0.0224367
0.0196667
0.0217433
0.00373333
0.0131133
0.0453833
0.0265133
0.0551133
0.00165667
0.00048
0.00048
0.000256667
0.00716667
0.02845
0.0193067
0.0411267
0
0.000446667
0.000446667
0.01631
0.02571
0.00144
0.00188667
0.00302
0.00257333
0.00078
0.000303333
0.000303333
0.0094
0.00446
0.00312667
0.0314467
0.0236233
0.0227367
0.0101833
0.01859
0.01088
0.00199667
0.0306267
0.0214867
0.03871
0.0387767
0.03374
0.0373533
0.03768
0.0196533
0.0205933
0.0114133
0.00271
0.0104533
0.02486
0.02247
0.0310233
0.00175
0.00307667
0.000323333
0.000323333
0.00255333
0.00255333
0
0
0
0
0
0
0
0
0
0
0
0
0
0
0
0
0
0
0
0
0
0
0
0
0
0
0
0
0.00127667
0
0
0
0
0
0.00297
0.00424667
0.0225533
0
0
0
0.0036
0.0326833
0.0150067
0
0
0
0.00293667
0.0147867
0.0209167
0
0
0
0
0
0
0.00317667
0.00087
0.00338
0.00307333
0.00983333
0.00792667
0.000843333
0
0
0
0
0
0
0.00044
0.00265333
0.0238733
0.000323333
0.000323333
0.00116667
0.000843333
0.000843333
0.000146667
0.000146667
0
0
0.00044
0.0271333
0.0415433
0
0
0.00115333
0.0013
0.00325
0.00209667
0.00195
0.03237
0
0.0109167
0.01435
0
0.00227333
0
0
0.000106667
0
0.01258
0.00061
0
0
0
0
0.0155267
0
0
0
0
0.01404
0
0
0.0394767
0.0240633
0
0
0
0.0429767
0
0
0
0
0
0
0
0
0.01617
0
0
0
0
0.00576667
0
0
0.000236667
0
0
0
0
0
0
0
0
0
0
0
0
0.0444167
0.0856467
0.08758
0.09993
0.07363
0.10211
0.05673
0.0718367
0.277093
0.292723
0.397567
0.216347
0.05881
0.245573
0.4327
0.634127
0.583363
0.21028
0.0981233
0.124137
0.13537
0.27226
0.429817
0.604557
0.456987
0.265123
0.0746633
0.15877
0.295817
0.549137
0.45233
0.23334
0.150187
0.0718833
0.111753
0.346947
0.425527
0.292577
0.197197
0.0287233
0.0857567
0.167333
0.2599
0.317883
0.27198
0.0708833
0.182287
0.07657
0.00097
0.0029
0.01217
0.0290333
0.02123
0.02152
0.00272667
0.00141667
0.00832667
0.000156667
0.00471333
0.00383333
0.000156667
0
0.161673
0.00295333
0.00151667
0.00151667
0
0.00161667
0
0
0.00767333
0.01318
0.255423
0.00777333
0.01314
0
0
0.0130633
0.02139
0.200587
0
0.00851
0.00953667
0.00776667
0.01089
0.0209533
0.03496
0.04167
0.00565667
0.00569667
0.0104833
0.11749
0
0
0.0140267
0.00035
0.000703333
0.0162
0.0282933
0.0397567
0.05056
0.00924
0.0423567
0
0
0.00035
0.00775333
0.000233333
0.000713333
0.00723
0.0125367
0.0289433
0.0321167
0.04227
0.03643
0.00014
0
0.000333333
0.00099
0.05317
0
0.0213133
0.00776667
0.01527
0.00766667
0.0262367
0.0167167
0.0167567
0.00933667
0
0
0
0.00279
0
0
0.02782
0.01438
0.0113633
0.00456333
0.00249667
0.00118667
0
0
0
0
0
0.0344367
0.0172333
0.01509
0
0
0
0
0
0
0
0
0
0
0.01651
0.01463
0.00325333
0
0
0
0.00285333
0
0
0.000256667
0
0
0
0
0.000476667
0.000553333
0.00123
0.00170667
0.00077
0.000216667
0.00401333
0.00524333
0.0146467
0.01111
0.0112333
0.01068
0.00946667
0.00452333
0.01836
0.0104633
0.01189
0.00583333
0
0.000903333
0.00584667
0.00142667
0.00142667
0
0.000523333
0
0
0
0
0
0
0
0
0
0
0
0
0
0
0
0
0
0
0
0
0
0
0
0
0
0
0
0.000283333
0.000283333
0
0.00259
0
0
0.0157333
0.01651
0
0
0.00276333
0.00399667
0.02181
0.0373433
0.0280333
0.00715667
0
0
0
0
0
0.00044
0.00055
0.03124
0.0104767
0.00520333
0.000353333
0.000593333
0.00316
0.00121
0
0
0.0480133
0.00609
0.000576667
0.000353333
0
0.01172
0.0176633
0.0102567
0.00858667
0.00149
0
0.000223333
0
0.000276667
0.000276667
0.00997333
0.01085
0.0194667
0.00214667
0.00049
0.0476467
0.0450467
0.000106667
0
0
0
0.0320367
0.0229367
0.00337667
0
0.0190033
0
0
0
0.0313767
0
0
0.0382
0.04266
0
0
0
0
0
0.0339733
0
0
0
0
0
0
0
0
0
0
0
0
0
0
0
0
0
0
0.01419
0.0246533
0.0699433
0.0861867
0.173317
0.13198
0.0243633
0.0612767
0.0412167
0.01451
0.140697
0.13636
0.234777
0.169323
0.13637
0.0433767
0.107437
0.0310067
0.0502133
0.05802
0.0620667
0.0404867
0.07414
0.03274
0.0421967
0.06185
0.0480667
0.0270133
0.04707
0.101073
0.0237967
0.09144
0.0321333
0.0458233
0.0951667
0.12531
0.0117833
0.0895267
0.0113067
0.00977
0.00406333
0.0293267
0.0428867
0.00157333
0.0165133
0.0371567
0.0313567
0.00825333
0.01422
0.00907667
0.04257
0.227077
0.13828
0.3173
0.314113
0.160677
0.231377
0.0663733
0.0567233
0.0276733
0.02259
0.05033
0.159107
0.238457
0.0372133
0.0854967
0.177963
0.196
0.183867
0.121903
0.0890633
0.00318667
0.00548333
0.0210033
0.00193
0.00305667
0.00243667
0.00131
0.0258433
0.0201367
0.0192567
0.0193933
0.000393333
0
0.00269333
0.000313333
0.00055
0
0.12756
0.00167667
0.00016
0.00853333
0
0
0
0
0.0157833
0.47654
0
0.0333633
0.0288133
0.01066
0.00431
0.01208
0.0258467
0.01744
0.00157667
0.465493
0
0
0.01627
0.00836
0.01113
0.0321967
0.0206533
0.0266467
0.0152433
0.04093
0.0295067
0.00223333
0
0
0.0195267
0.0283433
0.0290633
0.0270833
0.0332967
0.0126567
0
0.0271567
0.02485
0.00837
0.00014
0.000656667
0.04134
0
0.03706
0.00153
0.000343333
0
0
0
0
0
0
0
0.02871
0
0
0
0
0
0.0291467
0.00825667
0.00291
0.0101633
0.0269367
0.02135
0
0
0
0.00137333
0.00137333
0
0
0.0282567
0.0231667
0.00379667
0.00506667
0
0.00909
0
0
0.00153
0.00132667
0
0
0.000203333
0
0.00025
0
0
0
0.00025
0.00109333
0.000203333
0
0.00094
0.000313333
0.00197
0.000313333
0.00234
0.00108333
9.66667e-05
0.000366667
0.0163367
0.00146333
0
0.00027
0.00172
0.0157167
0.000953333
0
0
0.00288
0
0
0.00173333
0
0
0
0.00261667
0.000883333
0
0.000883333
0
0.000883333
0
0
0
0
0.00035
0.00035
0
0
0.00065
0
0.000463333
0.000763333
0.000463333
0.00437667
0.00234333
0.00181333
0.000473333
0.000936667
0.00455
0.00888
0.000473333
0.02017
0.0250333
0.02599
0.0376
0.0335967
0.000473333
0.00235667
0.000683333
0.0531833
0
0.000473333
0.0002
0.03538
0
0
0.000416667
0.000416667
0.000416667
0
0.0002
0.0163033
0.00785
0.00603333
0.00028
0
0
0.00233667
0.00052
0.000213333
0.0445967
0.01627
0.00838333
0.00128667
0
0.000296667
0.000296667
0.000296667
0
0.000213333
0.00394333
0.0332467
0.0134267
0.0591267
0
0.00366667
0.0349867
0.0608667
0.0440133
0.0407433
0.0590833
0.0305133
0.00276667
0
0
0
0.03671
0.0607867
0
0
0
0
0.0342767
0
0
0.02723
0
0
0
0
0.0524833
0
0
0
0
0
0
0.0279833
0.0437967
0
0
0
0
0
0
0.00775667
0
0
0
0.00222667
0
0
0
0
0
0
0
0
0.0789367
0.00936667
0.0251733
0.0113867
0.24083
0.0499233
0.11328
0.01269
0.18304
0.104863
0.32915
0.251783
0.318197
0.27019
0.257683
0.183973
0.23552
0.256617
0.234623
0.18997
0.08087
0.0586833
0.190663
0.101293
0.0349433
0.00843333
0.0912333
0.0757933
0.04144
0.000413333
0.00301333
0.0397467
0.0233033
0.0026
0.00303333
0
0.0257967
0
0.0230533
0.000996667
0.00155
0.000563333
0.03262
0.00366667
0.00356333
0.00101333
0.0160267
0.00287333
0.00527
0.00176333
0.0266433
0.0212567
0.00242667
0.06394
0.0680533
0.0121767
0.0104433
0.08597
0.0898967
0.0226633
0.02465
0.0194767
0.11531
0.102323
0.0886267
0.100197
0.0477567
0.0592267
0.07923
0.10517
0.129473
0.110747
0.107667
0.00028
0.00202667
0.03659
0.04455
0.000236667
0
0.00112667
0.00112667
0.0189567
0.0275833
0.00322333
0.01277
0.00220667
0
0
0.00016
0.00877
0.2977
0.00016
0
0.0224333
0.00769333
0.000686667
0.00156667
0.00284667
0.00178
0
0.55293
0.0102933
0.0291867
0.02222
0.0393433
0.0393833
0.0284033
0.00992333
0.00398333
0.00248667
0.000706667
0.000706667
0.0350133
0
0.667947
0
0
0.0017
0.02908
0.0235833
0.01708
0.00375667
0.00305
0.0321933
0
0
0.58169
0
0.0228833
0.00982333
0.00305
0.000496667
0.0265633
0
0.334977
0
0.00398333
0.0121067
0.00852333
0.00547333
0.000496667
0.00227333
0.00747333
0.000656667
0.135683
0
0
0.00336667
0.01196
0.01371
0.00581667
0.000343333
0.00177667
0.00191667
0.000656667
0.0455033
0
0.0133233
0.00014
0.0219367
0
0
0
0.0184067
0.0164167
0.000343333
0
0
0
0
0.0412133
0.0364133
0
0
0
0.00978667
0.00618
0.00566667
0.00032
0.00012
0
0.0368267
0
0.00682667
0.000876667
0.00732333
0.000393333
0.00176667
0
0
0
0.000876667
0.00789333
0.00991
0
0.000103333
0.00098
0.000333333
0.000103333
0
0
0.000203333
0.00025
0
0.00433667
0.00683667
0
0.00518
0.02305
0.00234333
0.000203333
0.0116667
0.00767667
0.0270367
0.00411
0.00710333
0.01044
0.0263833
0.0179033
0.00383
0.000396667
0.0424233
0.0228667
0.0483533
0.0106033
0.000646667
0.00052
0.0343867
0.0161933
0.0161767
0.00935333
0.00052
0
0
0.00865333
0.00944
0
0.00015
0.00185667
9.66667e-05
9.66667e-05
0
0.00205667
0
0.00657333
0.00516667
0
0.00697
0
0
0.01695
0.01549
0.000653333
0.00146667
0.000813333
0.0361167
0.00800333
0.0139667
0.03296
0.00776333
0.0115733
0
0.000573333
0.00169333
0.000853333
0.000653333
0.00387
0.00581667
0.00358333
0.000853333
0.00414333
0.00759667
0.0162967
0.0149333
0.00252333
0.00625
0.0208133
0.0274067
0
0.01314
0.00402
0.01265
0.0206233
0.02506
0.04564
0.0497067
0.0109533
0
0
0
0
0
0.000213333
0.000213333
0.00413
0.00928333
0.0501933
0.0691767
0.06418
0.00276667
0
0
0
0
0
0
0
0.00357
0.00550667
0.0168267
0.0166167
0.01152
0.00567
0.03013
0.0412667
0.0568933
0
0
0.000116667
0.00205333
0.00518
0.00324333
0.00335333
0.0322867
0.03298
0.0427267
0
0
0
0.04427
0.0344733
0
0
0.0536733
0
0
0
0.0232533
0
0
0
0
0
0
0
0
0
0
0
0
0
0
0
0
0
0.00211667
0
0.000186667
0.00066
0.00865667
0.0100333
0.04213
0.06665
0.0341567
0.0143733
0.00545
0.00554
0.0193267
0.0615367
0.02197
0.153333
0.08032
0.12272
0.10527
0.110213
0.16819
0.0911433
0.186147
0.218267
0.0855267
0.201993
0.247557
0.0858867
0.122723
0.142573
0.218457
0.0141733
0.01269
0.0591367
0.09325
0.00836667
0.000346667
0.05712
0.0371867
0
0
0.0252333
0.0178167
0.0176167
0
0
0.0346233
0
0.0419567
0
0.0426967
0.00045
0.00045
0.003
0
0.0395567
0.0214067
0.00325333
0.0526433
0.03602
0.0662133
0.0249533
0.0724
0.0506833
0.0455033
0.0537867
0.0409767
0.0621533
0.0457433
0.07068
0.0646267
0.0330833
0.0862467
0.0904467
0.0906033
0.0684
0.0862867
0.0558733
0.02669
0.0354433
0.0281967
0.00170333
0.00188333
0.00334333
0.0211467
0.03289
0.0169533
0.000236667
0
0
0
0
0
0.02851
0.0188567
0
0.00204667
0
0.000236667
0
0
0.00141667
0.00141667
0.00344667
0.00903667
0.00203
0.00719333
0.00700667
0.000186667
0.000186667
0
0
0
0
0.00983667
0.00146
0
0.205537
0
0
0
0.0148133
0.0168433
0
0
0
0.02779
0
0
0
0
0.00147
0.00147
0.000846667
0.0478733
0.0457967
0.617273
0
0.00014
0.00023
0
0.00134333
0.000846667
0.00237667
0.0119833
0.466037
0
0.00014
0.00014
0.00023
0.0127267
0.03146
0.269997
0
0
0.00217333
0.00223333
0.00136333
0
0.00107333
0.00107333
0.00324667
0.00979333
0
0.0179633
0.0294033
0.02087
0
0
0.00439667
0
0
0
0
0.00444
0
0
0
0.01224
0.0196767
0
0.0196867
0.01413
0.00248
0.00937333
0.00352667
0.00013
0.00013
0.00026
0.00265
0.00529667
0.00756
0
0.01389
0
0.02784
0.00577
0.00214
0.0421833
0.01311
0.03674
0.0234767
0.02283
0.0417633
0.04204
0.00586333
0.00572333
0.05435
0.00394
0.00541333
0.03224
0.03522
0.00212
0.00175
0.00897667
0.0117133
0.000323333
0.00042
0.01608
0
0
0
0.0165267
0
0.000653333
0.0346567
0.02525
0.000573333
0.00122667
0.0355433
0.0172967
0.0354033
0.000396667
0.000396667
0.000573333
0.00919667
0.00105
0.00536333
0.00688
0.0181233
0.0107867
0.00698333
0.000756667
0.03772
0.03679
0.01597
0.00932667
0
0.01402
0.0216
0
0
0
0
0.00034
0.0112367
0.00288667
0.03581
0.0381733
0
0
0
0
0.000116667
0.000116667
0
0.000116667
0
0.00023
0.000463333
0.00892333
0.0296267
0.0403967
0.0472767
0
0
0.0259233
0.0422067
0
0
0.0237767
0
0
0
0
0
0
0.00302667
0
0
0
0
0
0.00222667
0
0
0
0
0
0
0
0
0.00529333
0.00639
0
0
0.000716667
0.00119
0.00133
0.00217667
0.0107033
0.04147
0.0393267
0.0305267
0.00741
0.0432733
0.0104533
0.0651633
0.0202933
0.02547
0.0435267
0.0766067
0.0549233
0.0310267
0.0446233
0.0913133
0.124807
0.0926167
0.02741
0.0231233
0.0291967
0.00556333
0.0263
0.04504
0.000346667
0
0
0.0204633
0
0.00410667
0
0
0.00580667
0.00786667
0
0.01216
0.0225667
0
0.0297
0
0
0.0214367
0
0.0165567
0.00563333
0.02556
0.0162067
0.0405833
0.0390133
0
0.000703333
0
0.000703333
0.0661
0.0068
0.000703333
0.05759
0.00874333
0.00609667
0.04323
0.0479267
0.00385667
0.00264667
0.0354233
0.0514033
0.0576933
0.0739967
0.07931
0.05542
0.0807767
0.0472033
0.0261633
0.0181767
0.00301
0.00272333
0.02178
0.0255633
0.00803
0.00769667
0.00249667
0.00204667
0.000703333
0.00231
0.00160667
0.00659667
0.00499
0.00777
0
0
0
0
0
0
0
0
0
0
0
0
0
0
0
0
0
0
0
0
0
0
0
0.00157
0
0
0.229737
0
0
0
0
0.00103333
0.00103333
0.01957
0.00138
0.01976
0
0
0.443497
0
0.00223333
0
0.00188
0.0296767
0
0.289743
0
0.000156667
0.0104267
0.00237333
0
0
0.272477
0.05258
0
0.00819333
0.05668
0.00102
0.00892333
0
0.03089
0.00748667
0.00633333
0.0279633
0.00893667
0
0
0.00059
0
0
0.00107333
0.0105267
0
0
0.000633333
0.000833333
0.0002
0.0002
0
0
0
0.00332667
0.00293333
0
0.00234333
0.03674
0.04231
0.0242767
0.0148467
0.00013
0.00235
0.0269233
0.0232367
0
0
0
0.00486333
0.01244
0.00373
0.00363
0.0178667
0.03366
0.01107
0.00796
0.0257533
0.0203667
0.02158
0.0150267
0.01255
0.0148733
0.0344333
0.02131
0.02358
0.0159033
0.02428
0.01337
0.00251
0.00408
0.0126367
0.00422
0.0133167
0
0.000323333
0.0315667
0
0
0.03805
0.0218033
0
0.0155767
0
0.0001
0.0328367
0.01363
0.0001
0.00388333
0.00358667
0.0163967
0.00843667
0.0107133
0.0177633
0.0205967
0.00224
0.0235933
0.00842333
0.00834
0.00778333
0.00211333
0.00114
0.00135667
0
0
0
0
0
0
0
0
0.00892667
0.0126367
0
0
0
0
0
0
0
0
0
0
0
0.000466667
0.00692667
0
0
0
0
0
0
0
0.00378333
0
0
0
0
0.0008
0
0
0
0
0
0
0
0
0
0
0
0
0
0
0
0
0.00121667
0.000163333
0.000283333
0.00534667
0.00479333
0.00703667
0.0115267
0.00788333
0.00774333
0.0173067
0.0128
0.00924333
0.0185833
0.00242333
0.00176
0.00919667
0.00628333
0.00313
0.0226333
0.0292433
0.0133233
0.02106
0.0219633
0.0456933
0.0343
0.00213
0.0205267
0.0289433
0.00879
0.00949667
0.00562333
0.00521667
0.00450667
0.00975
0
0.00887333
0.00663333
0.00667667
0
0.00200333
0
0
0
0.00233667
0.00924333
0
0
0.00360667
0
0
0.01418
0
0.0163633
0.03239
0.0545833
0
0
0.0269567
0.04211
0
0
0.01841
0.00812
0.0243833
0.0144633
0.00259
0.00121
0.0186967
0.0333667
0.0553733
0.0505233
0.04266
0.05349
0.0175467
0.02355
0.00457333
0.00329333
0.0031
0.0148867
0.00283
0.00101667
0.02223
0.0209367
0.03697
0.02204
0.0129533
0
0.00045
0
0
0
0
0.000703333
0.000156667
0.00293667
0
0.000156667
0
0
0
0
0
0
0
0.0177167
0.01105
0
0
0
0
0
0
0
0
0
0
0
0
0
0.000346667
0.000346667
0
0
0.06017
0.0593767
0.000156667
0.000156667
0
0
0
0.05661
0
0.0694367
0.00292667
0.0144433
0.0150533
0
0.00680667
0.0298967
0.00277
0.0142867
0.0360033
0.03254
0.00102
0.0115167
0.0138467
0.0210767
0.01043
0.0161533
0
0.0037
0.00208333
0.00739667
0.00106333
0.00753
0.00221667
0.00233
0.00283667
0.00370667
0
0.0222033
0.0264433
0.00115333
0
0
0
0
0
0.00351
0.00458333
0.02354
0.000123333
0.00063
0
0
0.000123333
0.00459667
0.000123333
0.0266767
0
0
0.03659
0.02637
0.02199
0
0
0
0
0.0026
0.0019
0.0001
0.0001
0.00959
0.00875667
0.00062
0.00912667
0.00386333
0.00130667
0.0126733
0.0301
0.00138333
0.0386833
0.03783
0.00435333
0.0201933
0
0.00375667
0.00967333
0.00456
0
0
0.01015
0.02806
0
0
0.0294633
0.0329067
0
0
0.0181367
0.00860333
0.0001
0.0105133
0.00046
0.000973333
0.0415733
0.0388333
0.0175667
0.0348433
0
0.00114
0.00114
0
0.00256
0
0
0.00120333
0
0
0
0
0
0
0
0
0.000136667
0
0.000136667
0.000136667
0
0.000233333
0.000233333
0.000233333
0.00103333
0
0
0
0.000136667
0
0
0
0
0
0
0
0
0
0.0008
0
0
0
0
0
0
0
0
0
0
0
0
0
0
0
0
0
0
0.00121667
0.00181
0.01388
0.0107767
0.0298867
0.02698
0.0294767
0.0144133
0.00728667
0.00188333
0.000103333
0.00110667
0.0119333
0.00101667
0.000103333
0.00121333
0.00275
0.0016
0.01305
0.000626667
0.00222667
0.0175767
0.00875333
0.000436667
0.00106333
0.0131333
0.00737333
0.00215667
0.00222
0.000796667
0.000406667
0.00497
0
0.02165
0
0
0.0245167
0
0.02312
0
0
0.00169667
0
0.000343333
0
9.66667e-05
0
0
0
0.00136667
0
0.00136667
0
0
0.00388
0.0199067
0
0
0.0166433
0.0251633
0
0
0.01001
0.00174667
0.0105967
0.00117667
0
0.000303333
0.00127333
0.0001
0.00389333
0.0199967
0.0281533
0.07291
0.0772967
0.103323
0.07057
0.0532733
0.00551333
0.02461
0.107227
0.14383
0.13554
0.113423
0.06391
0.0388533
0.0174633
0.0670833
0.0863333
0.0456767
0.000313333
0.00589667
0.0258167
0.08076
0.0709
0.07314
0.113547
0.0604767
0.0655033
0.02304
0.0336167
0.0229567
0.0258
0.00709
0.00643667
0.00189
0.00379667
0.00238
0.00045
0.00045
0
0.000313333
0.00113
0.0111467
0
0.000973333
0
0
0
0
0
0
0
0
0
0
0
0
0
0
0
0
0
0
0.00135667
0.000446667
0
0.00473667
0.00353667
0.00694
0.00145667
0.02284
0.02047
0.0205
0.00324333
0.0321533
0.0275433
0
0
0.00101333
0
0.00083
0.000113333
0.000113333
0.03081
0.0130067
0.00177667
0.000113333
0
0
0
0
0
0
0
0
0
0
0
0
0.0107
0.00115333
0.00416
0.00115333
0.0355
0.02494
0.0465267
0.0377033
0
0.0212533
0.02857
0
0.0110333
0
0.00439
0
0
0.0006
0
0.0006
0.0006
0.00106667
0.00052
0.000466667
0.00289333
0.00052
0.00372333
0.02212
0.000783333
0.0275233
0.000886667
0.03465
0.0007
0.0169233
0.000103333
0.000103333
0.00958333
0
0.00116
0
0.00684
0.00754
0
0.0122533
0
0.00622333
0.00529333
0.000303333
0.00058
0.00577333
0.00379
0.000773333
0.000513333
0.000513333
0.000513333
0.0349867
0.0409467
0.04383
0
0
0.0125433
0.0235167
0.00208667
0.00133
0.00208667
0.00267667
0.000126667
0.00059
0
0
0
0
0
0
0.00335333
0
0.0116267
0.00349
0
0
0
0
0
0
0
0
0
0
0.0113967
0.00326
0.00312333
0
0
0
0
0
0
0
0
0
0
0
0
0
0
0
0
0
0
0.00381333
0.0192967
0.03394
0.04217
0.0406133
0.0322967
0.000786667
0.000786667
0.00228667
0.00216667
0.0160867
0.00917333
0.00132
0.000213333
0.000786667
0.00023
0
0
0.00023
0.00164
0
0.000973333
0.00247667
0
0.00272333
0
0.00238
0.00175
0.00424
0.02327
0
0.03793
0
0.0454467
0.02777
0.0109767
0.000493333
0.00184667
0.000246667
0
0
0
0
0
0
0
0
0
0
0
0
0
0
0.00033
0
0.00033
0.000616667
0
0
0.000286667
0.00116
0
0
0.000873333
0
0.000873333
0.00077
0.00067
0.00280667
0.00125667
0.00292333
0
0.00850667
0.00287
0
0.0144333
0.00254667
0
0
0.00113667
0.0131867
0.0446033
0
0
0
0
0
0
0.000743333
0.000906667
0.00164
0.0220533
0.0333467
0
0
0
0
0.000896667
0.000896667
0
0
0
0.00835667
0.01056
0
0
0
0
0
0
0
0.00730333
0.00372333
0.00152
0.00236667
0.00145667
0.000446667
0
0
0.01193
0.0174567
0.00321333
0
0.0146933
0
0
0.00745333
0.00649667
0
0.00422
0
0.000306667
0.000193333
0
0
0
0
0
0
0.00197
0.00227667
0
0
0
0
0.000143333
0.00365333
0.0126033
0.0314167
0.04116
0.0228
0.03875
0.00773333
0.0276567
0.00300667
0.0439133
0.02666
0.00011
0.0130667
0.00011
0.00345667
0.000366667
0
0
0
0
0
0
0
0
0
0
0
0
0
0
0.00129667
0.00045
0.00204333
0.000636667
0.00987333
0.00257667
0.00074
0.00897333
0.00334667
0.00889667
0.00132333
0.00106667
0.00122
0
0.00067
0
0
0
0.00119
0
0
0.00119
0
0.00151
0
0.00032
0.000203333
0.000203333
0.00032
0.00032
0.00228667
0
0.0184367
0
0
0.03351
0.00128333
0.0286967
0.00337
0.00884667
0.00563
0
0.00504
0
0
0.000103333
0.00037
0.00037
0.00375333
0.00673667
0.0313733
0.0148733
0
0
0
0
0
0.0262533
0.0311133
0.00346333
0.0064
0.000186667
0
0
0
0.00041
0.00041
0
0
0
0
0
0
0.0347867
0.0248067
0.02877
0.00370667
0.01518
0.0151933
0.0316767
0.03149
0.0305533
0.02819
0.01505
0.00977
0.00817
0.000316667
0
0.000213333
0
0
0
0
0
0
0
0
0
0
0
0
0.000136667
0
0
0.000136667
0.00188667
0.000106667
0.00175
0
0.00248667
0
0
0.00757667
0
0.0265
0.0322033
0.03649
0.0177
0
0.00986333
0
0
0.000486667
0
0
0
0
0
0
0
0
0
0
0
0
0
0
0
0.00274
0.00458
0.00299667
0
0.00231667
0.00373667
0
0
0.00199333
0
0
0.00257333
0.00879667
0.0355433
0.0274
0.00727333
0.00502
0.000473333
0
0
0
0
0
0
0
0
0.00802667
0.00914667
0.02353
0
0
0
0.000253333
0.000503333
0.00276
0
0
0
0
0.00963
0.0113067
0.000413333
0.000413333
0
0
0
0.00110333
0.000163333
0.00101
0
0
9.33333e-05
0
9.33333e-05
0.02066
9.33333e-05
0
0
0.00328333
0.00245333
0.00353667
0.00245333
0.00108333
0
0
0.000193333
0
0
0
0
0.0035
0.000613333
0
0
0.000456667
0.00363667
0.0122733
0.0414467
0.0355033
0.00915
0.0295233
0.01028
0.0356033
0.00738333
0.0104167
0.000806667
0
0
0
0.00297
0.000746667
0.0157767
0.000746667
0.01528
0.00114333
0.01605
0.0251933
0.0123867
0
0
0
0
0
0.00156667
0.00329
0.00156667
0.0161567
0.00205333
0.0264033
0.000486667
0.00131667
0.0529
0.00211333
0.00779333
0.0480867
0.00905
0.0100767
0.0305433
0.0243567
0.00256
0.00243333
0.02731
0
0
0.00037
0.00037
0.000473333
0.00207333
0.0005
0.00532667
0.00289333
0
0
0.00013
0.01722
0.0355
0.0459967
0.00014
0.00014
0
0
0.0032
0.00338667
0.00297667
0
0.0307267
0.00804667
0.00636667
0.00178333
0.00173667
0
0
0
0
0
0
0
0
0
0
0.0246733
0.0417967
0.0449067
0.00154
0.00191667
0.000103333
0
0
0
0
0
0
0
0
0
0
0
0
0
0
0
0
0
0.00024
0
0
0
0
0
0
0
0
0
0
0
0
0
0
0
0
0
0
0
0.00232667
0
0
0.02019
0.01953
0
0
0
0.0243333
0.0292767
0.01486
0.01468
0
0
0
0
0
0
0
0
0
0
0
0.00816333
0.0162433
0.017
0
0.000253333
0.00413667
0.00388333
0.00421667
0.000583333
0
0.00195667
9.33333e-05
0
0
0
0
0.000583333
0.000583333
0.000176667
0.000176667
0.02227
0.0215967
0.03824
9.33333e-05
0.0645333
0
0.04905
0.0519833
0
0.00942333
0.00967667
0
0.00108333
0
0
0
0
0
0.00308
0
0.000313333
0.00441667
0.0145667
0.0225933
0.0386567
0.00873
0.00565
0.00655667
0.0161667
0.0101533
0.0109567
0.00288
0.00011
0.00044
0
0
0
0
0
0
0
0
0
0
0
0
0
0.00252
0
0.000396667
0.000396667
0.0116967
0
0.00053
0
0
0
0
0
0
0
0
0
0.00167667
0
0.00324333
0.00120667
0.01476
0.02638
0.0457667
0.00353
0.00872333
0.0294467
0.04997
0.00902667
0.0322767
0.00612
0.00622333
0.00411667
0.00398667
0.00864333
0.00013
0.00297667
0.00170333
0.00550333
0.0163633
0
0.00013
0.00617667
0.00893333
0.00297667
0
0.02926
0.0465867
0.0431633
0.05719
0.0421767
0.0209067
0.00173667
0.00014
0
0
0
0.000106667
0.000106667
0
0.0225633
0.01586
0.00232
0.0195333
0.0139667
0.03335
0.02049
0.0112767
0.00719667
0.00578667
0.00181333
0.00154
0
0
0
0
0
9.33333e-05
0
9.33333e-05
9.33333e-05
0
0
0
0
0
0
0
0.000103333
0
0.000263333
0.000103333
0
0.000266667
0.00168
0
0.00661
0
0.00705333
0.0137233
0
0.00863333
0
0
0.00832333
0
0.00024
0
0.00024
0
0
0
0
0
0
0
0
0
0
0
0
0.00588667
0.00356
0.0247533
0
0.0374733
0.000813333
0
0.000956667
0.000813333
0.0417567
0.0316833
0
0
0
0
0.00146333
0.00509667
0.00704
0.00116
0.00130333
0.00682667
0.00272667
0
0
0
0
0.0100967
0.00646333
0.00062
0.000526667
0
0
0
0.00309667
0.00355333
0.00263
0.00431
0.00158333
0.00272667
0.000326667
0.000503333
0.0219133
0.01202
0.0119367
0.0146467
0.0821133
0.00182667
0.00453667
0.00173333
0.0854833
0.00173333
0.0415533
0.0364867
0.00107333
0.00215667
0
0
0
0
0
0
0
0
0.000313333
0.00123667
0.0176267
0.0359467
0
0.0327733
0.0338067
0.0173333
0.0101933
0.00134667
0.00290333
0.00044
0.000133333
0.00044
0
0
0
0
0
0
0
0
0
0.00011
0
0.00263
0
0.00790333
0
0.0206
0
0.0213967
0
0.02729
0
0
0.0150133
0
0
0.00053
0.00053
0
0
0
0
0
0
0
0.00120667
0.0227567
0.00191667
0.0215667
0.0237033
0.00640333
0.0355167
0.0112433
0.00926667
0.0251067
0.00463333
0.03071
0.00255333
0.00243333
0.06249
0
0
0.0343267
0.00826333
0.00491333
0.03255
0
0
0.00140333
0.00013
0.000926667
0.0297767
0.0329433
0
0.00393
0.0229933
0.0196933
0
0
0.000273333
0
0
0.04398
0.05288
0.0224267
0.0077
0.00176
0.00148667
0
0.00536333
0.00398333
0.000106667
0.000403333
0
0.00877667
0
0
0
0.00016
0.000293333
0.00201333
0.00181333
0.00139
0.00139
0.00139
0.000266667
0
0
0.00037
0.00073
0
0.00053
0
0.00073
0
0
0
0
0
0.00081
0.00136
0
0
0
0
0
0
0
0
0
0
0
0
0
0
0
0
0
0
0
0
0
0
0
0
0
0
0.000126667
0.00135
0.00368667
0.00498
0.00286667
0.02372
0.00151667
0.00233
0.0299267
0.0114933
0
0
0
0
0
0.00121
0.0232267
0.0278967
0.0254233
0.00096
0.00716667
0
0
0
0
0.000526667
0
0
0
0
0.000326667
0.00124
0
0.00058
0
0.00842667
0.04022
0.0200133
0.0385633
0.0199433
0.04889
0.03335
0.0845733
0.0981167
0.08264
0.02324
0.0652667
0.0368033
0.00173333
0.00247333
0
0
0
0
0
0
0
0
0
0
0.000923333
0.00716333
0.000906667
0.00742333
0
0.000906667
0
0
0.000133333
0
0
0
0
0
0
0.00011
0
0.00538333
0
0.00384667
0
0.00053
0
0
0
0
0
0
0.00241333
0.000736667
0
0.0219267
0.00071
0.0348867
0.00133
0.0141733
0.0155433
0.0356567
0.0498667
0.0526033
0
0
0.0221967
0.0421333
0.00251333
0.00477667
0.0118733
0.0112
0.0105267
0.0320233
0.000796667
0.06161
0.0347233
0.00308
0
0
0.00252667
0.00522333
0.000273333
0.0376
0.0551267
0.0459433
0.00737
0.00126667
0
0.00550667
0.00911
0.00226333
0.000273333
0.00597333
0.00209667
0.00799667
0.00727333
0.00813333
0.00126333
0.000403333
0
0
0.00078
0.00167
0.00016
0
0
0.0100833
0.00796
0.00248333
0.00304333
0
0.00248
0.0109833
0
0
0.0104233
0.0233867
0
0
0.0160733
0.02245
0.000163333
0
0.00776667
0.00043
0.0188567
0.00099
0.00026
0.00026
0.0376967
0.0200033
0
0.0192133
0.0198167
0
0
0
0
0
0
0
0
0
0
0
0
0
0
0
0
0
0
0.000993333
0.00234333
0.02178
0.0258033
0.0200833
0.02534
0.00907333
0.00299667
0.00819333
0.00205333
0.00690667
0
0
0
0.0114733
0.0298567
0.0212367
0.000433333
0
0
0
0
0
0
0
0
0
0
0.00305667
0.01098
0.00058
0
0.03198
0.00186333
0.00244333
0
0.0313
0.0328
0.00186333
0.00326333
0
0.0014
0
0
0.00198
0.01275
0
0
0
0
0
0
0
0.000246667
0
0
0
0
0.00624
0.00684
0.01413
0
0.00789
0
0
0.00729
0
0
0
0
0
0
0
0
0
0
0
0
0
0
0
0
0
0.00527333
0
0
0.00564667
0.00896333
0
0
0
0.00331667
0
0
0
0
0
0
0
0
0
0.000736667
0
0.02232
0
0.00071
0.0332533
0.0174367
0.000743333
0.00282333
0.00911667
0.00656667
0.00232333
0.00209667
0.01513
0.0127
0.00168333
0.00353667
0.0291067
0.03197
0.0210967
0.00156333
0.0177233
0.00226333
0.00439
0.00107667
0.0459733
0.000796667
0
0.0753533
0
0
0.000273333
0
0.00282667
0.00927667
0.00865333
0.0244333
0.000183333
0.000456667
0.00420333
0.0304033
0.0304167
0.00602333
0.00962667
0.0245567
0.0439133
0.0630767
0.0728333
0.05626
0.0324133
0.0968433
0.0808067
0.151593
0.114363
0.131643
0.07425
0.120363
0.0203267
0.0641267
0.28913
0.336397
0.396373
0.22885
0.153637
0.0464233
0.00089
0.00102667
0.00086
0
0
0.00299667
0.0135833
0.175543
0.354433
0.466227
0.4609
0.31796
0.17822
0
0
0.0109567
0.00315667
0.0189267
0.0391433
0.15264
0.26646
0.401157
0.356753
0.278883
0.136873
0.07829
0.03174
0.0121267
0.0193667
0.01129
0.00811667
0.217187
0.270727
0.117947
0.0440633
0.01644
0.09311
0.0785633
0.10325
0.0444133
0.0153733
0.0294967
0.0424567
0.0678467
0.123497
0.168903
0.126963
0.0320267
0.0735867
0.0430367
0.00852667
0.129697
0.121563
0.0540733
0.0617367
0.0705033
0.213763
0.23147
0.371397
0.257723
0.23239
0.00153333
0.00140667
0.0303433
0.0554667
0.0686467
0.0674567
0.04218
0.0282667
0.450123
0.33289
0.19393
0.06288
0.03043
0.00958
0.00235
0.00218667
0.00029
0.01566
0.0533733
0.07637
0.162803
0.29143
0.415487
0.456507
0.03328
0.0126967
0.00249
0.0100133
0.0297067
0.0452033
0.359783
0.400803
0.293573
0.218383
0.0901833
0.02323
0.0801633
0.1652
0.238123
0.0877633
0.0290667
0.00379667
0.00536667
0.0603933
0.15597
0.132907
0.176473
0.0988633
0.00256
0.05001
0.06206
0.0577533
0.0190667
0.0384067
0.0408633
0
0
0.0212267
0.0204967
0
0
0
0.00081
0.000106667
0.000106667
0.000106667
0
0
0
0
0
0
0
0
0
0
0
0.000103333
0
0.00109667
0.00865333
0.000126667
0.000126667
0.00917667
0.00142
0.0429533
0.02558
0.00291333
0.04388
0.00162
0.00061
0.0108733
0.0341267
0.0255567
0
0
0
0
0
0
0
0
0
0
0
0
0
0
0
0.00025
0.00298
0
0
0
0
0
0
0
0.0172767
0.0333433
0.03619
0
0
0
0
0
0
0
0
0
0.000246667
0
0.00071
0
0.00071
0
0
0.0006
0
0
0
0
0
0
0
0
0
0
0
0
0
0
0
0
0
0
0
0
0
0.000373333
0.000373333
0.00369
0
0
0
0
0
0
0
0
0.00091
0
0.00298
0
0.0154033
0.0153967
0.000123333
0.00471
0.00895333
0.00353667
0.0071
0.00593
0.00681667
0.00359333
0.00128
0.00028
0.0245433
0.00484333
0
0.0625433
0.0473933
0.0392733
0.0082
0.00365
0.00057
0
0
0
0.00013
0.00388
0.00302667
0.000596667
0.00348
0.00681333
0.0368133
0.0143067
0.00544
0.01126
0.0423233
0.0614167
0.05802
0.04559
0.02316
0.0225
0.0559733
0.0607133
0.110767
0.00517
0.00906333
0.02702
0.0312133
0.0998433
0.139147
0.1142
0.0235733
0.0438033
0.0570633
0.06707
0.06489
0.0405633
0.00900667
0.0305
0.01074
0.00569
0.0172333
0.00442667
0.00895667
0.0244267
0.00384333
0
0
0
0.000166667
0.000166667
0
0
0.00011
0.00310667
0.00629667
0.0463667
0.0228567
0.0114967
0.01813
0.00259667
0.0234467
0.01045
0
0
0.0139867
0.04136
0.00185667
0.08886
0.106667
0.0826467
0.00673
0.00139333
0.00100667
0
0
0.00209
0.07134
0.0527267
0.00100667
0.00208667
0.00854
0.00658333
0.00658333
0.00132
0.00363333
0
0.0615
0.0466033
0.0603633
0.00349333
0.00336333
0.0257233
0.00153333
0.00528333
0.00269667
0.0160033
0.02365
0.02394
0.0397833
0.0406433
0.05689
0.02586
0.0133067
0.0329533
0.05804
0.0398767
0.0390567
0.0224833
0.0241767
0.02016
0.01881
0.0179367
0.00558333
0.00563667
0
0.00229
0.00224333
0.00378333
0
0.00243333
0.00415333
0.00612667
0.00534667
0.00264333
0
0.00362
0
0
0
0
0
0
0
0
0
0
0
0.000103333
0.000103333
0
0
0.00153333
0.00252667
0
0.00873333
0.00181
0.00270667
0.03295
0.00181
0.00967333
0.0157533
0
0.0135267
0.01518
0.0180067
0.00833
0
0.000823333
0.00135
0.00113667
0
0
0
0
0
0
0
0.00025
0
0
0
0.00466333
0
0
0
0
0.00862
0.0110367
0.0192
0.00874333
0
0
0
0
0.0110167
0.0125767
0
0
0
0
0.000246667
0
0
0
0.00011
0
0
0.00011
0
0
0
0
0
0
0
0
0
0
0
0
0
0
0
0
0
0
0
0
0
0
0
0
0
0
0
0
0
0
0
0
0
0.000173333
0.000173333
0.00224333
0.000173333
0.00373333
0
0
0.00395
0
0.00321667
0.00228667
0.00285667
0.00115333
0.00207333
0.00092
0.02293
0.0257333
0.00092
0.00028
0.00028
0.0145167
0.03348
0.00597
0.0164867
0.000526667
0.00580333
0.00125333
0.00057
0
0.0008
0.00132667
0.000473333
0.0304533
0.05035
0.06797
0.05442
0.0110733
0.00246333
0.02624
0.0379467
0.03443
0.0453467
0.0342633
0.0371767
0.07065
0.0299933
0.03951
0.1423
0.160493
0.12276
0.140803
0.0170033
0.0181333
0.00562
0.00277667
0.0355133
0.0483767
0.02704
0.0149867
0.0741867
0.02477
0
0
0
0
0.00011
0.0033
0.06208
0.0176333
0.13748
0.0679133
0.00086
0
0
0.0352667
0.00575
0.10565
0.119673
0.00294667
0.00466333
0.0294233
0.0292933
0.03447
0.0631333
0
0
0.0432233
0.000383333
0.0052
0.000693333
0.0199533
0.0584667
0.0455967
0.0330133
0.0305933
0.0484133
0.0327967
0.0228267
0.0023
0.0132167
0.00016
0.00223667
0.000893333
0.000113333
0.00183333
0.0119767
0.0141067
0.00653
0.00479333
0
0.00188333
0
0.00177667
0
0
0
0
0
0
0
0
0
0
0
0
0
0.00022
0.01057
0.00022
0.00470333
0.02803
0.007
0.0239333
0.0279267
0.00198
0.00179
0.00179
0.00774333
0.00663667
0
0
0.01196
0.00454
0.01271
0.00619333
0
0.00142
0.01101
0.01108
0
0.000596667
0.000596667
0.00025
0
0.00193333
0.000263333
0.00199667
0.000263333
0
0.000263333
0
0
0.00180667
0
0.000203333
0.000203333
0
0
0
0
0
0
0
0
0
0
0
0
0
0
0
0
0
0
0
0
0
0
0
0
0
0
0
0
0
0
0
0
0
0
0
0
0
0
0.00166333
0
0.00166333
0.00188667
0.000113333
0.000223333
0.0129333
0.0312767
0.0304933
0
0.01343
0
0.00128
0
0.00258
0.000736667
0.00331667
0
0.00142
0.000526667
0
0
0.00197667
0.00145
0
0
0.000343333
0.00351333
0.00232333
0.0269233
0.0325633
0.0117233
0.00303
0.00708
0.0246833
0.04163
0.0509333
0.0409967
0.0225467
0.01187
0.00472
0.08393
0.0970567
0.0611267
0.05161
0.04955
0.12005
0.08957
0.0557667
0.0161933
0.0206567
0.141103
0.130417
0.109047
0.02355
0.000386667
0.00389333
0.00086
0
9.66667e-05
9.66667e-05
9.66667e-05
0
0
0
0
0.00015
0.00334
0.00506333
0.0512267
0.0730333
0.00172
0
0
0.0286733
0.102543
0.0327467
0
0.00274667
0.00852333
0.09884
0.0935667
0.0578167
0.07035
0.0471667
0.00933
0.10358
0.00386
0.0449867
0.0244133
0.04978
0.04337
0.05012
0.0512533
0.0114333
0.0192033
0.000516667
0.00529333
0.00235667
0
0
0
0.00105333
0
0
0.00951667
0.0300867
0
0.03199
0.0142733
0
0
0
0
0
0
0
0
0
0
0.00022
0.00022
0.00143
0.00044
0.00426
0.0193767
0.00449667
0.0166833
0.00920333
0.00814667
0.00715667
0.00132333
0.00410333
0.00282667
0.00226333
0
0.02101
0.02165
0.01139
0
0
0.0257
0.0359267
0
0.00334667
0.0172667
0.02996
0.00328667
0.00577333
0.0196933
0.02346
0.00328667
0.00954
0.00212
0.000313333
0.00651667
0
0.00180667
0.00672
0.00692333
0.000406667
0
0
0.000203333
0
0
0
0
0
0
0
0
0
0
0
0
0
0
0
0
0
0
0
0
0
0
0
0
0
0
0
0
0
0
0
0
0
0
0
0
0
0
0
0
0.000223333
0.000113333
0.000923333
0
0.01101
0
0
0
0.0357
0
0.0321133
0
0
0.00661333
0.00789333
0
0
0
0
0
0.000683333
0.000683333
0
0
0
0.0265167
0.0231967
0.02229
0.000343333
0.02736
0.04851
0.00104
0.0337667
0.0272
0.0392467
0.0403433
0.0704533
0.05507
0.09856
0.07314
0.02021
0.0343867
0.03196
0.01398
0.0975967
0.0762267
0.0401467
0.04485
0.108887
0.00127333
0.000486667
0.00039
0.0555867
0.0411067
0.04729
0.09675
0.0144
0.00031
0.00031
0.00148667
0.0323133
0.0560633
0.04334
0.02918
0.00604
0.103113
0.06443
0
0.00031
0.000533333
0.0317967
0.04997
0.0260033
0.00757
0.05965
0.04004
0.0227667
0.0129033
0.03766
0.00198667
0.00028
0.0215
0.03994
0.01173
0
0.00214333
0
0
0.000366667
0
0
0
0
0
0
0
0
0
0
0
0
0
0
0
0
0.00207
0.00229
0.0109833
0.00283
0.0136167
0.0330233
0.00504333
0.00221333
0.0364867
0.00221333
0.00238
0.0157133
0.000333333
0.00154667
0.00333667
0.000166667
0.000166667
0
0
0
0
0.0114933
0.00194333
0
0.0455567
0.0396633
0.03022
0
0.05808
0.05271
0.0451167
0.000313333
0.0437833
0.0394567
0.03542
0.000313333
0.0163133
0.0101
0.000506667
0.000203333
0
0
0
0
0
0
0
0
0
0
0
0
0
0
0
0
0
0
0
0
0
0
0
0
0
0
0
0
0
0
0
0
0
0
0
0
0
0
0
0
0
0
0
0
0
0
0
0
0
0
0.000113333
0
0.000113333
0.000923333
0
0.00243
0.01263
0
0.0137567
0.0192933
0.0101067
0
0
0.0147833
0.00762667
0.00661333
0
0
0
0
0
0
0
0
0
0
0
0
0
0
0.00183
0.000923333
0.000923333
0.000923333
0
0
0.00359333
0.00531333
0
0.0102933
0.00282333
0.00124
0.00364667
0.00160333
0.00599667
0.0281933
0.0462233
0.0708233
0.0543967
0.0429267
0.0343433
0.03566
0.0169433
0.0524033
0.06188
0.0433167
0.0650167
0.096
0.0497967
0.04445
0.00743
0.0273133
0.02469
0.0213
0.0486767
0.0212667
0.00428333
0.00086
0.0047
0.00391333
0.00074
0.00035
0
0
0.00015
0.00015
0.00187333
0.01354
0.00051
0.00487
0.00389333
0.00928667
0.00245667
0.07569
0.00274667
0.0002
0.104673
0.05712
0.0822767
0.0647367
0.0521667
0.0426533
0.00688667
0.00481667
0.0266967
0.00251
0.000553333
0.00033
0.0416533
0.00328667
0.0433233
0.0356967
0.0244067
0.00147
0.00415333
0.00121667
0
0
0.00028
0.00105333
0.00328333
0.02849
0.0160467
0
0.0457533
0.0402033
0.0362933
0
0
0.0174367
0.01059
0
0
0
0
0
0
0
0
0
0.00185
0
0
0
0.0453233
0.0271067
0.0153333
0.000166667
0
0
0
0
0.00138
0
0
0.0213633
0.00207333
0.02069
0
0.0224767
0.00341667
0
0
0.01217
0.00280667
0
0
0.00999333
0.0004
0
0
0.000303333
0
0
0
0
0
0
0
0
0
0
0
0
0
0
0
0
0
0
0
0
0
0
0
0
0
0
0
0
0
0
0
0
0
0
0
0
0
0
0
0
0
0
0
0
0.00162
0
0.00355667
0.00295
0
0.00101333
0
0
0
0
0
0
0
0
0
0
0
0
0.00183
0.00183
0
0
0.000273333
0.000163333
0.00199333
0
0.000906667
0.0201167
0.00939667
0.00182
0.03951
0.03973
0.0218567
0.0194333
0.0292967
0.016
0.0205433
0.01347
0.01976
0.0485333
0.0565233
0.03574
0.0439733
0.0359833
0.05017
0.00547
0.00169667
0.00572
0.00329667
0.04935
0.00172333
0.000276667
0.02963
0.0459467
0.0110033
0.002
0.0194033
0.00416667
0
0.0165967
0.0100433
0.0348367
0.0613
0.0614967
0.04512
0.05922
0.01865
0.0182167
0.00150667
0.00105
0.000273333
0.0258433
0.0258
0.000733333
0.00805
0.05072
0.0343433
0.0759067
0.0526533
0.0263233
0.00171333
0.00217
0.0002
0.00122
0.000733333
0.0289033
0.0582167
0.00178333
0.00140333
0.01374
0.02838
0.00424667
0.00217667
0.000106667
0.0261033
0.0255933
0.0989333
0.02796
0.0147267
0.00257333
0.00798
0.00562
0.00526667
0.07983
0.0800667
0.0134333
0.01261
0.0128933
0.0120533
0.0164333
0.00308667
0.0441133
0.02885
0.0359533
0.0328567
0.0341567
0.00989
0.0238667
0.0445633
0.04299
0.0269
0.0273333
0.0558733
0.0146033
0.03075
0.0105367
0.00125667
0.00422333
0.000936667
0
0
0.000383333
0.00261333
0.0145033
0.0380867
0
0.0276167
0.0419767
0.03867
0.0292933
0.0167167
0.00877
0.00155667
0
0.00100333
0.000366667
0.000366667
0
0
0
0
0
0
0
0
0.00185
0
0.0107633
0.0110867
0
0
0.0307133
0.0302033
0.000146667
0.0257767
0.04135
0.000146667
0.0178167
0.000146667
0.0151733
0
0
0.00295667
0.00154667
0
0
0
0
0
0
0
0
0.000693333
0
0
0.0014
0.000693333
0
0
0.000936667
0
0
0
0.000326667
0
0
0
0
0
0
0
0
0
0
0
0
0
0
0
0
0
0
0
0
0
0
0
0
0
0
0
0
0
0
0
0
0
0
0
0
0
0
0
0
0
0
0
0
0
0
0
0
0
0
0
0
0
0
0.00101333
0.00101333
0
0
0
0
0
0
0
0
0
0
0
0
0
0
0
0
0
0
0.00011
0.00393667
0.0193233
0.0147067
0.01322
0.000906667
0.0391867
0.102513
0.11612
0.122353
0.0655867
0.0388767
0.0213833
0.0207267
0.00689667
0.00973667
0.0215367
0.0410133
0.04998
0.0326267
0.0460267
0.0719
0.0676967
0.0545667
0.00561333
0.0326667
0.07291
0.05131
0.04177
0.0229233
0.00389
0.00895
0.03667
0.0606633
0.0938033
0.0969767
0.08826
0.00660667
0.0276467
0.00944
0.03033
0.00654333
0.00088
0.00053
0
0
0
0.00372667
0.00657667
0.0304167
0.05545
0.0878967
0.102257
0.09105
0.0783967
0.0540067
0.04095
0.0194067
0.00322333
0
0.00061
0.00357333
0.04036
0.07318
0.103993
0.10217
0.0758133
0.04741
0.0100333
0.00539
0.01008
0.00924
0.0169767
0.0108433
0.01073
0.000246667
0.000123333
0.00161
0.00445
0.0176067
0.0584833
0.0749367
0.0615733
0.0861133
0.07241
0.0242767
0.0331833
0.01133
0.000503333
0.00161
0.00195333
0.01511
0.01492
0.0238733
0.0182
0.0394467
0.04992
0.0583433
0.04522
0.0280167
0.01452
0.0376767
0.0172167
0.0670367
0.06287
0.120943
0.07589
0.0898233
0.0307967
0.0228967
0.00245
0.00222
0.000633333
0.000396667
0.00059
0.01749
0.02936
0.0405433
0.01589
0.0172833
0.00035
0.000236667
0.000596667
0.00456667
0.00561
0.0138533
0.03985
0.0361033
0.01936
0.0410467
0.0936833
0.151
0.182427
0.149933
0.105413
0.03704
0.0232367
0.00173
0.00116
0.000113333
0.000113333
0.00443667
0.0142533
0.0226267
0.0111033
0.0313967
0.117257
0.09426
0.0888533
0.02048
0.0063
0.0106267
0.01902
0.0315833
0.04975
0.00191
0.00124
0.000716667
0.0130433
0.01169
0.00396
0.0221867
0.0211067
0.0256733
0.00604
0.00624
0.00185
0.00309667
0.00187
0.00193
0.00165333
0.01079
0.0107867
0.0201667
0.00275333
0.00038
0.00085
0.000853333
0.00141333
0.0128333
0.0220567
0
0.0362
0.03802
0
0.0366
0
0.0202033
0
0.00969667
0
0.00111333
0
0
0
0
0
0
0
0
0
0
0
0
0.00217333
0
0.00127333
0.00840333
0.0105767
0.00142
0.00323333
0.0124567
0.00449667
0.000146667
0.00196
0
0
0
0.00185333
0
0
0
0
0
0
0
0
0
0.00023
0
0.00023
0.00023
0.00023
0
0
0
0
0
0
0
0
0
0
0
0
0
0
0
0
0
0
0
0
0
0
0
0
0
0
0
0
0
0
0
0
0
0
0
0
0
0
0
0
0
0
0
0
0
0
0
0
0
0
0
0
0
0
0
0
0
0
0
0
0
0
0
0
0
0
0
0
0
0
0
9.33333e-05
9.33333e-05
9.33333e-05
0.00158667
0.000796667
0
0.00303
0.00712667
0.0225133
0.00606333
0.0344
0.0345633
0.0300333
0.00932333
0.00366
0.00053
0
0
0.00302333
0.0037
0.0344567
0.0138933
0
0
0.000106667
0
0.000123333
0.000106667
0.000106667
0.000123333
0.000246667
0
0
0.000123333
0.000123333
0
0
0
0.00013
0
0
0.00013
0.000466667
0
0
0.00089
0.000546667
0.00016
0.000553333
0.01072
0.0113767
0.0122767
0.02249
0.0128267
0.01196
0.000533333
0.000193333
0
0
0
0.000566667
0
0.000566667
0.000566667
0.00093
0
0.000363333
0
0
0
0
0
0
0
0.00183667
0
0.00311
0.01406
0
0
0.0140367
0.000443333
0.00214667
0.0118067
0.000443333
0
0
0.000333333
0.000443333
0.000443333
0
0
0
0
0
0
0
0
0
0
0
0
0
0
0
0
0
0
0
0
0
0
0
0
0
0
0
0
0
0
0
0
0
0
0
0
0
0
0
0
0
0
0
0
0
0
0
0
0
0.0001
0
0.0001
0.0001
0
0
0
0
0
0
0
0
0
0
0
0
0
0
0
0
0
0
0
0
0
0
0
0
0
0
0
0
0
0
0
0
0
0
0
0
0
0
0.00202667
0.00202667
0.00378
0.00079
0
0
0.0332367
0.0933733
0.10249
0.117863
0.05662
0.0142133
0.0166667
0.00313
0.000266667
0.000266667
0.00012
0.000386667
0.00012
0
0
0
0
0
0
0
0
0
0
0
0
0
0
0
0
0
0
0
0
0.00021
0.00041
0.00025
0.00021
0.00021
0.00162333
0.00252333
0
0
0.0014
0
0
0.00034
0.00034
0
0
9.66667e-05
0
9.66667e-05
0
0.00616
0
0.00663
0
0
0.00699333
0
0
0.000363333
0
0
0
0
0
0
0
0.00268
0.000843333
0.00932
0.0194267
0.03581
0
0
0
0.0309833
0.00012
0
0.0296933
0.0124867
0.0303733
0.02736
0
0.00282667
0
0
0
0
0
0
0
0
0
0
0
0
0
0
0
0
0
0
0
0
0
0
0
0
0
0
0
0
0
0
0
0
0
0
0
0
0
0
0
0
0
0
0
0
0
0
0
0
0
0
0
0
0
0
0
0
0
0
0
0
0
0
0
0
0
0.00585667
0
0
0.00585667
0.01132
0
0.00546333
0
0
0
0
0
0
0
0
0
0
0
0
0
0
0
0
0
0
0
0
0.00134
0.0101667
0.00327333
0
0
0
0
0.00882667
0.0118567
0.00906
0.01507
0.02386
0.0386967
0.0442667
0.01489
0.0356767
0.00762333
0.00390667
0.000916667
0
0.00660667
0.00326333
0.000993333
0.000676667
0.000676667
0.00402
0.00347667
0.00279667
0.00340333
0.00253
0
0
0
0
0
0
0
0
0
0
0
0
0
0
0
0
0
0
0.00025
0
0
0.00025
0.00131
0.00025
0
0
0.00106
0
0
0
0
0
0
0
9.66667e-05
0.00164
0
0
0.00770333
0.0241933
0
0.0230133
0.01797
0
0.00138333
0.00121
0
0.00019
0.00019
0
0
0
0.00917667
0.00253667
0.0191533
0
0
0
0.03568
0.04046
0
0.03792
0.00215
0.00395333
0.00012
0.0331467
0.00192333
0.00994667
0.01537
0.00789667
0.00239333
0.00180333
0
0.00249333
0.0033
0
0
0
0
0
0
0
0
0
0
0
0
0
0
0
0
0
0
0
0
0
0
0
0
0
0
0
0
0
0
0
0
0
0
0
0
0
0
0
0
0
0
0
0
0
0
0.000206667
0
0.000206667
0
0.00724
0
0.00713333
0
0.0116567
0
0.00462333
0
0.00452333
0
0
0
0
0
0
0
0
0
0
0
0
0
0
0
0.0163833
0.0218467
0
0.00546333
0
0
0
0
0
0
0
0
0
0
0
0
0
0
0
0
0
0
0
0.00207333
0
0
0.00341333
0.0103067
0
0
0.0217167
0.01956
0.0208333
0.0235767
0.0178833
0.0249867
0.0236033
0.0142
0.0108133
0.00124667
0.00033
0.00033
0.000133333
0.00171667
0.00171667
0.00231
0
0.00434667
0.00193667
0
0
0
0
0
0
0
0
0
0
0
0.000283333
0.000283333
0
0.00111333
0.00083
0
0
0.00083
0
0
0
0
0
0
0
0
0
0
0.000293333
0
0
0.00183667
0.0105367
0
0
0.02683
0.04275
0
0.0422167
0.0257733
0
0.00937667
0
0.00019
0
0
0.00169333
0.00351333
0
0
0.0143333
0.0148233
0
0.0244233
0.0141133
0.00203
0.02021
0.0120833
0.0178667
0.129763
0.136957
0.161387
0.0875367
0.0510533
0.0272633
0.0869133
0.07104
0.0271567
0.00928
0.01213
0.0137567
0.0831533
0.111657
0.14704
0.10742
0.0257167
0.00125
0.000806667
0.001
0.0108433
0.000936667
0.06881
0.03099
0.000806667
0
0.00059
0
0
0
0
0
0
0
0
0
0
0
0
0
0
0
0
0
0
0
0
0
0
0
0
0
0
0
0
0
0
0
0
0
0
0
0
0
0
0
0
0
0
0
0
0
0
0
0.000243333
0
0.00045
0.00391
0
0
0.0107
0
0
0.0215433
0
0.01451
0.01027
0
0
0.000283333
0.000283333
0
0
0
0
0
0
0
0
0
0
0
0
0
0
0
0.00138
0
0.00138
0.0119067
0.0292667
0
0
0
0
0.03335
0.0303467
0
0
0
0.0129867
0.00752333
0
0
0
0
0
0
0
0
0
0
0
0
0
0
0
0
0.00272333
0
0
0.00479667
0.0227567
0
0
0.0269267
0.0364733
0.0347133
0.0222033
0.0221533
0.0252033
0.0397367
0.03633
0.0394933
0.0092
0.0184367
0.00033
0.00066
0.0046
0.0196933
0.0219833
0.02052
0.02173
0
0
0
0.03299
0.0162267
0.00255667
0.00062
0
0
0
0.00174667
0.00112667
0.00141
0
0
0.00166
0.00194333
0.000963333
0
0
0.00019
0
0.000133333
0
0
0
0
0.000293333
0.000293333
0
0
0.00899333
0.0184733
0
0
0.0359367
0.03455
0
0.0329433
0
0.01587
0.00874667
0.00058
0
0
0.00019
0
0
0
0
0.00182
0.00182
0
0
0
0.00400333
0
0.00218333
0.00408
0
0.00269333
0.0203533
0.0145733
0.08584
0.07311
0.0666933
0.118063
0.0432367
0.00536667
0.02059
0.0524333
0.0481333
0.05149
0
0
0.00038
0.0109133
0.00061
0.0140733
0.00843
0.00766667
0.00743667
0.00059
0
0
0
0
0
0
0
0
0
0
0
0
0
0
0
0
0
0
0
0
0
0
0
0
0
0
0
0
0
0
0
0
0
0
0
0
0
0
0
0
0
0
0
0
0
0
0
0.000243333
0.000616667
0
0
0.00407667
0.00471667
0
0
0.0286733
0
0
0.0352
0
0.03041
0
0.0125133
0.00252667
0
0.000283333
0
0
0
0
0
0
0
0
0
0
0
0
0
0.00138
0.00214
0
0
0.0195
0.02684
0
0.0313033
0.0301067
0
0
0
0
0.00815
0.000626667
0
0
0
0
0
0
0
0
0
0
0
0
0
0
0
0.00125
0
0
0.00397333
0.02036
0
0
0.03707
0.0284733
0.043
0.0226333
0.0218967
0.0386933
0.0374233
0.0378433
0.0201
0.00935
0.00081
0.00033
0.00225667
0.00527333
0.0140867
0.0292133
0
0.00242333
0.000166667
0.0112367
0.0161967
0.0334133
0.03827
0.0149067
0.00236333
0
0
0
0.0139267
0
0
0.0337567
0.0218567
0
0
0.0333033
0.0136867
0.0165133
0.00407333
0.00019
0.00324333
0.00311
0.00019
0.00019
0
0
0
0
0
0
0
0.00977333
0.0139533
0.0150467
0
0
0.01818
0.00857333
0
0
0
0.00787
0.000556667
0
0.00039
0
0
0
0
0
0
0
0
0
0.000816667
0.00156
0
0
0
0
0.00175
0.00420333
0.000743333
0.00804
0.00629
0.0356767
0.0348333
0.0353133
0.00546667
0.0142533
0.0107167
0
0
0
0.00023
0.00395
0.00023
0.00471333
0.00135333
0.00036
0.00036
0
0
0
0.00016
0.00016
0.00016
0
0
0
0
0.00016
0
0
0
0
0
0
0
0
0
0
0
0
0
0
0
0
0
0
0
0
0
0
0
0
0
0
0
0
0
0
0
0
0
0
0
0
0
0
0
0
0
0
0.000373333
0.000503333
0
0.00138667
0
0
0.0205133
0.000246667
0.03781
0.000246667
0.0347467
0.000246667
0.02082
0
0
0.00264
0.000396667
0
0
0
0
0
0
0
0
0
0
0
0
0
0
0
0
0
0
0.00076
0
0
0.00979667
0.01426
0
0
0
0.0133733
0.00585
0
0.000626667
0
0
0.000626667
0.000626667
0
0
0
0
0
0
0
0
0
0
0.000343333
0
0.00159333
0.00674333
0.00726
0
0
0
0
0.0233033
0.0104167
0.0254867
0.00554333
0.0136167
0.0152567
0.0255433
0.0163033
0.01171
0.00063
0.00048
0
0
0
0
0.000166667
0.000263333
0.00748
0.00901333
0.0225867
0.01636
0.0152767
0.000103333
0.000103333
0.00269
0.00263667
0.00202
0.0167733
0.0279267
0.0477567
0.00247667
0.00258
0.06028
0.0408633
0.0589433
0.04681
0.0294733
0.00926
0.0115467
0.02567
0.0472667
0.01511
0.00634
0.00926
0.0147867
0.00323
0.00516667
0.00571667
0.00585333
0.00193667
0
0.00193667
0
0.00418
0.000136667
0
0
0.00527333
0.000456667
0
0.00126
0.000316667
0.000456667
0
0.000713333
0.000456667
0.000166667
0.000316667
0.00015
0.000256667
0
0
0
0
0
0
0.00379
0
0
0.0223933
0.00460667
0
0
0
0
0
0.00556667
0.0163233
0.00828667
0.0286267
0.01356
0.0206033
0.0193467
0.00175
0.00248
0.00961333
0.0105833
0.01124
0.00618
0
0
0
0
0
0.000993333
0.000993333
0.000993333
0
0
0
0
0.000113333
0.00153333
0.00153333
0
0
0
0.00405
0.0155433
0.00267667
0
0.0104033
0.00772667
0
0
0
0
0
0
0
0
0
0
0
0
0
0
0
0
0
0
0
0
0
0
0
0
0
0
0
0
0
0
0.00013
0.000396667
0
0.00175667
0.00114
0.00148667
0
0.0177967
0.000246667
0.0176333
0.00101333
0.0172867
0.00101333
0.00111667
0.00186333
0.00109667
0.000396667
0
0.00109667
0
0
0
0
0
0
0
0
0
0
0
0
0
0
0
0
0
0
0
0
0.00107667
0.000316667
0.000316667
0
0.00554
0
0
0.00522333
0
0
0
0
0
0
0
0
0
0
0
0.000343333
0.00107667
0.000733333
0.000733333
0
0
0
0
0
0.00205
0.00771667
0.000963333
0.00211
0.00582
0.00603667
0.000726667
0.0058
0.00015
0
0.000253333
0.00067
0.00221333
0.00211667
0.000263333
0.00016
0.000316667
0.00545333
0.00313667
0.00694333
0.00909
0.0128433
0.00311333
0.00372667
0.0306533
0.0244567
0.02589
0.0105467
0.0325567
0.0465033
0.0364633
0.0400533
0.0367067
0.0331133
0.0201533
0.0258267
0.0200067
0.0135467
0.00763667
0.0269667
0.0205067
0.00633333
0.0121267
0.00256
0.00697333
0.0162533
0.0275967
0.0127167
0.00257333
0.01199
0.0390267
0.00298333
0.0110967
0.0244033
0.00324
0.00189
0.00195
0.04527
0.0246567
0.00036
0.00042
0.00021
0.0525
0.00303667
0.00021
0.00021
0
0.0618533
0.0367933
0.00657
0
0
0.0162033
0.0581367
0.0899433
0.0518
0
0.00483667
0.0555367
0.0684867
0
0
0
0
0.000113333
0
0
0
0
0
0
0
0.00173333
0.00840667
0.00678667
0.00804667
0.01954
0
0
0.0197867
0.0218967
0
0.03886
0
0
0
0.00975667
0.00772667
0
0.00024
0
0
0
0
0
0
0
0
0.00033
0.00033
0
0.00118333
0
0
0.000853333
0.00016
0.00016
0.00016
0
0
0
0
0
0
0
0
0
0.000266667
0.000266667
0
0
0.000743333
0
0.000476667
0.00267
0.00194
0.00119667
0.00343667
0.00072
0.0124533
0.00072
0.01088
0
0.0137733
0
0.00475667
0.00616333
0.00366
0
0.00250333
0
0
0
0
0
0
0
0
0
0
0
0
0
0
0
0
0
0
0
0
0
0
0
0
0
0
0
0
0
0
0
0
0
0
0
0
0
0
0
0
0
0
0
0
0
0
0
0.00017
0.00017
0.000746667
0.000576667
0.000576667
0
0.00934667
0.0223833
0.0163067
0.03454
0.03972
0.03697
0.0700833
0.05899
0.0711667
0.03684
0.0417933
0.03499
0.04017
0.111863
0.11903
0.09228
0.03392
0.01979
0.02562
0.02447
0.0673033
0.113497
0.0423733
0.0404967
0.0307233
0.0675967
0.146323
0.162283
0.174327
0.08286
0.04216
0.0307767
0.12035
0.173357
0.0939333
0.06292
0.0517633
0.04307
0.0488233
0.101523
0.129237
0.193023
0.183747
0.03366
0.07526
0.160203
0.0797233
0.108497
0.0670933
0.0673667
0.0545
0.0307767
0.0244967
0.143957
0.129743
0.121443
0.0702367
0.00487667
0.02769
0.0606
0.0479167
0.08195
0.09089
0.0774667
0.00334667
0.00339667
0.07392
0.0925333
0.0933667
0.00026
0.01187
0.0229767
0.0509933
0.0813167
0.100173
0
0
0
0
0
0
0
0
0.00162
0
0
0.000286667
0.00121333
0.0015
0.00102333
0.00223667
0.00102333
0.00184333
0.00635667
0.0176267
0.0356467
0
0
0.02779
0.00837333
0.0293967
0
0
0.02527
0.0236633
0.00024
0.00024
0
0.00402333
0.00203
0.00203
0
0.00234
0.00234
0
0
0.00363
0.00573
0
0
0.0167033
0.00396
0.0184733
0
0
0.01542
0
0.00353
0.00011
0.00363667
0.00027
0.000853333
0.00129
0.00442
0
0.00546667
0
0.00120667
0
0.00120667
0
0
0
0
0
0.00267
0.00497333
0
0.0326433
0.01742
0.0292133
0
0.0489833
0.0455533
0
0.03633
0.0316867
0
0.0263867
0.0251733
0
0
0.00747667
0
0.00260333
0
0.0001
0.0001
0
0
0
0
0
0
0
0
0
0
0
0
0
0
0
0
0
0
0
0
0
0
0
0
0
0
0
0
0
0
0
0
0
0
0
0
0
0
0
0
0
0
0.000136667
0
0.000136667
0.000136667
0
0
0
0
0
0
0
0
0
0
0
0
0
0.148633
0.239117
0.24306
0.295503
0.27218
0.318063
0.246017
0.179067
0.00018
0.000466667
0.00816
0.00919333
0.00993
0.00102333
0.000223333
0.000216667
0.000396667
0.0203233
0.0177533
0.02918
0.00153333
0.01057
0.000223333
0.00051
0.00434333
0.00611333
0
0.000216667
0.000223333
0.000706667
0.00247667
0.000483333
0.00199333
0.00199333
0.00349
0.00148667
9.66667e-05
0
0
0.0327833
0.02143
0
0
0
0
0
0.0257233
0.0413167
0.0321667
0.000233333
0.000233333
0.000343333
0.0134167
0.00376
0.0111833
0.01129
0.0118
0.00838333
0.00831
0.00055
0.0246133
0.0253467
0.01246
0.000113333
0.000113333
0.0231933
0.0113533
0
0.00202
0.00709333
0.00120667
0.00221
0.00019
0.00467333
0
0
0.00019
0.00019
0.00265333
0.000163333
0.00246667
0
0
0.0149133
0
0.0140067
0
0
0.0187167
0
0.00627
0
0
0
0.00497333
0
0
0.0001
0
0.0001
0
0
0
0
0
0
0
0
0
0
0
0
0
0
0
0
0
0
0
0
0
0
0
0
0
0
0
0
0
0
0
0
0
0
0
0
0.00112
0.000106667
0.00903
0.00112
0.00859
0.00815333
0.000573333
0
0
0.000106667
0.000106667
0.000273333
0.000273333
0.000136667
0
0
0.00932667
0.02156
0.03957
0.0396767
0.0101267
0.00109
0.00051
0
0.00129
0.01022
0.0165433
0.03366
0.0332533
0.03575
0.01814
9.66667e-05
0.00107333
0.00910333
0.00058
0
0
0
0
0
0.00343667
0.00204667
9.66667e-05
0
0
0
0
0.0229233
0.00693333
0.00195
0
0
0
0
0.00554333
0.00195
0
0
0
0
0.01477
0.00413667
0
0.00051
0.00051
0.00403667
0.000543333
0.00485
0.000853333
0.00803333
0.000656667
0.000543333
0.02715
0.0362
0.000113333
0.0253767
0.00609333
0.00403667
0.0289
0.03856
0.00605667
0.0291033
0.02747
0.00784333
0.0237767
0.00965333
0.00213333
0.00969667
0.0249533
0.000176667
0.00767667
0.00250667
0.00115
0.00521333
0.00763
0.00113667
0
0.00241667
0.00165667
0
0
0.00208
0
0.00191667
0
0.00139667
0
0
0
0
0
0
0
0
0
0
0
0
0
0
0
0
0
0
0
0
0
0
0
0
0
0
0
0
0
0
0
0
0
0
0
0.00108333
0.000283333
0
0
0.000283333
0.00456
0.00376
0.0238433
0.000203333
0
0
0
0
0
0
0.03106
0.0572867
0.04003
0.0377233
0.00825667
0.00615
0.00044
0
0.00347667
0.00449
0.0125067
0.0107633
0.00298333
0.000673333
0.000236667
0.00189333
0.00843333
0.00767667
0.01538
0.00884
0.00852333
0
0
0
0
0
0
0.00082
0.00082
0.00113667
0.000316667
0.000316667
0
0
0
0
0
0
0.00017
0.00017
0.00017
0
0
0
0
0.00062
0.00079
0.00027
0
0
0
0
0.0002
0.0001
0
0
0.00012
0.00012
0
0.0001
0
0
0.000343333
0.00111333
0.00123333
0.000566667
0.000446667
0
0.000153333
0.000496667
0.00225
0.00515
0.00168
0.000293333
0.000153333
0.00204667
0.00941333
0.023
0.01941
0.0210767
0.00014
0.00776333
0.0396067
0.000466667
0.00057
0.0078
0.0380467
0.0231067
0.00525667
0.00178667
0.00163667
0.02535
0.0226133
0.0112967
0.00489333
0.00247667
0.000453333
0.0212833
0.0126433
0.00241667
0.0378867
0.0118067
0
0.000453333
0.000453333
0.03237
0.01493
0
0.0244833
0.00461667
0
0
0
0.00652333
0.00409667
0
0.00242667
0.00242667
0
0
0
0
0
0
0
0
0
0
0.00044
0
0
0
0
0
0.000786667
0.000346667
0.00221
0
0
0
0.000346667
0.00177
0.000346667
0.00328667
0
0
0
0
0
0.00186333
0.0322667
0.02064
0.02091
0.0268767
0.00116333
0.00756333
0.000143333
0.000143333
0
0
0
0.00276
0.00974667
0.0305933
0.0360967
0
0.0008
0.00169667
0.04902
0.0291
0.00933333
0.00293333
0.000143333
0
0.0212633
0.0431733
0.07198
0.0723233
0.0553233
0.02841
0.00870333
0.00299333
0.00034
0.00096
0.00527333
0.00510333
0.0112067
0.00699333
0.00692333
0
0.00034
0.0106767
0.00395333
0
0.000673333
0.00951
0.01349
0.0332033
0.03109
0.03063
0.00385333
0
0.000333333
0.000463333
0.0093
0.0158867
0.0284433
0.0415767
0.0339967
0.0251633
0.00511
0
0.00322667
0.00278
0
0.00125667
0
0
0
0.000663333
0.000793333
0.00521667
0.0114733
0.05162
0.0598833
0.0996167
0.0605967
0.0538767
0.00722333
0.00278
0.0033
0.00396333
0.00838667
0.0507467
0.0877233
0.18239
0.18602
0.241587
0.148463
0.110717
0.0148733
0.00890667
0
0
0
0.000326667
0.00903333
0.000126667
0.00994
0.00375333
0.01677
0.05934
0.145413
0.231487
0.356773
0.363243
0.398137
0.238733
0.164407
0.03055
0.00248667
0.0119733
0.02474
0.00558333
0.0299333
0.000926667
0.0139433
0.0368
0.1257
0.137083
0.282083
0.242763
0.352347
0.222787
0.19425
0.0652133
0.02956
0.00815333
0.00556667
0.00383667
0.0216867
0.0239133
0.04784
0.0217533
0.000473333
0.000473333
0.000603333
0.0249133
0.0748367
0.05249
0.0908567
0.0437233
0.0466167
0.00786667
0.00505667
0.00011
0.00147667
0.00136667
0.00379333
0.00013
0.000513333
0
0
0.00107667
0.00544667
0.00680667
0.00934333
0.0134067
0.00903667
0.00627
0.000153333
0.000153333
0
0
0.00044
0.00113333
0.0152267
0.0329167
0.02887
0.02779
0.00956
0.00344333
0.000153333
0
0
0.00255667
0.01228
0.00329
0
0.01345
0.0238167
0.0403367
0.0436633
0.0351633
0.0178
0.00431
