0.00988
0.00805333
0.0303967
0.0382967
0.0495933
0.0579667
0.05563
0.09049
0.0768567
0.0941767
0.0688233
0.0867167
0.0749967
0.04927
0.0108033
0.0338467
0.00668333
0.01773
0.0322233
0.0639933
0.0698467
0.05345
0.0437233
0.04961
0.03337
0.042
0.0421567
0.0384833
0.0572933
0.0526567
0.0443633
0.0123667
0.0444033
0.0217667
0.0895767
0.0468
0.1689
0.146547
0.0532633
0.1524
0.0681167
0.175697
0.0834167
0.0641267
0.01236
0.0259733
0.0467933
0.0657767
0.06581
0.0439967
0.0677833
0.0162933
0.00349333
0.0421233
0.0388967
0.0012
0.00132
0.0719967
0.0659667
0.115207
0.0124167
0.132747
0.334193
0.362753
0.0298067
0.564163
0.401393
0.0456767
0.0294433
0.0331933
0.318923
0.0739367
0.0302267
0.02217
0.0132633
0.0214767
0.0199467
0.01356
0.02969
0.0225767
0.0399333
0.00434667
0.00349333
0.0387833
0.00012
0.101787
0.00012
0.20068
0.20807
0.00181667
0.365157
0.47374
0.02073
0.0217467
0.589863
0.651727
0.454787
0.284753
0.0243933
0.0485633
0.03086
0.0116033
0.0484633
0.02396
0.00013
0
0
0.02089
0.00107333
0.00161333
0.0448667
0.000853333
0.0332167
0
0.01713
0.0729467
0.11279
0.2143
0.00169667
0.223803
0.36727
0.00322
0.00423667
0.31785
0.43186
0.00271333
0.00399
0.24518
0.206243
0.00190667
0.02682
0.0246067
0.0192567
0.02939
0
0.000943333
0
0.0108033
0.000933333
0.0494133
0
0
0.0397167
0.0276067
0
0.00581
0.00880333
0
0
0.0181367
0.0663067
0
0.0726
0.128587
0.00152333
0.00152333
0.0870767
0.132873
0.06626
0.0645567
0.00063
0.00063
0.00137333
0.00636333
0.00535
0.000743333
0.00394333
0.0032
0.00414333
0
0
0.000943333
0.000943333
0.0114433
0.0240767
0.000173333
0.0354533
0.0484933
0
0.05161
0
0.0288733
0
0
0.0151133
0.00416
0.0234933
0
0.00119333
0.0121767
0
0
0
0.0123867
0.02464
0
0
0.0147533
0.0212033
0
0
0.00982
0.0140267
0
0.0156267
0.00436667
0.00335333
0
0
0
0
0
0
0
0
0
0.0154233
0.0222533
0.000173333
0.000173333
0.00157333
0
0
0.0486833
0
0
0.01246
0.00097
0
0.0008
0.000143333
0.000746667
0.00519667
0.00695
0.0289767
0.0356433
0
0
0.0372433
0
0
0
0
0
0
0
0
0
0
0.01301
0
0.0014
0
0.00261667
0.03764
0.04169
0.02475
0.0496167
0
0
0
0.00129333
0.0127833
0.000313333
0
0
0
0
0
0
0
0.0513667
0
0
0
0
0.0501267
0
0
0
0
0
0
0
0
0
0.00136333
0.000146667
0.00492667
0
0
0
0
0
0
0
0
0.00459333
0
0.00981
0.0339533
0
0.03339
0
0.00951667
0
0.00362333
0.00027
0
0
0
0
0
0
0
0
0.00371
0.0039
0.01618
0
0.0131433
0.0137867
0
0.00150667
0
0
0.00098
0
0
0
0
0
0
0
0
0
0
0
0
0.0315533
0
0
0.03223
0
0
0.00616333
0.00027
0
0
0
0
0
0.000146667
0.000146667
0.000146667
0.000336667
0
0
0
0
0
0
0.000153333
0
0
0.00537
0.00537
0
0.00741
0
0.00808667
0
0
0.00589333
0
0
0
0
0
0.000336667
0
0.000863333
0.000526667
0
0.000526667
0
0
0
0
0
0
0
0
0
0
0.000153333
0
0.000153333
0
0
0.00219333
0
0.00219333
0
0
0
0
0
0
0
0
0
0
0
0
0
0
0
0
0
0
0
0
0
0
0
0
0
0
0
0
0
0
0
0
0
0
0
0
0
0
0
0
0
0
0
0
0
0
0
0
0
0
0
0
0
0
0
0
0
0
0
0
0
0
0
0
0
0
0
0
0
0
0
0.000193333
0.000193333
0.00055
0.000743333
0.00055
0.00067
0.00012
0
0
0
0
0
0
0
0
0
0
0
0
0
0
0
0
0
0
0
0
0
0
0
0
0
0.00494667
0.00487333
0
0.00012
0
0
0.0905467
0.07055
0
0
0
0
0
0
0
0
0
0
0
0
0
0
0
0
0
0
0
0
0
0
0
0
0.0114967
0.01169
0.0251233
0.01783
0.09767
0
0.0129733
0.00877
0.0991033
0
0
0.0501733
0.06346
0
0
0.0304033
0.0409433
0
0
0
0.0209467
0
0
0.0120633
0.0280067
0
0
0
0
0
0
0
0
0
0
0
0
0
0
0.0342133
0.0550233
0.0364433
0.00458
0.00681
0.0121233
0.0538333
0.0585033
0.0126567
0.00205
0.00574667
0.03312
0.05402
0.0894667
0.07589
0.02114
0.0105333
0.00774
0.0341067
0.0544367
0.120353
0.11707
0.147847
0.01295
0.00354
0.157897
0.285247
0.27848
0.303827
0.159617
0.107283
0.00608
0.00827667
0.0114367
0.0375833
0.0954567
0.153297
0.0615033
0.00988333
0.00873333
0.175293
0.36589
0.413403
0.476477
0.373667
0.27547
0.11727
0.0682067
0.01154
0.0122933
0.0146
0.08248
0.182623
0.361487
0.489643
0.466127
0.405447
0.266627
0.23946
0.08202
0.0278933
0.0227367
0.01103
0.0114233
0.00718333
0.0131
0.0820867
0.151163
0.33042
0.3398
0.34735
0.171577
0.151533
0.0721667
0.0788833
0.0214433
0.00670667
0.00679
0.000236667
0.0925267
0.000153333
0
0
0.00615333
0.00975333
0.0857767
0.0891367
0.163903
0.0924033
0.01416
0.0138433
0.00420667
0.00509
0
0
0.01415
0.0140367
0.00452333
0
0
0
0
0
0
0.0036
0.00463667
0.01055
0.00951333
0
0
0
0
0
0
0.00103667
0.00103667
0
0
0
0
0.0442233
0.05794
0.0387333
0.0587233
0.0720567
0.0826833
0.0136933
0.0443833
0.0417467
0.0616167
0.00219667
0.0396
0.0294633
0.0609567
0
0
0.00865
0
0.0231233
0
0
0
0.00201333
0.00335333
0
0
0.00134
0.00501
0.0488467
0
0.0471867
0
0
0
0
0
0
0
0
0
0
0
0
0
0
0
0
0
0
0
0.0891367
0.02579
0.000226667
0
0
0.00129667
0.00152333
0
0
0.0162133
0.0149167
0.01544
0.00075
0.00075
0.0022
0.00660333
0.00440333
0.00521333
0.0199033
0.0222367
0.00822667
0.00143
0.00288
0
0.00035
0.00738333
0.00426667
0.0321933
0.0637767
0.0437667
0.0326333
0.0454133
0.00938667
0.0166367
0.0169267
0.02065
0.0434233
0.0329167
0
0.00409
0.000973333
0.0197933
0.03522
0.0563567
0.0318767
0
0
0.000886667
0
0.00151
0.0211733
0.0538133
0.0386
0.03046
0
0.000886667
0.01832
0.0298233
0.00108667
0.00467
0.0126933
0.0138333
0.00233
0.00447333
0.00717
0.00352333
0.00119
0.000206667
0.02192
0.0174967
0.000206667
0.000206667
0.0401467
0.0313633
0.00419667
0.0255433
0.03619
0.0521167
0.03992
0.00419667
0
0.0180433
0.0510367
0.0207333
0.00438
0.0184433
0.0338533
0.0246867
0.01742
0.000183333
0
0
0.00308667
0.00948333
0.00106667
0.000183333
0.00277667
0.00293
0.000883333
0
0
0
0.000153333
0.000153333
0
0
0
0
0
0
0
0
0
0
0
0
0
0
0
0
0
0
0
0
0
0
0
0
0
0
0
0
0
0
0
0
0
0
0
0
0
0
0
0
0
0
0.00036
0.00036
0
0
0
0
0
0
0
0
0
0
0
0.0105167
0.0107833
0.000626667
0.000626667
0
0
0
0
0.0170067
0.00746333
0.00124
0.000613333
0
0
0
0
0.0300133
0.0520433
0.0193
0.0457067
0.0135233
0.00653
0.0180867
0.0431767
0.0408033
0.05204
0.0916733
0.09131
0.0208767
0.01099
0.0019
0.00409667
0.03922
0.00859333
0.01033
0.000173333
0.0124733
0.00024
0
0.0175367
0.000173333
0.000173333
0
0.0365833
0
0
0
0
0
0
0
0
0
0.00562333
0.00367
0.0229067
0.02463
0
0
0
0
0
0
0
0
0
0
0
0
0
0.10039
0.0818833
0.106113
0.0455933
0.0813633
0.03618
0.0499867
0.20132
0.172387
0.04694
0.1134
0.157663
0.0258133
0.02906
0.09445
0
0.00486333
0.00754667
0.0200233
0
0
0
0
0.00015
0.00015
0.000436667
0.000286667
0
0.00420333
0.01125
0.0222733
0
0
0
0
0
0
0.00830333
0.0252833
0.0485133
0.0302733
0.04628
0
0
0
0.000226667
0.000226667
0
0
0
0
0
0
0
0
0
0
0
0
0
0
0
0
0
0.00440333
0
0
0
0
0
0
0.00794333
0
0
0
0
0.00690333
0.00336333
0.00336333
0
0
0
0
0
0
0.00566667
0.00354333
0.00018
0
0
0.00230333
0.00018
0
0.00108667
0.00108667
0.00018
0.00018
0
0
0.00242333
0.00242333
0.0102333
0.00889667
0
0
0
0.0048
0.01261
0
0.00237667
0
0
0.00268667
0
0.00031
0
0.00031
0
0
0
0
0
0
0
0
0
0
0
0
0
0
0
0
0
0
0
0
0
0
0
0
0
0
0
0
0
0
0.000703333
0.000703333
0.00106333
0
0
0
0
0.000703333
0.01122
0
0
0
0
0.00540333
0.0314967
0.0369533
0
0
0
0
0.0156467
0.0678133
0.0479433
0
0
0
0.0127533
0.0749533
0.101817
0.0406367
0.00968667
0.00346333
0.000613333
0
0
0
0
0
0
0
0.01008
0.0245133
0.000853333
0.126853
0.09908
0.0508
0.00314
0.00029
0
0.00062
0.00618333
0.0325567
0.1224
0.0847167
0.0942633
0.0469567
0.02306
0.00696333
0.00024
0.00644
0.00295667
0.00734667
0.00024
0.00595667
0.00123
0.00382333
0.00024
0
0
0
0.0059
0.01066
0.000173333
0
0.0302333
0
0
0
0
0
0
0
0.0306067
0
0
0
0.00019
0
0.00195333
0.00195333
0.00535333
0.0107467
0
0.00019
0
0
0
0
0
0
0
0
0
0
0
0.0871567
0.0506367
0.03926
0.0761967
0.14848
0.136247
0.0141367
0.179483
0.25984
0.189997
0.12401
0.05418
0.0282733
0.00509667
0.0125033
0.0932167
0.219163
0.48095
0.55896
0.37753
0.31992
0.281407
0.143143
0.0325933
0.0116167
0.0920633
0.04942
0.00840333
0.00378
0.0283133
0.110343
0.33975
0.607147
0.643153
0.721163
0.535153
0.292473
0.15347
0.0524933
0.0324533
0.0270967
0.0784133
0.309037
0.494013
0.734627
0.584623
0.12907
0.03676
0
0.00256333
0.331577
0.137367
0.123333
0.0481733
0.0437867
0
0.00391667
0.00892667
0.05889
0.0930833
0.297583
0.277603
0.27973
0.0755467
0.05951
0.000483333
0.00183667
0.0303367
0.0523167
0.0651
0.0914267
0.06147
0.0434633
0.0214333
0.02413
0.00673667
0.0302267
0.0123867
0.00639333
0.05069
0.0945267
0.0960433
0.0865667
0.04463
0.0215567
0.101387
0.0826733
0.0934167
0.07704
0.10915
0.0671967
0.0973
0.0665767
0.114873
0.0695033
0.06045
0.0591667
0.0501133
0.01298
0.0580633
0.05397
0.00196333
0.0182633
0.02611
0.00182667
0.00263
0.00343
0.0108733
0.0654067
0.140067
0.0798133
0.157603
0.11147
0.03867
0.13952
0.0802733
0.127377
0
0.000606667
0.0008
0.0157567
0.0195767
0.0436467
0.0336667
0.00658333
0.0314567
0.123417
0
0
0.000193333
0.000343333
0.00477
0.00969
0.00526333
0.00497667
0
0
0
0.000286667
0
0
0
0.0038
0.000633333
0
0.000503333
0
0
0
0
0.0213067
0.00013
0.00013
0
0
0.00125667
0.0453133
0
0
0
0.03245
0.0569367
0.0474833
0
0
0
0
0.0568733
0
0
0
0
0
0
0
0
0
0
0
0
0
0
0
0
0
0
0
0
0
0
0
0
0
0
0
0
0
0
0
0
0
0
0
0
0
0
0
0
0
0
0
0
0
0
0
0
0
0
0
0
0
0
0
0
0
0
0
0
0
0
0
0
0
0
0
0
0.00366333
0.00375
0
0
0.01824
0.00396
0.000273333
0.00497333
0
0
0.00568333
0.0190767
0.01842
0.0623067
0
0.0018
0.00593667
0.000446667
0.0180567
0
0
0
0.0141833
0.0438067
0.0210333
0
0
0
0
0
0
0.000433333
0.00955333
0.0117467
0.00411333
0
0
0
0.000493333
0.000433333
0.00979
0.00382333
0
0
0
0
0.00873333
0
0
0.000173333
0
0
0
0
0
0
0.00019
0
0
0
0
0
0
0
0
0.00879333
0.00204333
0
0.0034
0.0034
0.00500667
0.00185333
0.00341333
0
0
0.00026
0
0
0
0
0.000116667
0.000116667
0.00026
0.02039
0.00719667
0.00894667
0.00493333
0.05108
0.0464267
0.0267933
0.00639
0.00884667
0.0525067
0.0455667
0.05145
0.03438
0.0342467
0.00887333
0.0144333
0.0140333
0.0251433
0.0166267
0.0215
0.0125467
0.0288133
0.0107433
0.00185667
0.0221567
0.00037
0.00091
0.00054
0.00267667
0
0
0
0.00187667
0
0
0.01191
0
0
0.01105
0
0.01972
0.0118333
0
0.00961333
0
0.000483333
0.00106667
0.00159
0.000783333
0.000746667
0.00564667
0.0150367
0.00054
0.00028
0.02698
0.0971033
0.0456133
0.0897833
0.0193433
0.0222767
0.0245733
0.0509267
0.0299167
0.0279133
0.0316733
0.08608
0.0895033
0.0878
0.0686967
0.04718
0.0581433
0.0592967
0.04032
0.0339633
0.0580133
0.03428
0.03706
0.0323033
0.0239633
0.00463667
0.00167
0.01282
0.00337
0.00153333
0.00102667
0.00102667
0.00142333
0.000396667
0.0320067
0.0385133
0.0146867
0.0530467
0.0115967
0.02136
0
0.00052
0.00112667
0.00900667
0.0234433
0.0471
0.0420067
0.03657
0.00302667
0.01404
0.00556
0.00147
0
0
0.0316833
0.00773667
0.00276
0.0985967
0.0143167
0
0.00409
0.00529333
0.000316667
0
0
0.00278333
0.0874233
0.0188233
0.01073
0
0
0.0560633
0.0473767
0.00872667
0
0
0
0
0.0277433
0.00809333
0.00822333
0
0
0
0
0
0
0
0
0
0
0
0.0008
0.0008
0.0253433
0
0
0.00173
0.0219633
0.0159433
0.0384067
0.0247433
0
0
0.0284167
0
0
0
0
0
0
0
0
0
0
0
0
0
0
0
0
0
0
0
0
0
0
0
0
0
0
0
0
0
0
0
0
0
0
0
0
0
0
0
0
0
0
0
0
0
0
0
0
0
0
0
0
0
0
0.000363333
0
0
0.000126667
0.00089
0.00024
0.000513333
0
0
0
0.00142
0.00154667
0.000676667
0
0
0.0007
0.00142
0.00808
0.00398333
0
0.0014
0.0007
0.000116667
0.0193667
0.0144033
0
0.00302333
0.0169533
0
0
0.00232333
0.0189167
0
0
0
0
0.00232333
0.00232333
0.00996
0
0
0
0
0
0
0.00399
0.00088
0.0014
0
0
0.00419667
0
0
0
0.00014
0
0
0
0.0056
0.00630333
0.00214333
0.00539333
0
0.00399667
0
0
0
0
0
0
0
0
0
0
0
0
0
0
0
0
0.000116667
0.00161333
0.00175667
0.00157667
0.000533333
0.00092
0.0930233
0.0317333
0.0308033
0.01516
0.000923333
0.0037
0.00144
0.00621333
0.0302833
0.0630133
0.112563
0.03186
0.0866033
0.147993
0.110357
0.110227
0.130487
0.130423
0.06076
0.116263
0.07628
0.0702967
0.0766267
0.11187
0.0751467
0.0238567
0.0309567
0.0332467
0.00310333
0.0129533
0.00273333
0.00106333
0
0.000183333
0
0.000136667
0
0
0
0
0
0.000136667
0.00092
0
0
0
0
0.000783333
0.000783333
0
0
0
0
0.00046
0.000263333
0
0.00028
0.000196667
0.00348667
0.00287667
0.00512333
0.00456667
0.00028
0.00484667
0
0.0860667
0.0642
0.0832733
0.0435133
0.000316667
0.00136333
0.000556667
0
0.0841733
0.134347
0.12447
0.02661
0.14362
0.180797
0.0185967
0.142653
0.0352567
0.0758933
0.0221233
0.0154133
0.01772
0.0103033
0.0216467
0.00352
0.00297333
0.00092
0.0201767
0
0
0.000373333
0.00303
0.00149667
0
0
0
0.000396667
0
0.000396667
0
0
0
0
0
0
0.0128
0.0147067
0
0
0
0.00887333
0.0113767
0.0202467
0.0124833
0.01194
0.0370833
0.0168267
0.00336333
0
0.00052
0.0084
0.0124233
0.00256
0.0190233
0.00147
0.00244333
0
0
0.000243333
0.0560867
0.0591133
0.0467867
0.02778
0
0
0.12572
0.0414167
0.0416267
0
0
0
0
0.0188533
0
0.17299
0.000323333
0.00841667
0
0
0
0
0
0
0
0
0
0
0
0.02764
0.00914667
0
0
0
0
0
0
0
0
0
0.00854667
0
0
0.00093
0.00775
0
0
0
0
0
0
0
0
0
0
0
0
0
0
0
0
0
0
0
0
0
0
0
0
0
0
0
0
0
0
0
0
0
0
0
0
0
0
0
0
0
0
0
0
0
0
0.00472333
0.0123733
0.0081
0
0
0
0
0
0
0
0.00012
0
0
0
0.00375
0.00387
0.00031
0.00810333
0.0007
0.00137
0.01317
0.01301
0
0
0.00031
0.02921
0.00880333
0.00125667
0
0
0.0312367
0.02413
0.02651
0
0.0109733
0.02537
0.04411
0.0399133
0
0
0.00316667
0.0308267
0.0234567
0
0
0
0
0.000843333
0.000843333
0.00886
0.00154
0.0150367
0
0
0
0
0
0
0
0
0.00014
0.00056
0.00056
0
0
0
0
0.000206667
0.00251333
0
0
0
0
0
0
0.02816
0
0
0
0
0
0
0.02936
0
0
0.00015
0.00015
0.00015
0
0
0
0
0.0291567
0.0184267
0
0
0.000333333
0.00045
0.00194667
0.01564
0.0185733
0.0157167
0.00293333
0.00120333
0.00013
0.00013
0
0.0537033
0.0149
0.00224667
0.00408
0.00104667
0.0448267
0.0199633
0.0562467
0.0919867
0.104513
0.113037
0.134537
0.128707
0.111007
0.137483
0.101033
0.123483
0.15244
0.138363
0.0975
0.118113
0.08256
0.0826867
0.0646
0.0151733
0.0337533
0.0223833
0.0177367
0.00515
0.0126367
0.00821
0.00241667
0.00297667
0.000746667
0.000966667
0.000243333
0.000243333
0.000183333
0.000403333
0
0
0
0
0
0
0
0
0
0
0
0
0
0
0
0
0
0
0.05626
0.06775
0.0553867
0.0493667
0
0
0
0.0970033
0.0696733
0
0
0
0
0
0
0
0.02744
0.0145967
0
0.000276667
0.0009
0.000396667
0.000623333
0.000926667
0.000806667
0
0
0.00329
0.000743333
0.000743333
0.00589333
0.00855
0.0307667
0.0376767
0.01965
0.04465
0.02286
0.0477133
0.0244867
0.0128433
0.02575
0.0142933
0.000373333
0.00084
0
0.00481333
0.01236
0.0352967
0.0344433
0.0493867
0
0
0
0
0
0
0
0.000993333
0.000993333
0.00349667
0.00273667
0.00262
0.000233333
0.000116667
0.00250667
0.000913333
0.0351667
0
0
0
0.00537
0.00189333
0.00189333
0
0.000116667
0
0
0.000243333
0.000583333
0.0188333
0
0
0
0.114477
0.0275733
0.00502
0.0394933
0
0
0
0
0.17347
0.0345333
0.332757
0.182487
0.00251667
0.0123033
0
0
0
0
0.37007
0.000973333
0
0
0.00028
0
0.000323333
0
0
0
0.180007
0.000486667
0
0
0.0629767
0.000206667
0
0
0
0
0
0
0
0
0
0
0
0
0
0.0054
0
0
0
0
0.00682
0.0110433
0.00422333
0.00422333
0
0
0
0
0
0
0
0
0
0
0
0
0
0
0
0
0
0
0
0
0
0
0
0
0
0
0
0
0
0
0
0
0
0
0
0
0
0
0
0
0
0
0
0.0219033
0
0
0
0.0144567
0.00469
0
0.000203333
0
0
0
0
0.0132367
0.00809333
0.00012
0.00023
0.00740333
0
0.00122
0.00114
0.00672667
0.00702
0.00546
0.00637
0.0496167
0.0173933
0.0234233
0.00081
0.00596
0.0494967
0.05002
0.06221
0.0418467
0.0223867
0.02347
0.0292333
0.0460433
0
0.000463333
0.00127333
0.00180333
0.11978
0
0
0.000463333
0.000843333
0.0978133
0.11876
0.0138233
0.0164267
0
0
0
0
0
0
0
0
0.00029
0
0.00376
0.0300733
0.000326667
0
0
0
0
0
0.000473333
0.00534333
0.00283
0.00339
0
0
0
0.0377667
0.0162433
0
0
0
0.00148667
0
0
0
0
0.00148667
0
0.04744
0
0
0
0
0.00512667
0.00646333
0
0.0381
0
0.04883
0
0
0.000333333
0.00457
0.00606667
0.0196167
0.00186
0
0
0
0
0.000126667
0
0.00224667
0.00674
0.00637
0.01905
0.0333767
0.04348
0.04315
0.0806467
0.07594
0.0626367
0.05381
0.0461567
0.0908767
0.0568467
0.10072
0.105757
0.08271
0.04945
0.0979
0.0601033
0.0156567
0.00539
0.0222933
0.00217333
0
0.000403333
0
0
0
0
0
0
0
0
0
0
0
0
0
0
0
0.04502
0.05414
0
0
0.0438033
0
0
0
0
0
0.293017
0.27848
0.0222533
0.0086
0
0.393423
0.51552
0.0036
0.00567333
0.00868667
0.00617667
0.000743333
0
0
0
0.28148
0.495073
0.0215567
0.0333267
0.0406033
0.0108067
0.01104
0.000976667
0.0896933
0.119807
0.269133
0.0298033
0.0354633
0.0273433
0.04493
0.04579
0.01392
0.0143233
0.0545533
0.00280667
0.02962
0.0529533
0.01565
0.03178
0.00251333
0.000466667
0.000466667
0.000466667
0
0
0
0.000586667
0.000586667
0.000586667
0.000116667
0.000116667
0
0.000573333
0.00322
0.0718667
0.0652467
0.00101667
0
0
0
0
0
0.0487233
0
0
0
0.00347667
0.00347667
0
0
0
0
0
0
0.101877
0
0
0
0
0
0
0
0.165713
0.00221
0
0
0
0
0.00286
0
0.00171
0.522733
0.00171
0.01382
0
0
0.01062
0.00141
0.00178
0.479793
0.00969667
0.000796667
0.000863333
0
0.301233
0.000796667
0.0015
0.00108667
0.18765
0.000206667
0.000223333
0.04596
0
0.000366667
0.000223333
0
0
0.0058
0
0.000366667
0
0
0
0
0
0
0
0
0
0
0
0
0
0
0
0
0
0
0
0
0
0
0
0
0
0
0
0
0
0
0
0
0
0
0
0
0
0
0
0
0
0
0
0
0
0
0.0464367
0
0
0.0114133
0
0
0.000203333
0
0
0
0.0261933
0.00023
0.00871667
0.000273333
0.00389333
0.0202733
0.0423133
0.000626667
0.00374333
0.00881333
0.0532467
0.0400667
0.0141167
0.0288033
0.02686
0.0430933
0.0622733
0.239973
0.0444867
0.00288667
0.0267333
0.00431
0.0266233
0.000166667
0.00096
0.29311
0.0035
0.000166667
0.00293
0.000706667
0.00374333
0.000166667
0.00309333
0.00029
0.02803
0.000186667
0
0
0
0
0.00151
0.00274333
0.00051
0.00051
0.00051
0
0
0.00029
0.00029
0
0.0148733
0.00341333
0.00237333
0.0023
0.00298667
0
0
0
0
0
0.000356667
0
0.00399333
0.000506667
0.00861333
0
0
0
0
0
0.0539233
0.05802
0
0.0339567
0
0
0
0
0
0
0
0
0.00014
0.00058
0.00244
0.00058
0.00186
0.00226
0.0179733
0.00366
0.00244667
0.00281
0.0246433
0.0171
0.0109967
0.00544667
0.00670667
0.02891
0.02088
0.0147033
0.0179933
0.0222
0.0167267
0.02682
0.0272167
0.0547
0.04845
0.0517233
0.0955033
0.09978
0.01316
0.0489967
0.0917033
0.06482
0.00334667
0.0329267
0.0188167
0
0.00094
0
0.000536667
0
0
0
0
0
0
0
0
0.0130433
0.02899
0
0
0.0557067
0.03906
0
0.29507
0.0996267
0
0
0.00019
0.00363
0
0.00192333
0.00211333
0.00761667
0.00443333
0.000403333
0.0191733
0.0058
0.000233333
0
0.0948433
0.0134233
0.01083
0.0467
0.05994
0.0296333
0.02166
0.0347467
0.03527
0.0114033
0.0234633
0.00106
0.0110633
0.01777
0.00882333
0.0150967
0.0110433
0.00278
0.00056
0.0461167
0.00019
0
0
0.000153333
0.000153333
0.000153333
0
0
0.00594333
0.0454067
0.0641067
0.0240967
0.0164033
0
0
0
0
0
0
0
0.0650333
0.00101667
0
0
0
0
0
0
0
0
0
0
0
0.00098
0
0
0
0
0
0.12648
0
0
0
0.0041
0.00164667
0
0.000773333
0
0
0
0
0
0
0.00248333
0.01044
0.000286667
0
0.425847
0.379377
0.00987333
0.00377
0.0217767
0.01711
0.00855
0.00119333
0.000286667
0.644003
0.0129067
0.0479467
0.56375
0.00954667
0.03654
0.0123833
0.00177
0.03539
0.1724
0.00013
0.000336667
0.00377
0.00107
0.0324833
0.00879333
0.00892667
0.00122
0.000223333
0.00636
0
0
0.00331
0.000366667
0
0
0
0
0
0
0
0
0
0
0
0
0
0
0
0
0
0
0
0
0
0
0
0
0
0
0
0
0
0
0
0
0
0
0
0
0
0
0
0
0
0
0
0
0
0
0
0
0
0
0
0
0.01733
0.0449067
0
0.0610233
0
0
0
0
0.000203333
0.00164667
0.0558667
0.04519
0
0.00131333
0
0.03687
0
0.000166667
0.000396667
0.05979
0.000153333
0.00315
0.01512
0.07728
0.000153333
0.000506667
0.0134267
0.0234767
0.0231533
0.03439
0.2835
0.03416
0.00257
0.426297
0.00073
0.0112233
0.0541833
0.0430833
0.000166667
0.00192667
0.0136133
0.0491133
0.0106133
0.00098
0.000333333
0.567807
0.0439133
0.0574133
0.0294433
0.0130733
0.161507
0.434937
0.00312
0.0158933
0.0332867
0.0294833
0.0129467
0.00327333
0.05429
0.0444767
0.0126433
0.04862
0.0737967
0
0.000706667
0.04552
0.0219733
0.00408667
0.0400167
0.01647
0.00714
0.00309333
0
0.00188333
0.00137333
0.00137333
0
0.00433667
0.0202433
0
0.03861
0.01484
0.00781
0.00680333
0.0267467
0.0228267
0.02241
0.0254767
0.000183333
0.000183333
0.000183333
0
0.0494333
0.0322967
0
0
0.0334467
0.0345267
0.0482967
0.02372
0
0.0496767
0.03062
0
0
0
0
0.00774
0
0
0
0.00067
0.00490667
0.0207433
0
0
0
0
0
0
0
0
0.00014
0.00154
0.00014
0.0014
0
0
0.00264667
0.000216667
0.000216667
0.00205333
0.00094
0.00118667
0.00185333
0.00135333
0.00097
0.00194
0.00334667
0.0048
0.00364
0.0315633
0.0124833
0.0633233
0.00981333
0.0558833
0.00994333
0.0672867
0.06665
0.00013
0.00013
0
0.0291967
0
0
0.0116567
0
0.000873333
0.000336667
0
0.00231667
0
0
0
0.0047
0
0.0274
0.00238333
0
0
0.00874333
0.0335233
0
0
0
0.0175267
0
0.352673
0.000136667
0.00861667
0
0
0
0.593427
0.442113
0.00015
0
0
0.00019
0
0.35131
0.572033
0.54829
0
0
0.00211333
0.117827
0.262003
0.000446667
0.000296667
0.000316667
0.00072
0.01186
0.0137833
0.00169
0.00139333
0.00639
0.01951
0.0272133
0.00134333
0.01297
0.0388967
0.0671067
0.123503
0.08421
0.1051
0.07177
0.04465
0.02299
0.00381333
0.00150333
0.0457067
0.00226333
0.00171333
0.02477
0.0646433
0.103873
0.0258733
0.00414
0.0457367
0.0113333
0.0677633
0.0704367
0.03235
0.0827967
0.0246733
0.00093
0.00353667
0.00288333
0.0103933
0
0.000153333
0.0110633
0.00021
0.00077
0.00021
0
0.0396367
0.00201333
0.0193533
0
0
0.0464467
0.00182333
0.0116267
0
0
0
0
0
0.00326667
0.0115833
0.00827
0
0.00729
0
0
0
0.08198
0.0731133
0.00548333
0.00726333
0.000773333
0
0
0
0
0.0165567
0.0127267
0.0120533
0.000963333
0
0.236787
0
0
0
0.0206533
0.00851667
0.01762
0.0425333
0.03969
0.00250333
0.00125
0.00321333
0.01173
0.0521867
0.0409767
0.0185167
0.0626433
0.01351
0.463733
0.0408933
0.0897267
0.0562233
0.0131633
0.538533
0.0375167
0.02209
0.281027
0.45828
0.0127333
0.0384433
0.0469533
0.0207333
0.00377
0.0267233
0.0346367
0.0493367
0.000376667
0.00601
0.0204533
0.000246667
0.02885
0.04982
0.0151233
0.03804
0
0.01404
0.000996667
0
0
0
0.0110967
0
0
0
0
0
0
0
0
0
0
0.000793333
0.00173667
0
0
0
0
0
0
0
0
0
0
0
0
0
0
0
0
0
0
0
0
0
0
0
0
0
0
0
0.0611967
0
0
0.00196333
0.00808333
0.07943
0
0
0.0572267
0
0.00131333
0
0
0
0.000166667
0.00356333
0.000326667
0.00016
0.000156667
0.0108333
0.31197
0.0204667
0.0106067
0.000806667
0.000646667
0.000646667
0.000643333
0.00161333
0.000813333
0.69043
0.00245333
0.00207667
0.0566
0.000146667
0
0.00472333
0.0168733
0.0227167
0.04505
0.00729667
0
0.00095
0.00496667
0.0115167
0.0439733
0.04176
0.000806667
0.00066
0
0.01226
0.03656
0.0428733
0.04066
0.0479933
0.03519
0.000816667
0.000156667
0.00461333
0.00495
0.0318867
0.00248333
0.00663667
0.00879333
0.0165467
0.00807667
0.0552567
0.0362233
0.0642667
0.04438
0.000183333
0
0
0.0566167
0.0819567
0.0725567
0.000156667
0
0
0
0.000523333
0.00088
0.00477667
0
0.0447133
0.02118
0.0344167
0
0
0
0
0
0
0.00118
0.00118
0
0
0
0
0
0
0
0
0
0
0
0
0.000133333
0.000133333
0.00044
0.000306667
0
0
0.00267333
0.00236667
0.00267
0.00267
0.00884
0
0.0312733
0.0232067
0
0.0477
0
0.05524
0
0.0514833
0.00197333
0.0118733
0.0122167
0.0146
0.00302
0.00294667
0.00589
0
0.00823333
0.01203
0.00238333
0.153783
0.0564533
0.00922333
0
0
0
0
0.00015
0
0
0
0.00015
0
0
0.00204
0.000116667
0.0599833
0
0
0.01538
0.0509267
0
0
0.000316667
0.00598667
0.02595
0.03818
0.0271233
0.0568567
0.00609333
0.01953
0.01425
0.000843333
0.00105
0.000423333
0.0136633
0.00877667
0.0222367
0
0
0.000423333
0.000733333
0.000893333
0.00336667
0
0
0.00284333
0.00319
0.01596
0.0318333
0.04644
0.00035
0.000346667
0.000346667
0
0
0
0.00329667
0.00395
0.02008
0.0251033
0.0115533
0.04499
0.0424767
0.0403167
0.00764
0.0183333
0.00035
0
0
0
0
0
0
0.05624
0.00225
0
0
0.0156133
0.0244367
0.0211233
0
0
0
0.00096
0.00395
0.07111
0.01172
0.0229833
0.0186433
0.0132867
0.17255
0.16979
0
0
0
0.03454
0.00757333
0.00440333
0.00119
0.03205
0.0475933
0.0409733
0.06508
0.0599033
0.06248
0.01858
0.271913
0.0895867
0.02747
0.0434433
0.15341
0.01258
0.0748867
0.0524967
0.04143
0.0195767
0.00947667
0.00305667
0.000996667
0.0254933
0.0293233
0.01179
0.01385
0
0
0
0
0
0
0
0.00253
0
0.000693333
0
0
0
0
0
0
0
0
0
0
0
0
0
0
0
0
0
0
0
0
0
0
0
0
0
0
0
0
0
0
0
0
0.0386733
0.0590867
0
0
0
0
0.00052
0.0131367
0.0649567
0.0671367
0
0
0
0
0
0
0
0.0465067
0
0
0.00632
0.0680667
0
0
0
0.00048
0.00271667
0.00496667
0.00839333
0.114027
0.000326667
0.000156667
0.00048
0.000643333
0.00048
0.00359667
0.00342667
0.533573
0.01377
0.00450667
0.769237
0.0237667
0.01488
0.667823
0.01572
0.456147
0.163887
0.00651333
0.0550667
0.00458333
0.0134867
0.00327333
0.00666
0.0019
0.0641667
0.00926
0.00695
0.00103667
0.00103667
0.00623
0.04646
0.0294267
0.04465
0.00551333
0.0305
0.000446667
0.00274667
0.000183333
0
0.000183333
0
0
0
0
0
0
0.03165
0.000286667
0.00708
0.01111
0.00750667
0.00794
0.0176967
0.0288467
0.0683333
0.04673
0.07661
0.0486667
0
0
0
0
0
0
0.000523333
0.00162
0.00551667
0.00013
0
0.00534333
0.01043
0.00618
0
0
0
0.00067
0.00067
0
0
0.00121333
0.00121333
0.0131767
0.01321
0.00118
0
0
0
0
0
0
0
0
0
0
0
0
0
0
0
0
0
0
0
0.00647333
0.00792333
0
0
0.01759
0
0
0.04723
0
0.0434733
0
0.0224533
0
0.0129233
0.00021
0.00214
0.00218333
0.000336667
0.0120833
0
0
0.02773
0
0.00251
0.000233333
0.00310333
0
0.00312
0.02
0.00455333
0.109407
0.000313333
0.248797
0.11498
0
0.000136667
0.00217
0
0.306423
0.158243
0
0
0
0
0.04635
0.1935
0.172357
0
0.00146667
0.00135
0
0.000256667
0.0148067
0.0426933
0
0.000256667
0
0.0508467
0.06282
0.0572367
0
0.04803
0.00420667
0.000206667
0
0.04021
0.0312633
0.01851
0.0274833
0
0
0.0163467
0.00589333
0.0185267
0.0170467
0.00256
0.0422067
0.0458167
0.0224333
0.0136033
0.00291
0.000346667
0
0
0
0
0.00994333
0.0175733
0.00284333
0
0.000386667
0
0
0.0425267
0.000573333
0.00466
0
0.000336667
0.0453333
0
0
0
0.00726333
0
0.0191133
0.04104
0.03058
0.03436
0.0321367
0.04935
0
0
0.00119
0
0.12233
0.151473
0.0279033
0.0470333
0.0589567
0.130657
0.0475767
0.0348833
0.0486367
0.01163
0.0604
0.00269
0.000246667
0.0646033
0
0
0.00273
0
0
0.00615
0.000793333
0.0207767
0.0383833
0
0.00399667
0
0
0
0
0
0
0
0.00193667
0.00142333
0.00018
0.00018
0
0
0
0
0
0
0
0
0
0
0.000143333
0
0.000143333
0
0.000486667
0
0.000343333
0
0.000343333
0
0
0
0
0
0
0
0
0
0
0
0
0
0.00052
0.00701667
0.0480567
0.0225567
0
0.0051
0.0292133
0
0.00313333
0.00917
0.00361333
0.0117133
0.00858
0.0101733
0.0829067
0.00017
0.326983
0.0127033
0.431067
0.0454667
0.03828
0.02945
0.00596667
0.01641
0.00399667
0.0391967
0.0209167
0.00147
0.00095
0.0186067
0.00525667
0.00860667
0.0238133
0.0245367
0
0.0437233
0.0718633
0.0756833
0.0126033
0.134103
0.03007
0.00721
0.0234367
0.00343667
0
0
0
0
0.00013
0.00489
0.00547667
0.00677
0.02849
0.0292333
0.0397233
0.14216
0
0
0
0
0
0
0.00237667
0.0274367
0.01544
0.0146067
0
0
0.000346667
0
0.000346667
0
0
0
0
0
0
0
0
0
0
0
0
0
0
0
0.00305
0
0
0.00529333
0.0196933
0
0
0.02796
0
0.000773333
0.00180333
0
0.0120833
0.02142
0
0
0
0.0451067
0.0492433
0
0.00262333
0.00016
0.00016
0.00016
0
0.00635333
0.00262333
0.000176667
0.0415133
0
0.000176667
0
0
0
0
0
0
0
0.0157167
0.0193367
0
0.00234
0.00135
0.0211167
0
0.00259667
0
0.04592
0.0231633
0.01646
0.000256667
0
0.00762667
0.0174867
0.00188
0.03179
0.02304
0.0298433
0.00279
0.00188
0.00761
0.00505667
0.0105367
0.0225433
0.0142733
0.00347
0.000496667
0.00015
0
0.00074
0.000146667
0
0
0
0
0
0.000653333
0.00145667
0.00242667
0.01453
0.02201
0
0
0.000586667
0.00415667
0.000336667
0
0
0
0
0
0
0.00804333
0.01266
0.03563
0.0286767
0.0548733
0.06311
0.0376467
0
0.0353033
0
0
0.00119
0.0105867
0.00403
0.0273767
0.0258833
0.02863
0.0501167
0
0
0.000576667
0.00593333
0.02056
0
0
0
0.0199833
0.01941
0.00067
0
0
0
0
0
0.01191
0
0
0.0127267
0.00224
0.00206
0
0
0
0
0
0
0
0
0.000343333
0
0
0
0
0
0
0
0.0129533
0.0388767
0.0393567
0
0
0.00710667
0
0.00670333
0
0
0.0051
0.00983667
0.0388833
0.0667633
0.0391233
0.0149933
0
0.0179367
0.0429133
0.0475433
0.0189467
0.00017
0.00281
0.32589
0.0120733
0.0364067
0.189933
0.0567033
0.0578533
0.0377867
0.0242667
0.13443
0.0119567
0.0162333
0.0158667
0.0268
0.00752667
0.00330667
0.00052
0
0
0
0
0
0
0
0
0.00146
0.00109667
0.01743
0.0285867
0.0587
0.01882
0.0293967
0.0509033
0.00372667
0.00384667
0.00776333
0.00448333
0.000263333
0
0
0
0
0.00650333
0.000216667
0.000216667
0.246423
0.17832
0.2148
0.147657
0.000446667
0.000486667
0.000263333
0
0
0
0
0
0.00363
0.00846667
0.03388
0.05261
0.0703333
0.0567033
0.0909967
0.101307
0
0.04287
0
0.00116333
0.00676333
0.00555
0.0272967
0.0196867
0.0430433
0.0167667
0.0332067
0
0
0
0
0
0
0
0
0
0
0
0
0
0
0
0
0
0.00174
0.0016
0.01356
0
0.0143833
0.00451667
0.000563333
0
0
0
0.00025
0.047
0
0.000596667
0.00025
0
0.00539667
0.00166667
0
0.0279567
0
0.01267
0.00614
0
0.00418
0
0.0319367
0.02018
0
0.00229
0.0270967
0.00146333
0.00134333
0
0
0.00368333
0.0216767
0
0.0159433
0.00390667
0.00213667
0.00219333
0.01082
0.00355333
0.0353167
0.00582
0.0188433
0.0121933
0.0358867
0.0126567
0.02651
0.0488167
0.0138167
0.0128667
0.03714
0.0101367
0.00034
0.0465967
0.0147267
0.02365
0.00496333
0.000403333
0.000146667
0
0.00015
0
0
0
0
0.000716667
0.0002
0
0
0
0
0
0
0
0
0.00037
0.00117333
0
0
0.00820667
0.00428667
0.0264033
0.00351333
0.00343333
0.04816
0.04467
0
0
0.0117767
0.0445367
0.0716233
0
0
0
0
0.02995
0.0256833
0.0130633
0.00235
0.00628
0.00780667
0.0096
0.011
0.00619667
0.00106667
0.00351
0
0
0.000576667
0.00235333
0.0195267
0.01698
0.0262267
0
0
0
0
0
0
0
0.0377
0.0251833
0.00483333
0.000123333
0.000123333
0
0.02841
0.0475167
0
0
0
0
0
0.00155333
0
0.00169667
0
0.0153433
0
0.0141333
0.00757333
0.0178033
0.00415667
0.00849
0.00757333
0.000916667
0.00381333
0
0
0
0
0
0
0
0
0
0
0
0
0.0135133
0.000816667
0.00061
0
0.00752
0
0.00801
0.00766667
0.00664333
0.113007
0.0365967
0.000326667
0.00136
0
0.00531333
0.00553
0
0.00264
0.0668967
0.0687233
0.0695467
0.0829633
0.04457
0.0165767
0.00426667
0
0.0162633
0.02145
0.0186267
0.00662667
0.0371033
0.0575
0.04509
0
0
0
0
0
0
0.0518567
0.00379333
0
0
0.00763333
0.14858
0.0509133
0.00667667
0.00732
0.00714333
0
0
0.00126
0
0
0
0.00589333
0.00341333
0.0315233
0.0878167
0.118623
0.229193
0
0.0197133
0.00075
0.00075
0.00327333
0.000463333
0.00123
0
0.000693333
0.00057
0
0
0.000123333
0.000123333
0
0
0
0
0
0
0
0
0
0
0
0
0
0
0
0.00261667
0.00014
0.00261667
0.00281
0.000193333
0.0245133
0.0246433
0.000193333
0.0272167
0
0.0204833
0
0.00584667
0.000563333
0.00313333
0.00110333
0
0.00428
0.01505
0.02628
0.00686667
0.00579667
0.0151333
0.03814
0.00025
0
0.0282367
0.00455333
0
0
0.00222333
0
0
0.0240367
0
0
0
0
0.0142067
0.00028
0.02621
0.00101
0.000223333
0.0213333
0.00372333
0.00247333
0.00224
0.00303333
0.0164667
0.0584
0.02554
0.00950667
0.00286
0.000193333
0.0698533
0.0558567
0.00876333
0.00084
0.000193333
0
0.00013
0.000383333
0
0
0
0
0
0.000516667
0.000416667
0
0
0
0
0.0945
0.11335
0.12804
0.0770867
0
0
0
0
0
0
0.00037
0.01332
0.0257067
0.0520233
0.0587767
0
0.04891
0
0
0.00116
0.01287
0.0141733
0.0225433
0.0161467
0.00243667
0.0132833
0
0.00204333
0.00177667
0.00516667
0.00414667
0.0123567
0
0
0
0
0
0
0
0.000123333
0.00428667
0
0.06599
0
0
0.0414133
0.0477
0
0.00626
0.00206
0.000536667
0
0.000766667
0.00023
0.00023
0
0.00757333
0.0259133
0.0186167
0.00119333
0.000276667
0.000276667
0
0
0
0.00645667
0.00653667
0
0.00061
0.00061
0.00061
0
0.00069
0.0176633
0.00154333
0
0.0931967
0.0495867
0.0891633
0.0403933
0
0.000543333
0
0.00370333
0.00264
0.00635333
0.00576333
0.0302667
0.0306167
0.01977
0.0371467
0.0178467
0.0295133
0.0385633
0.0665033
0
0.000363333
0.000363333
0.00049
0.0127433
0.01474
0
0
0
0.0807733
0.00529667
0.00521
0
0
0
0.0647967
0.0248233
0.0309467
0.00310667
0
0.000223333
0
0
0.00154
0
0
0
0
0
0.15934
0.161677
0.226857
0.18081
0.00028
0.0387567
0.0759033
0.12952
0.00515333
0.00695333
0.0202733
0.0240533
0.03904
0.0434767
0.0360767
0.00122333
0.00151667
0.00091
0.000456667
0.00079
0
0
0
0
0
0
0
0
0
0
0
0
0.00028
0.00337333
0.00028
0.00599
0.0165
0.0230233
0.00310333
0.0127067
0.01284
0.0122833
0.00238667
0.00219333
0.0303567
0
0
0.01572
0.00054
0
0.00460667
0.01586
0
0
0
0.0315
0.0102733
0.0350033
0.0160133
0.04025
0.00532333
0.0005
0.00355333
0
0
0.0222867
0.02465
0
0
0.000333333
0
0
0.0459267
0.0464433
0.00086
0.00220333
0
0
0.0126067
0.00028
0.05438
0.0163067
0.0124733
0.00810667
0.00473667
0.00450333
0.00160667
0.00124
0.0515633
0.0769733
0
0.00074
0.09634
0.0762467
0.00074
0
0.00888667
0.000516667
0
0
0.0462367
0.0130067
0.0919167
0.0578333
0.00723
0
0
0
0.00037
0
0.00037
0.0158767
0.00373
0.0616567
0.0459833
0
0.0294533
0.0343033
0
0.00085
0.00201
0.0110933
0.0183633
0.00207
0.0320433
0.00102333
0.02565
0
0
0
0.000266667
0.00420333
0
0
0
0
0.00313667
0.00083
0.000153333
0.000153333
0
0
0.01225
0.01004
0.0008
0.0421867
0.0247233
0.00717333
0.0731767
0
0.05408
0.0228233
0
0.000536667
0.00809667
0.00593667
0.00023
0.0246933
0.00847667
0.0339567
0.01605
0.0663267
0.06354
0.0513833
0.0724867
0.0421833
0.00826
0.0193833
0.00444667
0.00196
0
0
0
0
0
0
0
0.00069
0.00069
0
0
0.000816667
0
0
0
0
0.01096
0.00154333
0.00154333
0
0
0.0683733
0.0671267
0.0183567
0.00946
0
0.000543333
0
0
0.000543333
0.00319333
0.00312333
0.00331667
0.00630667
0
0.00319333
0.00351667
0.0129767
0
0.0102667
0
0.0129
0.00236
0.0417033
0
0
0
0
0
0.000126667
0.00248667
0.0719033
0
0
0.0918167
0
0
0
0
0.0416467
0.0278
0.0507233
0.0311033
0
0
0
0.02972
0.01281
0.000253333
0
0
0.0900567
0.0938433
0.03203
0.00720333
0.000533333
0
0.00134
0.0125167
0.00382
0.0218233
0.07823
0.0977367
0.103237
0.169317
0.253573
0.16764
0.18796
0.0645367
0.0551967
0.166323
0.11622
0.03631
0.07312
0.227097
0.280727
0.110143
0.200077
0.350657
0.419263
0.439453
0.294083
0.188583
0.212973
0.3778
0.27055
0.202943
0.04136
0.08022
0.11477
0.295273
0.39771
0.473283
0.330607
0.191277
0.0739167
0.0237867
0.02242
0.00423667
0.10186
0.338857
0.450053
0.23238
0.0220767
0.221133
0.0628233
0.0124267
0.00253667
0.000266667
0.0107067
0.0250067
0.0326933
0.08853
0.22408
0.386893
0.284643
0.0645833
0.01257
0.0186
0.0626567
0.07992
0.23447
0.205427
0.18575
0.00079
0.0107467
0.0107467
0.00546667
0.00529333
0.00052
0.00185333
0.0152433
0.198347
0.223577
0.25742
0.111197
0.12293
0.0575267
0.0514433
0.00603
0.00653
0.0363633
0.03578
0.0502933
0.0253733
0.000203333
0.01036
0
0.00079
0.000396667
0.0137867
0.0453467
0.0789633
0.05418
0.00677667
0.0206567
0.0004
0.0154133
0.000203333
0
0.03156
0.0399467
0.0151633
0.000706667
0.00594667
0.000196667
0.00564333
0.000196667
0
0
0.00838667
0.00838667
0.00838667
0
0
0
0
0
0
0
0
0.00288
0.00028
0.0124733
0.00625333
0.0124733
0.0362533
0.00399667
0.02796
0.0137333
0.0223333
0.0196433
0.0102433
0.07076
0.0676867
0.00269
0.07361
0.000496667
0.01418
0.00054
0.00159333
0.00066
0.00155
0
0.00089
0.00110333
0
0.00025
0.000213333
0.00025
0
0.000213333
0
0
0
0
0
0
0
0.0141467
0.00327667
0.04084
0.03264
0.00028
0.0439167
0.0035
0.0192167
0.00153
0.0194333
0.0373733
0.01172
0.0497767
0.07377
0.08887
0.00852667
0.0262333
0.01122
0.0136267
0.09565
0.00516333
0.00314667
0.00594667
0.00470667
0.00240667
0
0.00137
0
0
0
0.11726
0.134533
0.0817933
0.0560467
0.000416667
0.00413333
0
0
0
0
0
0
0
0
0
0
0
0
0
0.00359333
0.01574
0.0151333
0.03729
0.0314833
0
0.00310667
0.00921333
0.0147933
0.00278667
0.01187
0.00871
0.00611667
0.00717333
0.04006
0
0.000256667
0.000256667
0.000266667
0
0.000153333
0
0.00530333
0.0201167
0.01103
0
0
0.0810933
0
0.0781467
0.05209
0
0.02772
0.00692667
0.00401667
0.00012
0.00715667
0.01494
0.00450333
0.00855
0.02143
0.0456467
0.0215867
0.0641867
0.07456
0.0859767
0.0985667
0.0919933
0.0910967
0.0631433
0.0333933
0.04529
0.00862
0.00417333
0.00168333
0
0
0
0
0
0
0
0
0
0
0
0
0.0110433
0
0
0
0
0
0.01896
0.00791667
0
0
0
0
0
0.0002
0
0.0002
0.00301
0
0.000426667
0.00076
0.000613333
0.00773
0
0
0
0
0
0.0248667
0
0
0
0
0.000126667
0.000126667
0.000126667
0.03799
0
0
0.07474
0
0
0
0
0
0
0.09187
0.0619067
0.0169067
0.0146633
0.03617
0.0590933
0
0.0118033
0
0
0
0.04401
0.00432
0
0
0
0
0.00338667
0.0120833
0.0762133
0.06801
0.109507
0.0273167
0.0359167
0.0551767
0.0867667
0.113907
0.0922467
0.07499
0.02696
0.0138333
0.00370667
0.00332667
0.0590233
0.0432133
0.0289233
0.0225867
0.0215733
0.00749333
0.06999
0.0182633
0.04143
0.0799867
0.0915033
0.08989
0.0940933
0.00467
0.000503333
0.114077
0.115313
0.0327333
0.0266633
0.0354233
0.08486
0.0816
0.02592
0.00807
0.0209767
0.0448667
0.111457
0.08205
0.0663133
0.02202
0.00833667
0.00906667
0.03582
0.01193
0.04124
0.0931267
0.01662
0.0283367
0.0245067
0.00783333
0.0180333
0.01626
0.0197933
0.00685
0.01619
0.104177
0.0200733
0.112593
0.0211
0.02329
0.0484433
0.0350267
0.03987
0.00328333
0.0101933
0.0204233
0.02545
0.0378633
0.01854
0.04298
0.0237133
0.0209033
0.00381667
0.02087
0.0189967
0.00259667
0.00101333
0
0.00032
0
0.00032
0
0
0.00111333
0.00132
0.000913333
0.000706667
0.00044
0.00044
0.00152667
0.000796667
0.000356667
0.00151333
0.000206667
0.00445
0
0.00346667
0.00382333
0.00712333
0.01566
0.0286233
0.0132267
0.05843
0.0436133
0.0364467
0.0113933
0.0873667
0.0897767
0.106607
0.001
0.0189767
0.0481867
0.000503333
0.00159333
0.00012
0.00012
0.00101
0
0
0.00089
0
0
0.0341467
0.04917
0.0460633
0.0388233
0.0328033
0.00807333
0
0.0251667
0.00325
0.00025
0
0
0.0398267
0
0
0
0.00074
0.00074
0.0311267
0
0
0
0
0.00362333
0.0058
0.0273967
0
0
0
0.0215167
0.0129767
0.00147
0.0482967
0.0746833
0.0127067
0.05095
0.0546167
0.0706567
0.0161767
0.00632667
0.01413
0.01002
0.00303667
0.00183667
0.00063
0.00063
0.019
0
0
0.0527467
0.07384
0.0438333
0.0345133
0.00502667
0
0
0
0
0
0
0
0
0
0
0
0
0
0
0
0
0
0
0
0.000233333
0
0
0.000233333
0.000353333
0.00905333
0.00193667
0.00472333
0.00012
0.00271333
0.00285
0.0138067
0.0261433
0
0
0.0448033
0
0.03849
0
0
0.02675
0.0263833
0
0
0.0105433
0.000343333
0.00216667
0.02702
0.03436
0.0416733
0
0.02246
0.04784
0
0.00107667
0.0137067
0.00746667
0.00473
0.0276067
0.0499933
0.09666
0.106853
0.12237
0.120327
0.0960933
0.10391
0.0278667
0.00168333
0.00417333
0.00168333
0
0
0
0
0
0
0.0009
0
0
0
0
0
0.0009
0
0
0
0
0.00881667
0.00791667
0
0
0
0
0.00198333
0.00218333
0.000796667
0
0.00499333
0.000796667
0.00316667
0.00304333
0.0127867
0.00237
0.000566667
0.00140667
0.000526667
0.00501
0
0
0.000163333
0.000163333
0.00140667
0.00140667
0.05402
0
0
0.09077
0
0
0
0
0
0
0.0527333
0.0171967
0.03271
0.0531
0
0.0115233
0.0192867
0.000253333
0
0.0228167
0.01576
0.0514833
0.0392933
0.01546
0.00531333
0
0.00204667
0.03829
0.03374
0.0858267
0.1061
0.0949567
0.0796033
0.162937
0.154423
0.0123167
0.00219
0.0702867
0.0568833
0.148437
0.100263
0.135917
0
0.0220333
0.0487867
0.0721933
0.0722033
0.0560233
0.12621
0
0.0300333
0.0567867
0.116923
0.0909133
0.10288
0.0130867
0.0167267
0.144873
0.16633
0.0116967
0.0533033
0.0565633
0.115337
0.0613
0.0459833
0.117393
0.0732967
0.0709067
0.0946967
0.0565667
0.08369
0.0561067
0.1703
0.19538
0.112607
0.0268167
0.110063
0.0737267
0.0728133
0.0185033
0.0229133
0.00259667
0.00052
0
0
0
0.00180333
0
0.00291667
0.00107333
0.0188633
0.0395133
0.0269033
0.0237733
0.0161
0.0227633
0.0168167
0.00746
0.0202333
0.03207
0.0512667
0.0412433
0.0443033
0.0579867
0.0622033
0.06243
0.0669133
0.05051
0.0129833
0.0117233
0.03486
0.00931
0.0413667
0.00384
0.001
0.0120133
0.00665333
0.01151
0.00185667
0
0
0
0
0
0
0
0.0202333
0.0261067
0.01882
0.0167967
0.00595333
0.00295333
0.00123333
0.00123333
0.01125
0.0124233
0.0074
0
0
0
0
0.00410333
0.00375667
0.0263533
0.0295433
0
0
0
0
0.0433933
0.03181
0.04398
0.000256667
0
0.000256667
0.00022
0.0190067
0.0189733
0.0816733
0.0500133
0.01294
0.02719
0.0322233
0.02566
0.03323
0.0237733
0.0309233
0.06715
0.00494333
0.00165333
0.000466667
0.00063
0.0107867
0.01063
0
0
0.0145267
0.00505
0.00131
0
0
0
0
0
0
0
0.00137333
0
0
0
0.00137333
0
0
0.0079
0
0.00931333
0.0126767
0
0
0
0
0.0204233
0
0
0
0
0
0
0.00019
0.00019
0
0.00387667
0.0140767
0.00493667
0.02865
0.0471967
0.00216667
0.0266467
0
0.0307067
0
0.03152
0.000333333
0.0400767
0.00141
0.0204733
0.0453267
0.00153333
0.04064
0.0239233
0.03415
0.0464067
0.0845
0.0335867
0.05077
0.0812133
0.0892633
0.0939967
0.05453
0.0595533
0.0725633
0.0293167
0.0387133
0
0
0
0
0
0
0
0
0
0
0
0
0
0
0
0
0
0
0
0.000596667
0.000596667
0
0
0.00579
0.000796667
0.00527333
0.0086
0.0178767
0.0150667
0.0118233
0.000923333
0.000246667
0.000163333
0.00880333
0.0100467
0.000246667
0.00473
0
0
0.00541
0
0
0.0388567
0.0384967
0
0
0
0
0
0
0
0.0455867
0
0
0.00567667
0
0
0
0
0
0.00957667
0.00199667
0.04248
0.0269633
0.000993333
0
0
0.00218333
0.0299933
0.0125567
0.00629667
0.0355567
0.0480167
0.0872667
0.118337
0.0896433
0.06645
0.20896
0.151187
0.130767
0.0428733
0.00181
0
0.0818567
0.109393
0.0771167
0.0984767
0.13695
0
0.04001
0.0629167
0.174327
0.141533
0.00443
0.0003
0.0797333
0.0556667
0.03065
0.0527467
0.10441
0.149263
0.0681733
0.00983
0.02275
0.13716
0.121367
0.04431
0.0173367
0.0873433
0.290323
0.306987
0.246573
0.119573
0.0346767
0.0662067
0.09567
0.13404
0.00556667
0.000416667
0.00301333
0.000836667
0.0002
0
0.00675
0.07117
0.0594667
0.0741933
0.10783
0.0850567
0.121457
0.0785433
0.0894333
0.02353
0.02529
0.00629667
0.0314767
0.0618933
0.00434333
0.0158533
0.0364567
0.00591667
0.0135567
0.000263333
0.00204667
0
0
0
0
0
0
0
0.00122
0.00825333
0.00444667
0
0
0
0.00290667
0.0321733
0.0277333
0.00827333
0
0
0.000256667
0.00575667
0.00733667
0.08527
0.0234333
0.00397333
0.000146667
0
0
0
0.00285333
0.00118667
0.00356333
0.00267
0.01399
0.02063
0.0242933
0.0142867
0.06812
0.00117
0
0.000146667
0
0.0277833
0.0200667
0.000466667
0.000933333
0
0.000156667
0
0.00389667
0
0.00120333
0.00374
0.00374
0.00257667
0.000166667
0.000166667
0.0241233
0.000366667
0.0002
0
0.0294467
0.0408
0
0
0
0.0226167
0
0
0
0.01811
0.0165633
0.000133333
0.000133333
0.0152367
0.00174333
0.000133333
0
0.0175333
0.00543
0.00382
0.00326
0.0365967
0.0282233
0.0488467
0.02006
0.00277
0.00649
0
0.00451667
0
0.0119233
0.0144167
0.00992333
0.00152667
0.0526567
0.0518067
0.0110467
0.0941733
0.05362
0.10468
0.0994333
0.0633967
0.0164167
0
0.00665
0.00247667
0
0
0
0
0
0
0
0
0
0
0
0
0
0.00117667
0
0
0
0.00371667
0.00177333
0.00254
0.00194333
0
0
0
0
0.00159333
0.0054
0.03236
0.02145
0.0218167
0.0239233
0.0314367
0.0157567
0.0204633
0.000923333
0
0.00880333
0
0
0
0.000926667
0.01214
0.00801667
0
0
0.00801667
0.00762
0.02257
0.03614
0.0475267
0.000566667
0
0
0
0
0.00152333
0.001
0.02884
0.0135833
0.00156
0
0.000136667
0.02111
0.00822333
0.0411067
0.0536667
0.0873667
0.0862233
0.109743
0.03612
0.00518333
0.17134
0.201173
0.0563333
0.0886767
0.125663
0.16108
0
0.0130333
0.151487
0.0003
0.00585333
0.174697
0.00454667
0.0102133
0.148037
0.02126
0.0651133
0.0707933
0.0342467
0.113403
0.11751
0.0528833
0.0632533
0.0923933
0.04292
0.0890367
0.148903
0.267233
0.156557
0.0324833
0.00889333
0.0504767
0.112267
0.0904633
0.00806
0.0479467
0.0597933
0
0
0.00180333
0.00336333
0.000363333
0.000363333
0.01931
0.0263033
0.10644
0.102457
0.158357
0.08496
0.0569867
0.0815333
0.0307533
0.0145967
0.0218767
0.01069
0.0019
0.00206
0.00541
0.03273
0.0319133
0.00112
0
0.000263333
0.00247
0
0
0.000423333
0.000423333
0
0
0
0
0
0
0
0.00136333
0.00013
0.00586
0.0066
0.00168667
0.0316233
0.00205333
0.00485333
0.04644
0
0
0.000903333
0.00116
0
0
0.00143
0.0129567
0.0132267
0.01465
0.00691333
0.00802667
0.02872
0.07925
0
0.000526667
0.03779
0.0348967
0.0509067
0.02216
0
0.00506667
0
0.00454
0.000366667
0
0.00851333
0.000366667
0.000156667
0.00120333
0.00517667
0.0267233
0.00049
0.000656667
0.000166667
0.0442967
0.0657067
0.0568867
0.0136567
0.0133667
0.0379533
0.0240433
0.01149
0.000646667
0.000446667
0.0158133
0.0118267
0.000983333
0.00357667
0.0228067
0.0118067
0.00214667
0.04057
0.0222633
0.0128133
0.0139967
0.00049
0.01324
0.01479
0
0
0.01489
0
0.00261667
0.00518333
0
0.00271333
0.00325333
0.000333333
0.000333333
0.00282667
0.0231467
0.01014
0.0365333
0.000813333
0.03868
0.01572
0.0411933
0.0538933
0.0484967
0.0486933
0.03125
0.01009
0.00313333
0
0.0260133
0
0.00311667
0.0128833
0
0.00247667
0
0
0
0
0.00117667
0
0
0
0
0.0141067
0
0
0
0
0
0.00399
0.0215067
0.01052
0
0.01771
0.01912
0.00708
0.0270733
0.0526567
0.0426467
0.01224
0.0473967
0.0238067
0.000923333
0
0
0
0
0.000926667
0
0
0.000926667
0.00505
0
0
0
0.00412333
0.00412333
0
0
0
0
0
0
0
0
0.00318333
0.0231567
0.03657
0.04737
0.0442
0.01095
0.0229733
0
0
0.000986667
0.000243333
0
0.000136667
0.00425
0.0287967
0.00470667
0.00436667
0.0119633
0.07987
0.06527
0.14209
0.05576
0.148623
0.126503
0.132133
0.13833
0.136503
0.12655
0.0087
0.000416667
0.0102033
0.0605067
0.103533
0.0140967
0.0962167
0.01774
0.0841233
0.0199967
0.00723333
0.00724333
0.0706667
0.05887
0.01764
0.225107
0.16771
0.136483
0.03644
0.00553333
0.01925
0.00284
0.000416667
0.000636667
0
0
0
0.0272167
0.0584267
0.02103
0.0754333
0.0563333
0.07788
0.0789467
0.05153
0.10518
0.150373
0.0470667
0.07513
0.00819333
0.00320333
0.00222
0.00167333
0.0280633
0.00192667
0.0380033
0.0397033
0.00111
0.0190967
0.00801
0
0
0
0
0
0
0
0
0
0.00013
0
0.00210333
0.02275
0.00669
0.0223
0.0239033
0.0247533
0.0423633
0.0246133
0.0146533
0.00889667
0.0117467
0.02561
0.0168633
0.0397633
0.05464
0.0414333
0.0169867
0.0345667
0.0122133
0.00302667
0.000466667
0.04318
0.0580567
0.000333333
0.000543333
0.0237267
0.03916
0.0317533
0.03231
0.000653333
0.0380867
0.01864
0.000653333
0
0.0567267
0.0367233
0.000223333
0.000713333
0.0266133
0.02876
0.00429
0.0381833
0.04923
0.03538
0.00310333
0.05616
0.0410033
0.0549633
0.00049
0.05179
0.0542233
0.0351333
0.02794
0
0
0
0.000113333
0
0.0271333
0.0134133
0.000113333
0.03013
0.05579
0.0599033
0.0619367
0.0277667
0.00078
0.00014
0
0
0
0
0
0
0
0
0
0
0
0.00279667
0.0137833
0.0208667
0
0
0.00239667
0.04215
0.0424667
0
0
0
0
0
0.000306667
0.000306667
0.00879
0
0.000213333
0
0.00291
0.01921
0.0260267
0.0377667
0.0219433
0.03799
0.0353633
0.04095
0.0571033
0.0412533
0.0113167
0.00285
0.000353333
0.0176633
0
0
0
0
0
0
0
0
0
0
0
0
0.0006
0
0
0
0.00316333
0.00818667
0.03876
0.0109833
0
0
0
0.00022
0
0.000253333
0.03603
0.0201467
0.00931667
0.00453333
0.0198633
0.0362833
0.04829
0.06453
0.05928
0.0975133
0.08203
0.00989667
0
0.00652333
0
0.0314167
0.01126
0.0977967
0.0903833
0.000116667
0.0624533
0.127153
0.11873
0.000496667
0.00092
0.000943333
0.0681867
0.0606433
0.06479
0.02061
0.0351667
0.0185333
0.00506667
0.04974
0.02582
0.00535667
0.0442467
0.0297667
0.01623
0.0172767
0.0785533
0.0989167
0.00635333
0.02355
0.00283333
0.00645
0.00443
0.00283667
0.000936667
0.0019
0.00542667
0.00352667
0.00550333
0.00197667
0
0
0
0
0.000303333
0.00186333
0.0115733
0.01484
0.00147667
0.000363333
0.0183
0.0462433
0.0427067
0.0299
0.02165
0.0902767
0.0651667
0.02455
0.04428
0.01874
0.0039
0.01176
0.00966667
0.00287333
0.00032
0
0.00372
0.00215
0
0
0.0260533
0.000253333
0.000253333
0.000253333
0.000253333
0
0
0.00596333
0
0.000423333
0.000423333
0
0
0
0
0
0
0.00197333
0.000236667
0.000603333
0.00343667
0.000603333
0.00389
0.05127
0.0298067
0.00557667
0.00661333
0.0132567
0.0345267
0.01242
0.0377833
0.00269667
0.00809
0.00946
0.0288767
0.00521
0.00973333
0.00453
0.0220167
0.0094
0.01348
0.00607333
0.0143133
0.00148667
0.000833333
0.000223333
0.0255433
0.00305333
0.00412333
0.00273667
0.0443533
0
0
0.0279433
0
0.00310667
0.00518667
0
0
0.00583333
0.00222667
0
0.0148067
0.0253833
0.00537333
0
0.0526133
0.0453533
0.0230133
0.0467667
0.0360833
0.0130167
0.00746667
0.00051
0.0123
0
0
0
0
0
0
0
0
0
0
0.00177667
0.00162
0
0.0100367
0
0.0375867
0.00549
0.0368333
0
0
0
0.000306667
0.00291
0.0348667
0.0359367
0.00891333
0.0131567
0.000336667
0.000213333
0
0
0
0
0
0.01371
0.000123333
0
0
0
0
0
0.00249667
0.00249667
0.01736
0.0174667
0.0111067
0.02102
0
0
0
0
0
0.0118067
0
0.000353333
0.00285
0
0
0.000353333
0
0
0
0
0
0
0
0
0
0
0.00044
0
0
0
0.00107667
0.000636667
0
0.000636667
0.01683
0.0399
0.03296
0.0144067
0.000223333
0.03174
0.03016
0
0
0
0.000813333
0.00022
0.000253333
0.000876667
0.01289
0.0590733
0.0655867
0.0431333
0.0284067
0.0104733
0.0648167
0.05284
0.0379133
0.0653867
0.0409667
0.0275633
0.0530733
0.00652333
0.0316333
0.0470133
0.04646
0.0207467
0.08161
0.0305933
0.07483
0.07096
0.0403767
0.01236
0.00038
0.00190667
0.00482
0.0122033
0.02962
0.03435
0.0998633
0.114833
0.12259
0.0604067
0.02351
0.00604667
0.00149
0.00166
0.00726
0.02088
0.02291
0.0525867
0.04134
0.0352967
0.0152567
0.0131233
0.0252267
0.01509
0.00561333
0.0273233
0.0196967
0.00082
0.00619667
0.0118867
0.0526167
0.132397
0.130337
0.166443
0.08265
0.05563
0.00614333
0.0148167
0.0296767
0.05317
0.12098
0.207907
0.194547
0.157663
0.04881
0.0330733
0.00321667
0.0210433
0.04281
0.06992
0.00861333
0.00518333
0.0178467
0.000426667
0.000636667
0.00483667
0.03566
0.0346433
0.0368767
0.0329367
0.03758
0.00111
0.00275667
0.0087
0.03937
0.118767
0.173567
0.251923
0.24686
0.234773
0.127337
0.08201
0.00494333
0.00274667
0.0614033
0.16584
0.163647
0.16883
0.0618167
0.0349133
0.00402667
0.0168567
0.0488133
0.0454533
0.00547667
0.00153667
0.0041
0.00487333
0.00541667
0
0
0.0484633
0.10075
0.2039
0.09689
0.0232533
0.0044
0.00220333
0
0
0.00462667
0.00648
0.0324333
0.0564367
0.0023
0.01513
0.0182167
0.0341133
0.0314333
0.0435233
0.0190933
0.00757333
0
0
0.00250333
0.0893
0.185673
0.160423
0.159803
0
0
0
0.0351033
0.0342767
0.0317067
0.00307667
0.00205
0.02808
0.0483533
0
0.00250333
0.01754
0.01702
0.0364933
0.0509967
0.0499533
0.0204133
0.00156
0
0
0.000303333
0.00215667
0.00234
0.00665667
0.00583
0
0.00522667
0.00333667
0.0140733
0
0.03203
0.0311033
0.0321567
0.00261667
0.00156
0
0
0.00208
0.00189667
0.00102667
0
0
0
0
0.00198333
0.00249
0.00156333
0.00105667
0
0
0.00531333
0.00588
0
0.000833333
0.000833333
0.000673333
0.000673333
0.00111333
0.00946
0.0108067
0.00704333
0
0
0.000326667
0
0.00716667
0.00751333
0.00751333
0.0160733
0.0103467
0.00617333
0.000326667
0.04151
0.00798
0.00197667
0.00636333
0.000326667
0.0407067
0.01105
0.00993667
0.00970333
0.0039
0.0039
0.00046
0
0
0
0.0038
0
0.0264533
0.0283533
0
0.0319233
0.00967333
0
0.00594333
0
0
0
0
0
0
0
0
0
0
0
0
0
0.000236667
0.000236667
0.00146333
0.00394667
0.00547
0.00352333
0.00529667
0.01303
0.00432667
0.00295
0.0136
0.00215667
0.00342
0.00723333
0.0153167
0.00235333
0.00028
0.00054
0.0224867
0
0
0.00154333
0
0.02175
0.00154333
0.00113333
0.00922333
0.00166667
0.000523333
0.000523333
0.0038
0.000123333
0.00357667
0.01631
0.0215967
0
0
0.0334233
0.02664
0
0
0
0
0
0
0
0
0
0
0.0403067
0.0368833
0.0180567
0.02187
0.0329733
0.01596
0.0122867
0.000766667
0
0
0
0
0
0
0
0
0.000156667
0
0
0
0.00841667
0
0.01586
0.00943667
0.00309333
0.01971
0.01338
0.00449667
0.01615
0.0148267
0.00472667
0.00027
0.00189333
0.00416
0.00732
0.00460333
0.000146667
0
0
0.00049
0.00049
0.000146667
0.000146667
0.000146667
0
0
0
0.00129667
0
0
0
0
0
0
0
0
0.00117333
0.00161333
0
0
0
0
0.00210333
0.00024
0.00084
0
0.00084
0.00147667
0.0139133
0.01665
0.00528667
0.00084
0
0.000223333
0.00233
0.000143333
0.000143333
0.00663667
0.00176
0.0207067
0.04754
0.000933333
0
0
0.00401667
0
0
0
0
0.0357233
0
0
0
0.00203333
0.0140033
0.0053
0.000143333
0.000143333
0
0
0
0
0
0
0
0.00017
0
0.00063
0.00046
0
0.00197
0.0057
0
0
0.00413333
0.000403333
0
0
0
0
0
0
0
0
0
0
0
0
0
0
0
0
0.0176133
0.000803333
0.000803333
0
0.01513
0.00142667
0.00489667
0.000803333
0.00097
0.00299
0.00435333
0.00409333
0.00026
0.00026
0
0
0.0432667
0.04313
0
0
0.04203
0
0.000123333
0.0003
0.000123333
0.000123333
0
0
0
0
0
0.00886333
0.0106667
0.00388333
0
0.00208
0.00208
0
0
0
0
0
0.00246
0.000233333
0
0.0114333
0.0111667
0
0
0.01869
0.01139
0.000416667
0.01498
0.00722333
0.00606
0.00051
0.00051
0
0
0.000626667
0
0
0
0
0
0
0
0
0
0
0
0
0.000156667
0.00117667
0.00942
0.00364
0.00140333
0.0214133
0.0210133
0.00140333
0.05679
0.03769
0.0663
0.0262167
0
0.04935
0.0283667
0
0
0.0310867
0.00631
0
0.00880667
0.00501333
0.00117333
0.00379333
0.0102233
0
0.0245133
0.01654
0.01115
0.000673333
0.00193667
0.00024
0.01694
0.04766
0.03483
0.03734
0.00511333
0.0166967
0.00114667
0.00045
0.00116667
0.00370667
0.00407667
0.00113667
0.00920667
0.05389
0.0521033
0.0643467
0.0212567
0.0386167
0.0147567
0.00741
0.00896333
0.00171333
0.00288333
0.00272333
0.01023
0
0
0.0294733
0.0376367
0.00586333
0
0
0
0.0390567
0
0
0
0.00341
0
0
0
0
0
0
0
0
0.00017
0
0.00017
0
0
0
0
0
0
0
0
0.00373
0
0.00373
0
0
0
0
0
0
0
0
0
0
0
0
0
0
0
0
0
0.00858333
0
0.0248167
0.0110667
0.0528367
0.0300733
0
0.000313333
0
0
0
0.0148633
0
0
0
0
0.0045
0.01663
0
0
0.0261367
0.0456033
0
0
0.0400033
0.0365667
0
0
0.01709
0.00972667
0.00839
0
0
0
0.0003
0
0
0
0
0.00180333
0
0
0.00180333
0.00180333
0
0
0
0
0
0
0
0
0
0.000233333
0
0
0
0
0.000416667
0.00423
0.000416667
0.00381333
0
0.00444
0
0.000626667
0
0.000626667
0
0
0
0
0
0
0
0
0
0
0
0
0
0
0
0
0
0.00260667
0
0.0249433
0.0123167
0
0.0345233
0.0444433
0
0.06469
0.04526
0.04407
0.0242167
0.0266667
0.00202333
0.0106333
0.00102667
0.00438667
0.0140467
0.0377267
0.0237033
0.00952
0.0362267
0.0573333
0.00242667
0.00300667
0.01626
0.02697
0.0195167
0.0165767
0.00136333
0.000196667
0.0116733
0.00904
0.0198667
0.0377733
0.00452
0.01449
0.02004
0.03726
0.03998
0.0316267
0.00201667
0.000303333
0.00184667
0.00179667
0.0156867
0.00350667
0
0
0.0165333
0.00447
0.0149267
0
0
0.00326667
0.00338333
0
0
0
0
0
0
0
0
0
0
0
0
0
0
0
0
0
0
0
0
0
0
0
0
0
0
0
0
0
0
0
0
0
0
0
0
0
0.00099
0
0.0159433
0.00957333
0.00136
0.04828
0.0453667
0.0287033
0.00167333
0.0196233
0.0200733
0.0535967
0.0507733
0
0.000313333
0.00212333
0.0271233
0.0168433
0.01646
0
0
0.00275
0.00102333
0.00115333
0
0
0
0.000833333
0
0
0.00248
0
0.0205367
0
0
0.00983
0.00246667
0.00163667
0
0
0
0
0
0
0
0
0
0
0
0
0
0
0
0
0
0
0
0
0
0
0
0.000233333
0.00219333
0.00208
0.00375333
0.00179333
0.00167333
0
0
0
0
0
0
0
0
0
0
0
0
0
0
0
0
0
0
0
0
0.000143333
0
0
0.01256
0.00985333
0
0
0.0238567
0
0.00190333
0.02235
0
0.00085
0.000593333
0.00193667
0.0017
0.0093
0.01706
0.0380467
0.00120667
0.00103667
0.00102667
0.04591
0.05928
0.0132367
0.00524
0.00879667
0.00519667
0.0392967
0.0448433
0.0189967
0.0372867
0.03427
0.0497833
0.0323067
0.01036
0.0100567
0.0316933
0.00326667
0.0132967
0.0513833
0.0274267
0.04767
0.01135
0.00421
0.02022
0.02832
0.0602467
0.0462267
0.0496367
0.0589367
0.0244733
0.00610333
0.00430667
0.0160733
0.0463567
0.0647133
0.08092
0.0505533
0.0306467
0.00477333
0.000303333
0.00166
0.00166
0
0.00274667
0
0
0.00120333
0
0
0
0
0
0
0
0
0
0
0
0
0
0
0
0
0
0
0
0
0
0
0
0
0
0
0
0
0
0
0
0
0
0
0
0
0
0
0
0
0
0
0
0
0
0
0.00135667
0.00099
0.00136
0.00561
0.01894
0.00772667
0.0470367
0.07736
0.0393767
0.0518833
0.04495
0.0352367
0.0607367
0.132923
0.11919
0.02262
0.0869467
0.01228
0.0226833
0.0291
0.00388
0.00207
0.0289433
0.0130633
0.0159967
0
0
0.00528667
0
0
0.00013
0
0
0
0
0.00164667
0.00164667
0
0
0.00901
0
0.00764
0
0
0.00847
0
0
0.00083
0.00110667
0
0
0
0
0
0
0
0
0
0
0
0
0
0
0
0
0
0
0
0
0
0
0
0
0
0.00012
0.00012
0
0
0.00012
0
0
0
0
0
0.000403333
0
0.000403333
0.00303
0
0
0.00262667
0.00343667
0
0
0
0.00081
0
0
0
0
0
0
0
0
0
0.000143333
0.00285
0.00056
0.00341
0
0
0
0.00056
0.00085
0.00198333
0
0
0.00958333
0.0185967
0.00272
0.0393
0.0119233
0.00332333
0.05368
0.0312567
0.04176
0.02243
0.0269167
0.00693333
0.01383
0.0495
0.0419633
0.02094
0.0250433
0.0314633
0.04891
0.0148233
0.0237467
0.00049
0.00035
0.00463
0.01643
0.0481867
0.0740167
0.0883933
0.0650533
0.0376733
0.00317667
0.0116133
0.00042
0
0
0
0.000116667
0
0
0.000116667
0.000116667
0.000116667
0
0
0
0
0
0
0
0
0
0
0
0
0
0
0
0
0
0
0
0
0
0
0
0
0
0
0
0
0
0
0
0
0
0
0
0
0
0.00425
0.02017
0.00054
0.0127433
0.03687
0.05225
0.0555467
0.0430133
0.0738467
0.0464567
0.0168267
0.124733
0.0683967
0.04142
0.0216433
0.138957
0.11001
0.08372
0.136427
0.105243
0.0977967
0.0979567
0.06147
0.0465467
0.0162
0.00753
0.00207
0.0195933
0.01041
0.0322467
0.00127
0.00431
0.00075
0.00369
0
0.00013
0.00013
0
0
0
0
0
0
0
0
0
0.000276667
0
0
0
0.000276667
0
0
0
0
0
0
0
0
0
0
0
0
0
0
0
0
0
0
0
0
0
0
0
0
0
0
0
0
0
0
0
0
0
0
0
0
0
0.01725
0
0.0176567
0.0203267
0
0
0.00610667
0.00912667
0
0.00383
0
0
0
0
0
0
0
0
0
0
0
0
0
0
0
0
0
0
0
0
0
0
0
0
0
0.000153333
0
0.00113333
0.0106567
0.000153333
0.0109967
0.0180367
0.0132233
0.04463
0.0392167
0.0161333
0.0259
0.0551533
0.0411833
0.0161033
0.0201133
0.0316533
0.00923667
0.05163
0.0478067
0.0259033
0.0241633
0.02484
0.0756767
0.06527
0.0426667
0.0052
0.0173833
0.00259667
0.0390033
0.0521967
0.0667767
0.000323333
0.0140867
0.05376
0.0255867
0.04085
0.0439333
0.00885667
0.0107133
0.000116667
0
0
0.000323333
0
0
0
0
0
0
0
0
0
0
0
0
0
0
0
0
0
0
0
0
0
0.000143333
0.000143333
0
0.000286667
0
0.000143333
0
0
0.000143333
0
0
0
0
0
0
0
0
0
0
0
0
0
0
0
0
0
0.000346667
0.00814
0.000173333
0.00425
0.00518667
0.00151333
0.02789
0.0232933
0.0352733
0.01044
0.0415467
0.00966
0.0133767
0.00589333
0.0339733
0.06374
0.0689233
0.06605
0.0433367
0.0357233
0.0100933
0.000673333
0
0.00864667
0.0413733
0.0269567
0.000153333
0
0
0
0
0
0
0
0
0
0
0
0
0
0
0
0.000276667
0
0
0
0
0
0
0
0
0
0
0
0
0
0
0
0
0
0
0
0
0
0
0
0
0
0
0
0
0
0
0
0
0
0.00332
0
0.00372333
0.0151633
0
0.0260633
0
0.0465333
0
0.04039
0.0442767
0
0.0272333
0.0226367
0.00453
0.0007
0
0
0
0
0
0
0
0
0
0
0
0
0
0
0
0
0
0
0
0
0
0
0
0.00294667
0
0
0.00707
0.0136033
0.0031
0.0169333
0.0402233
0.07998
0.0416933
0.0569933
0.0480267
0.0818367
0.0292433
0.0231867
0.0249133
0.01415
0.04172
0.0531067
0.0766067
0.02558
0.0345133
0.02162
0.0168333
0.00956333
0.01931
0.0638067
0.01691
0.04167
0.00572333
0.00228667
0.01563
0.0142367
0.0141067
0.00241333
0
0
0.00196333
0
0.00044
0
0
0
0
0
0
0
0
0
0
0
0
0
0
0
0
0
0
0.00141333
0.00141333
0
0
0.0104133
0.00914333
0
0.00928667
0
0.0118833
0
0.00288333
0
0
0.00274
0
0.0005
0.0005
0
0
0
0
0.000286667
0
0
0
0.000286667
0
0
0
0
0
0
0
0.000293333
0.000173333
0.000936667
0.000936667
0.000653333
0.00640333
0.00669333
0.0139533
0.00808667
0.000576667
0.000733333
0.000566667
0.00201
0.0231867
0.0155733
0.0106067
0.000306667
0.0187867
0.0215367
0.0384
0.00118667
0.000153333
0
0
0
0.000306667
0
0
0
0
0
0
0
0
0
0
0
0
0
0
0
0
0
0
0
0
0
0
0
0
0
0
0
0
0
0
0
0
0
0
0
0
0
0
0
0
0
0
0
0
0
0
0
0.000633333
0
0.00395333
0.00541667
0
0.0162233
0
0.0265433
0
0.0459533
0.0567
0
0
0.0611667
0
0.04617
0.0246833
0.00993
0.00405333
0
0
0
0
0.000386667
0.000386667
0
0
0
0
0
0
0
0
0
0
0
0
0
0
0
0
0
0
0
0.0006
0.0174867
0.00506
0.00354667
0.0499067
0.0264767
0.0336267
0.0398167
0.0193067
0.08172
0.0835767
0.01503
0.02548
0.05054
0.0116267
0.00988
0.00959667
0.0140667
0.01732
0.0154733
0.00406
0.0143767
0.01502
0.01902
0.0377433
0.0404533
0.00196333
0.00380667
0.00184333
0.00228333
0
0.000443333
0.000883333
0.00044
0.000883333
0
0
0
0
0
0
0
0
0
0
0
0
0
0
0
0.00141333
0
0.01401
0
0.02301
0
0.0470833
0
0.0372267
0
0
0.03283
0.00734333
0.0005
0.0005
0.00927333
0.00460333
0.00927333
0.00906
0.01854
0
0
0.0174067
0.00976667
0
0
0
0.000286667
0.00805
0.00792667
0.000123333
0.00012
0
0
0
0
0
0.000243333
0.000243333
0.000243333
0.000363333
0.0211233
0.000476667
0.00322667
0.00409
0.00305667
0.00103333
0
0
0
0
0
0.00017
0
0
0
0
0
0
0
0
0
0
0
0
0
0
0
0
0
0
0
0
0
0
0
0
0
0
0
0
0
0
0
0
0
0
0
0
0
0
0
0
0
0
0
0
0
0
0
0
0
0
0
0
0
0
0
0.000633333
0
0
0.00209667
0.00146333
0
0.00526667
0
0.0189067
0
0.03963
0.0493767
0
0
0
0.05145
0.0402567
0
0
0.0202233
0
0
0.00374
0.00412667
0.000773333
0
0
0.000386667
0
0
0
0
0
0
0
0
0
0
0
0
0
0
0
0
0
0.00211333
0.0006
0
0
0.00152667
0.0283167
0.0414667
0.00859667
0.0118633
0.00495
0.00342333
0.0540667
0.00425
0.0561467
0.0526067
0.0685833
0.00703
0.0143133
0.0546167
0.0165767
0.00567667
0.0669
0.0402767
0.0191133
0.0358967
0.02964
0.00884667
0.00267667
0.00383
0.00198333
0.00053
0.00053
0.000973333
0.00015
0.00068
0.0147667
0.00916
0.0229533
0
0.00063
0.00015
0.00653333
0.00648333
0.000136667
0.00885333
0.000136667
0
0
0.000253333
0
0.000533333
0.00101333
0.000116667
0
0.000533333
0.00032
0.000436667
0
0.00531667
0.00374667
0.0175933
0.00374667
0.00439
0.0633067
0.0428167
0.000643333
0.06927
0.00979333
0.04865
0.0179233
0.0415133
0.0313167
0.0241867
0.00562667
0.0418433
0.0433833
0.0409967
0.0220167
0.0127567
0.00102333
0.00102333
0.0102733
0.00596
0.00373667
0.00361333
0
0
0
0
0
0.000123333
0.000123333
0
0.00017
0
0
0
0
0
0
0
0
0
0
0
0
0
0
0
0
0
0
0
0
0
0
0
0
0
0
0
0
0
0
0
0
0
0
0
0
0
0
0
0
0
0
0
0
0
0
0
0
0
0
0
0
0
0
0
0
0
0
0
0
0
0
0
0
0
0
0.000176667
0
0.00398
0.0105267
0.0337367
0.0389033
0
0
0.04335
0
0.02016
0
0.0147333
0.0115767
0.000583333
0
0
0
0
0
0
0
0
0
0
0
0
0
0
0
0
0
0
0
0
0
0
0
0
0
0
0
0
0
0
0
0
0.00151333
0
0
0
0
0.0159333
0.0172233
0.01529
0.00152667
0.000156667
0.00168333
0.000156667
0.02973
0.00886667
0.018
0.0173867
0.0298933
0.00848667
0.0190367
0.03007
0.0392567
0.0243367
0.0458367
0.0251333
0.02397
0.00110667
0.000606667
0
0.00295667
0.00228
0.01408
0.02574
0.00250333
0.0201767
0.0565633
0.10388
0.13208
0.0520067
0.01809
0.00949
0.0139467
0.0400867
0.116707
0.16118
0.0861833
0.0123467
0.00862667
0.149767
0.226387
0.360393
0.287753
0.0551233
0.00343
0.00428
0.0248633
0.02873
0.151993
0.246943
0.399957
0.28065
0.123017
0.0986667
0.02392
0.00569667
0.0077
0.472313
0.42914
0.31838
0.176297
0.01939
0.03933
0.09001
0.198807
0.254557
0.42074
0.309183
0.106117
0.0278767
0.0345567
0.0326033
0.345063
0.316633
0.134707
0.0935367
0.0359867
0.0552467
0.0247933
0.04083
0.0861067
0.14744
0.138117
0.23049
0.192273
0.19529
0.0911167
0.0589633
0.0183633
0.0365567
0.06003
0.0555167
0.04942
0.0744367
0.0958733
0.0435133
0.0129167
0.0423267
0.0521367
0.0412
0.0543833
0.0422467
0.00803667
0.0192533
0.0267433
0.01849
0.00413
0.000516667
0
0
0
0
0
0
0
0
0
0
0
0
0
0
0
0
0
0
0
0
0
0
0
0
0
0
0
0
0
0
0
0
0
0
0
0
0
0
0
0
0
0
0
0
0
0
0
0
0
0
0
0
0
0
0
0
0
0
0
0
0
0
0
0
0
0
0
0.000176667
0.000176667
0
0
0.000176667
0
0
0.00672333
0
0.00800667
0
0.0169767
0.0106267
0.00936333
0.000393333
0.000196667
0
0
0
0
0
0
0
0
0
0
0
0
0
0
0
0
0
0
0
0.000576667
0.000576667
0
0
0.000576667
0.00224333
0
0
0.00166667
0.00308667
0
0
0.00142
0.00182333
0.00215667
0.00215667
0.000403333
0.000403333
0
0.00129
0.00344667
0
0.00136333
0.00136333
0.00136333
0.00313333
0.00177
0
0
0.000676667
0.00344667
0.00406
0.00227
0.0005
0
0.000676667
0
0
0
0
0
0
0
0
0
0
0
0
0
0
0
0
0
0
0
0
0
0
0
0
0
0
0
0
0
0
0
0
0
0
0
0
0
0
0
0
0
0
0
0
0
0
0
0
0
0
0
0
0
0
0
0
0
0
0
0
0
0
0
0
0
0
0
0
0
0
0
0
0
0
0
0
0
0
0
0.00146
0
0
0.00146
0.00165667
0
0
0.000196667
0
0.000196667
0
0
0
0
0
0
0
0
0
0
0.000576667
0.00282333
0.00044
0.01661
0.00304
0.00044
0.01603
0.0400933
0.0135133
0.0277267
0.0290933
0.0146467
0.0109133
0.00485667
0.00511
0.00415
0.00207667
0.000683333
0.00373333
0.00373333
0.00111667
0.000713333
0.000713333
0
0
0
0
0
0
0
0
0
0
0
0
0
0
0
0
0
0
0
0
0
0
0
0
0
0
0
0
0
0
0
0
0
0
0
0
0
0
0
0
0
0
0
0
0
0
0
0
0
0
0
0
0
0
0
0
0
0
0
0
0
0
0
0
0
0
0
0
0
0
0
0
0
0
0
0
0
0
0.00038
0
0
0.00038
0.000533333
0
0
0.000153333
0.000153333
0.00078
0
0
0
0.000626667
0
0
0
0
0
0
0
0
0
0
0
0
0
0
0
0
0
0.000113333
0
0
0
0.000113333
0
0.00164
0.00164
0.00292
0.0119133
0.00718333
0.00388667
0.00516667
0.0247067
0.00751
0.00044
0.0173133
0.0242533
0.0416633
0.0225767
0.01011
0.0476133
0.0249767
0.0460567
0.0159167
0.0390233
0.0474
0.0478467
0.02642
0.0382333
0.0125567
0.0137933
0.000126667
0.000326667
0
0
0.00253667
0.00322
0.01568
0.0168767
0.0271067
0.0290367
0
0.000683333
0.00441667
0.00156333
0.0002
0
0
0.000683333
0
0
0
0
0
0
0
0
0.000463333
0.000463333
0
0
0
0.00270667
0.00342
0.00117667
0.00117667
0
0
0
0
0
0.000623333
0.00108667
0.0154567
0.0138367
0.0117667
0.02334
0.00158
0.00992667
0.000403333
0
0
0
0
0
0
0
0.000623333
0
0
0
0
0
0.00069
0
0
0
0.00069
0
0
0
0
0
0
0
0
0
0
0
0
0
0
0
0
0.00369667
0
0
0
0.00047
0.00416667
0
0
0
0.00085
0.00402667
0.00734333
0.03172
0
0
0
0
0
0.00371
0.0104567
0.03515
0.04974
0
0
0
0.0288267
0
0
0
0.00790667
0.00840333
0.01171
0
0
0
0.000626667
0.00127667
0.00458333
0
0
0
0.00065
0.00065
0
0
0
0
0
0
0
0
0
0
0
0
0.00693667
0
0
0
0
0
0
0.0138933
0.00735667
0.03465
0.000316667
0.000316667
0.000113333
0
0.0004
0.0399967
0.01964
0.05473
0.00249333
0
0
0.000316667
0.00504667
0.00484333
0.00168
0.01697
0.048
0.00249333
0.000316667
0.000633333
0.00508
0.00949333
0.00596667
0.02013
0.0192333
0.0297
0.01767
0.0167733
0.00274667
0.000316667
0.0332033
0.0147533
0.0170333
0.000253333
0.000316667
0.00285333
0.0073
0.03101
0.00707667
0.00377
0.00038
0.000253333
0.00958333
0.00123667
0.00131333
0.01285
0.02491
0.0476133
0.0444233
0.0376467
0.0151533
0.000833333
0
0
0.04919
0.0436267
0.00680667
0.000833333
0
0
0.00069
0.0122267
0.01381
0.0281367
0.0258267
0.0295267
0.0187867
0.00956
0.000423333
0.000423333
0
0.00401
0.000423333
0
0
0.000716667
0.000513333
0.00278667
0.0283567
0.03707
0.128507
0.106523
0.170663
0.0773767
0.0923533
0.0189867
0
0
0.00441333
0.00565667
0.00545333
0.0221633
0.0036
0.01225
0.0134933
0.0310233
0.0961667
0.184937
0.33969
0.3474
0.463833
0.302073
0.2821
0.0755567
0.0587567
0.00536333
0.00176333
0
0.03638
0.0284433
0.0862633
0.202503
0.36716
0.617847
0.70681
0.72692
0.46397
0.29244
0.09377
0.0438133
0.0052
0.05045
0.04127
0.00343667
0
0.0514233
0.154837
0.204237
0.50259
0.53261
0.667977
0.42281
0.310223
0.127513
0.0597733
0.0216733
0.00395
0.0249533
0.03901
0.0429633
0.104777
0.000513333
0.105663
0.127307
0.25963
0.241833
0.269647
0.13617
0.106623
0.0364733
0.0192633
0.00154
0.000513333
0.00718667
0.00573
0.02745
0.0430733
0.0763367
0.10473
0
0.00247667
0.0238733
0.0354933
0.0653067
0.0689333
0.0221767
0.0192633
0.00154
0.00102667
0
0
0.00499667
0.0217167
0.0231367
0.00945667
0.0145567
0.0229433
0.02031
0.00692
0.00298
0.000513333
0
0
0.0327933
0.03976
0.05635
0.04962
0.0303967
0.0189867
0.00496
