0.145187
0.1057
0.111483
0.0620033
0.08359
0.0897467
0.110257
0.110587
0.0577267
0.0335533
0.0276367
0.00189667
0.00189667
0.0347867
0.02532
0.05234
0.0710633
0.0256767
0.02595
0.01963
0.0904467
0.00037
0.00033
0.02938
0.000246667
0.05027
0.00781333
0.1549
0.0252733
0.0102667
0.134623
0.12368
0.155643
0.127973
0.21512
0.107207
0.158133
0.227433
0.0522167
0.0679967
0.0299833
0.0247733
0.05159
0.07342
0.0365033
0.131067
0.0800367
0.116463
0.113363
0.105333
0.0626833
0.09945
0.0380933
0.0600133
0.102663
0.164587
0.231863
0.132243
0.233707
0.154523
0.120337
0.0326533
0.0591567
0.2116
0.20113
0.122187
0.0984367
0.01412
0.0406233
0.05809
0.109917
0.12755
0.124667
0.06072
0.06871
0.00321667
0.0110767
0.0201733
0.00024
0.00182667
0.00037
0.00690667
0.00730333
0.0116567
0.0183233
0.0371667
0.0642933
0.0119833
0.03239
0.04879
0.0234167
0.0398767
0.0244167
0.0285967
0.0334433
0.02954
0.01778
0.04436
0.01939
0.0107767
0.00176
0.00013
0.0133233
0.00277
0.01709
0.0212067
0.03958
0.03518
0
0
0.0332633
0
0.0576833
0.03572
0.000636667
0.000636667
0.00956333
0.0394233
0.000636667
0.0112033
0.00425333
0.000963333
0.00354
0.00575
0.00105333
0.0031
0.00213667
0.00392
0.00339
0.00187333
0
0.00187333
0.00577667
0.00577667
0.00686333
0
0
0.00019
0.00133
0.00672667
0.00691
0.00921667
0.01315
0.0139067
0
0
0.01239
0
0
0.00512667
0.00804333
0
0
0.00294333
0.00113667
0
0
0.000806667
0
0
0
0
9e-05
9e-05
9e-05
0.00230333
0.00230333
0
0
0
0
0
0.00108667
0
0
0
0.00108667
0
0
0
0.00035
0.00054
0.00990667
0
0.0147367
0.0248033
0
0
0.0186033
0.0216133
0
0
0.00646333
0.00420333
0
0.00106
0
0
0
0
9.33333e-05
0
9.33333e-05
0
0
0
0
0
0
0
0
0
0
0
0
0
0
0
0
0
0
0.000773333
0.000423333
0.00475667
0.00499
0.0200533
0.01716
0.04242
0.03286
0
0.03865
0.0321533
0
0.0193467
0.02829
0
0.0074
0
0.000636667
0
0
0
0
0
0
0
0
0
0
0
0
0
0
0
0
0
0
0
0
0
0.0430233
0.03672
0.02337
0.0245933
0.0170567
0.0154367
0.0101067
0
0.000423333
0.00140333
0.00562
0.0212233
0
0
0
0.03589
0.0678067
0.0583833
0.0490533
0.0696767
0.0306633
0.0346767
0.0319233
0
0.0334333
0.0263967
0
0.02267
0.01149
0
0
0.01006
0.00929333
0
0
0.00567333
0
0
0
0
0
0
0
0
0
0
0
0
0
0
0
0
0
0
0
0
0
0
0.000413333
0.000413333
0.000413333
0
0
0
0
0.0657
0.0692967
0.0562333
0.0558233
0.0388067
0.0473833
0.0575767
0.0181667
0.05079
0.0417867
0.0409433
0.0360033
0.0142533
0.0124
0.00118667
0.05614
0.0337133
0.0111567
0.00332
0.000243333
0.0449267
0.0587233
0.01421
0.00868667
0.00085
0.00057
0.000243333
0.0150167
0.0117067
0.00282
0
0.0366333
0.0178733
0.0224167
0.0150467
0.00401
0.00151667
0.0265133
0.0270533
0.02652
0.02286
0.0368333
0.03342
0.03033
0.01835
0.00739667
0.0016
8.33333e-05
0.0213833
0.00701
0.0296533
0.02303
0.00961667
0.01129
0.00488
0.00191333
0.00293
0.0162967
0.0183267
0.00382
8.33333e-05
7.66667e-05
0
0.000206667
0.00013
0.00122333
0.00117333
0.00491
0.00381667
0.00373667
0
0
0
0
0
0
0
0
0
0
8e-05
8e-05
8e-05
0
0
0.000106667
0.000106667
0.000106667
0
0
0
0
0
0.01286
0.00778
0.00130667
0.00130667
0
0
0
0
0.0012
0
0
0
0
0
0
0
0.01365
0.00749667
0.00790667
0.00988
0.00132667
0.0012
0.0188767
0.01004
0.00107667
0
0.0514633
0.0444833
0.0187233
0.01105
0.00224
0.00095
0
0
0
0
0
0.02128
0.0467733
0.04701
0.0709367
0.06921
0.0374
0.0530367
0.0213333
0.01155
0.00274
0
0
0
0
0
0
0
0
0.01987
0.01322
0.00587333
0.00442333
8.66667e-05
8.66667e-05
0
0
0.0182367
0.0122933
0.00582667
0.00149
0.00120333
0.00111667
0
0
0.00835
0.00806333
0.00206
0
0.0210533
0.01923
0.0341233
0.02245
0.0165333
0
0.02224
0
0.01963
0.00684
0.0197567
0.0324267
0.02646
0.01221
0
0
0.00180333
0
0.00189
0.00705333
0.00547333
0
0
0
0.00031
0
0
0
0
0
8.66667e-05
8.66667e-05
0
0
0
0
0
0
0
0
0
0.000703333
0.0023
0.00762
0.00201
0.00602333
0
0
0
0
0
0
0.00607
0.00046
0.00046
0
0
0
0
7.66667e-05
0.00056
0.00152
0.00152
0.00159667
0.00181
0.00137667
0.00373
0.00245333
0.00397333
0.0142833
0.0134233
0.0288733
0.0207
0.0309333
0.0412567
0.0291067
0.0464767
0.06229
0.05492
0.0726367
0.0604867
0.0624067
0.0622667
0.0776
0.155207
0.174303
0.121953
0.07196
0.0698067
0.0859567
0.08718
0.10366
0.12073
0.12398
0.0708267
0.05065
0.0580567
0.06075
0.06714
0.01285
0.03349
0.00802667
0.00849
0.00259333
0.0464233
0.00213
0.00118667
0
0.0423433
0
0
0
0
0.0319933
0
0
0
0.0381767
0
0.02216
0
0
0
0
0
0.00704
0.00659
0.000103333
0.000103333
0
0
0
0
0
0.00158667
0
0
0
0
0
0
0
0.00786667
0
0
0
0
0
0
0
0
0
0
0
0
0
0
0
0
0
0.00658
0.00677
0.00019
0.00924333
0.00305
0.0337167
0.03698
0.0405433
0.00305667
0
0
0
0.00098
0.00525333
0.00952667
0.0243367
0.0254633
0.00658
0.00658
0.00905333
0.00267
0
0
0.000196667
0
0
0
0
0
0
0.000943333
0.000943333
0
0.00027
0
0.00776667
0
0
0
0
0.00704667
0.00682333
0
0
0
0.000223333
0
0
0
0
0
0
0
0
0
0.00027
0
0
0.000103333
0.000806667
0.00688667
0.00838
0.0132867
0
0
0.0266233
0.0210033
7.66667e-05
0
0.000773333
0.00104333
0.0163067
0.00147333
0.000833333
0.000756667
0.00144667
0.01352
0.000963333
0.00098
0.0236733
0.0111933
0.0235533
0.05714
0.0418633
0.0395533
0.0227333
0.0125633
0.100993
0.0582267
0.0559833
0.0430967
0.0639333
0.0494667
0.05575
0.0293467
0.109537
0.0741833
0.08793
0.0627867
0.05773
0.0525933
0.04282
0.0281867
0.177387
0.058
0.09626
0.14982
0.16212
0.109543
0.07831
0.0617767
0.0640833
0.00189
0.02122
0.000483333
0.000483333
0
0.03971
0
0
9.33333e-05
0.0293867
0.0141933
0
0
9.33333e-05
9.33333e-05
0.0130267
0
0
0.0220667
0
0
0
0
0.01859
0
0
0.0255667
0
0.000896667
0.0174467
0
0.000896667
0
0.000896667
0
0.00158667
0
0
0
0.00124
0.00808
0
0
0.00124
0
0.000466667
0.00170667
0
0
0.000466667
0
0.000466667
0
0
0
0.00019
0
0.00019
0
0
0
0.00728333
0.00159
0.01034
0.0161833
0.00019
0.000576667
0
0
0.0313867
0.02774
0.000386667
0
0.0265067
0.000583333
0
0
0
0
0
0
0
0.00427333
0.00967333
0.000196667
0
0
0.000196667
0.000196667
0
0
0
0
0
0
0
0
0
0.00027
0
0.000176667
0.000176667
0.000176667
0.000176667
0.00027
0.00211
0.00211
0
0
0
0
0.00295
0
0
0.00066
0.00123
0
0.00756
0
0.000103333
0.00566333
0.0117233
0.03196
0.00604667
0.02445
0.0267933
0.00743333
0.0197767
0.01437
0.00385667
0.00263667
0.0165567
0.00436667
0.00186333
0.00344
0.0237
0.00233333
0.00178333
0.03974
0.08481
0.00212667
0.0125033
0
0.0155733
0.0103767
0.01476
0.00554333
0.101003
0.11261
0.0880467
0.0841833
0.07299
0.0258767
0.04196
0.01331
0.00409333
0.000346667
0.07963
0.0582933
0.0561033
0.0343
0.116613
0.150083
0.123047
0.127997
0.0632533
0.0327467
0.0576267
0.0211167
0.000966667
0.00227
0.000576667
0.0494733
9.33333e-05
0.00110333
0.00110333
0.0115433
0.0317667
0.0120967
0.01693
0.00964333
0.00165667
0.00156333
0.00156333
0.00649
0.00492667
0.00948
0.0112467
0.00220667
0
0
0
0
0.00971333
0.0105067
0.00756667
0.00846333
0.0142367
0.00667
0.00222333
0.01727
0.00970333
0.03295
0.0308133
0.000553333
0.000103333
0.000103333
0
0.00158667
0.0018
0.0100467
0.00201333
0.0149933
0.03033
0.00665333
0.02533
0.00598333
0.00932333
0.00103667
0.00057
0.000673333
0.00448
0
0.000426667
0.00049
0.00049
0.00837333
0.00798667
0.0008
0.00867333
0.00098
0.00049
0.00398667
0.01138
0.0134033
0.0217233
0.0177767
0.00049
0
0.00149
0.00449667
0
0.0114867
0.0224933
0
0
0.001
0
0
0
0
0
0
0
0
0
0.000823333
0
0
0.000823333
0
0
0
0.00631
0
9e-05
9e-05
0.00018
9e-05
0.00659667
0.00566333
0.00111
0.00485667
0.00696667
0.00639333
0.00162667
0.00270667
0.00126
0.0139733
0.0101967
0
0
0.0136067
0.00959
0.0190767
0.02214
0
0
0.0277
0
0
0
0
0
0.00990667
0.00959667
0.0164233
0.0274767
0.000103333
0.00177333
0.00785333
0.0137733
0.01477
0.02305
0.01334
0.02403
0.0119967
0.00973667
0.0318733
0.0202167
0.00621
0.0140233
0.0290733
0.0045
0.0173533
0.0160667
0.01613
0.00318
0.00178333
0.00139667
0.00189333
0.02768
0
0
0
0.06185
0.09856
0
0
0
0
0.117817
0
0
0
0
0.104867
0.00082
0.00456667
0
0
0
0.0222067
0.0428667
0.0851833
0.11234
0.0827567
0.07164
0.0599933
0.0237767
0.01654
0.0254333
0.0368933
0.00145667
0.01357
0.00178667
0.00204
0.0332767
0.04239
0.00213333
0.00561333
0.00616
0.01657
0.01064
0.0534133
0.07036
0.03364
0.04674
0.0518833
0.01354
0.0296
0.0237133
0.03437
0.0289333
0.00725
0.0134233
0.00462667
0.0140433
0.00098
0.00532
0.00098
7.33333e-05
0
0.000146667
0.00114333
7.33333e-05
0.00193667
0.00177333
0
0.00667
0.00047
0.00047
0.00177333
0
0.01334
0.0299167
0.00714
0
0.00769333
0
0.0150067
0
0.05346
0.0446667
0.000213333
0.000213333
0.0701567
0.0505967
0.0341233
0.000213333
0.0382
0.000763333
0.07402
0.112053
0.10829
0.00221667
0.0468133
0.0473033
0.0763367
0.11388
0.0382133
0.01238
0
0
0
0
0
0
0
0
0.00123
0.00731667
0.0437133
0.0339367
0.06338
0.0114867
0.00311333
0.0205567
0.0504833
0
0
0.00211333
0.00379
0.01386
0.00106
0
0
0.00188333
0
0
0.00167667
0.0137
0
0.0181267
0
9e-05
0.000166667
0.000166667
0.0182367
0.0181033
0.00628667
0.000933333
0.00117
0
0.00182333
0.00091
0
0
0.0153033
0.00344
0
0
0.0176067
0.00665667
0
0
0
0.02437
0.0203967
0.00779333
0.00687333
0.00852667
0
0
0.00334
0.00722333
0.0115767
0.0158767
0.0038
0.0115067
0.01857
0.00868667
0.0037
0.00441
0.00118667
0.0128533
0.00162667
0.00031
0.01182
0.00278
0.00146
0
0.00389667
0.00195667
0
0.0131133
0.000496667
0.000496667
0
0
0
0.00118333
0.00118333
0.0546567
0
0.00446
0.0806033
0.05858
0
0
0.00209333
0.00537
0.0653333
0
0
0.00139
0.00348333
0.0860133
0.0645733
0.07409
0
0
0
0.00139
0.0236167
0.04822
0.0194067
0.00176667
0
0
0
0.0517333
0.0530933
0.03908
0.0191333
0.00838
0.0200267
0.00447667
0.00590333
0.00771667
0.000153333
0.00442667
0.0451367
0.0767267
0.09473
0.09959
0.0105033
0.00779
0.000153333
0.00192333
0.000366667
0.03336
0.0297967
0.0667033
0.09547
0.0136067
0.0666767
0.0889467
0.0699533
0.05566
0.0391133
0.0287033
0.0262567
0
0.0119033
0.00693333
0
0
0.00562667
0
0.0004
0.000453333
0.000753333
0.000956667
7.33333e-05
0.0004
0.00051
0.00217
0.00264
0.00306333
0.00126667
0.0142633
0.0194033
0.00867333
0.00011
0.00011
0
0.02139
0.01032
0.0376133
0.0339267
0
0
0
0.01263
0.0111167
0.0187433
0.0326567
0.0116767
0.01056
0
0
0.0410567
0.00794667
0.0561533
0.02416
0.0347333
0
0
0.000176667
0.0537933
0.00043
0.0961
0.119137
0.0831667
0.00188333
0.0118133
0.120487
0.111467
0.0944933
0.08021
0.0373133
0.0962633
0.0854367
0.0746467
0
0
0
0
0
0
0.00487333
0.0804333
0.06392
0.0728233
0.000606667
0
0.05641
0.0334333
0.08324
0.0471333
0.0180967
0.0582767
0.00166667
0.0109533
0.0137467
0.00460333
0.00167667
0.0361867
0.0249567
0.02946
0.000166667
0.000333333
0.00535333
0
0
0
0.00920333
0.0115667
0
0
0.0222267
0
0
0
0.01411
0.00209333
0.0136867
0.01757
0.01597
0.00943667
0.00882
0.0159233
0.00540667
0.00653667
0.00288
0.00213333
0.00153
0.00287333
0.00039
0.00321
0.0082
8e-05
0
0.0169867
0.02922
0
0.000193333
0.00118333
0.0332033
0.0288
0.0103067
0.0135833
0.00931667
0.02823
0.0169933
0.0240233
0.0498833
0.02212
0.0327733
0.0135867
0.02382
0.0508633
0.0216167
0.0327367
0.00386
0.0139633
0.01427
0.0409367
0.01833
0.0414667
0.0322067
0
0
0
0.00247
0.00416667
0.000946667
0
0
0
0
0
0.00348
0.01804
0.0337
0.0199533
0.0343333
0.0226133
0.02041
0.01714
0.00133333
0.0263633
0.0342433
0.0526733
0.04732
0.00228667
0.000113333
0.000316667
0.00137333
0.00228
0.0217333
0.0732867
0.0410467
0.0853333
0.0770333
0.0671233
0.05587
0.000803333
0.00276
0
0.0029
0.00134333
0.0223833
0.0587433
0.00123333
0.07218
0.0754267
0.0507467
0.00086
0.00682
0.0339133
0.00639
0.0415467
0.02779
0.00298333
0.00629
0
0.0225533
0.00862333
0.00281
0.00134
0.000803333
0.000113333
0.000113333
0.00735667
0.00100667
0.000113333
0.00109667
0.00254667
0.00862333
0.00138333
0.00498667
0.00292
0.00370333
0.00866667
0.01396
0.00411333
0.00415333
0.00225333
0.00252333
0.00714667
0.00696667
0.00055
0.00044
0.01218
0.02823
0
0
0.0389033
0.0356733
0
0.0396433
0
0.0291933
0.03599
0
0.0135667
0.00749
0.000126667
0.00194667
0.0129767
0.0004
0.0175533
0.0273433
0.000273333
0.00248667
0.0286967
0.03701
0.00246667
0.00337333
0.03192
0.0112667
0.0457467
0.02043
0.03848
0.0530967
0
0
0
0
0
0
0
0
0
0
0
0.00133333
0.00497667
0.0475833
0.04414
0.04848
0.00151667
0.000606667
0.0550533
0.0709333
0.0490367
0.04287
0.0657233
0.03488
0.0225
0.0154733
0.0135967
0.01687
0.00364667
0.0199433
0.0176
0.0268533
0.00072
0.00095
0.00695
0.0191933
0.02172
0.000166667
0.00996
0.00691333
0.01596
0.00944333
0.00588333
0.00535333
0
0
0.0157833
0
0.02483
0.02891
0.0251733
0
0
0
0
0
0
0.00057
0.00057
0.00266333
0.0362567
0.05005
0.0333733
0.0307467
0.0213433
0.01407
0.01124
0.00210667
0.0225233
0.00128
0.000226667
0.00122333
0.00137
0.0119767
0.00284333
0.01241
0.00666667
0.0117733
0.00036
8e-05
0.00028
0.02554
0.000193333
0.000193333
0.02812
0.00432667
0.0273967
0.01572
0.01865
0.01638
0.0329167
0.05565
0.0366967
0.03136
0.0154
0.0112733
0.0587733
0.04254
0.00683667
0.00408
0.0466233
0.0549867
0.0514433
0.00445333
0.00513667
0.00975333
0.00415333
0.0199433
0.0210733
0.0286767
0.0130567
0.0109067
0.00726
0.00216
0.00233
0.000776667
0.00116667
0
0.000776667
0
0.00866
0.0235667
0.02924
0.00251
0.00625333
0.00853333
0.0055
0.00033
0.000536667
0.00570333
0.0196667
0.0110867
0.0321367
0.0229133
0.0264033
0.02302
0.00165
0.000456667
0.00565667
0.00284
0.00389333
0.00182333
0.00163333
0.000726667
0.00640333
0
0
0.000113333
0
0.000396667
0.03231
0.02331
0.00033
0.00033
0.03609
0.0336567
0.0353133
0.01901
0.00033
0.00043
0.0100767
0.00721
0.0001
0.00624
0.0106767
0.00595
0.00608333
0.00067
0
0.00067
0.00318333
0.00329667
0.000873333
0.00428
0.01067
0.00628
0.00715333
0.01109
0.0208233
0.0130533
0.0252867
0.00699
0.00371667
0.0208867
0.00077
0.00786
0.00044
0.00252333
0.00657
0.00024
0.00789333
0.00256
0.00024
0.0213567
0.0160233
0.000653333
0.0166067
0.000413333
0.00051
0.02144
0.0177467
0.00451
0.00863333
0.000223333
0.000223333
0.00239
0.00173333
0.00196
0.000656667
0.00178
0
0
0.00231333
0.00258667
0.00112333
0.00586667
0
0
0.00673333
0.00517667
0.000433333
0.00952333
0.0200033
0.00497667
0.00676
0.00911
0.01614
0.01789
0.00542333
0.00661
0.00107667
0.00489333
0.00738
0.0130967
0.00128333
0.00296667
0.00862333
0.00202667
0.000403333
0
0
0
0
0
0.01061
0.0103667
0.02018
0.00162333
0
0
0
0
0
0.000113333
0.00144667
0.0167433
0.0209533
0.0346367
0.00939
0.00202
0.00091
0
0.0134467
0.0349633
0.0226767
0.00902667
0.00103667
0.0339567
0.05246
0.02036
0.0370567
0.04291
0.0261833
0.00307
0.00352
0.02325
0.00618333
0.0336033
0.00577
0.00820667
0.00473667
0.0226633
0.00851333
0.0178967
0.0200467
0.00347667
0.00709333
0.00479667
0.00515
0.01208
0.00492
0.00351667
0.00053
0.03987
0
0.0719267
0.0530633
0.0284133
0
0
0.05981
0.0946933
0.07088
0.0767467
0.0416067
0
0
0
0
0.01195
0.0233967
0.0256933
0.00513333
0.0147667
0.00105333
0
0
0.00555333
0.00263667
0.000373333
0.00319667
0
0.0007
0.00028
0
0.00680333
0.00028
0
0
0.0120267
0.0195767
0.00527667
0.00114333
0.0188533
0.0239967
0.0231567
0.0122467
0.02525
0.0244933
0.0300833
0.0360167
0.0127267
0.00672
0.0318267
0.03064
0.0216067
0.00251
0.02752
0.0241367
0.01576
0.00435333
0.0138767
0.0162633
0.00620333
0.00908333
0.02089
0.0320333
0.0205533
0.0164
0.00573667
0.00362333
0.00739667
0.00372667
0.00489333
0.00284
0.00849
0.0235767
0.02384
0.0391367
0.00496333
0.00222333
0.0337633
0.0206667
0.05197
0.0448567
0.04524
0
0.000256667
0.000206667
0.0202633
0.0323233
0.000456667
0.000456667
0.00131667
0.000456667
0.00617
0.00500333
0.00784667
0
0
0.00668
0
0.00497
0
0
0.0117333
0.00696667
0
0.01611
0.0108167
0.01206
0.0108867
0
0.01497
0.0315233
0
0
0.0282
0.0293
0.0379467
0
0
0.01191
0.00745
0.02084
0.0172867
0.00162333
0.000953333
0.00322667
0.00616333
0.000873333
0.0222367
0.02576
0.00146333
0.00059
0.0351633
0.0151333
0.000953333
0.0220367
0.0190333
0.0195867
0.00628
0.00677667
0.00426333
0.0208767
0.00584667
0.000763333
0.00745
0.00572667
0.000433333
0.00212333
0.00188
0.000243333
0.0004
0.00024
0.000593333
0.000653333
0.000756667
0.000163333
0
0.00106667
0.00109667
0.00330667
0.000163333
0.00078
0.00294
0.00039
0.000366667
0.000226667
9.66667e-05
0.000226667
0.000226667
0.000226667
0
0
0.00218667
0.0108267
0
0
0
0
0
0.0151
0.0212667
0
0.000433333
0
0.000433333
0.00063
0.01525
0.000196667
0
0.01275
0.0114667
0.000196667
0
0
0.0034
0.00191333
0
0
0
0.00123667
0
0.00198
0
0.00119333
0
0.000113333
0.000113333
0.00144667
0.00189333
0.00176
0.000913333
0.000786667
0.0121767
0.0103633
0.00317333
0.000433333
0.000253333
0.0287
0.0344667
0.04085
0.00587333
0.00824
0.0122767
0.000766667
0.0234433
0.0243467
0.0052
0.00064
0.00479333
0.00969
0.00440667
0.00039
0.0035
0.00347333
0.00498333
0.00574333
0.00019
0.00065
0.0023
0.00133667
0.00079
0.00011
0.00019
0.00072
0.0053
0.00472333
0.00417667
0.00793333
0.00429333
0.00157667
0.0015
0.00053
0.0422033
0.02778
0.0265433
0.0153
0.00479333
0.00053
0.00053
0.01216
0
0
0.08684
0.0743933
0.0119467
0.00465333
0
0
0.0381867
0.0752533
0.09395
0.10232
0
0
0
0
0
0.00057
0.00201
0.0112967
0.00415333
7.33333e-05
0
0
0.000266667
0
0
0.000326667
0
0.0012
0
0.00679667
0
0.00911
0.00114333
0
0
0.0212567
0.0188833
0.00535667
0.0123267
0.00421333
0.0208667
0.00899333
0.0222433
0.00661333
0.00262
0.0168867
0.0165433
0.00557333
0.00457
0.01659
0.0198933
0.0113133
0.00834667
0.01019
0.00197333
0.00681667
0.00194
0.00295333
0.00551667
0.0260367
0.0254133
0.0354
0.0169933
0.00035
0.00035
0.00263
0.00259667
0
0.000823333
0.00682333
0.00117333
0.00828
0.0179167
0.000543333
0.000256667
0.000256667
0.000823333
0.0517633
0.0385467
0.00149667
0.0288333
0
0.00217
0.00631333
0.0130233
0.00553667
0.00121
0.01639
0.00788667
0
0
0.01202
0.0128467
0.00955333
0.00458333
0.00837667
0
0.00609
0.00122667
0
0.000933333
0.00119667
0
0
0.00114667
0.00141
0.00250667
0
0.0112433
0.0232867
0.0394833
0.0605867
0.0852167
0
0.0694367
0.0676433
0.00057
0.00057
0.0326
0.02089
0.00937333
0.00462333
0.00227333
0.00235
0.0117833
0.0359967
0
0
0
0.0432667
0.0808067
0.06918
0.0952967
0.0672933
0
0.000363333
0.0302733
0.0180933
0.000363333
0.00413
0.00415667
0.00063
0.00052
0.000343333
0.000156667
0.000656667
0.00110333
0.00122333
0.000156667
0.00776
0.00788
0
0.00729333
0
0.0110733
0.00446333
0.02338
0
0
0.02085
0.00378
0.00405
0.00813
0
0
0
0
0.000943333
0.00958333
0
0
0.0117433
0
0.0191533
0
0
0
0
0
0
0
0
0.0118533
0.0035
0
0
0
0.00162667
0.000286667
0
0
0
0.00134
0.000146667
0.000233333
8.66667e-05
0
0
0
0
0
0.00271333
0
0
0
0.00109667
0.00448
0
0
0.00086
0.00164667
0.00056
0.00370667
0
0.000396667
0.000306667
0.00337333
0.00607667
0.00784333
0.0176367
0.000396667
0.00087
0.00018
0.00361667
0.00883333
0.01616
0.00346667
0.00018
0
0.00686
0.00690667
0.00566667
0.00055
0
0
0.00340667
0.00307
0.00230333
0.00219333
0.00152667
0.00491667
0
0
0.00179333
0
0
0.0257933
0.0005
0.0005
0
0
0
0
0.0516933
0.07336
0.000573333
7.33333e-05
0
0.03026
0.0028
0.0568033
0
0
0.00144
7.33333e-05
0
0.00279333
0.01365
0.01604
0
0
0.00134333
0.0206567
0
0.00107667
0.00953333
9e-05
0
0.00875
0.000963333
0
0
0.000293333
0.00851333
0
0.0110633
0.0110933
0
0
0
0.00676667
0.00430333
0
0.00454667
0.00132333
0.00421333
0
0.00177667
0.00582667
0.00161333
0.00170333
0.01443
0.02198
0.00396
0.0352833
0.0272967
0.01422
0.000983333
0
9e-05
0.00359
0.0149633
0.0348467
0.0631667
0.04476
0.0476633
0.0251033
0.0239733
0
0
0
0
0
0
0
0
0
0
0
0.000316667
0
0.000316667
0.00052
0
0
0.000286667
0
0.01584
0.0182567
0.03355
0
0
0.00393667
0.0049
0.00813
0.02277
0
0.00610667
0.0128167
0.0218233
0.00919667
0.00569
0.00245333
0
0
0.02526
0.0231333
0
0
0.0015
0.00171
0.00605333
0
0
0.00501333
0.00536
0.00271333
0.01032
0
0
0.0221567
0.04104
0.0632733
0.0879033
0
0.104473
0.112317
0
0.0912667
0.08198
0.00076
0.00133
0.0466467
0.0321767
0.00776333
0.0158067
0.00414667
0.00179667
0.0495833
0.0673633
0
0.09908
0.115457
0
0.0446433
0.056
0.00405333
0
0.0158167
0.00122333
0
0
0
0.00163
0.00122333
0
0.00012
0
0
0.00206
0
0
0.0174633
0.0125233
0
0.0169333
0
0
0.0300633
0.0277133
0
0
0.0216
0.00916333
0
0.00527333
0.00555667
0
0
0.00120667
0.00186667
0.00186667
0.000923333
0.00202333
0
0
0.00310333
0.00216
0.00202333
0
0
0
0
0.00216
0
0
0.00425333
0.00627667
0
0.00425333
0
0
0.0227033
0.00853333
0.00742667
0
0.00926333
0
0.0162433
0.00266
0
0
0.00792333
0.0187567
0.0180733
0
0.000733333
0.00146667
0
0
0.02407
0.0233867
0
0
0
0.00094
0.000226667
0.02384
0
0
0.00162667
0.0223633
0.0127233
0.0135167
0.00395
0.00249
0.00595667
0
0
0.00237
0.00243333
0
0.00410333
0.00342
0.00315667
0.000963333
0.000963333
0
0
0.03482
0.0134667
0
0
0
0
0
0.0329267
0.0555167
0
0
0.00179667
0.0241467
0
0
0
0
0
0
0
0.00136
0
0
0
0
0
0
0
0
0
0
0
0.01812
0.0267533
0
0
0
0
0.0369067
0.0332
0.00132
9e-05
0.00251667
0.00374667
0.0278933
0.0145667
0.0175967
0.00868667
0.00287
0.0100667
0.0238267
0.00257667
0.0223033
0.0153133
0
0.00164
0
0
0.000736667
0.000696667
0
0
0.00107333
0.00156667
0.00134667
0.00939
0
0
9e-05
0
0.00958667
0.00204333
0.0201333
0.04183
0.05539
0.0717867
0.0599333
0.0319833
0.0162167
0.00183333
0.00085
0.000393333
0.00114333
0.00075
0.00137667
0.000626667
0.00111333
0
0
0
0
0.000486667
0.000486667
0
0
0
0
0
0
0
0.000203333
0
0.000286667
0.00293667
0.00439667
0
0
0.00999667
0.0243633
0.0250133
0.0342167
0.00805667
0.00374333
0.00183667
0
0
0.03343
0.03038
0.02091
0.00298667
0
0
0.01629
0.00263667
0.0265167
0.0194967
0
0.01342
0.0134067
0.0129533
0.02593
0
0
0.04218
0.0786
0.05511
0.0860233
0
0.10317
0.10304
0.10318
0.0913433
0.0757533
0.00076
0.0552533
0.0353133
0.0352333
0.0145133
0.00728333
0.00602667
0.0140367
0.0481
0.11374
0.0899867
0.0540133
0.0144
0.00054
0
0.00054
0.00143333
0.00769333
0.00486333
0
0
0
0
0
0
0
0
0
0
0.000226667
0
0.00216667
0
0
0
0.00245667
0
0.00676
0
0
0
0.00529
0
0.00528333
0
0
0
0.000753333
0
0.000283333
0
0
0
0
0.00202333
0
0
0
0
0
0
0
0
0
0
0
0
0
0
0
0
0
0.000323333
0.000323333
0.0125167
0.00532333
0.00532667
9e-05
9e-05
0.00501
0.00141333
0.00141333
0.00173667
0.00635333
0.0199833
0
0
0.00973
0.00137333
0.00142
0
0
7.66667e-05
0.00908
0.00766667
0.0170733
0.000686667
0.000686667
0.00079
0.02224
0
0
0.00298667
0.00787
0.00269333
0.01445
0
0
0.0149633
0
0
0.0159233
0
0
0.0169633
0
0
0.00558667
0.0157267
0
0.000436667
0
0.00312
0
0
0.00312
0
0
0
0
0
0.00312
0.00658
0.01854
0.00447667
0.00717
0
0.00047
0.0231633
0.0328967
0.0122233
0.00549667
0.00179
0.0291533
0.0260567
0.01886
0.00884
0.0278567
0.02222
0.0355267
0.039
0.0331567
0.0437067
0.03283
0.00806667
0.0290367
0.0165233
0.00612333
0.00189667
0.000633333
0.000696667
0.000136667
0.000633333
0
0.00041
0.000273333
0
0.00065
0.00883
0.000376667
0.000113333
0.000113333
0.000923333
0.00062
0.0088
0.000866667
0.00081
0.000923333
0.00173333
0.00150333
0.0108667
0.00822
0.02324
0.000226667
0.000593333
0.000226667
0.00126667
0.04229
0.0642633
0.0537467
0.0551333
0.0157733
0.00139
0.00054
0.000136667
0.00896
0.0225033
0.02407
0.0332833
0.02301
0.0186933
0.00537
0.00462
0.00767667
0.0112767
0.00438333
0.0101967
0.00574
0.00247
0.000393333
0.000486667
0
0.000486667
0
0
0
0
0
0.00114333
0
0
0.000203333
0.00114333
0.00408
0.00273333
0.000193333
0.00625333
0.01297
0.00704667
0.00132667
0.00288667
0
0
0.0271433
0.0416167
0.04804
0.02758
0.00215333
0
0
0.0377833
0.0161333
0
0
0.0464433
0.0292533
0
0.0405
0.0142533
0.0222567
0.0101267
0.0393633
0.02276
0.0335933
0
0.0567633
0.0483533
0.0776233
0.0743867
0
0
0.0882467
0
0.0726567
0.0697133
0.05279
0.0456467
0.00990667
0.00258667
0.0265033
0.0241533
0.0101
0.0545933
0.07216
0.0860767
0.0698267
0.02637
0.0338533
0.01513
0.0126467
0.00298333
0.00473333
0.01285
0.02247
0.0164133
0.00318333
0.000893333
0.00614333
0.00128
0.00193
0.00065
0
0
0
0
0
0
0
0.000226667
0.00033
0.000103333
0.00258333
0
0
0.00062
0.00058
0.00277
0
0
0
0.000946667
0.00138667
0.00339667
0
0
0.0012
0.0135033
0.0131567
0.0131567
0.00146
0.0117533
0.00073
0.0131567
0
0
0
0.00658
0.00690333
0.00855
0.02231
0.02419
0.0283233
0.0252433
0.0337333
0.0277333
0.0232333
0.00802
0.00124333
0.00617667
9e-05
0
0
0.0148967
0.000686667
0.00137333
0
0
7.66667e-05
0.0211533
0
0.00634
0.01316
0
0.0195433
0.0317133
0.0278367
0
0
0.0189133
0.0197067
0.00603
0
0.00088
0.00385
0.0141433
0.0241233
0
0
0
0
0
0
0
0
0
0
0.00312
0.01383
0.01071
0.00696667
0.000386667
0.00047
0.00047
0
0.00161
0.000896667
0.00268333
0.0132067
0.00794667
0.03538
0.0118433
0.0260433
0.00501333
0.0586833
0.01981
0.00540333
0.00103667
0.06357
0.0456633
0.01678
0.000816667
0.0246967
0.00992
0.00215333
0.000816667
0
0
0.00443
0.000633333
0
0
0
0
0
0
0.00081
0.000623333
0.00390667
0.00721
0.00756333
0.0426767
0.0327433
0.0292633
0.0179867
0.00054
0.000396667
0.000533333
0.00099
0.00104667
0.00156667
0.00564667
0.00825333
0.0160367
0.01268
0.00578
0.00104667
0.0223567
0.00986
0.0310633
0.0258233
0.0237267
0.01101
0.00473333
0.0174067
0.00396667
0
0.00198333
0
0
0
0
0
0.000183333
0
0
0.00132667
0
0
0.04017
0.000776667
0
0
0
0.000193333
0
0.000353333
0.00707
0.07481
0.00195
0
0.04871
0.0777767
0.0592533
0
0
0.0129333
0.0257633
0
0
0.04343
0.05061
0
0
0.0477367
0.01459
0.0340767
0.0156967
0.0165967
0.0138167
0.0188833
0.0108933
0
0.0140667
0.00993667
0
0.0210533
0.01926
0.0433233
0
0
0
0
0.0774933
0.0681367
0
0.0110633
0.0147333
0.0532133
0.04659
0.00182667
0.01021
0.00289
0.0269167
0.02131
0.0355033
0.0314533
0.00585667
0.0249133
0.00979667
0.02484
0.0266467
0.03343
0.0643533
0.0494833
0.0430067
0.02969
0.03718
0.0649633
0.0185133
0.0337867
0.00445333
0.00403
0.00338
0.00174667
0.00216333
0
0.00174667
0
0.00422667
0.00670667
0
0
0
0
0
0
0.000186667
0.0152533
0.01353
0.0265
0.0396567
0.0263133
0.0200833
0.0197367
0.00667667
0.00918
0.0129333
0.01127
0.0194467
0.00278333
0.000556667
0.00361667
9e-05
0
0
0
0
0
0
7.66667e-05
0
0.00077
0.00632
0.0197367
0
0.01076
0.02295
0
0
0.0201133
0
0
0.0164767
0
0
0.02756
0
0
0.000356667
0.00123667
0.03096
0
0
0
0
0
0
0
0
0
0
0
0
0
0.0232233
0.0132667
0.00288333
0.0131567
0
0.00013
0.000456667
0.000456667
0.000556667
0.00102333
0.00248333
0.000556667
0.00013
0.02588
0.000646667
0.00022
0.0331367
0.00022
0
0.0475233
0
0.02636
0.02144
0
0.00620667
0
0
0.000186667
0.00397333
0.000186667
0
0.000176667
0.00337667
0.0243367
0.00647333
0.0274333
0.05342
0.00522667
0.0454567
0.0642767
0.0600367
0.0140833
0.0125567
0.0381633
0.0209633
0.00426667
0.00120333
0.00054
0.000886667
0.00134333
0.00689
7.66667e-05
0.000696667
0.00062
0.00052
0.00081
0.00029
0.00066
0.00037
0.00052
0
0.00446333
0.00474667
0.00431333
0
0.00270667
0
0.00198333
0
0
0
0
0
0
0
0.000183333
0
0.000183333
0.000183333
0.00342
0.00456333
0.02363
0.00140667
0
0
0
0.00016
0.0564833
0.00218333
0
0.0303267
0.00902667
0.102997
0.117627
0.101093
0
0
0
0.0306633
0.03205
0.0185133
0.02379
0.0315767
0.03509
0
0
0.02621
0.02611
0.0325367
0.0249233
0
0
0.0147733
0.01076
0
0.00275
0.00205
0.00744333
0.0175033
0.0421267
0
0.00163
0.00168333
0.0549833
0.06538
0
0.00483
0.00600667
0.0108233
0.00672667
0.00910333
0.0338033
0.05963
0.0356867
0.00214667
0.00597667
0.0159433
0.0238267
0.00131667
0.0142433
0.0275633
0.0181667
0.01601
0.00690667
0.00329333
0.0318733
0.0375833
0.104377
0.03014
0.02069
0.0222367
0.11729
0.1081
0.00946333
0.0100067
0.00508
0.0629633
0.0409767
0.00398
0.0124133
0.00234667
0.00409333
0.00290333
0.00230333
0.00293333
0.0009
0.00597333
0.00912
0.00664
0.00013
0.000336667
0.000206667
0.0136967
0.000206667
0
0.000186667
0.000373333
0.00056
0.0137167
0.0266867
0.0282667
0.0225733
0.0346633
0.0552433
0.0518467
0.07484
0.0903367
0.0464567
0.0746733
0.0658
0.0196
0.0283367
0.04632
0.05605
0.00412333
0.00718333
0.00429333
0.00462667
0.0133933
0.00232667
0.0226567
0.0372
0.0288733
0.0209067
0.00560333
0
0
0
0
0
0
0
0.000693333
0.04111
0
0
0.00521
0
0.00547
0.0253967
0
0
0.00818333
0
0
0.00367
0.00374333
0
0.000433333
0.00131333
0.0284833
0.0261467
0.0200167
0.0116833
0
0
0
0.000356667
0
0
0
0
0
0.0174867
0.00966667
0.00999333
0.00502
0.00254
0.00873333
0.00690333
0.01343
0.0132433
0.000403333
7.66667e-05
0.000383333
0.000753333
0.00144667
0.00238333
0
0.000446667
0.000893333
0.000446667
0.000643333
0.00109
0.00649
0.0150467
0.0224033
0.000196667
0.00868333
0.000196667
0.00283667
0.02724
0.01681
0
0
0.00965667
0.00397333
0.000186667
0.00139333
0.00225667
0.0115233
0.000306667
0.000823333
0.0312767
0.0542767
0.00013
0
0.0733233
0.00531
0.000893333
0.0696
0.0471267
0.00997667
0.0246033
0.0263033
0.0315867
0.0247767
0.000663333
0
0
0.00049
0.0190467
0
0.000903333
0.00098
0.00552
0.00580333
0.01122
0.00667333
0
0
7.66667e-05
0.000276667
0.000896667
0
0
0
0
0.00109333
0.000723333
0
0
0.000723333
0
0.000723333
0
0
0
0
0
0
0
0
0
0.00103333
0.00410333
0.00325333
0.00639333
0.00963
0.00608667
0.02888
0.00442333
0
0
0
0
0.00016
0
0.00231
0.00611
0.00835
0
0.05622
0.0998233
0.122313
0.108953
0.0800633
0.0100233
0
0
0.01767
0.0218167
0.0211133
0.00660667
0.01239
0
0.03545
0.0197133
0.0265733
0.0266233
0.0200367
0.02134
0.0171467
0.0542467
0.0487833
0.0417233
0.0222033
0.0259433
0.0506733
0.0100533
0
0
0.00110667
0.00148333
0
0
0
0.00083
0
0.0126367
0.0117333
0.00041
0.000226667
0.00028
0.00111
0.00346667
0.02668
0.01944
0
0.00041
0.000636667
0.00724
0.00866333
0.0107367
0.03044
0
0
0
0.000506667
0.000253333
0.00524
0.00549333
0.00553333
0.000773333
0.02131
0.0213067
0.0304567
0.02055
0.00877
0.0216967
0.00656667
0.0675533
0.0386833
0.03068
0.0149767
0.153213
0.11184
0.0216767
0.01359
0.0180767
0.13656
0.10197
0.00922333
0.00804
0.0158933
0.01783
0.0536567
0.0107967
0.0300533
0.00329667
0.00274
0.00942
0.00668
0.00332
0.00373667
0
0
0
0.00624667
0.00275667
0.00880333
0.0111133
0.00231
0.00239667
0.00382667
0.00393
0.000186667
0.00031
0.000373333
0.000186667
0.00248333
0.0166833
0.00796667
0.0289433
0.00628
0.0259433
0.0119967
0.0458467
0.01729
0.0568633
0.0422533
0.0817567
0.0671467
0.0650267
0.0794567
0.07596
0.0720333
0.00093
0.00111
0.00589667
0.01177
0.0119833
0.0145433
0.00388333
0.00291
0
0.00491333
0
0
0
0.00016
8e-05
0
0
0.0603467
8e-05
0
0.0435
0
0
0.02799
0
0.01637
0.00808
0.000953333
0
0.0161667
0
0.0094
7.66667e-05
0.00103
0.00754
0.00906333
7.66667e-05
0
0.00843667
0.01933
0
0
0
0.0198067
0.0291767
0
0
0
0
0
0
0
0
0.0202167
0.0332267
0.02741
0.0238533
0.0266667
0.01252
0.00712667
0.000273333
0.000173333
0.00188
0.00970667
0.00258
0.00130667
0.0144267
0.0206333
0.02847
0.01694
0.01514
0.00929333
0.00264
0.00665333
0.0349867
0.0264
0.00109667
0.0153
0.00346667
0.00357667
0.0119667
0.0137067
0.0193233
0.0176933
0.03081
0.00705
0.00848333
0.04014
0.0454967
0.0480667
0.00163667
0.00804
0.0392833
0.0187067
0.00120667
0.00189
0.00182
0.00261
0.00327333
0
0.0241267
0.0307867
0.0258033
0.0250767
0.01273
0.00599333
0.00686
0.0194733
0.0149
0.0141433
0
0.000903333
0.0197233
0.02657
0.03479
0.0355567
0
0.00699667
0.00122
0.000943333
0
0
0
0
0
0
0
0
0
0
0
0
0
0
0
0.00441667
0.00085
0
0
0.00748667
9.33333e-05
0.00648667
0.000726667
0
0.00037
0
0.02335
0.0425067
0.000356667
0.000356667
0.00850667
0.01767
7.66667e-05
0
0
0
0.06226
0.0411167
0.0998533
0.0883267
0.0199733
0.00857667
0.00191667
0.00333333
0.00065
0
0
0
0.09617
0.10039
0.0314933
0.0223067
0.0163467
0.00872
0.00635667
0.00244
0.00460333
0.00255667
0
0.0496433
0.03581
0.00272333
0.0112867
0
0.0219833
0.00942667
0.03197
0.0230367
0.01919
0.0236333
0
0.00915333
0.00576333
0.0163967
0.0402333
0.000926667
0.00660667
0.00422
0.0319567
0.05859
0
0.00275333
0.00257
0.0435467
0.03144
0.0178033
0.00783333
0.000183333
0.000366667
0.00775333
0.00924333
0.00718667
0.00556667
0.00172
0.000403333
0.0273733
0.01695
0
0
0
0.000253333
0.000253333
0.000253333
0.00566667
0.00690667
0.00867667
0.0652467
0.122713
0.0153167
0.02671
0.02131
0.166393
0.182423
0.0215433
0.09613
0.134653
0.0281267
0.02777
0.0265867
0.0151
0.0156767
0.0105467
0.00391
0.04588
0.0271567
0.00762333
0.00859667
0.0121833
0.00245333
0.00869
0.00802
0.00151
0.01396
0.0212567
0.00171667
0.00793
0.0198233
0.03311
0.000293333
0.0107
0.02281
0.00038
0.00457333
0.00436667
0.00741333
0.00391333
0.00043
0.00012
0
0.00026
0.00026
0.000173333
8.66667e-05
0
8.66667e-05
0.000796667
0.00071
8.66667e-05
0
0.0141233
0.0114867
0.00326
0.01699
0.0371967
0.04854
0.0728733
0.000513333
0.01918
0.0187733
0.01411
0.01339
0.00132333
0.000973333
0.00638333
0
0
0.0719667
0.00155
0.00163
0
0
0.0633667
8e-05
0.0435433
0
0
0
0.0250133
0
0
0
0.01347
0.00965
0
0
0
0.00762333
0.0181533
0
0
0
0
0
0.0301967
0.04005
0
0
0
0.000123333
0.000123333
0.000123333
0
0
0
0
0.0332333
0.0231767
0.0125967
0.00805667
0.00912667
0.00582
0
8.66667e-05
0.0104133
0.02331
0.0176467
0.0288333
0.00122
0.00224333
0.02881
0.0262833
0.03197
0.0186533
0.01669
0.0273667
0.01226
0.00684667
0.00614
0.00172
0.0341333
0.00163
0.00613
0.00551333
0.00976333
0.0301533
0.0404
0.0140967
0.0238
0.0275167
0.0273833
0.0628167
0.0385033
0.0438667
0.0364633
0.0279067
0.0485067
0.06545
0.0387433
0.0244367
0.02787
0.0111467
0.0264167
0.0255567
0.0166167
0.00779667
0.00318333
0.00184
0.0067
0.00736333
0.00031
0.00709667
0.00668
0.01193
0.00583667
0.01305
0.00446
0.02929
0.0163333
0.06363
0.000626667
0.0039
0.0644533
0.0642667
0.00048
0.00048
0.0203033
0
0
0.00743667
0.00166
0
0.000943333
0
0
0
0
0
0
0
0
0
0
0
0
0
0
0
0
0.00084
0
0.0100067
0.00440667
0.0122367
0.0457233
0.00037
0
0.04314
0.00526667
0.00118
0.00481333
0
0.000266667
0.0182733
0.0630033
0.0102467
0.00134333
0.000166667
0.000166667
0.000823333
0.00760667
0.00662333
0.02289
0.0563433
0.0366767
0.0335767
0.00223333
0.01106
0.000243333
0
0
0
0
0
0
0.0249933
0.0306333
0.0490867
0.0383667
0.03873
0.0299933
0
0
0.0629133
0.0347033
0.0732933
0.05051
7.66667e-05
7.66667e-05
0
0
0.057
0.0682
0.0676733
0.000393333
0.000316667
0
0
0.0569867
0.0426267
0.02291
0.0113467
0.00056
0
0
0.0172367
0.0367333
0.000546667
0.000243333
0
0.0324967
0.0420767
0.0828433
0.06278
0.000483333
0.000433333
0
0
0.0180967
0.0742533
0.0872967
0.0313533
0.05802
0.0167433
0.00228
0.00137
0.00123
0
0
0.0057
0.00992
0.0840633
0.0697567
0.0567567
0.0306467
0.0173
0.00283667
0.00111667
0
0.0113733
0.00245333
0
0.000183333
0.00257
0
0.02372
0.0172367
0
0
0
0
0
0
0.000183333
0.000403333
0.000543333
0.00355333
0.150057
0.00864333
0.18597
0.192777
0.014
0.01695
0.137093
0.0994567
0.0130067
0.00868667
0.00414333
0.00381667
0.0409833
0.0535967
0.00887667
0.0267667
0.0201733
0.0260067
0.0325067
0.0335133
0.0234
0.0299
0.0441667
0.0141233
0.00841333
0.00421667
0.0269033
0.00478333
0.000503333
0.000586667
0.0124733
0.00488
8.33333e-05
0.00012
0.00139667
0
0
0
0
0
0
0
0
0
0
0
0
0.00612667
0.00565667
0.00279
0.00303667
0.00311
0.0278633
0.0345633
0.01243
0.0147533
0.00894
0.01431
0.00082
0.000476667
0.00035
0.00035
0.0285167
0.0319133
0.0180867
0.00568667
0
0
0.05591
0.0388167
0.0314233
0.01273
0.0112267
0.0162833
0
0
0
0.0689033
0.000643333
0.00211333
0
0
0.0588467
0.03846
0.0145833
0.00604333
0
0.0420867
0.01241
0.00026
0
0
0
0
0.0195267
0
0.01215
0
0
0
0
0
0.00758667
0.000296667
8.66667e-05
0
0.00299
0
0
0
0
0.01289
0.0249033
0.0152133
0
0
0
0.0207833
0
0
0
0.04002
0.0366267
0.02708
0
0
0
0
0.0157367
0.00128667
0.00110667
0.000983333
0
0.0266
0.0114833
0.0101667
0.00237667
0.00106
0.000973333
0.00476
0.00290667
0.000436667
0.000343333
0
0
0.0151533
0.0132433
0.000903333
0.00056
0.00141
0.0003
0.0136067
0.00347
0.00126667
0.00056
0.00107667
0.01498
0.00118667
0.00243
0.00183333
0.00710667
0.00661667
0.01135
0.0112433
0.0171867
0.01808
0.01847
0.0192567
0.0198333
0.13968
0.0133867
0.00809
0.113093
0.173013
0.00738333
0.00142333
0.00151333
0.000973333
0.05408
0.0367133
0.102583
0.00062
0.000726667
0.00103667
0.000693333
0.000813333
0.00152667
0.00198333
0.00752667
0.00803667
0.00844333
0.0121567
0.0157967
0.03234
0.05677
0.0115333
0.0215533
0.08283
0.05371
0.10029
0.00944
0.0598733
0.07867
0.00409333
0.0257033
0.00034
0.00082
0.00103333
0.0148433
0
0.000716667
0
0
0
0
0
0
0
0
0
0
0
0
0
0.00084
0
0.00644
0
0
0.10143
0.00530667
0
0
0.0216167
0.0211633
0.00204333
0.01875
0.00015
0.00182333
0.000343333
0.000436667
0.05568
0.00648333
0
0
0
0.00164667
0.00573333
0.000266667
0.000266667
0.00175333
0.00241
0.104687
0.119057
0.0807833
0.0592767
0
0
0
0.000823333
0.00125
0.0017
0.00677667
0.00692667
0
0
0.01232
0.00786667
0
0.0127067
0.0232533
0
0
0
0.02937
0.0192867
0.00740667
0
0
0.0392367
0.02282
0.01244
0.0358833
0.03278
0.03538
0.02473
0.0219533
0.0224567
0
0.0511833
0.07659
0.0576833
0.0412833
0.01653
0.0143433
0.0111933
0.00572333
0
0.0160033
0.03242
0.05254
0.0230067
0.00244333
0.00191
0.000956667
0.000353333
0
0
0.0151733
0.00166333
0.0005
0.00561667
0.00547333
0
0
0.00461
0.00129667
0
0.02097
0.0160733
0
0
0
0
0
0
0.0419667
0.04425
0
0
0
0.00014
0.0318667
0.0328867
0.0614933
0.113797
0.00452
0.0100133
0.0188133
0.0203933
0.0294967
0.0217333
0.0169967
0.02444
0.0130967
0.02424
0.0273933
0.01719
0.0164
0.0137733
0.0166533
0.00472
0.02124
0.01703
0.00146667
0.03798
0.0237833
0.0044
0.00077
0.000686667
0.0310167
0
0.00989667
8.33333e-05
0
8.33333e-05
0
0.00218333
0
0
0
0
0
0
0
0
0
0.000823333
0
0
0.000673333
0.00149667
0.00092
0.00672
0.000993333
0.00169667
0.00684667
0.0130567
0.00477667
0.0159233
0.0190533
0.02078
0.0204167
0.0267233
0.0239567
0.0187967
0.0214633
0.02592
0.0128733
0.00646667
0
0
0
0
0.0191133
0.0164167
0.0188667
0.00899667
0.0152233
0
0
0
0.00041
0.00105333
0
0
0.00661667
0.00300667
0.00293667
0.00019
0.00026
0
0
0.000863333
0
0
0.000193333
0.000863333
0
0
0.00046
0.00046
0.01018
0.00991333
0
0
0
0.00336333
0.0103433
0
0
0.0108233
0.01764
0.02056
0.01353
0
0.01602
0
0
0
0.00102333
0.00102333
0.00218667
0.000433333
0
0.0139967
0.00404667
0.01117
0.01099
0.00192333
0.00137333
0.000433333
0.00866667
0.0111667
0.00370667
0.00361667
0.00120667
0.000236667
0.000326667
0.000326667
0
0
0
0
0
0
0
0
0
0
0.000393333
0.00107667
0.00549333
0.00481
0.01017
0.0181467
0.02243
0.01741
0.07059
0.02531
0.0339933
0.0303767
0.0224933
0.0892433
0.15586
0.0272333
0.02275
0.0238733
0.00996667
0.0111767
0.00481
0.00489667
0.000873333
0.00127
0.000296667
0.000606667
0.000276667
0.000276667
0.03642
0.0893267
0.00013
0.000406667
0.00166
0.00138333
0.00653667
0.0115167
0.00332333
0.0321267
0.0150067
0.0313933
0.0434667
0.0177433
0.01333
0.00736333
0.0783233
0.0623533
0.0307333
0.0927233
0.0711033
0.04055
0.0222467
0.0219633
0.01363
0.00902333
0.0118933
0.00575
0.00541
0
0.000316667
0
0
0
0
0
0
0
0
0
0
0
0
0.0115167
0.0375867
0.0274067
0.00134667
0.00163333
8.66667e-05
8.66667e-05
0.00106667
0.00098
0.0447967
0.0391733
0.0256933
0.00505
0.09015
0.0324267
0.00665333
0
0.00879333
0.0248267
0.00015
0.000343333
0.113573
0
0.000673333
0.00149667
0
0
0
0.00109333
0.00115667
0.13095
0
0
0
0.000716667
0
0.00262333
0.00187333
0
0
0
0
0.000716667
0.00172333
0.000256667
0.0524633
0.0752367
0
0
0
0.00201333
0.000736667
0.000993333
0.00115
0.00722
0.03512
0.0394467
0.0647133
0
0
0.00129667
0.00596667
0.0141033
0.00954333
0.00489333
0.0110667
0.01772
0.0581967
0.00544
0.0132767
0.00712333
0.0128267
0.0149433
0.0341967
0.02698
0
0
0.00662
0
0.00544
0.00113
0.000603333
0
0.00129667
0.0005
0.01005
0
0
0.00129667
0
0.0202567
0
0
0
0
0
0.0504333
0.03362
0.00291333
0.07355
0.05315
0.0739833
0.04725
0.00729333
0.0241467
0.08636
0.14704
0.117873
0.176493
0.0301733
0.0486067
0.04635
0.0543767
0.102023
0.0454433
0.0445833
0.0489867
0.0370967
0.0412833
0.0361667
0.0345833
0.0277933
0.04228
0.0346533
0.03036
0.02494
0.0124967
0.0302933
0.0174733
0.0057
0.00614333
0.00212667
0.00137333
0.000903333
0.00078
0.000483333
0.0106867
0
0.000173333
0.01689
0
0.000603333
0.0102
0
0.00043
0.00112333
0
0
0.000693333
0.00440667
0.000906667
0
0.00745333
0
0
0.00374
0.00151333
0
0.00374
0.000823333
0.00215333
0.00133
0
0.00151333
0.00415333
0.00737667
0.0209233
0.0284333
0.0168867
0.0322767
0.02073
0.0264767
0.0271
0.02539
0.0154067
0.01128
0.00904
0.00662333
0.00925333
0.000776667
0.00683333
0.000773333
0.0104933
0.0111767
0.0091
0.0016
0.000476667
0
0
0
0
0
0
0.00650667
0.000256667
0.00418667
0
0
0.000446667
0.000256667
0.00483667
0.000986667
0
0
0.00019
0.00512333
0
0
0
0
0
0
0.000193333
0.000863333
0
0.000193333
0
0
0
0
0.000623333
0
0
0
0
0
0
0
0
0
0.0115767
0.03422
0.0204367
0.00902667
0.000866667
0.00180667
0.000433333
0.000666667
0.000236667
0
0.0258133
0.0235833
0.00957667
0
0.000236667
0
0
0
0
0
0
0
0
0
0
0
0
0
0.00142333
0.00112333
0.000393333
0.000393333
0
0.00348333
0.00063
0.000236667
0.0301433
0.00431
0.00937
0.000413333
0.00586667
0.00054
0.115877
0.08574
0.00620667
0.00111667
0.167343
0.15419
0.00094
0.00129333
0.000576667
0
0.00093
0.00207
0.00093
0.131533
0.0932167
0.17604
0
0.00114
0.00753
0.00228
0
0
0.00015
0.000296667
0
0.000446667
0.00402667
0.00373
0.000833333
0.000573333
0.0167667
0.00903
0.00154667
0.0390867
0.0188033
0.0579733
0.0480933
0.0316533
0.0248133
0.0102667
0.03632
0.0241767
0.00292
0
0
0
0
0
0
0
0
0
0
0
0
0
0
0
0
0
0
0
0
0
0
0.00189667
7.66667e-05
0.00223667
0.00302
0.00528333
0.00894
0
0
0.00044
0.000286667
0.000363333
0.00087
0.000783333
0.00696
0.00676333
0.0212067
0
0.0509233
0.0261367
0.00191333
0.0608733
0.0513867
0.0654633
0.0359067
0.00337667
0
0.109217
0.109917
0.000933333
0.0126533
0.0192767
0
0.00015
0
0
0
0.000673333
0.00134667
0
0
0.000406667
0.000406667
0.0349433
0
0
0
0
0.000406667
0
0
0.000266667
0.00596
0.00198667
0.0109233
0.0115167
0
0
0
0
0
0
0
0.00628667
0
0
0
0.00498
0.0399433
0.0267433
0
0
0
0
0
0.0248767
0
0
0
0
0.00414333
0.00230667
0
0
0.00414333
0.00063
0.000706667
0.000103333
0
0
0
0.00563667
0
0
0
0
0
0
0
0
0
0.00905667
0.0310033
0.01197
0.0317467
0.0719633
0.04623
0.0395433
0.0593967
0.0772067
0.06782
0.0497367
0.0704033
0.0624333
0.0633467
0.0846167
0.07913
0.0671433
0.0739367
0.12269
0.09471
0.1447
0.0575467
0.0257667
0.0401667
0.0233767
0.0158233
0.05602
0.04072
0.0673733
0.07503
0.0595467
0.0406133
0.0393767
0.11918
0.0361367
0.02635
0.0204367
0.02505
0.03778
0.05256
0.0542967
0.06908
0.0596867
0.0590833
0.0408533
0.0241733
0.0303333
0.04156
0.0295233
0.02151
0.0185433
0.02037
0.0170733
0.00551333
0.01063
0.00446333
0.00352
0.000656667
0.00319
0.00545667
0.00168
0.00571333
0.00929667
0.00248667
0.00488
0.00875333
0.000906667
0.00871
0.0191967
0
0.000906667
0.0322533
0.0248133
0.05001
0.00061
0.00061
0.0263033
0.0440333
0.04253
0.00212333
0.00894333
0.00520333
0.02106
0.0162233
0.00254333
0.00282333
0.00103
0.0034
0.000576667
0.000366667
0.000366667
0.00857333
0.00397667
0.00115333
0.000576667
0
0.0015
0.00601
0.000836667
0
0.000576667
0.0015
0.00026
0
0.00026
0
0
0
0.00337
0.00335333
0.00444667
0.00221667
0.00112333
0
0
0
0
0
0.00658
0.00899667
0.00394667
0
0
0
0
0.00658
0.0254567
0.0130867
0
0
0.01807
0
0
0
0.01437
0
0.00056
0.00142333
0
0
0
0
0
0
0
0
0
0
0
0
0
0
0.000923333
0.00194667
0.000593333
0
0
0
0
0.0113367
0.02526
0.0274033
0.01289
0.00583
0.00102667
0
0.00658
0
0
0
0
0.00658
0.00683
0
0
0
0.00329333
0.00354333
0.00018
0.00347333
0.00018
0.0157867
0.0486433
0.000543333
0.0128567
0.0620833
0.02941
0.0666067
0.0180267
0.0403433
0.0244367
0.0388467
0.03432
0.0461533
0.00884333
0.0186233
0.0687733
0.04577
0.10163
0.04031
0
0
0
0
0
0
0
0
0
0.00015
0.00597
0.00026
0.00026
0.0140033
0.0139033
0.000826667
0.000973333
0.02534
0.02302
0.00682333
0.00687333
0.0268867
0.00625667
0.0119133
0.00863667
0.00645667
0.0114767
0.000866667
0.00129
0
0
0.00627333
0.000863333
0
0
0.00438
0
0.00129
0.00567
0
0.00129
0.00896333
0.0212267
0
0
0.00223667
0.0167633
0.02799
0.02981
0
0
7.66667e-05
7.66667e-05
0.03431
0.02224
0.0399167
0
0.0002
0.000153333
0.0475833
0.06676
0.0404133
0.02155
0.01044
0.0162467
0.0160133
0.00400333
0
0
0.000746667
0.00168
0.00416667
0.0154733
0.000776667
0.000776667
0
0
0
0
0.00021
0.05169
0
0
0.000673333
0
0
0
0
0
0.000266667
0.000476667
0.00445
0.0299233
0
0
0
0
0
0
0
0
0
0
0
0
0
0
0
0
0
0.00388667
0
0
0
0
0
0.00167667
0
0
0.000103333
0.000186667
0.000186667
0
0
0
0
0.00032
0.00537667
0.000446667
0
0
0
0
0.00937667
0.0247
0.0123433
0.0134667
0.0441567
0.0321567
0.04982
0.03655
0.0191667
0.0162133
0.0373233
0.05664
0.04704
0.00992667
0.02684
0.0164067
0.0272
0.04947
0.0423533
0.0830433
0.0855033
0.0359733
0.04575
0.0334567
0.0283133
0.0545833
0.0339533
0.0528467
0.0560167
0.0602133
0.04616
0.0499933
0.04547
0.0383367
0.0319667
0.0267833
0.04164
0.0180367
0.00695667
0.00377
0.0192333
0.00196333
0.02154
0.000203333
0.0251233
0.0286967
0.0167433
0.01559
0
0.0180867
0.0409267
0.00115
0
0.0597933
0.0761633
0.0764767
0.06785
0.01078
0.00569667
0.00515667
0.06519
0.0600533
0.05708
0.0343667
0.0426433
0.02808
0.0221733
0.0241067
0.0121733
0.00914
0.03967
0.0342667
0.0342133
0.0363033
0.04028
0.03399
0.02296
0.0266767
0.0241267
0.0204033
0.0344667
0.02219
0.0169733
0.00776
0.00103
0.00709667
0.00705667
0.01183
0.0115033
0.00364333
0.00841667
0.00481667
0.0106333
0.00731667
0.0113967
0.01244
0.00274667
0.000203333
0.00460667
0.0111867
0.00932667
0.00310667
0.0113733
0.00847
0.00326
0.00442333
0.00595667
0.00247667
0.00031
0.00014
0.000153333
0.000153333
0.00124667
0.00109333
0
0
0.00673333
0.0242133
0.0105867
0.000386667
0.000386667
0.0349933
0.000353333
0.00074
0.03223
0.000353333
0
0.0189933
0
0
0.00604667
0.00548667
0
0
0
0
0
0
0
0
0
0
0
0
0
0.0093
0.00111
0.00591333
0.000593333
0.0199767
0.0230333
0.02373
0.00698333
0.00156667
0.00825667
0.00969333
0.00873333
0.00778667
0.000943333
0.00074
0.02141
0.02496
0.00186333
0.0575433
0.0610933
0.0528733
0.01723
0.01276
0.00423667
0.0727133
0.0304567
0.0862567
0.06452
0.05733
0.0280467
0.01912
0.04167
0.06153
0.0425433
0.07481
0.0828633
0
0
0
0
0
0
0
0
0
0
0
0
0
0
0
0
9.66667e-05
0
0.00258333
0.00248667
0.00596667
0.00394
0.00955667
0.000776667
0.00105333
0.0134833
0.00125333
0.000423333
0.000863333
0.00414
0
0.00852
0
0.0102967
0
0.00285
0.00747667
0
0
0.00234
0.0155667
0.00884
0.000286667
0.00078
0
0.00672667
0.02783
0.0405267
0.0359033
0.000286667
0.00078
0.00078
0.00078
0
0
0.0390467
0.000493333
0.00142333
0
0
0
0.0529833
0.069
0.0502067
0.00093
0
0.00093
0.000123333
0.0300433
0.04235
0.0425167
0.0243667
0.0111533
0
0
0
0
0
0
0
0.00521333
0.01929
0
0
0
0
0
0.00021
0.00021
0.00100333
0.000256667
0.00349333
0.000776667
0
0.00979667
0
0
0
0.00967333
0
0
0
0.000676667
0.00422
0
0
0.00377333
0.00598333
0
0
0
0
0
0
0.00244
0
0
0.00221
0
0
0.0002
0
0
0
0
0
0
0
0.00122
0.00325333
0.00428667
0.00617667
0.00311
0.00311
0.00331
0.0002
0.00032
0.000343333
0.000343333
0.0158967
0.0222467
0.00415
0.000343333
0.02927
0.0423767
0.0142333
0.000443333
0.00772
0.00215667
0.00580667
0.01394
0.00751667
0.00301
0.04031
0.0250833
0.0187433
0.0199667
0.03344
0.03828
0.0325367
0.0343467
0.0432067
0.0227867
0.0252667
0.03835
0.0439167
0.00976333
0.0230233
0.0340467
0.00840667
0.0159033
0.01002
0.0305367
0.00322667
0.0430033
0.000103333
0.02935
0.01389
0
0
0.03179
0.00725
0.0246333
0.0503433
0.0269833
0.00605333
0.00115
0.00623333
0.00115
0.04438
0.0104467
0.0283067
0
0.00230667
0.00014
0.00014
0
0
0
0
0.0225867
0.00378
0.00416667
0.00169333
0.0127233
0.0259067
0.00130667
0.0061
0.000953333
0
0.00548667
0
0
0
0
0
0
0
0
0
0
0
0
0
0
0.000216667
0.000216667
0.000923333
0.000923333
0.00478667
0.00503
0.00876667
0.00517667
0.00119667
0.000516667
0.000773333
0.00298
0.00241
0
0
0
0.000203333
0.000203333
0.00385667
0
0
0
0
0
0
0
0
0
0
0
0
0
9.66667e-05
9.66667e-05
0
0
0.000193333
9.66667e-05
0.00046
0.000113333
0.000113333
0.000113333
0
0.00607667
0.000423333
0.00613667
0
0.00039
0.00039
0.00033
0.0005
0.0005
0.00033
0.00083
0.00389667
0.00421667
0.00339667
0.000396667
0.0223767
0.0131467
0.000396667
0.0197967
0.00955333
0.0254367
0.036
0.000286667
0.01595
0
0
0.0349167
0.03253
0.000573333
0
0
0.0347167
0.0204
0.0107667
0.00171
0.00206667
0
0
0.0254467
0.0129133
0.01399
0.0108567
0.0057
0.00479
0.00163667
0.00128667
0
0.0173833
0.02682
0.0381567
0.00130667
0.000376667
0.000726667
0.00035
0.00035
0.01604
0.0110267
0.0122233
0.02797
0.0144
0.00513667
0.000123333
0.00479667
0.000586667
0.00495333
0.00042
0.00119667
0.000206667
0.000256667
0
0.00349333
0
0
0
0
0
0
0
0
0.00037
0.00023
0
0
0.000436667
0.00023
0
0
0.00143
0.00143
0.000383333
0.00082
0
0
0.00271333
0.000966667
0.000583333
0
0
0
0.00176
0.00304333
0.00835333
0.00279333
0.0120367
0.00391
0.00663667
0
0
0
0.00966
0.0142267
0.0117767
0.000253333
0.000573333
0.000253333
0.000666667
0.00092
0
0.000666667
0
0
0.00759
0.00762333
0.000953333
0.000286667
0
0.0289733
0.0367467
0.0291367
0.0196933
0.00619
0.0128033
0.0107233
0.0174367
0.0110067
0.02589
0.0143
0.00617
0.0202833
0.0228733
0.0202633
0.0134867
0.0114533
0.0353567
0.0432133
0.0498
0.00157
0.000103333
0.000206667
0.0227467
0
0
0.00672667
0.00555667
0.00240333
0.00679667
0
0
0
0
0.00246667
0
0.000396667
0.000396667
0.00200667
0.00753333
0.00909
0.0140233
0.00539
0.0128
0.00761667
0.01679
0.00911
0.00762
0.000383333
0.000996667
0.00963
0.00186
0
0
0.000906667
0
0
0
0
0
0
0
0.000113333
0
0
0.00181333
0.00159667
0.000793333
0.000793333
0
0
0.000773333
0.0107033
0.00849667
0.0233133
0.0192433
0
0
0.000773333
0.00606333
0
0.00365333
0
0
0
0
0
0
0
0
0
0
0
0
0
0
0
0
0
0.000363333
0.000363333
0.000363333
0
0.000986667
0.00131667
0.00807667
0.00759
0.0192167
0.0158533
0.00620333
0.00440333
0.00140333
0.0232433
0.0197367
0.00101333
0.0159967
0.0347967
0.0338967
0.0476367
0.00140333
0.00776333
0.0279367
0.000713333
0.0407133
0.0287367
0.00704333
0.0151167
0.0326
0.02107
0
0.0216367
0.0107333
0.00864667
0.01791
0.0353933
0.0402967
0.0409267
0.0202467
0.0271733
0.0126133
0.00874667
0
0
0.00731
0.000856667
0.02722
0.0223167
0.00999667
0
0
0.00141333
0
0.0128
0.0193367
0.0288533
0.0227533
0.0322733
0
0.00126
0.01276
0.00154333
0.00623333
0.00144333
0.0114833
0.00033
0
0.00146
0
0.00042
0.00194333
0
0
0
0
0
0
0.00194333
0.00544667
0
0
0
0
0
0.00395667
0
0
0
0
0.00395667
0.00037
0
0
0
0
0
0
0.000436667
0
0
0
0
0.00163667
0.00125333
0
0
0.00565
0.00158333
0
0
0.00875667
0.0130333
0.02352
0.0212867
0.0201367
0.00816
0
0
0
0
0
0
0
0
0
0
0
0
0
0.02084
0.0155667
0.01609
0.00723
0.00684667
0.00786333
0.00586333
0.00907667
0.00374667
0.00474667
0.0139033
0.0290933
0.0336667
0.0465167
0.000293333
0.00165667
0.0396167
0.000103333
0
0.0287233
0
0.01274
0.00559333
0.00359333
0.00151333
8e-05
0
0
0.0003
0.0003
0.00169
0.0033
0.00061
0.00091
0.0115367
0.0188767
0.0316567
0.000993333
0.0307933
0.000383333
0.0276667
0.000383333
0.0141833
0
0
0.000906667
0.00641333
0
0
0
0
0
0.00280667
0.000113333
0.000103333
0.000103333
0.00462333
0.0123567
0.00805333
0.00965
0.00429
0.00280667
0.00106
0.00120333
0.00214667
0
0.000116667
0.000116667
0.00881
0.0346333
0.0223367
0
0.0216233
0
0.00458667
0.00824
0
0
0
0
0
0
0
0
0
0
0
0
0
0
0
0
0.000273333
0
0.000273333
0.00046
0.000666667
0.00146667
0.00587
0
0.01215
0.0242033
7.66667e-05
0
0.0317567
0.0389
0.00024
0.0299267
0.01942
0.02272
0.00297333
0.00222667
0.00452
0.00609
0.0183733
0.0330833
0.0377133
0.00847
0.0147267
0.0109833
0.0150733
0.00435
0.0193333
0.0494633
0.0353133
0.0473267
0.0378067
0.0136733
0.02482
0.0271633
0.0149867
0.02866
0.01822
0.0104567
0
0.0003
0.0446
0.03259
0.0364333
0.0394267
0.0325767
0.0295067
0
0.02365
0.0104167
0.0397067
0.04187
0.03078
0
0.0046
0.000693333
0
0.000373333
0
0.0225733
0.0297667
0.0269967
0.0148433
0
0.00093
0.000996667
0.00902333
0.0125433
0.0196267
0
0.00093
8.33333e-05
0.00102333
0.00536333
0
0
0.00722333
0
0.02058
0
0
0
0.0188033
0
0
0
0
0.00416333
0
0
8.66667e-05
0.00183333
0.000576667
0.000576667
0
0.00317667
0
0
0.0179167
0.0174533
0.00119667
0.000816667
0.000366667
0
0.02516
0.02138
0.0161333
0.0189267
0.0257267
0.0115133
0.0234933
0.00564667
0
0
0
0
0
0
0
0.0179567
0.0246033
0
0.00077
0.00077
0.00195667
0.00248
0.00202333
0.00073
0.00077
0.00119333
0.00192333
0.000386667
0
0.000676667
0.00155667
0.00119333
0.000553333
0.000363333
0.00597333
0.00019
0.00885333
0.0213567
0.00019
0
0.0247233
0
0.0177033
0.0111267
0.00416333
0.00208333
8e-05
0
0
0
0
0
0
0
0
0
0
0.00129333
0.00202667
0
0.0106433
0.01066
0.0243
0
0
0.0238933
0
0.0101333
0
0
0.00613667
0
0.00087
0
0.00509333
0.00024
0
0.0124
0.00754667
0.01058
0.0183133
0.0142867
0.00914333
0.0222233
0.00563
0.0186233
0.0213467
0.0105833
0
0.000943333
0.0204433
0.0315367
0
0.03909
0.0291267
0
0.0215333
0
0.00458667
0
0
0
0
0
0
0
0
0
0
0.00068
0.000953333
0.00417333
0
0.00368
0.00359333
0
0.000853333
0.00153
0
0.00574667
0.0121133
0.02429
0.0281267
0.00774333
0.0214167
0.0225567
0.0351833
0.00912
0.00039
0.00103
0.000313333
0.00047
0
0.00204
0.0216367
0.0287467
0.0268933
0.01363
0.00161333
0.00113667
0
0.00047
0.0301133
0.0268767
0.00980333
0.00587667
0
0.0308933
0.0342233
0
0
0.0317333
0.0220167
0
0.00964
0.00411667
0
0
0.000986667
0
0
0.00158
0.0151233
0.0204867
0.0225367
0.0235567
0.0103833
0
0
0
0.00100333
0.00250333
0
9e-05
0
0.00102333
0.00536333
0
0
0
0
0
0
0
0
0
0.0209667
0
0
0
0.00922
8.66667e-05
0.000176667
0.00577333
0.000243333
0.00192333
0
0.00391
0.000243333
0.00023
0
0.0037
0.000366667
0.01249
0.00606667
0.00735
0.00947333
0.00056
0.000243333
0.0247533
0.03686
0.000963333
0.00061
0.00273333
0.00236667
0.00268333
0.000316667
0.03773
0.02952
0.0144667
0.0216367
0.01462
0.00829
0.00741667
0
0
0
0
0.00118667
0.00118667
0
0
0
0.00029
0.00076
0
0
0.00410333
0
0.0062
0.0143167
0.01819
0
0.00140333
0
0.0229133
0.0172733
0.00340667
0
0
0
0
0.000733333
0.00182
0.00201
0
0
0.01621
0.01574
0.0191933
0
0
0.00543333
0
0
0.00155333
0
0
0.00298
0.000986667
0
0
0.0104567
0.00771667
0
0
0.0193967
0.0126867
0.00016
0.000263333
0.00082
0.00661667
0.0253567
0.0242533
0.0682133
0.0901067
0.09235
0.0517767
0.04473
0.0775033
0.0703933
0.0694733
0.01515
0.0139833
0.0436467
0.03134
0.0433467
0.000916667
0.00560333
0.0137833
0.0107667
0
0.01866
0.0163933
0
0
0.00773
0.0193067
0
0.00875333
0.000603333
0.00519
0
0
0
0
0
0
0
0
0
0
0
0
0.000406667
0
0.00108667
0.00481667
0
0
0.00763
0.0138633
0
0.01032
0.00796333
0.00873
0
0.00866333
0.00553333
0.01214
0.00131667
0.00565667
0
0.00107667
0
0
0.00058
0.00675333
0.0276833
0.01459
0.03087
0.0194267
0.0136567
0.00955667
0.00131667
0.00024
0.00024
0
0.00617333
0.02677
0.0288167
0
0.0217767
0.02398
0
0
0
0.0344633
0
0.0192433
0.0280767
0.00766
0
0.000666667
0.00125667
0.00753333
0.0106033
0.00516667
0
0.000666667
0.000576667
0.00596667
0.00232
0
0
9e-05
0
0.00148
9e-05
0
0
0
0.00889333
0
0
0
0
0.0164267
0
0
0
0
0.0262533
0
0
0
0
0.0249133
0.0157933
0.00061
0.00061
0
0
0.00987
0.0182633
0.00969667
0.00210333
9e-05
0.00018
0
0.02646
0.01462
0.0377333
0.0158767
0.00852667
0.00173667
0.00192667
0
0
0.0163433
0.02865
0.0264633
0.0230067
0.0138233
0.0101033
0.00023
0.00023
0.0264867
0.0196833
0.01657
0.00181667
0.00307
0.000583333
0
0
0
0
0
0
0
0
0
0
0
0
0.00047
0
0.000933333
0
0.00303
0
0.00068
0.01754
0.02884
0.00557333
0.01876
0.00208333
0
0
0
0
0
0
0
0
0
0
0
0.00032
0
0.00032
0
0.00152333
0.00174667
0
0
0.00135
0
0.00115333
0.00103667
0
0
0.00297
0.00356
0
0
0.00631
0
0
0
0.0267067
0.0177967
0.00694
0.00016
0.000716667
0.0184033
0.02941
0.0672533
0.0925367
0.0868267
0.07379
0.0495833
0.06261
0.0783767
0.0249333
0.00512667
0.02035
0.00160667
0.00069
0.00532667
0.00395333
0.00460333
0
0
0.00416667
0
0
0
0
0
0
0
0.000343333
0
0.00075
0.00468333
0
0.00807
0.0144
0.01738
0.0261567
0.0197133
0.0226933
0.00532
0.00779333
0.0008
0.00138667
0
0.000786667
0.01114
0.00446667
0.0041
0.000826667
0.000586667
0
0
0
0.00058
0.00862333
0.01874
0.00958667
0
0
0
0.0154933
0
0
0.01565
0.0114733
0
0.0257267
0
0.0200733
0.00898667
0.00569333
0
0
0.00183
0
0.000666667
0
0.00068
0.00068
0.00152
0.00068
0
0
0.00084
0.000403333
0
0
0
0
0
0.00131667
0
0
0
0.00444333
0.00835667
0
0
0
0
0.0149767
0
0
0
0
0
0
0
0
0
0.0128167
0.00934667
0.00162667
0.00101667
0.000646667
0.000646667
0
0.0207167
0.0206233
0.0180433
0.0294433
0.0214933
0.00922
0.000736667
0
0
0.0381833
0.0325567
0.0272667
0
0
0.00891333
0.00534667
0.01319
0.00506667
0.00174
0
0.00146333
0
0.00610667
0
0
0
0
0
0
0
0
0
0
0
0
0
0
0
0
0
0
0.000463333
0.000463333
0
0
0.00068
0.00351667
0.0114467
0.0252667
0.01235
0.0208267
0.00754667
0.00475667
0
0
0
0
0
0
0.00412333
0
0.00969
0.00532667
0
0.00643
0
0
0.000633333
0.00531667
0
0
0.00032
0
0
0.00102667
0
0
0
0
0
0.0155633
0.0183967
0.00729
0.00474333
0.000556667
0.000976667
0.0128667
0.154357
0.17637
0.09753
0.167403
0.0464533
0.0363
0.0200933
0.02287
0.0161733
0.0116933
0.0162467
0.00039
0
0
0.000603333
0
0
0.000603333
0
0
0
0.00434
0
0.00434
0.00490667
0.00128
0
0
0.00105667
0.00166667
0
0
0.00488667
0.00783667
0.01128
0.01068
0
0.0192267
0.0226667
0.00715333
0.01963
0.00385667
0
0.03172
0.0289167
0.0202667
0.00859
0.00465667
0
0
0
0.000206667
0.000206667
0.000206667
0
0
0.00175
0.00154333
0
0
0.0109033
0.00936
0
0
0.00951333
0
0.00986333
0.000503333
0
0
0.00195667
0
0
0.0150833
0
0
0
0
0.00116333
0
0
0
0
0.000846667
0
0
0
0
0.00084
0.00243333
0
0
0.00084
0
0.00199
0.00628
0
0
0
0
0.00560667
0
0
0
0
0
0.00831333
0
0
0
0.00844667
0.0124933
0.00493333
0
0
0
0.00116667
0.00201
0.00061
0.00117333
0
0.000406667
0
0
0.00567333
0.00877
0.00511333
0.00556667
0.00142333
0.00460667
0.00477333
0.0119333
0.00789667
0
0.00678667
0.01339
0.00712
0
0
0.0007
0.000423333
0
0
0
0
0
0
0
0
0
0
0
0
8.33333e-05
8.33333e-05
0
0
8.33333e-05
0
0
0
0.000663333
0.000663333
0
0.000663333
0.00247
0.00126667
0.00275667
0.00479333
0.00443
0
0
0
0
0
0
0
0
0
0
0.000433333
0
0
0.00509667
0.000433333
0.00846667
0.0216533
0.0216733
0
0
0
0
0.01073
0
0
0.00018
0.00613667
0
0.000796667
7.33333e-05
7.33333e-05
0.000783333
0.00149
7.33333e-05
0
0
0.00042
0.00367333
0.00325333
0.00403667
0.224203
0.17657
0.114157
0.08766
0.10411
0.0436967
0.0185533
0.0688133
0.00510333
0.001
0.0375067
0.0005
0.00933
0.000573333
0.000183333
0.00184667
0.00179667
0.00039
0.00107667
0.000436667
0.000436667
0.000873333
0
0.000436667
0.00138333
0.000946667
0.00596667
0
0.00936
0.0248367
0
0.0203833
0.0230867
0.00832333
0.0161533
0.00824667
0
0
0.00181333
0.00911
0
0.00394333
0.00675
0.00329667
7.66667e-05
0.000203333
0.00121
0
0
0
0.00113333
0.00113333
0.00183667
0
0.000703333
0
0
0
0
0
0
0
0
0.000153333
0
0.000153333
0
0.00556667
0.00160667
0
0
0
0.00396
0.00512333
0
0
0
0.00096
0
0.00116333
0
0
0
0.00180667
0.00504333
0
0
0
0
0
0
0.00567
0
0
0
0.0148167
0
0
0.0196433
0.0116167
0.0287367
0.00815667
0.000396667
0.000396667
0
0
0.0108133
0.02574
0.0158433
0.0270867
0.00855333
0.000793333
0.000396667
0
0.00983
0.0139067
0.00654667
0.00836
0.0006
0.000396667
0
0
0
0.00048
0.0117667
0
0.000833333
0
0.01206
0.0187967
0.00675333
0.00125667
0.000833333
0
0
0
0
0
0
0
0.0007
0
0.000783333
0
0.000396667
0.00109667
0
0
0.000313333
0.00107333
0.00173667
0.00354333
0
0.000586667
0.000586667
0.00589
0.00599333
0.00323333
0.00096
0
0
0
0
0
0
0
8e-05
0.000513333
0.00212667
0
0
0.0126267
0.00671
0
0.0339267
0.0242
0
0.03226
0
0
0.02503
0
0
0
0
0.00614
0
0
9.33333e-05
0.000183333
0.00041
0.000483333
0
0
0.00132667
0.000916667
0.00126333
0.00042
0.00042
0
0
0
0
0.258513
0.37674
0.35562
0.307987
0.201603
0.0786167
0.0253733
0.0312333
0.00859
0.0277267
0.0107267
0.000343333
0.000343333
0.000343333
0
0.00294333
0.00274
0.00374667
0
0
0.00282667
9.66667e-05
9.66667e-05
0.0250433
0.00135667
9.66667e-05
0.0395733
0.0582967
0.0539533
0.04738
0.00126
0.04192
0.0350633
0.03618
0.0111233
0.0184833
0.00296333
0.00126
0.0103233
0.00170333
0.00039
0.00219333
0.00238
0.00984
0.00898333
0.000126667
0.0158733
0.00880333
0.00852
0
0.00085
0.00155333
0
0
0
0
0
0
0
0
0
0
0
0
0
0
0
0
0.0065
0
0
0
0
0
0
0.00746
0
0
0
0
0.0106967
0.02495
0
0
0
0
0.02739
0.0137633
0.0329
0
0
0
0
0
0.0244867
0.03167
0.00332333
0.0173067
0.00156667
0
0
0
0
0.0363067
0.0351267
0.02331
0.00932667
0
0
0.0018
0.0018
0
0.00228
0.01123
0
0.02704
0.02525
0.00108667
0
0.04033
0.02537
0.0282167
0.00623333
0.0106433
0.00192
0
0
0
0
0
0
0
0
0
0.00349333
0
0.000313333
0.00279333
0.00138667
0.00858667
0.01008
0
0
0.02432
0
0
0.0202533
0.0203567
0.00228333
0.000373333
0
0
0
0
0
0
0
0
8e-05
8e-05
0.00169333
0
0
0.00161333
0.00796333
0
0.0110733
0.0254633
0
0
0
0.0242767
0
0
0
0
0.00423333
0.00998
0
0.000303333
0.00021
0
0.00041
0
0
0.00572
0.0117133
0.00766667
0.00747
0.00106667
0.000646667
0
0.3362
0.181303
0.22407
0.04595
0.132867
0.10934
0.0108733
0.0321333
0.0355067
0.0185067
0.0205533
0.00331
0.00593
0.03073
0.00357333
0.0284633
0.0367967
0.0122833
0.01545
0.00742333
0.0212367
0.0314367
0.0251533
0.0171133
0.03519
0.00356
0.0123467
0.00256
0.0391967
0.05807
0.04778
0.03565
0.0182933
0.00960333
0.0084
0.0350233
0.0164633
0.00319333
0.00883
0.00963667
0.000133333
0.000396667
0.01634
0.02703
0.03493
0
0.0292167
0
0.01577
0.0222933
0
0.00129333
0.000443333
0
0
0
0
0
0
0
0
0
0
0
0.00196667
0
0
0
0
0
0
0.00846667
0
0
0
0
0
0
0.02703
0
0
0
0
0.0366967
0.03012
0.0396967
0.00739333
0.0168933
0.00175667
0
0.03346
0.0200033
0.0130133
0.00351333
0
0
0
0
0
0
0
0
0.00187333
0
0.0105067
0.0193833
0
0
0.0351933
0.0452567
0.00214667
0.00108667
0.0521833
0.0388867
0.0243867
0.00646
0
0
0
0
0
0
0
0
0
0
0.00817
0
0
0.0230733
0.00887
0
0
0.0173833
0
0
0.000313333
0.00838
0
0.00148333
0
0
0.0231133
0.00928333
0.00339333
0
0
0
0
0
0
0
0
0
0
0.00472333
0.00472333
0
0
0.0191133
0.01872
0.01479
0
0.00454
0
0.00435
0.00042
0.000646667
0
0.00511333
0.02658
0.02276
0.000646667
0.45621
0.463303
0.36045
0.10794
0.05638
0.0437567
0.0139033
0.0141667
0.05653
0.0824767
0.06501
0.0475267
0.00633333
0.0123433
0.0182133
0.00387
0.00310333
0
0.01697
0.00909333
0.00186333
0.00109667
0.01308
0.0108067
0.0216667
0.0253733
0.0263833
0.000133333
0.00293
0.02677
0.02416
0.000133333
0.0311233
0
0.0158033
0.00132667
0
0.000443333
0
0
0
0
0
0
0
0
0
0
0
0
0
0
0.00196667
0.00344333
0
0
0
0
0
0
0
0
0.00899
0.0140133
0.00702333
0.00617667
0.00063
0
0
0
0
0
0.0118133
0.0261667
0.00626667
0.00563667
0
0
0
0
0
0
0
0
0
7.33333e-05
0
0.0120967
0.00459333
0
0.0407933
0.0367533
0.0246667
0.00565333
0
0
0
0
0.000716667
0.01635
0.00888667
0.0298367
0
0
0
0.0225833
0
0.000313333
0.000313333
0.0059
0.00986667
0.00751333
0.0125567
0.02787
0.0252133
0.0111067
0.0257467
0.00215667
0.00804667
0.00148333
0
0
0
0
0
0
0
0
0
0
0
0
0
0
0
0
0
0
0
0
0
0
0.00021
0.00061
0
0.00145667
0.000236667
0
0.00291333
0.00145667
0.00643
0.0169033
0.0308867
0.0178133
0.00210333
0.170377
0.0751833
0.267847
0.264143
0.113333
0.129847
0.0356967
0.07795
0.0488133
0.02503
0.0508933
0.08367
0.07684
0.0820567
0.0379033
0.05739
0.0223
0.0169267
0.0471567
0.02018
0.0246967
0.0383533
0.04181
0.0205
0.01148
0.0409533
0.0226467
0.03351
0.0117667
0.000523333
0.00902333
0
0.0115767
0.00444
0.01973
0.00563
0
0.00225667
0.0166467
0.00097
0
0
0
0
0
0
0
0
0
0
0
0
0
0
0
0
0
0
0
0
0
0
0
0
0
0
0.00147667
0
0
0
0
0
0.00063
0.00063
0
0
0
0
0
0
0
0
0
0.00128
0
0.00269333
0.00141333
0.00148667
0.00168333
0
0.00072
0
0.00366
0.0251133
0.0166767
0.0328833
0.03487
0.01196
0.0243867
0.00531333
0
0
0.0001
0.0001
0
0.00955
0
0
0.0281667
0.0170133
0
0.0335367
0.0335233
0
0.02407
0.02562
0
0
0
0.00396667
0.00478667
0.00548333
0.00599667
0.0104133
0.00535333
0.00551333
0.00097
0.000296667
0
0
0
0
0
0
0
0
0
0
0
0
0
0
0
0
0
0
0
0
0.0004
0
0
0.0004
0
0
0
0.0004
0
0
0.00166
0.00145667
0.000236667
0
0.00196333
0.00531333
0.00311667
0.0300733
0.02082
0.36384
0.244093
0.209017
0.113823
0.16091
0.100163
0.0881533
0.0634467
0.04077
0.08527
0.124073
0.0804633
0.0799067
0.1091
0.0245467
0.0344
0.0160233
0.00234333
0.00425333
0.00141333
0.00108
0.00151
9.66667e-05
0.000556667
0.0007
0.000473333
0.000143333
0.000463333
0.00175
8.66667e-05
7.66667e-05
0
7.66667e-05
0
0
0
0
0
0
0
0
0
0
0
0
0
0
0
0
0
0
0
0
0
0
0
0
0
0
0
0
0
0
0
0
0
0
0
0
0
0
0
0.000586667
0
0.00186667
0
0.00999
0.0108167
0
0.0149033
0.00697667
0
0
0.00144
0.00072
0.01363
0.0164733
0.0227767
0.0104067
0.00808667
0
0
0.000243333
0.000343333
0.00565333
0.0245633
0.0143867
0
0
0.0464367
0.03088
0
0
0.0229133
0.01501
0
0.00838
0
0
0.00082
0.000126667
0.00064
0.00081
0.000296667
0
0
0
0.00082
0.00082
0
0
0.00082
0
0
0
0
0
0
0
0
0
0
0
0
0
0
0
0
0.000203333
0
0.00503667
0.00413667
0.000483333
0.00190667
0.0126167
0.0119933
0.0154667
0.23434
0.274843
0.123927
0.203233
0.188817
0.0629
0.0187167
0.01533
0.00214667
0.00973
0
0
0
0.000376667
0.00606667
0.000376667
0.0129433
0.00709667
0
0.00709667
0.0110467
0.00402667
0.00436667
0
0
0.00034
0
0.00034
0
0
0
0
0
0
0
0
0
0
0
0
0
0.000376667
0
0
0
0.000376667
0.000376667
0
0
0
0
0
0
0.000116667
0.000116667
0
0.000703333
0.01499
0
0
0
0.0118067
0.0197333
0.00658667
0.00678333
0.00338333
0.00072
0.00376
0.00072
0
0.000143333
0.000386667
0.0092
0.01451
0.0434233
0.0245867
0.0661633
0.000356667
0.0453667
0.000356667
0.00358667
0.00449333
0.00323
0
0.0009
0
0
0.00082
0.000126667
0.000126667
0.000296667
0.000296667
0.00615
0.000543333
0.000543333
0
0
0
0.00823333
0.00642667
0
0
0.00189
0.00262667
0
0
8.33333e-05
8.33333e-05
0
0
0
0
0
0
0
0
0
0
0
0
0.00028
0
0
0.00018
0.00018
0.00018
0.00138333
0.00128333
0.31333
0.252923
0.32775
0.25885
0.191527
0.09007
0.12149
0.123813
0.0290667
0.0749033
0.03843
0.00388
0.00173333
0.00979333
0
0.00209
0.000906667
0.00354333
0.01311
0
0.01584
0.0337067
0
0
0.0309533
0
0
0.01818
0.0115
0.01596
0.00793333
0.00941
0
0.000583333
0.0008
0.00104333
0.00046
0.000583333
0.000583333
0.00049
0.00171667
0
0
0
0.00122667
0.00160333
0
0
0
0
0
0
0.000213333
0
0.000426667
0.000916667
0.00708
0
0.02827
0
0
0.0302933
0
0
0.02267
0.0145467
0.00830333
0
0.00314
0.00338333
0.0120967
0
0.0437833
0
0.0611967
0.00200667
0.0805633
0.00236333
0.00559333
0.0447533
0.0114167
0.01493
0.00568667
0.00016
8e-05
0.00245667
0.0001
0
0.00058
0.00068
0.0001
0.00719
0.00158333
0.00104
0
0.0171233
0.0215733
0
0
0
0.00304667
0
0
0.00305333
0.00124
0
0
0
0
0
0
0
0
0
0
0.00028
0.00028
0
0
0
0.00028
0.48608
0.459997
0.525193
0.351103
0.261397
0.0285333
0.03063
0.00334667
0.01098
0.00374333
0.000566667
0.00561
0.01599
0
0.000566667
0.0235533
0.000893333
0
0.04448
0
0.000893333
0.0546267
0.04495
0.05363
0.05153
0.0415367
0.03082
0.0399767
0.00599333
0.01436
0.000553333
0
0.02875
0.0300967
0.00892
0.000553333
0
0.00895
0.0133167
0.0118767
0.00298667
0.00032
0.000206667
0.000206667
0.0150367
0
0
0
0.0045
0
0
0.00327333
0
0
0
0
0
9.66667e-05
9.66667e-05
0
0.000293333
0.000506667
0
0
0.00669
0
0
0
0.0256367
0.0123567
0.000586667
0.00889
0
0.00188667
0.00488333
0.0263867
0.0339267
0
0
0.000933333
0.00294
0.0691867
0.0214533
0.0256667
0.0541733
0.0127333
0.00147667
0.0219033
0.00941667
0.0125867
0.00754
0.00668
0.00572667
0.00163333
0.0414533
0.0350567
0.01441
0.00104
0.0370033
0
0
0
0
0
0
0.0124167
0
0
0.00199667
0.00189667
0
0
0.0001
0
0
0
0
0
0
0
0
0
0
0
0
0
0
0
0.31696
0.482557
0.279437
0.100217
0.195673
0.11541
0.0305733
0.0479267
0.04241
0.00528
0.00436
0.00574667
0.00331333
0.02971
0.00146
0.00420667
0.0441967
0.0370567
0.0409633
0.01272
0.02665
0.00453
0.00623667
0.00176333
0.03631
0.0250533
0.00891
0.00631
0.0386867
0.0246133
0.000206667
0.00287333
0.0253833
0.03055
0
0
0
0.00537
0.00864333
0
0
0
0
0
0
0
0.000296667
0.00657667
0
0.0210767
0.00731
0.00488667
0.0182633
0.00049
0
0.00454333
0.00107667
0.00188667
0.00708333
0.01008
0.0227267
0
0.0271967
0.000933333
0.01919
0.0433333
0.00582333
0.00783
0.01546
0.0446867
0.0382
0.0267867
0.0198133
0.00767333
0.00227
0.02467
0.00240667
0.0224967
0.02346
0.0290067
0.02001
0.0145833
0.0620333
0.05018
0.00920333
0.00144
0.0332867
0.04246
0
0
0.0455433
0.0230333
0
0
0
0
0.04259
0.02082
0
0.0115567
0
0.00121333
0
0.00123333
0.00012
0
0
0.00012
0
0
0
0
0
0
0
0.59843
0.52971
0.138567
0.170237
0.0773033
0.0555467
0.0380667
0.0501267
0.0121933
0.0329267
0.0213333
0.0511333
0.0481733
0.0496467
0.02349
0.03306
0.00894333
0.0365833
0.0224367
0.0203867
0.00896333
0.0532933
0.0481333
0.0359767
0.0300067
0.00810667
0.0513433
0
0.03673
0
0
0.02105
0
0.00643
0.00106
0
0
0
0
0
0
0.0001
0.00103
0
0.00196
0.00235
0.00142
0.00049
0
0
0.00519667
0.00585333
0.0203867
0.0164333
0
0
0.0179033
0.00865333
0.00337
0.000693333
0.00558333
0.00770667
0.01047
0.0141467
0.01311
0.0193567
0.03436
0.00205333
0.00745667
0.0317933
0.00228
0.00776333
0.00381333
0.02687
0.01436
0.0356767
0.0153467
0.0551433
0.0004
0
0
0.0792367
0.0591933
0
0
0
0.0747333
0.0517367
0
0
0.0358067
0.0173967
0.00895
0
0
0.01447
0.00685333
0
0
0
0
0.419787
0.474593
0.404663
0.302593
0.334807
0.26577
0.174273
0.24147
0.0728533
0.03249
0.0495933
0.01698
0.0591567
0.0607933
0.0467767
0.0245867
0.0827433
0.0731933
0.0634133
0.06875
0.0446567
0.0233633
0.00604667
0.0511667
0.000606667
0.000606667
0.0369033
0
0
0.0214
0.00764667
0
0
0.00192667
0.00106
0
0
0
0
0
0
0.00093
0
0.00093
0.00093
0
0
0
0
0
0
0
0.000656667
0.000656667
0.0019
0.00124333
0.00124333
0.000693333
0.00118
0
0.00190667
0.00209667
0.00118
0.0116767
0.02475
0.0298633
0.0336167
0.0366733
0.0333733
0.0278633
0.02339
0.0107533
0.00593
0.0482367
0.0403533
0.0554767
0.0430433
0.00860333
0.00142
0
0.0004
0
0
0
0.08475
0
0.0858433
0.0598967
0
0
0
0.00643667
0
0
0.000816667
0.00012
0
0
0
0
0
0.144503
0.16791
0.0744333
0.0914467
0.0717067
0.0813733
0.0680867
0.04263
0.0426067
0.0576667
0.0264433
0.00948667
0.03976
0.000966667
0.00036
0.0336733
0
0.0179767
0.00158667
0.00072
0
0.00072
0
0
0
0
0
0
0
0
0
0
0
0
0
0
0
0
0
0.000883333
0
0.0168333
0.0312533
0.0429233
0.0359033
0.0298967
0.0210867
0.01236
0.00509333
0.0239133
0.00980333
0.05063
0.00102
0
0
0.07758
0
0
0.08825
0
0
0.09776
0.08552
0.06283
0
0.0348567
0.0348
0.01411
0
0.00931667
0.00152333
0.000826667
0
0
0.0690067
0.05727
0.02667
0.0414433
0.0102367
0.0385967
0.00171667
0.0366267
0
0.0221733
0.0132033
0
0.00796667
0
0.00774
0
0
0
0.00262667
0
0.00016
0.00032
0.00016
0.00016
0.00016
0
0
0
0
0
0
0
0
0
0
0
0
0.000353333
0.00123667
0
0.0029
0.00434667
0.00057
0.00114
0.0192967
0.00840667
0.0429667
0.0379733
0.03581
0.0201733
0.00606333
0.00490667
0.04774
0.000696667
0.00146333
0.000253333
0.00033
7.66667e-05
0.0795867
7.66667e-05
0.0880033
0
0
0.0649933
0
0
0.04236
0
0
0
0
0.09164
0.0773467
0.0570467
0.0676433
0.03697
0.0360133
0.0270667
0.0588767
0.0123233
0.00340667
0.00205
0.0169367
0.0247567
0.03565
0.0276033
0
0.0350033
0.01618
0
0.00036
0.00709
0.0206433
0.00967667
0.00534333
0.00485333
0.00465333
0.00052
0
0
0
0
0
0
0
0
0
0
0
0
0
0
0
0
0.000353333
0
0
0.000353333
0.00268333
0.00091
0.00057
0.0188633
0.0238
0.00883667
0.00817667
0.03433
0.0175367
0.112933
0.0165867
0.00319
0.116703
0.00282333
0.104337
7.66667e-05
0
0.09196
0.0550667
0
0
0.0324333
0.0249033
0.0142133
0
0
0.00804667
0.00245333
0.00162667
0
0.17462
0.18225
0.0449667
0.0356033
0.0367133
0.0860767
0.0666733
0.00431667
0.0121233
0.0608167
0.00226667
0.0281467
0.03005
0
0
0.0462733
0.0552633
0.06005
0.05214
0.00552667
0.0315567
0.0223367
0.02232
0.00986
0
0
0
0
0
0
0
0
0
0
0
0
0
0
0
0
0
0
0
0.00034
0
0.00068
0.00356
0.00191
0.110227
0.16138
0.102163
0.242603
0.24467
0.0426767
0.176707
0.304493
0.00268667
0.155923
0.000193333
0.000116667
0.1376
0
0
0.00162667
0
0.141467
0.408
0.38108
0.259107
0.479783
0.17933
0.06272
0.00319667
0.00093
0.0572967
0.0366967
0.0112633
0.0231533
0.00609667
0
0
0
0
0
0
0
0
0
0
0
0
0
0
0.00034
0
0
0.00123
0.00123
0.00034
0.00157
0.295823
0.11146
0.172037
0.0429833
0.114717
0.37892
0.0165667
0.277257
0.27131
0.0141867
0.00023
0.10496
0.00691
0.000583333
0.00209667
0.000113333
0.0344867
0.0277833
0.0120333
0.24822
0.487833
0.179673
0.300857
0.509337
0.115953
0.0538467
0.13398
0.203943
0.20736
0.04697
0.08236
0.0789767
0.08933
0.0282233
0.03929
0.01374
0
0
0
0
0
0
0
0
0
0
0
0
0
0
0
0
0
0
0
0
0
0
0
0.41379
0.336337
0.48774
0.105363
0.412127
0.3442
0.03125
0.10407
0.02724
0.0177633
0.170743
0.104267
0.03178
0.0148733
0.488117
0.655633
0.25177
0.59246
0.662777
0.524093
0.37522
0.259393
0.0952067
0.0863567
0.0579967
0.0523467
0
0
0
0
0
0
0
0
0
0
0
0
0.00057
0.00057
0.00107667
0.000506667
0
0.28224
0.285313
0.305773
0.258313
0
0.000103333
0
0.000236667
0.000193333
0.000133333
0
0.000193333
0
0.00172667
0
0
0.00229667
0
0
0.000506667
0
0.00073
0
0
0.00208
0.000833333
0.00100333
0.00148333
0.00296667
0.00119667
0.00168
0.000433333
0.000423333
0.00219333
0.00202667
0
0.00023
0
0
0.0165767
0.0289033
0.0167967
0.01513
0.00223667
0
0.00274333
0.00801667
0.00627333
0.00639
0.000846667
0.00372
0.0110467
0.00185
0.01197
0.00217667
0.00136667
0.00246333
0.000526667
0.00229667
0.00528667
0.000296667
0.01913
0.0312067
0.0421367
0.0300933
0.01767
0.00386667
0.0231433
0.0393033
0.02925
0.0121933
0.0188467
0.02276
0.0243367
0.0292933
0.04024
0.00911
0.02362
0.00899333
0.00219667
0.00559
0.00469
0.00103333
0.00455667
0.00236667
0.0249333
0.02344
0.0508267
0.05077
0.0392967
0.0505033
0.0311367
0.0163933
0.0233067
0.04105
0.0581933
0.01591
0.01514
0.0107167
0.00536
0.0114833
0.00346667
0.00439667
0.0130267
0.0113033
0.0573133
0.0584433
0.0434733
0.0521933
0.04677
0.0641767
0.06058
0.0779633
0.0392933
0.06292
0.0501233
0.0493533
0.02108
0.0220667
0.00896
0.0111433
0.0105033
0.01221
0.00530333
0.0918233
0.0824033
0.114543
0.0806033
0.10078
0.151283
0.0896133
0.103167
0.139193
0.0824567
0.0977833
0.0622867
0.0292067
0.00932667
0.0054
0.130733
0.144173
0.165997
0.18793
0.137913
0.208577
0.12198
0.182073
0.0775267
0.0422
0.0307867
0.01083
0.233833
0.271613
0.362547
0.27199
0.332867
0.32666
0.11808
0.199707
0.0709533
0.0622133
0.115417
0.07572
0.0862
0.0392533
0.54795
0.613497
0.57202
0.44193
0.27895
0.34148
0.63821
0.723123
0.72248
0.455393
0.47505
0.322277
0.303263
