0
0
0
0.00612333
0
0
0.0302667
0
0
0.00907
0.000686667
0
0.547557
0.0159667
0.0419533
0.0216033
0
0.03836
0
0.000323333
0
0
0
0
0.0109
0.00057
0.0311133
0
0
0
0
0.000756667
0.00291
0.01132
0
0.0296433
0
0
0.00809333
0.0347167
0.00954
0.00057
0
0
0.0623
0.000893333
0
0.0257
0
0
0.01233
0.01682
0.03508
0.000113333
0
0.01569
0
0.00560333
0.00126
0
0
0.0269667
0
0
0.00549
0
0.00440667
0.10242
0.0803333
0.0421733
0
0.00924667
0
0.03113
0
0.0391167
0
0.0157767
0.00033
0.0782
0.100823
0.0133667
0
0
0.06203
0
0
0.287087
0
0.0216067
0
0
0
0.35331
0.00687667
0.12748
0.306597
0
0
0.353683
0.01107
0.479313
0.00066
0
0.0430633
0.0609433
0
0
0
0
0.000326667
0
0.0520533
0.00033
0
0.000213333
0.000326667
0.000216667
0.0130033
0.0109233
0
0.02989
0.00054
0.000493333
0.02071
0
0.04005
0.00066
0.000313333
0.0302833
0.0258933
0
0.0287567
0.00025
0.05102
0.0238367
0.00624333
0.0168567
0
0
0.0532267
0.01316
0.0182367
0.00524667
0.03734
0.01367
0.02977
0
0.000296667
0.0518267
0
0.00318667
0.00936333
0.04321
0.0360033
0.00151667
0
0
0.00889
0.02197
0.00102667
0
0.03522
0.000663333
0.00024
0.0389767
0.0324867
0
0.175327
0.09769
0.00540333
0.00528333
0
0
0.05029
0
0
0.0298133
0.00638333
0.0131267
0.00905
0.02068
0.0476233
0.035
0.07839
0.06704
0.000336667
0.0303033
0.0459933
0.00889
0.469467
0.0239033
0.00028
0.275953
0.000896667
0
0.0316
0.00611333
0.501327
0
0
0.00603333
0.03154
0.118837
0.29365
0.0558233
0.0122
0
0.000806667
0.00636
0.00158333
0.111957
0.234187
0.133763
0
0.0918633
0.00644667
0.0102367
0
0.01533
0
0.0789267
0
0.00114333
0
0
0
0.06611
0.06158
0.568973
0.09283
0
0.0415933
0
0
0
0.0253067
0.00065
0.000293333
0.05562
0.0695333
0.0276333
0.02097
0.00068
0.0654533
0.000296667
0.00451333
0
0.00034
0.00043
0
0.00227333
0.000806667
0.04648
0.0211667
0
0.000886667
0.05582
0.03891
0.00116333
0.000113333
0.00121
0.00839
0.00052
0.0100833
0.0203033
0.0185967
0
0.00603
0
0
0
0.0140433
0.000363333
0.00642333
0.00274
0.00722
0
0.000356667
0.04782
0
0
0.06148
0.0159967
0.0336
0.00026
0.000626667
0.00113667
0.0319033
0.06553
0.07756
0.00753333
0
0.00120667
0.0434367
0.02327
0.0543133
0.06623
0
0.017
0.0496433
0.03005
0.0899833
0.00072
0.01095
0
0.00605
0.02694
0
0.03566
0.00120667
0.0643
0.0440133
0.00145667
0.0210733
0.01254
0.000296667
0.0423267
0.0103667
0.03046
0.00722333
0.000216667
0.0243233
0.0171533
0.04355
0.03678
0.0129167
0.0291133
0.04791
0.0332167
0.0175567
0.00767
0.0164133
0.00426333
0.45638
0.0132
0
0.0185567
0.0256
0.000173333
0.0657667
0.0433167
0.0324167
0.00148333
0.00043
0.183993
0.532403
0.04406
0.0124833
0.06645
0.000476667
0.0147233
0.0866033
0.197713
0.0614067
0
0.0242933
0.65781
0.10181
0.0134633
0.00106667
0.0587633
0
0
0
0
0.04029
0.02126
0.000813333
0.03413
0.0382567
0
0.000356667
0.0185133
0
0.0248467
0.0831033
0
0
0.0480767
0.0500733
0.00398
0.0325367
0
0.03375
0.0389433
0.0186733
0
0.04154
0.00181667
0.00111
0
0.02179
0.00941
0.15177
0.0568733
0.0333167
0.0609567
0
0.00209333
0
0.000363333
0
0.000296667
0.00366333
0.000893333
0
0
0
0
0
0
0
0.0143
0.00526333
0.03264
0.00047
0.01083
0.0157933
0.00646333
0
0.0141967
0.00068
0.000703333
0.04334
0.0511733
0.08231
0.000276667
0.00555667
0.08293
0.0920133
0.0539367
0.00191333
0.0543333
0.0463567
0.0264933
0.000926667
0.0374233
0.07281
0.20275
0.296067
0
0
0.00132
0.771323
0.00393333
0.0390867
0.04357
0.0291067
0.000583333
0.01836
0.04126
0.0121133
0.000546667
0.0343233
0.00310667
0.230763
0
0.03456
0.242777
0
0
0.03115
0
0.0474733
0.0363167
0.00860333
0.0254967
0.0449667
0.0240067
0.0189
0.0143467
0.0111433
0.00421
0.324547
0
0.00723
0.03577
0
0.00264333
0.124447
0.05946
0
0
0
0
0
0
0.0109367
0.0258033
0.0302433
0.03008
0.108673
0.0301267
0.341303
0.02365
0.02275
0.186663
0
0
0.000533333
0
0
0.000113333
0
0.00388
0
0
0.0389633
0
0
0
0
0.000243333
0.0255933
0
0.0673133
0.0329667
0.00274
0
0
0
0.00082
0.0212733
0
0.0499967
0.0823
0.00514333
0.0207233
0.00479
0.00420333
0.00118333
0.02646
0.0148467
0
0
0.00267
0
0
0
0
0
0
0.0384833
0
0.01055
0.0969267
0.000433333
0.02338
0.00333
0.111937
0.00042
0.00056
0.00864667
0.0435967
0.0845
0.00099
0.00620333
0.000583333
0.0166167
0
0.00589333
0.2121
0.01797
0.29657
0.07523
0.16914
0.00193
0
0
0.00814
0.398013
0.0982733
0.0519567
0.04366
0.00772667
0.000106667
0.0292633
0.000323333
0.0804833
0.000136667
0.00119667
0.0213567
0.000136667
0.00829667
0.0252167
0
0.00153
0
0.00022
0
0.0322
0.000833333
0.00209333
0
0.00928333
0
0.00670333
0.000476667
0.01634
0
0.00028
0.0290567
0.0008
0.0169367
0.000833333
0.0108433
0.000513333
0.515057
0
0.000333333
0.14511
0.27456
0
0.000183333
0.06392
0.248037
0.05288
0.112183
0.239403
0
0.000906667
0.00547667
0.0277967
0
0.14991
0
0
0.01397
0
0.000143333
0.06686
0.0253867
0.06717
0
0.0002
0.0002
0
0.00597333
0.0807333
0
0
0.000943333
0
0
0
0
0.00189667
0
0
0.480257
0.3965
0.0452
0.271237
0.0758667
0
0.250433
0.109827
0.127953
0.177813
0.00019
0.0531633
0.00295333
0.00019
0
0.00460333
0.00821
0.00554
0.00711
0.00170667
0.00135333
0.0597233
0
0
0
0
0
0.000213333
0
0
0.000956667
0.00412333
0.0267233
0.00183
0.06065
0
0
0
0
0
0.00052
0.00052
0
0
0.00494
0.00458333
0.0159233
0.05621
0.00078
0.00909
0
0.000536667
0.00459667
0
0.0695433
0
0.01486
0
0
0.0338867
0.03574
0
0
0
0.0284
0
0
0.02452
0
0.000663333
0.000763333
0.0301133
0
0.000433333
0
0
0.05767
0.000183333
0.0501267
0.00501667
0
0
0.03213
0.000973333
0.00796
0
0.00014
0.0254567
0.0210733
0.06285
0
0.01321
0.02444
0.180607
0
0.09609
0.000793333
0
0
0.000173333
0.0870667
0.0838133
0.74536
0.0512867
0.0405367
0
0
0.02462
0.05493
0.0274733
0.01933
0.0017
0.0565967
0.00103
0.0764633
0.000316667
0.06992
0.00162
0.00125
0.405743
0.000246667
0.00085
0.0274933
0.0114767
0.000833333
0.02894
0.00136667
0.000876667
0
0.00114
0.0314933
0.00039
0.00793667
0
0.0177733
0.000273333
0.00142
0.00119333
0.0329333
0.0305033
0.469653
0.291063
0
0.304617
0.00222333
0.213857
0.00035
0.00035
0.161033
0.137193
0
0.101917
0
0.000493333
0
0
0.03423
0.02991
0.00023
0
0.00972667
0
0
0
0.000763333
0
0
0.105257
0
0
0
0
0.0107067
0.0283367
0
0
0
0.08345
0.426113
0.07449
0.454363
0.16602
0
0
0.219207
0.146113
0.236473
0
0.252397
0.13368
0.00806667
0.00444
0.124743
0
0.0245733
0.571073
0.00475333
0.00286
0.00967333
0.0106633
0.00444
0
0
0.0658967
0.00912333
0
0
0.00034
0
0
0.63736
0.46781
0
0
0.000503333
0
0
0.07679
0.000286667
0
0
0
0.01996
0
0
0
0.03777
0
0.000793333
0
0
0.00875333
0.0455167
0
0
0.00026
0.00576667
0.115213
0.00111667
0.00118333
0.00252
0.05673
0
0
0.01331
0.000416667
0
0.0342867
0
0
0.00443667
0.0015
0.00583667
0.0319967
0.0758767
0.2222
0
0.0508267
0.00875
0
0
0.0007
0.0543867
0.00023
0
0.000563333
0.0319667
0.000183333
0
0.00537667
0.00499667
0.00270333
0.0324867
0.03094
0.0345933
0.00667333
0.00137333
0.00117667
0.0325867
0.0310933
0.000533333
0.0600033
0
0.04757
0.00106333
0.00163333
0.04579
0.00048
0.02549
0.161483
0.0875
0.0713233
0.191047
0.127343
0.0042
0.0122767
0.659787
0.04306
0.000173333
0.0661
0.0491633
0.03213
0.5984
0.01438
0.0889533
0.00745333
0.000943333
0.0178833
0.351473
0.00452333
0
0
0.00268
0.00022
0.00011
0.174153
0.00048
0
0
0.00136667
0.0689267
0
0
0.00711667
0.0178067
0.000636667
0.00848333
0.000983333
0.02625
0.000273333
0.000386667
0.00505333
0.01666
0.00988
0
0.00093
0
0.288333
0
0.115197
0
0
0.108437
0.03962
0.0199
0.00222333
0.00554667
0.426917
0.0107
0.00023
0
0
0.0112533
0.0127967
0
0
0.00455667
0
0
0
0.18111
0.04422
0.000976667
0.00021
0.00135333
0.00378333
0.02857
0
0.00125333
0.03318
0.0063
0.00031
0.00069
0.00209667
0
0.00732
0.00619333
0.0453467
0.0974533
0
0
0
0.244887
0.00114333
0.293743
0.01538
0.01493
0.0124333
0.02234
0
0.000106667
0.0350467
0.103753
0.06832
0.05163
0.0104767
0
0.00888
0.38012
0
0
0.00284667
0.03187
0
0.00661
0
0.000293333
0.02083
0.00032
0
0
0
0.01497
0
0
0
0
0
0
0.0548867
0
0.000133333
0
0
0
0
0
0
0
0
0.0493467
0
0
0
0
0
0
0.0270533
0.0189467
0.02404
0
0
0
0
0.01304
0.00605667
0
0.00809
0
0.00242
0.0306633
0.0123833
0.00063
0.0341467
0.0143433
0
0.00014
0.0291933
0
0
0
0
0.02869
0
0
0.15992
0
0.0558767
0.00274
0
0
0
0.06296
0
0
0
0
0.000863333
0.00537333
0.00185
0
0.00294
0.00092
0.278423
0
0.04489
0.0489533
0.0576
0.0633567
0
0.09631
0.01937
0.0312767
0.01137
0.01003
0.105507
0.00153
0.00674
0
0.00082
0.0193467
0
0
0.0520567
0
0.0270533
0.137127
0.456887
0
0.00992
0.0394333
0.04921
0.0277233
0.3007
0
0.00198667
0
0.129343
0
0
0.00157667
0
0
0.0933667
0.0152533
0.0226933
0.00761667
0.0163933
0.00867667
0.000166667
0.0578033
0.0227267
0
0
0.00345
0.0131033
0.0635267
0.00491
0.00150333
0.00587667
0
0
0.0137933
0.000166667
0.0162167
0.0529667
0.0721667
0.05124
0.0517267
0
0.05819
0.00943667
0.00147667
0
0.000566667
0
0.0494933
0.01868
0.26451
0
0.00166667
0.0848867
0.0457
0
0.0889433
0.0927033
0
0.0101367
0.105417
0.0253467
0.0162233
0
0.0409833
0
0
0.236623
0
0.0287767
0.162233
0
0.05113
0
0.01827
0
0
0
0
0
0
0
0.00021
0.00222667
0
0.00473333
0
0.00222
0
0.06824
0.00064
0.0456767
0.0735567
0
0.05259
0
0.00550333
0.02392
0.0794533
0
0.0101
0.000106667
0.04861
0
0
0
0.000353333
0.000206667
0.00546333
0.0381667
0.00950667
0.0110767
0
0.0354833
0
0
0
0
0
0
0
0
0
0
0.00630333
0
0.00515667
0
0.00669
0.0028
0
0
0
0.00680333
0.0582467
0.0207233
0.00818333
0
0
0
0.0101067
0
0
0
0.31981
0.15649
0.00147333
0.04956
0
0.0286467
0.0306
0.02403
0.01642
0
0
0
0
0.000163333
0
0
0
0.02015
0.0306333
0
0.0211767
0.00596667
0.0233833
0.000886667
0.00099
0
0.172917
0.00552
0.0122167
0.14685
0.03218
0.03387
0.00358333
0.02646
0.04835
0.0100533
0
0.0602567
0
0.00151333
0
0
0.0816733
0.01442
0.0145167
0.0334767
0.03196
0.00765
0
0.0348267
0.00909
0
0
0.000513333
0.00715667
0.0581867
0.000173333
0.000106667
0
0
0.000313333
0
0.00761
0.00631
0.00022
0.0151867
0.000276667
0.00686333
0.0361133
0.00760333
0
0.00487
0
0
0.0108533
0
0.00521667
0.01178
0.0917067
0
0.00594
0.00994667
0
0.0430533
0.00862333
0
0.01857
0.00635667
0
0.05269
0.00266
0.000323333
0
0.00277333
0.00817333
0
0.01005
0.02833
0.0376533
0.000833333
0.0128367
0
0.00188333
0
0.0644767
0
0.0190867
0.0980367
0
0.02165
0
0
0.00043
0.0456933
0.0458533
0.000653333
0.0306433
0.0182367
0.0494167
0.00015
0
0.0917833
0.0490267
0
0.105217
0.0199067
0
0.00659333
0
0.133717
0.00035
0
0.0134167
0
0
0
0
0
0.0603367
0.0212267
0
0
0
0.00249667
0
0.00101333
0.0351567
0.05334
0.0480733
0
0.0711
0.00323667
0.0851533
0.0926267
0.0719067
0.00106667
0.00631333
0.00096
0.000353333
0.00096
0.00276333
0.00423667
0
0.000273333
0.00541
0.0843133
0.00396
0.000356667
0.00350333
0.00960333
0.00379667
0.000243333
0
0.00434333
0
0
0.00330333
0.00426333
0.00141667
0.000503333
0
0
0
0
0.000846667
0.0438133
0.0454933
0.01531
0.00546333
0.00035
0.0287567
0.000153333
0.000306667
0
0.07614
0
0
0
0.0887867
0.0306967
0.01047
0.0572833
0
0.000366667
0
0
0
0.00232333
0.00106333
0.0737967
0
0
0
0
0
0
0
0.140193
0
0
0
0.03917
0.10014
0.00092
0.0338033
0
0
0.01914
0.0767433
0
0.000196667
0.0378033
0.0171167
0.0220333
0.05026
0.000723333
0.0278933
0.08863
0.0730233
0.00177667
0.01122
0.0453233
0.00469333
0.000583333
0.00938
0.0396833
0.000926667
0
0
0.14889
0
0.000726667
0.0026
0.00706
0.00120333
0.000206667
0.0616633
0.0342667
0.596337
0.0218467
0.0006
0.00739333
0.0813033
0
0
0.00128
0
0.0739267
0.05466
0.000703333
0.0251167
0
0.02016
0
0.0497
0.000943333
0
0.00336333
0.00952
0
0.000313333
0.00139333
0.00476667
0
0
0.0817933
0.01151
0.00413667
0
0.00043
0.00116333
0
0.00209667
0
0.000786667
0.00100667
0
0.0119933
0.00175667
0.000386667
0.00140333
0
0.00068
0.00910667
0.0227433
0.000753333
0.00110333
0.00366333
0.0549267
0.0163967
0
0.0172467
0.00351
0.00816
0.00108333
0.000666667
0
0
0.01513
0.0684
0
0.03792
0.0469533
0.0562267
0.00113667
0.00216333
0.000693333
0.51735
0.004
0.0519867
0.00925667
0.326037
0
0.00148
0.0438533
0.01808
0.0497833
0.0100433
0.00237667
0.00555667
0.02079
0.03619
0.29292
0.0048
0.00502
0.0163767
0.03767
0
0.0338967
0
0
0
0.04746
0
0.153653
0
0.183393
0
0
0
0
0.00117
0.06854
0.0374367
0.000926667
0.0237567
0
0
0.000926667
0.000236667
0.000236667
0.00143
0.000923333
0.000993333
0.00139
0.0197533
0.00896333
0.0100467
0.440727
0.0959333
0.00304
0
0.0388033
0.00184333
0
0
0
0
0.00027
0
0
0.000153333
0.00032
0.00557667
0
0
0
0
0
0
0.000133333
0.000406667
0
0
0.00956
0.00679667
0.00313
0.00307
0.000213333
0.000213333
0
0.00611
0.00640333
0.00929667
0.04387
0.0359933
0.0048
0.00432667
0.00790667
0
0
0
0.0295933
0.0286067
0.00769
0.0106067
0.000213333
0
0
0
0.257987
0.0501867
0.00139
0.000153333
0
0.0326433
0.0458767
0.00596667
0.0134433
0.0761633
0.08661
0.0529233
0
0.00226
0.00713
0.00688667
0.0260867
0
0.0545733
0.02522
0.0330133
0.00420667
0.0254733
0.0264567
0.00036
0.0323133
0.0350767
0.0266167
0.01141
0.000846667
0.0631467
0.03341
0.0406133
0.0405733
0.01978
0.0524633
0.0176733
0.0711833
0.02296
0.0372167
0.06942
0.03391
0.0971133
0
0.01666
0.00049
0.000823333
0.0785
0
0
0.000726667
0.000163333
0.00152
0.000576667
0.0053
0.000963333
0.00597667
0
0.000213333
0
0.000293333
0.01591
0.57902
0.17082
0.0360067
0.0510467
0.00014
0.00754
0.0137433
0.00734667
0.35949
0.00164667
0.00169
0.0097
0.0237133
0
0.00661333
0.00117
0.0292
0.02951
0
0.00625667
0.00120333
0
0.03405
0.0042
0.00803
0.00454
0.0381767
0.02694
0.00668667
0
0
0.01352
0.0207067
0.0210267
0.02306
0
0.00784667
0
0
0
0
0.01049
0
0.00160667
0.00640333
0.00039
0.0235667
0
0.0223333
0.0187267
0.000513333
0.01553
0.0177367
0.00107667
0.00068
0
0.00182
0.00759667
0.00041
0.00575667
0.0626967
0
0.00907
0.0492133
0.03454
0
0.01748
0.00013
0.000193333
0.0383733
0
0.0245633
0.0245733
0.02051
0.07576
0.03413
0.0161267
0
0.0250733
0.0298367
0
0.000386667
0
0
0.510537
0
0
0
0.00856333
0
0
0.118267
0
0.02705
0.04722
0.100687
0.186267
0.00443667
0.00452667
0
0.00410667
0.0257533
0
0.0003
0
0.000343333
0
0
0
0
0.00108
0.00035
0.00125667
0
0
0.124057
0.0007
0
0
0
0
0.04648
0
0.0404133
0.0504567
0
0.000143333
0.00356333
0.0698833
0.00547333
0.00152667
0.0309533
0
0.244837
0.0109867
0.00122333
0.0296767
0.03005
0.239723
0.324377
0.01067
0.0267233
0
0.0367467
0.00088
0
0.00946667
0.00503333
0.01271
0.00246667
0.00171333
0.00171333
0.0390267
0.00170667
0.00147333
0
0
0.0878233
0.00347667
0.0123533
0
0.000686667
0.00537
0.0117733
0.0674467
0.00569667
0.01049
0.000533333
0.0105633
0.0285
0.00710667
0.0196233
0.000326667
0.0138
0.03327
0.0251767
0.0686533
0.00877333
0.0341833
0.0106833
0.00703333
0.0148433
0.0421833
0.0264433
0.0169
0.02227
0.00161
0.0516867
0.00128667
0.03307
0.0171467
0.0102333
0
0.0133733
0.00314667
0.133067
0.0102933
0
0.03975
0.01046
0
0.0512733
0.00733667
0.199833
0
0.00968333
0.0150933
0.0105267
0.03383
0.00013
0.0693567
0.03686
0.0113833
0.0296567
0
0.00435667
0.0102267
0.00037
0.00015
0.07341
0.33244
0
0.00428
0.00673333
0.394807
0.0901433
0
0.000603333
0.00093
0
0
0.0622633
0.02019
0.58684
0.00207667
0
0.0314267
0
0.0655867
0.00395667
0.00130333
0.0108733
0.02747
0.0203333
0.000563333
0.0294367
0.00894333
0.36147
0.0247233
0
0
0.0377333
0.0328367
0.0235967
0.19437
0.05243
0.00011
0.05166
0.00371667
0.00602667
0.000476667
0.00043
0.00039
0.000473333
0.00924667
0
0
0.000293333
0.01119
0.0360867
0.04278
0.02814
0.0180567
0.000243333
0.02881
0.0125567
0.000163333
0.0112467
0.00127667
0.0244033
0.00032
0.0125167
0.10752
0
0.0310167
0.0816467
0.0742267
0.00797
0.0200567
0.0917867
0.00765
0.0192933
0
0.00476333
0.00156667
0.0470367
0.04423
0.0303467
0.00032
0.0597367
0.0153367
0.0395
0.00984
0.0307133
0
0
0
0
0.495853
0
0
0
0
0
0.00330667
0
0.00919667
0.000646667
0
0.0301533
0.01645
0.0275233
0.13281
0.153843
0.0610767
0.0293167
0.00015
0.00173333
0
0.00015
0.000193333
0
0
0.000283333
0
0
0
0.00216333
0
0
0
0.00746667
0
0
0.0246367
0.00603667
0.0196933
0.03481
0.02923
0.03858
0.00012
0.0233833
0.00233333
0.00737
0.0344233
0
0.00619667
0.10135
0.473103
0.382953
0.0144733
0.00912333
0.0120967
0.0966667
0.02189
0.01351
0.0387767
0.08063
0.0477733
0.00651667
0.0112333
0.0944233
0.0144833
0
0
0.00058
0.110047
0.00128
0.0105933
0.00493333
0.00724667
0.00565667
0.00980333
0.0304567
0.08016
0.000773333
0.0114133
0.000313333
0.0315567
0.00401667
0.00467333
0.00875667
0
0
0.0118833
0.00708333
0
0.0002
0.00224
0.0244767
0.0142
0.02122
0.0251333
0
0
0.02483
0.00039
0.0303033
0
0.0113867
0.000986667
0
0.00964667
0
0.0306467
0.02971
0.05023
0.00038
0.0333467
0
0.0369633
0.135737
0.01083
0
0
0.03338
0
0.0517033
0.08627
0.00205
0.0447533
0.13005
0.00582333
0
0.0525233
0.01369
0.0138567
0
0
0.0152
0.04903
0.00157667
0
0.00094
0.000836667
0.0016
0.0312867
0.02586
0.0257733
0.0184433
0.0432367
0.00741667
0.00632333
0
0
0.01154
0.000356667
0.0372767
0
0.01094
0.00681
0.000473333
0.00682667
0
0
0
0
0.00558667
0
0.000296667
0.00718667
0.000136667
0
0.000243333
0.00904
0.00389333
0
0.0370833
0
0.02403
0.03759
0.03071
0.01001
0.00074
0.000436667
0.0115167
0.00757667
0.0225
0.02774
0.0513167
0.00363333
0.0126867
0.00933
0
0.000476667
0
0.00590333
0.06662
0.00476
0.00673667
0.000793333
0.0434567
0.00341667
0.00116
0.000743333
0
0.07135
0.03423
0.00608
0
0
0.0392033
0
0.03913
0.0324667
0.00534667
0.00895667
0.03018
0
0.0159633
0.0128133
0
0
0
0
0
0
0
0
0
0.00330667
0
0
0.00366667
0
0
0.0523067
0.00321667
0.00451667
0.00034
0.21607
0.00056
0
0.0196133
0.0344
0.08091
0.03334
0.26922
0.00177333
0.00564333
0
0
0.000786667
0.0794033
0
0
0.0697967
0.0579467
0
0
0
0.00512
0
0
0.20901
0.0249767
0.364823
0.0688167
0.00038
0
0.0895833
0.00512
0.00078
0.0129967
0.00148
0.00686667
0.00281667
0
0.00717
0.355463
0.48708
0.00583667
0
0
0.000576667
0
0
0
0.00776333
0.01227
0.00017
0
0.0002
0
0
0.0230967
0.0679267
0.00152
0.00499333
0.00183333
0.0171033
0
0.0180933
0.0334033
0.0368767
0.045
0.0986167
0.00088
0
0.00134
0.0336867
0.0589667
0.04709
0.05876
0.000163333
0.0638333
0.0152433
0.00963333
0.00069
0.03954
0.00226
0.0743767
0.00502667
0.00990667
0.101617
0.00267333
0.04873
0.0332433
0.00584
0.000716667
0.0148933
0.0208333
0
0.00537
0.00692
0.00144333
0.00185333
0.0236167
0.0150333
0.00108333
0.02715
0.0652467
0
0.09883
0.0196933
0.03773
0.00053
0
0.08595
0.01228
0
0.000683333
0.01434
0.03775
0.439033
0.0511933
0.0216233
0.0803133
0
0.0258567
0.0800333
0.000723333
0.133167
0.0386233
0.000723333
0.0299
0.00253667
0
0.02171
0.00098
0
0.00201667
0
0
0.12898
0.19148
0.0427
0.0223433
0
0.0324
0
0.0331267
0.00014
0.00146333
0.0682933
0.140987
0.0317567
0
0.0616233
0.00812333
0.00015
0
0.00059
0.0100967
0.0432467
0.02011
0.0681767
0.00884333
0.02762
0.00047
0
0.00408
0.000296667
0.0678833
0.0153433
0.01435
0.000406667
0
0.000106667
0
0.01231
0.00088
0
0.0518267
0.0224633
0.00072
0.00085
0.00144
0.0184067
0.00416667
0.01938
0.000136667
0.00072
0.02358
0.0269833
0.01345
0.0825533
0.00197667
0.000466667
0.000166667
0.0968567
0.00304
0.00825667
0.00951667
0.0129233
0.00067
0.00785333
0.00495
0.00023
0.01531
0.00398333
0
0.00046
0.0752033
0.000893333
0
0.02388
0.0215467
0.0309767
0.00472667
0.0445
0
0.00118
0.0222367
0.03477
0.000193333
0
0.02944
0.00480333
0.00895333
0.00624
0
0
0
0
0
0
0.0454633
0.0306567
0.00017
0.00012
0.00074
0.000243333
0.00012
0.00998
0
0.000496667
0
0.00242
0.026
0.00028
0.0845067
0
0.256377
0
0.0213867
0
0.19353
0.0243933
0
0.0755867
0.00574667
0
0.03403
0.223143
0.000273333
0.0752733
0.20486
0.00318333
0
0.0314733
0.00649333
0.000933333
0.00128333
0
0
0.11197
0
0.0172067
0.00371333
0.00576333
0.00917667
0.00075
0.122253
0
0.00791667
0.000563333
0.00351333
0.00035
0.00208667
0
0.0105867
0.128847
0.01003
0.35418
0.00404
0
0
0.23657
0
0.188043
0.02397
0.195067
0.0790633
0.00087
0.0124867
0
0.02238
0
0.00172667
0.110677
0.05563
0.09264
0.01915
0.04472
0.0904433
0.03902
0.158093
0.123773
0.000193333
0.000703333
0.0557367
0.00046
0.0475667
0.16509
0.000193333
0.479003
0.00676667
0
0.00096
0.0529133
0.00550333
0.00296333
0.33334
0.00032
0.00356
0.01954
0
0
0
0
0.00903333
0.520833
0.00597333
0.00494667
0
0.03279
0.00102
0.0305933
0.02188
0.0239167
0.03401
0.565557
0.10104
0
0.0215167
0
0.00088
0
0.000163333
0.0284
0
0.00013
0
0
0
0.000596667
0.00121667
0
0.0523267
0.00106
0
0
0.0008
0.0404867
0.01581
0.02545
0.0008
0.00538333
0
0.000183333
0
0.0113867
0.0140567
0.01988
0.00138667
0.00151
0
0.00144333
0.00055
0.000533333
0.00445667
0.01355
0.000443333
0.0267267
0.00884667
0.000753333
0
0.0427667
0.01552
0.01174
0.0377633
0.00442667
0.02964
0.564567
0.0121567
0.02292
0.232887
0.0116833
0.0197667
0.0463533
0.06413
0.0276967
0
0.124473
0.04552
0
0.00038
0.0646367
0.0689033
0
0.00055
0.241507
0.0252833
0.00788
0.00163667
0.0605
0.0274967
0.0330233
0
0.00846333
0.05706
0.00258
0.03617
0.0260033
0.0504167
0.0160767
0.0599167
0.0182333
0
0.00123333
0.00496
0.0231767
0.00105
0.00248333
0.04028
0.00426
0.0273333
0.00149
0
0.00054
0.0920267
0.0845133
0.00175
0.0403833
0.00674667
0.0341033
0.00965667
0.000153333
0.00489667
0.00054
0.0198333
0.0260367
0.0333567
0.00534333
0.0139233
0
0.0279167
0.00485667
0.0160167
0.05027
0
0.09951
0.00119
0
0.00587333
0.0397433
0
0.02133
0.01401
0
0
0.00653667
0.02178
0.00011
0
0.04454
0.00733667
0.00011
0.00447333
0.00543667
0.00661
0.01897
0.00481
0.00674333
0.0071
0
0.000966667
0
0
0.00617667
0.000746667
0.000673333
0
0.0344567
0.0127067
0.00041
0.00535667
0.00492
0
0.0800533
0.000386667
0.0017
0
0.00123
0.03617
0.00507667
0.00047
0
0.00124667
0.128337
0.0196
0
0
0
0
0
0.0426
0.00460667
0.00116667
0.124943
0.0335067
0.0164867
0.000366667
0.00146333
0.00079
0.0124067
0.08855
0.0449633
0.00173667
0.0930733
0.211573
0.0371567
0.04075
0
0.000663333
0.04566
0
0
0.00354
0.00024
0.160453
0
0.00028
0.00071
0.00369
0.08284
0
0.20141
0.00502667
0.000366667
0.0229533
0.18077
0
0
0.00205
0
0
0
0
0
0.02739
0.0058
0
0.316937
0.01376
0.00187667
0
0.0652133
0.527793
0
0.0454467
0.00087
0.117777
0.00762
0.0673667
0.390057
0
0.0168
0.0005
0.0107867
0.00624667
0.00109667
0
0
0.03153
0.104283
0.0777267
0
0
0.116213
0.10975
0.0380067
0.06011
0
0
0.0209833
0
0.0167033
0.0115133
0.0460333
0
0
0.00054
0.00086
0.01054
0.00013
0
0.0207267
0.00654667
0
0.0458433
0.00026
0.00121667
0
0
0.00331333
0.02883
0.02718
0
0
0
0.0187367
0.0197867
0.00979667
0.000656667
0.0110633
0.0379833
0.0129067
0.00048
0.0091
0.00169
0.0159067
0.0263967
0.00278
0
0
0.0231233
0.0398067
0
0
0.00928667
0.00834667
0.00226667
0.02287
0.00331
0.00292
0.09155
0.205423
0.000593333
0.285077
0.115063
0.00521667
0.05487
0.01498
0.07454
0.01385
0.00228667
0.0425967
0.0504633
0.139973
0.46262
0.0682533
0.02222
0.00893333
0.00967333
0.00685667
0.000933333
0.0006
0.107747
0.000566667
0.000776667
0.0211067
0
0.00073
0.00824
0.000206667
0
0.00128
0
0.0508133
0.0489233
0.05422
0.0141967
0.00228333
0
0.000803333
0.00698667
0.00015
0.00658667
0.00164667
0.0718767
0
0
0.000836667
0.0236767
0
0.04394
0.00582333
0
0
0.00199667
0.0290067
0.00168333
0.02585
0.0186367
0
0.0397633
0
0
0.08945
0.0161733
0
0.0442967
0.0495767
0.0415767
0.0129433
0.0351733
0.05643
0.0488733
0.00083
0.00222667
0.0588467
0.0714367
0.00141333
0.01951
0.0300367
0.00998667
0.00120333
0.0699767
0.04369
0.00112667
0.08761
0.000436667
0.0300033
0.0459367
0
0.00109
0
0.0416133
0.000153333
0.0199633
0.00569333
0.000606667
0.0187233
0.0101967
0.00442333
0.000666667
0.000836667
0
0.05262
0
0.000606667
0.00112333
0
0.0315567
0.0657967
0.0779433
0.0386033
0.000736667
0.00667667
0
0.00748333
0.00023
0.0399733
0.01425
0.0317467
0.00023
0.00123333
0.00135333
0.000226667
0
0
0.0161833
0.00032
0.0132867
0.0149033
0
0
0.0144533
0
0.00109
0.000683333
0.01587
0.000513333
0.01104
0
0.00093
0.00680333
0.00303667
0.0135933
0.00501667
0.00024
0.0423033
0
0
0.000226667
0.0100433
0.0167967
0.03393
0.0451133
0.00548333
0.00505333
0.159643
0.0146933
0.0136167
0.0447667
0
0
0
0
0
0
0
0.0664833
0
0.000496667
0.0279233
0.0151533
0.000703333
0.000703333
0.23624
0.00617333
0.00178667
0.00460667
0
0.06445
0.02075
0.00464667
0.11591
0
0
0.0717633
0.0210633
0.00256333
0
0.0706367
0.0121167
0.0275067
0.00136333
0.369217
0.00237
0.00071
0
0
0.000933333
0.03454
0.00071
0.00115333
0
0
0
0.00546667
0.0013
0
0
0
0.00208667
0.0101633
0.00541
0.00627667
0.00215667
0.01355
0
0
0.00152667
0.0778967
0.00299
0
0
0.10627
0
0.00164
0
0.00043
0
0
0.02903
0.07171
0.0600267
0.08465
0.00794
0
0
0
0.00031
0.00539667
0.147943
0.0794633
0.147063
0.00028
0.0266633
0.00729333
0
0
0.00149667
0.02848
0.00054
0.000643333
0
0.00032
0.000486667
0.00100333
0.000153333
0.000686667
0.00026
0.0155233
0
0.000216667
0.00731667
0.00392667
0.03099
0.00875667
0.00902667
0.00141
0.000293333
0.00163
0.00822
0.0335867
0.04345
0.02392
0
0.00861333
0.000883333
0
0
0
0.00912333
0.0294367
0
0.00229
0.0134767
0.000523333
0.000173333
0.00149333
0
0.00233667
0.04648
0.0262367
0.0207067
0.00105333
0.00598667
0.00453333
0.485633
0.00071
0.00265
0.00479333
0
0.00625333
0.00381333
0.00983667
0.00107
0.000293333
0.000206667
0.00465333
0.02915
0.03144
0.0534567
0.00636333
0.110983
0.0364367
0.00122667
0
0
0.00931
0.000863333
0.0662133
0.000603333
0.000256667
0
0.000293333
0.00059
0.000376667
0.00109333
0.0369667
0.0230067
0
0.00858333
0
0.03249
0
0.000256667
0.0002
0
0.0204767
0
0.000206667
0.00709333
0
0
0.0206733
0.0653267
0.0112667
0
0.0692133
0.00117667
0.07913
0.00337667
0.05892
0.00674
0.000506667
0.0107667
0.0627767
0.0218633
0.0911033
0.0202833
0.01867
0.0342867
0.06847
0.00928
0
0.0675567
0.00937333
0
0.0320933
0.000233333
0.0279033
0.04253
0.0555667
0.00594667
0.0007
0.000413333
0
0.0464867
0.0347067
0.00122667
0
0.0139033
0
0.00580333
0.00744667
0
0
0.0143867
0.00869
0.0326767
0.0314667
0.05634
0.03806
0.0302233
0
0.0253367
0
0
0.0304067
0.0328867
0.0462033
0.00868
0.000413333
0.0530833
0
0.00915333
0.00537667
0
0
0
0.00041
0
0.0106367
0
0.0342433
0.0175767
0
0.05588
0
0.00084
0.000593333
0
0
0.04813
0
0.00161667
0.08717
0
0
0.04621
0.0134233
0.00085
0.00704
0.0135933
0.00931667
0.000666667
0.00658333
0.0166633
0.02442
0.04235
0.0437733
0.08225
0
0
0.00067
0.000453333
0.00544667
0
0.0355367
0.0401867
0.0666467
0.000703333
0.09656
0.00898
0.0133033
0
0
0.0140633
0.00938667
0.01564
0.0317233
0.23208
0.02393
0.000993333
0.00563667
0.0198767
0.00035
0.00083
0.000406667
0.0373367
0
0.0102567
0.02655
0
0
0
0
0.190263
0.00028
0
0.0103433
0
0.00115333
0.0015
0
0
0.0126967
0.000416667
0.00140667
0.0107133
0.0209633
0.00109
0
0
0.177023
0.00196
0.00031
0.00087
0.02817
0.0102
0
0
0
0.02122
0.0163967
0
0.00046
0
0
0.07635
0.0572467
0.00275333
0
0.2818
0.04537
0
0.0668067
0
0.00085
0.301523
0.27181
0.09972
0.103217
0.247607
0.248233
0.000163333
0.00013
0.00866333
0
0.00724667
0
0.00173333
0.02665
0
0.0177333
0
0.000163333
0
0
0.00953667
0
0.000636667
0.00042
0.000446667
0.0131033
0.0137867
0.000223333
0.000123333
0.00140667
0.0309367
0.000436667
0.01044
0.03882
0.0602167
0.0113633
0.06081
0.000343333
0.00122667
0.00702
0.0109833
0.0205533
0.0114767
0.00242
0.01599
0.000576667
0.0230767
0.00535667
0.00546667
0.0283
0.01024
0
0.0112933
0.438293
0.0187233
0
0
0.00109
0.000196667
0.0296267
0
0.0940467
0.00158667
0.000783333
0
0.22769
0.09395
0.0293933
0.00477
0.00198333
0
0.00105
0
0.00142667
0
0.00452
0.0115267
0.000256667
0.00046
0.00969
0.00059
0.000546667
0.0266
0.0118133
0.00312667
0.000153333
0.00108333
0.00094
0
0
0
0.0608733
0.00784333
0.00154
0.0587967
0.00138667
0
0.00957
0
0.00544333
0.05531
0.041
0.00189667
0.07695
0.00383
0
0.00083
0.00207333
0.0538733
0.0525533
0.000756667
0.00560667
0.02024
0.000263333
0.0255733
0.0507333
0.0295567
0.00556667
0.0366333
0
0
0
0.00435
0
0
0
0
0.0573233
0.0130933
0.00441667
0
0.00126
0.0200467
0.00706667
0.00107333
0.0273067
0.0069
0.00547333
0
0.000203333
0.00398333
0
0.0139633
0.000526667
0.0475833
0.0331233
0.000996667
0.00109
0
0
0.00529
0.00216333
0.01196
0.0105067
0
0
0
0
0
0.00084
0.00373
0
0
0.02104
0.00055
0.000136667
0.0330433
0.000466667
0.07516
0
0.0307367
0.000466667
0.00257
0
0
0
0
0.01097
0.0297967
0.01187
0
0.0449033
0
0.001
0
0.0564167
0
0.00029
0.000413333
0.03353
0
0
0.00076
0
0.0404833
0.02894
0.0329567
0
0
0.03838
0
0
0.0133167
0.0105733
0.00167
0.0427267
0.07514
0
0.244
0.00061
0
0
0.00067
0.05142
0.145993
0.00075
0.0255033
0.0172867
0.0155733
0.03484
0.000283333
0.0480167
0.03507
0.0200233
0.00813333
0
0
0.00926
0.00881
0
0.00123333
0.123707
0.0181867
0
0.00038
0.00834667
0.00695333
0
0.0336467
0.01528
0.00595
0.00994667
0.00141333
0
0
0
0.0110533
0.0686033
0
0
0.128063
0
0
0.01874
0.04501
0
0.00222
0.00112
0.04908
0.0414367
0
0.0472067
0.00333333
0.00043
0.000453333
0.00056
0
0.00938
0.0327367
0.01761
0.0861267
0.102123
0.16182
0.10513
0.00591
0
0.000306667
0.00139333
0.308803
0.0678
0.197873
0.0487167
0.00875333
0.000183333
0.0524467
0.0369533
0
0.000313333
0
0
0
0.0280433
0.0384
0.000746667
0
0
0.00541667
0.01407
0.000223333
0
0.00096
0.00140667
0.00926333
0.00893667
0.000346667
0.00651333
0.000273333
0.000273333
0.00398667
0.000746667
0.00658
0.0229833
0.01909
0.05047
0.000353333
0.0281267
0.00954333
0.0215167
0.000966667
0.00965
0.0117067
0.0422567
0.00527667
0.0110033
0.00799
0.0121067
0
0
0.0123133
0.00985
0.0145467
0.0130167
0.01425
0.0471033
0.05131
0.0121467
0.08069
0.06685
0.01071
0.00328333
0.0150633
0.00240667
0.00135
0.00173667
0.00216667
0.00206333
0.00268333
0.00780667
0.00107
0
0
0.00206333
0
0.0330133
0
0
0.02764
0.000303333
0.000726667
0.01504
0.000753333
0.00149667
0
0.01407
0
0
0
0
0.00459667
0
0.0486767
0
0.00327667
0.0622067
0.05246
0
0.000663333
0
0
0
0.000663333
0.00094
0.0643267
0
0.05413
0.0233867
0.0103367
0
0.0067
0.00310667
0.03623
0.00123
0.0183967
0.03805
0.000343333
0.0556367
0.0108867
0.0147267
0
0.01554
0.00908667
0.04052
0.05362
0.04374
0
0
0.00014
0.00460667
0.0678033
0.000553333
0.01731
0
0
0
0
0.00482667
0.00041
0.00648667
0.000766667
0.00437333
0.000536667
0
0.0126167
0.00975667
0.000566667
0.000383333
0.00577333
0
0.00667333
0
0
0.07755
0.0144767
0.0331433
0.0122267
0.000696667
0
0.000136667
0
0.14129
0.0114167
0
0
0
0
0.00044
0
0
0
0.000763333
0.0179733
0
0.00107
0
0.0508733
0.0005
0.0851433
0.0321933
0.0443133
0.00053
0.00241
0.00887
0.0479033
0.00539
0.00061
0.0126067
0.00147333
0.00575333
0
0.0144333
0
0.0403933
0.02911
0
0.0134733
0.0695033
0.00067
0.03067
0.00168667
0
0.000713333
0
0
0
0.00117333
0.0260867
0.00942667
0
0.000776667
0.01336
0.0405433
0.0347933
0.00522
0
0.0623267
0.0314933
0.0319933
0.0270233
0.000453333
0.0101633
0.00152667
0.00167
0
0.00134
0.00564
0.00649
0.00174
0
0.02523
0.0915633
0.08836
0.245747
0.02881
0.00144333
0.00735667
0.0310733
0.0138667
0.00658667
0
0
0.000416667
0.0509567
0
0.0129833
0
0.000386667
0.0375833
0.0373033
0.0563067
0.04774
0
0
0
0.0005
0.00164333
0
0
0.00215
0
0
0
0.0272433
0.00157667
0
0
0
0.183313
0.0966967
0.00707
0
0.000226667
0.00145333
0.0554167
0.38796
0.0113033
0.05355
0.0730367
0.00134
0.0163433
0.0273467
0.0261567
0.0424433
0.0239367
0.0652167
0.00483333
0.00518667
0
0.000283333
0.000493333
0.131903
0.06473
0.000223333
0.000223333
0.02625
0
0.0193267
0.0217633
0.0123167
0
0
0
0.13209
0.132013
0.000236667
0.06507
0.0106833
0.0163933
0.00409333
0.0692
0.103263
0.4675
0.0207533
0.0109067
0.000596667
0.01298
0.0144267
0.03657
0.00096
0.0227233
0.0156133
0
0
0.000223333
0.01331
0.00120667
0.00135333
0
0.00539333
0.00598667
0.00097
0
0.0218033
0.02805
0.0281067
0
0.000533333
0.000786667
0.00701667
0.03246
0
0.00398333
0.01656
0.000533333
0
0.00714
0.0115667
0.00384
0.0110233
0.029
0
0.0369333
0.00061
0.02802
0.000246667
0.0282833
0.0239033
0
0.000436667
0.000216667
0.01287
0.00457
0.00022
0.000343333
0.00057
0.000343333
0.00025
0.00348333
0.0103
0
0
0.00025
0.06479
0.0159833
0.000863333
0
0.0608467
0.00543
0.04636
0
0.00089
0.00946333
0
0
0.00484333
0.0686167
0.00728
0.0102433
0.0228967
0
0
0
0.0297933
0.0369133
0.0285967
0
0
0.000153333
0
0
0
0.02742
0.00157667
0
0
0.03281
0.00083
0.0317933
0
0
0
0
0.06731
0.0102633
0.000683333
0
0
0.000273333
0.000273333
0.00041
0.00045
0.000223333
0.00812333
0
0.0212967
0.00854667
0.0342867
0.00147333
0.00034
0.00051
0
0
0.04868
0
0
0.00632
0.00128667
0
0
0.000326667
0
0.00044
0
0.0397467
0.00903333
0
0
0.00457
0
0.00507
0.00988667
0
0.0456633
0.000313333
0.03994
0
0.000733333
0
0.00239333
0.000163333
0
0
0
0
0
0
0.0203667
0
0.00123
0
0.000343333
0.00172333
0.00920667
0.00046
0
0.000823333
0.00568333
0
0.00507667
0
0.01562
0
0
0.000213333
0.0511867
0.0322
0.01357
0.00914
0.0479667
0.03953
0.000563333
0
0
0.000473333
0
0.00067
0.00377333
0.000413333
0.01474
0.00065
0.00034
0.000473333
0
0.00026
0.01265
0.00566667
0
0.00332
0.0463233
0.182833
0
0
0.00130667
0.00643667
0.0003
0.0111567
0
0.000153333
0.00808333
0
0
0.00398
0.05157
0
0.0129533
0.00572
0.0348833
0.0199133
0.00220333
0.0038
0.0996467
0.00734333
0.04382
0
0.0493567
0.000333333
0.01372
0
0
0.001
0.0423767
0.04315
0.02027
0.00915
0
0.0019
0.445973
0.00829333
0.000263333
0.03843
0
0
0.00078
0.01169
0.0016
0.000283333
0.0685667
0.000273333
0.03548
0.0381433
0.000956667
0.03167
0.0993533
0.04658
0
0
0.00185333
0
0
0.0109967
0
0
0
0.0994533
0
0.00875
0.000576667
0
0.0526133
0
0.0201967
0.100743
0
0.209767
0.0534967
0
0
0
0
0
0.0204567
0.04471
0.0343367
0.02187
0.0687
0.00672
0.0121767
0.00021
0.07777
0.00028
0.04783
0
0.000473333
0.00283
0.0271067
0.000973333
0.0109567
0.154367
0
0.00131667
0.0750267
0.00327667
0
0.236957
0.00108
0
0.0118467
0
0.00075
0.0398433
0.0298967
0.00232667
0.00393667
0.00081
0.00106
0.15586
0.00122667
0.000236667
0.0463433
0.0406167
0
0.000306667
0.000126667
0.0828833
0.00970667
0
0
0
0.00170333
0.0334167
0.0116533
0
0.01786
0
0.01044
0.00174
0.000313333
0
0
0.00166333
0
0.00180667
0.00791
0.01189
0.0259333
0
0.0296633
0.00131
0.00981333
0.0002
0.0353867
0
0
0.03581
0.00802333
0.0418333
0.01331
0.000486667
0.00701667
0.01303
0.000356667
0.00131
0
0.0410767
0.02238
0.000216667
0
0
0.00128
0.00713
0.00144
0.000143333
0.00993667
0.000453333
0.0003
0.03328
0
0.00685667
0
0.0411967
0.00187333
0.000753333
0.000453333
0.000323333
0.0011
0
0
0.0264467
0
0.00129667
0
0
0.00729333
0.0513067
0
0.00963
0.00655667
0
0.000683333
0
0.00538
0.00513
0.00021
0.02241
0.00628333
0
0
0.00687333
0.0291367
0
0
0.000593333
0.00964667
0.00459667
0.04632
0
0.00675667
0.03081
0
0.0025
0.00109
0.05924
0
0
0.000696667
0.000936667
0.02865
0.00699333
0.000893333
0.09863
0
0.00034
0.0277
0.000506667
0.0284033
0
0
0.01567
0
0.00118667
0.00692667
0.0105667
0.000343333
0
0.00725333
0.00936
0.00295333
0.00445
0
0
0.000213333
0.0767167
0
0
0
0.0425167
0
0
0
0
0
0.03314
0
0.06993
0
0.0577267
0
0.000983333
0.00104333
0
0.000143333
0.000826667
0
0.00687667
0
0.000666667
0
0.00625
0
0
0
0.0766267
0
0.0273233
0
0
0
0.0128833
0
0.01576
0.00602667
0
0.00695333
0.000253333
0
0.0507733
0
0.0373233
0.00153
0
0
0
0.000253333
0.00276667
0
0.00472
0.0708567
0
0.00371
0.0039
0.00023
0.0203833
0
0.00488667
0.04021
0.00409
0.0507967
0.00221667
0.05699
0.00889667
0.00736333
0.00964667
0.000453333
0
0.03665
0.0179133
0.00619
0.04591
0
0.171457
0
0
0.0100167
0
0.0340433
0.0467233
0
0.000153333
0
0
0
0.0218467
0.00061
0.0886333
0.12418
0.0201867
0.00011
0
0.00438333
0.00159667
0
0
0.0259333
0.00085
0.0314067
0.0309433
0.0329767
0.022
0.0508567
0.00326333
0.00313333
0.00187
0.00076
0.0381
0.0113467
0.240057
0
0
0.05456
0.0368333
0
0.03149
0.03967
0.00751667
0
0.15261
0.0495833
0.0443767
0
0
0.11196
0.0357867
0
0
0.00591
0
0
0.0383833
0.0173533
0
0
0.0515433
0.01008
0.00257333
0.03731
0
0
0
0
0.0667567
0
0.000436667
0.0409633
0.0712567
0.0636267
0.0254333
0.0406733
0
0.0219467
0.0229367
0.0197267
0.04108
0.00294333
0.00953667
0
0.0571567
0.0225067
0.0368533
0.000446667
0.0398733
0.0576333
0
0.0132667
0
0.0138433
0.00899
0.00035
0
0.0422267
0.0339467
0
0.0108933
0.00479
0
0.0222733
0.0259967
0.00749667
0.00929
0.0178133
0.06446
0.0246933
0
0
0
0.0019
0.0550367
0.01004
0.000976667
0
0
0.00128667
0
0.0427933
0.0227767
0.00163
0
0.00237333
0.01142
0
0
0
0
0.0224967
0.00739
0.000236667
0.00104667
0.04992
0
0.0142267
0.00371333
0.02013
0.05043
0.126487
0.0778267
0.0180233
0.04114
0
0
0
0.09253
0.4401
0.0723067
0.0117233
0.0239333
0
0
0.04121
0.00694
0.000676667
0.188097
0.00879
0
0
0.00052
0.0321733
0.136577
0.0629733
0
0.06123
0.01256
0.0380867
0
0
0.17277
0.0158567
0.0161967
0
0
0.0364667
0.00503333
0
0.01087
0
0.0411933
0.0510467
0.05256
0.0529
0.00914667
0.000173333
0
0
0.00350667
0
0
0.0198367
0.0229067
0.0190533
0.00447333
0
0.0242367
0.01193
0
0.01001
0.0446767
0.0417067
0.0238533
0.0368867
0.02945
0.0401067
0.024
0.04669
0.0466367
0.0357433
0
0.00141667
0.0285
0.00455
0.0489133
0.0308
0.0102367
0.00686333
0.0197467
0.000223333
0.0133867
0.00488333
0.04439
0
0.06695
0.0293167
0.0193467
0.0137867
0.00087
0.000836667
0.00649
0.08207
0.00018
0.00777667
0.000233333
0.00112333
0.00043
0.0295
0
0.00794
0
0
0
0.0346367
0.000683333
0.000453333
0.0531833
0
0.01225
0
0.000593333
0.00062
0.0218933
0.0354933
0.000686667
0.0375633
0.0016
0.00579
0.0009
0.00129667
0
0.0435633
0.0214667
0
0.0422833
0.00199
0
0
0.00507333
0.0395367
0.01106
0.00744333
0.00137667
0.01776
0.00654333
0.000383333
0.000383333
0
0.0386633
0.06794
0.0102833
0
0
0
0
0.000476667
0
0
0.000813333
0
0.000386667
0.0499267
0.00189333
0.000756667
0.00062
0
0
0.0046
0.00423
0.00166
0
0.00808
0
0.00132
0
0.00462
0.00873333
0
0
0
0.00978
0.00066
0.0630933
0
0.00290333
0
0
0.0556367
0
0.00512333
0.0424
0.00113333
0
0.00458667
0.000413333
0
0
0
0.00616
0.00290333
0.0615867
0.00496333
0
0.0194567
0
0
0.00135333
0
0.00321
0
0
0.0531433
0.0132733
0
0.00623333
0.104363
0
0
0.00651667
0
0
0.0391567
0.00973667
0.0137333
0
0.0306733
0
0.0102567
0
0
0.00816
0.00681667
0.000163333
0.0112533
0.0247133
0.0134067
0.04522
0
0.0106767
0.07527
0.0638433
0.0242433
0.0570667
0.00149667
0.00225333
0.00486667
0
0.000453333
0.00614
0.0220533
0.0035
0.0152733
0
0
0.00111667
0.01711
0.03358
0.04524
0.0139633
0.000466667
0
0
0
0.0206333
0.02216
0.0276867
0.0516867
0.07651
0.08298
0
0.00117667
0.00117667
0.00121
0.00437667
0.03691
0
0.00213333
0.0291667
0.0113
0.000593333
0.07081
0.0350667
0.00036
0.1324
0.000253333
0.000383333
0
0
0
0
0.03652
0.385907
0.00367667
0.24266
0.102563
0
0.0131433
0.00456667
0
0
0.00112
0
0.00907333
0.001
0.00095
0.52988
0.402497
0.00554333
0
0
0.00342333
0.0392333
0.00112
0.00112
0.00073
0.0181633
0.00901333
0
0.00012
0
0.0331633
0.0223667
0.0402833
0
0.0146867
0.00083
0.02518
0.0398233
0.0546633
0.0229333
0.000943333
0.00593
0.02122
0.0263833
0
0.00164667
0.00685333
0.00621
0.00165333
0.00910667
0
0.03697
0
0.0305867
0.00294
0.01688
0.00023
0.00605333
0
0.0580367
0.04911
0.00397667
0.00761
0.0283067
0.0109767
0
0.0627833
0.0480033
0.0021
0.00653333
0.02548
0.00787333
0.000476667
0
0.05667
0
0
0.0179833
0.00103333
0.0016
0.000976667
0
0
0
0.0152467
0.0509267
0.00159
0.000836667
0.02219
0
0
0.00111333
0
0
0.0286567
0.0088
0
0
0.00135333
0
0
0
0
0
0
0.00117667
0
0
0.00073
0
0.0432
0.000763333
0
0
0
0.00590333
0.01228
0
0
0.0135533
0.00219667
0.11525
0.00890333
0
0.0043
0.00118
0
0.00220333
0.173273
0.00290667
0.00605
0.0319367
0
0.00337
0
0
0.00507333
0
0.00504
0.0107467
0.00992333
0.00725
0.0404667
0.00118
0.0222933
0.0012
0.0201033
0
0
0
0.161747
0
0.380373
0
0.06976
0.0308767
0.000813333
0.000836667
0.000343333
0.0204667
0.00154333
0.00124333
0
0.000276667
0
0.0209033
0.0012
0
0
0
0.00801333
0.00086
0
0.356813
0
0
0.00772
0
0
0.00170333
0.02679
0
0
0
0.00132667
0
0
0
0.00305333
0
0
0.00251
0.00222667
0.000523333
0.0206667
0
0
0
0.00708333
0
0.00068
0.00023
0
0.0537833
0
0
0
0
0.000293333
0.032
0.01299
0.00277667
0.0367667
0
0
0.00358
0
0.00508333
0.000293333
0
0
0.01546
0.01199
0.00074
0.00407
0.00132667
0
0.00260333
0
0
0.05486
0.0204
0.000443333
0.0222933
0.00151
0.00086
0.00774667
0.00086
0
0.00056
0.000726667
0.00260333
0
0
0
0.00618
0
0.01565
0.00687
0
0
0.0330233
0
0
0
0.00315
0.0291733
0.02361
0.00911667
0
0
0
0.0343367
0.0629033
0
0.02288
0
0.00800333
0
0.0603067
0
0.000263333
0.000263333
0
0.000543333
0.00336667
0.00815
0.00793667
0.0111133
0.0154633
0.000533333
0.03578
0.0240233
0
0.00219333
0
0.00235
0.0406067
0.0466867
0.01187
0.0140467
0.0329367
0.00150667
0.0568967
0.00059
0
0
0.00796
0
0.00138667
0
0
0.0401367
0.00967
0
0.0122833
0.0530567
0.0127233
0.0662333
0.00014
0.0647033
0.0261067
0.01956
0.00123333
0.0156333
0.00304333
0.05099
0.04452
0
0.00653333
0.07931
0.00816
0.00761333
0.0260167
0
0.0623267
0
0
0.0424033
0.0299267
0.000736667
0
0.00785667
0.00816333
0.00507
0.00051
0.000766667
0.0273167
0
0.00088
0.000326667
0
0.03485
0.000323333
0.0187267
0.08433
0.0158867
0
0.000653333
0.02177
0
0
0
0.00281667
0
0.0712733
0.00154667
0.06624
0.0118367
0
0.00049
0
0.01062
0.00190333
0.04043
0.02838
0.000193333
0
0
0
0
0
0.06111
0.0324167
0.0007
0
0.00776
0.000213333
0
0
0.02891
0.00290333
0
0
0
0
0.000546667
0.0207333
0
0
0
0.0128367
0.0517333
0.0340867
0.0101867
0.00463
0
0.000393333
0.0100867
0
0
0
0.00478333
0.00085
0
0
0.0649833
0
0
0
0
0.00351667
0
0.00856667
0.00077
0
0
0.00224667
0.0142567
0
0
0.00124333
0
0.02684
0.0170233
0.0137233
0.01132
0.000666667
0.0268267
0
0.0005
0
0.00784
0
0.0142933
0.0260367
0.00664
0.00653333
0
0.0124767
0.00069
0.00132333
0.0240933
0.00284667
0.000843333
0.00284667
0.0578067
0.0638967
0
0
0
0.000283333
0
0
0.00301
0
0
0.03047
0
0.0712
0.0690567
0.0490067
0.0276267
0.02702
0
0.00113333
0.00167333
0.00073
0.0332367
0.02321
0.00165333
0
0.00940333
0.0488033
0.00989667
0.01668
0
0.00293333
0.01734
0
0.00186667
0.00674
0.0549167
0.0005
0.0393533
0.00180333
0.0182767
0.0296533
0.0294733
0.00583667
0.00501
0
0.02315
0.0123833
0
0.00072
0.000996667
0.00706333
0.0207767
0.00266
0.0436467
0.00176
0.0463
0.0120167
0.00190667
0.0402833
0.0160933
0
0.000356667
0.0292933
0.0773267
0.05824
0.0236767
0
0
0.00312
0.00173
0.448987
0.03979
0.01024
0
0.00475
0.0163333
0
0.0499067
0.0520533
0.0746933
0
0
0.00132
0.03739
0.0310367
0.000886667
0
0.0146467
0
0
0.00775
0.0227967
0.01459
0.0160733
0.00642333
0.0267633
0.0326533
0.02323
0.00996667
0.0365833
0.00503
0.000846667
0.00161
0.000973333
0.01143
0.0163467
0.0145133
0
0.0544733
0.00478
0.00614
0
0.02398
0.02729
0.00293667
0.0317333
0.0243367
0
0.0243533
0.0383767
0.00271333
0.00318333
0.00650333
0
0
0
0
0.0244
0.00939333
0.000603333
0
0.0544767
0.00199333
0
0.0194667
0.0537067
0
0
0
0
0.000603333
0.00198
0
0.000926667
0
0
0
0
0.00228
0.0015
0
0.000323333
0.000323333
0
0
0
0.0305533
0
0
0
0
0
0
0
0
0
0
0.00649333
0.00118333
0.00021
0.03492
0.09968
0
0
0
0
0.00507333
0.00154667
0
0
0.00552
0
0
0
0
0.01266
0
0.000506667
0
0.03502
0.173427
0.0213533
0.0368733
0
0
0.491443
0.547657
0
0
0
0
0
0.0137733
0.110863
0.02218
0.0145267
0.03226
0
0.0841767
0
0
0.00046
0
0
0.00317667
0.406393
0.02072
0
0.00273667
0
0
0
0
0
0
0
0
0
0
0
0
0.000313333
0
0
0
0.00403
0
0.00183667
0
0
0
0.00247
0.0100967
0
0.08078
0
0.01177
0
0
0
0.0594233
0.00155667
0
0
0
0
0.0281533
0.00032
0
0.00032
0.00023
0.00023
0
0.0146567
0
0
0
0
0.00106333
0
0
0
0.00103333
0
0
0
0
0.00823
0.00780667
0.00371
0.02109
0.0115967
0
0.0216833
0
0
0.0330667
0.0469767
0
0.01503
0.00167333
0.00131
0
0
0.000106667
0
0.00501
0.01002
0
0.000773333
0.000773333
0.000513333
0.00705333
0
0.00128667
0
0.0559933
0.0492267
0
0.0313733
0.18978
0.0151633
0
0
0.00874333
0.000106667
0
0.0142567
0.00267
0.0154867
0.00915
0.00709667
0.0224667
0.0266233
0.00294333
0.0499633
0.00992333
0.00211333
0.0125233
0.0350833
0.0415267
0.00014
0.0288833
0.0424467
0.00816667
0.0242767
0.0118067
0.0421867
0.00958
0.0294367
0.0177133
0.000963333
0.03828
0.0235933
0.0198867
0.0119733
0.0108367
0.0577633
0.0321833
0.00128667
0.0454067
0.00213
0.0297133
0.01055
0.01009
0.000453333
0.0291867
0
0.000143333
0.00364333
0
0.000323333
0.0467467
0.00766333
0.00499333
0.0654133
0
0.00196333
0.00816
0.00461667
0
0.000153333
0.0713733
0
0.0513933
0.0042
0.0493467
0
0.00014
0.00155
0
0
0
0.02757
0.000706667
0
0.0216933
0
0.000706667
0.00776667
0.00132
0.00149667
0.00876
0
0.000193333
0
0
0
0.000473333
0
0
0.00661
0
0
0.00076
0
0
0.000193333
0
0
0
0.000193333
0
0
0.000213333
0.0868567
0.00248
0
0
0.04862
0.00542333
0.0255967
0.01155
0
0
0.00471
0
0.00718333
0.000146667
0.04808
0
0
0
0.0409
0.0119067
0.01096
0
0.0132
0.00297333
0
0.000473333
0.00161333
0
0.00401
0.00290333
0
0.0386733
0
0
0.00515333
0
0.0066
0.0724933
0.07828
0.0471
0.00215667
0.0411133
0.0363533
0.0496833
0.0777
0.0555567
0.06998
0.000426667
0.0358533
0.0250233
0.0835133
0.00349
0.0458
0.00563
0.0198567
0.03226
0.0449133
0.00267333
0.0896767
0.05179
0.0191433
0.000146667
0
0.00531667
0.0204833
0.01879
0
0.01179
0.000263333
0
0.0123667
0.04862
0
0.03291
0.0117633
0.0285
0.02554
0.0357767
0.03438
0.04794
0.0108133
0.0574833
0.0372667
0.04417
0.00447667
0.0299033
0.00944333
0
0.00231
0.0190467
0
0.00758333
0.01003
0.01177
0.0373267
0.00693333
0.000663333
0
0.000173333
0.04204
0.0012
0.00562333
0.0223733
0.0243267
0.000896667
0.269817
0.02405
0.00344667
0.01184
0.03206
0.000713333
0
0.000713333
0.00127333
0
0.000546667
0.00648333
0.00634667
0.0452067
0
0.0108433
0.000786667
0.0119867
0.000856667
0
0
0.0212333
0
0
0
0
0
0.00120667
0.00550667
0.00073
0.0116967
0.0235033
0.00487333
0
0
0
0.03194
0
0
0
0
0.00957
0
0.0391033
0
0
0.0121033
0
0.0380667
0
0
0
0
0
0.00081
0.0216933
0
0.0265867
0
0.00294333
0.000996667
0
0.0561067
0.0375467
0.0276967
0
0
0
0
0.0443533
0.03019
0
0
0.00808667
0.0277033
0
0
0
0
0
0
0
0.0281733
0.01028
0.03736
0.12584
0.10052
0
0.13974
0.000956667
0.000346667
0
0.00051
0.0237333
0.07275
0.117277
0
0
0
0.0863167
0.0178167
0
0.00167333
0.000383333
0.00199333
0.1795
0
0
0
0
0.00932333
0.11644
0
0
0
0.012
0.236863
0
0
0.54413
0.18377
0.0119633
0.0105667
0
0.00886667
0.00983
0.00068
0.000383333
0.00823333
0.00086
0
0
0.00555667
0
0
0
0.00896333
0.0642533
0
0
0.000513333
0
0.0422067
0.000513333
0
0.000513333
0
0.0103067
0
0
0.000476667
0
0.0272633
0.02054
0
0.0460533
0.03791
0.00111333
0.00111333
0.0137033
0.00131
0.00910667
0.00116667
0.00047
0.0243333
0.02782
0.000423333
0.03308
0.0260167
0.02262
0.0304833
0
0
0.00032
0
0
0
0.00737667
0
0
0
0.000263333
0
0
0
0
0.0435867
0
0
0
0.00058
0
0
0
0
0
0
0.0139833
0.00685
0
0.00459333
0.0018
0.00102667
0
0
0
0
0
0.233987
0.03028
0
0
0.00596667
0.0347767
0.01598
0
0.0250433
0
0
0.0242
0.00346667
0
0
0.00432
0.0237167
0
0.00204333
0.02786
0.00086
0.07263
0.06023
0.0538
0.00197667
0.0109533
0.0396567
0.00149333
0.00229
0.04169
0.0694667
0.0345833
0.0350767
0.0346867
0.0528533
0.00103333
0.000636667
0.00153333
0.04432
0.07983
0.00092
0.0137967
0.00647333
0
0.0675467
0.00464667
0.00136667
0.00154
0.000683333
0.0137667
0.00911667
0.000306667
0.000526667
0.03787
0
0.000506667
0
0.00145667
0.00548
0.000323333
0.00989333
0
0
0.0135267
0
0.00522333
0.0923467
0
0.0005
0.000813333
0.04262
0.05008
0
0
0.0295933
0.0193233
0.0185833
0
0
0.000706667
0
0.000843333
0.000843333
0.00881667
0.02979
0.00266
0.00306667
0
0
0
0
0.0905533
0.000873333
0.000146667
0
0
0.000686667
0
0.000666667
0.0244633
0.03463
0
0
0
0.00482667
0
0.00273
0.00447
0.00515667
0.0460533
0.02597
0.00377667
0.0369667
0.0109567
0.0187567
0.0250367
0.0459633
0.00464
0.00101
0.0238633
0.14492
0.02221
0
0.0962533
0
0.000746667
0.0117867
0.0144467
0.00223333
0.0272467
0.00717667
0
0
0.03087
0.154297
0.197773
0.0578833
0.0365633
0.000453333
0.0178967
0.0144533
0
0.02999
0.07571
0.00630333
0.0256633
0.04814
0.03558
0.000453333
0.00232333
0.0271333
0.0435667
0.00083
0
0.0192833
0.01843
0.0189433
0.04412
0.000523333
0.0345133
0.0157
0.0134867
0.0114733
0.00418333
0.00124667
0.000686667
0.00039
0.00843667
0.0217067
0.00595
0.00256
0.0300633
0.0383633
0.000933333
0.0429633
0.000276667
0.000763333
0
0
0
0.07497
0.03018
0.000446667
0.05523
0
0.01304
0.0285967
0
0.05971
0.00108333
0.0242633
0
0
0
0
0.05336
0.05028
0.0143833
0
0.00815333
0.02836
0.02993
0.0186233
0
0.000456667
0
0.0241133
0.0249933
0.00393333
0.000236667
0
0.00164
0.0409833
0.04434
0.00103
0.00649333
0.00679333
0.08901
0.00691
0.00132667
0.000746667
0.126853
0.00267
0.0856
0.0150667
0
0
0.0211
0.04536
0.00178333
0.08662
0
0.0406333
0.000903333
0.00644
0
0.0587967
0
0.207683
0.13249
0
0.0608133
0
0
0
0
0.0509533
0
0
0
0.01691
0.0209233
0
0.0109867
0
0
0
0
0.0158067
0
0
0.04776
0
0.00552
0.00164333
0.0455667
0.00351333
0.0102733
0
0
0.000673333
0
0.0425333
0
0
0.0353767
0.02695
0.0069
0
0.00150667
0.05093
0.00934333
0
0.03886
0
0
0.04968
0.02058
0.0178833
0.04433
0.0423867
0.03191
0.0326933
0
0.00176333
0.00707667
0.00305333
0.00193
0.000436667
0.00065
0.0115633
0.0420733
0.0168867
0.01391
0.01163
0.00135333
0.0446567
0.0165433
0.00137667
0.03676
0.0181167
0.00713333
0.0817467
0.07147
0.05111
0.0143933
0.01831
0.0392633
0.0417233
0.0501033
0.0657433
0.0704033
0.04888
0.0112867
0.0179367
0.0109867
0.0392733
0.00968333
0.154027
0.00876333
0.01189
0.00718333
0.00501
0
0.13045
0.0967733
0
0
0.0373533
0.03316
0
0
0
0.01319
0.00864667
0.02085
0
0
0
0.0969833
0.0624233
0.247723
0.09047
0.00140667
0
0
0.102217
0.216487
0
0
0.00409333
0
0.134433
0.00113333
0.03623
0.0194267
0.0555333
0.01441
0.03089
0.00274
0.02674
0.00192
0
0.000813333
0.00187
0.0733333
0.0121667
0.000143333
0
0
0.0381067
0.03816
0.0371767
0
0.0363833
0.0347267
0.000843333
0.0916
0.04783
0.00729
0.0265067
0
0.00130667
0.00102333
0.000326667
0.0322633
0.02709
0.00591667
0.00944
0.0159033
0.03418
0
0
0.01712
0
0.00151
0.0291367
0
0
0.00149
0.0683
0.0286833
0.0884867
0
0.0124033
0.000273333
0
0.07627
0.04462
0.00864667
0.00924667
0.00653
0
0.0167267
0.0843133
0.00860333
0.0229167
0.0168967
0
0
0.00191
0.00022
0.11776
0.0878467
0.0550467
0.0392467
0.0204667
0.02321
0.0292833
0.00673667
0.12834
0.155327
0.0967233
0.00443667
0.00798333
0.00699667
0.00151
0.07211
0
0.06183
0.0792533
0.00887333
0.0833467
0.173553
0.102377
0.00387
0.0139367
0.0616
0.05
0.143337
0.0130967
0.0669433
0.0144767
0.0344933
0.0990833
0
0.0831867
0
0.00587
0.06246
0.0672267
0.0384467
0
0
0.000253333
0.00581
0.0225367
0.0225267
0.0412267
0.0318
0.0311233
0
0.0432267
0.0534633
0.01546
0.00746
0.0690667
0.06893
0.00487333
0.000283333
0.0424067
0.00171
0.0871267
0.0402667
0.06608
0.0726233
0
0.0336567
0.03092
0.03949
0.000696667
0.0553033
0.0538633
0.06038
0.0310233
0
0.0381433
0.02157
0.0249767
0
0.00186667
0.00744333
0
0.00036
0.0691133
0
0.000316667
0.00751333
0.00365333
0.0267333
0.01585
0.0135167
0.00036
0
0
0.000316667
0.00872667
0.02045
0.000896667
0.0252767
0.02936
0.0119033
0.00574
0
0
0.0336533
0
0.0145933
0.151543
0
0
0
0.0101
0.0180333
0.00718333
0.0561267
0.13367
0
0
0.0411567
0
0
0
0.0717567
0.027
0.000283333
0
0
0
0.0553767
0
0.0637933
0
0
0
0.08169
0.000353333
0.38814
0
0.375403
0
0
0
0
0.00385667
0
0.00663667
0
0.0477733
0
0.00707667
0.00309333
0.00621667
0
0.0419567
0.00979667
0.0378233
0.0493767
0.00973
0.0411133
0.00354333
0.0166733
0.0103733
0.05735
0.00601667
0
0.02355
0.000276667
0.00960667
0.000673333
0.00412
0.00563
0.01877
0.02213
0.0230033
0.01586
0.02698
0.0126233
0.00302667
0
0.00117333
0.0179467
0.00873333
0.01982
0.0366867
0.0425067
0.0550833
0
0.00917667
0.00107667
0.0511067
0.000186667
0.000186667
0.00143333
0.00498
0.00186
0.00700667
0.0348333
0.00718333
0.00235333
0.00143333
0.00682
0.00296333
0.00810333
0.0773667
0.01606
0.03754
0.0135867
0
0.0364267
0.07114
0.0488867
0.0217167
0.0236533
0.06212
0.01261
0.0302167
0.0318633
0.00738
0.00602
0.02994
0.0389067
0
0.00931667
0.0417767
0.0490633
0
0
0.00132333
0.0681433
0
0
0
0.0894233
0.00932333
0.000353333
0.05213
0.00497
0.00174333
0.181803
0.197987
0
0.0604133
0.00460667
0
0
0.0745867
0.00058
0
0.09371
0.0487
0.0222533
0.000323333
0.0291267
0.146113
0.0666133
0.000963333
0.0380033
0.00991
0.0164967
0.00481
0.04341
0.00507667
0.00033
0.0012
0.14195
0.0106633
0.00204667
0.00592
0.00137667
0.00928333
0.0124733
0
0.02636
0
0
0
0
0
0.00014
0
0
0
0.0301967
0.000163333
0
0.00963333
0.0120167
0.00637
0.0074
0.000263333
0
0.000476667
0.0248
0.0128767
0.0600033
0.0314267
0.0293033
0.04755
0
0
0.0454667
0.142083
0.000183333
0.00105
0.08239
0.0885833
0.0136533
0.0153167
0.00801667
0.00497333
0.01586
0.00501
0.00757667
0.0654667
0
0.00834667
0.00251667
0.00228
0.218483
0.00188
0.00974333
0.00109333
0.000213333
0.03283
0.00359
0
0.0501333
0.00120333
0.0124433
0.0391433
0.02444
0.03061
0.000666667
0.00524667
0.00103667
0.0403367
0.05167
0.000903333
0.0155733
0.0701033
0.01198
0
0
0.0110333
0.0107533
0.121357
0.00611333
0.0203033
0
0.00012
0.0302
0.06216
0.00136667
0
0.04839
0.0266533
0.00225
0.0115233
0
0.00157
0.05654
0.00568667
0.0110367
0.00434333
0.0322267
0.03954
0.0295933
0.01736
0.0128067
0.00260333
0.00064
0.0213033
0.0106367
0
0.03454
0.00629667
0.0741033
0
0.00916333
0.000373333
0.0321533
0.00084
0.000546667
0.0319033
0.0344633
0.00103667
0.00097
0.00200667
0.00519
0.0487033
0.0522167
0.0211867
0.00952
0.00332333
0.0277333
0.0163033
0.0237267
0
0
0
0.00097
0.00704667
0.0330733
0.01325
0
0
0
0.0285633
0.00241667
0.0196667
0.00111
0.303787
0.000796667
0.0784133
0
0.0302933
0
0
0.0458267
0
0
0.00762
0
0.0112367
0
0
0
0
0.00174667
0
0.000776667
0
0.00072
0.00475
0.0736667
0
0
0
0
0.0156533
0.02241
0.00733333
0.0848433
0
0
0.00719333
0.0629133
0
0
0.00407333
0.0247033
0
0
0
0.0394167
0.00961
0
0
0
0
0
0.0232967
0.00599333
0.0289933
0
0.00643
0.0178467
0.0115067
0
0.00653667
0.01974
0.00117333
0.00992333
0
0
0.0015
0.00425
0
0.000426667
0
0.00169333
0.00954667
0.00793333
0.0155033
0
0.00252
0.00246
0.00252
0.0091
0.0391967
0.0173267
0
0.00649
0.0474167
0.0460567
0.05187
0.0523133
0.00812667
0.101757
0.0628133
0.0214967
0.0893167
0.0252233
0.0474033
0.01644
0.0556133
0.0101067
0.0302633
0.0162067
0.02831
0.0386567
0.0336033
0.0108633
0.0167067
0.03115
0.00121
0.0140267
0.0679167
0.000976667
0.0105067
0.0043
0.00765667
0.02705
0.0109833
0.190257
0
0
0.000316667
0
0
0.158017
0.121913
0
0.0886933
0.08334
0.0397233
0.0458067
0
0.00108
0.06491
0.05781
0.04864
0.04649
0.0532633
0.02477
0
0.0526733
0.04528
0.0513833
0.00123333
0.000853333
0.00087
0.0517267
0.01326
0.0135867
0.00453667
0.00117
0.00130667
0
0.0215567
0.00277
0.00415333
0.0116433
0.00694333
0.000546667
0.0160867
0.02295
0.00219
0.000273333
0
0
0
0.00386333
0.0129933
0
0
0.000876667
0
0
0.0130733
0
0.0363867
0
0.0241933
0.0562167
0
0.00066
0
0
0.112857
0.0444967
0
0.01982
0
0.05922
0.000426667
0
0.000743333
0
0.000486667
0.0154633
0.0755567
0.0450433
0
0.00768333
0
0.00694667
0.0996367
0.0112167
0.144683
0.0812
0.0896167
0.00511
0.00024
0
0.00542333
0.04878
0.0186733
0.0494233
0.01863
0.03601
0.0528233
0.000496667
0.00182667
0.00574
0.0106067
0.000496667
0.0134
0.0130467
0.000446667
0.0990767
0.0560467
0.0727833
0.00742
0.00666
0.0490333
0.0230233
0.0307067
0.07812
0.0883833
0.0761033
0
0.00085
0.0112667
0.0157767
0.0339033
0.00886333
0.0523067
0.02056
0.0380067
0.0836
0.0315433
0.0168233
0.00405
0.00472
0.00879333
0.00656333
0.0297167
0.0045
0
0.0844367
0.04304
0.07173
0.09235
0.00858667
0.0128533
0.0453933
0.0332267
0.01566
0.00541667
0.03861
0.04346
0.05489
0.000236667
0
0.0261233
0.00240667
0.00120333
0.0308467
0.00865
0.0286233
0
0
0.01087
0.0273133
0
0
0.008
0.0129167
0.000596667
0
0
0.0294967
0.0256267
0.0170467
0.02632
0.0468033
0
0
0.0194867
0.00093
0.00111667
0.000333333
0.00421667
0.00155667
0.03056
0.000993333
0
0
0
0.0134567
0
0
0
0.00128667
0.00425667
0
0
0
0
0
0
0
0
0
0
0
0.02409
0.03888
0
0.037
0.00155667
0
0
0.0326067
0
0
0.0282267
0.0118067
0
0
0
0
0.0168967
0
0.000306667
0
0
0.000576667
0.00987667
0.000576667
0.00174667
0.000933333
0.00976333
0.00120333
0.01714
0.0724267
0.01009
0
0.0851
0.000626667
0.03076
0.0113567
0.0266433
0
0.0218733
0.02991
0
0.00184333
0
0.00927667
0.00211333
0.02789
0.000356667
0
0
0
0
0
0.0413867
0
0.0205667
0.000563333
0.0364067
0.0313367
0
0.00092
0.131417
0.0304233
0
0
0
0
0.00676333
0
0.0588933
0.0445
0.0435167
0
0
0.00107667
0.0783467
0.14294
0.0266833
0.0436567
0.00303667
0.0355267
0.01665
0
0.0138
0.00244667
0.00102667
0.02262
0.0983867
0.0642133
0.0681133
0.0945967
0.0692367
0.03398
0.0656867
0.00953333
0.0301133
0.02459
0.00204
0.000216667
0.00088
0.0133133
0.000263333
0.000263333
0
0.000263333
0
0.00911
0
0.000586667
0
0.02165
0.0253833
0
0.01993
0
0
0
0
0.00014
0
0
0
0.0557133
0
0
0
0.00013
0.00120333
0
0.0247133
0.02999
0.0159433
0
0.117177
0
0.07142
0
0.00345333
0.00022
0.08635
0
0
0.0437567
0.0534133
0.0953567
0.0741933
0
0
0.00404667
0.0506033
0.0419033
0.0179167
0.0540467
0.0219833
0.02996
0.04195
0.04078
0.0253467
0.0895233
0.0312867
0.04062
0.0257167
0
0
0.0619733
0
0.0373033
0.01577
0.0130133
0.05746
0.0290833
0.00537
0.0118367
0.0104533
0.02918
0.02142
0.02885
0
0.000113333
0.01506
0.0318167
0.03722
0.00393333
0.000753333
0.0622133
0.08258
0.00184667
0
0
0.0773433
0
0.03116
0
0.0183767
0.0258767
0.0407867
0.028
0.0319967
0.00832333
0.00124667
0
0.0635167
0
0.00482
0.0575467
0
0.0972033
0.0808633
0.03084
0.0281
0.0202667
0.00552
0.0063
0.0372867
0.0351567
0.00674667
0.0277967
0.0012
0.03823
0.0168833
0.00180333
0.00524
0.03339
0
0.0552333
0.0363967
0.04012
0.000436667
0
0.00117
0
0.03038
0.00645667
0.000356667
0.0577833
0.0827933
0
0.000356667
0.00041
0.06651
0
0
0.00278333
0
0
0
0
0.00829667
0
0.04912
0
0.0137233
0.0173867
0.0128667
0.00302
0.00914333
0.00260333
0
0
0.00491333
0.00312
0.0287367
0.00945667
0.0699867
0.00982333
0.00111667
0
0
0.02222
0.000333333
0.00453667
0.00733333
0.03022
0.0445467
0
0
0
0.00503
0.00957667
0
0
0
0
0
0.00054
0
0
0
0.00945
0
0
0
0.00072
0.0356933
0
0
0.00287667
0.00132
0.000803333
0
0.04497
0.0211067
0
0
0
0.000623333
0.00018
0
0
0
0
0
0
0
0
0
0
0
0
0.0655767
0.000883333
0
0
0
0
0.000306667
0
0
0
0.01014
0.00838
0
0.06701
0
0
0.000626667
0
0
0.0103067
0
0.0242833
0.00215
0
0
0
0
0
0.0260533
0.00032
0.202127
0.123357
0
0
0
0
0
0.00597333
0.000966667
0.0651933
0.04107
0.00127667
0.000356667
0.0484533
0.00516333
0
0.0624867
0
0.04956
0.00048
0.0195
0
0
0
0.0191333
0.00475333
0.0230333
0.00315
0
0
0.160997
0.223457
0
0
0.00099
0.000356667
0.02812
0.138847
0.0405333
0
0
0.00235667
0.0819233
0.04604
0
0.0184367
0.02722
0
0.111153
0.09676
0
0.00111
0.00588333
0.0411333
0.00999
0.01721
0
0.0761267
0.0705433
0.0745167
0
0.00277
0.0662267
0.0516167
0.0427667
0.000626667
0.000626667
0.00087
0.0093
0.00947
0.0136
0.00238
0
0
0
0.00157667
0
0
0.000563333
0.00123333
0.05706
0.0043
0.00478
0.00274333
0.00288667
0.0647033
0.02123
0.01853
0.00379667
0.00967
0
0.0223567
0.000206667
0.0101933
0.0325833
0
0.00492333
0.0933333
0.0635967
0.0821267
0
0.0268167
0.00235333
0
0.221977
0.0243133
0.00515
0.0690633
0.00181
0.04452
0.01649
0.0519933
0.0695167
0.0418967
0
0.01558
0.00835
0.0633767
0.0488033
0.0979533
0.0267633
0.0432367
0
0.0507033
0.02682
0.00058
0.0519933
0.00586667
0.00647333
0
0.00241667
0.0259533
0.0385333
0
0
0.0534167
0.0237133
0.0304567
0.0996
0.08081
0.00358
0.0119733
0.00674667
0.00373667
0.03316
0.0478
0.00705667
0
0.03679
0.000293333
0.153183
0.0296067
0.0334533
0.120273
0.0497167
0.0133133
0.00161
0.0204733
0.00357667
0.00734333
0.02582
0.0063
0.00041
0.000316667
0.0273633
0
0.0624167
0.04769
0
0.00461667
0.0273633
0
0.0217233
0.00153333
0.00651
0.00260333
0.00245333
0.00964
0.00153333
0.0494533
0.01348
0.0152033
0
0.01597
0
0.00655
0.00349667
0
0.0580767
0
0
0.0386967
0.0195167
0.07018
0
0
0
0.00315
0
0
0.0289333
0
0
0
0
0
0.0136833
0.00518
0
0.00106
0
0
0
0.00054
0
0
0.00841667
0
0
0
0
0
0.00176333
0
0
0
0
0
0
0
0
0
0
0
0
0
0.02934
0
0
0
0
0.02861
0.0265867
0
0
0
0
0
0
0.00167667
0.000406667
0
0.00540333
0.00989
0.01351
0.00169667
0.00151
0.000666667
0.000666667
0
0
0
0
0
0.00392
0.0533533
0.0851033
0.00643333
0.00697667
0.000123333
0.01572
0.04498
0.0338967
0.01629
0.0104767
0
0
0
0
0.0577733
0.07039
0.0410033
0.00800667
0.0316533
0
0
0
0.0335067
0
0.0915467
0.0573333
0.00366
0.000666667
0.000496667
0.00062
0
0
0.00952333
0
0.0225367
0.00377333
0.0212567
0.0305333
0.0365667
0
0
0.000646667
0.000963333
0
0.0190567
0.00103
0.0460333
0.03592
0.00103333
0
0.00415
0
0.0110433
0.0830867
0.0694033
0
0
0.0123333
0.0373967
0.00783333
0.0936233
0.0712633
0
0.00240667
0.03284
0.0157633
0
0.00377333
0.0376767
0.04486
0.03707
0
0.00460667
0.0601967
0.0423733
0
0.00744333
0.00932667
0.0116733
0.0751767
0.04759
0.00134333
0.0594767
0.0237967
0
0.0262533
0.00984333
0.00159667
0.0126333
0.00901
0
0
0.0162267
0
0
0.00854333
0
0.0312533
0.0345267
0.0463467
0.0573467
0.0459933
0.03316
0.00643667
0.0417
0.0329767
0.04436
0.00273333
0.06732
0.0699633
0.0140033
0.0170233
0.0476367
0.0417267
0.000206667
0.000206667
0.0251833
0.0719767
0.0108567
0.185143
0.0245633
0.0172033
0.0703133
0.00728
0.00698333
0.13482
0.00599
0.00439
0.00369667
0.000183333
0.0374267
0.04411
0.000746667
0.0472167
0.0261033
0.0186333
0.01761
0.00062
0.04206
0.0123167
0.00762333
0
0.00023
0.0358667
0.02289
0.0194833
0.0573933
0.0270733
0.00880667
0.0348767
0.0213167
0.00539333
0.00454667
0.100957
0
0.0132733
0.0321467
0.0196
0.03136
0.0196
0.0118967
0.02657
0.0185633
0.0574267
0.000736667
0.0181333
0.0822867
0.0237
0.0114667
0.00862
0.000736667
0.000293333
0.02966
0.16551
0.0282367
0
0
0.00669
0.000276667
0
0
0.0308767
0.01545
0.00574
0.000403333
0
0
0.05901
0.0442767
0.00128667
0
0
0
0.0103367
0
0
0
0
0
0
0.00433333
0
0
0
0
0.00327333
0.00642333
0
0.00034
0.00463667
0
0
0.00034
0
0.00590333
0
0
0
0.01687
0.00875667
0.000926667
0
0
0
0.0274833
0.00832
0
0
0
0
0
0.000443333
0.000443333
0
0
0.00028
0.00028
0
0
0
0
0
0
0
0
0
0.0250167
0.02224
0
0
0.0225467
0.0101233
0
0
0.00026
0.000113333
0
0
0
0
0
0.000866667
0
0.00122333
0.000866667
0
0.00217
0
0
0
0
0
0
0
0
0
0.0304433
0.0417533
0
0
0.00590333
0.00851667
0
0.0479033
0
0.0548833
0.09227
0.00519333
0
0.003
0.0217
0
0.00104
0.0463633
0.0489633
0.000276667
0.0147
0.0313667
0.04604
0.0265367
0.00893
0.03204
0.0285267
0.00132333
0.000493333
0.04493
0
0.000923333
0.00191333
0.0165833
0.0292
0
0
0.00307667
0.00980333
0.0171533
0.00499
0.07548
0.0315433
0.00473667
0.0426367
0
0
0.04338
0.06009
0
0
0.0708367
0.107727
0.03683
0.02585
0.0279333
0.0554467
0.00447
0
0.0518667
0.0566533
0.04103
0.0011
0
0
0.02718
0.02381
0.103897
0
0.03117
0.0244467
0.03235
0.0151067
0.0898333
0.119993
0.00149
0.000706667
0.0173967
0.0210667
0.0487267
0.01452
0.00033
0.01013
0.000736667
0.0113867
0.00696
0.03165
0.0350033
0.04153
0
0.0754767
0
0.000906667
0.0038
0.00539667
0.00603333
0
0
0.0245467
0.0854933
0.0764067
0
0
0.0038
0.14383
0.0746133
0
0
0.0332067
0.01835
0.00959333
0.0121433
0.0168467
0.0259633
0.0221333
0.000756667
0.0269733
0
0.00608333
0
0.00735667
0.0595533
0
0.00273333
0
0.01764
0
0
0
0
0
0.00461333
0.00582333
0
0
0
0.0239467
0
0
0
0
0
0
0.000396667
0.04341
0
0
0
0
0
0
0.00136333
0
0.01443
0
0
0.00034
0.00497667
0.02067
0
0.02446
0.0391767
0
0.00034
0.00126667
0
0.00289
0.0275033
0
0
0
0
0
0.00606667
0
0.000346667
0
0
0
0.000916667
0.000346667
0.000583333
0
0
0
0.00171333
0.000236667
0.000236667
0
0
0
0
0
0
0
0
0
0
0
0
0
0
0.0992767
0
0
0.0973367
0
0
0
0
0
0
0
0
0
0.00102
0.0171
0
0
0.00667333
0
0
0.06857
0
0
0
0
0.03404
0.0819133
0.00875333
0.00519333
0.0426267
0.03837
0
0.000663333
0.015
0
0.000316667
0.03682
0.0299567
0.01802
0.01008
0.0303633
0.01763
0.00568667
0.0270867
0.01352
0.0129267
0.00106333
0.00539667
0.0272433
0.00199
0
0
0.0723967
0.00902667
0.02229
0.0876167
0.0131367
0.15547
0
0
0.105817
0.0393967
0
0
0.0919633
0.0963133
0.000496667
0.00153667
0
0.278257
0.000263333
0.000263333
0.03722
0.0533667
0.02196
0.0119133
0
0.185403
0.000653333
0
0.0158333
0.02644
0.12601
0.07752
0.00366333
0.0406633
0.106507
0
0.0198767
0
0.0350767
0.04429
0.00155
0
0
0.05044
0.03103
0.000316667
0
0.000446667
0.07001
0
0.0429633
0.000793333
0
0
0
0
0
0
0.154493
0.104807
0.00199
0.0266467
0
0.0869033
0
0.00057
0
0.0115867
0.01403
0.0766133
0
0
0.0358733
0.0437033
0.00622333
0.00538667
0.00972667
0.0270133
0
0.00113333
0.00654333
0.00667667
0
0.0377767
0.0481633
0.00905667
0.00547
0
0
0.000803333
0.0445033
0.0321167
0.003
0
0
0
0
0.00242667
0.00480333
0
0
0
0
0.00072
0
0
0
0.0065
0.00142333
0
0
0.000396667
0
0.01129
0.0257933
0
0
0.00979333
0.01076
0.0128167
0.03747
0.000536667
0.0333267
0.0481633
0
0.00125
0.0217867
0.0403333
0.01092
0.04614
0.000713333
0.000713333
0.00196333
0.00803
0.04361
0.00437333
0
0.00453
0
0
0.01629
0.01034
0.00487667
0.0146867
0
0.000916667
0.00103333
0.0102267
0.03194
0.0142067
0
0.000796667
0
0.01012
0.01418
0.0324767
0
0.0157633
0
0.0296867
0.06513
0.00358667
0.00747667
0.0303467
0
0
0
0.0039
0.0521333
0
0
0
0
0
0
0
0.00351
0
0
0
0
0
0.0103167
0
0.00227333
0
0
0
0.01993
0.0582133
0
0.0136933
0.0085
0
0
0
0.00951333
0.0494767
0.05023
0.00087
0
0.0522133
0.01356
0
0.00138667
0
0.0237267
0.0927
0.0389167
0.00097
0
0
0.118717
0.02716
0.0215267
0.0854967
0
0.00224667
0
0
0.0960967
0.0284333
0
0.100527
0.0111633
0.000496667
0.00157667
0.000676667
0
0.0327767
0.0427167
0.0307167
0.0156433
0.00572333
0
0.0575967
0.07089
0.02214
0.0466567
0.0644867
0.000536667
0.000453333
0.00224
0.0495167
0.00951333
0.0250167
0.0190233
0.0971767
0.03083
0.139187
0.000803333
0.00116333
0
0
0.000676667
0
0.00121
0.0229667
0.0221633
0.0254267
0.000956667
0.02588
0.0281167
0.0198733
0
0
0.0492633
0.166643
0.0631233
0
0
0.00131667
0.000676667
0.0609167
0.02618
0.000803333
0.0378467
0.0104567
0.200157
0.000316667
0
0.000253333
0
0
0.0352033
0
0
0.000903333
0.00955667
0.03713
0
0
0
0
0.00420333
0
0.00193667
0
0
0
0.0241
0.01921
0.0538967
0
0.0109067
0.0424
0
0
0
0
0
0
0.00461333
0
0.00142333
0
0
0.05397
0.00866333
0
0
0.00449333
0.0381367
0.0234467
0.00591667
0.00072
0.04503
0.02686
0.00670667
0.00489
0.00608333
0.01334
0.000236667
0.0204067
0.0232167
0.00578667
0.00255667
0.00753667
0.02862
0.01363
0.00825333
0.00309333
0.0162533
0.0401767
0.0152067
0.03476
0.0424867
0.0272733
0.0316167
0.0461833
0
0.0380367
0.0408667
0.0458667
0.0442167
0.00934333
0.0524267
0.0470733
0.0363933
0
0.0175633
0.0104533
0.02797
0.00444333
0
0.02141
0.00135667
0.04646
0.0124233
0.0400933
0.02049
0.0310933
0.0157333
0.0482567
0.00994667
0.0627667
0.0753633
0.00618333
0.0138333
0.00389
0.111103
0.000313333
0.000313333
0.02883
0.03065
0.00555667
0.00192333
0
0
0
0.00709
0
0
0.00584333
0
0.0114533
0
0
0
0.0248033
0.00102
0.0260933
0
0
0
0.130533
0
0
0
0
0.000813333
0
0.00312
0.00514667
0
0
0.0427433
0
0.02579
0
0
0.112603
0
0.0411867
0.0611167
0.07724
0
0.112583
0.0693533
0.0412167
0.0501967
0.0713667
0.0144267
0
0
0.0127067
0
0.0720233
0.00325333
0.11512
0.0212367
0.00235667
0.00757667
0.00302667
0.00135
0.0522533
0.06976
0.0104633
0.0268467
0.0117333
0
0.0671133
0.0384333
0.0483567
0.00840667
0.0307267
0.00944667
0.01973
0.000906667
0.00111333
0.00193333
0.06106
0.00034
0
0.00112667
0.125067
0
0.000196667
0.02531
0.140697
0
0.06241
0
0.140077
0.15042
0.000793333
0.0113867
0
0.19219
0.000713333
0.0359367
0.04468
0
0.000316667
0.0451933
0.0490433
0.0320467
0.0622433
0
0
0.117933
0.0586867
0.01357
0.0131967
0.14475
0
0.0380733
0.05876
0.00225333
0.0484967
0
0.000296667
0
0
0
0.0211933
0.0766267
0.0138333
0.0406
0.01721
0
0
0
0.0537667
0
0
0.00387
0.0171667
0.03166
0.0293767
0.0162133
0.00826333
0.00756
0.00813
0.0258233
0.02846
0.0371767
0
0.0411867
0.0426267
0.0308767
0.0246033
0.0251667
0.00747333
0.00647667
0.0226067
0.0255067
0.00066
0.000296667
0.00163667
0.00152333
0.00191333
0.00035
0.0279567
0.0293433
0.0293667
0.04174
0.0546767
0.00982333
0.00420333
0.0368967
0.0182767
0.0116067
0.0533367
0.00306
0.03777
0.0352167
0
0
0.0248833
0.04369
0
0
0.0242533
0.0551
0
0.0338967
0.0518167
0.00253
0.00447
0.0341333
0.05208
0
0.000856667
0.0522933
0.00188667
0
0.00556
0.00931667
0.0607467
0
0.000653333
0
0.000536667
0.07783
0.01031
0.0196533
0.0231967
0.00836667
0.00192333
0.05793
0.02298
0.00242333
0.0475733
0
0.0157
0.0410433
0.000856667
0
0
0.00831333
0.00555667
0.000856667
0
0
0
0.000286667
0
0
0.00945667
0
0
0
0.03016
0.0551
0.000286667
0.00562333
0
0.1655
0
0.0251733
0
0
0.00481667
0.246457
0.02544
0.0138667
0.03993
0.00319
0.220583
0
0
0
0
0.225513
0
0
0.0428167
0.00753667
0.257797
0.238307
0.00033
0.00386
0.0361367
0
0.00013
0.00013
0
0.00328333
0.00786333
0.138403
0.00115667
0.00239
0
0.0277633
0.03237
0.0334467
0.04688
0.01623
0.0121233
0.0313067
0.05987
0.04273
0.0491133
0.01826
0.06502
0.0157267
0.02206
0.07683
0.0382267
0.000266667
0.0604467
0
0
0
0.0113467
0.01115
0.000926667
0.22793
0.0467033
0.0271867
0.0243967
0.0315367
0.148563
0.000196667
0.000536667
0.159043
0.0545633
0.0266633
0
0.0864833
0.0495833
0.00321667
0.0416833
0.02981
0
0
0
0.0994233
0.0731733
0
0.02637
0.02145
0.000926667
0.0595667
0.0491267
0.00252667
0.000473333
0
0.134567
0.000276667
0.00120333
0.000473333
0
0.0444
0.0227167
0.04844
0
0
0
0
0.000293333
0
0.0104967
0.0394
0
0.03079
0.0425
0.00996333
0.00034
0
0.00104333
0
0.00238667
0.00329667
0.00996333
0
0
0
0
0.0108867
0.0263533
0.00264667
0
0
0
0.03632
0.0015
0
0
0
0
0
0
0.02765
0.0120767
0.02315
0.0281767
0
0.00575
0
0.0289867
0.0231767
0.00625
0.000926667
0.02217
0.02923
0.00672333
0.00155667
0.00081
0.00561667
0.0411867
0.00738333
0.04719
0.02025
0.03163
0.00113333
0.00145667
0.00145667
0.0523233
0.00066
0.00797333
0.00569333
0.00823333
0.00987
0.0141533
0.00587333
0.0278733
0.000933333
0.000593333
0.0156
0.01194
0
0.00524333
0.0143333
0.00272333
0.0289
0.00159667
0.0120733
0.0474767
0.00035
0.03602
0.01106
0.000606667
0.00292333
0
0.0548733
0.0239033
0.0375167
0
0.0209933
0
0.0443067
0
0.01479
0
0
0.0519433
0.0379133
0.00580333
0.0201667
0.0326667
0.000856667
0.01136
0.00219667
0.01929
0
0.0201567
0.00790333
0.0160967
0.0319133
0.0102667
0.01464
0
0
0
0.00151667
0.0324533
0.0375
0.00147
0.00118333
0.02475
0.000393333
0
0
0
0.000393333
0.0320267
0
0
0
0
0
0.000286667
0.00679333
0.00142
0.00146
0.000403333
0.000286667
0.00664333
0
0
0
0.00166667
0.0352067
0
0
0
0
0
0.00115667
0.00165667
0.0116767
0.00276333
0.01853
0
0
0.00678
0.0337133
0.0353233
0.00341333
0.00848667
0.0032
0.00243
0
0.00124667
0.00214667
0.01277
0.00433333
0.000316667
0.0332667
0.00115
0
0.000523333
0.000866667
0.00047
0.04082
0
0.00013
0.00112333
0.0247833
0
0.0662033
0.05291
0.0161267
0.0565767
0.0294733
0.00391667
0.00440333
0.00383667
0.0124533
0.00810333
0.00774333
0.0395367
0.0527467
0.000856667
0.000856667
0.196477
0.0202167
0.0115633
0.00151667
0.00083
0.02622
0.01884
0.279157
0.0735667
0.0323267
0.0555167
0.000843333
0.000163333
0.000353333
0.0522767
0
0.06692
0.13396
0.00243333
0.00181667
0.000176667
0.00264333
0.05558
0.0958533
0.00387
0.0102967
0
0.0139467
0.00884
0
0.0679567
0.01529
0.01938
0
0.0122067
0.00128667
0.00150333
0.0453533
0.00679333
0.000373333
0.0180067
0.000633333
0.02105
0.0220667
0.00076
0.000373333
0.0498367
0.0274667
0.000743333
0
0.03021
0.0013
0.0409833
0
0.00193333
0.0104367
0.01095
0.00152333
0.00918333
0.00997667
0.0286967
0.00143
0.000266667
0.02689
0.0358833
0.00329
0.01908
0.0341667
0.00201333
0.00107
0.0105733
0
0.000883333
0
0.0451867
0.03314
0.00116
0.000556667
0
0.0300133
0.0374967
0.00122333
0.000743333
0
0.0493767
0
0.00686333
0.0298433
0
0
0.0497067
0.01492
0.02972
0.03333
0.0459833
0.0197067
0.0330233
0.0194467
0.00152333
0.0256667
0.03647
0.02546
0.00673
0
0
0.0186233
0.0198267
0.02402
0
0.0063
0.02503
0
0.000926667
0.00911
0.000926667
0.01236
0.0361833
0
0.00159
0.0247967
0.0316767
0.02764
0.01354
0.0308467
0
0.04245
0.0103467
0.0460833
0.0341267
0.0315567
0.00136
0.01045
0.0270567
0.0450367
0.00908
0.0122733
0.0343167
0.0314267
0.0615033
0.03063
0.0557133
0.0487667
0.00035
0.05447
0.02054
0.0200933
0.0371
0.00068
0.00729333
0.0207667
0.0102967
0.00151667
0.00151667
0.00167
0.00068
0.000926667
0
0
0
0.000393333
0.00149667
0.00124667
0.00149667
0.00576667
0.0008
0
0
0
0.0468333
0.00110333
0
0
0.00790333
0.291477
0.00213
0.00248
0
0.00102667
0.0120167
0.00448
0
0
0.06629
0.00561667
0.0154767
0.00812333
0.00675333
0
0.01216
0.00792667
0
0.00852333
0.0351267
0.0279967
0
0.000596667
0.00891333
0.01298
0.00739333
0
0.000493333
0
0
0
0.00801333
0
0.0430567
0.0300133
0.00116333
0
0.000103333
0
0.00137
0.00614667
0
0
0.0255733
0.00199667
0
0.000206667
0.000103333
0.00545333
0.01457
0.0408167
0
0
0
0.04205
0.04155
0
0
0.0145467
0.03204
0.0625867
0.0635733
0.0682467
0.0596867
0.276233
0.01539
0.0636833
0.000663333
0.03151
0.000223333
0
0
0.199963
0.224623
0.01249
0.0510667
0.05605
0.146737
0
0.266383
0.00260333
0.06096
0.214043
0.14117
0.00174
0.00208333
0.00759
0
0.00898667
0
0.00081
0
0
0
0.00197667
0.00802
0.00149667
0.00117333
0.00162
0.0215733
0.00195333
0.0344767
0
0.00174
0
0.00081
0.00342667
0.00076
0
0.02492
0.00341
0
0
0
0
0.00149
0.000663333
0
0
0.000123333
0.07334
0
0
0.000133333
0.04557
0.000973333
0.00163667
0
0.00152333
0.000516667
0
0
0
0.000663333
0.00240333
0.00376
0.00355667
0
0
0
0
0
0.0225633
0
0.00144
0
0
0.00809333
0.000323333
0.0424133
0.0480333
0.01067
0.000236667
0
0.000236667
0
0.0246133
0.000473333
0.00102333
0.00114333
0
0
0.0301067
0
0
0.000786667
0
0
0
0.00718333
0
0.00114333
0.00951333
0.0193533
0.00067
0.00240333
0
0.00175
0
0.00148
0.02004
0.0367767
0.00067
0
0.00267333
0
0.000133333
0
0.000133333
0.000923333
0
0
0
0
0.00402
0
0.00402
0
0
0.00035
0.000926667
0
0.02369
0.00105667
0
0
0.00718333
0
0.00148
0
0
0.0304433
0
0
0.01605
0.0448867
0.0449333
0.000663333
0.00985
0.0610833
0.0454833
0
0
0
0
0
0
0
0.00805667
0
0
0
0
0
0.01378
0
0.000696667
0
0.000696667
0
0
0
0
0
0
0.00320333
0.0256367
0.00708333
0
0.00638667
0.00921667
0.01652
0.01017
0.05217
0.05202
0.00242333
0.000906667
0.000706667
0.00921667
0
0
0.0289467
0.00988
0
0.00992333
0.00638667
0
0
0.0283467
0.07671
0.0844133
0
0
0
0
0.00103
0.00983
0.00521667
0.0121333
0
0.0007
0.000636667
0.00762667
0
0
0
0.00684333
0
0.00133667
0
0
0.01416
0.00932
0
0.000586667
0.0928667
0.01256
0.0176867
0.0388567
0.000636667
0.00143
0
0.000586667
0.0139133
0.0400267
0.0460367
0.00784667
0.00752667
0.00179333
0.000793333
0.0835433
0.0138567
0.00769
0.0260067
0.0164967
0.00383667
0.00514
0.0460367
0.0593733
0.0240233
0.0195667
0
0
0.00851333
0.0164933
0.0281533
0.04776
0.000813333
0
0.01514
0.0269867
0
0.00321333
0.02507
0.00630667
0.00731
0.00936333
0.0470667
0.04028
0.0493833
0.0123033
0.0169833
0.0433733
0.00025
0.0149533
0.00426667
0.0364333
0.0702133
0.06973
0.00870667
0.00795667
0.01235
0.00229667
0.00594333
0.00294
0.01039
0.0204733
0.24831
0.18125
0.189187
0.0262133
0.00619333
0.0208333
0.00254667
0.00130333
0.280043
0.0124933
0
0.0299133
0.00118333
0.000436667
0.00111
0.000436667
0.114477
0.0478633
0.08447
0.0909
0.0178067
0
0.00229
0.00134667
0
0.04832
0.0213033
0.110613
0.00952333
0.00115
0
0.00429667
0
0.11691
0.000223333
0.0170133
