0.00356333
0.00317
0.01969
0.01956
0.0547533
0.06372
0.0185467
0.0139567
0.03623
0.0423567
0.17472
0.187247
0
0.000866667
0.000866667
0.00304
0.00318333
0.02867
0.0264967
0.00126
0.00126
0.0365267
0.000656667
0
0
0
0
0
0
0
0
0.00689333
0.00815333
0.18756
0.16254
0.0150467
0.29674
0.0317833
0.01075
0.000656667
0
0
0
0
0
0
0
0.00029
0.00718333
0.02874
0.0353433
0.0388433
0.0650933
0.06707
0.191343
0
0
0
0.00101
0.00101
0.00101
0
0
0
0
0
0
0
0.00101
0
0
0
0
0
0
0.01104
0.00590333
0.00354
0.00714
0.0036
0.000656667
0.0246333
0.02169
0.02348
0.0614367
0.04746
0.0649533
0.1695
0.174273
0.17773
0.415417
0.313197
0.264803
0.216667
0.0993667
0.0947067
0.0264667
0.0163733
0
0
0
0
0
0.00029
0.0713633
0.22116
0.342753
0.000546667
0.00270333
0.0278767
0.0240033
0
0
0.00035
0.00035
0.00136667
0
0.00101667
0.00132667
0
0.00146333
0.00892333
0
0
0
0.00115333
0
0.00083
0.00083
0.00083
0
0.01104
0.00115333
0.00355667
0.00236333
0.00236333
0.0434867
0.0211333
0.02925
0.281187
0.119247
0.225143
0.37093
0.33496
0.0423833
0.0901733
0.12686
0.14528
0.25965
0.32849
0.101033
0.01783
0.0327933
0.00141
0
0
0
0.000256667
0.00035
0.0131733
0
0.00214
0.00278
0.0363333
0.113173
0
0
0.00942667
0.03309
0
0.0849933
0.21519
0.15603
0
0.00800667
0
0
0
0.03165
0.0840567
0
0
0.0266933
0.00365667
0.00289
0.0324467
0.01337
0.03366
0.0430933
0.137097
0.0452233
0.11493
0.248933
0.13739
0.120217
0.185643
0.29727
0.0236733
0.0282733
0.0657933
0.288727
0.27828
0.190877
0.12465
0.0609633
0.0223833
0.00596333
0.00141
0.000256667
0.00241333
0.00632
0.00328
0.00980667
0.00789333
0.0169
0.0111867
0.01535
0.0532967
0
0
0.12796
0
0
0.000216667
0.00104667
0.00913333
0.00891667
0.0160933
0
0.347173
0
0
0
0.00842
0.000413333
0.17198
0.232077
0.00169667
0.00169667
0.05034
0.14322
0.00529
0.03009
0.00230667
0
0.00278667
0.02379
0
0.0277367
0.0106467
0.0524667
0.20478
0.04675
0.0731833
0.107307
0.134817
0.1443
0.223603
0.00447667
0.00732333
0.2237
0.00037
0.00037
0
0
0
0.0117267
0.00620333
0.00293
0.00362333
0.238767
0.00362333
0.00362333
0.38555
0
0
0
0
0
0
0
0.339383
0
0.249223
0
0.000423333
0.00103333
0.00667667
0.01216
0.0120633
0.0331233
0.04855
0.0173233
0.0452033
0.0877533
0.03701
0.0272633
0.10243
0.00368667
0.0121367
0.0333433
0.14903
0
0.000313333
0.18311
0.13945
0.141343
0.06325
0.02677
0.00806333
0.00388
0.0301167
0.0365433
0.0150133
0.0575033
0.08664
0.00348667
0.00396333
0.204317
0.00607667
0.62262
0.00132
0.00393333
0.00261333
0.00283
0.00673333
0.0122067
0.0277033
0
0
0.0318067
0.03216
0.01686
0.01052
0.00208
0.00166667
0
0
0
0
0
0
0
0.137893
0.000423333
0.00584
0.03064
0.0455633
0.000423333
0
0.00305333
0.00140333
0.00151333
0.0074
0.0551533
0.0682333
0.04432
0.0928767
0.00084
0.000313333
0.0812467
0.000626667
0.000256667
0.000256667
0
0.0439533
0.0200667
0.0203333
0.0271533
0.05546
0.00752667
0.360547
0.632067
0
0.00132
0
0
0.710633
0
0
0.465773
0.337903
0.170317
0.132607
0.11732
0
0
0.00151333
0.00516333
0.00667667
0.00753333
0.00530333
0.00690333
0.02407
0.0304433
0.0215933
0.0296767
0.00412333
0.01175
0.0191333
0.113293
0.140487
0.0667933
0.0363433
0.0298633
0.0235667
0.01629
0.0346967
0.0565767
0.05681
0.0917033
0.0268833
0.0279933
0.27707
0.0294733
0.00308
0.0044
0.0274967
0.02703
0.0468633
0.0311533
0.0139033
0.00504667
0
0
0.0270033
0.0003
0.0003
0.00172333
0
0
0
0
0
0.0230433
0.02187
0.00305333
0.00416
0
0
0
0
0.00098
0.00098
0.00153667
0.00639
0.000526667
0.000526667
0
0
0.00650667
0.0990467
0.01866
0.0945133
0.06448
0.0793567
0.0404
0
0
0.00308
0.01413
0.0361033
0.02714
0.02776
0.03216
0.0175267
0.0111867
0.00274667
0.00166667
0
0
0
0.0003
0.00102333
0.00198
0.32696
0.121663
0.000956667
0.000956667
0
0
0
0
0
0.00129333
0.00143333
0.000526667
0.00562333
0.00509667
0.000556667
0.000906667
0
0
0.00035
0.000603333
0
0.00613667
0.000256667
0.01332
0.0611867
0.0383033
0.125263
0.0935367
0.0358833
0.06147
0.0957567
0.08215
0.0754233
0.0253133
0.0223467
0.100333
0.267087
0.00862333
0.00125667
0.00125667
0.0503
0.0546567
0.54462
0.00839
0.00736667
0.02373
0.0401267
0.390787
0.00996333
0.0113867
0.02431
0.566247
0.00533667
0.310443
0.0123533
0.00544667
0.0100267
0.00198667
0.00110667
0.00103
0
0
0
0.00014
0.00014
0
0
0
0
0
0
0
0
0.000253333
0.00241667
0.0508133
0.0384467
0.0713433
0.1063
0.0595833
0.0324533
0.00168333
0.000426667
0
0.00103333
0.00411333
0.02721
0.0308
0.05092
0.07663
0.0938733
0.12816
0.182883
0.153273
0.03062
0.02955
0.0352567
0.0527367
0.0432267
0.0703033
0.0111167
0.01497
0.0122933
0.0522933
0.0605467
0.0832233
0.01469
0.00603667
0.0129133
0.0104633
0.01111
0.0106
0.00302667
0.00151333
0.000433333
0
0
0
0.00966333
0.04515
0.0567367
0.10092
0.0210733
0.06399
0.00434
0.0175367
0.00122
0
0
0
0
0
0
0
0
0
0
0
0
0
0
0
0.01169
0.00613333
0
0
0.03807
0.0315933
0
0
0.05076
0.00444
0.0255
0.0284167
0.0405933
0.03825
0.0183467
0.03849
0.01175
0.0385367
0.0379967
0.0743667
0.17284
0.121943
0.115463
0.04319
0.01299
0.0697367
0.04965
0.06855
0.0732967
0.0416467
0.036
0.0155967
0.000233333
0.00989667
0.03479
0.0123133
0.0343433
0.0373967
0.0600167
0.000113333
0.000113333
0.00966333
0
0
0.00119667
0.00103
0
0
0
0
0
0
0.000253333
0
0.000253333
0.0151433
0
0
0.0272467
0
0.00227667
0.07244
0.05745
0.0114067
0.000426667
0
0.00103333
0.01532
0.0362433
0.00859667
0.01917
0.00189333
0.01033
0.0179867
0.0124033
0.00771
0.00797333
0.02208
0.0686833
0.09519
0.0387067
0.00455667
0.00575667
0.0543833
0.0355833
0.0167333
0.0377433
0.0420667
0.0149533
0.00849333
0.0365533
0.02531
0.0235233
0.0355833
0.0663167
0.0471767
0.01017
0.00977
0.00049
0.0342733
0.0215767
0.00792667
0.00749333
0.000233333
0.0520233
0.000233333
0.00282
0.00282
0.0164967
0.000426667
0.00284333
0.0153267
0.0134867
0
0
0.00914
0
0.000673333
0
0.000193333
0.000766667
0.00022
0.00011
0.00011
0.00011
0.000166667
0.000193333
0.00077
0.000576667
0.000576667
0.00019
0.0003
0.00011
0.000166667
0.00021
0
0.00105667
0.000463333
0
0
0.00797667
0.0167167
0
0
0
0.0246867
0.00264333
0.00657
0.0272633
0.0392467
0.0371733
0.0365567
0.0369133
0.01783
0.0122267
0.00250333
0.00192667
0.000723333
0.00737
0.00939667
0.0130033
0.0117733
0.0110433
0.0116067
0.01362
0.02058
0.0200667
0.02158
0.00993667
0.00404
0.00302667
0.0004
0.00322
0.0559767
0.04305
0.0337133
0.02241
0.0182633
0.0432467
0.0218567
0.00801
0.000516667
0
0.0134833
0.0196333
0.00152333
0.00702667
0.00825
0.00163333
0.0150067
0.00137
0.000726667
0.000516667
0
0
0.00144667
0.05529
0.0650433
0.0611333
0.0382933
0.00836667
0.07159
0.0561467
0.02676
0.00857
0.00281333
0.06272
0
0.0706633
0.0438133
0.0111067
0.00535
0.00197
0
0
0.0803067
0.0679467
0
0
0.04031
0.0039
0
0
0
0.0307
0.07045
0.0423633
0.0145233
0.0107367
0
0
0.000366667
0.03717
0.04128
0.0194333
0.000893333
0.000296667
0.000486667
0.00272667
0.00233667
0.00110667
0.000993333
0.00814
0.00426333
0.01781
0.00807333
0.02792
0.0465267
0.0191933
0.0383867
0.0238067
0.0345833
0.0357367
0.00992667
0.0171233
0.04899
0.0501433
0.0525333
0.02939
0.00147333
0.00659667
0.0186733
0.00138333
0.000966667
0.0352033
0.000843333
0
0.0328
0.0110933
0.0376
0
0
0
0.0642333
0.000843333
0
0
0.0757367
0.07086
0
0
0
0
0
0
0
0
0.0927333
0.000143333
0.000143333
0.000143333
0
0
0
0.0463233
0.09397
0.00203333
0.00165667
0
0
0.00887
0.00421667
0.00270333
0.000366667
0.00141333
0.00534
0.0127733
0.0259867
0.0389
0.0456433
0.0300767
0.0258
0.01845
0.0154167
0.0231667
0.04062
0.0284033
0.01894
0.01885
0.0182333
0.00219667
0.0085
0.0208
0
0
0.00183333
0.00583
0.00086
0.00039
0.000963333
0.0360367
0.0545667
0.05863
0.0284367
0.0249433
0.0424833
0.0214667
0.0123333
0.0122433
0.000683333
0.06737
0.00697667
0.02874
0.00054
0
0
0
0.00609667
0.0101733
0.00172
0
0
0
0
0
0
0
0
0.000753333
0
0
0
0
0
0
0
0
0
0.127167
0.12651
0
0
0
0
0
0
0
0
0
0
0
0
0
0
0
0
0.05221
0.0570633
0.00256
0
0
0
0
0
0
0.04164
0.00256
0
0.03207
0.0103433
0.02351
0.0290133
0.0317033
0.0422967
0.04865
0.04112
0.0340367
0.0283267
0.02977
0.00926667
0.00850667
0.00259667
0.00012
0.00201333
0.0100267
0
0.000296667
0.000296667
0.000503333
0.000503333
0.000503333
0
0.00129667
0.0326667
0.03945
0.00549667
0.0156667
0.00063
0.000773333
0.0563833
0.0693733
0.000143333
0
0
0
0
0.0798367
0.102907
0.0328767
0
0
0.0175033
0
0
0
0
0.0857567
0.05022
0.0140633
0.0146867
0
0
0.0158533
0.0258133
0
0
0
0.0170833
0
0
0
0
0
0
0
0.00862333
0.00197667
0.0139967
0
0
0.04114
0
0
0
0
0
0
0
0
0
0
0
0
0
0
0
0
0
0
0
0
0
0
0
0
0
0.000583333
0.000583333
0.000583333
0.00181
0.00122667
0.00158667
0.00036
0
0
0.08667
0.00152
0
0
0.07875
0
0
0
0
0
0.0398133
0.02923
0.0599733
0
0
0
0.000243333
0.000243333
0
0
0
0
0.0503867
0.000356667
0.000356667
0.000756667
0.0004
0.00104667
0.00481667
0.0126167
0.01588
0.02911
0
0.000356667
0
0
0.00789333
0.00011
0.01242
0.05388
0.0650433
0.05077
0.0399233
0.01204
0.01804
0.02424
0.01393
0.00487333
0.00052
0.00012
0
0
0
0
0
0
0
0.01213
0
0.000723333
0.0728033
0.09835
0.0381133
0.02419
0.0212267
0
0
0.00569667
0
0
0
0
0.00497333
0
0
0.0673867
0.00434333
0
0
0
0
0.0229267
0.0841967
0
0
0
0
0.00525
0.01158
0.0471233
0
0
0
0
0
0.000586667
0.0797967
0.0575833
0.0226733
0
0
0
0
0
0
0
0
0.00691667
0.01106
0.03992
0.03995
0.0270567
0
0
0
0
0
0
0
0
0
0
0.0139867
0.0132667
0.0140967
0.00014
0.00120333
0.0108133
0.0166633
0.0328167
0.0308967
0.03488
0.02047
0.0131033
0.00331333
0.000506667
0.000183333
0
0
0
0
0
0
0
0
0
0
0
0
0
0
0
0
0
0.00709333
0.00792333
0.00169667
0.00122333
0.0854367
0.0844633
0
0.00014
0
0
0
0
0
0
0.0327433
0.00290667
0.0125167
0.0309067
0.0453567
0.04572
0.0347633
0.0187367
0.0128
0.00282667
0.000323333
0
0
0
0
0
0
0
0
0
0
0
0
0
0
0
0
0
0.0863533
0.05169
0.00036
0
0
0
0.00276667
0.00353667
0.0220667
0.02358
0.0240933
0.0260733
0.00821
0.00943
0.00334333
0.00267667
0.000173333
0
0
0
0
0
0
0.000346667
0.000173333
0
0
0
0
0
0
0
0
0.000116667
0.00105333
0.0221667
0.0224567
0.0265033
0.00621667
0.00524
0.00061
0.00025
0
0
0
0
0.00077
0.00077
0.00505
0.00546667
0.00675
0
0
0.00753667
0.000243333
0
0.000116667
0.00709333
0.0276233
0
0
0
0.02243
0.02366
0.00440333
0.00424667
0.00424667
0.000243333
0.00428333
0.0107833
0.01126
0.0239767
0
0.000356667
0.00165
0.00517667
0.00011
0
0.00508333
0.000556667
0.00011
0.0646233
0.0667267
0.0422967
0.0297667
0.00923667
0.00497333
0.0393867
0.04683
0.0519633
0.00303667
0.00505
0.00232
0.000683333
0
0
0
0
0.00686333
0.00686333
0
0
0.0245133
0.01059
0.00155
0.00664667
0.00917667
0.000113333
0.000113333
0
0
0
0.000723333
0
0
0.0335767
0.0186967
0.00149667
0
0
0.0457333
0.04059
0.0757133
0
0
0.0453733
0
0
0
0.0279033
0.0332033
0.0378833
0
0
0
0
0
0.00663333
0.0112967
0.000143333
0
0
0
0
0
0
0
0
0.000586667
0.000323333
0.0127867
0
0
0
0
0
0
0
0
0
0
0.00106333
0.00140333
0.00739333
0.00698333
0.0143333
0.00846667
0.01062
0.00293
0.00299
0.000183333
0.000183333
0
0
0
0
0
0
0
0
0
0
0
0.00470667
0
0
0
0
0
0.00414333
0.0259033
0.0281033
0
0
0
0
0.01109
0.00694667
0.00734
0
0.000393333
0.000393333
0.000866667
0.000473333
0
0
0.0305067
0
0
0
0
0
0
0
0.0329767
0.0289633
0.0289033
0
0
0
0
0.00139
0.00139
0.00758667
0.0335467
0
0.00106
0.00106
0.00106
0
0.00139
0
0.0116
0.00518333
0.0150133
0
0
0
0
0
0
0
0
0.00641667
0.00682667
0.00630667
0.00898333
0.0048
0.00988333
0.00609667
0.00592333
0.000173333
0
0
0
0
0
0
0
0
0
0
0
0.00101333
0.00101333
0.00300333
0.00199
0
0
0
0.0147133
0.0458133
0.0254167
0.0216267
0.00109
0.00025
0
0
0
0
0
0
0.00118667
0.00377
0.00436
0.00867
0.00549
0.00602
0.00171
0.00112
0
0.000116667
0.00159
0.00763
0.01778
0.0369533
0.05145
0.0241633
0.0236633
0.0193733
0.00657
0.00256667
0
0.0244667
0.03003
0.0393067
0.000226667
0.00152
0.0129367
0.0323567
0.04554
0
0.000226667
0.000446667
0.000446667
0.0840367
0.0749767
0.00673
0.0350667
0.0712333
0.04351
0.00116667
0.000283333
0.000143333
0
0
0.000833333
0.000833333
0.0677967
0.0290433
0.02045
0
0.112117
0
0
0
0
0
0
0
0.000773333
0.0787367
0
0
0
0
0.0421633
0.0531333
0
0
0
0
0
0.01304
0.0294633
0.000773333
0
0
0
0.00077
0.00681667
0
0
0
0
0
0
0
0
0
0.00034
0.00034
0.000993333
0.000776667
0
0
0
0
0.00018
0.01
0
0
0
0
0
0
0
0
0
0
0.00018
0.00138
0.00672667
0.00672667
0.00491667
0.00913
0.00944667
0
0
0
0
0
0
0.00024
0.00024
0.00240333
0
0
0
0
0
0.0064
0.00755
0
0
0
0
0
0.00265333
0.00212667
0.000533333
0
0
0.00620667
0.0106133
0.00862333
0.0117267
0.00416333
0.0250967
0.0235867
0
0
0
0
0
0
0
0.0158333
0.03389
0.02756
0.0323
0.0188067
0.0207367
0.01164
0.00653667
0.00143
0.000783333
0.00859333
0.00781
0.00781
0.00859
0.00078
0.00078
0
0.00416333
0.02651
0.02535
0.03296
0.01534
0.0367433
0.0273167
0.00678
0.00084
0
0
0
0
0
0
0.00045
0.00163667
0.0119267
0
0.00147333
0.00172333
0.01199
0.0122833
0.0179733
0.01537
0.00256667
0.03872
0.0401067
0.0588733
0
0.000226667
0.0775967
0.0542533
0.0254733
0.0217667
0.00471
0
0
0.0346967
0.00625
0.0022
0.000563333
0.000143333
0
0
0
0
0.00652667
0.00155
0.0677933
0.000113333
0
0
0
0
0
0
0.00728667
0.0865667
0
0
0
0.03393
0.02448
0
0.0497233
0
0
0.0264133
0.04439
0
0
0
0
0
0
0
0
0
0
0.00077
0.0205367
0
0.000123333
0.000123333
0.000123333
0
0
0
0
0
0
0
0
0.01026
0
0.000696667
0
0
0
0
0.00051
0
0.00542
0
0
0.00634333
0
0
0
0.00024
0.00114
0.0073
0
0
0.0298367
0.0325033
0.0102167
0
0.000533333
0
0
0
0
0
0
0
0
0
0
0.02799
0.00759
0.00599667
0
0.00059
0.00059
0.00059
0.00118
0.00059
0
0
0.00014
0.00329
0.0471133
0.02787
0.0407233
0.0455133
0
0.000193333
0.000643333
0.0109333
0.0494667
0.03565
0.0482733
0.0216067
0.0136567
0.00460333
0.00768333
0.00424
0.0115633
0.0165633
0.00025
0.00201667
0.00770667
0.00594
0
0.00594
0
0.0222633
0.0146067
0
0
0
0.000226667
0.000596667
0.0120133
0.01286
0.0201467
0
0
0
0.06002
0.0381167
0.0379933
0.00921333
0.0258733
0.05421
0.0867633
0.0943333
0.0875633
0.05565
0.01274
0
0.00118
0.0156533
0.00562333
0
0.00284333
0.000113333
0
0
0.000833333
0
0.00295333
0
0
0
0
0
0
0
0
0
0.05194
0
0
0
0
0.05195
0
0.00132
0.02074
0
0.04202
0.0432667
0
0
0
0
0
0.00077
0
0
0
0
0
0
0
0
0
0
0
0.0154067
0
0
0
0
0
0
0
0
0
0
0.00113
0.000186667
0
0
0
0
0
0
0.00038
0
0
0.00130333
0
0
0
0.00146667
0
0
0
0.000136667
0
0.01466
0.00103667
0.0206833
0.04207
0.0115
0.00267333
0
0.000543333
0
0
0
0
0
0
0
0
0.0106
0.00582333
0
0
0
0
0
0
0
0.0128167
0.00078
0.00014
0.00431667
0.01306
0.03438
0.0484633
0.0557233
0.0657467
0.0497333
0
0.0107767
0.0126
0.03224
0.02857
0.01016
0.00814333
0.00776667
0.00395667
0.00633667
0.0143067
0.0345233
0.0388067
0.0391433
0.0168967
0.00908667
0.0285867
0.0485267
0.00176667
0.00176667
0
0
0
0
0
0.00180333
0
0
0.00037
0.04701
0
0
0.00160333
0.00160333
0.0451167
0.0547
0.0305767
0.0122033
0.0117167
0.00826667
0.00028
0.00028
0.00063
0
0.000583333
0.01358
0.0132967
0.00176333
0
0
0.00319
0.0128233
0
0
0.00442
0.00241
0.0259267
0.00295333
0.00157667
0
0
0
0.0188733
0
0
0
0.02721
0.03534
0
0
0
0
0.0256233
0
0
0
0
0
0
0
0
0
0
0
0
0
0
0
0
0
0
0
0
0.00494333
0
0
0
0
0
0
0
0
0
0
0
0
0
0
0.00038
0
0
0
0.00038
0
0
0
0
0
0
0
0
0
0.0444767
0.03968
0.0200667
0.00267333
0
0.00036
0
0
0
0
0
0
0
0
0
0
0
0
0
0.03025
0.00727333
0.00014
0.00116667
0.06078
0.0650233
0.08214
0.0780733
0
0
0.000193333
0.000486667
0.00830667
0
0
0
0
0
0
0
0
0
0.00144333
0.00107333
0.00873
0.00765667
0.00946
0.00180333
0.0418333
0.00224667
0.000643333
0.0297733
0.0127167
0.00980333
0.00126333
0.000796667
0
0.0704767
0.0890733
0.0905067
0.0315267
0.00393333
0.00356667
0.00496333
0.00296
0.00126333
0.00073
0.00293667
0.0105833
0
0
0.0227933
0.0159833
0
0
0.01638
0.00420667
0.00284333
0.0158967
0
0
0
0
0.00634333
0
0
0
0.01392
0.0231367
0
0
0
0
0
0.00055
0
0
0
0
0
0
0.00921667
0.0132167
0
0
0
0
0
0
0
0.004
0.004
0
0
0
0
0
0
0
0
0
0
0
0
0
0
0
0
0
0
0
0
0
0
0
0
0
0
0
0
0
0.00123667
0.000136667
0.01624
0.01486
0.0283067
0.0353567
0.0114567
0.00289
0
0
0
0
0
0
0
0
0
0
0
0
0
0.00293333
0.00569333
0.00181
0.00036
0
0
0
0
0
0.00119333
0.00119333
0.00119333
0.07445
0.04264
0.0266433
0.03948
0.00102667
0.00585333
0.0147367
0.0309433
0.0494633
0
0
0.000293333
0.000293333
0.00231
0.00201667
0.00354
0.00152333
0.00152333
0.00028
0.00380667
0.00681667
0.0295633
0.0289167
0.0342133
0.0129067
0.0100267
0
0
0
0
0.0542433
0.000643333
0
0.00037
0.00037
0.00075
0.00235333
0.0713267
0.0572733
0.0308867
0.0151167
0.0237533
0
0.03235
0.0242567
0.000413333
0.000996667
0.01334
0.00073
0
0.00293667
0.00387333
0.01228
0
0
0
0.0450867
0.00302
0
0
0
0.0156367
0.00220333
0
0
0.00356667
0.00126667
0
0.00055
0.000726667
0.00638
0.00796667
0
0
0
0
0
0
0
0
0
0
0
0
0
0
0
0
0
0
0
0
0
0
0
0
0
0
0
0
0
0
0
0
0
0
0
0
0
0
0
0
0
0
0
0
0
0
0
0
0
0
0
0
0
0
0
0
0
0
0
0
0
0
0
0
0.00105667
0.00105667
0.00145
0
0
0
0
0.00119333
0.00329333
0.00315667
0.0971167
0.0768667
0.0582667
0.0264567
0
0
0
0.000543333
0.00537
0.0207667
0.0476267
0
0
0
0
0
0
0
0
0
0
0
0
0
0
0
0
0
0
0
0.00028
0.00617
0
0
0.0122867
0.0168767
0.00758667
0.0216433
0.00412
0.00417667
0.000876667
0.000876667
0.00116
0.0551267
0.0760967
0.0642567
0.05178
0.0371433
0.00929667
0.00401333
0.00036
0.0333933
0.0191833
0.00804333
0.00634667
0.00502667
0.0186933
0
0
0.00913
0
0
0
0.03517
0
0
0
0.00125333
0.0465667
0
0
0
0.00143
0.02436
0
0
0
0
0.00206333
0
0
0
0
0
0
0
0
0
0
0
0
0
0
0
0
0
0
0
0
0
0
0
0
0
0.00028
0
0
0
0
0.00028
0
0
0
0
0
0
0
0
0
0
0
0
0
0
0
0
0
0
0
0
0
0.00017
0
0.00079
0.00079
0.00079
0.00310333
0
0.0011
0.0011
0.00261667
0.00336333
0.01653
0.0163233
0.0230433
0.0108967
0.00980333
0.00123667
0.000216667
0
0
0
0
0
0
0
0
0
0
0
0
0
0
0
0.00405667
0.00161
0.0024
0
0
0
0
0
0
0.00350333
0.00938
0.00222667
0.00211667
0.0157967
0.0169733
0.05406
0.0414367
0.0387267
0.0758767
0.0969333
0
0.00301
0.0046
0.00172
0.00172
0
0.0533167
0
0
0
0
0
0
0.00598333
0.0281533
0.00991667
0.01944
0.0675733
0.07861
0.0341967
0.0377033
0.0290467
0.0385067
0.00829667
0.00564333
0.00209
0
0
0.00675667
0.0298167
0
0
0
0.0553767
0
0
0.000176667
0.000226667
0
0
0
0.000176667
0.0123633
0
0
0
0
0.000796667
0
0
0
0
0
0
0
0
0
0
0
0
0
0
0
0
0
0
0
0
0.000513333
0.000513333
0
0
0
0.000793333
0.00158667
0.00158667
0
0.000173333
0.000173333
0
0
0
0
0
0
0
0
0
0
0
0
0
0
0
0
0
0
0
0
0
0
0
0
0
0
0
0
0
0
0
0
0
0
0.00456333
0
0
0
0
0
0
0
0.000776667
0
0
0.00014
0.00014
0.00106333
0.0517833
0.01595
0.02758
0.0192367
0.0974133
0.07149
0.0476567
0.02055
0
0
0
0
0.000543333
0.000986667
0.0163833
0.02833
0.0609633
0.05652
0
0
0
0
0
0
0
0
0
0
0
0
0
0
0
0
0
0
0
0
0
0
0
0
0
0
0
0
0.00028
0.000443333
0.00332333
0.00317333
0.0518967
0.02796
0.02081
0.00812333
0.00293333
0.00015
0.00015
0
0
0.0183733
0.00880667
0.00106333
0.00128333
0.00104
0.00979667
0.0392233
0.0431533
0.09486
0.0849267
0.00547333
0.05629
0.0556167
0.03911
0.0249
0.00714
0.00152333
0
0
0.00036
0.000413333
0
0
0.000696667
0.0102767
0
0
0
0.00416333
0
0
0
0
0
0.0485433
0.00219
0
0
0
0.04086
0
0
0
0
0
0
0
0
0.0200533
0
0
0
0
0
0
0
0
0
0
0.000456667
0.000456667
0.000456667
0
0
0
0
0
0
0
0
0
0
0
0
0
0
0
0.000223333
0.000223333
0.000223333
0.00158667
0.00201
0.000423333
0.000173333
0
0
0
0
0.00035
0.000176667
0
0
0
0
0
0
0
0
0
0
0.000163333
0.000163333
0.000163333
0.000163333
0.000326667
0
0.000163333
0
0
0.00017
0.00019
0.00019
0.00019
0
0.00480333
0.00499333
0.000956667
0.000956667
0.00576
0.00163
0
0
0
0.00184667
0.00184667
0.00315667
0.00131
0.00131
0.00233
0.00102
0.00102
0
0
0
0
0
0
0
0
0
0
0
0
0
0
0
0
0.00281667
0.00202667
0
0
0
0
0
0
0.00014
0.0167433
0.0256633
0.0137667
0.0404567
0.0141367
0.00151667
0.0230233
0.0856
0.07732
0.114677
0.140057
0.164803
0.08816
0.0798033
0.0951967
0
0
0
0.000293333
0.00013
0
0
0
0
0
0
0
0.0548033
0.0383933
0.0447267
0.0765367
0.0602967
0.0234467
0.0185333
0.00444667
0.00246
0.0545
0.0568367
0.0145533
0.01098
0.0331367
0.00301333
0.00301333
0
0
0.00395333
0
0
0
0
0
0.0280867
0.000323333
0.000323333
0
0
0
0
0.000193333
0.00196333
0
0
0
0.03058
0.03607
0
0
0
0
0
0
0
0
0
0
0
0.00975333
0.000796667
0
0
0.0057
0.00604
0.00524333
0.000796667
0
0
0
0
0
0
0
0
0.00181
0.0391767
0.00365667
0.00340667
0
0.0100467
0.000353333
0.000176667
0
0
0
0
0
0
0
0.03929
0.000906667
0
0
0
0
0.00140333
0.000776667
0.00166333
0.0015
0.000776667
0
0.0136167
0.0149533
0.00386
0.01715
0
0
0.00369667
0
0
0.00777333
0.00297
0
0
0.000596667
0.00155333
0
0
0
0
0
0
0.0141833
0.00146
0.02342
0.11811
0.06645
0.0646533
0.0430367
0.0158933
0.297243
0.323857
0
0
0.000163333
0.000163333
0
0
0
0
0
0
0
0.000443333
0.00322
0.01571
0.00308333
0.0003
0
0
0
0
0
0
0
0.00107333
0.00107333
0.03009
0.0103133
0.0032
0.00191333
0.00729333
0.01542
0.0259267
0.0404267
0.03957
0.04112
0.0229133
0.0177967
0.00526
0.0833933
0.05604
0.0497333
0.0803833
0.04545
0.0259267
0
0
0.00152333
0
0
0
0.00398667
0
0.0324667
0.00418
0.000283333
0
0
0.000193333
0.00375
0.01443
0.00195333
0.00897667
0.00011
0.00011
0
0
0.0148033
0
0
0.000543333
0.000543333
0.001
0.00582667
0.0105267
0.000796667
0
0
0
0.00929333
0
0
0
0
0.0107867
0.0113
0
0
0
0
0
0.000223333
0.00914333
0.02025
0.01334
0.0234833
0.0153867
0.000156667
0.000156667
0.00135333
0.00119667
0.00277333
0.00157667
0.00157667
0.0496833
0.0131033
0.000176667
0
0
0
0
0
0
0
0.00011
0.00022
0.00011
0.00011
0.01005
0
0
0
0
0.0015
0.05825
0.0778867
0.00507
0.00278
0.00164667
0.02316
0.0362667
0.0194633
0.0212867
0
0
0
0
0
0
0
0
0
0
0
0
0
0
0
0
0
0
0
0
0.00235333
0.000326667
0.00343
0.0273967
0.00074
0
0
0
0
0.00132
0.05579
0.0607567
0.00327333
0.0419
0.103297
0.0359267
0.0481067
0.0795667
0.00015
0
0
0
0
0
0
0
0
0
0.00211
0.00103667
0.00164667
0.00061
0.00122
0.00061
0.00061
0
0
0
0
0
0
0
0
0.0545733
0.0211367
0.0138467
0.0106933
0.00973
0.00235667
0.0871167
0.0274433
0.0104533
0.00186333
0.00889
0.00745667
0
0
0
0
0
0
0.00186333
0.00031
0.000633333
0.0656133
0.00284333
0.00336333
0.000843333
0.000843333
0
0
0
0
0.00214667
0.000283333
0.01293
0
0
0
0
0
0.00195333
0.00022
0.00011
0.00011
0
0
0.000323333
0.000323333
0.000323333
0
0.00584667
0.0303167
0.02674
0.00729
0.00204667
0.000463333
0
0
0
0
0
0
0.00157667
0
0
0
0.00017
0.00162667
0.00896
0.00255
0.00397
0.0482767
0.00011
0.000156667
0
0.0462433
0.0106167
0.00092
0.000763333
0.000873333
0
0.08724
0
0.06033
0
0.0128767
0
0
0.0015
0.000776667
0.0739633
0.0305033
0.11375
0
0.13119
0
0.06597
0
0.000186667
0.02303
0.00932667
0
0
0
0
0
0
0
0
0
0
0
0
0
0.0220467
0.0017
0.0233067
0
0
0
0
0
0.0641167
0.03359
0.00960333
0.13398
0.311607
0.404367
0.271147
0
0
0
0
0.00133
0.00410667
0.0369467
0.0910633
0.00015
0
0
0
0
0
0.00107333
0
0
0
0
0
0
0
0.0377133
0.02964
0.00992333
0.00275667
0.00267333
0.00133
0.00723667
0.0177433
0.0131833
0.02051
0.0102267
0.00247667
0.00015
0.12858
0.108443
0.0907367
0.0871267
0.0683967
0.0176333
0.00037
0.124937
0.05628
0.00920333
0.000273333
0
0
0
0
0
0.00031
0.00151333
0
0.0109033
0.0131133
0.0055
0
0
0.0758867
0.000843333
0
0
0
0.00556
0.00759333
0
0
0
0
0.04124
0.00013
0.00236333
0.00234333
0
0
0
0
0
0
0
0
0
0.00140333
0.00194667
0.00955667
0.01298
0.0326833
0.00125
0.0008
0.0008
0.0008
0.000323333
0
0.000336667
0.000463333
0.00708
0.00376333
0.00401667
0.00059
0.00323333
0.00323333
0.00059
0
0
0.000613333
0.000863333
0.00042
0.00338333
0.00330333
0.00813333
0.00517
0
0
0.07214
0.0796933
0
0
0.0120433
0.0108467
0.00034
0.00017
0.00017
0
0
0
0.0176467
0.04219
0.04461
0.0490067
0.00608667
0.00301333
0.00290333
0.251713
0.22119
0.05679
0.02422
0.000743333
0
0
0
0
0
0
0.000763333
0.00405667
0
0.00143
0.00143
0.258633
0
0.00143
0
0
0.01225
0.000116667
0.000776667
0.129463
0.00446667
0.00584
0.06674
0.0556
0.04054
0.00731333
0.000766667
0
0
0
0
0
0
0
0
0
0
0
0
0
0
0
0
0
0
0
0
0
0
0
0
0.01115
0.00707
0
0.00177333
0.0203933
0.436977
0.503123
0.224213
0.0209533
0.00133
0.0600933
0
0
0
0
0
0.000833333
0.000833333
0.00134667
0.000513333
0.00672
0.00620667
0.00620667
0
0.00778
0.0155867
0.00991667
0.02955
0.0223533
0.02746
0.00736333
0.00675333
0.00061
0
0.00977667
0.00830333
0.00395333
0.00647333
0.00295
0.00332
0.00037
0.0139333
0.01
0.000393333
0.000823333
0.14544
0
0.01112
0
0.0237
0.0142733
0.0294633
0.0275633
0
0.117893
0.0319933
0
0
0
0
0.00013
0.00266667
0.0292933
0.00468333
0.00501667
0.00289333
0.00387333
0.0012
0
0
0.0280033
0.01216
0.0116833
0.0106667
0.0139833
0.00226667
0.00342333
0.00498333
0.0171367
0.00848
0.00872
0.0193933
0
0
0
0
0.00014
0.00154333
0.00344333
0.0122133
0.00493
0.00586333
0.0149767
0
0
0.06917
0.00042
0.000903333
0.0765367
0.00025
0.00115333
0.01609
0.00231
0.00025
0.00286333
0.00168333
0.00849667
0.0719167
0.00262667
0.00969333
0.00368333
0.05531
0.03257
0
0.209793
0
0.174123
0.24169
0.269743
0.00358
0.00523667
0.0935367
0.00376667
0.0502167
0.00153667
0.0249533
0.00566667
0.000733333
0.000406667
0.00110333
0.00226
0.0238667
0.0310833
0.00059
0.00059
0
0
0
0
0
0
0
0
0
0
0
0
0.19628
0.11089
0.000873333
0
0.000453333
0.0354433
0.0876333
0.2571
0.417517
0.334513
0.26627
0
0
0
0
0
0
0.100693
0.0803567
0.0624133
0.0366433
0.02657
0
0
0
0
0
0
0
0
0
0
0
0
0
0
0
0
0.01859
0.0184833
0.00920667
0.00233
0.0077
0.00678333
0.00813
0.14744
0.13819
0.12108
0.124357
0.10811
0.102553
0.0694533
0.0438233
0.000273333
0.16316
0
0
0.00031
0.00755333
0.04606
0.0178233
0.0117533
0.0727767
0.0585167
0
0
0
0
0.07734
0
0
0
0
0.000953333
0.00327333
0.000856667
0.0301467
0.0261733
0.0265267
0.00109
0
0
0
0.01667
0.00531
0.00498667
0
0
0
0.000143333
0.000143333
0.00140333
0.00802333
0.0156333
0.0344767
0.0333733
0.00812667
0.00162
0.00277667
0.00320667
0.00347
0.00183667
0.0138
0.0015
0.0310633
0.0342933
0.0614267
0.03505
0.05377
0.00336
0.00988333
0.09076
0.00134667
0.00209
0.00133333
0.02979
0.08776
0.00133333
0
0.04364
0
0.02286
0.0469067
0.0354967
0.01829
0
0
0.00352
0.0386967
0.0206167
0.0174333
0.0968167
0
0
0
0.00022
0.00022
0.000983333
0.02482
0.0681533
0.0499233
0.0181767
0.00328333
0.232463
0.00993
0.00211
0.00473667
0.0236867
0.00222667
0.175533
0.0298667
0.0280933
0.00857
0.0875633
0.0436967
0.01376
0.00059
0
0
0
0
0
0
0
0
0
0
0
0
0
0
0
0
0
0
0
0
0.01936
0.00707
0
0.000873333
0.00146333
0
0
0
0
0.000453333
0.0168233
0.229063
0.323333
0.00494
0.02832
0.0506333
0.0912333
0.0126567
0.0265733
0.00843
0.00281333
0.00234333
0.00087
0.000403333
0
0
0
0
0
0
0
0.000833333
0.00643
0.0118033
0.00670667
0.03522
0
0
0.00340333
0.00520333
0.000473333
0.0285733
0.0270467
0.00890333
0.00994333
0.00186333
0
0
0
0
0
0.12338
0.06312
0
0
0
0
0.0387033
0.04237
0.0127233
0.00181333
0.104303
0.0742367
0.08647
0.0256167
0.0464133
0.0115133
0.0379967
0
0.03337
0.0261067
0.00557667
0
0
0
0.0118133
0.0207667
0
0.123207
0.0470533
0.04015
0.0110833
0.03601
0.221337
0.00633333
0.102427
0.06961
0.216547
0.00388667
0.00255333
0.12588
0.0675533
0.133487
0
0
0
0.000163333
0.000303333
0.00220333
0.0621267
0.00748
0.00944333
0.0308967
0.06013
0
0
0
0.08157
0.0171867
0.00281
0.276167
0.38684
0.09163
0.00156667
0
0.0218567
0.00486333
0.00203333
0.0223233
0.379397
0.245697
0.02779
0.0850933
0.02363
0.0114167
0
0
0.330187
0.261887
0.145627
0.204263
0.299883
0.00196667
0.0117433
0.0150133
0.04066
0.0590533
0.000406667
0.00115667
0.00202333
0.00153667
0.0812233
0
0
0
0
0
0
0
0
0.00234
0.00266
0.00032
0.00032
0
0.149823
0.229077
0.167237
0
0
0.161077
0
0
0
0.00361
0.0819867
0.0437767
0.01624
0
0
0
0
0
0.0156267
0.0128533
0.00772
0.00778
0.00925667
0.0196167
0.0388467
0.0531933
0.0533233
0.0384133
0.0244433
0.01288
0.0088
0.00206333
0.00223667
0.000173333
0.000346667
0.000173333
0
0
0
0
0.0349833
0.0306467
0.0163133
0.01474
0.0196233
0.130687
0.136397
0.125597
0.08654
0.0797433
0.0377133
0.0348933
0.00493
0.00143333
0.109803
0
0
0
0.00724333
0.05061
0.0312333
0
0
0
0
0.0914733
0.128117
0
0
0
0.00202
0.00284333
0.0253167
0
0.00487667
0.00306333
0.00109
0
0
0
0
0.00662
0.0146633
0.00898667
0.00782
0.0407167
0.0503233
0.03456
0.02913
0.0109167
0.00657333
0.000643333
0.000643333
0.000143333
0.000656667
0.00412667
0.0325767
0.05696
0.0804267
0.0625133
0.0229433
0.0376567
0.0229
0.0789233
0.0140867
0.04896
0.03668
0.404273
0.605037
0.0100433
0.01184
0.0545167
0.316607
0.00255333
0.000113333
0.000113333
0.0161733
0.02806
0.05029
0.0648667
0.0440933
0.08022
0.0688633
0.06242
0.0118533
0.0467133
0.06214
0
0
0
0.00014
0.00036
0.00202667
0.02276
0.0109267
0.00948667
0.0368433
0.00419333
0.0232333
0.0715633
0.0499433
0.0549
0.00264
0.0073
0.00409667
0.0296267
0.141417
0.00110667
0.00468667
0.0397267
0.0313067
0.0122367
0.00534
0.000406667
0.00115667
0.00947667
0.00832
0.00957667
0.0321767
0.00206667
0
0
0
0
0.000133333
0.000133333
0.00153
0.00139667
0.00373667
0
0.000873333
0.00294
0
0
0
0
0
0
0.01637
0.0224
0.0470067
0.05498
0
0
0
0
0
0
0
0
0.104577
0.115667
0.0510433
0.0165733
0.03816
0.0353933
0.0107867
0.00197
0.00109667
0.000466667
0
0
0
0
0
0
0.000983333
0.00181667
0.0115267
0.0333033
0.0298
0.0313633
0.0002
0.0002
0.0002
0
0.0117333
0.00365333
0.00143333
0
0.106533
0.104877
0.0599367
0
0
0.0249567
0.00644667
0.00181333
0.14728
0.153
0
0
0
0
0
0.16653
0.02663
0.03838
0.0578633
0.0373633
0.0254067
0.000286667
0.00450333
0.0150167
0
0
0
0.00662
0.00815667
0.00222667
0.00369
0.00988667
0.01758
0.0359233
0.00506
0.000896667
0.00155333
0.0197633
0.10738
0.186053
0.205927
0.00137333
0.0015
0.0378833
0.05895
0.380523
0.165093
0.04986
0.576497
0.0031
0.21191
0.00381333
0.161713
0.0968767
0.09209
0.0199367
0.0804433
0.0218733
0.01392
0
0
0
0.000163333
0.01052
0.00745333
0.0266233
0.307597
0.000226667
0.000113333
0.03719
0.13696
0.0745233
0.0909933
0.220783
0.0393733
0.0492833
0.000466667
0
0
0.00329667
0.000466667
0.06301
0.160737
0.208677
0.00497333
0.00297
0.105873
0.0507667
0.0640633
0.07418
0.0127167
0.0114167
0.00373333
0
0.21577
0.163347
0.26214
0.0647867
0.14605
0.01561
0.0122933
0.00398667
0
0.00125667
0.00125667
0.00125667
0
0.00119667
0.0228733
0.0406533
0.04439
0.0295167
0.04275
0.04037
0.00268
0.00120333
0.00120333
0
0
0
0
0.0307567
0.0505567
0.00175333
0.00703333
0.00851
0
0
0
0
0
0
0.000133333
0.01361
0.0129167
0.00196667
0
0
0
0
0
0
0.00336333
0.00319
0.00313
0.000113333
0.000113333
0
0
0
0.000506667
0.00411667
0.0168533
0.0397267
0.0753833
0.01274
0.0456067
0.0312733
0.0474833
0.0280867
0
0
0
0
0.000983333
0.00855
0.00338
0.00399
0.0145933
0.0227767
0.0421467
0.0422767
0.02796
0.0980467
0.10841
0.09269
0.0696867
0.03666
0.0114833
0.0855267
0.0750067
0
0
0.00724333
0.0146033
0.0357933
0.03106
0.0660733
0.03501
0
0
0.0363633
0.03382
0.04982
0.0332633
0
0
0.0220167
0
0
0.00648667
0.00202
0.00415667
0.0690633
0
0
0
0
0
0
0
0
0.00423333
0.01719
0.08673
0.35241
0.0795267
0.1768
0.08358
0.0801167
0.07142
0.05691
0.0586333
0.00222333
0.0163333
0.03723
0.0563
0.695173
0.13173
0.0597167
0
0.06116
0.02303
0.4854
0.02104
0.00978667
0.000113333
0
0.0562933
0.0744967
0.05549
0.05307
0.0791667
0.0129867
0.0203433
0
0.00014
0.00183667
0.00350333
0.0301067
0.0142567
0
0
0.0459667
0.00548667
0.00014
0.0538167
0.00548
0.00213667
0.00556
0.000413333
0.00252333
0.00369667
0.0483667
0.000966667
0.0451767
0.0171667
0.00943667
0.175377
0.00207333
0.0630333
0.0476067
0.00456333
0.000576667
0
0
0.00202
0.0117967
0.0391933
0.0339
0.05112
0.00562667
0.0757233
0.02488
0
0.00687667
0.00263
0.00703667
0.0298367
0.000133333
0.00474667
0.0273333
0.0264567
0.03601
0.00164667
0
0
0
0
0
0
0.00691667
0.00764333
0.10256
0.09001
0.02352
0.00593
0.00121333
0.000583333
0
0
0
0
0
0
0
0
0.0378967
0.0391967
0.01976
0.02075
0.00996333
0.0109167
0.000226667
0.000113333
0
0
0
0
0
0.09621
0.117943
0.0875667
0.04686
0.0507267
0.0450367
0.04456
0.00163333
0.0113433
0.0216067
0.0394667
0.0378833
0.0332833
0.01759
0.00965667
0.00767
0.00270667
0.00407667
0.000143333
0
0
0
0
0
0
0.135163
0.106853
0.0356967
0.0112633
0.00249667
0.000276667
0.01502
0.0049
0.00170333
0.00143667
0
0.159157
0.1667
0.15052
0
0
0
0
0
0
0
0.164707
0
0
0.00305667
0.00680667
0.0196567
0.0187867
0.01701
0.00324
0.00197333
0
0.00436
0.00564667
0.0598367
0
0
0
0
0.00153667
0.00153667
0.00248
0.00185667
0.00173333
0.0083
0.00973667
0.0296667
0.03474
0.0506033
0.0352033
0.0294933
0.0120133
0.00730667
0.00137667
0.000643333
0
0.000143333
0.000143333
0
0.000896667
0.13273
0.223397
0
0.0728733
0.05528
0.412213
0.607763
0.0917833
0.743933
0
0.819153
0.00084
0.314857
0.339213
0.28624
0.741853
0.338833
0.241963
0.0204233
0.0412833
0.35653
0.100177
0.0694533
0.00978667
0.000226667
0.000113333
0
0.0358933
0.0143867
0.101327
0.143787
0.17265
0.0349967
0.031
0.0147133
0.0674833
0.0349233
0.05312
0.0131133
0.00169667
0.00818
0.05077
0.0148767
0.0148233
0
0
0.0575133
0.09373
0.0147167
0
0
0.00345
0.00861
0.0026
0.0244767
0
0.0013
0.0222467
0.01248
0
0
0
0.0013
0.0582967
0.01401
0.00687
0.00487333
0
0.0514067
0
0
0
0.04574
0.12911
0.0762633
0.00545
0.000576667
0.0853633
0.0574633
0.101107
0
0
0
0
0
0.00022
0.00104333
0.02984
0.0296367
0.0853833
0.02924
0.0889467
0.0267133
0.00134667
0.000143333
0
0
0
0.00263
0.01669
0.0380133
0
0
0
0.000133333
0.00335
0.01406
0.00311
0
0
0
0
0.000566667
0.000566667
0.00145333
0.02925
0
0
0
0
0
0.00065
0.00273
0.00253667
0.0113433
0.0150333
0.0365333
0.0305867
0.0355233
0.0157933
0.01289
0
0
0.0456433
0.0893433
0.09315
0.05993
0.02546
0.01274
0.105347
0.0789733
0.06422
0.0376
0.0124233
0.00407667
0
0
0.00071
0.00807
0.01058
0.000276667
0.0230467
0.01263
0.0103867
0
0
0.00576333
0.000393333
0.103373
0.00355
0.00131333
0.0593267
0
0.00129667
0
0
0
0
0
0.00082
0.000546667
0.000896667
0
0.0165333
0.02026
0.0374033
0.08429
0.303073
0.0318933
0.0723833
0.12826
0.229537
0.320777
0.04518
0.0723733
0.00218667
0.01636
0.0237
0.550253
0.00265667
0.01878
0
0
0.0383233
0.00131333
0.00192333
0
0
0.0378
0.00665
0.000236667
0.0832967
0.00776
0.06247
0.0192933
0.03599
0.01649
0.0431033
0.03194
0.00666
0.0265533
0.0224333
0
0
0
0
0
0
0
0
0
0
0
0
0.000376667
0.000376667
0.108877
0
0.000693333
0.00107
0
0
0
0
0
0
0.00022
0.00022
0.00124667
0.00102667
0.00172
0.00399333
0.00496
0.11937
0.0367867
0.0606333
0.03292
0.11757
0.00465667
0
0
0.00113667
0.00235
0.00264667
0.0123
0
0
0
0
0
0
0.04606
0.03062
0.0196933
0
0
0
0
0.00814
0.0246933
0.0187333
0.130767
0.135997
0.0110767
0.00471667
0.0053
0.000583333
0.000583333
0
0
0
0
0
0
0
0
0.0118967
0.0123167
0.0204433
0.04576
0.0450233
0.0370967
0.02463
0.02772
0.0366033
0.0145733
0.00191
0.000113333
0
0
0
0
0
0
0
0
0
0.000506667
0.0349733
0.13684
0.118913
0.0468433
0.0683133
0.0502067
0.0139367
0.0537133
0.000143333
0.000143333
0
0
0
0
0.0298767
0
0.00342333
0.09323
0.04537
0.0344767
0.0102933
0.00957
0.000803333
0.00271333
0.000266667
0.00170333
0.0843667
0.119137
0.12252
0.09354
0
0
0
0
0.0123033
0.0108667
0.0110367
0.00017
0.000436667
0.000266667
0.00066
0.0630533
0
0.01442
0.03697
0.0276133
0.02928
0.00760333
0.00385333
0
0.00143
0
0
0
0
0
0.00317
0.00541333
0.0170533
0.0162367
0.0185233
0.00761667
0.00226667
0
0
0
0
0
0.112353
0.24047
0.0365267
0.248977
0.50713
0.0772333
0.0454533
0.62725
0.294787
0.0532467
0.0586
0.374267
0.424613
0.0176467
0.354137
0.406447
0.236923
0
0
0.000126667
0.0217733
0.07289
0.0786833
0.13155
0.16715
0.10057
0.0531467
0.0106633
0.00099
0
0.000846667
0
0.0286033
0.00134667
0
0
0.00345
0.0131167
0.0100767
0.00134667
0.00714667
0.00939333
0.0110933
0
0
0
0
0
0.00516
0.00516
0.0123067
0.00366333
0.00348667
0.00236333
0
0.000176667
0.000353333
0.00147667
0
0.0358667
0.02898
0
0.0013
0.00112333
0
0
0
0.000176667
0.0988333
0.0435967
0.12928
0.00918667
0.0998967
0.0424433
0.0383867
0.00359667
0.000286667
0.000143333
0
0.00223
0.00578667
0.00188333
0.03922
0
0
0
0.00136333
0.00458
0.0273
0.00958
0.0023
0.00146333
0
0
0.0181367
0.129863
0.11933
0.09909
0.0558267
0.02591
0.00726
0
0
0.00065
0.00065
0.00952667
0.0112733
0.00314667
0.00301
0.000193333
0.00104667
0.000853333
0.000853333
0.00257333
0.0201467
0.000316667
0.000883333
0.00249333
0.00886333
0.01863
0
0.00147667
0.00218667
0.00262
0.00134667
0.00152667
0.000526667
0
0
0.0130233
0.00698667
0.0137667
0.00258667
0
0.00143
0.00513667
0
0.00422667
0
0
0
0
0.00153333
0.000156667
0.000156667
0
0.00362667
0
0
0
0
0
0.00082
0.00082
0
0.00015
0
0.00462333
0.01724
0.0288733
0.0259433
0.0548833
0.127267
0
0
0.0664267
0.125323
0.20061
0.0328267
0.0375467
0.03959
0.0544033
0.11314
0.125417
0.353833
0.0261767
0
0.00181667
0.41063
0.337977
0.0457133
0.0414033
0.00963
0.0119833
0.00458
0.01342
0.04543
0.0608867
0.18554
0.149683
0.00113
0.00014
0
0.04088
0.0354233
0.00121333
0.0114233
0.0281433
0.00138
0.00221667
0.00181667
0.00317
0.0111633
0.0144733
0.00952333
0
0.000366667
0.000366667
0
0.0435133
0.04532
0.01815
0.03851
0.0444433
0.01085
0.00135333
0.00135333
0.0462033
0.05033
0.02367
0.0158033
0
0.0307133
0.01696
0
0
0
0.0474433
0.00051
0.10268
0.00450333
0.117993
0.0916967
0.0198233
0.0486967
0.0833567
0.05114
0.0684067
0.0185633
0.00583
0
0
0
0
0.01496
0.10696
0
0
0
0
0
0
0
0.00537333
0.00652
0.0254067
0.02467
0.0156033
0.0214467
0.0393567
0.0475133
0.0496967
0.0356667
0.0202733
0.00761
0
0.00188333
0.00519667
0.01485
0.0204467
0
0
0
0
0
0.0364733
0.0269267
0.0153733
0
0
0
0
0.03208
0
0
0
0
0.00811
0.07036
0.0967167
0.154883
0.08038
0
0
0.0531967
0.0687067
0.02971
0.04217
0.0364533
0.0108533
0.00540667
0
0
0.0253333
0
0
0.00109
0.000656667
0.0007
0.000246667
0.00295333
0.00414333
0.0463467
0.03873
0.0367067
0.0501133
0.0260933
0.000526667
0
0
0.0268367
0.0349967
0.01422
0.00335333
0.000436667
0.01886
0.02261
0.02887
0.00592667
0.00499
0
0
0
0
0
0.00678333
0.00694
0.00223
0.00207333
0
0
0
0.00306333
0.00306333
0.00459667
0.00153333
0.362393
0.0169567
0.416923
0.339663
0.261907
0
0
0.000126667
0.20082
0.13071
0.0729133
0.03156
0.00226
0.00274667
0
0
0.000293333
0.0224567
0.01953
0.0259667
0.0115933
0.0184067
0.0270867
0.000676667
0.00926
0.00887667
0.00358
0.0187867
0.00329333
0.0631967
0.0566267
0.0196233
0.00314667
0.00782667
0.0166267
0.0192133
0.0262567
0.0212667
0.00323
0.00137333
0.000663333
0.00052
0
0
0.0172367
0.0855133
0.0706367
0.08155
0.0427967
0.0373133
0.00103667
0.0009
0
0
0
0
0
0
0
0
0
0
0
0
0
0
0
0
0
0.00107
0.00107
0.0014
0.00033
0.00033
0
0
0
0
0
0
0
0.00114667
0.00578333
0.00657
0.006
0.000186667
0
0
0.00842667
0.00275333
0.00342667
0.0143433
0.0202367
0.000836667
0
0
0.000753333
0.00679667
0.180887
0.12431
0
0.000316667
0.0210867
0.06567
0.127053
0.0968233
0.03337
0.03818
0
0
0.000786667
0.0118167
0.0125067
0.0202467
0.0192233
0.00655667
0.00112333
0
0.0321933
0.0431567
0.0236467
0.000423333
0.01353
0.05129
0.05875
0.04685
0.00334
0
0
0.000253333
0.000253333
0.00901333
0
0
0
0
0
0
0
0.00636667
0.01315
0
0
0
0
0.00104667
0.0136633
0.0218167
0.0629467
0.182053
0.264357
0.000493333
0.00186333
0.0138733
0.0289667
0.000256667
0
0
0
0
0.00109333
0.385803
0
0
0.00541333
0.00300333
0.127803
0.09355
0.0358933
0.0658567
0.00138667
0.0103267
0.0126633
0.0123067
0.01422
0.0214767
0.0145233
0.00145333
0.0135533
0.00116667
0.0188467
0.03652
0.0263867
0.0153
0.05124
0.0619433
0.00443
0.0102633
0.00052
0
0
0
0
0
0
0
0
0
0
0
0.00136333
0.00195333
0.00256333
0.00858333
0.0184333
0.0239933
0.0351633
0.02735
0.02567
0.00866667
0.0297967
0.00264
0.00862333
0.00136667
0
0
0.07865
0
0
0.00039
0.00039
0.00114333
0.08556
0
0
0.00153667
0.0206967
0.141117
0.0388867
0.100383
0.28859
0.334463
0.0465
0.03647
0.0495233
0.0298167
0.0073
0.0525867
0
0.000786667
0.0308433
0.01968
0.00159
0.00799333
0.0142467
0.00725333
0.01215
0.00602
0.000123333
0
0
0
0.0400033
0.0468933
0.00128333
0.00874
0
0
0
0.00113667
0.0142433
0.0293267
0
0.00128333
0
0
0.0294633
0.00889667
0
0.00207333
0.00185
0.00185
0.00690667
0.00390667
0.00102667
0.000773333
0.0004
0.00676667
0.00185
0.00043
0.00015
0
0
0
0
0
0
0.00037
0.103287
0.240477
0
0.000366667
0.0684267
0.00341333
0.000256667
0.00109333
0.00220333
0.00148
0
0
0.00656667
0.00138333
0.000253333
0.00014
0
0
0.08229
0.100993
0.00582333
0.0734333
0.0449433
0.0424067
0.01124
0.00996667
0.0177967
0
0
0.0368867
0.0282267
0.04498
0.0284867
0
0
0.0212133
0.0405667
0.03755
0
0
0
0
0.00105
0.00148
0.00199
0.00323667
0.0215633
0.0211833
0.0125467
0.000136667
0
0
0
0
0
0
0
0
0
0
0
0
0
0
0
0
0
0
0
0
0
0
0
0
0
0
0
0
0
0
0
0
0
0.00114667
0.00114667
0.00778
0.0153833
0.0204533
0.0278433
0.0216133
0.01631
0.0209333
0.00823
0.00845667
0.00145667
0
0.00784667
0.00778667
0.02103
0.00285333
0.000186667
0.000186667
0
0
0
0.0254967
0.00401333
0.00053
0
0.0818633
0.0123933
0.167757
0.16696
0.126193
0
0
0
0.00122
0.297037
0.0440933
0.15354
0.460153
0.04971
0.03576
0.00189333
0
0
0
0.0498133
0.00113667
0.000826667
0.00353333
0.01789
0.0285567
0.01332
0.00372333
0.00054
0.000156667
0.000156667
0.01923
0.0388167
0.0291333
0.00617
0.000613333
0
0
0
0.00780333
0.00871333
0.00168333
0.00168333
0
0
0
0
0
0
0
0.0004
0.0345267
0.0302333
0.00185
0.00866667
0
0.00176333
0.00118
0
0
0.00125
0.01799
0.0113133
0
0
0.0121933
0.0632233
0.000366667
0.0125033
0.0075
0.0116833
0.242203
0.299037
0.12894
0.0410767
0.00185
0.00192667
0.204893
0.213903
0.121687
0.00935
0.0166667
0.03574
0.03935
0.03544
0.0427833
0.04095
0.0144467
0.02489
0.000356667
0.00223
0.00269333
0.00296667
0.0310367
0.00332
0.00362667
0.05492
0.05339
0.03603
0.0333867
0.00909
0.00758667
0.00120333
0.000136667
0
0
0
0
0
0
0.00063
0.00115
0.00717
0.0140333
0.00801333
0.01016
0.00266667
0.00137333
0
0.00100333
0.00194667
0
0
0
0
0
0
0
0
0
0
0
0.00059
0.00059
0.00053
0.0318967
0.000406667
0.0272567
0
0
0
0
0.000796667
0.0193233
0.0301667
0.07219
0
0.00819667
0.09893
0.111113
0.334423
0.537087
0.616943
0.0349933
0.00254
0
0
0.000516667
0.000683333
0.0419667
0.0321233
0.0012
0.00395333
0.00223333
0.00572
0.0454833
0.000183333
0.00097
0.00928333
0.02013
0.03979
0.0211933
0.02658
0.00638667
0.00798333
0.00272
0.00295333
0.00082
0.000696667
0
0
0.0455633
0.0260067
0.00856
0.00178
0.00126333
0.02192
0
0
0
0
0.000646667
0.00019
0.001
0.00377667
0.02744
0.0226167
0.0316333
0.02224
0.0153467
0.00197333
0.00127
0.00253333
0.00033
0.00033
0.00098
0.00399
0.00992
0.00752333
0.0140767
0.00277667
0.00203667
0.00355667
0.00226667
0.00243
0.00356667
0
0.000136667
0.00039
0.00670667
0.00734333
0.01412
0.00183
0.00734
0.0122767
0.0332533
0.03475
0.00312667
0.00241
0.00314667
0.00942667
0.00218667
0.00159667
0.00248
0.0147833
0.000416667
0.00028
0.000336667
0
0
0.0349233
0.000133333
0.03887
0
0
0.00329333
0
0.0671767
0.00434333
0.07913
0.130063
0
0
0
0
0
0
0.0619567
0.0186667
0
0
0.13179
0.00655333
0.00543667
0.000113333
0.00817
0.09526
0.0702467
0.00973333
0
0
0.0373333
0.0186433
0.0453967
0.000396667
0.0359533
0.03698
0.000396667
0.00343667
0.00304
0.00619667
0.00463667
0
0.00015
0.00200333
0
0
0.00017
0.00017
0.00017
0
0
0
0
0
0
0
0
0
0
0
0
0
0
0
0
0
0
0.0447733
0.0431667
0.000936667
0
0
0.0153133
0
0
0.0094
0
0
0.0932267
0
0.000406667
0.0138
0
0
0.21163
0.141207
0.10556
0.286527
0.230493
0.0002
0.00717667
0.32031
0.181573
0.13788
0.22897
0.19363
0.21643
0.247857
0.0482067
0.0791967
0.134377
0.0587467
0.0262933
0.00146333
0.00254
0.00146333
0
0
0
0.00037
0.000273333
0.000273333
0.00037
0.00211333
0.0032
0.00377667
0.00200667
0.00331667
0.00160667
0.00115333
0.00154
0.00405667
0.00819
0.242467
0.000986667
0.00569
0.01034
0.00013
0.00013
0.00483333
0.00566
0
0.00101
0.00183667
0.00779
0
0.00101
0.00971667
0.0301
0
0.00019
0.0278567
0.0166567
0.0118833
0.0134
0.00205
0.00223333
0.0269233
0.0252867
0.00034
0
0
0.000183333
0.04024
0.0365367
0.0318367
0.00325667
0.02498
0.0229167
0.00089
0.00058
0.00058
0.00801333
0.0246667
0.00564667
0.00588667
0.000676667
0.00054
0
0
0
0.0240067
0.00852
0.000613333
0
0
0
0
0.0363867
0.0421767
0.0198867
0.0236533
0.0104167
0.0364333
0.04018
0.0187767
0.0137033
0.00364
0.00207333
0.000116667
0.000116667
0
0
0
0.0185167
0.00336
0.00495667
0.0314633
0.000133333
0.00224667
0
0
0
0.00136
0.0134967
0.04472
0.0224867
0.07879
0.0303133
0.000113333
0.119907
0.144883
0.0791267
0.10504
0.05092
0.03213
0.14526
0.12873
0.00936333
0.00350333
0.00732333
0.00772
0.0235867
0.0126733
0.00187333
0.00015
0.000273333
0.000423333
0.0253633
0.03291
0.000123333
0.000396667
0.0117867
0.00276
0.00270667
0.00106667
0.00106667
0
0
0.000143333
0.000143333
0.0026
0.00245667
0.00245667
0.00142333
0
0
0
0
0
0
0
0
0
0.00052
0.00052
0.00052
0
0
0.000643333
0.00158667
0.00862
0.0165833
0.0385833
0.03773
0.0157233
0.00872333
0
0
0.0172367
0
0
0.00331333
0.00331333
0.00367
0.000356667
0.000356667
0
0
0
0
0
0
0.0778467
0.000523333
0.0119533
0.193703
0.0731167
0.0348367
0
0
0
0
0.0303633
0.0108533
0.0505933
0.13765
0.352497
0.638073
0.504557
0.542573
0.0718767
0.02525
0.00208
0.000616667
0.00186667
0.000273333
0.000546667
0.00146333
0.00238667
0.00395333
0.0177567
0.00499
0.651
0.488147
0.405903
0.0283467
0.0376767
0.533387
0.00387333
0.268193
0.160223
0.0547
0.0304967
0.167093
0.00256333
0.03545
0.0152633
0.0581667
0.0346533
0.01233
0
0.0308533
0.0272033
0
0.04777
0.00154333
0.00704
0.00415333
0.00034
0.00034
0.0596067
0.0636933
0.0322633
0.0361933
0.0121467
0.0100133
0.00684
0.000183333
0.000183333
0.00849667
0.0143433
0.03057
0.00018
0.00018
0
0.03415
0.01139
0.00767
0.00089
0.00696333
0.000733333
0.00106333
0.0152167
0.00524333
0.00743333
0.00793333
0.0131433
0.00584667
0.0139767
0.0203567
0.02133
0
0.00301
0.00301
0.00436333
0.00135333
0.00196667
0.000613333
0.03733
0.0263667
0.00588
0
0.00076
0.000896667
0.0210467
0.0266033
0.0495533
0
0.00143
0.00216
0.00767
0.01574
0.00672
0.000336667
0
0.0330233
0.000133333
0.00211333
0
0.00261667
0.0147233
0
0
0
0
0.0049
0.00434333
0.0423333
0.0266767
0
0.000533333
0.0781933
0.0841467
0.00302333
0.00246
0
0.0461067
0.0377433
0.02729
0.0309467
0.000973333
0.00044
0.0140667
0.0125967
0.01425
0.00776333
0.0212933
0.0211233
0.0119367
0.02488
0.0127867
0.0205967
0.06443
0.0132033
0.0504267
0
0
0
0.05227
0.00952
0
0.01503
0.00265
0.00153
0
0
0
0.00539667
0.00311
0.00017
0
0
0
0
0
0
0
0
0
0
0
0
0
0
0
0
0
0
0
0.00380333
0
0
0
0
0
0
0
0.00128333
0
0
0
0.00034
0.00365333
0
0.000116667
0.03172
0.00931
0.173353
0.0835833
0.27888
0
0.0002
0.00387667
0.42624
0.24249
0.10574
0.369067
0.574787
0.52853
0.288377
0.174813
0.225113
0.0279267
0.00487333
0.000616667
0.000273333
0.0174133
0.0310233
0.02513
0.0257233
0.05619
0.191107
0.00767333
0.0316033
0.00962333
0.0452667
0.00241
0.002
0.0115267
0.00719
0.0446767
0.0510433
0.00855667
0.00433667
0.00588
0.06478
0.00749667
0.0028
0.00122333
0.000846667
0.09408
0.01081
0.0564
0
0
0
0.0691667
0.00167333
0.0273633
0.00965333
0.0211333
0.0134167
0.0166867
0.0153133
0.00518333
0
0
0.0228867
0.000636667
0.000136667
0.000136667
0
0
0
0.0298267
0.02918
0.04723
0.00531333
0
0
0
0
0
0
0.01565
0.02622
0.0232433
0.0266933
0.0199467
0.00347
0.00347333
0.00117333
0.0638533
0.0332733
0.0537667
0.0146133
0.00466667
0.00219
0.000233333
0.000116667
0
0
0.00361667
0.00011
0.01141
0.00146
0.000423333
0
0.000116667
0.00147667
0
0
0.0228067
0.0504167
0.000956667
0.01457
0.02351
0.0294633
0.0205833
0.00123
0
0
0.0915333
0.0697833
0.0899267
0.10549
0.119333
0.00772
0.0129633
0.0124133
0.00240333
0.00240333
0
0.0627
0
0
0.01959
0.0162367
0.00223333
0.00237667
0.00483333
0
0
0.00330667
0.000366667
0
0
0
0
0
0
0
0
0
0
0
0
0
0.000643333
0.000643333
0.00767667
0.0156933
0.0386367
0.0318433
0.03097
0.00802667
0.00778667
0
0
0.00432333
0
0
0
0
0.00034
0.0234933
0.000233333
0.0116633
0.155177
0.000626667
0.00027
0.00027
0
0
0
0
0.38308
0
0
0
0
0
0.445237
0.11336
0.305147
0.37354
0.400097
0.432167
0.353937
0.678103
0.797737
0.44917
0.15142
0.0498133
0.195323
0.07363
0.00545
0.0648033
0.00265667
0.02511
0.0105533
0.0250067
0.738203
0.00884667
0.06989
0.800763
0.51138
0.317873
0.714067
0.0305533
0.0791967
0.06025
0.564303
0.111547
0.323123
0.06092
0.00683667
0.364953
0.0734
0.00175333
0.0685267
0.00119
0.05795
0.06156
0.03467
0.0177033
0.0145067
0.0113433
0.01186
0.0698733
0.0246067
0.0236133
0.111017
0.0930967
0.0497033
0.03812
0.0128733
0.00086
0.00017
0.0286867
0.0641167
0.0353033
0
0
0.00203667
0.05442
0.0174
0.0167467
0.01344
0.00520667
0.0116633
0.0296533
0
0
0
0.0005
0.0005
0.0280133
0.04364
0.0437667
0.0427067
0.02746
0.00485
0
0
0.02143
0.00511
0
0
0
0.002
0.00276
0.02291
0
0
0
0.00073
0.00328
0.00011
0.0137933
0
0
0
0.000503333
0
0
0.00159333
0.03779
0
0.0139333
0.186843
0.00944333
0.000563333
0.000563333
0.00179333
0.00123
0.188
0.0719967
0.13901
0.28561
0.152777
0.0177033
0.0448967
0.01828
0.0357467
0.00305667
0.00119667
0.00240333
0
0
0.0811767
0.04768
0
0
0.02585
0.0122633
0.00153
0
0
0.000576667
0.00281
0.0265133
0.02722
0.03189
0.0102633
0.000196667
0
0
0.000566667
0
0
0
0
0
0
0
0
0
0
0
0
0
0.00238667
0.000566667
0
0
0
0
0
0
0
0
0
0
0
0.000116667
0.0103067
0.01362
0.0136133
0.01057
0.05295
0.02099
0.01351
0.03954
0.304373
0.179047
0
0
0
0.233357
0.145223
0.00367667
0.00848
0.04842
0.152047
0.88131
0.671167
0.485433
0.313007
0.0281833
0.000273333
0.0629067
0.00700667
0.808217
0.09418
0.00588333
0.0353333
0.56347
0.264823
0.06482
0.000946667
0.01769
0.193843
0.00136667
0.0573667
0.0618367
0.0329433
0.0349633
0.02769
0.01744
0.0594767
0.0316667
0.0361033
0.0179067
0.0102033
0.00864
0.10893
0.126887
0.139737
0.0264533
0.0210433
0.00558
0.00706
0.00408667
0.02349
0.00017
0
0
0.02965
0.00445667
0.04588
0.0372733
0
0
0.00134
0.0364833
0.000596667
0.00193667
0.000596667
0
0
0.0493
0.0468433
0.0443
0.03697
0
0.01441
0.0206633
0.0140967
0
0
0
0
0
0
0
0
0
0
0.00073
0.00615
0.00542
0.0149067
0.00732667
0
0
0.002
0.00291333
0.0230633
0.0280233
0.0477267
0.02854
0.0241733
0.00355667
0.00271
0.000116667
0.000116667
0
0
0
0
0
0.01222
0
0
0.0175267
0.000503333
0
0
0.000116667
0.000233333
0.000556667
0.09918
0.0870533
0.000503333
0
0
0
0.248233
0.0117567
0.00594667
0.0319567
0.05281
0.0480133
0.01227
0.0569667
0.0259367
0.03258
0
0.0454833
0.0816167
0
0
0.0878167
0.0346533
0.0112933
0.00791333
0
0
0.02916
0.00867333
0.00154667
0
0
0
0
0
0
0
0
0
0
0
0
0
0
0
0
0
0
0.000973333
0.00963333
0.00987333
0.00219333
0.00276
0
0
0.00128333
0.00128333
0
0
0
0
0
0
0.00996667
0.000116667
0.00208
0.0475633
0.0361067
0.0360833
0.0105067
0.000563333
0.0356267
0.03412
0.0311733
0.05984
0
0.000456667
0.000456667
0.000456667
0.113613
0.14259
0.259993
0.3285
0.431253
0.46321
0.0008
0.0008
0
0
0.65064
0.66391
0.343747
0.15956
0.279207
0.158547
0.0840833
0.00204
0.0474633
0.0353733
0
0.0587167
0.00787333
0.752637
0.549733
0.56745
0.346977
0.127547
0.484137
0.0369633
0.114533
0.0809267
0.0251067
0.03824
0.0361533
0.107097
0.07243
0.673503
0.3341
0.175063
0.000556667
0.000366667
0.0634033
0.44055
0.08163
0.04365
0.00261
0.24677
0.00268333
0.0425567
0.00284667
0.00266333
0.01666
0.02513
0.0280333
0.0292233
0.0405433
0.0462233
0.0175
0.00124333
0.000823333
0.146213
0.108393
0.0320533
0.0397
0.0237767
0.0527367
0.0427533
0.03185
0.0136433
0.00681333
0.00112
0.00617333
0.02705
0.00585333
0
0
0.0427567
0.0126467
0
0
0
0.0335767
0.00335
0.003
0
0
0.0458667
0.0539167
0.0197
0.00199667
0
0
0
0
0
0
0.0107733
0.0250033
0.00404667
0.000356667
0.00584667
0
0
0
0
0
0
0
0
0
0
0
0
0
0.00787333
0.00696
0.00792333
0.000963333
0.000963333
0
0
0
0
0
0
0
0
0
0
0
0
0
0
0
0
0.00393667
0.01735
0.0302233
0.0332133
0.209247
0.03874
0.123743
0.0581233
0
0.03171
0
0.0469733
0.0273067
0.00056
0
0.000576667
0.00116
0.00626333
0.0119633
0
0
0
0.0332033
0.04031
0.04116
0.00135
0
0.01834
0.00965333
0.000933333
0.000933333
0
0
0
0
0
0
0.0198067
0.0101867
0
0
0
0
0
0
0
0
0.0106933
0.01056
0
0
0
0
0
0
0
0
0
0
0.000973333
0.000973333
0.00121333
0.00024
0.00024
0
0
0
0.00104
0.00107333
0
0
0.00344667
0
0.00196333
0.00502667
0.18311
0.0497267
0.0381367
0.0156033
0.000293333
0.0539833
0.145573
0.306273
0
0.00814333
0.00848667
0.0313333
0.0361367
0.05929
0.0294633
0.349117
0.472013
0.0588933
0.0270833
0.02539
0.00204
0.0402033
0.12911
0.0161233
0.515253
0.172557
0.166667
0.112833
0.758143
0.60132
0.23826
0.22701
0.170377
0.0807667
0.01254
0.0474733
0.00631667
0.0659967
0.0444033
0.0713667
0.550583
0.00230333
0.00249333
0.0241367
0.00385333
0.0727533
0.0766267
0.0416233
0.01254
0.00859667
0.00038
0.0184533
0.00195333
0.0704233
0.000343333
0.0390533
0.02058
0.000343333
0.000823333
0
0.0189533
0.07006
0.0425233
0
0.09081
0.115243
0.03035
0.00942333
0.00282333
0.0367733
0.0409767
0.01179
0.0176367
0.0559467
0.00187333
0
0
0.0106533
0.02813
0.0270733
0.0156467
0.00342667
0
0
0.0551633
0.0132367
0.00253667
0.07135
0.0603467
0
0
0
0
0
0
0
0.00466667
0.000246667
0
0
0
0
0
0
0
0.0131167
0.0913733
0
0
0
0
0
0
0
0
0
0
0
0
0
0
0
0
0
0.000183333
0
0.0557333
0
0
0
0
0
0
0
0.000913333
0.000913333
0.000913333
0
0
0
0
0.000623333
0.00074
0.00356333
0.0859133
0
0
0.00135333
0.0499633
0.00550667
0.3752
0.0512333
0.0314167
0.47477
0.0409633
0.0528
0.440213
0.350083
0.0432433
0.02135
0.04464
0.00269333
0.0298633
0
0.0227333
0.00522667
0.00184
0.00056
0
0
0
0
0
0
0.0193367
0.00847667
0.00135
0.00135
0
0.0107433
0.00109
0.00202333
0
0.02796
0
0
0
0
0
0
0
0
0
0
0
0
0.01735
0
0
0
0
0
0
0
0.00116667
0
0.00996667
0.0191567
0.0302033
0.04384
0.03924
0.000713333
0.0233533
0.157397
0.27049
0.21173
0.172723
0.000293333
0
0.0249067
0.00209333
0
0.00231333
0.00277
0.0104567
0.0109667
0.00328
0.0109
0.0397533
0.16308
0.17104
0.290977
0.0570433
0.270597
0.140497
0.121503
0
0.03978
0
0
0.0236533
0
0.0950667
0.00114
0.00939
0.23926
0.278923
0.1775
0.09085
0.0620567
0.02822
0.588733
0.367397
0.215387
0.02098
0.12736
0.11078
0.0290867
0.0213567
0
0.0193467
0.0840767
0.393927
0.0344533
0.0201567
0.0191333
0.00986667
0.0191433
0.110103
0.000696667
0.0369633
0.000696667
0.00292
0.0316967
0.03522
0.04433
0.0638533
0.0281433
0.00131
0.000966667
0.0471167
0.0357567
0.02955
0.00487667
0.00137667
0
0.0143867
0.0939767
0.0866133
0.0444567
0.0250433
0.00874667
0.000553333
0
0
0
0.0149833
0.00604
0.00134667
0.000793333
0
0
0.06672
0.06662
0.05055
0.0419167
0.0163867
0.0125667
0.0310967
0
0
0.000246667
0.00978
0.0508633
0.00977
0
0
0
0
0
0
0
0
0
0
0.0450767
0
0
0
0
0
0
0
0
0.00128667
0.0155167
0.02168
0
0
0
0
0
0
0
0
0
0
0
0
0
0.000143333
0.000143333
0
0
0
0
0
0
0
0.00071
0.00135
0.00064
0.00126333
0.0168233
0.0149867
0.162123
0
0
0
0
0
0
0
0
0
0
0
0
0
0
0
0
0
0
0
0
0
0
0
0
0
0.000143333
0
0
0.0398367
0.29889
0.06204
0.0340033
0.03706
0.05477
0.283073
0.07677
0.13422
0.0554267
0.02952
0.05281
0.000833333
0.0221967
0.0109467
0.00466667
0.00128
0
0
0
0
0
0.000583333
0.000583333
0.00686
0.00627667
0.0184867
0.01221
0.01221
0
0
0
0
0
0
0
0
0
0
0
0
0
0
0
0
0
0
0.0497967
0
0
0
0
0
0
0
0
0
0
0
0
0
0.0481067
0
0
0
0
0
0
0
0
0
0.000373333
0.0100533
0.00559667
0.00417
0
0
0.00785667
0.02997
0.0724233
0.0407667
0.00647
0.00110333
0.000293333
0
0
0.0269233
0.06296
0.00373333
0.00542333
0.0527967
0.0130267
0
0.0191533
0.0120433
0.0925867
0.137463
0.00837
0.127213
0.158773
0.01638
0.0575133
0.00845667
0.585373
0.129057
0.0469033
0.01188
0.00458667
0.08763
0.0345033
0.648213
0.000573333
0.00118667
0.000613333
0.0503367
0.0143633
0.01552
0.406917
0
0.0575333
0.0021
0.147227
0
0
0.0625033
0.00104
0.000533333
0.05209
0.00860667
0.00141333
0.0156867
0.00445333
0.00486
0.00163333
0.0209233
0.0660267
0.0467667
0.00956333
0.00477
0.000553333
0.0355233
0.0700367
0.06216
0.0512
0.05269
0.05166
0.05717
0.0548967
0.0834633
0.0182767
0.00592667
0.01797
0.01083
0.0012
0.00274
0.01862
0.01951
0.0902267
0.0756067
0.0632133
0.0257033
0.0170833
0.00299667
0.03793
0.00062
0
0
0.00194667
0.00468667
0.00112333
0
0.03545
0.00734667
0.00213
0.0105567
0
0
0
0
0
0
0
0.000116667
0
0.000116667
0.00331333
0.0912467
0
0
0
0
0.00549333
0
0
0
0
0
0
0
0
0
0
0
0
0
0
0.00612333
0.00250667
0.03156
0
0
0
0
0
0
0
0
0
0.396343
0
0
0
0
0
0
0
0
0
0
0
0
0
0
0
0
0
0
0
0
0
0
0
0
0
0
0
0
0.00853667
0.03112
0.48802
0.386453
0.0421367
0.0427933
0.0276533
0.0176367
0.00879333
0.00123333
0
0
0
0
0
0
0
0
0
0
0
0
0
0
0
0
0
0
0
0
0
0
0
0
0
0
0
0
0
0
0
0
0
0
0
0.00121667
0.000126667
0
0
0
0
0
0
0.0139367
0.00534333
0
0
0
0
0
0
0
0
0
0
0
0
0
0
0
0
0
0
0
0
0.00109667
0
0
0
0
0
0
0
0
0.00147
0.00971667
0.0183
0.0258333
0.000723333
0
0
0
0
0.06004
0.06064
0.0886267
0.0476
0
0.00942333
0.02047
0.0164133
0.00617667
0.0159367
0
0.000806667
0.00312
0.18082
0.0389633
0.0320833
0.04007
0.0204667
0.0499333
0.170853
0.163153
0.280127
0.390897
0.0113367
0.0114867
0
0
0
0.00015
0.00487333
0
0
0.0140033
0.01316
0.0617667
0.00012
0.05942
0.0250367
0.01919
0.0492267
0.0449033
0.08136
0.05122
0.0838967
0.03479
0.0551033
0.33761
0.333513
0.17582
0.123373
0.00282333
0.0576967
0.0797033
0.0133333
0.07012
0.00771667
0
0.113
0.03658
0.00011
0.0870733
0.101297
0.0142
0.00701667
0
0
0
0.0480433
0.00511
0.03463
0.00860333
0.00284333
0.0273967
0.000966667
0.0209467
0.0531533
0.00557
0.0203133
0.00612333
0.0158933
0.0953
0.0892367
0.00432333
0.02068
0.00685
0.0238467
0.00229667
0.0372933
0.0457467
0.0751867
0.00102667
0.0176967
0.00058
0.0271867
0.02363
0.0271367
0.00941333
0.0148833
0
0.00464
0.107847
0.01535
0
0.00044
0
0.00321667
0.00641333
0.0280533
0.0112767
0.119997
0.07818
0.04727
0.0236833
0.000983333
0.000983333
0.00044
0.00402333
0.01379
0.0920133
0.11944
0.10552
0.00959667
0.00112333
0.00112333
0
0.01266
0.000583333
0.00044
0.0111167
0.0146367
0.0131467
0.0984767
0.0421267
0.0174167
0
0
0.00819
0.00879667
0.06258
0.06887
0.0287933
0.0350033
0
0
0
0
0
0
0
0
0
0
0
0.00074
0.00397
0.00584667
0.287433
0.0317467
0.0104467
0.00909667
0
0
0
0
0
0
0
0
0
0
0
0.218327
0.000153333
0
0
0
0
0
0
0
0
0
0
0
0
0
0
0.22567
0.02217
0.0129267
0.0114267
0.00273667
0.00138667
0.000153333
0
0
0
0
0
0
0
0
0
0
0
0
0
0
0
0
0
0
0
0
0.0249967
0.06484
0
0
0
0
0
0
0
0
0
0
0
0
0
0
0
0
0
0
0
0
0
0
0
0
0
0
0
0.00642667
0.0136367
0
0
0
0
0
0
0
0
0
0.000756667
0.00357667
0.00365333
0
0
0
0
0
0
0
0
0
0
0
0
0
0
0
0
0
0
0
0
0
0
0
0
0
0
0
0
0
0
0
0
0
0
0
0
0
0
0
0
0
0
0
0.000126667
0
0
0
0
0
0
0
0
0
0
0
0
0
0
0
0
0
0
0
0.000813333
0.00731333
0.00759667
0.0185167
0.0202633
0.03975
0.03713
0
0
0
0.0590767
0.0317467
0.0244533
0.0264867
0.0189367
0.0120633
0.00178333
0.00215
0.000723333
0.000723333
0
0
0
0
0
0
0
0.0402333
0
0
0.000233333
0.0115133
0.00531
0.00890333
0.00081
0.00081
0.0191267
0.000806667
0.0252033
0.0518133
0.380373
0.000496667
0.000646667
0.000496667
0.00388
0.00012
0.00012
0.00387333
0.0108067
0.0405167
0.0111767
0.0277333
0.0266733
0.000446667
0.00221
0.0694767
0.00908333
0.155053
0.00096
0.00249333
0.0967967
0.000533333
0.000206667
0.16152
0
0
0.00764
0
0
0.000206667
0.00612667
0.0750033
0.0118767
0
0.0183267
0.00537333
0.0146133
0.00755333
0.0145733
0.0022
0.00113667
0.000403333
0.000403333
0.00069
0.000573333
0.000286667
0.00654333
0.0124
0.0207833
0.0111767
0.00257333
0.0115167
0.0203667
0.0023
0.0391367
0.00662
0.02881
0.0158967
0.00152
0.0241067
0.0309067
0.05267
0.03821
0.04374
0.0313967
0.0254133
0.0074
0.0403567
0.00116
0.0393733
0.0691233
0.000756667
0.000756667
0.0104333
0.0107833
0.0185833
0.00238
0.0430633
0.00849
0.00731667
0.000293333
0.000293333
0.00194667
0.00194667
0.0157367
0.0139067
0.0170067
0
0
0.000983333
0.00898667
0.03089
0.0110333
0.00521
0.00542
0.0101933
0.0106333
0.0140033
0.124757
0.0317
0.0113067
0.000606667
0.0295567
0.00074
0.00134667
0.000606667
0.0206867
0.05168
0
0
0
0
0
0
0
0
0
0
0
0.0192467
0
0
0
0.00785667
0.00987333
0
0
0
0
0.000466667
0.000466667
0
0
0
0
0.00012
0.000586667
0.000756667
0
0
0
0.00012
0
0
0
0
0
0.00705667
0
0
0
0
0
0
0
0
0
0
0.000813333
0.00775
0
0.000813333
0.0370133
0.0341933
0.03703
0.0165567
0.00538
0.00126333
0.000646667
0
0
0.01425
0.0243567
0.0389767
0.0526233
0.0534967
0.000253333
0.0406767
0.02074
0.00930333
0.00100333
0.000356667
0
0
0
0
0
0
0.000496667
0.000496667
0.000496667
0.00563
0.00163
0
0
0
0
0.07909
0
0
0
0.0619367
0.000466667
0.01128
0.0110467
0
0
0.0345633
0.00298
0.0248967
0.17323
0.0446
0.06155
0.0395667
0.00049
0.05283
0.0176067
0.0863367
0.10926
0.0041
0.0138033
0.0152233
0.02912
0.02868
0.0693233
0.00049
0.00215
0.07178
0.00153333
0.00153333
0.130653
0.14192
0
0.000146667
0.000286667
0.000373333
0.0951367
0.00058
0.04215
0.00194
0.000293333
0.00256
0.00100667
0.00058
0.0123667
0.00103
0.00323667
0.00208667
0.00831333
0.00244333
0.00260667
0.00671667
0.00610333
0.00216667
0.00792
0.00562667
0.000506667
0.00202
0.0278833
0.03365
0.0115567
0.00036
0.00307
0
0.00119667
0.0379633
0.0584567
0.0474767
0.0009
0.000213333
0.000213333
0.00176
0.0163867
0.00281
0.00208667
0.0410167
0.000426667
0.000213333
0.000563333
0.0147667
0.01288
0.00212667
0.0194633
0.00064
0.000426667
0.0035
0.00110333
0.00256667
0.0170267
0.0366433
0.0446567
0.00894667
0.000883333
0.00122333
0.00157333
0.00975667
0.00113667
0.0126167
0.0442567
0.0428833
0.00168
0.000816667
0.0438
0.00448667
0.0444667
0.0602333
0.01879
0.00824333
0.0404967
0.0389167
0.0115133
0
0
0
0
0
0
0
0
0
0
0.00456667
0.0041
0.00492
0.00082
0
0
0
0
0.0121333
0.00954333
0.0135233
0
0
0
0.0160133
0.0171733
0.00903667
0.00555333
0.00143667
0.000616667
0
0
0
0
0
0
0
0
0
0
0
0
0
0
0
0.000996667
0.00149333
0.00809
0
0.00709333
0.0118267
0.000126667
0.00523
0.00523
0
0
0.0411733
0.0244033
0.06853
0
0
0.03141
0
0
0.00611333
0
0.000973333
0.0332
0.0349333
0.03804
0.486963
0.276887
0.155807
0.26699
0.47961
0.600693
0.0269733
0.0444233
0.0840033
0.0802467
0.0293167
0.00213333
0.000243333
0.00137333
0.0123867
0.0242167
0.00141667
0.0108067
0.00943333
0.0180967
0.108997
0.0141867
0.0526667
0.00147667
0.0722867
0.0199033
0.0379067
0.04357
0.04096
0.0379133
0.01799
0.00941333
0.01484
0.00772333
0.0468933
0.00264667
0.00247333
0.00759333
0.00435333
0.00570333
0.00416
0.00141333
0.00136
0.00406
0.00557
0.0138833
0.0345967
0.00153667
0.00454
0.01401
0.00586
0.0185067
0.0449167
0.04061
0.0235567
0.0227433
0.01057
0.0136933
0.00401
0.0037
0.000353333
0.04557
0.0256
0.0161333
0.0475967
0.0149767
0.0143367
0.0544967
0.0378967
0.01759
0.00563333
0.00024
0.00036
0.0180367
0.0049
0.0334233
0.0213233
0.0284967
0.03475
0.0358933
0.0237333
0.0160667
0
0
0.0605367
0
0.0738733
0
0
0.0405
0.106317
0
0.00728
0.0005
0.00778
0.0475967
0.0005
0.0177067
0.00149667
0.00877667
0.0148733
0.00633
0.0316267
0
0.00150333
0
0
0
0
0.0561633
0
0.000233333
0.000233333
0.00791333
0.0361967
0
0
0.00800667
0
0
0.000166667
0.000166667
0.00217333
0.138423
0.02264
0.0221767
0.122993
0.596513
0.09799
0.0583567
0.02715
0.0186533
0.00539
0.02774
0.0457267
0.07989
0.03288
0.0895567
0.110933
0.02118
0.0105367
0.07563
0.102567
0.0352733
0.0239867
0.0341567
0.05876
0.0156933
0.01049
0.00882
0.00136
0.01577
0.00588667
0.0238633
0.0316333
0.0399533
0.0280633
0.0128567
0.0246367
0.0147667
0.00359667
0.00237667
0.0101667
0.0112067
0.0249967
0.05561
0.0139567
0.01388
0.00558
0.0273133
0.0381167
0.00105333
0.00354
0.00032
0.000576667
0.0635967
0.0846333
0.0400833
0.02117
0
0
0.0672033
0.0612267
0.0378367
0.05513
0.0503467
0.0477733
0.0751533
0
0.0009
0.01228
0.01866
0.0389433
0.03416
0.04668
0
0.0268733
0.00799667
0
0.00615333
0.000923333
0.00137667
0
0
0.0330067
0
0
0
0
0
0.00457
0.00138
0
0
0.00200667
0.0111167
0.01285
0.143507
0.26879
0.487713
0.502377
0.0371867
0.0736767
0.00736
0.0195967
0.0168667
0.00932333
0.0389833
0.0819367
0.0163133
0.0330167
0.0563767
0.15456
0.03457
0.02916
0.03569
0.0369233
0.116533
0.00688
0.0427367
0.00643333
0.02195
0
0.0271533
0.01483
0.0222033
0.00375667
0.0098
0.000316667
0.0478833
0.00580333
0.02322
0.0453533
0.0311467
0.0257867
0.03546
0.00071
0.00031
0.000486667
0.0018
0.00197667
0.0137567
0.0446067
0.00320667
0.0004
0.05161
0.0362567
0.02454
0.00095
0.00036
0.0587667
0.03912
0.00306333
0.00391667
0.0330867
0.000256667
0.04863
0.0275967
0.000256667
0.000256667
0.0475033
0
0.0466367
0
0.0491533
0.0009
0.0312033
0.0281433
0.04188
0.00183
0.01321
0.02306
0.0424133
0.0508333
0.0323933
0.00974667
0.00341667
0.00276667
0.000923333
0
0.01255
0.00181667
0
0
0
0.0292167
0.0334167
0
0
0.00065
0.00718333
0.00498667
0
0
0
0.240453
0.128883
0
0.00802333
0.0142433
0.0432333
0.365933
0.0660633
0.0941333
0.06796
0.0615667
0.00902667
0.0214067
0.00283667
0.00254333
0.00953333
0.0136967
0.00808
0.25015
0.05265
0.0516667
0.0354967
0.0304867
0.0337633
0.014
0.0148567
0.243227
0.116807
0.00656333
0.00665333
0.0580933
0.00689333
0.000316667
0.00524333
0.0384933
0.0186233
0.0167867
0.0428267
0.0376767
0.02726
0.0181467
0.0366133
0.05095
0.05926
0.01967
0.00142
0.04721
0.04374
0
0.0112167
0.0384833
0.0465533
0
0
0.0323333
0.0386133
0.0581467
0.04676
0.0407167
0
0
0.0973733
0.135337
0.0188733
0.02872
0.00093
0.00850667
0.00127333
0.00442
0.00557333
0.271943
0.0120233
0.302473
0.143943
0.0110933
0.13752
0.11481
0.0125933
0.0438333
0.00184333
0.00341667
0
0
0
0.00044
0
0
0
0.01252
0.0111733
0
0
0.00852
0
0
0
0
0
0
0.01101
0
0
0
0.20158
0.178267
0.25613
0.13065
0.00428333
0.0150067
0.0231733
0.0430133
0.0301567
0.00169333
0.211127
0.228263
0.0115133
0.00593667
0.04143
0.0278767
0.00622667
0.00023
0
0
0
0.06251
0.0652367
0.00794333
0
0.0792133
0.00875333
0.0179967
0.0194533
0.0104867
0.00530667
0.0818333
0.0150833
0.0241133
0.03918
0.02387
0.00162333
0.0302467
0.0585533
0.06258
0.0695833
0.00118
0.00071
0
0.0294233
0.0424867
0
0.00742
0.0294067
0.0297333
0
0.0626067
0
0.01472
0
0.0151467
0
0.00880333
0.0271567
0
0.00649667
0.0143633
0.299683
0.000343333
0.000343333
0.00251667
0.00286333
0.00365333
0.06304
0.0555667
0.00655333
0.00649667
0.00244333
0.000343333
0
0
0
0
0
0
0.00044
0
0
0.000746667
0.0002
0.00198667
0.00178667
0
0
0.01127
0.00744667
0.00189333
0.000746667
0
0.01981
0.01174
0
0
0.0471967
0.000623333
0.000623333
0.000623333
0.00489
0.03762
0.0706833
0.0127033
0.0334133
0.02942
0.0534
0.0388633
0.0313167
0.105177
0.000323333
0.00284
0.0252467
0.0234867
0.0286533
0.24059
0.106047
0.04997
0.00065
0.00023
0
0.00212667
0
0.00311333
0
0.00607667
0.0181267
0.0315633
0.0687333
0.0111533
0.0133867
0.0344133
0.00288667
0.0195533
0.0541167
0.0246567
0
0.00126333
0.0132367
0.0793167
0.00300333
0.175157
0
0
0.20906
0
0
0.00286
0.00374333
0.350357
0
0
0.0007
0.00120667
0.01536
0.000353333
0.24283
0.35071
0
0
0.00130667
0.191093
0.06882
0.163153
0
0.0814967
0.0323
0.0288233
0.00188333
0.00093
0.00618667
0.0402733
0
0
0.129413
0
0.00341667
0.00093
0
0
0
0
0
0.0848167
0.0334233
0.00703
0.00147667
0
0
0.0601033
0.0622467
0.01326
0.0171967
0
0
0
0
0
0
0.0379533
0.03778
0.00163667
0.0150133
0.0149967
0.00427667
0.09478
0.00133667
0.35616
0.00209333
0.446603
0.355093
0.08198
0.0788367
0.00140667
0.00222
0.000813333
0.0841833
0.0372133
0.00119333
0.01562
0.00200667
0.00841
0.0244467
0.00442333
0.00830667
0.04582
0.04118
0.04417
0.00646667
0.00124
0.00047
0
0.00742
0.00829
0.0539367
0.0233533
0.0318633
0.05637
0.04493
0.0232333
0.0346967
0.00126333
0.00175
0.00717333
0
0.00384333
0.00165333
0.00177667
0
0.000486667
0.00299667
0.00216
0
0.370853
0
0.000506667
0.000506667
0
0.0333467
0
0
0
0.112803
0.0810267
0
0
0
0
0.114987
0.14613
0
0
0
0
0
0.07474
0
0
0
0.00384333
0
0
0.00101333
0.03815
0.02376
0.06206
0.0754367
0.0415
0.0449133
0.05206
0.01792
0.0196833
0.0854833
0.00313667
0.00719667
0.00719333
0.00643667
0.01575
0.04033
0.0312767
0.0333433
0.0508533
0.0219667
0.01347
0.00755667
0.0266033
0.01667
0.00294333
0.00536
0.00087
0.0487167
0.0484767
0.00087
0.0360067
0.00617333
0.0430333
0.0163133
0.00671667
0.0112633
0.03027
0.00681
0.0160967
0.0112667
0.01168
0.00425333
0.201223
0.00124333
0.00366667
0.00947333
0.00138667
0.00304
0.244077
0.0009
0.00149333
0.2731
0
0
0.17979
0.0901833
0.169663
0
0
0
0.0389533
0.09821
0
0
0.00277
0
0
0
0
0
0
0
0.0808433
0
0.0237133
0.0405967
0
0
0
0.00553333
0
0.02807
0.0352167
0.0919233
0.235983
0.00597333
0.208143
0.347507
0.00115667
0.257693
0.276957
0.00668667
0.138387
0.0324833
0.04569
0.0510567
0.0360967
0.00658333
0.0482333
0
0.0326033
0.00802333
0.00077
0
0
0
0
0.01807
0.00700667
0.000946667
0.0130967
0.02256
0.0483
0.0995
0.00149
0.00769667
0.00802
0.00190667
0.00131333
0.111613
0.142353
0.000593333
0.00744667
0.00189
0.00189
0.00189
0.0261367
0
0
0
0
0
0.0673233
0
0
0
0.00277
0.00699
0
0
0
0.0558767
0.0693867
0
0
0
0
0.0335067
0
0
0
0.0363567
0.0153267
0.00176333
0.00176333
0.0499633
0.110387
0.193123
0.155853
0.01164
0.0252267
0.00544333
0.000626667
0
0.105667
0.08524
0.00161333
0.0986967
0.00283
0.0418467
0.0308333
0.0184267
0.0211967
0.00658333
0
0.03212
0.00582333
0
0.0212133
0.000176667
0.000176667
0
0.00098
0.00661333
0.0221367
0.04386
0
0.00862
0.0325567
0
0
0.00422
0
0
0
0
0
0
0.0277
0
0.0333533
0
0
0.00176333
0.190853
0.00804667
0.0552333
0.29596
0.00144667
0.01985
0.0587067
0.00082
0.0460433
0
0.01219
0.0304267
0.000206667
0.0108267
0.02828
0.0173833
0.00297667
0.0119867
0.0150767
0.01663
0.0131667
0.0146767
0.0167133
0
0
0.00990333
0
0
0
0.000306667
0
0
0
0.00504
0.00497667
0
0
0.00811667
0.01259
0
0
0.00971667
0.000136667
0.000136667
0.05026
0.000136667
0.00887667
0.0105033
0.0167867
0.202787
0.32817
0.39753
0.491603
0.00645
0.000206667
0.00563
0.00976
0.0151833
0.0167867
0.0113133
0.01593
0.00837333
0.0174633
0.03784
0.0362567
0.00176
0.00811667
0.0314567
0.000333333
0.00163
0.00188667
0.00155333
0.00531
0
0
0
0
0.000556667
0
0
0
0
0
0
0
0
0.00778
0.000136667
0.00887667
0.04267
0.0370967
0.0773067
0.120877
0.346393
0.262463
0.431407
0.539267
0.530103
0.0295833
0.02512
0.0299033
0.0327633
0.01177
0.0115133
0.0204967
0.0125067
0.00976333
0.00842667
0.01139
0.00702
0.00857333
0.0184567
0.00312
0.00133
0.000173333
0.00719333
0.00843
0.00114333
0.000173333
0.00207667
0.00092
0.00146333
0.00146667
0.00073
0
0.000746667
0
0.00242333
0.00767
0.00597333
0.00536333
0.00611
0.0141033
0.0893467
0.0921567
0.0425933
0.0361767
0.0350033
0.069
0.111287
0.252873
0.258197
0.375647
0.247073
0.013
0.0268233
0.01873
0.0392967
0.0399
0.0101867
0.03065
0.03888
0.00933
0.0256633
0.03329
0.0168533
0.00892333
0.00215667
0.00322
0.00450667
0.0143967
0.01273
0.00841
0.0106733
0.00955
0.0139433
0.0409167
0.0361433
0.0345367
0.0136767
0.0520667
0.0767767
0.126813
