0.411233
0.615213
0.21691
0.255703
0.203043
0.334593
0.37187
0.07516
0.201387
0.26776
0.382583
0.373357
0.41461
0.390493
0.599587
0.156423
0.0612767
0.188587
0.26367
0.400257
0.42155
0.44513
0.38043
0.13306
0.21944
0.257047
0.31727
0.425237
0.123497
0.114287
0.161457
0.07567
0.129003
0.112163
0.124303
0.11527
0.133923
0.0797467
0.0657067
0.09371
0.0401333
0.146087
0.151647
0.230387
0.13191
0.0403633
0.01741
0.0456333
0.09816
0.3243
0.262907
0.160763
0.00552667
0.0145967
0.0499933
0.0737767
0.22719
0.319103
0.0142433
0.113827
0.0610267
0.0784233
0.227153
0.205407
0.149427
0.194233
0.124423
0.0649867
0.0382967
0.07282
0.119503
0.11403
0.0335933
0.0568767
0.04434
0.0639167
0.0651567
0.06562
0.0998867
0.127423
0.118213
0.08774
0.116733
0.0632333
0.0386967
0.0726033
0.0400167
0.05474
0.0259533
0.00823667
0.01277
0.0245267
0.102617
0.0518333
0.0606833
0.0139667
0.00171667
0.00623333
0.00928667
0.119963
0.0380333
0.08288
0.0319833
0.000723333
0.0129467
0.0187967
0.09083
0.0446167
0.0780167
0.00719
0.00274
0.01719
0.0267467
0.0954767
0.0728133
0.04742
0.0916
0.03336
0.0268467
0.0142267
0.02478
0.06707
0.06935
0.0201667
0.0260167
0.0496367
0.05138
0.0415
0.0557067
0.0506233
0.0456367
0.0531433
0.04217
0.0572633
0.0933633
0.0904633
0.104623
0.0647267
0.0599033
0.0725033
0.05233
0.02675
0.02901
0.05338
0.00723667
0.0240233
0.07122
0.0359667
0.06098
0.0188367
0.0150633
0.00979333
0.00556667
0.00609667
0.0048
0.0569767
0.0277767
0.00136
0.00272
0.000956667
0.00069
0.00225667
0.0132233
0.00773
0.000753333
0.000116667
0
0.00913333
0.0175067
0.0314033
0.00978
0.00816
0.00327333
0.00601
0.0313267
0.01386
0.03912
0.0415533
0.0286933
0.0251367
0.00937333
0.0193033
0.05011
0.03703
0.0404767
0.0286633
0.0246733
0.04318
0.0298233
0.04345
0.0544267
0.02707
0.06907
0.0676867
0.0581267
0.04219
0.0322633
0.0233767
0.0390367
0.0408833
0.05621
0.06081
0.0539933
0.0430633
0.0177233
0.0342167
0.02859
0.00628
0.0138067
0.00971
0.00871
0.02762
0.00243667
0
0.0268267
0.0452533
0.02778
0.00691333
0.00178
0.00114667
0.00587333
0
0
0.02771
0.00553333
0
0.00136
0
0.000573333
0.00096
0
0.00348333
0.00135333
0.00075
0.00150333
0.000116667
0
0.00125333
0.00096
0.0110667
0.0125867
0.00225333
0.00891
0.00787667
0.00285333
0.00910333
0.00341667
0.01989
0.02999
0.0286067
0.014
0.0230433
0.0209633
0.0224933
0.0120333
0.0352633
0.0433167
0.0350033
0.0346067
0.0418867
0.0222833
0.0200967
0.0438467
0.0494
0.00937333
0.04841
0.0571033
0.04312
0.05277
0.0313733
0.0303533
0.01027
0.01322
0.0287133
0.0354367
0.0348733
0.04492
0.0469233
0.0399833
0.0255
0.01417
0.00810667
0.01058
0.0237133
0.00029
0.00413333
0.00513667
0.00509667
0.00141333
0.00141
0.00470667
0
0
0.00857333
0.00485333
0.000473333
0.000893333
0.000686667
0.000113333
0
0
0.00482333
0.000643333
0
0
0
0
0
0
0.000406667
0
0.00075
0
0.000116667
0.000233333
0
0
0.00405667
0.00611333
0.00338
0.00263
0.00525667
0.00767667
0.00328333
0.00016
0.0115567
0.0168033
0.00847333
0.00960333
0.0123767
0.00977667
0.00676
0.00369667
0.0198133
0.0281733
0.02275
0.0215267
0.01608
0.0302433
0.00676667
0.00389
0.0364467
0.04277
0.00421667
0.000926667
0.042
0.0420867
0.0279667
0.0203067
0.0092
0.0106167
0.00246
0.00313333
0.0273833
0.0262133
0.02698
0.02057
0.0304667
0.02095
0.0229233
0.00799
0.00450333
0.00053
0.0118467
0.02365
0
0.00029
0.00459667
0.00769
0.00454667
0.00418333
0.00551333
0.00642
0
0
0.000696667
0.00407667
0.000436667
0.00063
0.00174333
0.00163
0
0
0.000236667
0
0.00028
0.00028
0
0
0
0
0
0.0001
0
0
0.000116667
0.000116667
0
0
0.00215667
0.00575667
0
0.00188
0.00265333
0.00253667
0.00016
0
0.0188333
0.0206767
0.00376
0.00231333
0.00496
0.00242333
0.000573333
0.00016
0.0255133
0.0194033
0.0143933
0.00938
0.0112633
0.00884
0.000666667
0.000413333
0.01427
0.02529
0.000253333
0
0.0236
0.0339867
0.0256567
0.0186567
0.01701
0.00119333
0.00104333
0
0
0.02445
0.0156767
0.01103
0.0104133
0.0104367
0.0089
0.00448
0.000703333
0.00024
0
0.0186433
0.0206133
0
0
0.0130067
0.0156633
0.00998333
0.00712
0.00307
0.00774667
0
0
0.00635667
0.0121933
0.00112667
0.00097
0
0.00163
0
0
0
0.00274
0.00028
0
0
0
0
0
0.0001
0.000353333
0
0
0
0
0
0
0.00395333
0.00751667
0.000236667
0.000236667
0
0
0
0
0.01403
0.0235433
0.00067
0.000473333
0
0
0
0
0.0326033
0.03273
0.0230967
0.01087
0.00421333
0
0
0
0
0
0.00543
0
0
0.00585
0.013
0.00772
0.00999
0.00284
0.00284
0.00015
0.00015
0
0
0.01406
0.0176
0.0156133
0.0130733
0.01089
0.00669333
0.00203333
0.000463333
0
0
0
0.00165333
0.0083
0
0
0.0255533
0.0270567
0.0143033
0.0112467
0
0.00144
0
0
0.01355
0.0242533
0.00337333
0.00390667
0
0
0
0
0.00284
0.00781333
0
0.000156667
0
0
0
0
0.000353333
0.00052
0
0
0
0
0
0
0.00408333
0.00399667
0.000236667
0
0
0
0
0
0.0105967
0.0106467
0.000473333
0.000236667
0
0
0
0
0.02314
0.0177767
0.0176067
0.00494667
0.00378
0
0
0
0
0
0
0
0
0
0.00042
0.00042
0.00057
0.00015
0.00015
0
0
0
0
0.00782667
0.02394
0.0281867
0.0338033
0.0190467
0.0181467
0.00533
0.00398333
0.000223333
0.000223333
0
0
0.000213333
0.000626667
0
0
0.0251033
0.0197767
0.0186733
0.0260567
0
0
0
0
0.03186
0.0312067
0.01895
0.0180967
0
0
0
0
0.00534667
0.01869
0.00407
0.00422667
0
0
0
0
0.00054
0.00044
0
0
0
0
0
0
0.000333333
0.000356667
0
0
0
0
0
0
0.00407
0.00409333
0
0
0
0
0
0
0.00390333
0.00511667
0.00140333
0.00140333
0
0.0001
0
0
0.0002
0.0001
0
0
0.0001
0
0
0
0
0
0
0
0
0
0.02485
0.04191
0.0466167
0.0466433
0.03293
0.0205567
0.00442667
0.000666667
0.000223333
0
0
0.00081
0.00892
0
0
0.0184667
0.0297533
0.0384467
0.0344
0.000396667
0.000396667
0
0
0.02159
0.0141767
0.0228633
0.00829667
0
0
0
0
0.0175433
0.0041
0.00422667
0.000156667
0
0
0
0
0.000273333
0
0
0
0
0
0
0
0.00019
0.00019
0
0
0
0
0
0
0.00019
0.00038
0
0
0.00147
0
0
0
0.00019
0.00019
0
0
0
0.00407333
0.00270333
0
0
0.00309333
0.00059
0
0
0.00049
0.0001
0
0
0
0
0
0
0
0
0.0243233
0.03834
0.0452367
0.0488333
0.03534
0.0207767
0.00464667
0.000666667
0.000223333
0
0
0.00385333
0.0119633
0
0
0.0218333
0.0231267
0.0282633
0.02501
0.00985667
0
0.000396667
0
0
0.00985667
0.00622667
0.00061
0.00468
0
0
0
0
0.00382667
0
0.000156667
0.000156667
0
0
0
0
0
0
0
0
0
0
0
0
0
0
0
0
0
0
0
0
0
0
0
0
0.00147
0.00355
0
0
0
0
0
0
0
0
0.0152567
0.01578
0
0
0.0278267
0.01651
0
0
0.01438
0.000863333
0.000473333
0
0
0
0
0
0
0
0.01756
0.0187633
0.0324233
0.0234267
0.0227467
0.00796333
0.00442667
0.000446667
0.000223333
0
0
0
0.00345667
0.00480333
0
0
0.00752
0.00792667
0.01326
0.00635667
0.00620667
0.000873333
0
0
0
0
0.000196667
0.000196667
0
0.000453333
0
0
0
0
0
0
0
0
0
0
0
0
0
0
0
0
0
0
0
0
0
0
0
0
0
0
0
0
0
0
0
0
0.00208
0.00208
0
0
0
0
0.000146667
0.000146667
0.000293333
0.000146667
0.000146667
0.00679
0.0184967
0
0
0.0299
0.0387067
0
0
0.03004
0.01703
0.00369667
0.000656667
0.000473333
0
0
0
0
0
0.00134667
0.00600667
0.00466
0.00842
0.00398333
0.00420667
0.000446667
0.000223333
0
0
0
0
0
0.00134667
0
0
0.000786667
0.00120667
0.000603333
0.00042
0
0
0
0
0
0
0
0.000183333
0
0
0
0
0
0
0
0
0
0
0
0
0
0
0
0
0
0
0
0
0
0
0
0
0
0
0
0
0
0
0
0
0
0
0
0
0
0.00185333
0.00185333
0.00538333
0.00367667
0.00422333
0.00084
0.000693333
0.000146667
0
0.00471
0
0
0.0103
0.0237833
0
0
0.0233033
0.0207533
0.00727
0.00322333
0.000183333
0.000183333
0
0
0
0
0.00366667
0.00853
0.00486333
0.00486333
0.000223333
0.000223333
0.000223333
0
0
0
0
0
0.000373333
0.00404
0
0
0.000346667
0.000346667
0.000163333
0
0
0.000373333
0.000373333
0
0
0.000183333
0
0
0
0
0
0
0
0
0
0
0
0
0
0
0
0
0
0
0
0
0
0
0
0
0
0
0
0
0
0
0
0.00370667
0
0
0
0
0
0
0.01905
0.00556
0.0320033
0.0188733
0.0197567
0.01906
0.00515667
0.00093
0.000383333
0
0
0
0
0.00026
0.00585
0
0
0.00611
0.01008
0.00449
0.00423
0.00423
0
0
0
0
0
0.0121833
0.0133933
0.0179233
0.01306
0.00819667
0
0
0
0
0
0
0
0.0044
0.00769333
0
0
0.000163333
0.00371
0.00427333
0.00371
0.000726667
0
0
0
0
0.000373333
0.000746667
0
0
0
0
0
0
0
0
0
0
0
0
0
0
0
0
0
0
0
0
0
0
0
0
0
0
0.000226667
0
0
0
0
0
0
0.00393333
0.00440667
0
0
0
0
0
0
0.01116
0.0241767
0.00509
0.000863333
0.000383333
0.00014
0.00014
0
0
0.0334533
0.0414567
0.03308
0.0243233
0.00982
0.000583333
0.000703333
0
0
0.000703333
0.00026
0.00052
0.00026
0.00026
0
0
0
0
0
0
0.0222567
0.0234667
0.0363867
0.0296333
0.0464033
0.02983
0.0265167
0.00488333
0.00510667
0.000223333
0.000223333
0
0
0.00937667
0.00421667
0.00768
0
0
0.00635667
0.0134233
0.01134
0.0156
0.00157
0
0.000843333
0
0
0
0.00019
0.000563333
0
0
0.00296667
0
0
0
0
0
0
0.000156667
0.000156667
0
0
0
0
0
0
0
0
0
0
0
0
0
0
0.000226667
0.000226667
0
0
0
0
0
0
0.0007
0.00085
0
0
0
0
0
0
0.00475333
0.0113567
0.000576667
9.66667e-05
0.00014
0.00028
0
0
0.0145433
0.0236233
0.0182167
0.01967
0.00678333
0.00569
0.000863333
0.00116667
0
0
0.00544
0.00485667
0.000443333
0
0
0
0
0
0
0
0
0
0.0085
0.02345
0.03637
0.0480967
0.05478
0.05984
0.0582733
0.0415233
0.0234267
0.00864333
0.00398333
0.000446667
0.000223333
0
0.0091
0.00129333
0.00045
0
0.00019
0.00384333
0
0
0.0253433
0.0149367
0.02809
0
0
0
0
0.00019
0
0
0.00802667
0.00537333
0
0
0
0
0
0
0.000313333
0
0
0
0
0
0
0.000156667
0.000156667
0
0
0
0
0
0
0
0
0
0
0
0
0
0
0.000376667
0.00083
0
0
0
0
0
0
0.00477667
0.00822667
0
9.66667e-05
0.000376667
0.00014
0
0
0.0119433
0.0116567
0.00803333
0.00551333
0.00185333
0.00167
9.66667e-05
0.0035
0.00384667
0
0
0.0182533
0.03044
0.0203067
0.02384
0.00853
0.00439667
0.00028
0.00028
0
0
0
0
0
0.00484667
0.00484667
0.02142
0.0165733
0.0382067
0.0232033
0.03821
0.0203367
0.0223033
0.00752
0.00398333
0.000446667
0.000223333
0
0.02913
0.0195967
0.01194
0.00413333
0.00368333
0
0
0
0
0
0
0
0.02142
0.0244667
0
0
0
0
0
0
0.00521667
0.00820333
0
0
0
0
0
0
0.000156667
0
0
0
0
0
0
0.000156667
0
0
0
0
0
0
0
0
0.00206333
0
0
0
0
0
0
0.00251667
0.00741333
0
0
0
0
0
0
0.00929667
0
0
0.000176667
0.000413333
0
0
0.0239067
0.0231033
0.0196867
0.00490333
0.00081
0.00028
0
0
0.00431667
0.00726333
0
0
0.0221633
0.0328067
0.0428667
0.04304
0.03352
0.0244533
0.00942333
0.00467667
0.00056
0.00028
0
0
0
0
0
0
0
0
0.00157
0.00314
0.00336333
0.00555333
0.00420667
0.00420667
0.000446667
0.000223333
0
0
0.0247333
0.0219967
0.00905333
0.00562667
0.000256667
0.000256667
0
0
0
0
0
0
0.01884
0.02864
0
0
0
0
0
0
0.00340667
0.0109967
0
0
0
0
0
0
0.000263333
0.000526667
0
0
0
0
0
0
0.000263333
0.000263333
0
0
0
0
0
0
0.00206333
0.00412667
0
0
0
0
0
0
0.00636333
0.00919667
0
0
0
0
0
0
0.01997
0
0
0
0.000176667
0
0
0.0327967
0.0316433
0.0193367
0.00452
0.000776667
0.000246667
0
0
0.000176667
0.00408
0
0
0.00415333
0.00817
0.0230567
0.02418
0.0333467
0.0197267
0.0197267
0.00654333
0.00530667
0.00028
0.00028
0
0
0
0.000626667
0.000213333
0.000426667
0.000213333
0.000213333
0.00157
0.00157
0.00179333
0.000223333
0.000446667
0.000223333
0.000223333
0
0
0.0331567
0.0271633
0.0125767
0.00746333
0.000513333
0.000256667
0
0.00015
0.000413333
0.000413333
0
0
0.0349667
0.04222
0.00015
0.00015
0
0
0
0
0.0104333
0.0246033
0
0
0
0
0
0
0.00310667
0.00284333
0
0
0
0
0
0
0.000263333
0
0
0
0
0
0
0
0.00206333
0.00223667
0
0
0
0
0
0
0.00447333
0.00273
0
0
0
0
0
0
0.00584
0.0183567
0
0
0
0
0
0
0.0176633
0.0181233
0.00528667
0.00399
0.000246667
0.000246667
0
0
0
0
0
0
0.00151667
0.00176667
0.00251667
0.00501667
0.00501667
0.00929333
0.00527667
0.00654333
0.00151667
0.00151667
0
0
0
0.00743
0.0105433
0.00395333
0.0165533
0.0130267
0.0130367
0.000223333
0.000223333
0
0
0
0
0
0
0.0253133
0.01073
0.00746667
0.000786667
0.000526667
0.00069
0.00057
0.00221667
0.000413333
0.00721667
0
0
0.0318567
0.0209433
0.00179667
0.00164667
0
0
0
0
0.0195933
0.00516
0
0
0
0
0
0
0.00258
0
0
0
0
0
0
0
0
0
0
0
0
0
0
0
0.000173333
0.000173333
0
0
0
0
0
0
0.000493333
0.00032
0
0
0
0
0
0
0.000466667
0.00375
0
0
0
0
0
0
0.00343
0.00482667
0.00154333
0.00154333
0
0
0
0
0.000226667
0.000226667
0
0
0.00505667
0.00634667
0.01933
0.0214167
0.00918333
0.00831667
0.00165
0.0009
0.00025
0
0
0
0.0116267
0.01497
0.0209633
0.0291367
0.0293667
0.0167933
0.00420333
0.000446667
0.000223333
0
0
0
0
0
0.00394
0.00081
0.00092
0.00796333
0.00799333
0.01303
0.01867
0.01501
0.0178933
0.000183333
0.00698667
0
0
0.0061
0.00368
0.00330333
0.00495
0
0
0
0
0.00258
0
0
0
0
0
0
0
0
0
0
0
0.00134667
0
0
0
0
0
0
0
0.00189333
0.00134667
0
0
0
0
0
0
0.000546667
0.000546667
0
0
0
0
0
0
0
0
0
0
0
0.000146667
0
0
0
0
0
0
0.000146667
0.000146667
0
0
0
0
0
0
0
0
0.000226667
0
0
0.000453333
0.00096
0.00556333
0.0124433
0.02492
0.0334067
0.0332167
0.0252367
0.01257
0.00940667
0.00440333
0.00375333
0
0.00055
0.00500667
0.00946333
0.0220767
0.0211933
0.02031
0.00773667
0.00420333
0.000446667
0.000223333
0
0
0
0
0.00094
0.00808333
0.0128867
0.0178033
0.0234433
0.0311933
0.03257
0.02293
0.01015
0.000183333
0.000366667
0
0
0.00016
0.00055
0.000163333
0.00346667
0
0
0
0
0
0
0
0
0.00134667
0
0
0
0
0
0
0
0.00458667
0.00269333
0
0
0
0
0
0
0.00298667
0.00378667
0
0
0
0
0
0
0.000546667
0.00109333
0
0
0
0
0
0
0
0
0
0
0
0
0
0
0
0
0
0
0
0
0
0
0
0
0
0
0
0
0
0
0
0
0.000226667
0.000353333
0.00086
0.00504333
0.0120233
0.0168533
0.02576
0.0204767
0.0201433
0.00682667
0.00875667
0.00375333
0.000183333
0.000366667
0.00153
0.00617
0.00952333
0.0119333
0.00773667
0.00442333
0.000666667
0.000223333
0
0
0
0
0
0.00558333
0.0107767
0.02333
0.02482
0.02631
0.0137567
0.00723667
0.000553333
0
0.000183333
0
0
0.00039
0
0.000163333
0
0.000176667
0
0.00084
0.00084
0
0
0
0
0.00614667
0.00152333
0.00269
0.00353
0
0
0
0
0.0185333
0.00786333
0.00184667
0.00453667
0
0
0
0
0.0160933
0.0144567
0
0.00184667
0
0
0
0
0.00374667
0.00407667
0
0
0
0
0
0
0.000216667
0.000216667
0
0
0
0
0
0
0
0
0
0
0
0
0
0
0
0
0
0
0
0
0
0
0
0
0
0
0
0.000126667
0.000126667
0.00228
0.00228
0.00606
0.00831667
0.0103933
0.01195
0.00936333
0.00402667
0.00182333
0
0
0
0.00134667
0.00134667
0.00488333
0.00376
0.00420333
0.000666667
0.000443333
0
0
0
0
0
0
0.00519333
0.00541667
0.0121
0.00735667
0.00752333
0.00084
0.00039
0.00039
0
0
0
0.00019
0.00019
0
0
0
0.00421333
0.000176667
0.00432333
0.00367333
0
0
0
0.01933
0.00883667
0.0166133
0.01582
0
0
0
0
0.0277567
0.02731
0.0177033
0.0281467
0
0
0
0
0.01213
0.0206167
0.00513
0.0182967
0
0
0
0
0.00374667
0.00727667
0.00012
0.00340333
0
0
0
0
0
0.000216667
0.00012
0.00012
0
0
0
0
0
0
0
0
0
0
0
0
0
0
0
0
0
0
0
0
0.00303667
0
0
0
0
0
0
0.000443333
0.00057
0.00576
0.00747
0.02056
0.01915
0.0296
0.0185867
0.0178433
0.00524
0
0
0.000223333
0.000223333
0.000223333
0
0
0.000223333
0.000223333
0.000223333
0
0
0
0
0
0
0.000223333
0.000223333
0.000673333
0.00045
0.00045
0
0
0
0
0
0
0
0
0.00019
0
0
0
0
0.00403667
0
0.00403667
0.00367333
0.00715667
0
0
0
0
0
0.01067
0.0147067
0.0207667
0.01196
0
0
0
0
0
0
0.00507
0.01574
0.0374967
0.0293233
0
0
0
0
0
0
0.00353
0.0086
0.0197333
0.02849
0
0
0
0
0
0
0
0.00353
0.00352333
0.00668667
0
0
0
0
0
0
0
0.00024
0.00174333
0
0
0
0
0
0
0.00324667
0.00162333
0
0.00026
0
0.00026
0.00026
0
0
0
0
0
0
0
0.0161433
0.00466
0
0
0
0
0
0
0
0
0.000443333
0.00210667
0.00729667
0.01939
0.0309433
0.0372367
0.0373033
0.0271233
0
0
0.000443333
0.000666667
0.00442333
0.00398
0.00375667
0
0
0
0
0
0
0
0
0
0
0
0
0
0
0
0
0
0
0
0
0
0
0
0
0
0
0
0
0
0
0
0
0
0.00348333
0
0
0
0
0
0
0
0.0101767
0.00518333
0
0
0
0
0
0
0.0194533
0.00911333
0
0
9.33333e-05
9.33333e-05
0
0
0.0160433
0.01518
0
0
9.33333e-05
0.000186667
0
0
0.00340333
0.00400333
0
0
9.33333e-05
0
0
0
0
0.00336667
0.00174333
0
0
0
0
0
0
0.00657667
0.00487
0.00214667
0
0.00240667
0
0
0
0
0
0
0
0
0
0.0178633
0.0164367
0.00807333
0.00664667
0.00098
0.00072
0
0
0
0
0
0
0
0
0
0
0
0.00166333
0.00471333
0.01725
0.02707
0.00374
0.00374
0.00553
0.00223333
0.00908333
0.01105
0.0234233
0.0165733
0.0174767
0.00466
0.00819
0.00353
0.00353
0
0
0
0
0
0
0
0
0
0
0
0
0
0
0
0
0
0
0
0
0
0.00106333
0
0
0
0
0
0
0.00308333
0.00414667
0
0
0.0017
0
0
0
0.00148
0.00456333
0
0
0.00412
0.0017
0
0
0.00404
0.00542667
0
0
0.00314
0.00242
0
0
0.00284333
0.00669667
0
0
0.00072
0.00072
0
0.000103333
0.000186667
0.00284333
0
0
0.00162333
0
0.000103333
0.000373333
0
9.33333e-05
0
0
0.00333
0.00495333
0.00241667
0
0
0
0
0
0.00305
0.00638
0.0174067
0.0228033
0.03125
0.01698
0.0122167
0.00162333
0.000903333
0
0
0.00028
0.00056
0.00028
0.00028
0
0
0
0
0
0
0
0
0
0
0
0
0.00305
0
0
0.000443333
0.000443333
0.00418333
0.00748
0.0222633
0.0203133
0.0296133
0.02168
0.0280867
0.0278633
0.0340533
0.0305167
0.02145
0.01194
0.00771333
0.00396333
0.000433333
0
0
0
0
0
0
0
0
0
0
0
0
0
0
0
0
0
0.00226667
0.00106333
0
0
0
0
0
0
0
0.0150433
0.0169233
0
0
0
0
0
0
0
0.0255667
0.01427
0
0
0
0
0
0
0
0
0.02346
0.0177
0
0
0
0
0
0
0
0
0.0295633
0.0199467
0
0
0
0
0
0
0.000103333
0.000103333
0.0207167
0.00746667
0
0
0
0
0
0.000206667
0.000476667
0.00216333
0.00688
0.00221
0.00221
0.00221
0
0
0.01997
0.00207
0.00414
0.00764333
0.00543333
0
0
0.0348567
0.0602133
0.05121
0.0466033
0.02188
0.0122567
0.00187333
0.00406333
0.00309333
0.00516333
0.00713
0.00549
0.00407333
0.00465333
0.00114
0.00116
0.00058
0.0003
0
0
0
0
0
0
0
0
0
0
0
0
0
0
0
0
0
0
0
0
0
0.000443333
0.000666667
0.00440667
0.01678
0.03134
0.0423833
0.0426067
0.03602
0.0294333
0.0212767
0.02612
0.0214533
0.02032
0.00749667
0.0044
0.00065
0.000433333
0
0
0
0.000316667
0
0
0
0
0
0
0
0
0.00152
0.00610667
0
0
0
0
0
0
0
0.02262
0.0185667
0
0
0
0
0
0
0
0.0308967
0.0353467
0
0
0
0
0
0
0.0388367
0.0382467
0
0
0
0
0
0
0.0372667
0.04019
0
0
0
0
0
0.000103333
0.02507
0.0320033
0
0
0
0
0
0.000206667
0.000206667
0.0276533
0.0227133
0
0
0
0
0
0.00756333
0.02716
0.0200667
0.03826
0.00380333
0.01982
0.00601333
0.02145
0
0
0.04647
0.0646367
0.0597233
0.0506933
0.0319767
0.0182633
0.01819
0.0143733
0.0336667
0.0254267
0.0282533
0.0161433
0.02438
0.01916
0.0249233
0.0118333
0.00863
0.00147
0.00089
0.0003
0
0
0
0
0
0
0
0
0
0
0
0.00057
0.00057
0.00072
0.00015
0.00015
0
0
0
0
0
0.000223333
0.000446667
0.00179333
0.0143867
0.0188233
0.03226
0.0231833
0.02672
0.01216
0.0133033
0.00532333
0.00863
0.00396333
0.00396333
0.000433333
0.000216667
0
0
0.000316667
0.000316667
0
0
0
0
0
0
0.00064
0.00522667
0.00079
0.00382667
0.02092
0.0508267
0.0899967
0
0
0
0
0
0
0
0.0101667
0.00572667
0.000936667
0.00863333
0.02558
0.0474433
0.0819533
0
0
0
0
0
0
0
0.00713
0.0198467
0.00392667
0.01022
0.0298033
0.05008
0
0
0
0
0
0
0
0
0.0339
0.01936
0.00672333
0.00549333
0.00732
0.0253233
0
0
0
0
0
0
0
0
0.0247667
0.0316467
0.00872667
0
0
0
0
0
0
0.000103333
0.000103333
0.0212567
0.0245367
0
0
0
0
0
0.000103333
0
0.0299767
0.0199267
0
0
0
0
0
0.000436667
0.00789667
0.0647733
0.05155
0.000363333
0.00416667
0
0
0.00925
0.0282267
0.0338233
0.0471533
0.05358
0.0474333
0.0541633
0.0386333
0.0519867
0.07026
0.00824667
0.0229667
0.0326933
0.0428333
0.0367633
0.0291133
0.0227633
0.0302767
0.03582
0.0356867
0.0286167
0.01465
0.00748
0.00088
0.00029
0
0
0
0
0.00042
0.00099
0.00114
0.00383
0.00341
0.00299
0.0003
0.0003
0.00015
0.0004
0.00025
0.00025
0
0
0
0
0
0.000223333
0.00376
0.00510667
0.00954333
0.0106667
0.0128367
0.0119167
0.00746
0.00416667
0.000426667
0.00044
0.000216667
0.000433333
0
0.00042
0
0.00656333
0.00320333
0.05637
0.0292
0.11729
0
0
0
0
0.000216667
0
0
0
0.137183
0.167123
0
0
0
0
0
0
0
0.142237
0.104253
0
0
0
0
0
0
0
0.08528
0.0656167
0
0
0
0
0
0
0.0367733
0.05679
0.05093
0
0
0
0
0
0
0.00408333
0.00963667
0.00389333
0.0230133
0
0
0
0
0
0
0.0127033
0.01582
0.00695333
0
0
0
0
0
0
0.00038
0.02544
0.0252467
0
0
0
0
0
0.000816667
0.00581667
0.05831
0.04596
0.0299
0
0
0
0.000363333
0
0
0.00679
0.0338533
0.04191
0.0924933
0.0908333
0.117247
0.0867233
0.0802733
0.0693867
0.000363333
0.00444333
0.00812
0.0232033
0.02298
0.0328833
0.01975
0.02205
0.00869
0.0143333
0.0119167
0.02589
0.02137
0.02423
0.00987333
0.00709
0.00049
0.00029
0
0.00966
0.0243967
0.0184167
0.02516
0.0101533
0.00807333
0.00091
0.00123333
0.000873333
0.000973333
0.0005
0.00025
0.00134667
0.00455
0.00794
0.02923
0.0451733
0.0745667
0
0
0
0
0.000443333
0.000443333
0.0042
0.00729333
0.02011
0.0210133
0.0221
0.0128
0.00834333
0.00392333
0.000406667
0.000203333
0
0
0.00103
0.0097
0.1197
0.135
0.16253
0.131333
0
0
0
0.000216667
0
0.000216667
0.000156667
0.000766667
0
0
0
0
0
0.000156667
0.000156667
0.106873
0.113183
0
0
0
0
0
0
0
0.0618367
0.0719167
0
0
0
0
0
0
0.0463933
0
0
0
0
0
0
0.03459
0.04249
0
0
0
0
0
0.000146667
0.0158767
0.0280767
0.0121267
0.00632
0.0126533
0.0155267
0.0305167
0
0
0
0
0
0.000526667
0.00117667
0.0336933
0.0346667
0
0
0
0
0
0.01412
0.01847
0.0356
0.04008
0.0287333
0
0
0.00032
0
0.0002
0
0.0511233
0.0655333
0.116467
0.13537
0.14734
0.11022
0.0736767
0
0
0
0
0
0
0.000276667
0.00431667
0.00459333
0.00817333
0.00422667
0.0059
0.00262667
0.00089
0.00453667
0.00407333
0.00693333
0.00339333
0.03855
0.0454667
0.0380567
0.02351
0.0171
0.00198667
0.00822667
0.00757333
0.0199167
0.0130667
0.0174767
0.00600667
0.00635
0.00508
0.00407667
0.02288
0.0291533
0.0615933
0.0641867
0.07265
0
0
0
0
0
0
0
0.000443333
0.000666667
0.00442333
0.00863667
0.02123
0.0302467
0.0302133
0.0241633
0.0115933
0.00713333
0.000366667
0.00959333
0.0237067
0.0888467
0.0755633
0.09052
0
0
0.000163333
0
0
0
0.00108
0.00047
0.0749067
0
0
0
0
0
0
0.000156667
0
0.0456867
0.0688833
0
0
0
0
0
0
0
0
0.02892
0.028
0
0
0
0
0
0
0
0
0
0
0.0301067
0.0217933
0
0
0
0
0
0
0
0
0
0
0.04754
0.0396933
0
0
0
0
0
0
0
0
0.000146667
0.000656667
0.0440667
0.0537133
0.0347033
0.0149633
0.0226467
0.0261433
0.0452433
0.0467433
0.0558667
0
0
0
0
0
0
0.00130667
0.00839333
0.03675
0.0271267
0.000116667
0.000116667
0.000116667
0
0
0
0.0267233
0.03258
0.041
0.0210233
0.01188
0.00055
0.000433333
0.000213333
0.00012
0.000333333
0.00012
0.0569367
0.07113
0.0877767
0.118703
0.11152
0.0966
0.000433333
0
0
0
0
0
0
0
0
0
0.000276667
0.000276667
0.000553333
0.000276667
0.00037
9.33333e-05
0.000306667
0.03814
0.02404
0.0171133
0.00528333
0.01151
0.02539
0.03445
0.0404167
0.0302933
0.0210133
0.00854
0.00454667
0.00135333
0.00133
0.0103267
0.0103033
0.0317233
0.02814
0.0459467
0.0273833
0
0
0
0
0
0
0
0
0
0.000223333
0.00156667
0.00622333
0.0187733
0.0302033
0.02925
0.0232433
0.0106867
0.00714667
0.0151933
0.02271
0.0408033
0.02935
0
0
0
0
0.00038
0.000163333
0.000313333
0.00047
0.0643333
0.0484967
0
0
0
0
0
0
0
0
0
0.0675467
0.06927
0
0
0
0
0
0
0
0
0
0.02132
0.03981
0
0
0
0
0
0
0
0
0.0128633
0.0142567
0
0
0
0
0
0
0
0.00051
0.03604
0.0189167
0
0
0
0
0
0
0.00102
0.01251
0.05224
0.06491
0.0721667
0.0662233
0.04932
0.0376467
0.0307133
0.03835
0.0493833
0.0459833
0.0509667
0
0
0
0
0
0
0
0.0192333
0.0420067
0.01898
0.03142
0
0
0
0
0
0
0
0.0493567
0.0652933
0.04319
0.0265167
0.00380667
0.00914667
0.0019
0.00256667
0.00201667
0.0011
0
0
0.0670167
0.0651833
0.07175
0.0725933
0.00171667
0.00116667
0.000733333
0
0
0
0
0
0
0
0
0
0
0
0
0
0
0.00854667
0.000716667
0.00438
0.00510333
0.0198867
0.0289467
0.0404167
0.0324833
0.0232033
0.0110533
0.00487
0.00487
0.00452333
0.00520333
0.00198667
0.00182
0.00655333
0.00676
0.00710667
0.00975667
0.01035
0
0
0
0
0
0
0
0
0
0
0
0.00134333
0.00134333
0.0141167
0.0164767
0.02018
0.00798667
0.00792333
0.0298367
0.0165233
0
0
0.00392
0.000216667
0.000156667
0.000156667
0.0585
0.11183
0
0
0
0
0
0
0.11743
0.153387
0
0
0
0
0
0
0.0819967
0.134167
0
0
0
0
0
0.000513333
0.01989
0.0705333
0
0
0
0
0.00102333
0.00680333
0.01578
0.0134133
0
0
0
0
0.01778
0.03473
0.0468267
0.0631533
0.07948
0.08121
0.0775533
0.06889
0.0612167
0.0461933
0.0395267
0.0227533
0.02851
0.01892
0.02536
0.0135567
0
0
0
0
0.0522333
0.0232433
0.0234733
0
0
0
0
0.0733433
0.0676333
0.0580467
0.0670667
0.03149
0.02442
0.01341
0.00047
0.00237
0
0
0.00783667
0.0207967
0.01588
0.02108
0.00838333
0.0116967
0.00459667
0.000733333
0
0
0
0
0
0
0
0
0
0
9.33333e-05
0
0.00134667
0.0141633
0.0167567
0.0236067
0.0129667
0.00969333
0.00969333
0.0110533
0.0232033
0.0177
0.0188233
0.00616
0.00503667
0.000903333
0.00075
0.00102667
0.0005
0.00717333
0.0125967
0
0
0.000223333
0.000223333
0.000446667
0.000223333
0.00157
0.00134667
0.00134667
0
0
0
0
0
0
0
0
0.00370333
9.33333e-05
9.33333e-05
0.0403
0.0290867
0
0
0.00370333
0.00740667
0.00370333
0.00370333
0
0
0.133907
0.09438
0.00012
0
0
0
0
0
0
0
0
0.188487
0.190517
0.00036
0.00024
0.00012
0
0
0
0
0
0
0.17955
0.159157
0.00012
0.00024
0.00012
0.00012
0
0
0.000513333
0.00075
0.127957
0.0915033
0
0
0
0
0
0
0.00653
0.0102
0.02779
0.05287
0
0
0
0
0
0
0.0274233
0.0308633
0.0861533
0.0804567
0.118373
0.11025
0.08866
0.08028
0.07283
0.0543467
0.0540633
0.02795
0.0277533
0.0101367
0.0118033
0.00399
0.00535
0.00533333
0.0071
0.0189667
0
0
0
0
0
0
0
0.05077
0.07057
0.0522933
0
0
0
0
0
0
0
0.06844
0.0794233
0.0694833
0.05253
0
0.00047
0
0
0
0
0.000773333
0.00486667
0.01003
0.0168633
0.0262
0.0338667
0.0336633
0.0237967
0.0145267
0.00767667
0.00411333
0.00025
0
0
0
0
0
0.00128667
0.01008
0.0127333
0.02896
0.0223433
0.0236733
0.0142967
0.0269033
0.03445
0.0404167
0.0302933
0.0210133
0.00842
0.00398333
0.000446667
0.000223333
0
0
0.00592333
0.00662333
0.02287
0
0
0.000223333
0.000446667
0.00420667
0.00420667
0.00864333
0.00623
0.00735333
0.00269333
0.00154667
0.0002
0.0002
0
0
0
0
0
0
0.00128667
0.0400567
0.04861
0
0
0
0
0
0
0
0
0.08838
0.0767067
0.0238667
0.0128033
0.00659
0.00353333
0.00341333
0.00012
0
0
0
0
0
0.08897
0.155223
0.0363667
0.01304
0.00694667
0.00365333
0
0
0
0
0
0.11048
0.132777
0.03936
0.0315
0.00476
0.00353333
0
0
0
0
0.000236667
0.000463333
0.0949933
0.07942
0.03067
0.0129067
0.00163333
0.00134667
0
0
0
0
0.00464667
0.01363
0.0703733
0.0647033
0.0463767
0.0222467
0.00324333
0.000393333
0.000286667
0
0
0
0
0.0226233
0.04529
0.0825567
0.0982067
0.08679
0.112653
0.111327
0.0813567
0.0517567
0.0321967
0.01435
0.0103867
0.00237667
0.00232333
0.000213333
0.000213333
0.000143333
0.00390333
0.02076
0.0340567
0.0547133
0.0442733
0.0201
0.0032
0.00035
0.000106667
0
0
0
0.06016
0.08344
0.0793833
0.08878
0.0200333
0.000243333
0.00302667
0
0
0
0
0
0
0
0
0
0
0
0.000303333
0.000583333
0.00467667
0.00495667
0.01198
0.0132367
0.0257867
0.0201467
0.01836
0.00522667
0.00381333
0.00025
0.00025
0
0
0
0.0168
0.03174
0.0412467
0.0377233
0.02668
0.0252367
0.0248533
0.0324867
0.0214633
0.0201133
0.00774
0.00420333
0.000666667
0.000223333
0
0
0.0007
0.0014
0.0100733
0.02562
0.0393967
0
0
0
0
0
0.000223333
0.000446667
0.00420667
0.0187667
0.0232033
0.03211
0.0186733
0.02071
0.00824333
0.00731333
0.000616667
0.000416667
0
0.00185333
0.00857333
0.0452
0.02083
0.03213
0.00635333
0.00953
0
0.00317667
0
0
0
0
0.000566667
0
0
0
0
0
0
0
0
0
0
0.000226667
0.00223333
0
0
0.0114533
0.0154467
0
0
0.04029
0.0449267
0.0592167
0.0629267
0.0555533
0.0888767
0.07225
0.0956733
0.0328233
0.0583033
0.00235667
0.00843
0
0.000266667
0.000143333
0
0.000746667
0.000286667
0.0356
0.01746
0.0581633
0.0595567
0.0568867
0
0
0.00254667
0.000456667
0.0225733
0.0281167
0.03975
0.0352533
0.02425
0.0225733
0
0
0.00654333
0.00163667
0.00376
0.00066
0
0
0.00066
0
0
0
0
0
0
0.00028
0.00028
0.000863333
0.00106333
0.00641333
0.00749333
0.00214333
0.00166333
0
0
0
0.0244767
0.0216833
0.0253367
0.00936667
0.0103267
0.00536667
0.00887
0.00442667
0.00464667
0.000886667
0.000443333
0.000223333
0.000223333
0.000446667
0.000923333
0.00173
0.01018
0.0158333
0.0208633
0.0289867
0.02673
0.02407
0.0128833
0.00964333
0.00646667
0.00317667
0
0
0
0
0
0
0
0.000223333
0.00488333
0.0196667
0.03211
0.0401167
0.0288767
0.0229067
0.0104567
0.00733
0.000633333
0.000416667
0.00728667
0.00825
0
0
0
0
0.000566667
0.000566667
0
0
0
0
0
0
0
0
0
0.000433333
0
0
0.00244
0.00811667
0
0
0.0119033
0.0240633
0
0
0.0309467
0.0397567
0.0463633
0.05181
0.0507067
0.0588
0.05736
0
0
0
0.0633
0.0377
0.05271
0.0121967
0.000456667
0.000143333
0.000143333
0.00046
0.000603333
0.00429
0
0
0
0.0105633
0.000913333
0.00406667
0.0120933
0.01007
0.0233367
0.01464
0.01846
0
0
0
0
0.0243333
0.0142433
0.00624667
0.00557333
0.000963333
0.000303333
0
0
0
0
0
0
0
0
0
0
0.00048
0.00048
0.00048
0.00583
0.00493
0.00481333
0.00111
0.000853333
0.000666667
0.000443333
0.000443333
0.000223333
0.000446667
0.00465
0.00465
0.0110867
0.00769
0.0158867
0.01558
0.0180267
0.0154433
0.0149267
0.01809
0.0159567
0.01341
0.00721
0.00350667
0.00044
0.000223333
0.00157
0.00134667
0.00134667
0
0.000136667
0.000136667
0.000136667
0.00466
0.00466
0.0173267
0.0159933
0.0195367
0.00703
0.00392
0.00164667
0.00202
0.000216667
0
0.000116667
0.000233333
0
0
0
0.000116667
0.000386667
0
0
0
0.000703333
0.00580333
0
0
0
0
0.01121
0.0177433
0
0
0
0
0.02681
0.0345667
0
0
0
0
0.04063
0.04298
0.04922
0.0475533
0.0453833
0
0
0
0.0345467
0.04581
0
0
0
0.04278
0.0193
0.04526
0.000456667
0.0101067
0
0.000456667
0
0
0
0
0.000236667
0
0
0.000236667
0.00072
0.00657333
0.0135067
0.0277233
0.0355333
0.03702
0.02792
0.0188667
0.0106067
0.00531
0.0007
0.000303333
0
0
0
0
0
0
0
0
0
0
0
0.00100333
0.00063
0.00063
0
0
0.000223333
0.000446667
0.00818667
0.0121667
0.03781
0.03673
0.04694
0.0294933
0.0337233
0.0225633
0.02071
0.0156567
0.0172733
0.01441
0.0101433
0.00549
0.00554667
0.0042
0.00864333
0.00623
0.0189867
0.0143267
0.01952
0.00667667
0.00767
0.00113
0.000993333
0
0
0.00332667
0.00348667
0.00364667
0.00049
0.000373333
0.00032
0.000376667
0.00016
0.000216667
0.00315667
0.00304
0
0
0
0.00331
0.00786667
0
0
0
0.0100433
0.0322067
0
0
0.0345
0.04016
0
0
0.03116
0.0331433
0
0
0.03837
0.0389
0.0441167
0
0
0
0.0324967
0.0267633
0
0
0
0.0122167
0.0098
0.01697
0.00965
0
0
0
0
0
0.000443333
0.000443333
0.00155333
0.00111
0.00111
0
0
0
0
0
0.000246667
0.00073
0.00125333
0.00817667
0.0131333
0.0262733
0.0210533
0.0212133
0.00764333
0.00609
0.00049
0.000396667
0
0
0
0
0
0
0
0
0
0
0
0.000223333
0.00442667
0.0121667
0.0373667
0.05903
0.127063
0.116053
0.19869
0.133807
0.185103
0.0831667
0.0966367
0.0357967
0.0427133
0.0199233
0.0223467
0.0126233
0.02409
0.0214567
0.0306767
0.03062
0.0360033
0.0295633
0.0205033
0.0114533
0.0167167
0.0127967
0.0118033
0
0.00023
0.00023
0
0.00016
0
0.00016
0.0201933
0.0175
0
0
0
0.0248667
0.0443767
0
0
0
0.04954
0.06157
0
0
0
0
0.0498967
0.0565767
0
0
0
0
0.0488233
0.05212
0
0
0
0
0.0389233
0.03777
0
0
0
0.03592
0.0249
0
0
0
0.00766
0.0121467
0.00056
0.000946667
0
0
0
0.00041
0.00269333
0.00269333
0.0169433
0.0146933
0.03797
0.02483
0.0261633
0.00288667
0.00177667
0
0
0
0
0.000246667
0.000246667
0.00077
0.000893333
0.00633333
0.00718333
0.00876333
0.00341667
0.00241333
0.00104
0.00189333
0.000946667
0.000946667
0
0
0
0.00420333
0.0137333
0.0391567
0.0688067
0.13505
0.201817
0.276467
0.319977
0.293497
0.280657
0.185733
0.16207
0.07989
0.0714633
0.03671
0.02833
0.0254333
0.01971
0.0275867
0.01823
0.0267033
0.0185533
0.0187933
0.02192
0.0288933
0.00289333
0.00266333
0.0339667
0.0118033
0.0207967
0
0.0201633
0.04529
0
0
0
0
0.06506
0.0957667
0
0
0
0
0.0871133
0.128223
0
0
0
0
0.10936
0.16394
0
0
0
0
0.114453
0.108313
0
0
0
0
0.0510067
0.04395
0
0
0
0
0.0648133
0.0579367
0
0
0
0
0.0691633
0.0346533
0.0122733
0.00189333
0.00284
0.000946667
0.02823
0.00108667
0.0140233
0.01604
0.0765267
0.07743
0.17912
0.14191
0.20477
0.102163
0.0992333
0.0221233
0.02168
0.00133333
0.00133333
0
0
0
0.00134667
0.00171667
0.00434
0.00436667
0.0143767
0.0127
0.00395333
0.00741667
0.0129933
0.0169367
0.0473267
0.0561967
0.144443
0.17349
0.274373
0.277847
0.31061
0.233373
0.179757
0.10885
0.0827367
0.0478067
0.0281533
0.02086
0.0153133
0.01389
0.00893
0.01219
0.01334
0.0152533
0.0235933
0.00431667
0.00560667
0.0349633
0.0383633
0.0332
0.00949667
0.0462667
0.0375367
0.0164633
0.00747
0.0785133
0.0909333
0.0771
0.0787933
0.02685
0.01938
0.149297
0.16741
0.13649
0.153507
0.0526133
0.0332333
0.200917
0.18634
0.115627
0.170853
0.0618833
0.02865
0.143223
0.09238
0.0581633
0.101123
0.0394333
0.0107833
0.0493367
0.0428733
0.0286633
0.0473933
0.0107833
0
0.0629
0.05482
0.0367067
0.0188267
0.000946667
0
0.0819967
0.0870833
0.04301
0.0292067
0.06004
0.0356967
0.0115
0.03487
0.04527
0.129237
0.158477
0.30332
0.32306
0.36425
0.28317
0.208853
0.127523
0.0632433
0.03451
0.01483
0.002
0.00195667
0.00129
0.00392667
0.00398333
0.0187333
0.01872
0.0277533
0.0236967
0.0249233
0.0125867
0.0275233
0.0466967
0.104417
0.09821
0.170757
0.157163
0.187017
0.1274
0.10285
0.0934933
0.0645633
0.0550733
0.0310233
0.02919
0.0176033
0.02135
0.0208967
0.0242233
0.01743
0.0198433
0.03447
0.0176567
0.02685
0.03647
0.0128433
0.0219
0.0629567
0.0570967
0.0502767
0.01851
0.101283
0.0767167
0.111187
0.13283
0.217813
0.163897
0.167807
0.174477
0.206423
0.236367
0.1003
0.128827
0.123283
0.173357
0.0295467
0.0468033
0.0783133
0.111243
0.01334
0.0322133
0.0774633
0.0736233
0.0369033
0.05769
0.0434867
0.04667
0.0448567
0.0377233
0.0363767
0.0148933
0.01436
0.0358867
0.0635967
0.107067
0.162307
0.227657
0.33943
0.37154
0.37662
0.280667
0.19398
0.117293
0.0678867
0.0388667
0.0145433
0.00506667
0.00531
0.01934
0.0186233
0.0320833
0.03707
0.0262533
0.03376
0.0344333
0.0411633
0.0369967
0.08045
0.104303
0.1214
0.104783
0.101427
0.08768
0.0702567
0.0548233
0.0378067
0.0364133
0.0315433
0.0456667
0.0388
0.0347333
0.0514467
0.05282
0.0203833
0.0142333
0.0211267
0.0411767
0.0560967
0.0467
0.0218733
0.02736
0.04097
0.07049
0.0463333
0.07406
0.02867
0.145153
0.0763133
0.09109
0.12616
0.187377
0.15008
0.0594933
0.10421
0.14411
0.128187
0.0216333
0.0383267
0.101247
0.08404
0.00714667
0.00763333
0.0644767
0.00445
0.0148467
0.0410567
0.0108633
0.0117467
0.02072
0.0103133
0.01291
0.00879
0.01212
0.02807
0.05237
0.07072
0.0977067
0.120103
0.194813
0.191433
0.256387
0.182853
0.202053
0.10103
0.102957
0.0444133
0.02973
0.00528333
0.00494333
0.00979333
0.0239467
0.0329133
0.0228167
0.01306
0.00955333
0.02676
0.02655
0.06064
0.04767
0.0747167
0.0559333
0.0722533
0.0449133
0.0449067
0.03648
0.0450033
0.03424
0.0397733
0.0331333
0.03156
0.0326467
0.01351
0.0428767
0.0573667
0.02369
0.00112667
0.00944667
0.0727267
0.0818967
0.00596667
0.00666
0.0543933
0.07123
0.0107467
0.02543
0.0367367
0.03538
0.0474933
0.03254
0.0592667
0.0669733
0.0470567
0.0487867
0.07076
0.0511333
0.06629
0.0422967
0.0624267
0.0276433
0.0135
0.0302267
0.0359167
0.0044
0.00405667
0.01282
0.0241733
0.00031
0.000216667
0.02776
0.0166167
0.00151333
0.00634333
0.00508
0.00555333
0.00160667
0.00158
0.00131333
0.00531333
0.0101933
0.0267833
0.04133
0.0523833
0.0574733
0.0563967
0.09204
0.0845267
0.10921
0.06515
0.07384
0.0345633
0.0425533
0.0208367
0.02077
0.0052
0.00439667
0.000996667
0.00673333
0.00908667
0.0211133
0.00382
0.00772
0.00588333
0.0117433
0.00834667
0.02549
0.0232933
0.0263967
0.00938
0.01947
0.0143433
0.02059
0.00709
0.0141
0.00776
0.0123067
0.00571667
0.00583333
0.000913333
0.00027
0.04933
0.00971
0.02086
0.00349333
0.00027
0.000163333
0.08969
0.0717167
0.000326667
0.000326667
0.0790533
0.0883433
0.000163333
0.00494333
0.0564733
0.0430867
0.0428333
0.0485967
0.06332
0.00640667
0.01932
0.0668533
0.0532733
0.07004
0.0152
0.01794
0.02375
0.04863
0.00502667
0.00741
0.00301
0.01211
0.00304333
0.00573
0.000186667
0.000746667
0.00408667
0.00268667
9.33333e-05
9.33333e-05
0.00429667
0.0014
0.00025
0.00176333
0.0147467
0.0193267
0.0246633
0.0121533
0.01108
0.00445333
0.00464667
0.00577333
0.0205567
0.0366867
0.04484
0.04599
0.0342967
0.0396133
0.02834
0.03761
0.0206033
0.02346
0.00931
0.0117233
0.00398333
0.00510667
0.00134667
0.00150667
0.000513333
0.000806667
0.001
0.00354333
0.00325
0.00236667
0.00603
0.00378333
0.00403
0.000246667
0.00047
0.000223333
0.000596667
0.000526667
0.00068
0.000306667
0.000796667
0.000643333
0.000643333
0
0
0
0
0.00305
0.00024
0.00142
0.00012
0.000163333
0.000163333
0.0305533
0.01896
0.000163333
0
0.09575
0.07715
0.10253
0.0644567
0
0
0.02885
0.0156367
0.06464
0.0402167
0.0822333
0.0723367
0.0600533
0.0651767
0.07162
0.06166
0.09476
0
0.00162667
0.02793
0.0380567
0.00162667
0.00228667
0.00588667
0.0180867
0.00066
0.00066
9.33333e-05
0.00245
0
0
9.33333e-05
9.33333e-05
0
0
0
0
0
0
0.00025
0.0005
0.00428667
0.01882
0.0280167
0.0405833
0.03265
0.0232033
0.0141433
0.00773667
0.00486667
0.00486667
0.01943
0.0234233
0.0327033
0.0192667
0.01971
0.00689667
0.01021
0.00510667
0.00623
0.00134667
0.00157
0.00036
0.00036
0.00148333
0.00134667
0.00488333
0.00389
0.00433333
0.00115
0.000796667
0.000353333
0
0
0
0
0.000153333
0.000153333
0.000153333
0
0
0
0.000443333
0.000443333
0.00108
0.000636667
0.000636667
0
0
0
0
0
0
0
0.0697133
0.0730067
0.01658
0.01733
0.0013
0
0
0
0
0
0.00917
0.01004
0.0121633
0.0298067
0.0149667
0.0387333
0.0816033
0.0186533
0.0486933
9.33333e-05
0.00271667
9.33333e-05
0
0
0.0122
0.0126433
0.0667367
0.06122
0.0680933
0.0645767
0.0827733
0.102997
0.116823
0.11828
0.10859
0
0
0.00353
0.01573
0
0
0
0.00353
0
0
0
0
0
0
0
0
0
0
0.000303333
0.000303333
0
0
0.000303333
0
0.00025
0.000473333
0.00426
0.00777
0.02233
0.0232033
0.03226
0.0188233
0.0177
0.00488333
0.00398
0.000666667
0.00442333
0.00420333
0.00864
0.00488333
0.00623
0.00157
0.00179333
0.00237667
0.00237667
0.00392
0.00176667
0.00643667
0.00480667
0.0112967
0.00797333
0.02079
0.0178367
0.0314967
0.0189867
0.0158933
0.000886667
0.000443333
0
0
0
0
0
0.000443333
0.000886667
0.00152333
0.00171667
0.00842667
0.00779
0.00734667
0.000193333
0.000386667
0.000193333
0.170527
0.0998267
0.178393
0.04612
0
0
0
0
0
0
0.03005
0.0886667
0.01382
0.01297
0
0
0
0
0
0.00105667
0.00237
0.03092
0.0189233
9.33333e-05
0
0
0
0
0
0.0514967
0.0452133
0.0732433
0.12552
0.11069
0.09316
0.08528
0.0410067
0.0584867
0.00281
0.01106
0.000186667
0
0
0
0
0
0
0
0
0
0
0
0
0
0
0
0
0
0
0.00200667
0.00231
0
0
0.00629333
0.00487
0.000886667
0.000583333
0
0
0.000223333
0.000446667
0.00420667
0.00420667
0.00864333
0.00488333
0.00600667
0.00134667
0.00134667
0
0.000223333
0.000223333
0.000446667
0.000223333
0.000223333
0.00353667
0.00353667
0.00569
0.00430667
0.02523
0.0248433
0.0356967
0.0194433
0.0265367
0.02002
0.0260667
0.03016
0.0412467
0.0455367
0.0365633
0.01943
0.00486667
0.000886667
0.000443333
0
0
0.171657
0.186927
0.151387
0.11115
0.00363
0.00407333
0.0119433
0.00895
0.01566
0.0149433
0.02146
0.0145
0.00798333
0.00102333
0.00083
0.000193333
0
0
0.0508333
0.13113
0.0694833
0.0440833
0
0
0
0.00363
0
0
0.00413
0.0316133
0.02928
0.02289
0
0
0.000296667
0
0
0.000196667
0.00125333
0.0321667
0.04246
0
0.0008
0
0.00109667
0
0
0
0
0.0474967
0.0456533
0.0685933
0.0959033
0.0810733
0.0506067
0.03679
0.01699
0.00874
0.000396667
0.00026
0.00026
0.00138333
0.00155
0.00218333
0
0
0
0
0
0
0
0
0
0
0
0
0
0
0.000293333
0
0
0
0.00074
0.00245333
0.07427
0.0685033
0
0
0.00797333
0.01151
0.0244833
0.0195467
0.0160667
0.00108667
0.000503333
0
0
0.000223333
0.000223333
0.000446667
0.000223333
0.000223333
0
0
0
0
0
0
0.00144
0.00144
0.00642
0.00851667
0.0361367
0.03331
0.0506967
0.0557833
0.04861
0.0356167
0.0298133
0.02678
0.03433
0.0447033
0.0421833
0.0297533
0.01262
0.00486667
0.000886667
0.000443333
0
0
0
0.11077
0.125247
0.150593
0.118527
0.111743
0.1054
0.0257267
0.02925
0.03681
0.0297367
0.02786
0.0130667
0.00635667
0.00108
0.000443333
0
0
0
0
0
0.04343
0.06284
0.0711467
0.0794067
0.00363
0.0178567
0
0
0.0205867
0.02335
0.0502233
0.0430233
0.000593333
0.000296667
0.000296667
0
0
0.00262333
0.00031
0.0445633
0.04705
0.00139333
0.00089
0.000593333
0
0
0.00251
0.00251
0.0431033
0.0354633
0.04197
0.0330367
0.03497
0.0130167
0.00885333
0.00051
0.000303333
0.000383333
0.00055
0.00193333
0.00293333
0.0175033
0.03542
0.01692
0.0547867
0.02098
0.0349033
0
0
0
0
0.10069
0.12056
0
0
0
0
0
0
0
0
0
0
0.00188
0.00217333
0.0930333
0.0612933
0
0
0.00741
0.00597667
0.08486
0.0958
0.0582933
0.03565
0.0463167
0.03214
0
0
0.00975
0.0100333
0.0245667
0.0333167
0.0333167
0.0313333
0.01902
0.00426333
0.000726667
0.000223333
0
0.000233333
0.000233333
0.000466667
0.000233333
0.000233333
0
0
0
0
0
0.00144
0.00288
0.0176667
0.0212067
0.0473867
0.0281567
0.0293333
0.03854
0.0441167
0.0373867
0.0256367
0.0133
0.00532667
0.000666667
0.000223333
0
0
0
0
0.0443633
0.0710233
0.0726433
0.0948
0.101337
0.11872
0.126543
0.0332867
0.0243367
0.0095
0.00631333
0.00103667
0.000443333
0
0
0
0
0
0
0
0
0.0284833
0.0506567
0.104963
0.07835
0.0172633
0.0208933
0
0
0.00387
0.0205033
0.0517333
0.0412533
0.000296667
0.00303667
0
0
0.02001
0.00626667
0.04223
0.04083
0.000296667
0.00257
0
0
0.0149567
0.0163667
0.03012
0.03801
0.01864
0.0141967
0.00664
0.00381333
0.00184667
0.00185667
0.0006
0.00437333
0.00554
0.0189567
0.02992
0.0371767
0.00514
0.0135067
0
0
0.00134
0.0011
0.04862
0.10089
0.137287
0.0737867
0.0475467
0.0193033
0.0241333
0
0
0.00024
0.00024
0.182787
0.128863
0.176687
0.165647
0.100007
0.0707967
0.0231667
0.0148
0
0
0
0
0.164373
0.16463
0.17149
0.122337
0.0872833
0.0360133
0.01116
0.00376
0
0
0.000613333
0.00249333
0.113047
0.118507
0.10976
0.0393267
0.0149467
0.02566
0.0111867
0
0
0.01683
0.0214533
0.0458433
0.08538
0.01839
0.00755333
0
0
0.0356733
0.0259267
0.0138933
0.00946
0.01985
0.01932
0.0313333
0.0177
0.0177
0.00488333
0.00376
0.00228667
0.00228667
0.00745
0.00562
0.00970333
0.00455
0.00484333
0.00076
0.000526667
0
0
0
0.00291667
0.00435667
0.0191433
0.02248
0.0187267
0.0311567
0.0175767
0.0187867
0.00600667
0.00488333
0.000223333
0.000223333
0
0
0
0
0
0.00944
0.0234233
0.0206433
0.0432033
0.05087
0.0868467
0.101497
0.134093
0.1395
0.146423
0.00422333
0.000593333
0
0
0
0
0
0
0
0
0
0
0
0
0.00375667
0.00820667
0.07597
0.106853
0.00666667
0.00363
0
0
0.0211433
0.0074
0.02911
0.0369867
0.00303667
0.00303667
0
0
0.0402467
0.0313567
0.0353967
0.02625
0.00257
0.00257
0
0
0.02749
0.0171533
0.0338933
0.03393
0.02564
0.0195167
0.00524667
0.00328
0.00185667
0.00303
0.00680333
0.0121267
0.0231133
0.0109367
0.00836667
0
0
0.00486
0.004
0.0260967
0.04064
0.0157667
0.0074
0
0
0.00048
0.00024
0.0469233
0.0828767
0.0074
0
0
0
0
0
0.09818
0.07035
0
0
0
0
0.00122667
0.000613333
0.0375067
0.08361
0
0.000173333
0
0
0.00823333
0.0219567
0.00506667
0.0328667
0.000523333
0.000696667
0
0
0.0376567
0.04675
0.03636
0.0246367
0.00906
0.00591667
0.00155
0.00456333
0.00376
0.00488333
0.00148333
0.00148333
0.00512667
0.00705333
0.0203567
0.0207533
0.02779
0.01857
0.01371
0.00513667
0.00413
0.00360333
0.00341667
0.00034
0.00325667
0.00397333
0.00362333
0.00479667
0.00134667
0.00134667
0
0
0
0
0
0
0
0
0
0.00134667
0.00157
0.00688333
0.00950333
0.03093
0.0426433
0.0772333
0.0915767
0.128797
0.139253
0.151473
0.137397
0
0
0
0
0
0
0
0
0
0
0.00028
0.00028
0.00028
0
0.00364333
0
0.0650467
0.101463
0
0
0
0
0.0177433
0.0175
0.0250633
0.0316767
0
0
0
0
0.0190233
0.0302767
0.0341067
0.0303533
0
0
0
0
0.00625667
0.0186567
0.05682
0.0432167
0.0413733
0.0339367
0.0101133
0.0169933
0.0113333
0
0
0
0
0.000373333
0.00389333
0.03056
0.02463
0.0383167
0.0285733
0
0
0
0
0
0.00024
0.02794
0.0317467
0
0
0
0
0
0
0.0300733
0.0274233
0
0
0
0
0
0.000613333
0.00458333
0.0118
0.000173333
0.000173333
0
0
0.000613333
0.00762
0.0122767
0.0041
0.00683667
0.00249
0.000346667
0.000173333
0
0
0.0116133
0.0279267
0.0263967
0.0236233
0.0220933
0.00578
0.00447
0.000523333
0.000746667
0.000223333
0.000223333
0.000136667
0.000273333
0.000566667
0.00542
0.0117067
0.0247167
0.0376467
0.0403233
0.0328
0.0154067
0.00938333
0.000173333
0
0
0
0
0
0
0
0
0
0
0
0
0
0
0.000223333
0.00099
0.00495667
0.00877667
0.0250367
0.0394067
0.0713567
0.0600267
0.0907033
0.09488
0.129353
0
0
0
0
0
0
0.000606667
0.000886667
0.00500333
0.00439667
0.00581333
0.00169667
0.00169667
0.00138
0
0.09384
0.0654667
0.0409267
0
0
0
0
0.00536
0.00526667
0.02473
0.0338933
0
0
0
0
0.00658333
0.00279
0.0367567
0.0473767
0
0
0
0
0.00283
0.000226667
0.06423
0.0647333
0.04888
0
0
0
0
0.000133333
0
0.0323433
0.03622
0.0349867
0.0469733
0
0
0
0
0
0
0.0651433
0.0764833
0.06607
0.05175
0
0
0
0
0
0
0.05842
0.08153
0.0390533
0.01092
0
0
0
0
0
0
0.0519667
0.0312733
0.00734
0.00635333
0
0
0
0
0
0
0.00449
0.0282467
0.01062
0.0578033
0.0422633
0.0520167
0.0456633
0.0334733
0
0
0
0
0
0.00460667
0.00491
0.0103867
0.00578
0.00731
0.00183333
0.00183333
0
0
0
0.000293333
0.00043
0.000723333
0
0
0
0
0
0
0
0
0
0
0
0
0
0
0
0.00053
0.00183
0.00206667
0.01058
0.0133233
0.0190133
0.0288367
0.0287967
0.0280367
0.01071
0.0468767
0
0
0
0.000443333
0.00105
0.00853
0.0122033
0.0249633
0.01918
0.01676
0.00339333
0.00169667
0
0.00138
0.00053
0.05468
0.06717
0.0328633
0.0349933
0
0
0
0
0.00147333
0.000186667
0.0285767
0.02918
0
0
0
0
0.000186667
0.00028
0.0305733
0.0138333
0
0
0
0
0
9.33333e-05
0.04849
0.0292833
0.0598967
0
0
0
0
0
0
0.0430267
0.02771
0.0565667
0.04997
0.0367633
0
0
0
0
0
0
0.0459467
0.03585
0.0465267
0.0286333
0.0349667
0.0403767
0.0586133
0
0
0
0
0
0
0.0339633
0.0385933
0.0337167
0.02448
0.02525
0.0265667
0.03536
0.05118
0.06366
0.0752367
0
0
0
0
0
0
0.0152167
0.0244533
0.01549
0.0257267
0.0360333
0.0540933
0.0604467
0.07051
0.07282
0
0
0
0
0
0
0
0.00392333
0.000293333
0.00782667
0
0
0
0
0
0
0
0
0.000303333
0.000303333
0.000303333
0
0
0
0
0
0
0
0
0
0
0
0
0
0
0
0
0
0
0
0.00991
0.0178933
0.0324967
0.0308733
0.000126667
0.00057
0.00114
0.00849333
0.0225733
0.03537
0.0432
0.0303733
0.0211
0.00579
0.00435
0.000256667
0.000256667
0
0.00106
0.00053
0.00914
0.0185533
0.0304533
0.00542667
0.01251
0.0149233
0.01679
0.02224
0
0.000126667
0
0
9.33333e-05
9.33333e-05
0.00874
0.0129467
0
0
0
0
0
9.33333e-05
0.00736667
0.00708333
0
0
0
0
0
0
0.00574333
0.000566667
0
0
0
0
0
0
0.00839
0.00563
0
0
0
0
0
0
0.0155267
0.00338333
0
0
0
0
0
0.02679
0.01382
0
0
0
0
0
0.0181067
0.0158133
0
0
0
0
0
0
0
0
0
0.00133667
0.00496667
0
0
0
0
0
0
0
0
0
0
0
0
0
0
0
0
0
0
0
0
0
0
0
0
0
0
0
0
0
0.000823333
0.01522
0.0211433
0.0363267
0.0292833
0.0268833
0.0118967
0.00467333
0.000816667
0.000493333
0.000236667
0
0
0
0.00053
0.00053
0.00861
0.00053
0.0385533
0.02265
0.03492
0.0284433
0.01314
0.00910667
0.00101333
0.00329
0.000126667
0.000253333
0
0
0
0
0.00287667
0.00287667
0
0
0
0
0
0
0
0
0
0
0
0
0
0
0.000283333
0
0
0
0
0
0
0
0.000283333
0.000453333
0
0
0
0
0
0
0.00034
0.00017
0
0
0
0
0
0
0.00133667
0.00150667
0
0
0
0
0
0.00167333
0.00267333
0.00133667
0
0
0
0
0.00167333
0.0002
0
0
0
0
0
0
0
0
0.00133667
0
0
0
0
0.0002
0.0002
0.0002
0
0
0
0
0
0
0
0.000223333
0.000223333
0.000223333
0
0
0
0
0.00674667
0.0141
0.00805
0.00824667
0.00100333
0.000796667
0.00400667
0.00377
0.00353333
0
0
0
0
0
0
0
0
0
9.66667e-05
0.0146667
0.0191133
0.0234633
0.00921
0.00536333
0.000916667
0.0006
0.000126667
0.000253333
0
0
0
0
0
0
0
0
0
0
0
0
0
0
0
0
0
0
0
0
0
0
0
0
0
0
0
0
0
0
0
0
0
0
0
0
0
0
0
0
0
0
0.000263333
0.000263333
0
0
0
0
0
0
0.00378667
0.00519667
0
0
0
0
0
0
0.0173433
0.01382
0.0257967
0.0174667
0.01385
0.00381667
0.00361667
0
0
0
0
0
0
0
0
0
0
0
0
0
0.00134667
0.00134667
0.00488333
0.00376
0.00420333
0.000666667
0.000666667
0.000223333
0.000223333
0
0
0.00375667
0.00386667
0.00990667
0.0102533
0.0149633
0.00848
0.00659667
0.00165
0.00165
0
0
0
0
0
0
0
0
0
9.66667e-05
9.66667e-05
0.00454333
0.00476333
0.00508
0.000633333
0.000316667
0
0.000126667
0.00331333
0
0
0
0
0
0
0
0
0
0
0
0
0
0
0
0
0
0
0
0
0
0
0
0
0
0
0
0
0
0
0
0
0
0
0
0
0
0
0
0
0
0
0.000263333
0.000263333
0
0
0
0
0
0
0.00398333
0.00750667
0
0
0
0
0
0
0.0138667
0.0222933
0.0315933
0.03862
0.0312867
0.02208
0.00867
0.00385667
0
0
0
0.000196667
0
0
0.000196667
0.00370667
0.00485667
0.0176733
0.0177
0.0232033
0.01083
0.01105
0.00442333
0.00398
0.000223333
0
0
0
0.0239233
0.0256833
0.0340667
0.0214633
0.02026
0.00539333
0.00401667
0.000273333
0.000273333
0
0
0
0.000303333
0.000303333
0
0
0
0
0
0
0.000316667
0.000316667
0.000316667
0
0
0.00330667
0.01756
0
0
0
0
0
0
0
0.00012
0
0
0
0
0
0
0
0
0
0
0
0
0
0
0
0
0
0
0
0
0
0
0
0
0
0
0
0
0
0
0
0
0
0
0
0
0
0
0
0
0
0
0
0.00372
0
0
0
0
0
0
0.00414333
0.0107667
0.01044
0.02284
0.01772
0.01914
0.00645
0.00518667
0.000373333
0.00024
0
0.000196667
0.00061
0
0
0.00412
0.0107633
0.0231667
0.03269
0.0327
0.02476
0.0154833
0.00885667
0.00398
0.000223333
0
0
0
0
0.0319767
0.0229033
0.02379
0.00919667
0.00545333
0.000273333
0
0
0.000583333
0.000886667
0.00487333
0.00429
0.00581333
0.00182667
0
0
0
0
0
0
0
0
0
0
0.0144933
0.01723
0
0
0
0
0
0
0.00012
0.00024
0.000906667
0.000906667
0
0
0
0
0
0
0.000906667
0.00288667
0
0
0
0
0
0
9.66667e-05
0.00207667
0
0
0
0
0
0
9.66667e-05
0.000193333
0
0
0
0
0
0
0
9.66667e-05
0
0
0
0
0
0
0
0
0
0
0
0
0
0
0
0
0
0.000423333
0.000653333
0.00404667
0.00362333
0.00489667
0.00150333
0.00163667
0.000133333
0
0.000413333
0
0
0.00219
0.00903
0.01677
0.0280267
0.0262433
0.0229667
0.01015
0.00531667
0.00044
0.000223333
0
0
0
0
0
0.00837
0.00551333
0.00518
0
0
0.00028
0.000863333
0.00495667
0.00866333
0.0134167
0.01115
0.00881333
0.00347667
0.00205
0
0
0
0
0
0
0
0
0
0
0.00297667
0.00319
0.0004
0.0004
0
0
0
0
0.00012
0
0.00434333
0.000906667
0
0
0
0
0
0
0.0153833
0.0139267
0
0
0
0
0
0
0.0182567
0.00731333
0
0
0
0
0
0
0.00879333
0.00365333
0
0
0
0
0
0
0.00375667
0.000296667
9e-05
9e-05
0
0
0
0
0.00033
0.00013
9e-05
0
0
0
0
0.000143333
0.00321333
0.00308333
0
0
0
0
0.00023
0.00023
0
0
0.000143333
0.00328333
0.00308333
0.00738333
0.00491667
0.0176333
0.0226467
0.02764
0.01998
0.01226
0.00570667
0.000866667
0.000433333
0.000216667
0
0.00134667
0.00134667
0.00564667
0.0043
0.000333333
0
0.000303333
0.000583333
0.00105667
0.00484667
0.0100833
0.0149467
0.0258733
0.0220067
0.0238467
0.00922667
0.00797667
0.0008
0
0
0
0
0
0
0
0
0
0
0.000333333
0.000333333
0.0004
0
0
0
0
0
0
0
0.00343667
0.00618333
0
0
0
0
0
0
0.01045
0.0187433
0
0
0
0
0
0
0.0274367
0.0284067
0
0
0
0
0
0
0.02134
0.01267
0
0.00225
0
0
0
0
0.00763333
0.00386
0.00730667
0.00514667
0
0
0
0.000143333
0.0007
0.00063
0.00816333
0.00310667
0
0
0.000286667
0.00353667
0.00661
0.00382667
0.00301667
0
0
0
0
0
0
0
0.00653333
0.01237
0.02159
0.0206867
0.0218367
0.0334067
0.0341967
0.02519
0.0109133
0.00436
0.000866667
0.00065
0.000433333
0.00371
0.00484
0.0176167
0.0184233
0.0312833
0.000303333
0.000776667
0.00599
0.0115067
0.0165267
0.02603
0.02769
0.0293733
0.0146667
0.00789
0.000713333
0.0004
0
0
0
0
0
0
0
0
0
0
0
0
0
0
0
0
0
0
0
0
0
0.00274667
0.00285
0
0
0
0
0
0
0.00437
0.00711667
0
0
0
0
0
0
0.00681
0.01894
0
0
0
0
0
0
0.0154833
0.0169133
0.00497
0.00225
0
0
0
0
0.00478333
0.00417333
0.0100267
0.0123633
0
0
0.000143333
0.000253333
0.00037
0.00067
0.0136767
0.0116367
0
0
0.00350333
0.00634
0.00386667
0.00064
0.00733667
0.00377333
0.000756667
0
0
0
0
0
0.01221
0.0213333
0.02087
0.00683333
0.0330633
0.02843
0.0197667
0.00505667
0.00392667
0.000216667
0.000433333
0.00065
0.00414333
0.0186367
0.03098
0.0402633
0.03976
0.03025
0.00551667
0.01101
0.00591
0.0130867
0.00786333
0.00776
0.000583333
0.000313333
0
0
0
0
0
0
0
0.000743333
0.000743333
0.00315
0.00240667
0.00240667
0
0
0
0
0
0
0
0
0
0
0
0
0
0.000103333
0
0
0
0
0
0
0.000103333
0
0
0
0
0
0
0
0.00254333
0
0
0
0
0
0
0
0.00335333
0.00254333
0.00272
0.00316333
0
0
0
0
0.00081
0.00081
0.00942667
0.01404
0
0
0.00011
0.00011
0.00017
0
0.02504
0.02234
0
0
0.00309
0.00298
0.00017
0.00034
0.0220733
0.00911
0.00554667
0.000756667
0
0
0
0.0153533
0.0123733
0.00343667
0.00017
0.01372
0.00134667
0.00134667
0
0
0
0.000433333
0.000866667
0.0155767
0.0197633
0.0321067
0.01874
0.0173867
0.00461
0.000416667
0.000686667
0.00027
0.00027
0
0
0
0
0.000223333
0.000223333
0
0
0
0.00147667
0.00222
0.0103133
0.0112433
0.0159967
0.00790333
0.00858333
0.00308667
0
0
0
0
0
0
0.00308667
0
0
0
0
0
0
0
0
0
0
0
0
0
0
0
0
0
0
0
0
0
0.0004
0
0
0
0
0
0
0
0.00513667
0.000843333
0
0
0
0
0
0
0.00848667
0.0104567
0
0
0
0
0
0
0.0157
0.02567
0
0
0
0
0
0
0.02206
0.0211633
0.00784
0.00518667
0.00479
0
0
0
0
0
0
0
0
0
0.000223333
0.000223333
0.00044
0.00065
0.000866667
0.00527
0.00483667
0.00596333
0.00134333
0.00134333
0
0
0
0
0.00025
0.000473333
0.00426
0.00401
0.00530333
0.00151667
0.00151667
0.00147667
0.00938333
0.0174767
0.03133
0.02892
0
0
0
0
0
0
0.0151
0.0273433
0.00960333
0
0
0
0
0
0
0.00651667
0
0
0
0.00015
0.00015
0
0
0
0
0
0
0.00015
0.0003
0.0004
0.00471333
0
0
0
0
0
0.00015
0.00900667
0
0
0
0
0
0
0.0168933
0
0
0
0
0
0
0.0187467
0.0102233
0.00976333
0
0
0
0
0
0
0.00623667
0.00856333
0.00297667
0.00315
0.000496667
0.000396667
0
0
0
0
0
0.00134667
0.00134667
0.00488333
0.00376
0.00752
0.0042
0.0042
0.000656667
0.00044
0.000216667
0
0
0
0
0.00025
0.0005
0.00456333
0.0081
0.0226733
0.0201267
0.02117
0.00657333
0.00174333
0.000226667
0
0
0
0
0
0
0.00790667
0
0.02877
0.01344
0.0242933
0.0252767
0
0
0.00163667
0
0
0
0.0100767
0.00664667
0
0
0.00614
0.00465333
0
0
0
0.00013
0
0
0.00798333
0.00363
0.00473333
0.00431333
0
0
0
0
0.00348
0.00015
0.0131367
0.01701
0
0
0
0
0
0
0.0215467
0.0324167
0
0
0
0
0
0
0.03016
0
0
0
0.0002
0
0
0.00668333
0.00076
0.000433333
0.000323333
0.0001
0.0002
0.00480333
0
0
0.00595
0.0187067
0.01764
0.0310767
0.02208
0.0223
0.00774
0.00398
0.000223333
0
0
0
0
0.00025
0.00431333
0.00837667
0.02295
0.0322033
0.03297
0.02197
0.00888
0.00427667
0.000453333
0.000226667
0
0
0
0.000253333
0
0
0
0
0.00223333
0.00776667
0.00776667
0.00896333
0
0
0.00189
0.00550667
0
0
0.00343
0.00356
0
0
0.0191633
0.0182767
0.000143333
0
0.00013
0.00013
0
0
0.0223
0.0319933
0.000563333
0.000563333
0
0
0
0
0.00704667
0.0215133
0.00504
0.0134433
0
0
0
0
0
0.00371667
0.0175367
0.02808
0
0
0
0
0
0
0.0227467
0.02438
0.00942667
0.00042
0.00656667
0
0.00021
0
0
0.0002
0.0004
0
0
0.000793333
0.00519667
0
0
0.0117567
0.02412
0.03233
0.0403533
0.0322567
0.0232
0.00864
0.00398
0.000223333
0
0
0
0
0.00906667
0.01438
0.0226933
0.0257367
0.0242467
0.01148
0.0046
0.000776667
0.000226667
0.000226667
0
0
0.00500333
0.000253333
0.000253333
0
0
0
0
0.00223333
0.00223333
0.00223333
0
0
0
0.00414333
0.000526667
0
0
0
0
0
0
0.0229233
0.0101733
0.000143333
0.000143333
0
0
0
0
0.0395467
0.0313633
0
0.000143333
0
0
0
0
0.0226233
0.0309633
0.0002
0.00482
0
0
0
0
0.00393667
0.00837667
0.00519
0.00950333
0
0
0
0
0
0.00022
0.00505333
0.00775333
0.00324
0.00328
0.00021
0.00021
0
0
0
0.0002
0.000393333
0
0
0.000786667
0.000996667
0
0
0.00756333
0.0106967
0.0231
0.0176867
0.01882
0.00600667
0.00488333
0.000223333
0.000223333
0
0
0
0
0.0104667
0.00939667
0.0163533
0.01159
0.00448333
0.00055
0
0
0
0
0
0.00500333
0.00515333
0
0
0.00372
0.00352667
0.00487333
0.00134667
0.00134667
0
0
0
0
0
0.000273333
0.000273333
0.000193333
0.000193333
0
0
0
0
0.000533333
0.00681667
0
0
0
0
0
0
0.00942667
0.0212233
0
9.66667e-05
0
0
0
0
0.0160667
0.0176233
0.00023
0.000333333
0
0
0
0
0.00556667
0.00466
0.000333333
0.00057
0
0
0
0
0.00022
0.00022
0.00037
0.00054
0.00017
0.00017
0
0
0
0.000193333
0.000193333
0
0
0.000193333
0.000603333
0
0
0.000626667
0.00415333
0.00374333
0.00487333
0.00134667
0.00134667
0
0
0
0
0
0
0.00408333
0.00393333
0.00393333
0
0
0
0
0
0
0
0.00015
0.00015
0
0
0.00744
0.0119033
0.00953
0.01058
0.00592333
0.00481
0.000233333
0
0
0
0
0.000193333
0.00391333
0.000466667
0.000233333
0
0
0.00037
0.00011
0
0
0.000233333
0
0
0
0.00325333
0.00048
0.00193667
9.66667e-05
0
0
0
0
0.00401
0.00299333
0.00708
0.00537333
0
0
0
0
0.00112667
0.00112667
0.00592333
0.00078
0
0
0
0
0
0
0.000646667
0
0
0
0
0
0
0
0
0
0
0
0
0
0.000216667
0.000216667
0.000216667
0
0
0
0
0
0
0
0
0
0
0
0
0
0
0
0
0
0
0
0
0
0
0
0.02207
0.0230767
0.0340367
0.0239133
0.02292
0.00847333
0.00413
0
0
0
0
0.00365
0.00737
0.000466667
0.0007
0
0
0
0.00011
0
0
0.000233333
0.000233333
0
0
0.00011
0.00022
0.00184
0.00204333
0
0
0
0
0.00011
0.00011
0.0203433
0.0252833
0
0
0
0
0
0
0.04136
0.0237067
0
0
0
0
0
0
0.01961
0.00169333
0.00104667
0
0
0
0
0
0
0
0
0
0
0
0
0
0
0
0
0
0
0
0
0
0
0
0
0
0
0
0
0
0
0
0
0
0
0
0
0
0.0222267
0.03158
0.0423833
0.03275
0.02341
0.00892667
0.00409333
0
0
0
0
0.00581667
0.00969333
0.00043
0.000233333
0
0
0
0
0.00216667
0.00263
0
0
0
0
0
0
0.000666667
0.00367667
0
0
0
0
0
0
0.0215133
0.0486733
0
0
0
0
0
0
0.0729067
0.06346
0
0
0
0
0
0
0.0548633
0.0286667
0.00104667
0
0
0
0
0
0
0
0
0
0
0
0
0
0
0
0
0
0
0
0
0
0
0
0
0
0
0
0
0
0
0
0
0
0
0
0
0.02342
0.02769
0.0262167
0.01827
0.01032
0
0
0
0
0.00992
0.0142933
0.00563
0.000573333
0
0
0
0
0.00480333
0.00650667
0.000376667
0
0
0
0
0
0.00359333
0.00393667
0
0
0
0
0
0
0.00912
0.0363633
0
0
0
0
0
0
0.05304
0.0742933
0.000266667
0
0
0
0
0
0.0561367
0.0461533
0.0191767
0.0110167
0.00131333
0
0
0
0
0
0
0
0
0
0
0
0
0
0
0
0
0
0
0
0
0
0
0
0
0
0
0.000223333
0.000223333
0.000223333
0
0
0
0
0
0
0.0366067
0.0312933
0.03966
0.02811
0.0267267
0
0
0
0
0.0228267
0.0238767
0.00772
0.0121967
0
0
0
0
0.00767667
0.00983
0.000376667
0.000956667
0
0
0
0
0.00230667
0.00184333
0
0
0
0
0
0
0.00341333
0.00940333
0
0.000326667
0
0
0
0
0.01648
0.0328733
0.000593333
0.00092
0
0
0
0
0.03395
0.03596
0.0166
0.0098
0
0
0
0
0
0
0
0
0
0
0.000223333
0.000223333
0.000446667
0.000223333
0.000223333
0
0
0
0
0
0
0
0
0.000223333
0.000446667
0.00398333
0.00376
0.00353667
0
0
0
0
0
0
0.0330433
0.02465
0.03658
0.0232567
0.0249533
0
0
0
0
0.0202967
0.0177833
0.01025
0.00754667
0
0
0
0
0.00307
0.00856
0.00058
0.000783333
0
0
0
0
0.000853333
0.00172333
0
0
0
0
0
0
0.00193
0.00437
0.000326667
0
0
0
0
0
0.00473333
0.0108533
0.000573333
0.000653333
0
0
0
0
0.0119433
0.0186467
0.0116967
0.00764
0
0
0
0
0
0.00133667
0
0
0.00133667
0.00733333
0.00622
0.0102
0.00442667
0.00818333
0.00420333
0.00398
0
0
0
0
0
0.00046
0.000683333
0.00447
0.00754667
0.0221467
0.01836
0.0278067
0.0129833
0
0.000216667
0
0
0.000216667
0.000216667
0.00833333
0.00548
0.00847333
0
0
0
0
0.00467
0.00361333
0.00361
0.00369
0
0
0
0
0.00269333
0.00304
0.000406667
0.000203333
0
0
0
0
0.0022
0.00765
0
0
0
0
0
0
0.0191167
0.0147433
0
0
0
0
0
0
0.0173733
0.00492333
0.000246667
0.000246667
0
0
0
0
0.00437333
0.00089
0.00474667
0.00463
0
0.000226667
0
0
0.00500667
0.00611667
0
0
0.0223667
0.0235833
0.0419133
0.0296433
0.03094
0.0152533
0.0117167
0.00442333
0.000443333
0
0
0
0.00046
0.00452333
0.00831
0.0226733
0.03187
0.04079
0.0294967
0.0165133
0.00374667
0.000433333
0.000433333
0
0
0
0.000216667
0
0
0
0
0.000636667
0.00959
0.000413333
0.00029
0.000326667
0
0
0
0
0.01604
0.0109367
0.000203333
0.000203333
0
0
0
0
0.0122467
0.0609433
0.000336667
0.000336667
0
0
0
0
0.0683067
0.0868233
0.000336667
0.00095
0
0
0
0
0.0402633
0.000613333
0.00122667
0
0
0
0
0.0344733
0.0110333
0.00816333
0.00114
0.000226667
0.000226667
0
0
0.00065
0.00543
0
0
0.0123767
0.0282033
0.0510233
0.0635167
0.06362
0.0433133
0.0274033
0.0114933
0.00442
0.000663333
0.00022
0
0.00539667
0.0182
0.02985
0.0295733
0.0203
0.00754
0.00397
0.00044
0.000216667
0
0
0.00133333
0
0
0
0
0
0
0.0912167
0.0276433
0.0206033
0.00220333
0
0
0
0
0.152473
0.0782667
9.33333e-05
0
0
0
0
0.285767
0.138943
0.000766667
0.000523333
0
0
0
0
0.247423
0.119117
0.00138
0.00119667
0
0
0
0
0.0891267
0.0356433
0.0510433
0.00961
0.0162033
0.00165667
0
0
0
0
0
0
0
0
0.000423333
0.000843333
0
0
0.00801667
0.01601
0.04319
0.0420233
0.04996
0.0237067
0.0214567
0.00510333
0.00397667
0.00022
0.00022
0.0141367
0.0163667
0.0201533
0.0076
0.00426
0.000473333
0.000223333
0
0
0
0.00133333
0.00133333
0
0
0
0
0
0
0.252097
0.204403
0.0364833
0
0
0
0
0.317147
0.03033
0.0145433
0.00229667
0
0
0
0
0.405847
0.597847
0.01277
0.000953333
0
0
0
0
0.565167
0.334823
0.0056
0.00129
0
0
0
0
0.225633
0.108243
0.0678767
0.03336
0.0137367
0
0
0
0
0
0
0
0
0
0.00042
0
0.000863333
0.00928
0.00908333
0.0146467
0.00623
0.00735333
0.00134667
0.00134667
0
0
0
0.00356333
0.00381333
0.00406333
0.0005
0.00420667
0.00395667
0.00884
0.00623
0.00134667
0.00134667
0
0
0
0
0
0
0
0
0.29258
0
0
0
0
0.55215
0.134703
0
0
0
0
0.133173
0.0270267
0
0
0
0
0.156533
0.01952
0
0
0
0
0.185267
0
0
0
0
0
0
0
0
0
0
0
0
0.000443333
0.000443333
0.000666667
0.000223333
0.000223333
0
0
0
0
0
0
0.000506667
0.00446333
0.00816333
0.0127967
0.0137233
0.0157733
0.0122367
0.00757
0.00156333
0.000216667
0
0.000256667
0
0
0
0
0
0
0
0
0
0
0
0
0
0
0.51947
0.25837
0
0
0
0
0
0
0
0
0
0
0
0
0
0
0
0
0
0
0
0
0
0.000223333
0.000223333
0.000223333
0
0
0
0
0
0
0
0.00821667
0.0275333
0.0284133
0.0419333
0.0283667
0.0318967
0.0146367
0.00906333
0.00065
0.00065
0.000256667
0.00426
0.000216667
0.000216667
0
0
0
0
0
0
0
0
0
0
0
0
0
0
0
0
0
0
0
0
0
0
0
0
0
0
0
0
0.00133
0.00133
0
0
0.00486667
0.00376
0.00420333
0.000666667
0.000666667
0.000223333
0.000223333
0
0
0
0.02383
0.0257667
0.04299
0.04308
0.0455533
0.0355933
0.0163633
0.00816667
0.000866667
0.000433333
0.00400333
0.00425667
0
0.000216667
0
0
0
0
0
0
0
0
0
0
0
0
0
0
0
0
0
0
0
0
0
0
0
0
0
0.000253333
0
0
0.00378667
0.00486333
0
0
0.0176267
0.01763
0.02315
0.01083
0.0110467
0.00442
0.00419333
0.00044
0.000216667
0
0.0121333
0.02844
0.0421633
0.04374
0.0346967
0.0201367
0.0128367
0.00532
0.000216667
0
0.000253333
0.00619333
0
0
0
0
0
0
0
0
0
0
0
0
0
0
0
0
0
0
0
0.000223333
0
0
0.000223333
0.000446667
0
0
0.000476667
0.000803333
0
0
0.00125667
0.00446333
0
0
0.0189567
0.0310433
0.0403267
0.03243
0.0231967
0.0141333
0.0075
0.00418667
0.000433333
0.000216667
0.02627
0.02914
0.0328867
0.02143
0.0177233
0.0232733
0.01817
0.0132833
0.000216667
0.000216667
0.00594
0.00971
0
0
0
0
0
0
0
0
0
0
0
0
0
0
0
0.000443333
0
0
0.000666667
0.00089
0
0
0.00067
0.00057
0
0
0.000673333
0.00394667
0
0
0.00449667
0.00167667
0
0
0.00510333
0.0191767
0.02341
0.0324733
0.0193233
0.0179433
0.00512667
0.00374667
0.000216667
0.000216667
0.0273133
0.0421467
0.0325167
0.0446167
0.03908
0.0463567
0.0256633
0.0147633
0.00238333
0.00216667
0.00407667
0.01881
0
0
0.000306667
0.00381
0
0
0.00350333
0.00369333
0
0
0.00019
0.000413333
0
0
0.000666667
0.00442333
0.00026
0.00026
0.00442333
0.0187633
0.00026
0.00052
0.01513
0.0226633
0
0.00026
0.0113767
0.0254567
0
0
0.02485
0.01132
0
0
0.0135633
0.0101667
0.01499
0.01416
0.0145167
0.0106167
0.00605667
0.00194667
0.00035
0
0.0502
0.0563767
0.0604233
0.0542
0.04567
0.0421067
0.0318933
0.0195133
0.00216667
0.00013
0.0200567
0.0366133
0.00023
0.00013
0.00882667
0.00871
0
0.0001
0.00388333
0.000603333
0
0
0.000636667
0.00420333
0.00159667
0.00159667
0.00773667
0.0222967
0.00377333
0.00511
0.0333233
0.0429333
0.00140667
0.00466
0.0359067
0.0285633
0.000993333
0.00188
0.0294
0.03119
0.000106667
0.00084
0.04091
0.0385133
0.000106667
0.000563333
0.0371067
0.0256867
0.0321133
0.0248133
0.0268933
0.0174267
0.01263
0.00516
0.00150667
0.000806667
0.04161
0.04093
0.0494733
0.04591
0.0470733
0.0518933
0.0345467
0.0234567
0.00638667
0.00802
0.0236067
0.0224267
0.00443333
0.00186333
0.00693333
0.00191667
0.00303
0.00573
0.000413333
0.000223333
0.000206667
0.00313667
0.00398
0.00841667
0.00626
0.00487
0.0232
0.02079
0.0199367
0.0210867
0.0294967
0.01891
0.0141667
0.0281067
0.0250033
0.01746
0.00824
0.0172733
0.02281
0.0258633
0.00380667
0.01032
0.0421567
0.0488233
0.00353
0.00666333
0.05446
0.04514
0.0463533
0.0447467
0.0496667
0.0391133
0.0302267
0.01321
0.00863
0.00439667
0.0257633
0.0337
0.0453033
0.04632
0.0453467
0.03983
0.03214
0.0174
0.0188
0.00948667
0.0135033
0.01199
0.00172667
0.00565
0.01697
0.0122433
0
0.00213
0.00423333
0.01064
0.00679
0.00902333
0.00863667
0.00507
0.00824
0.00399
0.0297667
0.0187067
0.00595333
0.0135567
0.05127
0.05178
0.01897
0.0353633
0.03476
0.0548167
0.0369067
0.0553
0.03641
0.02796
0.0568267
0.0212767
0.0239233
0.07003
0.0609967
0.0618333
0.05651
0.0533933
0.0481567
0.0344733
0.02237
0.0135433
0.02826
0.0333933
0.0390233
0.0455033
0.0441367
0.03542
0.0234433
0.0302633
0.0474533
0.00633333
0.02011
0.0469767
0.0358133
0.00454
0.00872667
0.02428
0.0420033
0.00855
0.00870667
0.02151
0.00738333
0.0178867
0.0141
0.0331933
0.0590167
0.0490433
0.06722
0.06012
0.06381
0.07316
0.07025
0.0485133
0.0368
0.07427
0.0201867
0.0273433
0.0725233
0.07126
0.0761733
0.06363
0.04859
0.0255933
0.0537133
0.0348933
0.05321
0.0392733
0.0342933
0.04994
0.04538
0.0622933
0.03579
0.0674633
0.07362
0.07898
0.00921
0.04106
0.08231
0.0479233
0.00976333
0.01687
0.0334033
0.0506367
0.0335833
0.0531533
0.0654333
0.0516233
0.07094
0.0701167
0.04658
0.0555967
0.07125
0.0311767
0.0799667
0.09658
0.0831333
0.0554167
0.07458
0.02402
0.0654933
0.08196
0.03356
0.0464433
0.0548833
0.0434833
0.06667
0.0930167
0.08614
0.138713
0.12368
0.0488233
0.06835
0.207257
0.156213
0.02408
0.04578
0.09961
0.1708
0.05814
0.0886467
0.12861
0.0961867
0.0828367
0.08543
0.05762
0.09988
0.0710267
0.0948733
0.08226
0.106217
0.106027
0.0636367
0.0776067
0.0750833
0.08407
0.0718967
0.122673
0.107143
0.175553
0.0715233
0.0983
0.151983
0.18853
0.289807
0.29236
0.30903
0.0736967
0.12903
0.18054
0.283287
0.36062
0.382653
0.319793
0.232607
0.13162
0.187897
0.301383
0.310543
0.319093
0.217467
0.19384
0.147517
0.145727
0.195267
0.144603
0.158253
0.105897
