0.121643
0.129993
0.139113
0.141907
0.17389
0.10418
0.0741367
0.0760733
0.0982867
0.108243
0.0682967
0.104863
0.137767
0.137323
0.12718
0.12029
0.44556
0.223653
0.313617
0.127237
0.201863
0.0878567
0.115823
0.0874567
0.101387
0.0849667
0.108473
0.09929
0.10928
0.131473
0.124487
0.119447
0.11337
0.07693
0.0335733
0.03306
0.02122
0.0148067
0.43438
0.302437
0.178153
0.135683
0.0363867
0.0391033
0.04455
0.0464767
0.05307
0.07619
0.04189
0.0686633
0.0376433
0.03784
0.0530267
0.0375367
0.0251967
0.0272
0.51583
0.38481
0.06144
0.04995
0.0487267
0.0383167
0.180697
0.13235
0.146223
0.0897633
0.0925667
0.06241
0.0691133
0.0428667
0.04768
0.03998
0.0454533
0.0649533
0.0695033
0.0665433
0.0877533
0.0501167
0.0793067
0.0547967
0.02583
0.02814
0.0225
0.0160933
0.00904333
0.00263
0.00540333
0.0064
0.00701
0.00395333
0.00250667
0.00081
0.496967
0.354767
0.174877
0.130207
0.07471
0.01631
0.02336
0.02389
0.00537333
0.00822
0.00456333
0.006
0.0125667
0.0100967
0.01112
0.02765
0.0140633
0.00853333
0.33295
0.13922
0.117987
0.0510367
0.0689367
0.04088
0.0478333
0.0253167
0.03709
0.0242967
0.0252967
0.03513
0.04763
0.05007
0.05305
0.03508
0.0434233
0.0349467
0.0383733
0.0258433
0.0312133
0.0239
0.03004
0.0390433
0.01269
0.00794333
0.0154433
0.00873333
0.00874
0.00510667
0.00818333
0.01266
0.01049
0.00832
0.00339333
0.00193667
0.00024
0.00024
0
0
0.00234333
0.281897
0.13555
0.0792667
0.0630967
0.00790667
0.01247
0.00691
0.00468667
0.02318
0.0179333
0.0371633
0.278907
0.03291
0.01777
0.0424
0.0135067
0.00555
0.0294
0.0643233
0.01094
0.0188867
0.0125567
0.01665
0.0282033
0.0127367
0.04041
0.0231967
0.00416
0.0102367
0.00459667
0.06046
0.05867
0.0459867
0.0368267
0.0254467
0.0137633
0.0107333
0.00715
0.0149467
0.0263
0.0442567
0.04893
0.04836
0.02995
0.00078
0.00441
0.00486333
0.0120367
0.0122733
0.0213233
0.0186333
0.0290833
0.02094
0.0195367
0.00546
0.00400333
0.00048
0.00024
0
0
0.00234333
0.00245667
0.0157033
0.01599
0.0184433
0.02442
0.00441
0.00378333
0.00172
0.000336667
0.03214
0.0278333
0.0777733
0.0259167
0.0423467
0.0621967
0.0620433
0.0308967
0.0637467
0.0607967
0.00822333
0.00276
0.00230667
0.00415667
0.0102567
0.02993
0.00376667
0.0140233
0.0451133
0.0634367
0.0532133
0.05314
0.03059
0.02696
0.00875
0.00693333
0.00069
0.00393667
0.00361667
0.0181833
0.01801
0.0308
0.0177467
0.0174667
0.00440333
0.00312333
0.00044
0.0101733
0.0174533
0.0188633
0.0321033
0.0343267
0.04508
0.0425267
0.0420467
0.0272
0.01361
0.00449
0.000966667
0.00024
0
0
0
0.000113333
0.000113333
0.00274333
0.00285333
0.00542
0.00292667
0.00537
0.00794667
0.00988667
0.00434
0.0105467
0.0141733
0.0216233
0.0204267
0.0241867
0.0551333
0.0973967
0.11189
0.0243633
0.03477
0.0698333
0.110547
0.10038
0.0198767
0.0141833
0.00207667
0.00468333
0.0110133
0.0111467
0.0341067
0.01444
0.0288667
0.02473
0.0307533
0.01262
0.01253
0.00265667
0.00250667
9.66667e-05
9.66667e-05
0.000106667
0.00038
0.000486667
0.00355
0.00327667
0.00468333
0.00151333
0.00151333
0
0.000206667
0.000656667
0.0278
0.0340567
0.03695
0.03312
0.0390267
0.0315167
0.03709
0.0194467
0.0108133
0.00218
0.00145333
0.000726667
0
0
0
0
0
0.00161667
0.00184
0.00345667
0.00197667
0.00482667
0.00587667
0.014
0.02634
0.0425467
0.04287
0.0528433
0.0280967
0.0709933
0.0357367
0.13659
0.0658667
0.0822867
0.22174
0.19733
0.0725133
0.0772233
0.201683
0.132237
0.0493733
0.02873
0.0165167
0.00457667
0.02459
0.05015
0.00452333
0.00805667
0.00527333
0.00752
0.00472667
0.00380333
0.00255
0.00149333
0.00124667
0
0.000106667
0.000213333
0.000213333
0.00032
0.000106667
0.000106667
0
0
0
0
0.00046
0.00091
0.00188333
0.0312267
0.0237567
0.01408
0.0227567
0.01628
0.0107067
0.01345
0.0158567
0.00178333
0.00442
0.000726667
0.00105667
0
0
0
0
0.00188333
0.000266667
0.01422
0.01557
0.0170267
0.03
0.0259233
0.0453667
0.04619
0.05761
0.0454
0.0396067
0.0525
0.0875233
0.05965
0.118493
0.183967
0.130157
0.1273
0.24685
0.266527
0.22569
0.114613
0.08181
0.26783
0.227397
0.226827
0.0375433
0.05396
0.0207433
0.03796
0.0789333
0.09201
0.144873
0.00696
0.00562
0.00376333
0.00590333
0.00388
0.0140333
0.0126333
0.0160133
0.01271
0.00436
0.00560667
0.000106667
0.000106667
0.000106667
0
0
0
0
0.000406667
0.000866667
0.00445
0.00501667
0.0155333
0
0
0.500323
0.54979
0.446307
0.171077
0.0574267
0.00393
0.00692
0.00313333
0.00649667
0.00336333
0.00369333
0.00033
0.00033
0
0
0
0
0.000266667
0.000533333
0.00382333
0.0166067
0.0540533
0.00707
0.0117133
0.0104367
0.0256533
0.0431967
0.0416567
0.05613
0.0498833
0.0597333
0.0590767
0.0349233
0.04284
0.0474533
0.0205033
0.06213
0.0314733
0.05032
0.0300033
0.00627667
0.000726667
0.00185667
0.00147667
0.00496333
0.00369333
0.00741
0.00448667
0.00481333
0.00774333
0.0109433
0.0254533
0.02372
0.16577
0.09452
0.13265
0.135367
0.0836933
0.0696567
0.0399167
0.01672
0.00684
0.00608333
0.00665
0.0189767
0.01767
0.02299
0.014
0.01098
0.00471667
0.00122333
0.00452
0.00421
0.0089
0.00945
0.170677
0.165523
0.117017
0.0728233
0.0463867
0.0200233
0.0142667
0.0102067
0.02402
0.0322233
0.0405567
0.03263
0.02345
0.01079
0.00516
0.00185667
0.00231667
0.00137333
0.00641667
0.00980333
0.158477
0.0995567
0.14489
0.0952467
0.0584733
0.0616433
0.0528167
0.0324067
0.02022
0.01592
0.02378
0.02465
0.0332233
0.0202167
0.01837
0.00811333
0.00756333
0.01541
0.0134667
0.0175667
0.0559933
0.0402667
0.03461
0.0948033
0.09539
0.0185733
0.0139867
0.0315667
0.0258567
0.04218
0.03969
0.0387433
0.0360733
0.0254367
0.02224
0.0135933
0.00933667
0.00738667
0.00211333
0.00468667
0.0153133
0.0265867
0.0297033
0.0188533
0.02554
0.0165233
0.02615
0.0173867
0.03451
0.0246
0.0271333
0.00439667
0.000813333
0.0202333
0.00757333
0.02807
0.02598
0.03533
0.0368433
0.03082
0.03037
0.03603
0.04268
0.03083
0.0210267
0.00710667
0.00406333
0.000496667
0.0219133
0.0098
0.00461333
0.000253333
0
0
0
0
0
0
0
0.000406667
0.48121
0.517643
0.56711
0.490403
0.522177
0.28929
0.1867
0.173923
0.0736633
0.04491
0.02152
0.01802
0.00239
0.00500333
0.0106733
0.00769
0.0264167
0.0201133
0.0279933
0.0252433
0.03363
0.02126
0.0204433
0.0224167
0.000143333
0.000143333
0
0
0
0
0
0
0
0
0
0
0
0.000266667
0.000266667
0.00355667
0.00535667
0.0184067
0.0187933
0.0329967
0.0237533
0.0391
0.0265933
0.0403233
0.02296
0.02482
0.00728333
0.0108833
0.00526
0.00717667
0.00191667
0.00191667
0.000346667
0.000346667
0.000346667
0
0
0.000206667
0
0.00077
0.000206667
0.00977
0.00312333
0.0357233
0.02324
0.04194
0.0404233
0.0296533
0.02033
0.00712667
0.113127
0.0324567
0.000913333
0.04976
0.000563333
0.0260233
0.0244533
0.03282
0.0212233
0.0195733
0.01142
0.00829667
0.00695333
0.00244333
0.00709
0.200417
0.14014
0.0645967
0.0126733
0.0205533
0.02095
0.0281133
0.01724
0.02558
0.01994
0.239703
0.134787
0.02399
0.0164633
0.0373333
0.04106
0.0463433
0.0417367
0.160477
0.171483
0.148217
0.08685
0.0235233
0.0190333
0.02162
0.0323933
0.0415933
0.0518167
0.07918
0.0908167
0.0315867
0.0535467
0.0298767
0.03134
0.0368
0.02709
0.02186
0.0264133
0.0353733
0.0269933
0.0468367
0.0316767
0.0358433
0.0360633
0.02359
0.0343233
0.0178833
0.0244333
0.0287733
0.0341633
0.0275633
0.03403
0.0100067
0.02284
0.0002
0.00515333
0.00133333
0.000466667
0.0161467
0.00914333
0.00265
0.0213367
0.0148933
0.03197
0.02617
0.0229533
0.0235333
0.0218867
0.00632333
0.00852667
0.02156
0.0192133
0.0198767
0.0077
0.00563
0.000443333
0.000253333
0
0
0.00185333
0.00185333
0.00302667
0.00117333
0.00127333
0.000506667
0.00297
0.00645333
0.01697
0.0275733
0.0336667
0.00843333
0.00957
0.01796
0.0229433
0.00583
0.0191967
0.000203333
0.00354333
0.00255
0.00245
0.00245
0.00899333
0.00688667
0.01343
0.0102133
0.0152
0.0179733
0.01528
0.02745
0.00423333
0.0184467
0.000193333
0.00367
0.00828333
0.00323333
0.0263533
0.02415
0.0632367
0.0451667
0.150813
0.10827
0.181733
0.365383
0.31538
0.28298
0.414817
0.397123
0.22422
0.0720067
0.200717
0.185287
0.0590667
0.0851867
0.0716367
0.0491067
0.06146
0.0627133
0.01794
0.0112733
0.03239
0.01974
0.00903333
0.0130567
0.00567333
0.00836
0.01222
0.0113067
0.0160633
0.0138133
0.00636667
0.0170567
0.0269167
0.0247
0.0165533
0.0184367
0.0295767
0.03743
0.0107967
0.02324
0.02789
0.01861
0.0173533
0
0
0
0
0
0
0
0
0
0.00256
0
0.0193567
0.00532333
0.0374633
0.0267
0.0209433
0.0273067
0.00754
0.00419333
0.000316667
0.0208
0.00861
0.00970333
0.00012
0.00012
0.00012
0
0
0
0
0
0
0
0
0
0
0
0
0
0.00206667
0
0.00574333
0.00206667
0.00748333
0.00367667
0.00757
0.00380667
0.00542333
0.00376333
0.00166
0.00166
0
0
0
0
0
0
0
0.00398667
0.000523333
0.000446667
0.000396667
0.000196667
0.000573333
0.0206733
0.105067
0.00995667
0.0189033
0.000986667
0.000493333
0.00536667
0.00557
0.000976667
0.00249333
0.00274
0.132037
0.229353
0.01919
0.120033
0.0337667
0.0162433
0.0119767
0.0246233
0.0115467
0.00665667
0.0189
0.233273
0.118783
0.159823
0.0712267
0.0767667
0.03346
0.0449333
0.0282667
0.019
0.0271767
0.0319667
0.13961
0.0881333
0.11042
0.02888
0.06788
0.0405767
0.0428533
0.0311933
0.0303567
0.0303767
0.0364633
0.07038
0.0838967
0.0753
0.0336233
0.0358567
0.03982
0.0370767
0.0285867
0.0216267
0.0227267
0.02786
0.0232
0.0484233
0.0315967
0.0277567
0.0213533
0.0252867
0.0151533
0.0256767
0.0138367
0.0186633
0.0276367
0.01876
0.0183533
0.0233867
0.0164267
0.00361333
0.00521
0.0104033
0.01363
0.00294333
0.00158667
0.00625667
0.00474333
0.00930333
0.00243333
0.00695667
0.00019
0.00251333
0.000176667
0.00019
0.00519667
0.000176667
0.01785
0.00687333
0.0165633
0.0140033
0.00799
0.00568667
0.00655333
0.00604
0.0212133
0.014
0.02047
0.0302767
0.00617
0.0157467
0.0002
0.00515333
0
0.0001
0.000966667
0.000966667
0.00106333
0.00367
0.00722667
0.00646
0.00902
0.00514667
0.0110533
0.0208267
9.66667e-05
0.00210333
0.0022
0.00238667
0.00449
0.000103333
0.00249
0
0.000103333
0
0
0
0
0.000343333
0.000343333
0.000343333
0.00403667
0.0288433
0.03824
0.00372667
0.00297
0.0295967
0.0219733
0
0.00217667
0.00386333
0.00795333
0.00742
0.01059
0.00323333
0.000386667
0.0136567
0.00736333
0.02323
0.04612
0.0361833
0.0559167
0.0602333
0.08029
0.114573
0.12879
0.223733
0.356187
0.23362
0.443853
0.23268
0.132327
0.123093
0.0432333
0.0144567
0.07909
0.0179333
0.02249
0.06071
0.0295433
0.0290333
0.0401067
0.0210833
0.01844
0.02768
0.01871
0.01603
0.0139733
0.00763333
0.00711
0.0100867
0.00909333
0.00519
0.00234333
0.00806333
0.0199333
0.00336
0.00352
0.0234667
0.0267867
0.00719
0.00952333
0.0230033
0.0172067
0.0173
0.01669
0
0
0
0
0
0
0
0
0
0
0
0.00276333
0
0.0167567
0.00685333
0.02492
0.0251333
0.0185233
0.00757667
0.00379
0.01424
0.00569
0.0270667
0.0165433
0.00032
0
0
0
0
0
0
0
0
0
0
0
0
0
0
0
0
0
0
0
0
0
0
0
0
0
0
0
0
0
0.000283333
0
9e-05
0.00267667
0.00687333
0.00464667
0.01638
0.0192733
0.000176667
0.00362
0.000296667
0.00274333
0.00606667
0.00032
0.00294333
0.00305333
0.0152033
0.01723
0.0217067
0.0341733
0.02333
0.00854667
0.0471667
0.00657667
0.00393667
0.00434
0.000493333
0.0113867
0.00622
0.0149033
0.01438
0.0075
0.0862633
0.133133
0.00107333
0.00738
0.00373333
0.0351367
0.0223567
0.0182167
0.0316
0.02312
0.0204333
0.00533667
0.182827
0.152633
0.00699667
0.0175567
0.00244667
0.00549
0.0182267
0.0394633
0.0410067
0.04256
0.0422433
0.03732
0.0236733
0.0191733
0.113993
0.0242267
0.0148667
0.0444033
0.00698333
0.00512333
0.01802
0.0238933
0.0306833
0.0459433
0.0449533
0.04538
0.03644
0.03222
0.0353033
0.0147667
0.0544967
0.0717033
0.0318133
0.0138367
0.01112
0.0226533
0.0353767
0.0463833
0.0439167
0.0419233
0.04478
0.0233567
0.00515333
0.05652
0.0418367
0.04256
0.0324367
0.0353067
0.0210033
0.03372
0.0379833
0.04124
0.0429967
0.0410033
0.00659333
0.01115
0.0148267
0.0262067
0.03257
0.0170833
0.0210867
0.00412333
0.00682667
9e-05
0.00155667
0.00011
0.00011
0.00022
0.00527667
0.00379667
0.00621
0.01581
0.0125967
0.0220533
0.00491667
0.00953667
0.0105333
0.00998667
0.00011
0
0.00011
0
0
0.000353333
0.000176667
0.00967333
0.00537333
0.02665
0.0204733
0.0208867
0.0265867
0.00909
0.0131667
0.00095
0.00442667
0.00967667
0.01029
0.00159
0.0107933
0.00356
0.00169
0.00709333
0.00308667
0.00579333
0.00410667
0.00168667
0.00168667
0
0.00400667
0.00685
0.00656667
0.003
0.00044
0.000303333
0.00501333
0.0161967
0.00874667
0.01783
0.00199333
0.00199333
0
0.00357333
0
0.00357333
0.00357333
0.00018
0
0.00455
0.00018
0.0124667
0.00437
0.00809667
0
0.00400667
0.0130967
0.02459
0.01662
0.01425
0.0123033
0.0171767
0.00552
0.00447667
0.01022
0.000193333
0.000193333
0.0238233
0.00016
0.00448333
0.0275933
0.0372967
0.00562667
0.02146
0.0391167
0.0347067
0.0575067
0.01841
0.0796933
0.0745433
0.09539
0.05839
0.121887
0.0863767
0.115313
0.0890467
0.0625233
0.04487
0.000253333
0.00816333
0.04905
0.0334933
0.00199
0.00555
0.0323667
0.03141
0.0221533
0.0167567
0.0259433
0.03164
0.02994
0.0261767
0.02208
0.02431
0.0174967
0.00792333
0.01521
0.0228333
0.00440667
0.00202667
0.0285867
0.03782
0.000303333
0.00285667
0.0324867
0.0239167
0.00599
0.00726667
0.00193
0.00193
0.00591667
0.00398667
0.00407667
9e-05
0.00018
9e-05
9e-05
0
0.00127667
0.00536667
0.0117233
0.0215867
0.0227867
0.01971
0.01242
0.00542667
0.02008
0.02778
0
0
0
0
0
0.000403333
0.000403333
0.00530667
0.00571
0.00208
0.00738667
0
0.00208
0
0
0
0
0
0
0
0
0
0
0
0
0
0
0
0
0
0.0179267
0.00359667
0.00678667
9e-05
9e-05
0.000133333
0.00166333
0.00038
0.03597
0.0358667
0.02718
0.00997
0.0116033
0.00927
0.00326333
0.0086
0.00032
0.00064
0
0.00281
0.0169867
0.00294333
0.0405767
0.0275933
0.0317033
0.00218
0.00221
0.0282367
0.0165567
0.0153967
0.00435
0.00169667
0.0035
0.00332333
0.00682333
0.0217533
0.00877
0.00557
0.000266667
0.0432967
0.04437
0.00568667
0.00467
0.00877
0.00859333
0.00964667
0.0202933
0.0188167
0.0166667
0.00554333
0.00346667
0.000336667
0.000336667
0.000406667
0.09511
0.06381
0.00469
0.0161033
0.0191667
0.0432233
0.03388
0.06937
0.0556167
0.0853867
0.06554
0.0810567
0.0196367
0.0333733
0.0245333
0.04302
0.03507
0.0303933
0.00492667
0.00589333
0.01087
0.00635
0.00837667
0.07164
0.0237533
0.0278833
0.0393367
0.0516133
0.07655
0.10365
0.115507
0.110997
0.100243
0.09015
0.0799267
0.07767
0.00459
0.000876667
0.00341667
0.0167167
0.0305533
0.04018
0.043
0.04531
0.04622
0.01649
0.0277633
0.02311
0.0306267
0.0204133
0.01498
0.0051
0.02187
0.03353
0.02853
0.0592733
0.0583533
0.0874867
0.0652
0.0824667
0.0670433
0.000523333
0.0005
0.0141533
0.0166667
0.0288567
0.01813
0.0317633
0.0460633
0.04429
0.0545033
0.05254
0.04397
0.00256667
0.00214667
0.0123933
0.01365
0.01178
0.0162567
0.0214333
0.0327867
0.000173333
0.000173333
0.00301333
0.00821333
0.00528667
0.00907333
0.0514567
0.0444233
0.04729
0.05211
0.0501467
0.0049
0.01758
0.02797
0.0170367
0.01234
0.00834
0.0204233
0.0322533
0.03804
0.0386033
0.02691
0.0285633
0.02239
0.03289
0.0333667
0.0344067
0.0256033
0.01447
0.0402767
0.0297767
0.0377233
0.02062
0.0247633
0.04219
0.03991
0.0357067
0.0232333
0.0138733
0.0135033
0.0256167
0.0215367
0.0100833
0.0219033
0.00898667
0.00018
0.00274667
0
9e-05
0
0
0
0.00256333
0.00593
0.00284333
0.0183933
0.03013
0.03878
0.0200667
0.0286133
0.00472
0.00393
0
0.000303333
0.000303333
0.0045
0.000303333
0.00598667
0.00437333
0.0074
0.00626667
0.0145433
0.0169833
0.00741
0.01851
0.000433333
0.00571
0
0.000336667
0
0
0.00608667
0.000473333
0.0206567
0.00907333
0.0278967
0.01915
0.0157033
0.0175267
0.00427667
0.00397
0.01948
0.00398667
0.02257
0.0174867
0.01065
0.0121033
0.00829667
0.00801333
0.00131
0.00457333
0.00177
0.00102667
0.00316
0.0343933
0.0345467
0.00315
0.00191333
0.0203967
0.01405
0.00430333
0.00126667
0.000716667
0.01158
0.0154133
0.04342
0.0406533
0.04029
0.0277733
0.02341
0.00123667
0.00123667
0.0220633
0.0246567
0
0
0.0326
0.0493833
0
0.00016
0.05031
0.05191
0.00130333
0.00016
0.0419733
0.0461633
0.00114333
0.00241667
0.0412333
0.03406
0.00156333
0.01844
0.03186
0.0228133
0.03453
0.00823333
0.000323333
0.0161633
0.00886333
0.0186933
0.0044
0.00403333
0.02507
0.0193167
0.0113133
0.01508
0.0313533
0.01987
0.0226433
0.0261667
0.0223867
0.0111233
0.0172133
0.0159833
0.02067
0.0176467
0.00849
0.00648667
0.0290433
0.0191567
0.00666
0.02041
0.0193633
0.00670667
0.01906
0.00844333
0
0
0.00253
0.00293333
0.00656
0.0226333
0.00933667
0.0130067
0.0246267
0.0077
0.00208
0
0
0
0
0
0
0
0
0
0
0
0
0
0
0.0002
0.0002
0.00533
0.0036
0.0189933
0.0184067
0.0172433
0.03023
0.000463333
0.01354
9e-05
0.000373333
0.00298667
0.00171
0.0185667
0.01392
0.0239267
0.02957
0.01365
0.02265
0.0086
0.00352
0.00024
0.00426667
0.000313333
0.00574333
0.0161033
0.00601333
0.01958
0.00548667
0.00970667
0.00032
0.00175667
0
0
0
0
0.000133333
0
0.000266667
0.000133333
0.000133333
0.0134167
0.0132833
0.00019
0.000333333
0.0150133
0.00420667
0.00556667
0.00875
0.00152333
0.00566667
0.00386667
0.01684
0.01586
0.0191733
0.0185867
0.00543667
0.00530333
0.000133333
0
0
0.000553333
0.00718333
0.00532667
0.00552333
0.00758667
0.0106433
0
0.00169667
0
0.00339333
0.00169667
0.00169667
0.000133333
0
0
0.00015
0.000396667
0.00386333
0.00991333
0.0334967
0.0056
0.01906
0.0097
0.0404033
0.0236933
0.0460033
0.00498667
0.000293333
0.00015
0.00015
0.00288667
0.00015
0.00806
0.00273667
0.00702
0.000203333
0.000296667
0.000243333
0.000396667
0.00377
0.00377333
0.0366533
0.0737067
0.0662467
0.06515
0.0535833
0.04049
0.01235
0.0367133
0.03741
0.05887
0.0389567
0.03767
0.00814
0.01248
0.00324
0.000503333
0.00562333
0.00252667
0.00471
0.00263333
0.00254
0.000306667
0.0529767
0.05253
0.03903
0.05836
0.0102633
0.00245667
0
0
0
0.000126667
0.00236333
0.00622333
0.0192067
0.0252967
0.02375
0.01864
0.00616
0.00262
0.000973333
0.00909667
0.0178467
0.0419767
0.0558867
0.0720833
0.0341133
0.0552633
0.01218
0.0167433
0.0265967
0.01616
0.00403333
0.00534
0.0134267
0.0104733
0.0515833
0.0451567
0.0286867
0.0133067
0.00799
0.000183333
0
0.000103333
0.000103333
0.00234
0.0181
0.0267033
0.02495
0.0220267
0.00834667
0.00753333
0.0037
0.00367
0.00969333
0.0132167
0.03528
0.0288733
0.0288333
0.00678333
0.0383567
0.0455167
0.0355
0.0231567
0.0147233
0.00125333
0.00024
0.0317167
0.03495
0.0349967
0.0435067
0.00339333
0.000423333
0.00422333
0.004
0.00654667
0.00274333
0.00254667
0
0.000196667
0
0.04893
0.05287
0.0530933
0.0460333
0.0359067
0.01641
0.00229667
0.0112133
0.0363033
0.01983
0.0368367
0
0
0
0
0
0
0
0.00834667
0.00244667
0.0226233
0.0158667
0.0329367
0.0353733
0.0467067
0.05373
0.04667
0.0301367
0.0223767
0.01454
0.0152833
0.0318233
0.0442267
0.00945333
0.0354333
0.02471
0.0412567
0.00599667
0.00633667
0.00810667
0.0200733
0.0240533
0.0235667
0.0105033
0.0142733
0.02389
0.0406967
0.03331
0.01266
0.0243833
9e-05
0.00642
9e-05
0.0251433
0.00446
0.01608
0.00373667
0.0204867
0.01601
0.00755333
0.00548333
0.0201967
0
0
0
0
0
0.00226333
0
0.00741
0.00256667
0.00934333
0.00451333
0.0182767
0.00618667
0.02862
0.0184833
0.0208933
0.0203567
0.0183667
0.0254167
0.01698
0
0.00278
0.00382
0.0211867
0.02843
0.0178967
0.0138167
0.00304
0.00154333
0.00346333
0.00225
0.00223
0.000193333
9.66667e-05
0.000256667
0
0.000383333
0.000256667
0.0133433
0.00574
0.0279133
0.0323667
0.03895
0.0359867
0.0283267
0.0184133
0.01065
0.00867333
0.04069
0.0217467
0.0600467
0.0435067
0.05225
0.0488567
0.01581
0.0209467
0.00581667
0.00587667
0.02112
0.01207
0.0698033
0.0486367
0.07616
0.0642233
0.0677833
0.0279433
0.0375733
0.0146633
0.0174067
0.0220033
0.0180833
0.00091
0.00091
0.00195
0.0251467
0.0145933
0.00201333
0.00110333
0.0393367
0.0315333
0.000193333
0.00129667
0.04318
0.0270933
0.000193333
0
0.0350833
0.0205833
0
0
0.0223633
0.00029
0.000546667
0.00844667
0.00305667
0.000176667
0.000786667
0.000366667
0.000366667
0.000366667
0.000733333
0.00486333
0.00708333
0.00875
0.00131667
0.0100533
0.00591667
0.00495667
0.01214
0.00447
0.00274333
0.00821667
0.00601
0.00637333
0.00499
0.0205633
0.01856
0.00637667
0.00275333
0.0303067
0.03959
0.0400367
0.03268
0.0232467
0.0102867
0
0
0
0
0
0
0
0.0002
0.00369
0.00709
0.0200933
0.02968
0.03843
0.0383933
0.0287667
0.0169
0.00402333
0.000573333
0.00029
0.00342
0.00171
0.0143533
0.00513
0.0254333
0.0360033
0.03015
0.0246167
0.0141067
0.00287667
0.000246667
0.0402367
0.0296033
0.00247
0.00143667
0
0
0
0
0
0.00262333
9.33333e-05
0.0191333
0.0156
0.0303033
0.00602
0
0.0004
0
0
0
0
0
0.0076
0.00024
0.00252
0.00123333
0.00123333
0.00368
0.00244667
0.00244667
0.000123333
0.000203333
0.0192567
0.03048
0.00152333
0.00355667
0.00386667
0.01478
0.0058
0.0149567
0.01347
0.0062
0
0
0
0
0
0
0
0.00114667
0.000536667
0.00452667
0.02042
0.02748
0
0
0
0
0
0.00152333
0.00114667
0.00317333
0.00407333
0.0169433
0.0109533
0.0315867
0.0188667
0.0192733
0.0156833
0.01549
0.00955667
0.00980333
0.0173467
0.00112667
0.00985
0.000496667
0.00133
0
0.000496667
0
0.0174833
0.0226
0.0337333
0.0221633
0.0514
0.0848867
0.0291
0.0246867
0.0289267
0.0118367
0.0183933
0.0144433
0.00218333
0.00373
0
0.0137367
0.00466333
0.0145533
0.0107933
0.00577333
0.00898333
0.00551667
0.00756333
0.00373333
0.00373333
0.104037
0.10941
0.0118333
0.00245667
0.00256667
0
0
0.000126667
0
0.00558333
0.00172333
0.0172267
0.0171867
0.02059
0.00892
0.0135967
0.0124933
0.0375333
0.03553
0.0429633
0.0291533
0.03485
0.03034
0.0302867
0.0215667
0.02796
0.0186967
0.0271167
0.0289433
0.00236667
0.0143833
0.00397333
0.000626667
0.000626667
0.00366667
0.00472667
0.01693
0.0786333
0.0458267
0.02874
0.0372467
0.0291367
0.0219667
0.0180967
0.0378767
0.0584167
0.0735967
0.0601467
0.0453767
0.0471967
0.0261167
0.0329767
0.02934
0.00416667
0.0111
0.0106
0.02022
0.02549
0.01677
0.00793
0.00576333
0.0230533
0.01877
0.0319967
0.0240133
0.0194133
0.0188867
0.00670333
0.0295633
0.03136
0.0548533
0.0355967
0.0324833
0.00989667
0.01725
0.0130233
0.0284733
0.0260233
0.0380933
0.03279
0.00062
0.0005
0.0399467
0.0184267
0.0315533
0.00262
0.00793667
0
0.000183333
0.000206667
0.000103333
0.00363
0.0106033
0.00780667
0.0122733
0.00601667
0.00731
0.00218333
0.00210333
0.000576667
0.00697333
0.00888
0.0108967
0.00933
0.00939667
0.0162067
0.0155
0.0511067
0.0279833
0.03594
0.0469033
0.00614
0.01025
0.0401767
0.0373133
0.04577
0.0461367
0.00263333
0.000456667
0.0363
0.0233767
0.02667
0.0303367
0.0433433
0.02218
0.0106667
0.00847333
0.000776667
0.000976667
0
0
0
0.03491
0.03568
0.03618
0.0434067
0.00898667
0.00726667
0.0602567
0.0517967
0
0
0
0
0
0.00249
0
0.00604333
0.0280867
0.0336833
0.03842
0.0301267
0.0193433
0.0246267
0.0101767
0.00382333
0.0642567
0.0714133
0.01821
0.0427333
0.0309767
0.0254733
0.0368967
0.0101633
0.00508
0.0126767
0.00911
0.0196867
0.00573
0.00236333
0.03541
0.0626633
0.00415667
0.000323333
0
0
0
0.000306667
0
0.000306667
0.0209067
0.00735
0.00959667
0.00491667
0.00232
0.00537333
0.00420667
0.00236333
0.0215367
0.00529333
0.00265667
0.00461333
0.0168733
0.0193667
0.0364933
0.02925
0.0292867
0.03632
0.00565667
0.0173167
0.00252667
0.00066
0.0151733
0.00219667
0.02646
0.01319
0.0136233
0.02489
0.0168433
0.0294833
0.00645333
0.01865
0.00865667
0.0890567
0.0534567
0.06257
0.0257067
0.0312033
0.0247167
0.02941
0.03769
0.0366933
0.0271067
0.00531
0.00184333
0.0162167
0.01678
0.0141633
0.000923333
0.00051
0.00038
0.00785667
0.01032
0.00436333
0.0141133
0.0349467
0.0408
0.0630833
0.0602
0.0605567
0.0363233
0.02288
0.0131033
0.00597333
0.01095
0.0198433
0.0224433
0.0448867
0.04515
0.0820033
0.0752533
0.00883
0.00563667
0.01907
0.00590667
0.0136467
0.00770333
0.00519
0.00889
0.01215
0.00611333
0.00408667
0.000193333
0.00655667
0.00294667
0
0
0.000256667
0.00061
0
0
0
0.00283
0.00283
0
0.00095
0.00294667
0.000116667
0.000363333
0.0012
0.00136
0.00124333
0.00643333
0.00632667
0.00124333
0
0.0422167
0.0299767
0.00171
0.00342
0.00171
0.00802667
0.000123333
0.000123333
0.0521033
0.0494967
0
9.33333e-05
0.000186667
0.0131633
0.0157867
0.0290533
0.0238267
0.0253767
0.00485667
0.0122067
0.0004
0.00059
0
0
0
0
0
0
0
0
0
0
0
0
0.00358333
9.33333e-05
0.01884
0.00573
0.0295533
0.01955
0.01784
0.01859
0.00383667
0.00578667
0.00029
0.000386667
0.00171
0.0208167
0.0263033
0.0258733
0.0227833
0.02727
0.02028
0.00652333
0.00547667
0.00891333
0.0164567
0.000123333
0
0.04169
0.04365
0.00121333
0.00345667
0.00224333
0.00327667
0.00103333
0
0.00103333
0
0
0
0
0
0.0154667
0.0135
0.0252867
0.00171333
0.0127667
0
0.00171333
0
0
0.00340667
0.000203333
0.000796667
0.0458667
0.04228
0.0215633
0.0109733
0.0125933
0.00162
0.00162
0
0
0.00121333
0.00455333
0.0163133
0.0167933
0.0180933
0.0232033
0.0136733
0.00478667
0.00934667
0.0381567
0.0411267
0.02368
0.0273767
0.0297233
0.0309033
0.0102267
0.01605
0.00397
0.00414333
0.0110867
0.0137267
0.01059
0.0196233
0.03108
0.0194067
0.0241667
0.01043
0.00792667
0.02972
0.04605
0.0164067
0.00594333
0.00861667
0.00502667
0.00504
0.00218333
0.00327333
0
0
0.00613
0.00519667
0.0139667
0.0236567
0.00240667
0.00926333
0.000406667
0.000406667
0.0004
0.0814033
0.0676733
0.00748667
0.00257
0.00246
0.00011
0.00011
0
0
0
0
0.00159667
0
0.00541667
0.00159667
0.00392
0.00382
0.00824333
0.00434667
0.0107833
0.00853667
0.0181233
0.00718667
0.01815
0.01163
0.0104033
0.00693333
0.00918667
0.00535
0.0079
0.00356667
0.0049
0.00391333
0.000746667
0.000546667
0.07653
0.0431533
0.0171033
0.02166
0.00980333
0.00693
0.00084
0.0432267
0.0160133
0.0340667
0.03807
0.0302033
0.0149233
0.00977333
0.00246333
0.04414
0.04413
0.0546067
0.0446733
0.0005
0
0.00352667
0.00408333
0.04437
0.0476667
0.0473633
0.0542933
0.000456667
0.000456667
0.0190933
0.0148433
0.01935
0.00388333
0.0145567
0
0.00243667
0
0
0.000103333
0.000103333
0.00102667
0.000993333
0.00165333
0.000263333
0.00089
0.000456667
0.000263333
0.00777333
0.00085
0.0247433
0.00940667
0.0290733
0.02265
0.03484
0.0218567
0.0642867
0.0549867
0.0581867
0.03581
0.0364067
0.02561
0.0268
0.03808
0.000913333
0.000456667
0.0392433
0.0194633
0.0411433
0.0370233
0.0308267
0.02539
0.0267067
0.0143233
0.01867
0.00462667
0.00392667
0.00230333
0.00147667
0.000826667
0.02595
0.0299067
0.02133
0.0164367
0.000456667
0
0.0910633
0.109473
0.0673533
0.000826667
0
0
0
0
0.00498
0.00249
0.0171467
0.01848
0.0124967
0.0221433
0.00584667
0.0132533
0.01326
0.0218633
0.0259767
0
0
0.08823
0.0626933
0.0146567
0.0138967
0.0292067
0.00556333
0.0208733
0.000323333
0.00415667
0
0.000323333
0
0.0152133
0.02971
0.01665
0.0320067
0.0222567
0.02122
0.0206433
0.00825667
0.000113333
0.000113333
0.0190967
0.02212
0
0.000306667
0.000613333
0.00744333
0.0171333
0.00948667
0.0266167
0.0225633
0.03075
0.0231933
0.0141633
0.02636
0.00631667
0.0159067
0.0161633
0.00782333
0.0259867
0.000113333
0.00286667
0.0265933
0.04052
0.0251533
0.0238633
0.0122033
0.00596667
0.00115
0.00270667
0.0155767
0.0283733
0.03984
0.03991
0.0305867
0.0176767
0.00459333
0.00095
0.00041
0.000253333
0.000126667
0.00271667
0.00205667
0.00464667
0
0.00205667
0.000103333
0.000103333
0.01217
0.00985333
0.01852
0.0222833
0.02809
0.0341533
0.01223
0.0299033
0.00107333
0.00887333
0.00958667
0.01028
0.00327
0.0128567
0.01382
0.01312
0.0340133
0.0391
0.02128
0.0445833
0.0209533
0.0271167
0.01408
0.00302667
0.00368667
0.0412367
0.0621233
0.00244333
0.00103667
0.0500467
0.0308633
0.00235
0.000386667
0.02697
0.0263467
0.000283333
0.000436667
0.000103333
0.00337333
0
0
0
0
0
0
0.000113333
0.00047
0
0
0
0.000166667
0.0271933
0.00973333
0.00794
0.00019
0.00019
0
0
0
0
0
0
0.000133333
0.000133333
0.00279
0.00265667
0.00465333
0.00199667
0.00208667
0.000183333
0.000183333
0.00224
0.00214667
0.00634667
0.0042
0.00644
0.00224
0.00233667
9.66667e-05
0
9.66667e-05
0
0
0
0
0.00631667
0
0.02059
0.0273567
0.0347967
0.04258
0.0326633
0.000166667
0.00546333
0.06317
0.0511467
0.000106667
0.000106667
0.000106667
0
0
0.000116667
0
0.00248667
0.00251
0.00552667
0.00520333
0.01245
0.00741667
0.0223567
0.0126433
0.0135633
0.02766
0.0208367
0.03368
0.0350633
0.0236067
0.01448
0.00342667
0.00171333
0
0.00529667
0.00945667
0.0563433
0.0472367
0.00162
0
0
0
0
0
0
0
0
0
0
0.00566333
0.00225667
0.02812
0.0181367
0.0379767
0.03354
0.0266133
0.00475333
0.00507
0.0503767
0.0488633
0.00929333
0.00759333
0.00110667
0.00540333
0.00348
0.0262233
0.0182267
0.0327467
0.0347667
0.0142133
0.0237767
0.00324
0.01606
0.00357333
0.00802333
0.00107
0.000206667
0.000206667
0.00567333
0.00642667
0.0322067
0.04441
0.0178433
0.00707
0.00422
0.00213667
0.00118667
0
0.00204
0.00519667
0
0.02191
0.00756667
0.02337
0.00127667
0.000206667
0.000413333
0
0.02643
0.0290167
9e-05
0.00244333
0
0
0
0
0
0
0
0.000866667
0.000866667
0.00723
0.00636333
0.00830667
0.00194333
0.00208
0.00445667
0.000136667
0.0163767
0.01645
0.0186133
0.03035
0.00158
0.0152533
0.00116
0.00204667
0.0110467
0.0117933
0.00491333
0.01408
0.00589
0.0002
0.0002
0
0
0.0349067
0.0262433
0.0002
0
0
0
0.0256333
0.02036
0.000333333
0.000826667
0.000433333
0.0001
0.0106667
0.0101133
0.00911
0.0171167
0.0117067
0.00352333
0.00815
0.0101267
0.0481533
0.06043
0.06314
0.0347
0.00394
0.00394
0.0702533
0.0863233
0.104677
0.09377
0
0
0
0
0
0
0.000366667
0.000366667
0.000366667
0.0629433
0.0377
0.0863967
0
0
0.0135433
0.0176733
0.00722
0.00417
0.00166
0.00166
0.000213333
0
0
0
0.000456667
0
0.00265333
0.000913333
0.0252833
0.00912
0.05689
0.0392733
0.0494633
0.0487833
0.0411333
0.0427367
0.03024
0.01709
0.0255633
0.0216233
0.03036
0
0
0.10631
0.0990033
0.07225
0.0517033
0.01326
0.00925667
0.01592
0.0241033
0.0208
0.0211733
0.0243467
0.0215
0.01185
0.0144533
0.0151033
0.00103
0.00165333
0.000203333
0.0314133
0.02742
0.03765
0.03126
0
0.00128667
0.07663
0.0371967
0.000203333
9e-05
0
0.00403333
0.00258
0.00281667
0.00394333
0.00309333
0.00309333
0.00173
0.00551333
0.000796667
0.00234667
0.0161667
0.0129
0.0305667
0.0014
0.00415333
0.01966
0.00631667
0
0
0
0
0
0
0
0.00337333
0.000306667
0.0248633
0.0102033
0.02975
0.037
0.0333633
0.0392867
0.02231
0.0335367
0.0207267
0.02159
0.00788667
0.00562
0.02398
0.04296
0.0746633
0.03581
0.0272467
0.02076
0.0133
0.01356
0.00715667
0.000526667
0.00709
0.00268333
0.000823333
0.0199967
0.01588
0.0221167
0.03116
0.01054
0.0214733
0.00532
0.00657
0.00252
0.00280333
0
0
0
0.01026
0.00670333
0.00978667
0.00270667
0.00421
0.00307
0.00478667
0.0141433
0.0240133
0.03617
0.00711667
0.02493
0.0822433
0.0799
0
0
0
0
0.00012
0.00254
0.00275
0.00861667
0.00629333
0.0101333
0.000476667
0.00452667
0
0.00038
0
0
0
0
0.00397
0.00397
0.00873333
0.00669333
0.00867
0.00775333
0.00446667
0.00707667
0.0129333
0.05616
0.0732767
0.00347667
0.0323067
0
0.000356667
0
0
0
0
0
0
0.000266667
0.000523333
0.00370333
0.00407667
0.00598667
0.0192067
0.0184467
0.0206
0.00924667
0.00931333
0.00476667
0.00278333
0
0
0
0
0
0
0
0.00035
0.000216667
0.00544667
0.00300667
0.01712
0.01778
0.00739
0.0197667
0.0004
0.00570333
0
0.00031
0
0
0
0
0
0
0
0.01454
0.0357
0.0214167
0.0223533
0.0248733
0.00943333
0.00791667
0.0164767
0.0288
0.0346767
0.0239867
0.01373
0.00864333
0.0332267
0.05224
0
0
0
0
0
0.000213333
0.000106667
0.00512
0.00522667
0.000483333
0.00549667
0.0006
0.0136967
0.00171333
0.00285667
0
0
0.00015
0.00240667
0.01488
0.01504
0.01963
0.0449567
0.0342067
0.0687767
0.0605133
0.0608567
0.00577333
0.0187667
0.0209933
0.0192367
0.0289967
0.01412
0.0157333
0.00162
0.00293667
0
0
0
0.0304767
0.02105
0.0204767
0.00531333
0.00778667
0.00147667
0.00147667
0.00368
0.0205233
0.0271133
0.0459833
0.0429833
0.00524667
0
0.00204
0
0
0.00237
0
0.00263667
0.00237
0.000436667
0.000266667
0.00276333
0.00220333
0.00220333
0.0124133
0.0194467
0.0284667
0.0236567
0.00694
0.00471667
9e-05
0.0187033
0.02855
0.0381233
0.0399967
0.0343967
0.00800333
0.02139
0.00387
0.00359667
0.0157233
0.00691333
0.0251233
0.02602
0.00633667
0.0173967
0.00534333
0
0
0
0.0015
0.0160467
0.03255
0
9e-05
0
0
0
0
0
0.000256667
0.00112333
0.00937333
0.0289867
0.01548
0.01025
0.02268
0.00436333
0.00617
0.00674
0.0015
0.0015
0.0368567
0.0448033
0
0.00132
0.0289167
0.0468733
0.00452
0.0033
0.01792
0.0377633
0.06106
0.00705333
0.00694333
0.0247967
0.0344433
0.0353867
0.0391967
0.0155367
0.03511
0.0304833
0.0396333
0.0139367
0.01623
0.0849433
0.0547233
0.04157
0.0369033
0.00623333
0.00657333
0.0748667
0.08432
0.05141
0.03888
0.00034
0.000483333
0.0182033
0.02056
0.01251
0.00565667
0.00368333
0.00273667
0.00732333
0.0048
0.00665
0.00206333
0.00216333
0.0001
0.0002
0.0001
0.0001
0.0001
0
0
0.000456667
0.0230133
0.0375967
0.0273633
0.0317233
0.000143333
0.000286667
0.0708133
0.0962033
0.0739933
0.0427333
0.0405767
0.00322333
0.00471
0.00368333
0.00696
0.0220933
0.0307267
0.0448933
0.0222033
0.0434033
0.01053
0.02666
0.00225667
0.00802333
0.01485
0.00488333
0.0245067
0.0337233
0.02068
0.00143
0.00143
0.03418
0.0234067
0.0254067
0.0308233
0.0369067
0.0328233
0.0148667
0.0249333
0.00314
0.00376333
0.000203333
0.000406667
9e-05
0.0248533
0.03538
0.03593
0.0395633
0.0141
0.0168533
0.01932
0.0306533
0.000443333
0.00469667
0.00579667
0.0164
0.01351
0.01265
0.0120567
0.00253
0.00195667
0.000573333
0.000573333
0
0
0
0.0081
0.00462333
0.00579667
0.00327333
0.00331333
0.00738667
0.00402333
0.0138167
0.03404
0.06333
0.0626967
0
0.00254
0.00560667
0.0184967
0.0309233
0.03047
0.0407467
0.0130233
0.0239833
0.00422333
0.00882667
0.00229333
0.00288667
0.01464
0.0135967
0.0182267
0.0273433
0.0174467
0.02147
0.00759667
0.00826333
0.00406667
0.0493
0.07764
0.00371333
0.00200667
0.000193333
0.00228667
0.00448
0.0072
0.00952
0.0134133
0.0148467
0.02377
0.0201067
0.02946
0.0186433
0.0165033
0.00289667
0.000376667
0
0
0
0
0.000136667
0
0.00454667
0.000256667
0.00907
0.00462
0.00466667
0.00487667
9.66667e-05
0.00495333
0.0001
0.0216333
0.00678333
0.0362133
0.0206267
0.0218833
0.00572
0.00676333
0.00624333
0.00606
0.0367867
0
0
0
0
0
0
0
0.0001
0
0
0
0
0
0
0.000133333
0.00035
0.0007
0.00322333
0.01614
0.0282567
0.0381933
0.0303633
0.0239633
0.01168
0.00676
0.000693333
0.000383333
0
0
0
0
0
0
0
0
0
0
0
0.000163333
0.00043
0.000873333
0.00758667
0.0107667
0.01377
0.00702
0.00368667
0.00024
0.000113333
0.00236333
0.00247
0.0153267
0.0179767
0.0305367
0.0181633
0.00747667
0.0166667
0.02171
0.01189
0.03021
0.03056
0.0127467
0.02229
0.00278333
0.0082
0.0115133
0.0131467
0.0114
0.00289
0.00174667
0.00114333
0.00114333
0
0
0
0.00323333
0.00455
0.00131667
0.00131667
0
0
0
0
0
0
0
0
0.00015
0.00256667
0.00015
0.00715667
0.00241667
0.00474
0.00721333
0.00247333
0
0.00344667
0
0
0
0
0
0
0
0
0
0.00318
0
0.008
0.00318
0.00805333
0.00492333
0.01632
0.0150767
0.02602
0.0465133
0.04854
0.0472267
0.00271667
0.00271
0.00224
0.00617
0.0182033
0.00716333
0.01757
0.01748
0.00320667
0.00641333
0
0.0146233
0.01469
0.00227
0.00729
0.0361733
0.0377633
0.03985
0.0263033
0.0162767
0.04506
0.0333967
0.0307767
0.01598
0.0164567
0.0146333
0.0168033
0.028
0.01422
0.0225533
0.01803
0.00924667
0.00652
0.0199733
0.0388633
0.03754
0.0188133
0.02296
0.00879667
0.00843
0.00251333
0.00447
0
0.0002
0
0
0
0
0
0.000256667
0.000513333
0.000896667
0.02224
0.00889
0.03623
0.0149533
0.0153567
0.04182
0.0328067
0.00322333
0.00737333
0.0537467
0.0631467
0.01887
0.02738
0.0796767
0.0791133
0.0484433
0.0564567
0.06006
0.0413967
0.06503
0.0578533
0.0228267
0.01446
0.0507333
0.0625333
0.00820333
0.00628333
0.0250933
0.0416133
0.00479667
0.000626667
0.0223
0.00842333
0.0710867
0.0561
0.0369733
0.0660767
0.0158633
0.0248733
0.0137067
0.00698
0.0105033
0.0115367
0.0170267
0.0160267
0.0281133
0.0203567
0.0247267
0.0135433
0.00746
0.00905667
0.000566667
0.000666667
0.0001
0.0145333
0.0204333
0.00043
0.00425333
0.00807667
0.00941333
0.04356
0
0.00797
0.00797
0.0182933
0.0107367
0.0140267
0.01181
0.00891333
0.0102033
0.00638333
0.0143
0.00348
0.00475667
0.00862667
0.00411
0.00544667
0.00692667
0.00265
0.00245333
0.00579333
0.00028
0.00362
0.00238333
0.00142333
0.0121367
0.0131833
0.00631
0.0127033
0.0200133
0.0190133
0.0269133
0.0304767
0.0182567
0.01598
0.0152133
0.01608
0.00224333
0.00497667
0.00026
0.000203333
0.000873333
0.000613333
0.0166267
0.00486667
0.0363233
0.02706
0.0261667
0.02291
0.0335433
0.0348
0.0336667
0.02313
0.01102
0.00393667
0.00198
0.000573333
0
0
0
0
0.00254
0.00254
0.01319
0.01543
0.01788
0.00357333
0.000253333
0.00198
0.00175
0.00291667
0.01486
0.0162233
0.02103
0.00939
0.01148
0.00872667
0.0211267
0.0103533
0.0231833
0.01975
0.0278533
0.0165233
0.01514
0.0165067
0.00397667
0.00244
0.0182233
0.00563667
0.02951
0.0175933
0.0296167
0.02301
0.0354733
0.0289433
0.0299333
0.0396533
0.00424333
0.0176
0.00025
0.000626667
0
0
0.000136667
0
0.000273333
0.0256433
0.01279
0.0130167
0.00518333
0.00606
0.00137
0.00413
0.00296
0.00435333
0.00159333
0.00293333
0.0149633
0.0165933
0.0288633
0.0212667
0.02056
0.00815333
0.00358333
0
0
0
0
0
0
0
0.000293333
0.000393333
0.00082
0.00538
0.0132067
0.02763
0.04656
0.05615
0.0489067
0
0
0
0
0
0
0.0292867
0.0214
0.00912333
0.00880333
0.00985667
0.0217933
0.0249467
0.0257933
0.0159833
0.00793333
0.00251667
0
0
0
0
0
0.00018
0.000313333
0.00358
0.00375
0.00736333
0.01723
0.0206267
0.0294733
0.0193067
0.0216267
0.00931
0.00672667
0.00066
0.000383333
0
0
0
0
0
0
0.000163333
0.000606667
0.000163333
0.000443333
0.00389
0.00357333
0.000126667
0.000126667
0
0
0
0
0
0
0
0
0
0
0
0
0.000156667
0.00252
0.0185833
0.00588333
0.0369267
0.0276233
0
0
0
0
0
0
0
0
0
0
0.000133333
0.000133333
0.000133333
0
0
0.00026
0
0.00026
0.00052
0
0.00026
0
0
0
0
0
0
0
0
0.00197
0.00541667
0.01723
0.000886667
0.00371667
0.00678333
0.00950667
0.00795667
0.00156667
0.00477333
0
0
0
0
0
0.0266567
0.03504
0.0356467
0.02652
0.00234
0.00412667
0.00401333
0.00413667
0.00213
0
0.00213
0.000403333
0.000286667
0.01696
0.0102233
0.0129733
0.0288667
0.03413
0.0477667
0.0526667
0.04734
0.0436867
0.0160667
0.0276
0.00275333
0.0366367
0.0619333
0.00597333
0.00422667
0.00227
0.0002
0
0
0
0
0.000213333
0.00047
0.000853333
0.00421
0.00102333
0.0174333
0.0456733
0.0371267
0.0171067
0.0194567
0.01034
0.01096
0.0164367
0.0369267
0.0185533
0.02136
0.0427333
0.0545967
0.0331867
0.0549767
0.0546667
0.0364967
0.0120533
0.0636067
0.0659567
0.00858667
0.00285
0.06259
0.0588367
0.01651
0.0199633
0.0198133
0.0338333
0.0189533
0.05455
0.0637267
0.0279633
0.00901
0.00901
0
0.000126667
0.000473333
0.00399667
0.0199533
0.03195
0.0509033
0.0480667
0.03745
0.0426167
0.01544
0.03754
0.0551367
0.00932333
0.00124333
0.000466667
0.00777667
0.00777667
0.0450867
0.0157467
0.0448667
0.00805333
0.01795
0.0172467
0.04026
0.05949
0.03527
0.01766
0.01064
0.00571667
0.000536667
0.000733333
0
0
0
0.00868
0.00929667
0.00111
0.00222
0.00235
0.00646333
0.00545
0.00861
0.00861667
0.00289667
0.00730333
0.00195667
0.00467333
0.00213
0.00399667
0.00204
0.0391367
0.0294333
0.0227067
0.00994
0
0
0.00026
0.00059
0.00085
0.01454
0.0127033
0.0190867
0.0277267
0.0246467
0.00906333
0
0.00140667
0
0.0103567
0.0363433
0.0220467
0.0406933
0.0311267
0.0257367
0.01773
0.02557
0.03172
0.0390967
0
0
0
0
0
0.00063
0.0003
0.01196
0.00599333
0.03299
0.02476
0.0322867
0.0395167
0.0191267
0.00189
0.00668667
0.00179667
0.00551333
0.000623333
0.000423333
0
0.00136
0.00161333
0.01022
0.00691667
0.00139
0.00425667
0.00960667
0.0219133
0.03087
0.0390967
0.03257
0.02959
0.02034
0.0268967
0.0196
0.0184567
0.00585
0.00397
0.000353333
0.00025
0
0
0.00013
0.000266667
0.000396667
0.00292667
0.00708
0.0191167
0.0272867
0.0354033
0.0158833
0.02682
0.00147
0.00505333
0
0
0.00156667
0
0.00497
0.00156667
0.00410667
0.00369667
0.00125667
0.00113
0.00877333
0.0175233
0.0408867
0.0464067
0.0448367
0.0249067
0.0117533
0.00574333
0
0
0
0
0
0
0
0
0
0
0
0
0
0
0
0
0
0
0.00131333
0.00467667
0.00567667
0.0159233
0.0177767
0.0218367
0.0108233
0.00599667
0.00535
0.00953
0.02255
0.02603
0.02647
0.0155767
0.00575667
0.0107667
0
0.00324
0
0
0.000576667
0.000396667
0.00707333
0.00420333
0.0211433
0.0210233
0.02046
0.0308433
0.00703667
0.0170367
0.00356667
0.00361333
0.000276667
0.0006
0
0
0
0
0
0
0
0
0
0
0
0
0
0
0.00078
0.00078
0.00545667
0.00519667
0.00652667
0.00159
0.00159
0
0
0
0
0
0
0.000156667
0
0
0
0
0
0
0
9.66667e-05
0.01231
0
0.000136667
0.000136667
0.00027
0.000266667
0.00301667
0.00392333
0.00288333
0.00026
0.00143333
0.00052
0.00216333
0.00206667
0.01388
0.0139567
0.0176467
0.000763333
0.00105
0.00529
0.00501
0.0128367
0.01178
0.0158867
0.0184667
0.00934
0.0138767
0.02743
0.02028
0.0187633
0.01343
0.00268333
0.00246333
0.00200667
0
0
0
0
0.01445
0.03301
0.0446767
0.06931
0.0321
0.0471633
0.0540933
0.05044
0.04536
0.0338033
0.0205967
0.00762667
0.0787967
0.0845067
0.000113333
0.000113333
0.000326667
0.000426667
0.00317667
0.00334667
0.00699667
0.00769
0.0188833
0.0590967
0.0549133
0.0218167
0.00668333
0.0201067
0.00472667
0.03842
0.04895
0.0172933
0.0273233
0.0346933
0.04834
0.0775033
0.01936
0.0160667
0.0279567
0.08864
0.07172
0.0117833
0.00545667
0.00867667
0.0671867
0.0593833
0.00122
0.00199
0.00086
0.00199
0.0722267
0.0751233
0
0
0
0
0.06734
0.0795933
0
0
0.000346667
0.00565333
0.0217367
0.0294933
0.0466633
0.04382
0.0437967
0.0719833
0.07501
0.02565
0.0131867
0.00551333
0.00118333
0.000503333
0.00787333
0.0149233
0.0441667
0.0478567
0.09318
0.06475
0.08894
0.0541367
0.06968
0.04808
0.0354533
0.0132
0.00599667
0.000876667
0.000536667
0.0262067
0.05487
0.00013
0.00013
0.00300667
0.00398667
0.0174567
0.01569
0.03619
0.0186933
0.02281
0.01669
0.01689
0.00927
0.00924667
0.0248967
0.0198467
0.00166
0.00051
0.00042
9e-05
9e-05
9e-05
0.00187333
0
0.00658667
0.00187333
0.0127467
0.00504333
0.01013
0.04021
0.0297333
0.0248267
0.0124233
0.0211733
0.01782
0.0295933
0.0151667
0.00961
0.00771667
0.00562
0.01113
0
0.00765667
0
0
0
0
0.000213333
0
0.000426667
0.000213333
0.000543333
0.01194
0.0107467
0.00412
0.00815333
0.00581667
0.0189833
0.0231333
0.0337
0.0363267
0.03918
0.000696667
0.0029
0.00901333
0.0173633
0.02854
0.0317033
0.0289233
0.01687
0.00802333
0.00356667
0.0024
0.00326
0.0076
0.0116867
0.02265
0.01882
0.0205133
0.00819667
0.0110033
0.00485
0.00689
0.00213
0.00223333
0.000103333
0.000103333
0
0
0.00013
0.00013
0.00202667
0.00026
0.00808333
0.00631667
0.0144167
0.0170167
0.01399
0.0147233
0.01046
0.0273067
0.01946
0.01863
0.00977333
0.01004
0.0189
0.0192
0.02423
0.00316
0.00147
0.00147
0.000216667
0.000216667
0.00501333
0.00636333
0.01909
0.0176967
0.0304933
0.0181767
0.0152833
0.00134
0.00179333
0.0216433
0.0114767
0.00681667
0.00359
0.00035
0
0
0.000396667
0.00384333
0.00747
0.01187
0.0225533
0.0332633
0.0414333
0.0338967
0.0198833
0.00724
0.00097
0.000646667
0.000323333
0
0
0
0
0
0
0
0
0
0
0
0
0
0
0
0
0
0
0
0
0
0
0
0
0
0
0
0
0
0
0
0
0
0.00115667
0.00115667
0.00231333
0.00125667
0.00647333
0.00541667
0.00570667
0.000773333
0.00524333
0.0105967
0.02315
0.0237233
0.0318267
0.0308133
0
0
0
0
0
0
0
0
0
0
0
0
0.0129333
0.01943
0.00819
0.0128667
0.0101333
0.02271
0.0193633
0.0179333
0.00350667
0.00509667
0
0
0
0
0
0.00027
0.000366667
0.000936667
0.00566333
0.01767
0.00549667
0.000273333
0.000623333
0.00062
0.00600333
0.00840333
0.0215733
0.0172267
0.0259767
0.00519
0.00739333
0.00444333
0.00813333
0.01029
0.0163467
0.00201
0.00772667
0.01072
0.0265567
0.0289533
0.0425033
0.0304933
0.03554
0.03006
0.03083
0.0168067
0.03257
0.03071
0.0414967
0.000546667
9e-05
0
0
0
0.00124667
0.0427767
0.06814
0.0830067
0.0946367
0.0353
0.0298667
0.0380767
0.02337
0.0241767
0.0110767
0.00773333
0.000873333
0.08665
0.0905333
0.0148967
0.0185467
0.0288733
0.0285167
0.02987
0.0842067
0.09486
0.00866667
0.00309333
0.00682
0.0149133
0.0760967
0.0838567
0.0328733
0.03173
0.02312
0.0858733
0.105403
0.0262933
0.0341733
0.0324367
0.0814867
0.0980833
0.01459
0.01986
0.01408
0.06023
0.0612733
0.00212333
0.000133333
0.09992
0.0782667
0
0
0
0
0.13952
0.15695
0
0.000236667
0.00554333
0.00897
0.0168367
0.0147233
0.0245367
0.108877
0.161133
0.0177833
0.01892
0.00577667
0.00483333
0.00256667
0.0006
0.00952
0.113717
0.130627
0.01541
0.02091
0.03267
0.0277033
0.02757
0.00982333
0.00808
0.00034
0.00034
0.0829433
0.108623
0.1144
0.132283
0.00013
0.00026
0.00346667
0.00621333
0.0151833
0.0254467
0.04753
0.0570367
0.00536667
0.00845667
0.01256
0.0369167
0.0492767
0.07866
0.05325
0.02944
0.0114067
0.00214333
0.000993333
0.00042
0.00025
0
0.00212333
0.0234233
0.0156433
0.00955
0.00544667
0.00496667
0.00521667
0.00592667
0.0220467
0.0229567
0.04602
0.0373533
0.0380067
0.0111833
0.00367
0.00581667
0
0.0147933
0.00874333
0.00873
0.0195167
0.0321067
0.0447333
0.0421767
0.0460933
0.04047
0.03519
0
0
0
0.00139667
0.00139667
0.00601667
0.00483333
0.00848333
0.00407667
0.00443
0.000933333
0.00412667
0.00597667
0.02
0.0252733
0.0322867
0.02754
0.0410967
0.0332067
0.02522
0.00442667
0.00288667
0.00433
0.00446
0.00590333
0.00195333
0.00641333
0.000286667
0.00204333
0.000393333
0.000286667
0.000196667
0.000196667
0
0
0
0.00170667
0.00619667
0.00193
0.00632667
0.01929
0.0315967
0.0394267
0.03176
0.0235167
0
0
0
0
0.00189667
0.00372333
0.00562
0.00900333
0.00886667
0.0109633
0.00568333
0.00425
0.000256667
0.000473333
0.000433333
0.00410333
0.00868333
0.0228967
0.0319533
0.0397867
0.03972
0.0316733
0.0195533
0.00539
0.00157333
0.00106333
0.00554667
0.00486667
0.00944333
0.0188533
0.01757
0.0193467
0.00624667
0.00388333
0.000656667
0.00035
0
0
0
0.00344667
0.00501333
0.00981
0.0110867
0.0238567
0.02263
0.0245
0.0105767
0.00733
0.000736667
0.000323333
0
0
0
0
0
0
0
0
0
0
0
0
0
0
0
0
0
0
0
0
0
0
0
0
0
0
0
0
0
0
0
0
0
0
0
0
0
0
0.00026
0.00026
0.00026
0.0001
0.0001
0.0002
0.0001
0.000383333
0.000566667
0.0100233
0.00631
0.0137367
0
0
0
0
0
0
0
0
0
0
0.0259567
0.0281
0.02625
0.0314167
0.03061
0.02918
0.01985
0.00722
0.00371333
0.000206667
0.00027
0
0.00054
0.00735667
0.00765667
0.0202333
0.0184133
0.02272
0.00564667
0.00047
0.00067
0.00358
0.00891667
0.02187
0.0321267
0.0381067
0.0363033
0.0297867
0.01416
0.0121733
0.0134867
0.02792
0.0292933
0.0506233
0.01372
0.0266967
0.03654
0.0478667
0.0514333
0.04275
0.0388667
0.0234933
0.0209367
0.00792667
0.0805833
0.05344
0.0705
0.0746633
0.0564167
0.00248333
0.00239333
0
0
0.00124667
0.00800333
0.0645633
0.08716
0.102367
0.0116533
0.0102367
0.00673
0.00676333
0.00535333
0.00280667
0.00487333
0.112273
0.104707
0.118097
0.0316967
0.02976
0.0214533
0.0262333
0.00867
0.112597
0.10002
0.0115633
0.0195567
0.0234767
0.0900433
0.07079
0.0304633
0.0207533
0.06444
0.0841333
0.03848
0.0262767
0.0701867
0.0483767
0.0144533
0.00272667
0.0466067
0.0460533
0.000363333
0.00023
0.0534467
0.0840633
0
0
0
0
0.192093
0.14086
0.000236667
0.000236667
0.00366333
0.00679333
0.0036
0.00336667
0.22597
0.2395
0.00454333
0.00150667
0.00160333
0.00353
0.00574667
0.165707
0.16312
0.208793
0.01899
0.0217
0.0265333
0.0210667
0.0155667
0.0104433
0.00277333
0.00228667
0.000203333
0
0.126673
0.107783
0.146773
0.146607
0
0.00013
0.00046
0.00366667
0.00428333
0.0130533
0.02847
0.0526833
0.00991667
0.0256633
0.04856
0.06771
0.08545
0.0573233
0.0483833
0.0265933
0.0134267
0.00389667
0.000726667
0.000153333
0.00025
0.01713
0.0259733
0.01689
0.0113
0.01306
0.00745667
0.00906667
0.00414333
0.00794667
0.02452
0.0369967
0.0501667
0.05828
0.05485
0.0432433
0.0183033
0.0219767
0.00536333
0.00526333
0.0047
0.0189667
0.02645
0.0396267
0.0406567
0.04968
0.04512
0.0362533
0.00169333
0
0
0.00022
0.00022
0.00388333
0.00506
0.01785
0.0188067
0.0240533
0.0149133
0.01391
0.00783333
0.00686667
0.00665667
0.0202233
0.0317167
0.0505467
0.0458433
0.06304
0.0539033
0.0220833
0.0422467
0.00351667
0.0006
0.000193333
0.00407
0.0183633
0.0225433
0.0313
0.0183667
0.01825
0.00604667
0.00218
0.000106667
0
0.00167
0.00167
0.00501667
0.00354333
0.00709333
0.00394333
0.00374667
0.000196667
0
0
0
0
0
0
0.000306667
0.000306667
0.00572333
0.00724333
0.0204733
0.0203367
0.02552
0.0162833
0.0147567
0.00800333
0.00420333
0.000666667
0.00041
0.00388667
0.00412
0.01855
0.0185933
0.0307733
0.01782
0.0187867
0.00615667
0.00488
0.0002
0.0002
0
0.000183333
0.000183333
0.000376667
0.00562667
0.00689667
0.00561333
0.00687667
0.00573333
0.00332667
0.000613333
0.000306667
0
0
0
0
0
0.00156667
0.00156667
0.00629
0.00493
0.0085
0.00398333
0.00419
0.00062
0.000413333
0
0
0
0
0
0
0
0
0
0
0
0
0
0
0.000103333
0.000103333
0.000103333
0
0
0
0
0
0
0
0
0
0
0
0
0
0
0
0
0
0
0
0
0
0.000296667
0.000556667
0.00457333
0.00427667
0.00564
0.00162333
0.00162333
0
0
0.000463333
0.000283333
0.00446
0
0
0
0
0
0
0
0
0
0.00019
0.0219133
0.0279633
0.01792
0.0199433
0.00790667
0.00451333
0.00100667
0.000206667
0
0.00403
0.00046
0.0106567
0.01492
0.0241967
0.03182
0.0321633
0.0259033
0.000333333
0.00323
0.00484
0.0181433
0.01994
0.0296467
0.0228033
0.0229067
0.02258
0.01289
0.01854
0.0184467
0.0286867
0.04457
0.0651333
0.07943
0.0230167
0.0333033
0.02873
0.03461
0.01812
0.0108867
0.00297
0.00256667
0.00241667
0.00015
0.100653
0.0920633
0.0933367
0.07509
0.05822
0.0502667
0.00248667
9.33333e-05
0
0.00856333
0.00180667
0.0106
0.0854033
0.07106
0.10566
0.00763
0.0199267
0.0176167
0.0200967
0.0099
0.00760333
0.11409
0.111163
0.119017
0.02404
0.0205133
0.01257
0.00550667
0.00704667
0.0811533
0.100613
0.06208
0.0233933
0.0258933
0.0529433
0.0437667
0.0203967
0.02029
0.0173233
0.03898
0.0418067
0.00594667
0.0179033
0.00547333
0.03969
0.0396033
0.00246
0.00269
0.000976667
0.0318433
0.03408
0.000326667
0.000976667
0.00088
0.02434
0.04539
0.00143
0.00143
0.13147
0.0666167
0
0
0.000173333
0.000173333
0.000173333
0.21647
0.199967
0.159673
0.000156667
0.000313333
0.00689667
0.00377667
0.0210233
0.17308
0.140137
0.172693
0.20582
0.0309
0.0403333
0.0332567
0.02333
0.0111067
0.00410333
0.000893333
0.000406667
0.000203333
0.0839
0.04549
0.08636
0.130343
0
0
0
0.00033
0.00033
0.00107667
0.0201433
0.00152
0.0229967
0.0205433
0.0266333
0.0273633
0.0516333
0.0359633
0.0187067
0.0182767
0.00453667
0.00332333
0.000153333
0.000153333
0.0292367
0.0273433
0.0413133
0.03781
0.05692
0.03776
0.0539933
0.0309033
0
0.00389333
0.00433333
0.0211567
0.0207
0.0372333
0.02492
0.0344233
0.01842
0.0156033
0.00412333
0.000216667
0.00437667
0.0124367
0.01208
0.0271233
0.0239733
0.0329467
0.00266333
0.00169333
0
0
0.0014
0.00162
0.00667667
0.00894
0.0235567
0.03129
0.04033
0.0321367
0.0227467
0.01366
0.0074
0.00668333
0.01464
0.02839
0.0550167
0.0479433
0.06201
0
0
0.000223333
0.00388667
0.00411
0.00847333
0.00481
0.00594667
0.00136
0.00157667
0.0527467
0.0341367
0.0232367
0.00467
0.00218
0.000326667
0.000326667
0.00367
0.00512
0.01789
0.0177867
0.0304433
0.0212233
0.0183
0.00397333
0.000423333
0
0
0
0
0
0
0.000306667
0.00492667
0.0103433
0.01868
0.02729
0.0352733
0.03364
0.02586
0.0162133
0.00939667
0.00414
0.000386667
0.000193333
0.00195
0.0024
0.00605
0.00781333
0.00803333
0.00586
0.00239667
0.00172667
0.00193
0.00168
0.00375333
0.00207333
0.00207333
0
0.00769667
0.0202233
0.01687
0.0204367
0.00803667
0.00874667
0.00373
0.00342333
0
0
0
0
0
0
0
0
0.000206667
0.000206667
0.000413333
0.000206667
0.000206667
0
0
0
0
0
0
0.0003
0.0003
0.0003
0
0
0
0
0
0.0018
0.00190333
0.00527667
0.00347667
0.00505
0.00167667
0.00167667
0
0.000273333
0.000273333
0.00614
0.00586667
0.00586667
0
0
0
0
0
0
0
0
0
0
0
0.000296667
0.000593333
0.00461
0.00833
0.0210667
0.0186733
0.01971
0.00667667
0.00528333
0.00023
0.000383333
0.000333333
0.0064
0
0
0
0
0
0
0
0
0.00019
0.00751667
0.00925667
0.00762333
0.00413
0.000906667
0.000106667
0
0
0.00038
0.00395
0.00829333
0.0126367
0.0161033
0.02601
0.0281867
0.0277367
0.0139
0.00179333
0.00663667
0.00839667
0.0148567
0.0103867
0.0114533
0.00520667
0.00631667
0.00413
0.0135167
0.01216
0.03578
0.03944
0.0625267
0.0706733
0.0119167
0.0104333
0.000783333
0.000553333
0
0
0
0
0.08708
0.0961667
0.07332
0.0549567
0.0487733
9.33333e-05
0
0.00180667
0.00384333
0.00180667
0.00226667
0.0631167
0.0789533
0.0961967
0.100617
0.10539
0.0304067
0.0100767
0.0226833
0.00496
0.0955133
0.107507
0.07281
0.0256133
0.0204267
0.03193
0.02453
0.0256133
0.03253
0.0731967
0.04514
0.04752
0.0306267
0.0406867
0.04504
0.03601
0.0272433
0.03522
0.0436733
0.03456
0.03854
0.0395567
0.00727333
0.0275767
0.04128
0.0601933
0.06245
0.00626333
0.0197933
0.03894
0.0633767
0.07181
0.01584
0.00231
0.0183767
0.0308133
0.01845
0.0486967
0.00484667
0.00550667
0.0464967
0.0595067
0.01938
0.00209
0
0.00209
9.66667e-05
0.138437
0.111327
0.103097
0.10783
0.000253333
0.00321333
0.00658
0.0213333
0.01001
0.0218333
0.109393
0.05808
0.109373
0.13973
0.0309567
0.0183467
0.0177967
0.00508667
0.00361667
0.000203333
0.000203333
0
0.0287067
0.02991
0.0255967
0.04484
0
0
0
0
0
0
0.000773333
0.00112667
0.00472667
0.0479333
0.0260367
0.00545667
0.01484
0.0224233
0.00395333
0.00496667
0.00136667
0.00136667
0
0
0
0.01891
0.01087
0.0388167
0.0593267
0.0724833
0.07358
0.07162
0
0
0.00044
0.00072
0.00415667
0.00380667
0.00803667
0.0046
0.00548
0
0
0.00164
0.00211
0.00393667
0.00584667
0.00724667
0.01033
0.00097
0.00097
0.0002
0.0002
0.00360333
0.00480333
0.0173533
0.0190067
0.02793
0.0302167
0.03013
0.03251
0.0189833
0.0174133
0.00471
0.00378333
0.00125667
0.01283
0.0283933
0.0487267
9.33333e-05
0.0119
9.33333e-05
0.000223333
0.000223333
0.000446667
0.000223333
0.000223333
0
0
0.0522633
0.04929
0.0323067
0.0197933
0.00714
0.00291667
0.00032
0.00022
0.000623333
0.00407333
0.0102167
0.0225833
0.0322067
0.04017
0.0308467
0.0181967
0.00408667
0.00064
0.000216667
0
0.000106667
0.000106667
0.000213333
0.000106667
0.000106667
0.00462
0.00726
0.0159033
0.01968
0.03044
0.0301933
0.0272467
0.01404
0.00583667
0.000876667
0.000683333
0.00374
0.0052
0.0181233
0.0185233
0.0304133
0.01816
0.0177033
0.00411333
0.00789
0.00637667
0.01783
0.0154567
0.0255833
0.01388
0.0236867
0.03142
0.0315233
0.02224
0.0118633
0.00706333
0.00364
0.000216667
0
0
0
0
0
0
0
0
0
0
0
0
0
0
0
0.00011
0.00011
0.00041
0.0006
0.00578667
0.00548667
0.00725
0.00206333
0.00206333
0
0.00319333
0.00499333
0.0162133
0.0163933
0.0258133
0.01627
0.01625
0.00503
0.0126867
0.00960667
0.0258967
0.02243
0.0243733
0.00808333
0.00231333
9.66667e-05
0.00031
0.000213333
0.000213333
0
0
0
0
0.00029
0.000586667
0.00466
0.00838667
0.0147067
0.0236667
0.03435
0.0327867
0.0234167
0.00894667
0.00412333
0.000613333
0.00334667
0.00918333
0.0139433
0
0
0
0
0
0
0
0
0.01808
0.0279633
0.0156467
0.0242033
0.0118867
0.01178
0
0
0.00022
0.00041
0.00375667
0.00807
0.01229
0.01598
0.0240667
0.0263667
0.0199333
0.00791667
0.00355333
0.00392667
0.000586667
0.0008
0.00266667
0.00488667
0.0170967
0.00120667
0.00854667
0.01044
0.01907
0.02572
0.0542367
0.0703367
0
0
0
0
0
0
0
0.0588733
0.0776867
0.0499033
0.0438033
0.00154667
0.00490667
0.00204
0.00517
0.00023
0.00204
0
0.08161
0.0632
0.09877
0.0881133
0.0903133
0.0682267
0.0195933
0.00498333
0.00701
0
0.000116667
0.00154667
0.0403533
0.07131
0.0431033
0.0205633
0.0255933
0.0228167
0.0147967
0.0176033
0.0184533
0.0222133
0.0244867
0.0339567
0.0281833
0.0669367
0.0431467
0.0587267
0.0316233
0.01893
0.0203567
0.0710367
0.07092
0.0336667
0.0638833
0.0581167
0.0448233
0.0608033
0.09417
0.0868467
0.129057
0.03805
0.0442333
0.10505
0.08944
0.127207
0.0285133
0.01717
0.05186
0.0804467
0.00769333
0.00438
0.03096
0.0270967
0.0285267
0.04304
0.00219333
0.00270667
0.00271333
0.00818667
0.0639133
0.0396267
0.04424
0.0563133
0.0325
0.00853667
0.02367
0.0217767
0.00851667
0.0197833
0.00527333
0.03421
0.01326
0.0328333
0.0566833
0.00598
0.00201667
0.00167333
0
0
0
0
0
0
0
0.0318333
0.0362933
0.02292
0.0178867
0
0
0
0.000443333
9e-05
0.00018
0.000443333
9e-05
0.0450567
0.0321667
0.00922333
0.00441
0.0267867
0
0
0
0
0
0
0.0173567
0.00891
0.0123967
0.0245633
0.0440233
0.063
0
0
0.00028
0.00028
0.00037
9e-05
9e-05
0.00351
0.00499333
0.00702
0.00515
0.0176867
0.0160033
0.0162333
0
0
0.0002
0.0004
0.00082
0.00402333
0.0104567
0.0225867
0.0320133
0.0357033
0.0282667
0.0204067
0.0103
0.00649667
0.00152667
0.00131
0.000683333
0.00155667
0.0221067
0.00684333
0.0283733
0.0252167
0.00917
0.0170133
0.00415333
0.00123667
0.0101367
0.0228533
0.0351567
0.0283
0.0249867
0.0348133
0.0137767
0.00206333
0.000186667
9.33333e-05
0.00168333
0.00168333
0.00336667
0.00168333
0.00316667
0.00148333
0.0381967
0.02504
0.0221233
0.00715
0.00468
0.000456667
0.00032
0.00018
0.000583333
0.00285333
0.00903667
0.0161267
0.02693
0.02261
0.0185633
0.00572667
0.0039
0.00249
0.00225333
0.00481
0.00288
0.00313667
0.00047
0.000513333
0.000256667
0.0053
0.00779
0.0161867
0.0194333
0.02519
0.0102767
0.02759
0.0339767
0.04778
0.0438167
0.03715
0.02329
0.0138967
0
0
0
0
0
0
0
0
0
0
0.0002
0.00031
0.00346667
0.00356667
0.0111867
0.0132167
0.0457833
0.0379167
0.03603
0.02202
0.04303
0.0499867
0.07385
0.0517033
0.0395933
0.00649333
0.00449
0.000523333
0.000426667
0.000213333
0.00216
0.00216
0.00432
0.00029
0.00436333
0.00724667
0.0138633
0.0238933
0.03542
0.0324067
0.0219667
0.00766667
0.00429333
0.00063
0.00319333
0.00296333
0.00787667
0.00296333
0.0312567
0.0174567
0.02003
0.02915
0.00380333
0.00639333
0.000216667
0.00038
0
0
0
0.02532
0.0309867
0.00758333
0.0256533
0.00761
0.00993667
0.0323133
0.02551
0.0524633
0.00432
0.00216
0.00216
0.00216
0
0
0
0.000456667
0.03652
0.0358767
0.0259267
0.0141467
9.33333e-05
0.00246
9.33333e-05
0.00747333
0.000676667
0.0103633
0.02546
0.0230733
0.03479
0.0320933
0.00032
0.00256
0.00472667
0.0271567
0.0171133
0.0366967
0.0405133
0.01559
0.0278167
0.00297
0.00261333
0.00274333
0.00424333
0.01859
0.0297267
0.0529567
0.00159333
0.00318667
0
0.00159333
0.000106667
0.0527167
0.0512833
0.0345767
0.0360667
0.0256733
0.00987667
0.00651667
0.00488333
0
0.000176667
0.00177
0.00177
0.00336333
0.0433367
0.05182
0.06247
0.0360667
0.0396233
0.0209133
0.00214333
0.000116667
0.000303333
0.00474667
0.00350333
0.0173
0.01714
0.02046
0.00814333
0.01856
0.00739667
0.00604
0.00775667
0.00505333
0.00322667
0.00217667
0.02131
0.0154467
0.0337867
0.0404333
0.03722
0.0225733
0.02398
0.01091
0.0149633
0.0225067
0.0406633
0.0638867
0.02533
0.102067
0.0563467
0.04324
0.0252433
0.14272
0.188563
0.04655
0.03078
0.0191733
0.123423
0.171117
0.0179933
0.00662333
0.07056
0.0848267
0.00248667
0.00823667
0.00291
0.02301
0.0298833
0.0369
0.0486267
0.04756
0.02306
0.0457733
0.03568
0.0386467
0.0172267
0.0259367
0.0286633
0.03691
0.0286733
0.02992
0.02404
0.00171
0.00921
0.0004
0.000743333
0
0.00672667
0.00398667
0.00563333
0.01079
0.01224
0
0
0
0
0
0.000183333
0.000183333
0.00200667
0.000183333
0.00374
0.0259467
0.0326367
0.0281767
0.0215133
0.0155533
0.00200667
0.00241
0.000583333
0.0004
0.000803333
0.00031
0.0410167
0.0365567
0.0254267
0.0112133
0.00735
0.00535333
0.00706
0.0200533
0
0
0
0.00168
0.00168
0.00336
0.0449033
0.0326667
0.0279767
0.02213
0.01964
0.0318067
0.00168
0.00217333
0.000493333
0
0.000493333
0
0.0195967
0.0119933
0.0144267
0.0226133
0.0222067
0.0312333
0
0
0.0002
0.000296667
0.000716667
0.00619333
0.01273
0.0202267
0.02738
0.025
0.0221967
0.00936667
0.00533
0.000216667
0.000216667
0
0.000683333
0.000933333
0.00622
0.0126767
0.00578667
0.00304
0.01018
0.000136667
0.00292667
0.000213333
0.000136667
0.00383667
0.000393333
0.01898
0.00589333
0.03458
0.02303
0.0196833
0.0233567
0.00789667
0.0061
0.0191667
0.00611333
0.0221933
0.0181
0.0102333
0.00916
0.00743
0.00425333
0.03879
0.00873333
0.0775067
0.0437533
0.0557233
0.0553033
0.0169533
0.01678
0.01164
0.01534
0.0237167
0.02092
0.0287633
0.0175433
0.0151133
0.00381
0.00197
0.00185333
0.00185333
0.00520333
0.00512667
0.01624
0.01448
0.01428
0.0236933
0.0408067
0.0471467
0.0631767
0.0574233
0.0434767
0.0271667
0.0154233
0.03219
0.0536733
0.07427
0.09626
0.0861967
0.06583
0.0387433
0.02378
0.02363
0.02537
0.02247
0.04233
0.0638133
0.0835467
0.0953967
0.0824933
0.06299
0.0276033
0.01548
0.00226333
0.0123033
0.0185333
0.0620267
0.03718
0.05806
0.0382
0.0907567
0.0819233
0.05046
0.0794767
0.00522
0.01809
0.00069
0.00151667
0.00935
0.00766667
0.0187433
0.0137133
0.01756
0.01799
0.00405667
0.00417333
0.00057
0.0004
0
0
0
0
0
0.0125433
0.0125433
0.01535
0.00280667
0.00297
0.000163333
0.000163333
0
0
0
0
0
0.000103333
0.000103333
0.0023
0.00240333
0.00432
0.00662
9.66667e-05
0.00441667
0.00029
0.000186667
0.00858333
0.00551667
0.0289167
0.0264133
0.0521833
0.0522233
0.0611333
0.04023
0.0319967
0.0197733
0.03409
0.0421533
0.0719167
0.0754233
0.0917033
0.0147367
0.0137133
0.00534333
0.00318333
0
0.000236667
0.000693333
0.00579333
0.00544
9.33333e-05
0.00210667
0.00317333
0
0.00345667
0.00495
0.01151
0.0255667
0.0366267
0.0150167
0.03568
0.0240433
0.0167133
0.0257533
0.00826667
0.0463
0.0455467
0.0469533
0.04306
0.0320433
0.0192433
0.00641333
0.00261333
0.000246667
0.00174667
0.00726
0.00566667
0.00418
0.000213333
0.000213333
0.00248667
0.000213333
0.00252333
0.00275333
0.0163867
0.00400667
0.02924
0.0219467
0.0287167
0.01617
0.0116367
0.000473333
0.00206667
0.0067
0.01453
0.01757
0.0168333
0.00873667
0.01429
0.0262967
0.02894
0.02381
0.0122267
0.00610667
0.0292833
0.0307
0.0396833
0.0105367
0.02396
0.00612667
0.00214667
0.00437667
0.00455667
0.00405667
0.0114033
0.00015
0.000666667
0.000363333
0.0103467
0.00751
0.0237333
0.01875
0.0248433
0.03405
0.0362967
0.0280333
0.01403
0.00675667
0.0065
0.00392667
0.00062
0.00365667
0.0158833
0.04091
0.0132733
0.00991667
0.00751333
0.01221
0.195697
0.0914833
0.0120733
0.01061
0.01714
0.252123
0.437437
0.01321
0.00995667
0.0256433
0.19538
0.39814
0.00678667
0.02358
0.00797667
0.0310733
0.113337
0.176197
0.0302433
0.0402933
0.0267033
0.0261367
0.0352667
0.0867767
0.0460233
0.0270167
0.0346533
0.00809667
0.0118433
0.00833
0.0375733
0.03455
0.0466333
0.0432433
0.0362367
0.03115
0.0209167
0.00423333
0.000216667
0.00405
0.000216667
0.000216667
0
0
0
0.00275
0.00723333
0.00418
0.00432333
0.0151667
0.0179267
0.000183333
0.00421
0.00603333
0.0163767
0.0184867
0.0177233
0.0149567
0.00690667
0.0255
0.01791
0.02928
0.01443
0.00253333
0.00031
0.00213
0.00244667
0
0.00657
0.0164867
0.0154233
0.0211767
0.0279933
0.02322
0.0251133
0.0109767
0.00477
0.00114667
0.00559333
0.00580333
0.0154333
0.0178767
0.0174367
0.0142467
0.00555333
0.0516533
0.05589
0.0473467
0.03167
0.000683333
0.00019
0.00038
0.00019
0.00019
0.00282667
9.66667e-05
0.03253
0.03301
0.0288967
0.0269433
0.02386
0.0320467
0.00850333
0.02106
0.0262467
0.0261967
0.0177967
0.0101867
0.00456
0.000486667
0.00018
0.00018
0
0.00206667
0.00231667
0.00708
0.00526333
0.00796333
0.0032
0.00320667
0.000256667
0.000256667
0.000213333
0.000566667
0.00401
0.0174967
0.03041
0.04014
0.04026
0.0322167
0.0228633
0.0129633
0.01158
0.0217167
0.0310867
0.0402033
0.0323767
0.02292
0.01381
0.0109633
0.0105633
0.02407
0.0509933
0.0817567
0.103307
0.11415
0.0844967
0.08793
0.04914
0.01215
0.0131533
0.00724333
0.00707
0.00352
0.01004
0.0117233
0.0210767
0.0486667
0.0432667
0.02466
0.0725967
0.05857
0.05574
0.0708633
0.0177467
0.0341067
0.0158233
0.0153733
0.0112533
0.0139233
0.0128567
0.02543
0.04429
0.0649833
0.0779867
0.07849
0.0579767
0.04642
0.0278233
0.0244467
0.0308367
0.0489367
0.0642233
0.07654
0.251163
0.116813
0.201027
0.0777033
0.09704
0.0620267
0.0755233
0.1908
0.06552
0.16455
0.06792
0.03552
0.0292767
0.0219567
0.0291667
0.0341833
0.0516333
0.0825567
0.0494033
0.0324667
0.0622133
0.00458333
0.00458333
0.00688667
0.00230333
0.00240667
0.000103333
0.00032
0.00032
0.00262
0.00470333
0.00892
0.01094
0.02191
0.0176867
0.0170733
0.00389333
0.00924667
0.0107667
0.02501
0.03759
0.0475733
0.0596633
0.04837
0.0498
0.02593
0.02903
0.03135
0.0486333
0.07566
0.09088
0.103007
0.100323
0.10157
0.04127
0.0460233
0.01733
0.0143833
0.00213667
0.000123333
0.000123333
0.000283333
0
0.000453333
0.000283333
0.00017
0.00017
0.00143667
0.00143667
0.00335333
0.00479
0.00201333
0.00536667
0
0.00201333
0.00265333
0.00265333
0.00723667
0.01591
0.00602
0.00854667
0.0215333
0.0127033
0.0151267
0.00819667
0.0182167
0.01936
0.0178533
0.0281567
0.0146433
0.0239233
0.03763
0.03214
0.04066
0.0295933
0.0246167
0.000213333
0.000106667
0
0.000143333
0
0.00129667
0.0221433
0.0155667
0.02826
0.000123333
0.0116433
0.00137667
0.00137667
0.00250667
0.00146333
0.00780333
0.00687
0.00846667
0.02899
0.0269167
0.0360333
0.00655
0.01812
0.00247667
0.00479667
0.0096
0.0226767
0.03382
0.0528867
0.0402333
0.04221
0.0196667
0.0225167
0.00623
0.00919667
0.00816
0.00380667
0.0210533
0.0207233
0.00493333
0.00328667
0
0.00124667
0.00859333
0.0230333
0.03497
0.0332667
0.0341033
0.02284
0.0414167
0.0319367
0.03657
0.0670233
0.0527467
0.04757
0.00928667
0.00973667
0.00682333
0.00630667
0.00368
0.0209267
0.01671
0.035
0.0452167
0.0322333
0.166833
0.02869
0.0273967
0.0235733
0.0132733
0.26742
0.478713
0.04232
0.06254
0.0515767
0.0434767
0.0496867
0.0616133
0.0580167
0.0458167
0.436723
0.0414667
0.0363233
0.03557
0.0257667
0.262673
0.257657
0.0352267
0.01877
0.0289833
0.0314233
0.0129633
0.0300267
0.0226967
0.01415
0.08967
0.14462
0.0118
0.00440667
0.00792
0.000653333
0.000536667
0.000333333
0.0445867
0.0491
0.05898
0.0557033
0.04952
0.0371467
0.0272533
0.0130533
0.0118033
0
0.000436667
0.000436667
0.0107567
0.00446333
0.02431
0.0178167
0.00816
0.00837
0.0198667
0.0178933
0.0272767
0.0306533
0.0383733
0.0290667
0.00801333
0.01794
0.00713333
0.00333
0.0112467
0.00074
0.00381
0.00089
0.0163833
0.02837
0.0361367
0.0324433
0.0242567
0.00807
0.0225667
0.0240667
0.0424467
0.0321933
0.03132
0.0162533
0.0116067
0.0147067
0.0187567
0.0111067
0.00953667
0.00908
0.0072
0.00720333
0.0218133
0.00525
0.00993
0.00038
0.00057
0.00019
0.0170333
0.02963
0.0236867
0.04941
0.04311
0.03681
0.00019
0
0.00273
0.01516
0.03808
0.0278133
0.0218467
0.0312767
0.00371
0.00915667
0.000473333
0.000666667
0.00336667
0.000293333
0.0187
0.00532
0.0347567
0.02021
0.02876
0.0243267
0.00985
0.0124033
0.0280133
0.03639
0.03616
0.0281867
0.000653333
0.00054
0.000496667
0.00315667
0.0167133
0.0208767
0.03139
0.0196867
0.0203933
0.00722
0.00914333
0.00689667
0.0208533
0.01991
0.02989
0.0183733
0.01923
0.00640667
0.00725
0.00673333
0.0239533
0.02861
0.05949
0.05201
0.08512
0.0863933
0.11199
0.02823
0.0407167
0.02884
0.01359
0.0148
0.08926
0.0612933
0.0263467
0.0320167
0.142937
0.05995
0.0312633
0.0336033
0.03125
0.0185267
0.364817
0.228623
0.0699533
0.16852
0.0466733
0.06797
0.05101
0.0583633
0.0467467
0.475563
0.243083
0.06616
0.164003
0.0739267
0.0613767
0.0686267
0.346153
0.438443
0.226733
0.31752
0.124133
0.169613
0.0584733
0.0877467
0.0494733
0.0483867
0.369703
0.0559667
0.04547
0.04909
0.0550333
0.0397233
0.0360833
0.04633
0.0471433
0.0596867
0.0614333
0.0786067
0.06016
0.08715
0.0874633
0.0701967
0.09659
0.0764067
0
0
0.000153333
0.000153333
0.00459333
0.00587667
0.0182667
0.01718
0.02865
0.0182733
0.01837
0.00546333
0.00403
0.00323333
0.0208233
0.01682
0.0201633
0.0314467
0.00584333
0.0190167
0.000536667
0.00375667
0.00283667
0.000753333
0.0121667
0.00816667
0.0308167
0.0230933
0.0205867
0.0301067
0.00969667
0.00785667
0.0332767
0.0194833
0.0447533
0.0430367
0.0253467
0.03382
0.00938
0.0102267
0.0235533
0.00468333
0.0578633
0.02304
0.0736767
0.0437533
0.0568867
0.0598733
0.0278333
0.0164767
0.00708
0.03642
0.01638
0.0278533
0.000246667
0.00399667
0.000123333
0.00572333
0.00958
0.00714
0.0159933
0.0128133
0.0178933
0
0.00115333
0
0.00598333
0.00150667
0.0217167
0.00975333
0.0288367
0.0215633
0.03079
0.0388433
0.03767
0.0287367
0.0154033
0.00560667
0.00184667
0.00237
0
0
0
0.00181667
0.000303333
0.000186667
0.00073
0.000503333
0.00319
0.00631
0.0209933
0.03597
0.05672
0.0190133
0.0272433
0.01816
0.0154033
0.01541
0.00372667
0.0593467
0.05275
0.05447
0.0318467
0.01995
0.00718
0.00462
0.00197333
0.00965667
0.02337
0.00969667
0.000933333
0.004
0.00351
0.000476667
0.00582333
0.03322
0.0423633
0.0614433
0.09095
0.0924533
0.06335
0.02966
0.01433
0.0280267
0.04302
0.02523
0.0352767
0.00663
0.0105633
0.00085
0.0801167
0.0364167
0.18662
0.0144367
0.0208267
0.02654
0.0369233
0.02889
0.02494
0.0107267
0.46521
0.656717
0.03662
0.0217033
0.02263
0.0210767
0.0301567
0.0275867
0.02735
0.01444
0.00999667
0.799227
0.0398867
0.0287467
0.03309
0.0360533
0.0498567
0.0437233
0.0406767
0.01986
0.0180833
0.627257
0.511177
0.0301
0.0415633
0.0493867
0.0546333
0.0227233
0.0384567
0.0143967
0.315627
0.28519
0.0318133
0.0100733
0.00840333
0.00653667
0.00275
0.00805333
0.0123533
0.02149
0.11017
0.17227
0.000563333
0.00079
0.000666667
0.00899
0.00685333
0.0228567
0.0234933
0.0375433
0.0272267
0.0487533
0.05005
0.05102
0.0567333
0.04955
0.0503233
0.0345067
0.0275133
0.0111
0.0342733
0.0295333
0.0397267
0.00681667
0.0170533
0.00929333
0.0171267
0.01857
0.0266367
0.0176167
0.01648
0.01689
0.0134067
0.0414767
0.0421267
0.0657133
0.05185
0.0485033
0.0697867
0.04234
0.05145
0.00138667
0.00807667
0.00054
0.000966667
0.00031
0.000193333
0.0018
0.00505333
0.0173067
0.0433933
0.02168
0.02983
0.00262333
0.00749333
0.00019
0.0163367
0.0117367
0.0217133
0.0125767
0.0312867
0.0380633
0.00019
0
0
0.000136667
0
0.00228333
0.04519
0.02657
0.0352533
0.0163233
0.0113
0.0179533
0.0145767
0.0185867
0.0294367
0.01901
0.0182233
0.00540667
0.00358333
0.000473333
0.000406667
0.00394
0.00708
0.01622
0.0258867
0.0451233
0.0524833
0.0618033
0.04851
0.0384367
0.0161333
0.0104633
0.00367
0.00406667
0.00266
0.00280333
0.00451667
0.00717667
0.00199667
0.00651333
0.000103333
0.00199667
0.00335667
0.00308
0.00342667
0.00623
0.00274667
0.00559
0.00381333
0.00270667
0.01713
0.00699667
0.02419
0.0215233
0.02573
0.0237967
0.0448033
0.0491133
0.0534
0.0532767
0.03772
0.07471
0.0833067
0.0618367
0.0653367
0.07001
0.05406
0.0616867
0.0521467
0.05106
0.0467867
0.132677
0.0404667
0.04241
0.0463367
0.04713
0.06342
0.0541167
0.0532333
0.489573
0.401153
0.17116
0.0836533
0.0736333
0.06704
0.13467
0.07678
0.0546633
0.0640733
0.106067
0.0505233
0.0477033
0.0465067
0.0457933
0.04468
0.0389067
0.04187
0.03168
0.0611833
0.0395567
0.05902
0.0402133
0.04246
0.0324233
0.0281567
0.0150433
0.0127933
0.00646333
0.0230367
0.02079
0.03953
0.04215
0.03305
0.0253633
0.0116233
0.00502333
0.00211333
0.00115667
0.00326
0.00264333
0.04833
0.07573
0.0384467
0.0219967
0.00774333
0.00451
0.000886667
0.000443333
0
9.66667e-05
0.00097
0.0752867
0.0876033
0.00774333
0.01792
0.0277933
0.0407767
0.0404267
0.0325833
0.0224567
0.00951
0.00398333
0.000546667
0.000536667
0.000426667
0.00597333
0.00786667
0.0209867
0.01752
0.0189167
0.00569
0.00415
0.00317
0.0166633
0.0207067
0.0332867
0.0245967
0.0234133
0.01313
0.00841667
0.0253
0.0241267
0.0042
0.00426667
0.00059
0.000443333
0
0
0.000203333
0.00107667
0.00797667
0.0602733
0.0527267
0.00397667
0.000123333
0.000226667
0.000153333
0
0.00639667
0.00195667
0.0250467
0.01446
0.0378733
0.0331833
0.02063
0.0297567
0.0114367
0.00953333
0.00431
0.00678667
0.00612
0.00626
0.00689
0.00408
0.00522667
0.00485
0.000523333
0.000376667
0.000146667
0.000146667
0
0.000203333
0.00061
0.000406667
0.00730667
0.0215367
0.0158333
0.01542
0.00384333
0.00547667
0.0192967
0.0079
0.0163567
0.0153833
0.00486333
0
0.000406667
0.000203333
0.00061
0.00105333
0.000646667
0.000323333
0.00931
0.00599667
0.02168
0.0310567
0.0389933
0
0
0
0.000353333
0
0.000553333
0.0345933
0.0302333
0.0347667
0.01787
0.0291633
0.0142033
0.0154167
0.00312333
0.00303
0.000293333
0.00135667
0
0
0
0
0
0.0002
0.00394
0.0005
0.0243133
0.00696667
0.0383833
0.02511
0.0346533
0.00497
0.00734667
0.00497333
0.00157667
0.00395333
0.00135667
0.02065
0.0205567
0.02017
0.00472333
0.00789
0.0195067
0.0119267
0.0298767
0.0404033
0.0628267
0.07991
0.08003
0.0531367
0.03187
0.000393333
0.000196667
0
0.00237667
0.00259667
0.00427
0.00281667
0.00405
0.0175233
0.08457
0.07044
0.124357
0.20504
0.00523667
0.00179667
0.00114667
0.00456333
0.00361333
0.00564667
0.00717667
0.00225333
0.00897333
0.43939
0.00284333
0.00771333
0.0100833
0.0222767
0.01879
0.0201
0.01188
0.0240967
0.73739
0.56906
0.01309
0.0259233
0.03274
0.04165
0.0324967
0.02381
0.02363
0.0253833
0.565623
0.02259
0.0306933
0.02377
0.02604
0.0122833
0.01144
0.00543667
0.00729
0.245387
0.00957
0.00805667
0.00102667
0.00110333
0.00300333
0.00535
0.00761667
0.00733333
0.0575467
0.0460633
0.0472
0.0309067
0.0377033
0.03704
0.0392033
0.0282967
0.0416733
0.00775667
0.0203567
0.00796
0.0065
0.0380267
0.0440567
0.132737
0.0213
0.0108233
0.0225233
0.00445
0.00759667
0.0168967
0.01363
0.0425533
0.02148
0.0441567
0.02252
0.07637
0.05124
0.0921767
0.000326667
0.000193333
9.66667e-05
0.00321333
0.0018
0.00628667
0.00681
0.00958333
0.08026
0.0455267
0.06305
0.0176933
0.0284733
0.00467333
0.02529
0.08971
0.0503667
0.102353
0.112523
0.0864533
0.0515633
0.0172
0.00128667
0.000653333
0.00243333
0
0
0
0
0
0.00209667
0.0035
0.00469333
0.00499333
0.00155667
0.00615667
0.00197333
0.03626
0.00976333
0.0237533
0.00143333
0.00755667
0.00356
0.00257
0.00537
0.000136667
0.00228333
0.000136667
0.00401
0.00615667
0.00200333
0.00601333
0.00018
0.00218333
0.000226667
0.000293333
0.00689
0.00394
0.0154933
0.00232
0.0173467
0.00586667
0.0330733
0.0254267
0.02042
0.0274433
0.01321
0.0191
0.00715333
0.01553
0.0156667
0.0104033
0.0214567
0.01745
0.0217333
0.01074
0.00676667
0.0026
0.00469667
0.0593667
0.0490133
0.0216833
0.04057
0.0543433
0.0685967
0.0686967
0.06061
0.0436433
0.02448
0.0136033
0.0074
0.00386333
0.000336667
0
0
0
0
0
0
0.000103333
0.000103333
0.00038
0.000276667
0.00045
0.000306667
0.03264
0.0396267
0.0448867
0.031
0.02225
0.00901
0.0104833
0.0103367
0.0243067
0.0856433
0.0711
0.0402333
0.0254433
0.0213467
0.0133367
0.0157133
0.02534
0.03408
0.0424067
0.07506
0.0829833
0.0375067
0.0370467
0.0169733
0.02676
0.03275
0.0412767
0.0421933
0.0423433
0.0578133
0.183797
0.102807
0.0931567
0.0371833
0.0419467
0.04005
0.04274
0.0441167
0.0406233
0.0432567
0.227307
0.33025
0.130067
0.183227
0.0517267
0.0838733
0.05378
0.04669
0.239683
0.113953
0.410353
0.238427
0.183583
0.0540433
0.0536967
0.05089
0.0532567
0.0546467
0.0540867
0.0270067
0.00957333
0.00917333
0.0303267
0.00311667
0.00733333
0.02771
0.04401
0.0594033
0.0120867
0.02685
0.0383967
0.0525333
0.0566033
0.0474133
0.0359633
0.00830333
0.0199167
0.00660667
0.0320967
0.02111
0.02179
0.0209533
0.00620333
0.00835667
0.00033
0.00046
0.000213333
0.000106667
0.00232
0.000213333
0.00429333
0.00221333
0.00208
0.00208
0.00426333
0.00163333
0.00884667
0.00589667
0.0130633
0.00989333
0.0223533
0.0211033
0.0220667
0.0200067
0.03544
0.04232
0.0478667
0.0382567
0.0337333
0.0160233
0.0169967
0.00923333
0.01087
0.00111333
0
0.000103333
0
0
0.00535
0.00354667
0.0227967
0.0181267
0.0284
0.0286
0.0180633
0.0213967
0.00580333
0.03274
0.00898667
0.0224067
0.00471667
0.00446667
0.00228667
0.000246667
0
0
0
0
0
0.00536
0.01806
0.02213
0.0309567
0.0205733
0.0223267
0.00928667
0.00750667
0.00162
0.00237333
0.00163333
0.00387
0.00237667
0.00326
0.000883333
0.000883333
0.00196667
0.00454333
0.00474333
0.00378667
0.00277667
0.00101
0.00101
0
0.00424333
0.00258333
0.00429
0.00233667
0
0
0
0
0
0.000203333
0.000203333
0.00515667
0.00506667
0.00934
0.0045
0.00690667
0.00336667
0.00274
0.00121
0.00117667
0.00028
0.00061
0.00186667
0.00200667
0
0.00186667
0
0
0.000153333
0
0.00586667
0.000346667
0.00795667
0.0206067
0.02338
0
0
0
0.00176667
0
0.00176667
0.0143267
0.000106667
0.0120967
0.000106667
0.000213333
0
0.000106667
0.000206667
9.33333e-05
0.00035
0.00033
0.00260333
0.0138733
0.00574667
0.0367667
0.0270867
0.0422367
0.0453067
0.01838
0.0322767
0.00293667
0.00599333
0
0
0
0
0
0
0
0
0
0
0.0003
0
0.00352667
0.0003
0.00526
0.00963333
0.00991333
0.00547333
0.00164333
0.00198667
0.000343333
0.0036
0.00325667
0.00325667
0
0.00262
0.0156667
0.0127467
0.0136333
0.0074
0.00399667
0.00049
0.0115867
0.0184867
0.03631
0.0399767
0.0611533
0.0580067
0.04987
0.02622
0.01514
0.0230033
0.0197233
0.0212333
0.00732667
0.0123733
0.0144267
0.01029
0.00773667
0.03786
0.000586667
0.0279333
0.0109667
0.00416333
0.0354367
0.02425
0.0433333
0.04194
0.0263633
0.03534
0.00903
0.0118167
0.0863733
0.0273467
0.181187
0.0334233
0.0428167
0.0339067
0.02688
0.0192533
0.026
0.0232567
0.0287167
0.166923
0.320447
0.0352433
0.02767
0.0282167
0.0157467
0.0211567
0.0181367
0.02844
0.0195167
0.175487
0.343777
0.01366
0.00883
0.00215333
0.00605
0.00420333
0.00793667
0.00477333
0.00430333
0.0660433
0.0595433
0.0796633
0.0205067
0.0388433
0.01561
0.02093
0.01992
0.0234233
0.00757
0.02016
0.00129333
0.00310667
0.0123167
0.00448333
0.0433
0.16198
0.00259667
0.00229
0.00294
0.00122
0.0171133
0.0171933
0.0238167
0.0176333
0.0448767
0.0604833
0.0766367
0.03136
0.0621133
0.0364567
0.0605867
0.0266467
0.00298333
0.01563
9.33333e-05
0.0004
0.00458667
0.00126333
0.0168233
0.00681333
0.02569
0.000326667
9.66667e-05
9.66667e-05
0.00151
0.00160667
0.00279667
0.00364
0.0100133
0.0751567
0.0323933
0.0567733
0.00840333
0.0214233
0
0.00224
0
0.0378567
0.0287167
0.0275233
0.0158233
0.00329667
0.00052
0.000213333
0.00126333
0.00126333
0.00349
0.00222667
0.0169933
0.00480333
0.0187433
0.05594
0.0883333
0.0924033
0.0619933
0.09581
0.0252667
0.0602567
0.00118667
0.0171
0.000653333
0.00224
0
0
0
0
0
0.01406
0.00879333
0.0106933
0.01642
0.0265567
0.02466
0.0164867
0.00457333
0.00308333
0.000306667
0.000213333
0
0
0
0.00296
0.0126667
0.00907333
0.0204867
0.0248467
0.00568333
0.0193533
0.00564667
0.00740333
0.00108667
0.00456
0.000516667
0.000166667
0.00647333
0.000793333
0.02817
0
0
0
0
0
0
0
0
0
0.000113333
0.000113333
0.00566667
0.00317667
0.0222067
0.00585
0.02689
0.0174633
0.0280433
0.03442
0.02193
0.0199367
0.0106133
0.00520667
0.0129133
0.01254
0.01415
0.000416667
0.00407
0.00403667
0.00975
0.01221
0.03308
0.0421233
0.0659067
0.0474967
0.0515367
0.0251133
0.02832
0.0626367
0.0478567
0.0647533
0.0696033
0.0384133
0.05566
0.0101333
0.0242
0.000673333
0.00421
0
0.000336667
0
0
0
0
0
0
0
0
0
0
0.00218667
0.00772333
0.02223
0.02429
0.03353
0.03986
0.0684967
0.0855
0.08859
0.0730367
0.0331733
0.0486667
0.0469633
0.05979
0.0749933
0.09287
0.0894633
0.0481267
0.05488
0.0682467
0.0717067
0.0811267
0.04931
0.04845
0.05748
0.55795
0.428217
0.366587
0.22454
0.19058
0.103073
0.00153
0.00289333
0.00500333
0.00991
0.00981667
0.00987333
0.00509667
0.00274333
0.00026
0.00013
0
0.000106667
0.000106667
0.000106667
0
0
0.00023
0.00023
0.00316667
0.0165633
0.00457
0.0187167
0.00835667
0.0104
0.0177567
0.02529
0.0372133
0
0
0.00037
0.00755667
0.00391667
0.0215933
0.0124567
0.03249
0.0301533
0.01405
0.0249433
0.00145333
0.00668333
0.00242667
0.00024
0.00491
0.00242667
0.00277333
0.00264333
0.00013
0.00029
0
0
0
0
0
0
0.00023
0
0.00704333
0.00410667
0.0188067
0.0296167
0.0166667
0.02021
0.0161733
0.0291867
0.0223933
0.0200867
0.00605667
0.00556667
0
0
0
0
0
0
0
0.000463333
9.33333e-05
0.00410333
0.00752333
0.00679333
0.00493667
0.00529333
0.00372333
0.0140333
0.0142133
0.01498
0.0266467
0.0277
0.00045
0.000433333
0.000726667
0.000843333
0.00439333
0.00412667
0.01658
0.01479
0.0192233
0.00644
0.00457333
0
0
0
0
0.000193333
0.000193333
0.00036
0
0
0
0
0
0
0
0
0.01548
0.0249433
0.0353
0.0363533
0.02602
0.0151367
0.00325333
0.00032
0.000326667
0.00022
0.000206667
0.000186667
0.00787333
0.00790333
0.00802333
0.00055
0.00322
0.00341333
0.00703333
0.00789667
0.02079
0.02974
0.0406533
0.0319267
0.0227133
0.00814333
0.00357
0
0
0
0.000116667
0.000116667
0.000116667
0.000166667
0.000383333
0.00372
0.0115767
0.0268167
0.04044
0.04925
0.04159
0.0276867
0.01132
0.00352333
0.000716667
0.00025
0
0
0
0
0.000183333
0.000183333
0.000183333
0
0.0168167
0.0155267
0.0152967
0.00487667
0.00348667
0.00056
0.00604
0.00579333
0.0288633
0.0309633
0.06007
0.0371
0.0678733
0.0414667
0.0622633
0.0276367
0.03042
0.02271
0.0266367
0.03563
0.0288533
0.0246633
0.00357
0.0100933
0.00015
0.00015
0.000266667
0.00321667
0.00306667
0.00530667
0.00257333
0.00620667
0.0118733
0.0174233
0.03075
0.0387867
0.0408167
0.0350967
0.0195033
0.0144033
0.00341333
0.00294667
0.00025
0
0
0
0
0.000586667
0.01672
0.01224
0.01224
0
0.000183333
0.00377333
0.000366667
0.00359
0.00217667
0.01396
0.00871333
0.0482867
0.0331367
0.0969567
0.0872733
0.12038
0.126493
0.08657
0.11828
0.03809
0.0596133
0.0262967
0.03004
0.0170033
0.02344
0.000483333
0.00928333
0.00666667
0.01028
0.0141067
0.0115467
0.0128867
0.0151667
0.0149567
0.0378867
0.0275933
0.04927
0.05409
0.0298167
0.04909
0.00301
0.01889
0
0.000313333
0
0
0.00141667
0.00200333
0.0216033
0.0303133
0.06557
0.0737033
0.02887
0.02782
0.01567
0.00415333
0.000906667
0.00431333
0.00699667
0.0207433
0.00075
0
0.00216667
0.0160067
0.0348567
0.0725
0.0945033
0.107627
0.0963
0.06981
0.0372867
0.00995
0.00417333
0.00982333
0.0230967
0.0330267
0.0406833
0.0337833
0.0270467
0.0137833
0.00753
0.00351
0.0261133
0.0336767
0.0762067
0.0187433
0.00731667
0.00487667
0.00475667
0.00744
0.0206467
0.0312667
0.0399333
0.07924
0.0477
0.06235
0.0486533
0.03003
0.00486333
0.00075
0.0187033
0.03449
0.0694367
0.07979
0.0959767
0.0853
0.07046
0.0455267
0.01754
0.01322
0.01128
0.0132467
0.02172
0.02058
0.0249867
0.0117367
0.00727
0.00129
0.00378333
0.01162
0.00445667
0.00460333
0.00528667
0.0186467
0.01946
0.0301267
0.0192033
0.00613333
0.00105667
0.00598
0.0139133
0.00846667
0.0116667
0.00349667
0.01039
0.00563
0.0179633
0.01177
0.0327567
0.0175733
0.0462867
0.0374967
0.0200433
0.0294933
0.00444667
0.00720333
0.00585333
0.000736667
0.0104633
0.00543667
0.00843667
0.00502667
0.00726
0.00354333
0.01439
0.00918667
0.03503
0.02552
0.02507
0.03314
0.00809667
0.0108833
0.00066
0.00132
0
0
0.00411333
0.00602667
0.0225633
0.0240533
0.0463333
0.0395467
0.0623267
0.00925
0.0128033
0.0116233
0.00713
0.00435
0.00317667
0.00300667
0.00017
0.00211333
0.00475667
0.0012
0.00657667
0.00625667
0.00555667
0.00323667
0.00535667
0.00302333
0.00288
0.00039
0.000186667
9.33333e-05
0.00332333
0.00555
0.0168233
0.0182833
0.0208133
0.01391
0.0218267
0.03023
0.0290833
0.0195567
0.00671667
0.00381333
0.00064
0.00032
0
0
0
0
0
0.000133333
0.00239667
0.00773333
0.0185467
0.03113
0.04377
0.03627
0.02238
0.00506333
0.00215
0.00119333
0.000533333
0
0
0.00191333
0.00191333
0.00751667
0.00627
0.01602
0.0136633
0.00639
0.00616333
0
0
0
0
0
0
0
0.00105667
0.00105667
0.000106667
0.00025
0.00295667
0.00540667
0.0183733
0.0182033
0.0283867
0.01786
0.02822
0.0296467
0.0294033
0.0204367
0.00815
0.00395667
0.000733333
0.00032
0
0
0
0
0
0
0.00244333
0.00470667
0.0327533
0.0412567
0.05697
0.0469
0.0444467
0.0274267
0.00998333
0.00202333
0.00139333
0.00086
0
0
0
0
0
0
0
0.00208333
0
0.00625
0.00416667
0.00474
0.00416667
0.00279
0.00265667
0.000133333
0.000133333
0.000596667
0.000456667
0.00319
0.00364667
0.00264
0.00569
0.00063
0.00327
0.00063
0
0.00159333
0.00159333
0.00159333
0.004
0.00251333
0.00583667
0.00613667
0.00963
0.0194167
0.02068
0.00890333
0.00614333
0.00216667
0.00284
0.00108667
0.00217333
0.00108667
0.00108667
0
0.00035
0.00279333
0.00864
0.0363367
0
0
0
0
0
0.00208333
0.00208333
0.00208333
0
0
0
0
0.00260333
0.00306
0.00888667
0.00933333
0.0144267
0.01124
0.0179167
0.0129967
0.0138933
0.000873333
0.00441
0.00015
0.000393333
0.000206667
0.00015
0.000206667
0.000206667
0.00194667
0
0.00462667
0.00194667
0.00280333
0.00268
0.000123333
0.000123333
0
0.00366333
0.00525667
0.01687
0.0156133
0.0192567
0.0109667
0.02497
0.0279167
0.0455867
0.0387733
0.0509733
0.0310133
0.0275467
0.01004
0.00684
0.00073
0.000486667
0.00015
0
0
0
0
0
0
0
0
0
0
0
0.00366333
0.0295233
0.03818
0.00582667
0.0110033
0.00936333
0.0193767
0.0164633
0.0196933
0.00778333
0.00566667
0.000436667
0.00024
0
0
0.00019
0.00035
0.00351333
0.00332333
0.00526667
0.00210333
0.00233
0.000226667
0.000453333
0.000226667
0.000226667
0
0
0.00387667
0.00622
0.0198733
0.0205367
0.0307267
0.0197533
0.0178
0.00560667
0
0
0
9.33333e-05
9.33333e-05
0.00218667
0.00209333
0.00409333
0.00228333
0.00464
0.00555
0.00546333
0.00765
0.00474
0.00463667
9.33333e-05
0.000376667
0.000473333
0.00374
0.00662
0.0203633
0.0192
0.0223867
0.00868
0.00782
0.00169667
0.00147
0.000226667
0
0
0
0.00234333
0.00688333
0.00234333
0.00733
0.00465
0.00279
0.00302
0.00034
0.00034
0
0.00152667
0.00454333
0
0
0
0
0
0
0
0
0
0.000676667
0.000393333
0.00700667
0.00449
0.0217367
0.0210067
0.0192767
0.0334667
0.018
0.00364333
0.00681667
0.0135567
0.0242233
0.0338267
0.0331533
0.02721
0.0155833
0.00139333
0.00938333
0
0.00015
0
0
0.00264333
0
0.00253333
0
0
0
0.00301667
0.00582667
0.00783667
0.00443
0.00582333
0.00139333
0.00139333
0
0
0
0.0313767
0.0175467
0.0239933
0.0249833
0.01937
0.02406
0.02116
0
0
0
0.000473333
0.00328333
0.00478
0.00580333
0.00828333
0.00712667
0.0176567
0.0149367
0.01106
0.00298
0.0217667
0.0197533
0.00721667
0.00311
0.000323333
0.00171667
0
0.000606667
0.000223333
0.000856667
0.00732667
0.00844
0.02103
0.01985
0.0233533
0.01063
0.00828333
0.0113167
0.01638
0.0329533
0.05891
0.09808
0.115643
0.134373
0.111667
0.101687
0.0639733
0.05361
0.03514
0.0330933
0.0415567
0.0356467
0.0426533
0.0311
0.03421
0.01689
0.00881
0.00331333
0.00120333
0.00705333
0.0200067
0.0244433
0.0323267
0.0245967
0.0236467
0.0153467
0.01984
0.0318767
0.04808
0.06
0.07036
0.06427
0.0462167
0.02011
0.00482
0.000903333
0.00059
0.0273967
0.01684
0.00509
0.00419333
0.000323333
0.00082
0.00035
0.00410667
0.00099
0.0101933
0.0217533
0.0314767
0.03911
0.0321667
0.0255767
0.0144167
0.00977333
0.00870333
0.0113
0.0449333
0.0416333
0.0283967
0.02181
0.0370167
0.0483533
0.0599
0.0530933
0.0389567
0.0227
0.00987333
0.00446
0.00128667
0.00639
0.01926
0.02375
0.03238
0.0225033
0.0215
0.01115
0.01779
0.0191033
0.0373567
0.0421533
0.0632367
0.0480433
0.0371133
0.0113533
0.00516667
0.00125
0.00059
0
0.0184533
0.00655
0.00404
0.000666667
0.000496667
0.000556667
0.000206667
0.00707333
0.00406333
0.03303
0.0202167
0.0592433
0.0515933
0.05957
0.0647033
0.04179
0.0548067
0.01503
0.0257433
0.0126567
0.00669667
0.02461
0.0122667
0.0302633
0.0305467
0.0108733
0.02327
0.0002
0.00598
0.0001
0.00871
0.0246533
0.00412333
0.00773333
0.0192767
0.0169933
0.0271033
0.0187167
0.0241333
0.0104933
0.00729333
0.00017
0
0.000206667
0.000306667
0.00381333
0.00590333
0.0192967
0.02386
0.0433433
0.0459
0.05961
0.0517833
0.0521133
0.03402
0.0206667
0.00471667
0.00146
0.00613667
0.0109833
0.02305
0.03027
0.0275867
0.02087
0.00851
0.00601667
0.000236667
0.0001
0.0001
0.000206667
0
0.00927
0.00056
0.0219867
0.0125833
0.0506167
0.0337067
0.0533133
0.0566533
0.03603
0.0354967
0.0190967
0.0168833
0.000556667
0.00439333
0.00505
0.00610667
0.0001
0.00239667
0.00229667
0.0103667
0.0101533
0.0262033
0.0202167
0.0320867
0.0186933
0.0202967
0.00647667
0.00425
0.000563333
0.00570667
0.00541667
0.0179133
0.0126367
0.01509
0.00259333
0.00273
0.000136667
0.000136667
0
0
0
0.000353333
0.00056
0.00408
0.00884
0.0290633
0.0391333
0.0498133
0.03275
0.0217733
0.00613667
0.00292667
0.000313333
0.000156667
0
0.00105667
0
0
0
0
0.000206667
0.000413333
0.000413333
0.00532
0.00706
0.02065
0.0182167
0.0196367
0.00617
0.00364667
0.00028
0.000156667
0
0
0.000433333
0.000543333
0.00493333
0.00703333
0
0
0.00034
0.000733333
0.00454667
0.00802
0.0241567
0.0346267
0.0496533
0.0477633
0.04818
0.04281
0.01134
0.00829
0.0003
0.00015
0
0
0
0
0.00100667
0.00144
0.00583
0.00921333
0.0248767
0.02302
0.0416833
0.0255867
0.0383433
0.01529
0
0
0.000266667
0.000606667
0.00396667
0.00751333
0.01779
0.03096
0.0459867
0.05421
0.05511
0.05097
0.04232
0.03836
0.0378567
0.0349233
0.03058
0.0214733
0.0164233
0.0104967
0.00550333
0.00344667
0.000246667
0.00015
0
0
0
0
0.000213333
0.00122
0.01184
0.0160167
0.0451633
0.05064
0.0693033
0.0622033
0.0772967
0.0695333
0.0729967
0.0418067
0.02674
0.00035
0.000616667
0.00383333
0.00684333
0.0228967
0.0302967
0.04808
0.0506
0.05663
0.0529167
0.04284
0.0363833
0.02462
0.0300533
0.0264233
0.0298833
0.02846
0.0241067
0.0199733
0.00729667
0.00519
0.000196667
0.0001
0
0
0
0.000213333
0.000426667
0.00426333
0.01467
0.0231667
0.0494833
0.0773567
0.0917
0.09559
0.0882867
0.09175
0.0842233
0.06096
0.0346667
0.00853333
0
0.000213333
0.00042
0.00425667
0.0127533
0.0212567
0.0271767
0.05696
0.06868
0.0929667
0.0715633
0.07765
0.0599333
0.05077
