0.107263
0.15384
0.14606
0.167317
0.124023
0.160807
0.120223
0.142297
0.07144
0.0694633
0.03826
0.04233
0.0911567
0.10603
0.216333
0.230373
0.280277
0.251527
0.33364
0.23285
0.29037
0.15991
0.100537
0.0809467
0.06623
0.0588167
0.119623
0.115353
0.184223
0.27033
0.381067
0.39361
0.43011
0.42658
0.30635
0.169597
0.09054
0.07498
0.0458733
0.0567133
0.0925933
0.12747
0.121513
0.08313
0.119573
0.0536433
0.0533333
0.0375433
0.04182
0.0299067
0.0326
0.03614
0.0306833
0.0705633
0.0254233
0.03404
0.0390533
0.0575533
0.05251
0.0437367
0.0516067
0.1386
0.143837
0.0670133
0.10332
0.10047
0.0713333
0.0690267
0.16918
0.244317
0.15129
0.11147
0.0826167
0.0769367
0.113817
0.16661
0.151613
0.326943
0.3225
0.22462
0.366607
0.0697767
0.15137
0.0549533
0.0557467
0.100687
0.06064
0.0982333
0.159603
0.228243
0.08872
0.100657
0.0571933
0.0463133
0.0396567
0.0348533
0.0492267
0.0488367
0.0352067
0.06102
0.03101
0.103573
0.0449733
0.0517
0.0632267
0.07479
0.0533967
0.0370767
0.0678467
0.12568
0.113403
0.0475033
0.186737
0.27276
0.284283
0.181777
0.368143
0.387837
0.332107
0.237053
0.36603
0.450487
0.178397
0.0644967
0.05448
0.0419667
0.04818
0.07418
0.117933
0.14023
0.19335
0.15323
0.144837
0.0432033
0.0413933
0.04285
0.07044
0.127213
0.151773
0.21874
0.229023
0.34278
0.0273467
0.0166867
0.0219133
0.0542467
0.0338633
0.0371967
0.0461867
0.03788
0.02454
0.0630233
0.0468733
0.0491
0.04727
0.02952
0.04751
0.04927
0.0456567
0.0456633
0.0880767
0.108987
0.0844867
0.05152
0.153533
0.169453
0.219897
0.152263
0.227623
0.244693
0.283543
0.32755
0.355413
0.2771
0.34823
0.352047
0.07094
0.0393367
0.0540733
0.0418767
0.467193
0.391813
0.3573
0.278543
0.193493
0.0739667
0.04463
0.0124333
0.0197867
0.0420133
0.0901933
0.116977
0.02507
0.0173767
0.0369667
0.06395
0.126607
0.16767
0.235243
0.31749
0.414743
0.4547
0.00489333
0.03127
0.0233533
0.04388
0.0444533
0.01752
0.02787
0.02881
0.0127967
0.02385
0.02616
0.00769667
0.0220433
0.02212
0.0208367
0.00128333
0.00922667
0.0275867
0.00553333
0.0268233
0.00763333
0.0272633
0.0694167
0.0751333
0.09166
0.0589933
0.130623
0.10041
0.19881
0.184787
0.09211
0.162163
0.240743
0.277927
0.1592
0.23116
0.25753
0.315393
0.0291467
0.03551
0.00847
0.0105767
0.0291633
0.0492233
0.0424267
0.0352867
0.199807
0.282147
0.25749
0.29558
0.229183
0.20634
0.0990133
0.05169
0.0154333
0.00551333
0.0333667
0.0202467
0.01736
0.0414733
0.0749067
0.138447
0.18557
0.29704
0.2798
0.340207
0.0297933
0.0579033
0.04787
0.0229767
0.0384767
0.00837
0.00854
0.0236033
0
0
0
0.00489333
0
0.01281
0.0229
0.00677333
0.0242867
0.00679333
0.00402333
0.00402333
0.00120667
0.00120667
0.00477
0.00603667
0.00120667
0.00241333
0.0338067
0.0418833
0.0424933
0.0390933
0.0529967
0.0552233
0.109083
0.128347
0.0619833
0.07251
0.18089
0.158693
0.00210667
0.00210667
0.00421333
0.00610667
0.11792
0.0907567
0.165797
0.20478
0.02828
0
0.01414
0
0
0.00210667
0.0257333
0.0281267
0.02537
0.00948
0.0145167
0.0367367
0.150767
0.13136
0.19035
0.185197
0.11596
0.121857
0.0768967
0.0730367
0.0991967
0.14819
0.146823
0.166963
0.0331333
0.0290967
0.0111467
0.00525667
0
0
0
0.0283633
0.00648667
0.0463133
0.00872667
0.0244533
0.00974667
0.0411533
0.0406167
0.0264267
0
0
0
0
0.00958
0.00278667
0.00557333
0
0
0
0.00250333
0.00289
0.00379667
0.00379667
0.0143267
0.0145
0.00840333
0.0324767
0.0673433
0.0396767
0.08583
0.104597
0.08316
0.08
0.124917
0.0887867
0
0
0
0.00372667
0.00372667
0.00567
0.00539667
0.00594333
0.107367
0.0955533
0.129667
0.0882067
0.127993
0.04371
0.0813267
0.0192433
0.00510333
0
0
0
0.00601667
0.00229
0.00373667
0.0320267
0.0033
0.0462467
0.0624833
0.0901267
0.0815933
0.119753
0.122713
0.147667
0.137017
0.0739367
0.01505
0.01019
0
0.00577333
0.000563333
0.0339333
0.0344967
0.0219967
0.0494433
0.07407
0.0808833
0.0188867
0.0777733
0.00280667
0.01019
0.01205
0.00858
0.0455067
0.0316467
0.0475067
0.00308
0
0.00308
0
0.02789
0.00278667
0.00825667
0
0
0
0
0
0
0.000753333
0.000386667
0
0.0239733
0.02093
0.00233
0.00271667
0.0480467
0.0654733
0.03374
0.00800333
0.06867
0.0501933
0.00232667
0.00978
0.00605333
0.02475
0.0356133
0.0556767
0.04999
0.0295733
0.00806
0
0.00510333
0
0
0
0
0
0.0226933
0.00294333
0.0199667
0.00127333
0.00154667
0.00130667
0.00158
0.00750333
0.05258
0.07065
0.0484433
0.0325267
0.0202667
0.05967
0.00553333
0.02443
0.02522
0.11642
0.04521
0.0785467
0.0949467
0.00486
0.00527667
0
0
0.00232333
0.00232333
0.02207
0.0238667
0.0317667
0.155107
0.129857
0.0739533
0.0184433
0.00198667
0
0.0499533
0.02971
0.01122
0.00482667
0.00725667
0.0563867
0.0237233
0.129093
0.00809667
0.0479233
0.0278433
0.0632467
0.0487433
0.03396
0.03527
0.0309333
0.0236067
0.0299967
0.0490367
0.03465
0.0380833
0.0263533
0.0994367
0.140317
0.127293
0.10303
0.0491067
0.0204233
0.00396667
0
0
0
0
0
0
0
0
0
0
0
0
0
0.00114333
0.02734
0.0474967
0.00607333
0.0275567
0.00355667
0.04897
0.0104333
0.03153
0.00496333
0.00852667
0.0530733
0.0348367
0.0286833
0.00529333
0.00185667
0
0
0
0
0
0
0.00321333
0.00321333
0.0106067
0.01037
0.01037
0.00936667
0.00659333
0.0128367
0.0705633
0.0806467
0.125557
0.00277667
0.00585667
0
0
0
0
0
0
0.000753333
0.000753333
0
0
0.0240367
0.00386
0
0
0.0445067
0.0266833
0.0113467
0.00567333
0.0291733
0.00795
0
0
0
0.00707
0
0.00939667
0.01977
0.0401933
0.0335467
0.03832
0.0485167
0.0190233
0.0355933
0.000726667
0.00172667
0
0.0113467
0.01702
0.00855333
0.00295667
0
0
0
0.00619667
0
0.01187
0
0
0
0.00120333
0.00120333
0.00120333
0
0
0
0
0
0
0.00742667
0.00224
0
0.00127
0
0.00333
0.00127
0.02332
0.00206
0.02288
0.0224633
0.000416667
0.00162
0
0
0
0
0.00412
0
0.00696667
0.00389667
0.0233633
0.0205167
0.0403333
0
0.02093
0.02188
0.0967233
0.0421633
0.0593033
0.0776
0.00198667
0.00379333
0
0
0
0
0
0
0
0
0
0.03517
0.0150833
0.0150367
0.00822667
0.00747333
0.00426333
0.0148667
0.0497733
0.0302133
0.0617133
0.0601733
0.0502767
0
0
0
0
0
0
0
0.0244733
0.00384333
0.0621167
0.0439433
0.0334433
0.04309
0.01243
0.00260667
0.00869667
0.00769333
0.00769333
0.0500367
0.0282367
0.0244933
0.00243
0.0650667
0.02336
0.118147
0
0
0
0
0
0
0
0
0
0
0
0
0
0
0
0.00804333
0.00804333
0.00804333
0
0
0
0
0
0
0
0
0
0
0
0.000306667
0.0389933
0.03813
0.03608
0.04581
0.04888
0.0548867
0.00186667
0.00354667
0.00927667
0.0174467
0.03499
0.05154
0.0503633
0.0350167
0.01645
0.00945667
0.00371333
0.00147333
0.00294667
0.0217067
0.0233667
0.06023
0.0399733
0.0260433
0.0422667
0.00185667
0.00265333
0
0
0
0
0
0
0
0
0.02063
0.0211133
0.0691333
0.0189833
0.0721433
0.02099
0.0136533
0.000713333
0.0681333
0.0671833
0.05955
0.03866
0.0336067
0.0611467
0.00114333
0.02505
0.00918667
0.03492
0.0190567
0.0110133
0
0
0
0
0
0
0
0
0
0.00034
0.000646667
0.05362
0.03416
0.0332433
0.00776667
0.00449333
0.00186667
0
0.00354667
0.00391667
0.0120867
0.0149133
0.0368233
0.0384567
0.0378267
0.0155467
0.00574333
0.00467
0.00147333
0.04363
0.02343
0.0638233
0.191313
0.140493
0.128703
0.05968
0.0206733
0.0691333
0.06888
0.0835167
0.0973367
0.0954333
0.05118
0.0883167
0.00755
0.0362333
0
0.00396667
0
0
0
0
0
0
0
0
0
0
0.000633333
0
0.0175567
0.00177667
0.06199
0.0327867
0.0572233
0.0703
0.04407
0.01513
0.00411667
0
0
0
0
0.0858233
0.0454733
0.00766333
0.00346
0.0127367
0.0332033
0.0370133
0.0653067
0.04447
0.00510667
0.0365767
0.0240167
0.02678
0.00869
0.0301167
0.00368333
0.0116933
0
0.00343667
0
0
0
0
0.00691
0
0.0331433
0.0101233
0.03829
0.0336267
0.0115733
0.01527
0.01448
0.0039
0.196977
0.0749
0.26244
0.313773
0.230857
0.0431267
0
0.00346
0
0
0
0
0
0.00310667
0.00310667
0
0
0.00546
0.00235333
0.0387467
0.0614167
0.0409933
0.0881933
0.06536
0.0781067
0.0779967
0.0454467
0.00567333
0.00567333
0.00235333
0
0
0
0.000206667
0.00833333
0.00812667
0.0151967
0.01857
0.00127333
0.000726667
0
0
0
0
0.00567333
0.00247
0.000996667
0.00346667
0
0.000996667
0
0
0
0
0
0
0
0.0293267
0.00674
0.0109967
0
0.00155333
0
0
0
0
0.00105
0
0.00105
0.00105
0
0
0.000616667
0
0
0
0.00095
0
0.0212333
0.00095
0.02441
0.0226033
0.00361333
0.00593333
0.00073
0.00253667
0.00147667
0.00220667
0
0.00147667
0
0
0
0
0
0
0
0.00102667
0.00102667
0.00371333
0.00268667
0.00268667
0
0
0
0
0
0
0
0
0
0.0637867
0.0311867
0.0458833
0.0103733
0.0208667
0.0241967
0.00394667
0.0232233
0.00397667
0.00944
0.00905
0.0105367
0.00507333
0.00328
0
0
0.00378
0.00378
0.0245067
0.0255333
0.0465333
0.03009
0.0299833
0.00898333
0.00661333
0
0.00191333
0
0
0.0195333
0.0195333
0.0195333
0.0390667
0.00384333
0.0195333
0.0233133
0.00384333
0.0222167
0.0206133
0.00160333
0.00274667
0
0
0
0
0
0.00192667
0.0081
0.00192667
0.00617333
0.00617333
0
0
0
0
0
0
0
0
0
0
0
0
0
0
0
0
0
0
0
0
0
0
0
0
0.00172333
0.00172333
0.00926667
0.00773667
0.00919667
0.00184667
0.00593333
0.0069
0.0109867
0.0297967
0.0474667
0.0481833
0.0483733
0.0337667
0.0423467
0.0520533
0.07656
0.053
0.04045
0.01699
0.03109
0.02742
0.04341
0.0251033
0.0255933
0.00522667
0.00354667
0.00354667
0.00573
0
0.0290033
0.00791333
0.0335467
0.0287367
0.0139867
0.0157367
0.00371333
0.00699333
0.00147333
0
0.00460667
0.00147333
0.02602
0.00794
0.02316
0.02717
0.000796667
0.00508
0
0
0.000356667
0
0.000356667
0
0
0.00658333
0
0.00447
0.00639667
0.0281967
0.0299
0.000306667
0.00844
0.00985667
0.0370133
0.0364233
0.0490033
0.0233067
0.0413033
0.03128
0.05255
0.03129
0.0351567
0.0348
0.0718667
0.0678967
0.09382
0.0888067
0.0630133
0.0382167
0.0321633
0.0484967
0.06189
0.0604733
0.0255333
0.0440333
0.00541333
0.000356667
0.000713333
0
0
0.00330667
0.00661333
0.00658333
0.00484333
0.00931333
0.0323267
0.0492833
0.0149233
0.00713
0.06064
0.0813133
0.117883
0.0861633
0.0872767
0.0681133
0.109733
0.104193
0.12135
0.0735733
0.09868
0.0700333
0.09532
0.08649
0.0582033
0.03974
0.01201
0.02923
0.02937
0.0456967
0.02654
0.0246133
0.000356667
0.00737667
0
0
0.00330667
0.0327
0.0344233
0.0511767
0.0612267
0
0.000616667
0
0.00672
0.000956667
0.0125867
0.0403333
0.0805933
0.13768
0.124883
0.08491
0.0480167
0.00777333
0.00642
0.00398
0
0.00262667
0
0
0.00319333
0.00037
0.00918667
0.20354
0.08986
0.0481533
0.00879
0.0683667
0.0957633
0.103007
0.117633
0.10289
0.07487
0.03218
0.0132667
0.00358333
0
0
0
0
0
0
0
0
0
0
0
0
0
0.000633333
0.00796
0.02374
0.03124
0.05426
0.0514567
0.06742
0.0203767
0.04744
0.00599333
0.00411667
0
0
0
0.0862467
0.0471867
0.00783
0.0481833
0.05047
0.107677
0.0684833
0.121283
0.10069
0.08276
0.04324
0.00857333
0.00234333
0.000433333
0.00068
0.000246667
0.000246667
0
0
0
0
0
0
0.00369667
0.0106067
0.01704
0.0363633
0.0513733
0.0528167
0.03609
0.0178667
0.0222633
0.02655
0.0551967
0.165203
0.243667
0.326773
0.25322
0.00406
0
0.00437
0
0
0
0
0
0
0
0
0.05566
0.0846833
0.0750267
0.0940167
0.0939067
0.0607967
0.0884133
0.03374
0
0
0
0
0
0.000206667
0.00162333
0.00975
0.0335267
0.00613667
0.000546667
0.000546667
0
0
0
0.00976
0.0443467
0.04578
0.0253
0.0642267
0.03394
0.0557733
0.00151
0.0344533
0.00174
0.00325
0
0.00174
0
0
0
0.00425667
0.00581
0.00425667
0.00545667
0.00545667
0.00195333
0.00585667
0.00442333
0
0
0
0
0
0
0
0
0
0
0
0
0
0
0
0.00681667
0.00449667
0.0214967
0.0241867
0.00734333
0.0239833
0.00293667
0.00626667
0.00295333
0.00368333
0
0.00147667
0
0
0
0
0.00102667
0
0.00474
0.00205333
0.00537333
0.0064
0.00535667
0.00804333
0
0.00535667
0
0
0
0
0
0
0
0
0
0
0
0
0
0
0
0.00812333
0.0278167
0.00793333
0.02414
0.000616667
0.00123333
0.000616667
0.00342667
0.02036
0.0239967
0.04368
0.0269567
0.0287967
0.00769333
0.00547667
0
0.00703333
0.00493
0.01017
0.00538
0.00672333
0.00179333
0.00358667
0
0
0.00378
0
0.0300733
0.00934667
0.0446167
0.0291833
0.0315
0.02969
0.0113133
0.0152
0.00382667
0.00852667
0
0.00191333
0.0239733
0.00444
0.0586
0.0435067
0.0249933
0.0445267
0
0.00546
0.00114333
0
0.00114333
0.00114333
0
0
0
0
0
0
0
0
0
0
0
0
0
0
0
0
0
0
0
0
0.000193333
0
0.000386667
0.000193333
0.00281
0.000383333
0.03345
0.01055
0.0509067
0.02051
0.0279733
0.0227033
0.0102633
0.00869667
0.00885333
0.00579667
0.00837333
0.00811333
0.00389667
0.00753333
0
0.00221667
0
0
0.00179333
0
0.000276667
0.000276667
0.000276667
0.000883333
0.00381333
0.00381333
0.01068
0.00790333
0.01324
0.00623667
0.00578667
0
0
0
0
0
0
0
0.00651333
0.00320667
0.0296133
0.03378
0.0523567
0.0335233
0.0262433
0.00446
0.000193333
0.0372467
0.0350133
0.0663167
0.0445433
0.0499133
0.01816
0.0189567
0.00658333
0.0524367
0.0326433
0.0727467
0.0685
0.05156
0.0281367
0.0106233
0.00446333
0.08954
0.0293133
0.0681433
0.01694
0.01126
0.03729
0.0480367
0.0637
0.0103567
0
0.00484333
0.00484333
0.00968667
0.0111033
0.00484333
0.0185533
0.116297
0.113087
0.115603
0.0804767
0.08387
0.0767533
0.09509
0.104917
0.102337
0.0717667
0.0722533
0.03338
0.02816
0.00604333
0.00835667
0.00379333
0.00398
0.0712167
0.0513433
0.00261667
0.00177
0.00177
0
0
0.00795333
0.0490133
0.0470667
0.06843
0.06754
0.1095
0.0996733
0.0797867
0.0371533
0.0133233
0.00364
0
0
0
0
0
0
0
0
0
0
0
0
0
0
0.00732667
0.00732667
0.01546
0.0233233
0.00894
0.00268333
0.0170667
0.00187667
0
0
0
0
0
0.000276667
0.000893333
0.00944667
0.0149333
0.02287
0.0424033
0.0788267
0.0520267
0.0461533
0.0834833
0.0662233
0.000186667
0.000186667
0
0
0
0
0.00282333
0.00564667
0.0121533
0.0509833
0.117103
0.0784233
0.0925833
0.11688
0.0689833
0.0295167
0.00862667
0.00666333
0
0
0
0
0
0
0
0
0
0
0
0.00369667
0.00643333
0.0128667
0.0145033
0.0336867
0.0335467
0.0345067
0.0144833
0.0204633
0.0167167
0.0471633
0.0565333
0.14303
0.159413
0.00709333
0.00406
0.02587
0.02241
0
0
0
0.00091
0
0
0
0
0
0
0
0
0
0.00141667
0.00141667
0.0286333
0.0254
0.0616867
0.06184
0.07527
0.08464
0.03319
0.05703
0.00376333
0.00935333
0
0
0
0
0
0.0118
0.0673867
0.03194
0.105183
0.10691
0.105747
0.11623
0.11423
0.16369
0.0494267
0.127463
0.0101433
0.05632
0
0.00840333
0
0.0250467
0.02744
0.02411
0.0246467
0.0222533
0.0399133
0.0215767
0.0423367
0.0267
0.03031
0.0132033
0.00878667
0.00365333
0
0
0.00369667
0.00369667
0.0277467
0.02813
0.0694667
0.0487867
0.0693867
0.0326333
0.03296
0.0091
0.00451667
0.00328333
0.00246333
0.00797667
0.00650667
0
0
0
0.00732333
0.00342
0.0112267
0
0
0
0
0
0
0.0466267
0.0593767
0.0568433
0.0421133
0.02335
0.00342333
0
0
0
0
0
0.00178667
0.00178667
0.00467667
0.0286167
0.0518
0.06854
0.0658733
0.04805
0.0359733
0.0181333
0.0209133
0.0328467
0.06644
0.05908
0.0649833
0.0496833
0.0550967
0.0515267
0.0322533
0
0
0
0
0
0.00048
0.00048
0
0.00048
0.01022
0.00572333
0.02426
0.0126133
0.0420367
0.0396233
0.02559
0.04472
0.0229667
0.0415433
0.00661
0.02737
0
0.00513333
0
0
0.00369667
0.00369667
0.0250767
0.0277467
0.04505
0.0664133
0.0327233
0.0687033
0.00905333
0.0337333
0
0.00369667
0
0
0.000993333
0.000993333
0.00259
0.00358333
0.00159667
0.00418667
0
0.00159667
0
0
0.00158
0.00823667
0.00981667
0.03178
0.00846
0.0320033
0
0.00688
0
0
0
0
0
0
0.00189333
0.00189333
0.0243267
0.00538667
0.0582533
0.0406433
0.0464533
0.0591867
0.00874
0.0286133
0.0130467
0.00927667
0.03263
0.0355067
0.0236933
0.04436
0.00521667
0.02398
0
0.00342333
0
0
0.00556667
0
0.0102433
0.00735333
0.01158
0.00756667
0.0336833
0.0318733
0.0296733
0.0509433
0.00946667
0.0325267
0.01258
0.0156933
0.0627867
0.0513933
0.0503833
0.0837367
0.0116533
0.0370433
0.00424
0.0104333
0
0.00424
0
0
0
0
0
0
0.00270333
0.00062
0.00138667
0.00200667
0
0.00138667
0
0
0
0
0
0.00158
0.00177
0.00316
0.00177
0.00281
0.00470333
0.00470333
0.0208333
0
0.00298
0.00270333
0.00116
0.00325667
0.00121333
0.00149
0.000606667
0.000606667
0
0
0
0
0
0.00045
0
0.00045
0.00045
0
0
0
0.00747333
0.01174
0.00747333
0.00426667
0.00426667
0
0
0
0.00093
0.00093
0.00093
0.000203333
0.000203333
0.000653333
0.000203333
0.0009
0
0
0
0
0
0.00385667
0.0130933
0.00989
0
0.00427
0
0.03681
0.08253
0.0607167
0.104853
0.0903633
0.119217
0.04377
0.0195033
0.0358767
0.03846
0.0354867
0.0293267
0.12493
0.109393
0.0822833
0.04064
0.0141267
0.00377
0
0
0
0
0
0.0122933
0
0.00552667
0.0166067
0.0521867
0.0350967
0.0690633
0.0748033
0.03111
0.0513
0.00364
0.00728
0
0
0
0
0
0
0
0
0
0
0.00099
0
0.00099
0.00099
0.000413333
0
0.000413333
0.05473
0.0710533
0.03265
0.0294167
0.03653
0.0116533
0.02083
0.03545
0.02866
0.01382
0.0112633
0.00148
0.00148
0
0
0
0.00831333
0
0.00196333
0
0
0
0
0
0
0
0
0
0
0
0
0.00547333
0.00273667
0.0106667
0.0108067
0.00889
0.0142233
0.00444333
0.00819
0.0267367
0.00699
0.0450567
0.0458333
0.02426
0.00261667
0.000846667
0.000846667
0
0
0
0
0.000856667
0.00881
0.0157667
0.0289633
0.02711
0.000806667
0.000806667
0.000806667
0
0
0
0
0
0
0
0.000276667
0.000553333
0.00910667
0.0173833
0.02566
0.0592933
0.00993333
0.0129667
0.0461233
0.0244933
0
0
0
0
0
0
0.00282333
0.00650667
0.0130133
0.01826
0.04484
0.0446833
0.0575033
0.0292033
0.00303333
0.00303333
0.02241
0.00091
0
0.00149333
0.00091
0.00091
0.00597
0.00447667
0
0
0.00447667
0.00447667
0
0
0
0
0
0
0
0
0.00170667
0
0.00170667
0.00582333
0.00465
0.0282433
0.0296533
0.0291467
0.0509067
0.00583333
0.02967
0
0.00376333
0
0.00743333
0.00743333
0.01423
0.0187933
0.00744333
0.02693
0.0239
0.02663
0.00921333
0.00681667
0.00291333
0.00827667
0.00743333
0.0148667
0.00447667
0.0290933
0.00553333
0.07302
0.03065
0.10099
0.0560533
0.181717
0.108533
0.147567
0.15236
0.100757
0.113967
0.00840333
0.05458
0
0.04275
0.0577733
0.0585733
0.02473
0.04166
0.00239333
0.00540667
0.00152333
0
0.00594
0.00152333
0.00946667
0.00581333
0.00365333
0.00505
0
0
0
0
0.00408
0
0.01153
0.00816
0.0113233
0.01082
0.00805333
0.0106033
0.02238
0.0225667
0.0291167
0.0427
0.0342033
0.0365933
0.0357533
0.0466833
0.05957
0.0439233
0.02901
0.0117867
0.00713333
0.00356667
0.00507667
0.00913333
0.0158067
0.0174033
0.03689
0.0302167
0.0288433
0.0053
0.0053
0.0053
0
0
0.00342
0
0.00789667
0
0
0
0.00360333
0.00360333
0.0048
0.0252267
0.0246267
0.0445
0.02588
0.0265133
0.00544333
0.00363667
0
0
0.0016
0.0016
0.00258333
0.000983333
0.00196667
0.000983333
0.00295667
0.00197333
0.02178
0.00362667
0.0389533
0.02068
0.0208
0.0216733
0
0.000873333
0
0
0
0
0
0
0.0272867
0.00156
0.0649867
0.0469167
0.03035
0.04462
0.01058
0.01072
0.0247067
0.00522
0.0202667
0.0194867
0.0262733
0.00276
0.0475033
0.0276633
0.0302367
0.00860667
0.00643667
0
0
0
0
0
0.00398
0.0035
0.0196067
0.0231067
0.03845
0.0140567
0.0238833
0.0288433
0.0249767
0.04368
0.00516333
0.0259533
0
0.00356667
0.0117333
0.00507667
0.0368733
0.0184067
0.0539667
0.05376
0.01218
0.0357233
0.0053
0.00119667
0.00300333
0.0042
0.00180667
0.00481
0
0.00180667
0.00349333
0
0.0233033
0.00509333
0.0390667
0.0207933
0.02412
0.02184
0.01125
0.00622
0.02614
0.0323067
0.00424
0.0104867
0
0
0
0
0
0
0.00242667
0
0
0
0
0.00189667
0.0079
0.0308067
0.0282533
0.05054
0.01964
0.0398833
0.00484333
0.0224767
0
0.00345667
0
0.00513
0.02159
0.02374
0.01767
0.0356733
0.00336333
0.02015
0.00275667
0.00275667
0
0
0
0.000233333
0.000233333
0.00617333
0.00687
0.01105
0.00454
0.00454
0
0
0
0
0
0
0
0
0.00600333
0.00600333
0.00662333
0
0
0
0
0
0.00093
0
0.00186
0.00186
0.00148
0.0138
0.0180767
0.0439367
0.0514367
0.00848
0.00197
0
0
0
0.00055
0
0.00855
0.0137567
0.0330267
0.00197
0
0
0.00129667
0.00129667
0.00929667
0
0
0.00365333
0
0.00535333
0.00129667
0.00829333
0.0322133
0.06635
0.03994
0.05028
0
0
0
0.00242667
0.00121333
0.0226167
0.02383
0.02383
0.0452333
0.00364
0.02747
0
0.00364
0
0
0
0
0.00641667
0
0.00764
0.00641667
0.0249133
0.00122333
0.0464533
0.02468
0.04297
0.0227633
0.02588
0.02161
0.00427
0.00468333
0
0
0
0
0
0
0
0
0.00807
0.00807
0
0.00807
0
0
0
0
0
0
0
0
0.00108
0
0.00195333
0.00108
0.000873333
0.000873333
0.00294333
0.00273667
0.00280333
0.00554
0
0.00259667
0.00254667
0.00254667
0.0216433
0.02419
0.00177
0.0234133
0
0.00177
0
0.0338633
0.05517
0.0715967
0.05408
0.03041
0.08095
0.0690633
0.09868
0.06092
0.06827
0.0341333
0.0336133
0.0071
0.00377
0
0
0
0.000413333
0
0
0
0
0
0
0
0
0
0
0.00340667
0.000276667
0.0116833
0.01196
0.0125433
0.00798
0.00798
0.00777333
0.00378333
0.00454
0.000756667
0.000756667
0.00703
0.00299333
0.00493333
0.00493333
0.00480667
0.00391
0.00663333
0.00272333
0
0.00272333
0
0
0
0
0
0
0
0.00368333
0.00368333
0.0117533
0.01614
0.02249
0.01442
0
0
0
0
0
0
0.000856667
0.00171333
0.00867
0.0115633
0.0168067
0.0170933
0
0
0.00299333
0
0
0
0
0
0.00149333
0.00281
0
0
0.0245967
0.0277567
0
0
0.0552367
0.03345
0
0.00653667
0.0420467
0.01478
0.0117
0.0108033
0.06957
0.06902
0.0887033
0.0855367
0.176567
0.19581
0.128047
0.161093
0.106043
0.08991
0.08471
0.0389767
0.0294333
0.0898233
0.0217233
0.150213
0
0
0
0.00105667
0
0.0109867
0.00495333
0.02949
0.0267933
0.06306
0.0289533
0.0737467
0.05763
0.0680467
0.0230333
0.0461767
0.0464333
0
0
0
0.00301667
0.02314
0.00301667
0.04164
0.0223167
0.02305
0.02223
0.00301333
0.00372667
0
0
0
0
0.00649333
0.00509667
0.0204533
0.02555
0.00572667
0.0247833
0.00369667
0.00942333
0
0.00369667
0.00408
0
0.00745
0.00408
0.00875667
0.00610667
0.0270567
0.0106967
0.04376
0.02793
0.0295533
0.0251733
0.0263833
0.00841333
0.0231333
0.01848
0.00822
0.00465333
0.00356667
0.00356667
0.00405667
0
0.01073
0.00405667
0.00667333
0.00667333
0
0
0
0
0
0
0
0
0
0
0
0
0.00360333
0
0.0262867
0.00586
0.0437533
0.02494
0.0260633
0.0246833
0.00363667
0.00499333
0
0
0
0
0
0
0
0
0
0
0.00165333
0
0.00252667
0.00165333
0.00174667
0.000873333
0.000873333
0.000873333
0
0
0
0
0
0
0.00156
0
0.0248867
0.00525667
0.0457133
0.04405
0.01109
0.0318133
0.00369667
0.00942667
0.00267
0.00636667
0.00458333
0.00527333
0.00415
0.00458333
0.00255
0.00236
0.00057
0.00038
0.00019
0.000543333
0
0
0
0
0
0
0.00651667
0.00301667
0.02664
0.00038
0
0.00019
0
0
0
0
0
0
0.00340667
0.0476267
0.0139467
0.0307133
0.0241167
0.0415667
0.0220367
0.0274833
0.00201667
0.00884667
0
0.000196667
0.00189667
0
0.0464833
0.0235767
0.0666967
0.0667467
0.0457967
0.0503233
0.0216333
0.02471
0.00345667
0.004
0
0.00242667
0.0244433
0.00583333
0.0557967
0.0424167
0.03894
0.0565833
0.01007
0.0294667
0.0178267
0.02514
0.0238667
0.04146
0.0288433
0.0465367
0.04994
0.0648467
0.0642333
0.05109
0.0536933
0.0572733
0.07448
0.0748633
0.08321
0.173557
0.140007
0.0773833
0.04786
0.0141367
0.01418
0.00592333
0.00730667
0.00182
0.00320333
0.00182
0.0282
0.0353067
0.0443167
0.06218
0.0578267
0.08345
0.0824333
0.09818
0.0985733
0.140057
0.137027
0.132493
0.0444967
0.0720933
0.0192633
0.07982
0.10946
0.128837
0.151297
0.162123
0.0979367
0.0552933
0.0783067
0.02749
0.0499167
0.0979667
0.15442
0.188373
0.0256233
0.00661333
0.0295633
0.0503633
0.00464333
0
0
0
0
0
0.00121333
0.00121333
0
0.00121333
0
0
0
0
0
0
0
0
0.01284
0
0.0731733
0.0192567
0.0871
0.0615567
0.0826367
0.0568733
0.0889267
0.07245
0.0850133
0.0831367
0.0317767
0.0491167
0.00385667
0.00812667
0
0
0
0
0
0
0
0
0.00689333
0
0.00689333
0
0
0
0
0
0
0
0
0
0
0
0
0
0
0
0
0
0.00457333
0
0.02225
0.00457333
0.0284567
0.0187567
0.0116533
0.0116533
0.00128667
0.00195333
0.000413333
0.000413333
0
0.000206667
0
0
0
0
0
0
0
0
0
0.0101067
0.01378
0.00763333
0.00417667
0.0244433
0
0.00464
0.00464
0.01602
0.01923
0.01138
0.0234533
0.0270133
0.01191
0.0277433
0.00777333
0.01095
0.00111333
0.00444333
0
0
0
0
0
0
0
0
0
0
0.00313
0.00313
0
0.00313
0.00429333
0.00399
0.000303333
0.00429333
0
0
0
0.0174633
0.0247667
0.01836
0.0358667
0.0112133
0.0309967
0.0321833
0.00272333
0.00544667
0
0
0
0
0
0
0
0
0
0
0
0
0.00109
0
0.00625333
0.00109
0.02343
0.00602
0.04143
0.0220167
0.04689
0.04751
0.0352833
0.0545833
0.0353867
0.0326967
0
0
0
0
0
0
0
0
0
0
0
0
0.00131667
0.00263333
0
0
0.00898667
0.0294567
0
0
0.0711333
0.0937533
0.00653667
0.0334033
0.08504
0.08562
0.0542967
0.0768967
0.106503
0.13174
0.198283
0.16794
0.285707
0.331083
0.26296
0.314197
0.44552
0.424413
0.335473
0.415547
0.330933
0.38826
0.22362
0.26987
0.145703
0.27961
0.240983
0.347717
0.00216333
0
0.00216333
0
0
0
0
0.00389667
0
0.0411733
0.02431
0.0394733
0.05439
0.0102733
0.0262233
0.00142
0.00477667
0.000256667
0.000256667
0
0
0
0.00236667
0.00630333
0
0.00435667
0
0.00505333
0.00721667
0.00290667
0.00505333
0.000713333
0.000713333
0
0
0
0
0.00879333
0.00369667
0.0460733
0.0307133
0.0468433
0.0630367
0.01312
0.0314833
0.00369667
0.00739333
0
0
0
0
0.00917
0.00643333
0.0289833
0.0301067
0.0151033
0.0325167
0.00773
0.01349
0.00051
0.00420667
0
0
0
0
0
0
0
0
0
0
0
0
0.00216333
0.00216333
0
0.00216333
0
0
0
0
0.00393667
0.00393667
0.00383
0.00551
0.00451333
0.00383
0.00361333
0.00225667
0.00135667
0.00135667
0
0
0
0
0
0
0
0
0.00257333
0.00257333
0
0.00257333
0
0
0
0
0
0
0
0
0
0
0
0
0
0
0.00739333
0.00369667
0.04634
0.0293133
0.0485133
0.0647033
0.0131233
0.0314867
0.01268
0.0137067
0.0261767
0.0298867
0.00887667
0.02978
0.00019
0.00627333
0.00019
0.00019
0
0.00103667
0.000463333
0.000463333
0.0135433
0.0140067
0.00581667
0.01936
0
0.00581667
0
0
0
0
0.00329667
0.00329667
0
0.00329667
0
0
0.00108667
0.0683967
0.0514533
0.0608767
0.04668
0.04997
0.02738
0.0270467
0.00702667
0.00854667
0.00296333
0.00296333
0.00475333
0.00752
0.0234467
0.00652
0.0456067
0.0252133
0.02973
0.0249633
0.00707667
0.00757
0.000543333
0.00340667
0.0248933
0.00449333
0.04136
0.02305
0.02987
0.02412
0.0359433
0.0212767
0.0630333
0.0502033
0.05612
0.0550233
0.0634533
0.0524233
0.0381167
0.0498667
0.07651
0.0599567
0.09955
0.118403
0.14907
0.278713
0.135543
0.199403
0.0726867
0.132973
0.157993
0.21707
0.261007
0.248403
0.149713
0.202113
0.172067
0.190693
0.239043
0.20871
0.13234
0.128227
0.114037
0.218107
0.24784
0.115963
0.0891
0.0330933
0.0690167
0.0140833
0.00705333
0.00321333
0.00321333
0
0
0
0
0
0
0
0
0
0
0.00739333
0
0.0655033
0.0202333
0.15618
0.112027
0.105083
0.14287
0.06382
0.0750767
0.0823067
0.0878567
0.0692667
0.0852533
0.0318933
0.0516867
0.00385667
0.00771333
0
0
0
0
0
0
0
0
0.0294133
0.00689333
0.0607633
0.04839
0.02414
0.0385467
0.00487333
0.0553733
0.01388
0.0375033
0
0.00588333
0
0
0
0
0
0
0
0
0.00097
0
0.00219333
0.00097
0.00148
0.00122333
0.00395333
0.000256667
0.02944
0.00827
0.06427
0.04342
0.06147
0.0528
0.0484367
0.0371267
0.02517
0.0222967
0.00395333
0.00416
0
0
0
0
0
0
0
0
0
0
0
0
0
0.06459
0.0647933
0.06881
0.132163
0.184153
0.00464333
0
0
0.00122667
0.00122667
0.00122667
0.00122667
0.00097
0
0.00582667
0.00097
0.02963
0.00914667
0.04652
0.0281033
0.04713
0.02715
0.0305167
0.0244233
0.0110467
0.00720667
0.00384
0
0
0.02587
0.01928
0.000303333
0.000606667
0.000606667
0
0.000303333
0
0
0
0.0368567
0.02537
0.04123
0.0509067
0.03356
0.0729267
0.0518967
0.03223
0.00860667
0.00588333
0
0
0
0.00109
0
0.0240133
0.00218
0.0509633
0.0280867
0.0621933
0.04654
0.0462767
0.0584967
0.01068
0.02983
0.01066
0.0135333
0.01227
0.0132133
0.0155267
0.0322333
0.0470267
0.0295267
0.04504
0
0
0.00203333
0.0194967
0
0
0
0
0
0
0
0
0
0
0
0
0.00131667
0.00131667
0
0
0.00767
0.00635333
0
0
0.0350933
0.0780867
0.0268667
0.03821
0.101287
0.0863367
0.16336
0.13121
0.121473
0.204963
0.381897
0.256673
0.34396
0.440467
0.409077
0.457613
0.484687
0.49353
0.441867
0.430537
0.450617
0.524567
0.598687
0.546993
0.58564
0.473157
0.540937
0.471557
0.532703
0.44749
0.02323
0.00327667
0.00216333
0
0.00327667
0
0
0
0
0.02242
0.00200667
0.0407
0.0255933
0.0210667
0.0206267
0.00361333
0.00395333
0
0
0
0
0.00339333
0.00576
0.0271467
0.0469867
0.0348033
0.0369033
0.00931667
0.00645667
0
0
0
0
0
0
0.00369667
0.00629333
0.0282133
0.02985
0.0493133
0.03013
0.0284933
0.00643333
0.00369667
0
0
0
0
0.00369667
0.01013
0.03703
0.05427
0.07396
0.05333
0.03609
0.0136633
0.00739333
0.00369667
0
0
0
0
0
0
0
0
0
0
0.00389667
0.00389667
0.00407
0.0105567
0.00233667
0.02323
0.03145
0.02323
0.02769
0.03042
0.0502333
0.02771
0.0028
0.00122667
0.00245333
0.00122667
0.00122667
0
0.000393333
0.000393333
0.00727
0.00687667
0.03556
0.0286833
0.0345633
0.00845333
0.01176
0.00588
0.00330667
0
0
0
0
0
0
0
0
0
0
0
0
0
0.00468667
0.00838333
0.0135833
0.0308167
0.0324533
0.0493133
0.03013
0.0284933
0.0100767
0.0136533
0.0321933
0.0494533
0.06667
0.0507067
0.0373867
0.0138567
0.0106733
0.00309
0.000463333
0.000926667
0.01472
0.0565133
0.0278
0.0518533
0.0752133
0.0203067
0.0528
0.0150433
0.0295333
0.0194
0
0.00024
0.00024
0.00868333
0.00892333
0.0169567
0.0223433
0.0332533
0.0195933
0.0162967
0.0243067
0.0100867
0.123883
0.0522233
0.0781167
0.0305433
0.0289267
0.00993
0.0101367
0.00171667
0.00343333
0.00633333
0.00356667
0.0279
0.0267133
0.01158
0.0301933
0.00353333
0.00682667
0.00280333
0.00176667
0.00103667
0.00316333
0.00472667
0.00524
0.0110067
0.00992333
0.0368367
0.0323167
0.0419333
0.0432333
0.03506
0.0348
0.0376433
0.0213767
0.04349
0.0422967
0.0843133
0.0560967
0.128957
0.146493
0.196227
0.38343
0.196457
0.299273
0.128307
0.217657
0.329437
0.330077
0.363783
0.359923
0.297097
0.303773
0.295177
0.256137
0.22162
0.312693
0.20334
0.150353
0.312093
0.36276
0.154303
0.167563
0.207053
0.179063
0.01348
0.00321333
0.00642667
0
0
0
0
0
0
0
0
0
0
0.0189967
0.00739333
0.111077
0.0642667
0.140983
0.156467
0.0498233
0.10291
0.02698
0.04074
0.02712
0.04451
0.0288933
0.04893
0.00525667
0.0294367
0
0.00385667
0
0
0
0
0
0
0.00426667
0
0.0441
0.0267867
0.05681
0.0591
0.0327867
0.0440667
0.0273733
0.0144367
0.0200333
0.0118433
0.0122233
0.0182367
0.00211333
0.01011
0
0
0
0
0
0
0
0
0
0
0.0212633
0.00097
0.0410967
0.0224867
0.0235333
0.02106
0.0150433
0.00765
0.0696633
0.0325167
0.118457
0.0874367
0.13896
0.10396
0.109377
0.10778
0.0355933
0.0529067
0.00369667
0.00765
0
0
0
0
0
0
0
0
0
0
0
0
0.00349667
0.308617
0.27061
0.175917
0.127007
0.09373
0.0626033
0.0135033
0.0261
0.0209167
0.00406333
0.0216833
0.01808
0.00457333
0.00483
0.00682333
0.00194
0.0302233
0.01071
0.0636733
0.0458233
0.0687233
0.0658967
0.07005
0.0693267
0.0413967
0.0539467
0.0216533
0.0218067
0.0141067
0.00645
0.00252667
0.00188
0.000646667
0.000646667
0
0.0371
0.00558667
0.0213433
0.0113333
0.0334833
0.0398767
0.00349667
0.0259567
0.00458667
0.0683267
0.0442933
0.0702267
0.0709233
0.0471433
0.06592
0.0115
0.0311967
0.0193633
0.00743
0.0266833
0.01974
0.03525
0.01666
0.0622433
0.0475667
0.06631
0.06405
0.0669633
0.0513867
0.0416067
0.0595733
0.08492
0.157843
0
0
0.0193933
0.0367533
0
0
0.00203333
0
0
0
0
0
0
0
0
0
0
0
0
0
0
0
0
0
0
0
0.0113433
0
0.02874
0.03105
0.0226867
0.05715
0.0590933
0.0887633
0.21436
0.138807
0.199497
0.31473
0.348613
0.34251
0.416703
0.458163
0.3948
0.42433
0.47215
0.4078
0.368673
0.306323
0.399597
0.37171
0.49685
0.424157
0.56464
0.483773
0.572553
0.513297
0.00655333
0.00327667
0
0.0022
0
0
0.0022
0.00631
0.00430333
0.0276233
0.0287533
0.0259633
0.0480667
0.00382333
0.0262733
0.00348333
0
0
0
0
0.0551467
0.0780533
0.0603767
0.0243433
0.05024
0.00655333
0.00339333
0.04559
0.0242033
0.07415
0.07825
0.0993
0.0899433
0.0941633
0.0794767
0.0614733
0.05497
0.0555233
0.102207
0.103803
0.1251
0.0703833
0.04639
0.01005
0.00359333
0
0
0
0
0
0
0.00259667
0.00259667
0.00793
0.00533333
0.00807
0.00273667
0.00273667
0
0
0
0
0
0.00369667
0.01497
0.04187
0.0681767
0.0830267
0.0666233
0.0403167
0.0141933
0.00369667
0
0
0
0
0
0
0
0
0
0
0.00922
0.0131167
0.04103
0.0439233
0.0319833
0.02423
0.0685733
0.04861
0.0074
0.00617333
0.00899
0.00443667
0.0113133
0.0141467
0.0424367
0.0642433
0.101533
0.07873
0.0533533
0.0124933
0.00661333
0.00330667
0
0
0
0
0
0
0
0
0
0
0
0
0.00369667
0.00838333
0.0156767
0.01718
0.0176933
0.0157333
0.01327
0.0108067
0.00547333
0.00638
0.00661
0.0288467
0.03658
0.0571433
0.04805
0.0442567
0.04336
0.0333067
0.04611
0.0234767
0.0208567
0.00071
0.00656667
0.01478
0.04607
0.0538733
0.0942433
0.11226
0.0308833
0.02018
0.02619
0.01453
0.0126067
0.00171667
0
0.00356667
0.00915667
0.0295367
0.04799
0.04746
0.0334733
0.0114533
0.00639333
0
0
0.000463333
0.000463333
0.0420667
0.0142567
0.0712433
0.0795033
0.0655667
0.107103
0.0531
0.0139167
0.00798333
0.00950667
0.01196
0.0320133
0.0512867
0.06828
0.0557067
0.0371
0.0174933
0.01908
0.0227033
0.0517433
0.05507
0.08243
0.0822633
0.108043
0.130917
0.261133
0.321497
0.105737
0.152613
0.0427267
0.144393
0.235593
0.201297
0.28874
0.405653
0.374753
0.361153
0.43449
0.375977
0.283753
0.409467
0.414
0.23252
0.171563
0.440767
0.383637
0.142193
0.151777
0.0700633
0.0285267
0.0479933
0.00470667
0.00642667
0.00220667
0.00149333
0.000713333
0.000713333
0
0
0
0
0
0
0.01581
0.0116033
0.08064
0.0700133
0.07454
0.10622
0.0301267
0.0562167
0.0110233
0.00997333
0.0256133
0.01064
0.02244
0.0220567
0.00369667
0.00509667
0
0
0
0
0
0
0
0
0.00468667
0.00426667
0.0190033
0.022
0.0257267
0.0388133
0.0302733
0.0324433
0.0559567
0.0435533
0.04168
0.00211333
0.00211333
0.00422667
0
0.00211333
0
0
0
0
0
0
0
0
0.00369667
0
0.0413333
0.02399
0.0575067
0.0572167
0.0279767
0.04386
0.0153
0.0150433
0.06726
0.0524467
0.119937
0.115497
0.150993
0.157897
0.09848
0.133653
0.0326433
0.05689
0.00369667
0.00739333
0
0
0
0
0
0
0
0
0
0
0
0
0.00715333
0.00349667
0.0443767
0.42049
0.407207
0.183813
0.2775
0.26752
0.21555
0.244203
0.08292
0.113987
0.0325967
0.02616
0.0551167
0.03995
0.02986
0.0396867
0.0126667
0.0116
0.0330433
0.0105233
0.0645
0.0488567
0.0666333
0.0637167
0.06349
0.0694167
0.06364
0.06352
0.0594733
0.05762
0.0587233
0.0404933
0.0329467
0.0219367
0.00378333
0.00443
0
0.00394
0.00238333
0.00476333
0.00371667
0.00699333
0.06209
0.0283633
0.0873433
0.0837167
0.0510967
0.0712567
0.0112833
0.03129
0.02264
0.00744
0.0572733
0.0386333
0.03604
0.0449467
0.0459233
0.0363667
0.04086
0.0594833
0.03042
0.04588
0.03436
0.0352733
0.08238
0.0409033
0.203153
0.10843
0.29241
0.371277
0
0
0.01814
0.02052
0
0
0.01736
0
0
0
0
0
0
0
0
0
0
0
0
0
0
0
0
0
0
0
0.0180633
0
0
0.00175
0.05073
0.0294067
0.00581
0.00637
0.00894333
0.06533
0.06713
0.08027
0.06478
0.0656033
0.13234
0.168127
0.0907733
0.155823
0.272483
0.368577
0.26069
0.22056
0.452283
0.31161
0.40504
0.243477
0.25202
0.291593
0.269893
0.276557
0.320717
0.269413
0.29913
0.31298
0.0260967
0.0221167
0.0252
0.00958667
0.0343633
0.0515233
0.0866167
0.08429
0.0742233
0.03831
0.0245067
0.01213
0.03926
0.0133633
0.00327667
0
0.00398
0
0.00618
0.00348333
0
0
0
0.00179
0.0226
0.0545533
0.0821633
0.100763
0.0914233
0.07042
0.160993
0.0847167
0.171477
0.18915
0.0860767
0.0722933
0.07477
0.07545
0.107413
0.133617
0.00275
0.01197
0.04269
0.0678533
0.123553
0.10867
0.115993
0.0682967
0.09701
0.0227133
0.0412833
0.0344367
0.0519167
0.0570833
0.0205067
0.0515667
0.0968933
0.131767
0.15707
0.155433
0.196697
0.137977
0.03938
0.0376433
0.0351567
0.0287333
0.0178433
0.00695333
0
0
0.00559
0.0265533
0.0485733
0.0493767
0.0348067
0.0127867
0.00639333
0
0
0
0
0
0.0350967
0.00682333
0.0604067
0.185343
0.163483
0.20486
0.05448
0.116857
0.00359333
0.01814
0
0
0
0
0
0
0
0
0
0
0
0
0
0
0
0
0
0
0.01497
0.00369667
0.0627233
0.0364167
0.0624933
0.0734433
0.0141933
0.0361867
0
0.00369667
0
0
0
0
0.00275
0.00275
0.0055
0.0830133
0.102827
0.0914667
0.0553933
0.0820633
0.00330667
0.0112267
0
0
0
0
0
0
0
0
0
0
0
0
0.00739333
0.00369667
0.01681
0.0132133
0.0360633
0.0366833
0.0116333
0.0324667
0.00273667
0.00643333
0.00296667
0
0.0221733
0.0107967
0.0493167
0.0440033
0.06031
0.0624733
0.0634067
0.0675533
0.0431367
0.0630533
0.03693
0.177507
0.128573
0.15844
0.0828567
0.04335
0.00918333
0.0118567
0.0322333
0.0355767
0.05235
0.0345133
0.0318367
0.0200767
0.0269267
0.0534933
0.0746867
0.113667
0.118083
0.117533
0.10766
0.131393
0.157357
0.23398
0.264443
0.338273
0.305217
0.296043
0.329423
0.328273
0.294167
0.284993
0.3693
0.29414
0.232843
0.182373
0.443007
0.38235
0.172327
0.21637
0.0273767
0.0257467
0.02733
0.0436333
0.0252233
0.0269533
0.02383
0.00461667
0.00533
0
0
0
0
0
0
0.00466333
0.00420667
0.0239467
0.0268933
0.0250433
0.0460133
0.00865333
0.02748
0.0271733
0.01235
0.0412733
0.04082
0.00910667
0.02645
0
0.00369667
0
0
0
0
0
0
0
0
0.00042
0.00042
0.00127
0.00169
0.00503333
0.00549667
0.0213
0.0230933
0.02445
0.0408833
0.0220167
0.00227333
0.00113667
0.00113667
0
0
0
0
0
0
0
0
0
0
0.00415333
0.00369667
0.01906
0.0214967
0.0231033
0.0391867
0.00495667
0.02554
0.00441
0.00765
0.0246367
0.0268733
0.05043
0.0694633
0.05169
0.094
0.0294833
0.07351
0.00495667
0.0302067
0
0.00369667
0
0
0
0
0
0
0
0
0
0
0
0
0.0259967
0.00365667
0.0481433
0.420763
0.39008
0.22519
0.311143
0.297523
0.17135
0.2681
0.0303167
0.0877333
0.0414733
0.03194
0.0581933
0.0572967
0.03111
0.0461867
0.0286033
0.01585
0.04848
0.04794
0.0266833
0.0492267
0.0255667
0.0448733
0.0191533
0.0414
0.0282
0.0413633
0.03216
0.05233
0.0506433
0.0241733
0
0.00378333
0
0.00078
0.00113667
0.00078
0.00113667
0.0630267
0.07079
0.0843667
0.0324433
0.0536067
0.00860333
0.00992667
0.0413833
0.02516
0.0421433
0.0575033
0.0137767
0.0330067
0.0196133
0.0263667
0.00292667
0.0205467
0.0119233
0.00778
0.04906
0.03365
0.13027
0.0912467
0.275917
0.216127
0.34181
0
0
0.00078
0.00156
0
0
0.00078
0
0
0
0
0
0
0
0
0
0
0
0
0
0
0
0
0
0
0
0.000606667
0
0
0
0
0
0.00530333
0.0192767
0.0222667
0.01867
0.00175
0
0.00175
0.00313333
0.00313333
0.00576
0.00451333
0.043
0.0261467
0.0379433
0.0568533
0.02412
0.0412533
0.02624
0.0464633
0.0429833
0.00488333
0.00626667
0.00764667
0.00589333
0.0141467
0.0331533
0.0353567
0.0422033
0.0252167
0.0431767
0.0344867
0.05241
0.07531
0.146417
0.0870067
0.100437
0.02978
0.0204633
0.00905333
0.02914
0.0366133
0.07998
0.29954
0.289817
0.150123
0.163373
0.10437
0.206173
0.142353
0.183613
0.113767
0.176993
0.0306533
0.0636633
0.04659
0.0322333
0.0480033
0.0530433
0.0353
0.0873
0.0708867
0.06469
0.07544
0.0447267
0.0489967
0.0389
0.0151967
0.00851
0.03293
0.0236467
0.00478333
0.000803333
0.00796
0.00196
0.00461
0.00444
0.0363933
0.10776
0.109223
0.0840733
0.07248
0.235743
0.202197
0.212213
0.154887
0.149127
0.173137
0.123757
0.16514
0.113363
0.07798
0.0514833
0.176093
0.07501
0.0905333
0.0467433
0.0397667
0.0108667
0.00391333
0
0
0.0209633
0.02428
0.0306733
0.00682333
0.0345633
0.00925333
0.0720733
0.0395333
0.0911367
0.125797
0.168543
0.0106567
0.0951233
0.0386267
0.149213
0.0638267
0.0768567
0.0723133
0.0816033
0.0596233
0.112603
0.0885267
0.146073
0.127497
0.166017
0.159803
0.159513
0.0687367
0.107343
0.114953
0.120727
0.130703
0.151243
0.254137
0.31091
0.38388
0.38078
0.295553
0.234323
0.00971
0.00639333
0.00639333
0
0
0
0
0
0
0
0.0879967
0.17669
0.130803
0.17825
0.18962
0.12645
0.0662667
0.0203333
0.00578667
0
0
0
0
0
0
0
0
0
0
0
0
0
0
0
0
0
0
0.00369667
0.00369667
0.0251433
0.0235667
0.04556
0.02836
0.0299367
0.00794333
0.00369667
0
0
0
0
0
0.00275
0.00275
0.00756
0.00790667
0.0668067
0.0776567
0.0749567
0.0834467
0.08615
0.0595667
0.04412
0.0141433
0.00792
0
0
0
0
0
0
0
0
0
0
0
0
0
0.00369667
0.00369667
0.00951667
0.00794
0.03151
0.0299367
0.0315133
0.00794333
0.00369667
0
0
0.00365333
0.0114833
0.0170033
0.0381467
0.0514433
0.0704567
0.05297
0.05223
0.0323
0.03055
0.04727
0.0632267
0.04373
0.0792033
0.09793
0.0422833
0.0500733
0.00825667
0.00451667
0.0134467
0.00650333
0.0112367
0.00694333
0.01725
0.00573333
0.0393433
0.342507
0.30115
0.235453
0.14904
0.0639833
0.132363
0.10265
0.146467
0.0976533
0.0575067
0.0115733
0.00578667
0
0
0
0
0
0
0
0
0
0
0
0
0.00118
0.00118
0.00289333
0.00171333
0.00171333
0
0
0
0
0.00212
0.00212
0.00636667
0.00424667
0.00424667
0
0
0
0
0
0
0
0
0
0.00240333
0
0.00240333
0.0666467
0.0656967
0.0436733
0.0318833
0.00851667
0.00622333
0
0
0
0
0
0
0
0
0
0
0
0
0
0
0
0
0.00212
0.00424
0.00848667
0.0106133
0.00849333
0.00424667
0
0
0
0.00365333
0.00552
0.01104
0.0128867
0.0321467
0.03549
0.0373
0.0161733
0.0119133
0.00460333
0.00941667
0.00575
0.0236067
0.00697
0.0259567
0.25745
0.23938
0.14811
0.150363
0
0
0
0.00403333
0.00201667
0.0298
0.02455
0.05267
0.0670267
0.0924433
0.0721733
0.0563367
0.0104033
0.00578667
0
0
0
0
0
0
0.000456667
0.000456667
0.00171667
0.00126
0.00252
0.00126
0.00495667
0.00487667
0.0233967
0.0214133
0.0256433
0.00712333
0.00541
0
0
0
0
0
0
0
0
0
0
0
0
0
0
0
0.000806667
0.000806667
0.00324
0.00243333
0.00406
0
0.00162667
0
0.04233
0.0603433
0.0371633
0.0214433
0.00343
0.00229333
0
0
0
0
0
0
0
0
0
0
0.000456667
0.000456667
0.00171667
0.00126
0.00252
0.00126
0.00126
0.00212
0.00257667
0.00682333
0.00642
0.00596333
0.00514667
0.00343
0.00640333
0.00297333
0.00423333
0.00312667
0.00312667
0.00736667
0.0055
0.0143633
0.00886333
0.00886333
0
0
0
0.00114667
0.00114667
0.00330333
0.00215667
0.00817333
0.00215667
0.0527267
0.0283567
0.0521333
0.0667133
0.01613
0.0334633
0.00837
0.262587
0.212847
0.21792
0.26766
0.0715367
0.164653
0.0037
0.0208167
0.0203
0.0227333
0.0209033
0.0399367
0.00461
0.0240833
0.0214967
0.02439
0.00647
0.02625
0.000946667
0.00615667
0.00122
0.00216667
0.00115333
0.00237333
0.00115333
0.00477
0.00361667
0.00687667
0.00527667
0.00162667
0
0
0
0
0.0180133
0.01915
0.0202867
0.06449
0.04785
0.0514933
0.00953333
0.03318
0.00409
0.00747333
0.01908
0.0214433
0.00630667
0.02366
0.00053
0.00556
0.00146333
0.00199333
0.00354
0.00146333
0.0143033
0.00914667
0.0500867
0.03249
0.122733
0.10568
0.192357
0.207113
0.2735
0.35415
0
0
0
0
0
0
0
0
0
0
0
0
0
0
0
0
0
0
0
0
0
0
0
0
0
0
0.000606667
0
0
0
0.00182
0.00121333
0
0
0
0.000996667
0
0.00779
0.00537667
0.02354
0.0250267
0.00547
0.0226033
0.0195333
0.00367667
0.01904
0.0185467
0.00182
0.0274767
0.0153133
0.0314233
0.05498
0.03694
0.0525867
0.0544233
0.04001
0.03357
0.0391733
0.05891
0.0682833
0.0288667
0.02976
0.0468333
0.0525433
0.03149
0.01116
0.02445
0.00558667
0.00787
0.0259433
0.00726
0.09645
0.0850433
0.0462967
0.117757
0.162613
0.112703
0.0863833
0.0971467
0.123203
0.154663
0.0975067
0.144387
0.08552
0.0956333
0.131283
0.107597
0.08365
0.144807
0.09794
0.0914967
0.0398667
0.05425
0.00411
0.0111633
0.000196667
0
0.00331667
0.00331667
0.00331667
0
0.00243
0.00243
0.0142233
0.0131933
0.0450233
0.0761833
0.10995
0.06307
0.0609033
0.0247333
0.0542167
0.0843
0.0772533
0.0426033
0.0590733
0.0698167
0.09009
0.0604
0.0972433
0.06921
0.0701867
0.05832
0.105557
0.0953233
0.135163
0.111683
0.267723
0.16929
0.339913
0.28053
0.28346
0.101463
0.104567
0.0307533
0.000633333
0.000196667
0
0
0
0
0
0
0
0
0
0
0
0
0
0
0
0
0.00201667
0.00341667
0.0106833
0.0404967
0.0169367
0.0269
0.0123667
0.0123667
0
0.0103367
0.0108767
0.0190267
0.0354967
0.0573233
0.0375767
0.02836
0.0389533
0.04296
0.0421533
0.0273267
0.0199733
0.0149767
0.00543333
0.00276333
0
0
0
0
0
0.00144
0.00288
0.0333733
0.0335
0.08888
0.0538267
0.0948933
0.18146
0.187153
0.18443
0.0870867
0.0615267
0.00859
0.00769333
0.00230667
0.00216333
0.00141
0.000973333
0
0.000456667
0.000456667
0.00171667
0.00126
0.00126
0
0
0
0
0
0
0
0
0
0
0
0
0.00249
0.00249
0.0268067
0.00267
0
0.00045
0.00045
0.00172667
0.00127667
0.00127667
0.00144
0.00144
0.00300667
0.00156667
0.0233333
0.0253067
0.06343
0.0304633
0.132617
0.0648667
0.131757
0.09763
0.14461
0.154957
0
0
0
0
0
0
0
0
0
0
0
0
0
0
0
0
0
0
0
0
0
0
0
0
0
0
0
0
0.00281667
0
0
0
0.00624
0.00342333
0
0.00358667
0
0.00916667
0.00458333
0.0276
0.00799333
0.0284733
0.02591
0.0263233
0.00897
0.05663
0.03868
0.0224733
0.03699
0.00403
0.05318
0.0745333
0.0978067
0.0557933
0.0939433
0.0134
0.0337867
0.00956667
0.00333667
0.00642333
0.00828
0.0289
0.0292567
0.0489033
0.00617333
0.00308667
0.00835667
0.0292633
0.00389
0.00308667
0.0254567
0.0246767
0.0269667
0.00431667
0.0647933
0.0442667
0.06829
0.04762
0.0504533
0.03795
0.0373333
0.0464233
0.0251633
0.0113367
0.0139933
0.0492667
0.01315
0.000783333
0.00370667
0.00292333
0.00364667
0.00364667
0.0415767
0.04096
0.04165
0.0262467
0.00838667
0.00768667
0
0
0
0
0.00303
0
0.00606
0.00606
0.109747
0.145697
0.181983
0.218383
0
0
0
0.00303
0.00303
0.00303
0
0
0
0
0
0
0
0
0
0
0
0
0
0
0
0
0
0
0
0
0
0
0
0
0
0
0.00632667
0.00281667
0
0.00717333
0.00358667
0.0276967
0.0117567
0.0650933
0.0447133
0.0527867
0.0505433
0.06594
0.04807
0.0454067
0.0621433
0.00983667
0.0253767
0.00914333
0.0632467
0.0774467
0.10731
0.0832667
0.0772867
0.0438733
0.0325433
0.0133767
0.00865
0.0488
0.0107867
0.0121533
0
0.00808667
0.0273367
0.01129
0
0
0.02441
0.0243967
0
0
0.00481333
0.00572
0.00702667
0.00351333
0.00808
0.0282733
0.02851
0.0105667
0.0474933
0.04584
0.02792
0.00646333
0.0110867
0.0320833
0.00292333
0
0
0.00478333
0
0
0
0
0
0
0
0
0
0
0
0
0
0
0
0
0
0
0
0
0
0
0
0
0
0
0
0.00452333
0
0
0
0
0
0.000313333
0.01375
0.00521667
0.000693333
0
0
0.0039
0.00358667
0.0248933
0.0234267
0.0471733
0.0495433
0.0448267
0.0649667
0.0320633
0.0505167
0.0164367
0.03075
0.0127367
0.00771333
0.00420333
0.0859867
0.08134
0.11781
0.09396
0.0478267
0.0294567
0.0517533
0.04435
0.08505
0.0654067
0.0230967
0.04814
0.03039
0.0810533
0.0129733
0.03858
0.0602
0.0438933
0.00181
0.00669667
0.0293033
0.0436567
0.00181
0.00181
0.00433667
0.00867333
0.00412667
0.000613333
0.00587
0.00122
0.00766667
0.00415333
0.0435633
0.0237867
0.00354
0.00139333
0.0441533
0.0572867
0.00139333
0.00139333
0.00961333
0.0279867
0
0
0
0.00483
0
0
0
0
0
0
0
0
0
0
0
0
0
0
0.00626
0
0
0
0
0.0235933
0.00967667
0.00341667
0
0
0
0.03151
0.0409033
0.00794
0.000313333
0.007
0.00536667
0.0230833
0.0241567
0.0112467
0.02596
0.0159433
0.01166
0.04121
0.0220333
0.0366267
0.12438
0.17245
0.170527
0.2014
0.159227
0.170717
0.06244
0.10476
0.183993
0.14615
0.0691133
0.0614867
0.0869933
0.128787
0.0502433
0.0521767
0.0348633
0.0526367
0.01082
0.02876
0.0270167
0.0257867
0.00593333
0.00412333
0.00433667
0.00638667
0.000613333
0
0.00122
0.00244
0.000613333
0.00139333
0.0203567
0.0203567
0.00278667
0.02194
0.04058
0.0234267
0.0205467
0.02253
0.0426867
0.0421467
0.00337667
0.00462
0.00798333
0.0274667
0.00124333
0.00151
0
0.00315333
0.000266667
0
0.000266667
0.00873333
0
0
0
0
0
0.00316
0.0286133
0.0332833
0.00406333
0.00406333
0
0.00316
0
0.00824667
0.06899
0.0549933
0.0367033
0.0103233
0
0.00806667
0.00298
0.0467367
0.02821
0.0596567
0.06174
0.0627967
0.0648267
0.0711167
0.0669733
0.0465567
0.00298
0.00492667
0.02507
0.02607
0.0442133
0.0265133
0.04921
0.0382267
0.0497
0.0465933
0.217573
0.24036
0.22611
0.208613
0.195393
0.13629
0.09926
0.164003
0.106767
0.149457
0.0493133
0.0270733
0.08419
0.0967067
0.0307333
0.0178033
0.0142333
0.0215167
0.02619
0.02623
0.00310667
0.00515667
0.00644
0.00231667
0.00205
0.00205
0
0
0.00122
0
0.00139333
0.00412667
0.00244
0.00122
0.02328
0.0242133
0.00847667
0.00551
0.04337
0.04442
0.0278533
0.00926667
0.01137
0.0266667
0.02651
0.0296633
0.0291633
0.0320567
0.00733667
0.0109733
0.00497667
0.00867667
0.00289333
0.00568333
0.00578667
0.00745667
0.0262333
0.0264933
0.00804
0.00706333
0.0104333
0.00799333
0.0114267
0.0127667
0.0136533
0.0151533
0.0108833
0.00990667
0.00856333
0.00914
0.00829333
0.00443667
0.000533333
0.00435667
0.0269667
0.0319433
0.04868
0.0310033
0.0378167
0.02099
0.0369533
0.0264467
0.03118
0.0100167
0.0260367
0.0328867
0.0505533
0.0373433
0.0422833
0.04498
0.0564767
0.0754867
0.0606967
0.0640833
0.0150967
0.0216033
0.03626
0.0546967
0.06309
0.0723833
0.06692
0.07341
0.253353
0.244153
0.213663
0.190767
0.126613
0.17207
0.114427
0.18099
0.15158
0.139057
0.0274433
0.01401
0.0703767
0.09296
0.0109833
0.00416333
0.0175367
0.05388
0.00648
0.00416333
0.00379667
0.0109433
0.00231667
0
0.00592667
0.00972333
0
0
0
0.00592667
0
0.00273333
0
0.00243
0
0
0.00506
0.00232667
0.00465333
0.0194167
0.00307
0.0369667
0.02016
0.02052
0.0188333
0.00297
0.00472667
0.00418667
0.00829
0.00670667
0.00438
0.00148667
0.000743333
0.00128333
0.00272667
0.00691333
0.30625
0.41331
0.328317
0.338677
0.246583
0.392817
0.14374
0.2782
0.4403
0.330827
0.0637433
0.0787867
0.11226
0.280353
0.0222333
0.0222333
0.0654667
0.101263
0
0.00255333
0.0173033
0.0354833
0.00255333
0.00964333
0.0182133
0.0160833
0.00875
0.00166
0.04776
0.05073
0.0176467
0.01172
0.00166
0.0593433
0.0203333
0.09557
0.0752333
0.0623533
0.0257733
0.00822333
0.65204
0.605353
0.665593
0.54515
0.220437
0.487217
0.68795
0.64509
0.10102
0.11651
0.32328
0.5181
0.0942767
0.0957067
0.0776333
0.131557
0.0262167
0.0714
0.03863
0.0449833
0.0548267
0.0934833
0.0265133
0.02258
0.08731
0.0905133
0.11923
0.05523
0.46818
0.892887
0.768203
0.807317
0.21689
0.329097
0.49627
0.742627
0.230147
0.276117
0.140613
0.310507
0.18686
0.204503
0.03572
0.0774267
0.1277
0.0643133
0.09281
0.0333
0.57931
0.639303
0.43506
0.35262
0.21132
0.10602
