0.497683
0.423983
0.6324
0.05634
0.0616033
0.07738
0.10916
0.0538467
0.19647
0.111417
0.12993
0.0606533
0.22806
0.267913
0.14655
0.415083
0.287013
0.30838
0.475503
0.26461
0.39574
0.59169
0.159747
0.15719
0.199753
0.162217
0.0985967
0.100607
0.11872
0.10387
0.0831867
0.0784333
0.05439
0.0402333
0.111813
0.0938933
0.0191533
0.0561933
0.11791
0.139277
0.218537
0.203593
0.181563
0.199993
0.17743
0.18388
0.172313
0.128707
0.12273
0.13789
0.134943
0.114867
0.0944133
0.0766767
0.0988433
0.09122
0.0472
0.0339867
0.0743633
0.0876667
0.0108833
0.0102067
0.0561467
0.04929
0.00723333
0.04825
0.10322
0.05103
0.07282
0.08802
0.11032
0.05872
0.0819867
0.11012
0.133463
0.146747
0.157803
0.133443
0.11525
0.10228
0.104297
0.03682
0.0741633
0.0781567
0.05064
0.00547
0.0181933
0.0138033
0.0248733
0.00093
0.00337
0.00398667
0.00716
0.0132233
0.00762
0.0167933
0.04796
0.0274833
0.0638933
0.0550867
0.0593333
0.0452267
0.0306867
0.0914667
0.120497
0.113613
0.0747867
0.0888
0.0946367
0.0859133
0.0945967
0.12819
0.116677
0.07269
0.105763
0.0679067
0.0906967
0.0923133
0.0988233
0.0677
0.09285
0.0712433
0.0370933
0.0661133
0.03
0.0142933
0.0217567
0.00106
0.00042
0.00196667
0.00506667
0.000306667
0.0046
0.0414467
0.0162533
0.0624633
0.0449367
0.00994333
0.02968
0.00504
0.05295
0.0703067
0.03214
0.01302
0.00608
0.0430533
0.0367433
0.0638367
0.0928667
0.0616767
0.0285133
0.0383133
0.04562
0.0321267
0.02945
0.0696933
0.06734
0.0472567
0.0577167
0.0548267
0.0458267
0.0238233
0.0346933
0.01655
0.000946667
0.00800333
0.00585667
0.00657667
0
0
0.000726667
0.00408
0.00028
0
0.00950667
0.0118933
0.03522
0.00117667
0.00028
0
0.0182233
0.0484567
0.0290733
0.0510567
0.0204967
0.04148
0.00562667
0.0128467
0.000896667
0
0.0296333
0.03185
0.0303033
0.0285267
0.0215333
0.00628333
0.0416433
0.09426
0.11839
0.130367
0.08485
0.0503433
0.03327
0.0204667
0.00603333
0.01737
0.0295033
0.00141
0.01679
0.00184
0.0132033
0.00128
0.02287
0.0355733
0.01306
0.03508
0.0316533
0.0210967
0.00839333
0.0242
0.00728333
0.00533667
0
0.000226667
0.000206667
0.000206667
0
0
0.00630333
0.00594667
0
0
0.00771667
0.01369
0
0
0.00967667
0.01477
0.00166667
0.000113333
0.000113333
0.01982
0.0464767
0.0601067
0.0503467
0.0226833
0.03307
0.00653
0.0785033
0.128017
0.0757433
0.0435867
0.0159667
0.01612
0.02154
0.00704333
0.0113867
0.00083
0.00083
0.00195333
0.00180333
0.000476667
0.000606667
0.00904667
0.0042
0.00113667
0.00537333
0.0162433
0.00888
0.0244433
0.0243667
0.0147733
0.0205667
0.00133667
0.0199833
0.000226667
0
0.000226667
0
0
0
0.000356667
0
0
0.0116333
0
0
0.0187967
0.0373133
0.0108667
0
0.01503
0.0330267
0.01889
0.00527
0.000406667
0.0339767
0.07395
0.05699
0.0558333
0.0731967
0.02258
0.0323567
0.0116467
0.0847133
0.117577
0.133147
0.102493
0.0685167
0.0388633
0.01847
0.0122767
0.00893667
0.0335533
0.0141267
0.00351667
0.01584
0.00703667
0.00532
0.00590333
0.0160033
0.00588
0.00215
0.00219333
0.0107867
0.00248
0.00035
0.00146
0.000913333
0
0
0
0
0
0
0
0.00029
0.000646667
0
0
0.0108233
0.01051
0
0
0.0197633
0.0390233
0
0
0.00138333
0.01822
0.0322633
0.0284833
0.0157733
0.0103733
0.00928333
0.03755
0.07283
0.0600033
0.0743433
0.0694133
0.0614667
0.0509867
0.0371867
0.08088
0.0848433
0.0908867
0.0629967
0.04495
0.0136367
0.03245
0.0469133
0.0112333
0.01764
0.0219567
0.01966
0.02088
0.0441733
0.0261167
0.00711667
0.0177633
0.01282
0.02755
0.02334
0.00434
0.01874
0.0135333
0.0136367
0.00335667
0.00244333
0.000246667
0
0.000113333
0
0.000246667
0.000113333
0
0.00029
0.00058
0
0
0.00125
0.00096
0
0
0.00390667
0.0131367
0.00012
0.00012
0.0243767
0.04107
0.00337
0.00463333
0.0385967
0.0258767
0.0352667
0.0198533
0.0427
0.06071
0.0603533
0.0317233
0.07537
0.109497
0.0830467
0.09468
0.10421
0.0752933
0.0720367
0.02642
0.0534967
0.02904
0.0475933
0.0441367
0.0196333
0.0233467
0.01188
0.00518667
0.02178
0.00844
0.0351933
0.0198133
0.0353067
0.03189
0.0322133
0.0416
0.06446
0.06462
0.05912
0.0250333
0.0287367
0.0196967
0.00972
0.00739
0.00449333
0.000226667
0.000226667
0
0.000246667
0
0.000113333
0
0
0.00029
0.00029
0
0
0.000163333
0.00029
0
0
0.00372333
0.00679667
0.00012
0.00024
0.02119
0.02954
0.00683333
0.00370333
0.0356033
0.0245233
0.0224433
0.0321133
0.02842
0.0449833
0.0749767
0.0627733
0.0405433
0.06693
0.108893
0.0898833
0.12083
0.05602
0.0634433
0.06652
0.114523
0.09366
0.06568
0.01462
0.02982
0.03488
0.0428767
0.0278867
0.01748
0.00266333
0.00469333
0.00825333
0.0200733
0.0211867
0.0416367
0.00733
0.02132
0.0771533
0.107447
0.0533067
0.136743
0.111313
0.134643
0.09539
0.0833967
0.06266
0.0727467
0.0358233
0.0435867
0.00555667
0.0126167
0.0116867
0.00424667
0.00033
0
0
0.000216667
0.000216667
0
0
0
0
0
0.000163333
0
0
0.00268667
0.00624667
0.00012
0.0208667
0.0327367
0.000333333
0.00379667
0.04436
0.0388767
0.0243733
0.00677667
0.0311267
0.0315467
0.0482633
0.02775
0.0288833
0.0513967
0.0407367
0.0184733
0.0346833
0.04777
0.0823133
0.0762367
0.09651
0.04973
0.01883
0.0273567
0.0114667
0.00616667
0.0393067
0.02732
0.0487767
0.0268367
0.0431433
0.0132667
0.0866567
0.03966
0.0181167
0.00623667
0.00336333
0.0942733
0.134513
0.106317
0.147953
0.191803
0.16824
0.142773
0.142823
0.114557
0.09732
0.0667633
0.0477033
0.118417
0.13822
0.19132
0.0964833
0.0661867
0.0537033
0.00679333
0.0225767
0.0714567
0.0256667
0.0453367
0.00573333
0.0119067
0.00446667
0.000216667
0
0
0
0
0.00268333
0.000313333
0.00916
0.0237833
0.000526667
0.00412
0.0364433
0.02597
0.00378667
0.00428
0.0217667
0.0241
0.0104133
0.00794333
0.00919667
0.01356
0.00601667
0.00529667
0.0117
0.00776667
0.0218067
0.0194633
0.04741
0.0440367
0.05597
0.07068
0.0130867
0.0449867
0.00606667
0.00213667
0.00318
0.00647
0.0233767
0.0214067
0.0320567
0.03328
0.0430033
0.0415467
0.0332467
0.01519
0.0083
0.00384667
0.0111867
0.05471
0.0274267
0.0900133
0.06131
0.119997
0.0874433
0.0450933
0.0227633
0.0126033
0.0098
0.0238633
0.0192967
0.03127
0.01506
0.0440533
0.120167
0.0984667
0.11124
0.0572733
0.0750567
0.0373433
0.00858
0.04344
0.01355
0.0663433
0.00632667
0.00714
0.0372667
0.0330233
0.0261533
0.00150333
0.00156667
0.02107
0.0242133
0.00029
0.000506667
0.00946
0.000216667
0.00900667
0.0111567
0.00535667
0.00541667
0
0.000816667
0.00854
0.000203333
0.000203333
0.00328333
0.00347
0.00336
0.00328333
0.00663667
0.00706333
0.0107867
0.01971
0.00677333
0.00487
0.0198833
0.00246333
0.00255333
0.00468333
0.00801333
0.00100667
0.00325333
0.00185667
0.0115067
0.000683333
0.00112
0.00438667
0.02918
0.0428533
0.0413333
0.03118
0.0163367
0.00922667
0.000856667
0
0
0
0
0.0426033
0.0366033
0.0163267
0.00515667
0
0
0
0
0
0
0
0
0.00871
0.0116333
0.0186867
0.0228033
0
0
0
0
0.0034
0.0045
0.0175133
0.00806
0.01045
0.0123233
0.00283333
0.00294333
0.00011
0.0723267
0.0278167
0.0463333
0.0558033
0.04408
0.0339233
0.00115333
0.00115333
0.00115333
0.0103233
0.00815667
0.0820233
0.0403267
0.0447033
0.01875
0.0118767
0.0153033
0.0207467
0.0407067
0.0403933
0.0447733
0.0518933
0.0480967
0.03605
0.02711
0.0180933
0.01761
0.0483533
0.05627
0.0662833
0.09221
0.0814667
0.000743333
0.01333
0.00641333
0.0104333
0.02569
0.00354333
0.0305
0.0374533
0.00069
0.000226667
0.000226667
0.0242967
0.0195467
0.000393333
0.000393333
0.00785333
0.00095
0.000556667
0.0212133
0.00628333
0.0228367
0.0365433
0.0111433
0.0277067
0.00168333
0.0191633
0.0251033
0.00061
0.00127333
0.00742333
0.00467333
0.00312333
0.0220633
0.0225333
0.00019
0.0045
0.03455
0.04758
0.00469
0.00038
0.0360333
0.00019
0.00019
0.00756
0.00083
0.000726667
0.00250667
0.000333333
0.00051
0.00412667
0.0291633
0.01075
0.00807667
0.000616667
0.000506667
0
0.0362967
0.0120433
0.0135667
0.00616
0.01251
0.00635
0.00957667
0.00322667
0.00807
0.005
0.00104
0.00326
0.0223833
0
0
0
0
0
0.07007
0.02885
0.0400367
0.00482667
0.00274
0.00239333
0.0218633
0
0
0
0
0
0
0.0521367
0.0648833
0
0
0
0.00435333
0.0207533
0.00353
0.00465667
0.00336333
0.0123933
0.000676667
0
0
0
0.02177
0.0180367
0.0153133
0.0106267
0.0118467
0.01117
0.000676667
0.00285333
0.00568667
0.0209667
0.0249867
0.0131133
0.0119967
0.0189633
0
0
0.0203267
0.0248533
0.00850667
0.0112533
0.01943
0.0573867
0.06447
0.0840533
0.0748
0.06471
0.0290667
0.01428
0.01184
0.00694667
0.0144733
0.0206333
0.0241833
0
0.0273033
0.0179467
0.02142
0.00542
0.0028
0.01422
0.00893667
0.00574667
0.0436067
0.0323833
0
0.0194767
0.03038
0.000643333
0.00103667
0.00918
0.00855667
0.0064
0.00631333
0.02022
0.0260267
0.0116467
0.02935
0.0476433
0.03812
0.04055
0.0531333
0.02312
0.0378933
0.0379967
0.0270167
0.00191
0.00627667
0.00922667
0.0086
0.00517333
0.00364333
0.00052
0.02904
0.0178567
0
0.00019
0.0416
0.03275
0.00019
0
0.02309
0.0257867
0
0
0.00664333
0.00301
0
0.000103333
0.00031
0.000133333
0.000253333
0.00193
0.00197667
0.0190533
0.02035
0.00418
0.0220833
0.00088
0.00391
0.00026
0.00015
0
0.06949
0.04926
0.06958
0.05474
0.03782
0.0345367
0.02888
0.0306233
0.0110333
0.0142833
0.0305067
0.04719
0.03401
0.05092
0.000446667
0.000836667
0.0268367
0.00751
0.0135
0.0134933
0.0121167
0.00828333
0.00477333
0.00336667
0.00014
0.0192133
0.00372
0.0284767
0.00900667
0.00731667
0.00094
0.000136667
0.000136667
0.00028
0.00014
0.00014
0.0477533
0.0552233
0.022
0.01947
0.00253
0
0
0
0
0
0.01937
0.0148567
0.0498533
0
0
0
0
0.0196533
0.00325333
0.0360533
0.0492133
0.00638333
0.00712
0
0
0.0239867
0.0370833
0.02378
0.0219467
0
0
0.000293333
0.00314667
0.00744
0.0116033
0.00493
0.00111
0.00238333
0.0251767
0
0
0
0.01972
0.0340667
0.00965
0.00654667
0.0211567
0.0333533
0.04911
0.0559767
0.0849067
0.1059
0.103047
0.07111
0.03467
0.0134833
0.00491667
0.00082
0.000363333
0.00033
0.000426667
0
0
0.04698
0.03569
0.00262
0.00451667
0
0.0247033
0.00377333
0.01828
0.0206733
0.00012
0
0.02155
0.00795333
0.00025
0.000893333
0.00648667
0.00401
0.00114333
0.00625667
0.0118
0.00896667
0.0238733
0.03496
0.0282733
0.0133467
0.05302
0.0403533
0.0228433
0.0227467
0.0294867
0.0117167
0.00555667
0.00735
0.00664333
0.00106
0.00503667
0.00105333
0.00052
0.01526
0.00586667
0
0
0.0175933
0
0.00962
0
0.00296667
0.00329
0
0
0.000133333
0.000266667
0
0.00015
0.00015
0.0003
0.00379667
0.00015
0
0.00015
0.00053
0.00432667
0.00494667
0.00847333
0.00467667
0.00770333
0.0997967
0.0862533
0.0562867
0.0114533
0.00485667
0.00849333
0.00261
0.04272
0.06833
0.117407
0.0580333
0.0652333
0.03915
0.0295433
0.00872333
0.0168
0.0435933
0.0253167
0.02832
0.0378233
0.0271567
0.0264033
0.0278833
0.000386667
0.0181367
0.0266
0.01259
0.00811
0.0111967
0.0157967
0.000243333
0.00084
0.0119533
0.00736
0.00092
0.00042
0.00014
0.0153533
0.0217733
0
0
0.000116667
0
0.00187
0
0.0116033
0.00968667
0
0
0
0
0
0.0243433
0.01827
0.0388867
0.0298867
0.0082
0.00592333
0.00589333
0
0
0
0
0
0.0113667
0.0271167
0.0376833
0.03872
0.0241367
0
0
0
0
0.000293333
0.00077
0.00407333
0.000316667
0.00959333
0.02542
0.0296333
0
0
0
0.000293333
0.00108333
0.0176567
0.00021
0.00410667
0.00438333
0.0221233
0.0243133
0.04348
0.0453767
0.0799367
0.0976
0.0997167
0.0775333
0.0444233
0.0282767
0.00995667
0.00698333
0.00148667
0.00386333
0.00072
0.00303333
0.00793
0
0
0.0240033
0.03898
0.00189667
0
0
0.02445
0.0214633
0.00569667
0.00377333
0.00702333
0.00562
0.00201
0.00012
0.00012
0.00567333
0.00106
0
0.00025
0.000863333
0.00122
0.00310667
0.00335667
0.00153333
0.00143667
0.0195567
0.0245467
0.00653
0.00205333
0.0272833
0.0113533
0.00725333
0.00596333
0.00665333
0.00106
0.00271333
0.00271333
0.00054
0.00101667
0.000883333
0.00173667
0.00087
0
0.00838667
0.00192333
0
0
0.00737667
0.000913333
0
0
0.00059
0.000456667
0
0
0.000133333
0
0
0
0
0.00380333
0.000156667
0
0
0.000276667
0.000276667
0.00792333
0.02781
0.0115933
0.02407
0.0278933
0.0153233
0.0115733
0.00651
0.000676667
0.0450167
0.02444
0.000273333
0
0.03204
0.00332333
0.0985933
0.0587733
0.01201
0.0474267
0.102
0.109243
0.118287
0.08537
0.02924
0.0398567
0.0243933
0.0328667
0.0329733
0.00945
0.0920833
0.08572
0.01442
0.0190533
0.0124367
0.0261433
0.0244733
0.00991
0.01241
0.0125967
0.0117933
0.04172
0.0423067
0.02325
0.0347833
0.0317233
0.03854
0.0324867
0.01591
0.00450667
0.0124267
0.0203367
0.04531
0.0369367
0.00039
0.00822
0.000226667
0.000113333
0.00447667
0.01544
0.00432667
0.0243733
0.00880667
0.00014
0.00028
0.00014
0.00715667
0.00610667
0
0
0
0.00236667
0.000116667
0
0.00187
0.00187
0.00149
0.00044
0.00105
0
0
0
0
0
0.00607333
0.00794333
0.0134733
0.00336667
0.00088
0
0
0
0
0.00783333
0.00849667
0.00109667
0.0193333
0
0
0
0
0
0
0
0.000663333
0.0136
0
0
0
0
0.00128667
0
0
0.000486667
0.000486667
0.00657333
0.00658
0.0262167
0.0242133
0.0610367
0.05986
0.07424
0.04253
0.03266
0.0154333
0.0252167
0.0191433
0.00364
0.00844
0.00803667
0
0
0
0.00190333
0.00804667
0
0
0.00737667
0.00880333
0.00216333
0.00204333
0.0011
0.000113333
0
0
0.00138667
0.00533
0
0
0.00536
0.00508333
0
0.00285667
0.000846667
0.00293333
0.00809667
0.00524
0.00658667
0.00805667
0.00576
0.00052
0.00247667
0.00757667
0.00052
0
0.00261
0.00366333
0
0
0.00751
0.00923667
0
0.00598333
0.0127567
0
0
0.000456667
0.00538333
0
0
0.000456667
0
0
0
0
0
0
0
0
0
0
0.000156667
0
0.00394667
0.000276667
0.0115933
0.02781
0.03932
0.0126333
0.00486333
0.0197567
0.0323033
0.03999
0.08792
0.08973
0.0199067
0.0499767
0.00318333
0.00294333
0.05936
0.0605033
0.00285
0.00533667
0.01808
0.05887
0.0449933
0.00348667
0.0295567
0.05811
0.0755433
0.0727867
0.0649767
0.0841367
0.00610667
0.000273333
0.0701167
0.0963933
0.0518
0.00503667
0.00275333
0.00111667
0.00166333
0.0124233
0.00485
0
0
0.000313333
0.00109667
0.00094
0.01695
0.02876
0.01615
0.0434267
0.0263233
0
0.000686667
0.000523333
0.00396667
0.00305333
0.0037
0.01012
0.0127967
0.0288367
0.0329133
0.0156833
0.0164533
0.0125867
0.03149
0.0221133
0.00820667
0.0228567
0.0158267
0.0203333
0.01064
0.0203167
0.0342267
0.00939667
0.0061
0.0261267
0.0370467
0.00482667
0.00226667
0.00201667
0.000323333
0.00457333
0.0124933
0.0045
0.00467333
0.02444
0.02014
0
0
0
0
0.000173333
0.00445667
0.00225
0
0
0
0
0
0
0
0
0
0
0
0
0
0.000433333
0.00044
0.00044
0
0
0
0
0
0
0.000866667
0.000866667
0.000433333
0.02304
0.0172
0.000793333
0
0
0
0
0
0
0
0
0
0.00628
0.00024
0.00663333
0
0
0
0
0
0.000496667
0
0
0
0
0.000493333
0.000493333
0.00457667
0.00426
0.02272
0.0241833
0.0326
0.0310167
0.04086
0.0489633
0.0346067
0.0272733
0.0112933
0.00877333
0.00829667
0
0
0
0
0.00111333
0.000496667
0.000616667
0
0
0
0.000736667
0.00012
0.00012
0
0.000606667
0.000113333
0
0
0.0112533
0
0
0.0108833
0.00905667
0
0
0.00534333
0.00918
0
0
0.02455
0.0232633
0
0
0.0252567
0.04076
0
0
0.0113967
0.02789
0
0
0.0249833
0.02609
0
0
0.0302967
0.0407967
0
0.00636
0.0245
0
0
0.000976667
0
0
0
0
0
0
0
0.000276667
0.00012
0.00012
0.00526
0.00498333
0.00049
0.00404
0.0198333
0.0279033
0.0345767
0.0220867
0.0270767
0.0211167
0.02252
0.00746333
0.0143267
0.0172633
0.00367333
0.0181433
0.104613
0.02944
0.0115567
0.00456667
0.0234167
0.0785567
0.0208033
0.00991333
0.04599
0.07999
0.0670767
0.0329433
0.0535367
0.0294133
0.0249667
0.02108
0.0366967
0.0143633
0.01452
0.00583333
0.00438667
0.0251433
0.00259667
0.000156667
0.00110667
0.01482
0.00202
0.00201
0
0
0
0.000156667
0
0.04435
0.0397
0.02331
0.00772
0.00398
0.00115
0.00308333
0
0
0.000263333
0.000426667
0.000483333
0.000776667
0.00478333
0.00973667
0.04039
0.03875
0.00206
0.00103
0.00103
0.00218
0.000796667
0.00529667
0.01613
0.0146833
0.0148
0.0443533
0.03461
0.04644
0.00120333
0.000173333
0.00561667
0.0117967
0.00757
0.01013
0.00201667
0.0135933
0.0218
0.000346667
0.000173333
0.00714333
0.00886667
0
0
0
0
0.00021
0.00556
0.000173333
0
0.00231667
0.00220667
0
0
0
0
0
0
0
0
0
0
0
0.000433333
0.000433333
0
0
0
0
0
0
0
0
0
0
0
0.000433333
0.000353333
0
0
0
0
0
0
0
0
0
0
0
0
0.00024
0.000353333
0.000353333
0
0
0
0
0
0
0
0
0
0
0.000496667
0.000496667
0.000316667
0.0013
0.00670667
0.01234
0.0282333
0.0290067
0.0398933
0.02943
0.0129733
0.00853667
0
0
0
0
0
0
0.000636667
0.0276933
0
0
0
0
0
0
0.00437667
0.000493333
0
0
0.0107
0.02521
0
0.02212
0.0239367
0
0.0110767
0.0148667
0
0
0.0270533
0
0
0.05216
0.03974
0
0
0.03744
0.0462067
0
0
0.0425333
0.03739
0
0.0499567
0.0505867
0.02589
0.0408467
0
0.00161333
0.00838667
0
0
0.000636667
0
0
0
0.000276667
0
0
0.00012
0.000553333
0.000276667
0.00371667
0.00408667
0.0106
0.0387133
0.0227967
0.0338033
0.0424233
0.0111733
0.02082
0.00648
0.00317667
0.00275667
0.000276667
0.0309167
0.03066
0.0356433
0.03055
0.0235267
0.0212433
0.00839667
0.00637
0.0331267
0.03466
0.0382
0.0135133
0.01088
0.0189167
0.0360867
0.0639767
0.08311
0.02759
0.0286
0.00293333
0.0901867
0.0842567
0.0637867
0.06322
0.04856
0.00315
0.00544333
0.0181967
0.05082
0.0362133
0.0102867
0.00372
0.0474933
0.0305133
0.0278667
0.00995667
0.00598333
0.0522533
0.0455733
0.07003
0.04658
0.00094
0.00687333
0.00671
0.00865667
0.0108567
0.03618
0.01491
0.0189433
0.0281133
0.00892333
0.0286333
0.00868667
0.00194667
0.00194667
0
0
0.000976667
0.00393
0.00385333
0.000253333
0
0.000243333
0.00078
0
0
0
0
0.00019
0.0286167
0.00777667
0.0122833
0.000316667
0
0
0.000253333
0.000253333
0.00370333
0.00344
0.00438667
0.000673333
0.00820333
0.0246133
0.03201
0.0165
0.0265267
0
0
0
0
0.000783333
0.03902
0.0275867
0.02768
0.0300067
0.03171
0.01456
0
0
0
0.00052
0.000853333
0.02894
0.0135
0.00837333
0.0137667
0
0
0.000483333
0.000593333
0.000426667
0.000426667
0
0.00535
0.00535
0
0
0.00011
0.00011
0
0
0
0
0
0
0
0
0
0
0
0
0
0
0
0
0
0
0
0
0
0
0
0
0
0
0
0
0
0
0
0
0
0
0
0
0
0
0
0
0
0.00024
0
0
0
0
0
0
0
0
0
0
0
0
0.000496667
0.000993333
0.00112333
0.0011
0.00691
0.00753
0.0137333
0.0142267
0.00515
0.00048
0
0
0
0
0
0
0
0.00618333
0.00798667
0.00293667
0.00244
0.0140133
0.0123867
0.0063
0
0
0
0
0.00388333
0.00573
0
0
0.0207333
0.02261
0
0
0.02527
0.03052
0
0
0.03116
0
0
0
0
0.03022
0
0
0.0304033
0.0268367
0
0
0.0306733
0.01492
0
0
0.0398367
0.0250667
0
0.0250333
0.0233933
0.00754333
0.00923333
0
0.000636667
0.00077
0
0
0
0
0
0
0
0
0
0
0
0
0.000156667
0.00425667
0.00375333
0.0107333
0
0.000696667
0
0.0102667
0.02605
0.0226733
0.0267167
0.0106667
0.00810667
0.000933333
0.00549333
0.00926333
0.00549667
0.01394
0.0632667
0.0380933
0.0357733
0.03195
0.04398
0.0335667
0.0264567
0.04787
0.0471467
0.0360967
0.02489
0.0259433
0.0370533
0.0387367
0.0256733
0.02875
0.0123933
0.0404533
0.0360867
0.0284
0.00908
0.0255733
0.0612033
0.04898
0.0142667
0.03081
0.01994
0.01648
0.00383
0.00054
0.000356667
0.0231067
0.05646
0.0363633
0.0243967
0.03716
0.00979
0.00231
0.00061
0.00486333
0.00477333
0.00964
0.00144
0.01617
0.000373333
0.00107667
0.0270333
0.0314933
0.0165733
0.0084
0.00167
0.01244
0.00955
0.00196333
0.00783
0.00469333
0.000123333
0.00072
0.00122667
0.0196033
0.01978
0.02762
0
0.000776667
0
0
0.00831667
0.00809
0.0180233
0.0112633
0.00132667
0.00079
0.00536
0.00457
0.00919667
0.00868333
0.000516667
0.000236667
0
0
0
0
0.000976667
0.000206667
0.00152
0
0
0
0.000536667
0.000536667
0
0
0.000536667
0.000536667
0
0
0.00019
0.00511333
0.000476667
0.000186667
0
0
0
0
0
0.00823667
0.01114
0.0179433
0.0105067
0.00019
0.00390333
0.00577333
0.0226667
0.00693667
0.0105633
0.00548333
0
0
0
0
0.0106867
0.00403333
0.0343933
0.0477733
0.0388267
0.00459
0
0
0
0.00377
0.00015
0.01632
0.0313333
0.0088
0.00856667
0.0119967
0.00373
0
0
0
0
0.000853333
0.000426667
0
0
0
0.00015
0
0
0
0
0
0
0
0
0
0
0
0
0
0
0
0
0
0
0
0
0
0
0
0
0
0
0
0
0
0
0
0
0
0
0
0
0
0
0
0
0
0
0
0
0
0
0
0
0
0
0
0
0
0
0.00042
0
0.000916667
0.00610667
0.00034
0.00241667
0.00379667
0.00998333
0.0268
0.000473333
0.00024
0
0
0
0
0
0
0
0
0.02606
0.0108767
0.02317
0.0236733
0.00799333
0.00591667
0.0261133
0.00255667
0.0207433
0.00116667
0
0
0
0.00012
0.00012
0.000503333
0.00184667
0.00184667
0
0.000383333
0.000646667
0.0159433
0.00760667
0.000263333
0.0361967
0.0494867
0.000263333
0.000263333
0.0457033
0
0
0.0269067
0
0
0.01442
0.00870333
0
0
0.0110367
0
0
0.00468
0.00436333
0
0
0.00693333
0.0023
0
0
0.00759667
0.00590667
0
0.00246
0.00246333
0
0
0.000133333
0.000133333
0
0
0
0
0
0
0.000453333
0.000453333
0.000553333
0.00071
0.000906667
0.000906667
0.000856667
0.000956667
0.00360333
0.00389
0.00357667
0.00660333
0.00034
0.00359667
0.000236667
0
0
0.000453333
0.140187
0.0672667
0.0951
0.187837
0.0101367
0.00541667
0.0146
0.0273033
0.0412533
0.0145267
0.01137
0.0767767
0.0298533
0.0403
0.0264233
0.00299
0.0401667
0.06315
0.02107
0.0163567
0.0254333
0.0280133
0.01322
0.0219767
0.0229167
0.0216233
0.0351067
0.0302533
0.00962667
0.00530667
0.0107267
0.01129
0.0307433
0.0100633
0.00596667
0.0412767
0.0337067
0.01526
0.00388667
0.01669
0.0261567
0.0271367
0.00634333
0.01263
0.01458
0.0153
0.0101333
0.0124667
0.02814
0.0082
0.00118333
0.00485
0.00788
0.00117667
0.00389333
0.00120333
0.0110333
0.01136
0.00554
0.00532
0.0024
0.00026
0.00052
0.00026
0.00038
0.000843333
0.000843333
0.00797
0.00712667
0.00438333
0.00373667
0.00997333
0.01135
0.0107367
0.00178667
0.000893333
0.000243333
0
0
0
0
0
0.00383333
0.00062
0.00047
0.0009
0
0
0
0
0.00442667
0.0041
0.00719667
0
0
0
0
0.00103
0.00028
0.0004
0.0004
0.00052
0.00012
0.00487333
0.00433
0.00800667
0
0
0
0
0
0
0.000276667
0
0.000813333
0.00024
0.00012
0.00012
0.00029
0
0
0
0
0
0.00575667
0.0311467
0.01318
0.0330067
0
0
0.00206
0.000846667
0.000556667
0.00029
0
0
0
0
0.04516
0.0312667
0.0150333
0.00206
0.0175
0.01998
0.0279267
0.00116
0.00156667
0.000556667
0
0
0
0.00823
0.00362
0.0128933
0.00878
0.000833333
0.0003
0
0
0
0
0
0.000426667
0
0
0
0.00015
0
0
0
0
0
0
0
0
0
0
0
0
0
0
0
0
0
0
0
0
0
0
0
0
0
0
0
0
0
0
0
0
0
0
0
0
0
0
0
0
0
0
0
0
0
0
0
0
0
0
0
0
0
0
0
0
0
0.000706667
0.00042
0.00589667
0.0117167
0.00298667
0
0
0
0
0
0
0
0
0
0.03888
0.02711
0.0383333
0.02709
0.0103533
0.00534667
0.01978
0.00136
0.000426667
0
0.00181333
0.00193333
0.00720667
0.00577667
0
0
0
0.00592
0.0101833
0.01733
0.03638
0.000496667
0.00349667
0.00326333
0.00359
0.000326667
0.000326667
0
0
0
0
0.00176
0
0
0.00113667
0.000913333
0
0
0.000773333
0.000636667
0
0
0.000456667
0.000456667
0
0.00088
0.0012
0
0.000296667
0.00117667
0
0
0.00019
0.000486667
0
0
0.00330667
0.00357
0.000553333
0.00819
0.0108533
0.00405333
0.0200333
0.0204167
0.01673
0.00469333
0.00261
0.000126667
0.00293667
0.01022
0.00465
0.000626667
0.00037
0.00032
0.000236667
0.000236667
0.00026
0.03493
0.05157
0.02661
0.02545
0.0290833
0.0380867
0.0160867
0.0350767
0.0705133
0.02211
0.0261533
0.00983333
0.00766
0.00673333
0.0106733
0.0272167
0.0382333
0.00871
0.03278
0.0274767
0.0569067
0.03929
0.0130667
0.00623333
0.0424
0.0797533
0.00288667
0.000323333
0.000183333
0.0118133
0.0361767
0.01109
0.00843
0.0061
0.0125033
0.00800333
0.0258567
0.0235033
0.0381267
0
0.00197
0.00987
0.01499
0.0256533
0.0192567
0.0177433
0.00952
0.01092
0.00542667
0.00612
0.00672333
0.00197
0.00609333
0.0234333
0.00600333
0.00981
0.02206
0.00688333
0.0149267
0.00884
0.00022
0.00011
0.00520667
0.00527
0.00253333
0.00275333
0.00692333
0.0294633
0.0142467
0.02351
0.0334533
0.00271333
0.00259333
0.0183867
0.0159733
0.00011
0
0.00011
0.00458
0.00455667
0.00110667
0.00171333
0.0177967
0.0202567
0.00275333
0.000263333
0.00013
0
0.00012
0.00012
0
0
0
0
0.00813333
0.0107767
0.0182267
0.00013
0.00102333
0.000893333
0.000893333
0
0.000243333
0
0
0
0
0.01397
0.01193
0.00572333
0
0
0
0.00071
0.0135333
0.0141633
0.00752667
0.00421333
0
0
0
0.00540333
0.00075
0.00075
0.00075
0.00592333
0.00111
0.00533333
0.0117233
0.0277167
0.0234567
0.0262133
0
0
0
0
0
0
0
0.000276667
0.00714667
0.00245333
0.00233333
0.00012
0
0.000476667
0.00807667
0.00052
0.000633333
0.00052
0
0
0.000683333
0.00632667
0.00562667
0.0244233
0
0
0
0
0
0
0
0.000113333
0.000113333
0.0393333
0
0
0.00454
0.00496
0
0
0
0
0
0.0256033
0.00575
0.000936667
0.00536667
0.000516667
0.00022
0.00015
0.00015
0
0
0
0
0.00114
0
0.00011
0.00011
0
0
0
0
0
0
0
0
0
0
0
0
0
0
0
0
0
0
0
0
0
0
0
0
0
0
0
0
0.00041
0
0
0
0
0
0
0
0
0
0
0
0
0.000526667
0.000936667
0.00041
0.000343333
0
0.000343333
0.000286667
0
0
0
0
0
0
0
0.000823333
0.00075
0.00027
0.000573333
0.000573333
0.00652667
0.0127333
0.00829667
0.0261767
0.0390633
0
0
0
0
0
0
0
0.00027
0.0288167
0.0296933
0.02676
0.00529333
0.00997
0.00639
0.0398167
0.0216767
0.000623333
0.00345333
0.000196667
0
0
0
0.00393667
0.0185167
0.0216667
0
0
0
0
0.0263633
0.0120467
0.00714667
0.00714667
0.00700667
0.0138633
0.02758
0.00853
0.0106167
0.0209633
0.01071
0.00810667
0.02072
0.0197933
0.000986667
0.00066
0.00251667
0
0
0.00123333
0
0.00569333
0.00143333
0.000466667
0.0110133
0.00590667
0.000466667
0.000466667
0.00582667
0.000333333
0.00155667
0
0.00432667
0.00431333
0.00155667
0
0.01305
0.00993667
0
0.01384
0.02228
0.00575333
0.0182267
0
0.00807333
0.0102233
0.02733
0.0298467
0.0130533
0.00979667
0.0257767
0.0442067
0.0272433
0.04024
0.0423867
0.0286633
0.0128367
0.000306667
0.00454667
0.000586667
0.000153333
0.00365333
0.00072
0.00319333
0.0100167
0.00956667
0.0269167
0.311617
0.25605
0.404523
0.53598
0.07029
0.139583
0.0385567
0.0691367
0.18088
0.35146
0.0384633
0.0465767
0.05666
0.0326967
0.162073
0.202227
0.10328
0.01349
0.02806
0.00536667
0.00155667
0.00513667
0.0321933
0.02603
0.0623267
0.260267
0.184857
0.08786
0.0455767
0.0253167
0.00930333
0.00915333
0.0153133
0.00785667
0.00463667
0.0282933
0.0546667
0.09708
0.00676667
0.000933333
0.00747
0.00261667
0.00235333
0.0014
0.0002
0.0004
0.0307733
0.04044
0.04544
0.03649
0.00014
0
0.000826667
0.00304667
0.00125333
0
0
0.0014
0.00641667
0.0008
0.01429
0
0
0
0.00056
0.00122333
0.00485667
0.0135333
0.01886
0.000796667
0.000616667
0.000616667
0
0
0
0.000173333
0.000346667
0.00022
0
0.00044
0.03672
0.0303533
0.0457733
0.03446
0
0
0.00018
0.00018
0
0
0
0.00044
0.00091
0.00041
0.00163
0.0049
0.01968
0.000526667
0.000263333
0
0
0
0
0
0
0
0
0.01274
0.0380667
0.0186367
0.0350133
0
0
0
0
0
0
0
0
0
0
0
0
0
0.0417333
0.0269867
0
0
0.00031
0.00102
0.01482
0.00413333
0.00810333
0.000163333
0
0
0
0.0195833
0.00624667
0.000843333
0
0.00939667
0.0139
0.0288233
0.0310033
0.0393133
0.0398433
0.02729
0
0.00033
0
0
0.000206667
0.000206667
0.000426667
0.00022
0.02357
0.02266
0.00793667
0.00959
0.000713333
0.00869667
0.00133333
0.01563
0.00537667
0.0102233
0.00548
0.00529
0.00033
0.000396667
0.000583333
0.00156
0.00236
0.00386667
0.00386667
0
0
0
0.000236667
0.00233333
0.00222
0.00707667
0.00594333
0.02482
0.0291567
0
0
0.000726667
0.00114667
0
0
0
0.00039
0.000503333
0.00039
0
0.0263067
0.00596333
0.00534667
0.01138
0.00667333
0
0.00041
0.000523333
0.000113333
0.00146333
0.00656333
0.00011
0
0
0
0
0
0.00041
0.00053
0.00082
0.000933333
0.00061
0.00136667
0.000756667
0
0
0
0
0
0
0
0
0
0.00012
0.00012
0.000756667
0
0
0
0
0
0
0
0
0
0.00041
0.00533667
0
0
0
0
0.000303333
0.000303333
0
0
0
0
0
0.007
0.00860333
0.0119267
0.00586333
0.00386333
0.000303333
0.00390333
0
0.000286667
0.000286667
0
0
0
0
0
0.00213
0.00213
0.00438333
0
0.000286667
0.00649333
0
0
0
0
0
0
0.000433333
0.000653333
0.00707667
0.01244
0.00680333
0.0127067
0.00844333
0.04111
0.0295467
0.0547167
0.0405367
0.00302667
0.000196667
0
0
0
0
0
0.00662667
0.00261333
0.0207167
0
0
0
0
0.0347033
0.0472867
0.0376867
0
0.0302267
0.00191333
0.00138333
0.00778
0.000743333
0.00066
0
0
0
0.00403667
0.000966667
0.000966667
0.0267633
0.00893
0.00143333
0.00658333
0.0291033
0.0416167
0.00561667
0.00992667
0.00813
0.0263
0.00633333
0.0144667
0.0127767
0.00694667
0.00217
0.0354
0.0368033
0.000613333
0
0.0560533
0.0460467
0.0268633
0.0462433
0.00374667
0.00374667
0.0164267
0.0205933
0.0481733
0.0105033
0.0456367
0.0325833
0.0811133
0.04974
0.07292
0.0614433
0.0414567
0.04272
0.01454
0.03144
0.00966
0.0409667
0.0264233
0.0986133
0.04191
0.113187
0.0689733
0.00201667
0.000953333
0.00286667
0.00265333
0.0107233
0.01159
0.0275367
0.601863
0.38872
0.632277
0.0764633
0.04473
0.0514567
0.0975433
0.21123
0.34265
0.48606
0.31276
0.0337067
0.02683
0.0218
0.0243733
0.07076
0.0448533
0.03151
0.549327
0.45303
0.15965
0.158197
0.0105633
0.0100833
0.00202667
0.00162333
0.0447267
0.0731167
0.0845533
0.0829033
0.17513
0.22384
0.297997
0.09668
0.0851367
0.00606333
0.00614667
0.00823667
0.00393667
0.00366667
0.0228633
0.056
0.0226233
0.0886867
0.0277933
0.00497
0.00420333
0.00576
0.00314333
0.00271333
0.00024
0.000613333
0.00058
0.000793333
0.00038
0.02995
0.01935
0.0279467
0.0294867
0.00014
0.00024
0.000133333
0
0.00023
0.000906667
0.00559
0.0133567
0.00021
0
0.00021
0
0
0.00419333
0.00628
0.01227
0
0
0
0.00023
0
0
0.000173333
0.000453333
0.000486667
0.000496667
0.01028
0.0232367
0.0223833
0.0245533
0
0
0
0
0
0
0
0.000773333
0.000496667
0.000276667
0.00072
0.00986333
0.00499
0.000616667
0.000263333
0.000333333
0
0.000333333
0
0
0
0
0
0.00664667
0.0179467
0.0370467
0.05127
0
0
0.00041
0.00041
0.000403333
0.000593333
0.000996667
0.000926667
0
0
0
0
0.05248
0.0459967
0.00041
0
0.000243333
0.000553333
0.00454333
0.00104667
0.00145667
0.00128667
0
0
0
0.0306333
0.00563
0.0189667
0.000843333
0.00456667
0.0127
0.0275267
0.0391467
0.0345667
0.03496
0.0282133
0.0121833
0.000586667
0.000256667
0
0
0.000283333
0.00474333
0.00049
0.00468
0.04574
0.0363267
0.0289
0.0177967
0.00147667
0.00856
0.01535
0.0254467
0.02698
0.02663
0.00968333
0.00498
0.01189
0.00834667
0.00781333
0.00190667
0.01262
0.00441333
0.000546667
0.000513333
0.00075
0.00137
0.00639333
0.02139
0.02196
0.0370167
0.00854333
0.0266933
0.01178
0.0251933
0.000726667
0
0.00145333
0.00688667
0.00011
0.00520667
0.00979667
0.00509333
0.00887667
0.0282333
0.0133833
0.00749333
0.0167033
0.0109767
0.0177233
0.0298167
0
0
0.00011
0.00272667
0.00329667
0.00702
0.00250333
0.0209033
0.0233633
0.00399333
0
0.00531333
0.00587667
0.00150333
0.0140867
0.01026
0.00551667
0.00445
0.000456667
0.000456667
0
0
0
0
0
0.00222
0.00234
0.00712333
0.00505333
0.000903333
0
0
0
0.000263333
0.000263333
0
0
0.00545
0.000523333
0
0
0
0
0.000303333
0
0
0
0.000186667
0.000186667
0.00045
0.0242033
0.0302733
0.0196
0.01365
0.000736667
0.00802333
0.01115
0
0
0
0
0
0
0
0.000186667
0.000243333
0.00601667
0.00790333
0.0235033
0.0270567
0.02025
0.0240333
0.00809333
0
0
0
0
0
0
0
0
0.000243333
0.01159
0.00433333
0.00441
0.000846667
0.000583333
0.000583333
0.00594667
0.00536333
0.00635333
0.00762333
0.0259233
0.0416633
0.0761333
0.0776233
0.0864333
0.04779
0.03462
0.00923333
0.00326333
0.000433333
0
0
0
0
0
0
0.000683333
0.00088
0.00489333
0
0
0
0
0.0203367
0.0205133
0.0365433
0
0
0.02489
0.0281733
0
0.01216
0
0
0.00770333
0.000583333
0.000213333
0
0.000333333
0.000773333
0.000333333
0.00609667
0.00442333
0.0103233
0.0235433
0.03178
0.0154733
0.0332167
0.0483967
0.0286367
0.02847
0.0380533
0.0150633
0.0125867
0.0238833
0.05937
0.03932
0.0199267
0.00143333
0.0738767
0.06997
0.0523433
0.0137933
0.023
0.03537
0.0514633
0.0934867
0.03549
0.22287
0.213787
0.137707
0.11333
0.194577
0.179943
0.226293
0.0969933
0.0336233
0.0196433
0.0105767
0.00634333
0.0180767
0.0243867
0.0172467
0.03376
0.0431833
0.05259
0.137147
0.182227
0.248983
0.236947
0.09496
0.0704533
0.0735033
0.246777
0.0913167
0.404947
0.422883
0.32295
0.0201933
0.0409333
0.00793667
0.00215
0.0290833
0.33071
0.07721
0.08721
0.00163333
0.00220333
0.00193667
0.00504333
0.0615267
0.06255
0.05261
0.0346367
0.160257
0.09507
0.0275067
0.0553767
0.0452867
0.0156233
0.00957333
0.0142033
0.0198133
0.01961
0.0298833
0.0191
0.0112067
0.036
0.07221
0.0302267
0.0154833
0.01567
0.00514333
0.00491667
0.00450333
0.00018
0.000213333
0.0119467
0.00779
0.01319
0.000906667
0
0
0.00486
0.00243
0.00232333
0
0.00621333
0.00639667
0.01072
0.00513667
0.00028
0.0055
0.000123333
0
0.000333333
0
0
0
0.00208667
0.00220333
0
0.000963333
0.000733333
0.00694667
0
0
0
0.00028
0.00067
0.000823333
0.00592333
0.00288
0.00440667
0.0079
0.00613667
0
0
0
0
0
0
0
0.00621667
0.00586333
0.000906667
0.000793333
0.00593
0.000353333
0
0.00398
0.00364667
0
0
0
0
0
0
0.00118
0.0125267
0.00647667
0.0317967
0.000733333
0
0.00114333
0.00606667
0.00532
0.01214
0.00815
0.0112033
0
0
0
0
0.04429
0.05075
0.00716333
0.00533333
0.00248333
0.00248333
0.0110333
0.0110267
0.0144667
0
0
0
0.03834
0.0247067
0.0124833
0.00507333
0.00613333
0.00425667
0.02127
0.02376
0.0261667
0.0127633
0.02
0.000256667
0.000513333
0
0
0.000873333
0.00087
0.00512333
0.00879
0.02968
0.03661
0.0313833
0.0171433
0.0150467
0.03422
0.03061
0.0345467
0.0275967
0.0386967
0.0105767
0.00490667
0.0159233
0.0190867
0.0313833
0.02472
0.00197
0.00948333
0.00124
0.00596
0.00267
0.00667333
0.00926333
0.0274733
0.0171833
0.0387933
0.0477667
0.02205
0.0123133
0.01872
0.0298633
0.0199967
0.00599333
0.0201633
0.04416
0.00617333
0.00657667
0.0112
0.0265733
0.0374067
0.0265767
0.0135833
0.0390267
0.0388967
0.02856
0.0136233
0.0480867
0.03661
0.0402733
0.00011
0.0105467
0.0254
0.0224433
0.0122433
0.00701333
0.0378133
0.0248967
0.0128
0
0
0
0.0137467
0.0286667
0.0166233
0.0268633
0.03054
0.0649633
0.0482233
0.00741667
0.00926333
0.00260333
0
0.00788333
0.00587333
0.0234867
0.0226067
0.05937
0.02477
0.0209533
0.00048
0.00214667
0
0
0
0.00562
0.00217667
0.00753333
0.00217667
0.00075
0.00466
0.000436667
0.00021
0.000333333
0.000333333
0
0
0
0
0.00381667
0.00579667
0.00898667
0.0392967
0.0276067
0.0126333
0.00026
0.00519667
0.000693333
0.0122233
0
0
0
0.000136667
0.000323333
0.00256667
0.0101867
0.02692
0.03835
0.0480733
0.0316533
0.0554233
0.04336
0.0429033
0
0
0
0
0
0.000136667
0
0.000243333
0.000486667
0.00465667
0.03082
0.00861
0.0154467
0.00467667
0
0
0
0
0.000286667
0.00127667
0.0274633
0.0441233
0.0843267
0.0950133
0.09563
0.0691933
0.0468267
0.02193
0.00732667
0.00135667
0.000433333
0
0
0
0
0.0007
0
0.000193333
0.00039
0
0
0
0
0
0.00039
0.0006
0.00443667
0
0.000183333
0.00463
0.00887667
0.000183333
0.000453333
0.00562333
0.00116667
0
0.00027
0.000583333
0.000333333
0.00111667
0.00056
0.00519667
0.00598
0.00304
0.00244667
0.01422
0.0307233
0.0149267
0.04457
0.05203
0.0403033
0.0459533
0.0224933
0.04763
0.01049
0.0108133
0.0382367
0.0118833
0.02018
0.0476367
0.00303333
0.00216667
0.0573433
0.03584
0.0113933
0.0272767
0.03221
0.0295933
0.0717
0.0311
0.362027
0.141553
0.10956
0.0804267
0.0165033
0.0333033
0.03221
0.06495
0.05954
0.05323
0.0211767
0.02943
0.0326467
0.123517
0.361427
0.21765
0.45355
0.34768
0.56212
0.34676
0.23473
0.0922267
0.0699367
0.0468433
0.0651133
0.267757
0.29408
0.194977
0.04615
0.0259267
0.01319
0.00167
0.0173533
0.02903
0.0325867
0.291643
0.0522867
0.00101667
0.000926667
0.00456667
0.00838
0.0213467
0.0147233
0.0113733
0.0127267
0.0298267
0.00738333
0.0119733
0.0234367
0.02615
0.04729
0.0423733
0.0107967
0.0111767
0.00776333
0.0230233
0.0433667
0.0703567
0.00693
0.00740333
0.000906667
0.0553333
0.0325867
0.0244633
0.00481333
0.000213333
0.00049
0.000523333
0.00134333
0.000643333
0.0033
0.000906667
0.00488667
0.00707667
0.00256333
0.00024
0.0185367
0.0403733
0.0130433
0
0
0.000643333
0
0.000123333
0.000246667
0
0
0
0
0.000116667
0.0114033
0.0173867
0.0428133
0
0
0
0
0.000583333
0.023
0.000116667
0.000676667
0.00056
0.001
0
0
0
0
0
0
0.0414067
0.0244067
0.00629333
0.00044
0.00044
0
0
0.00409667
0
0.00045
0
0
0
0
0
0.00153
0.00153333
0.00722667
0.000323333
0.00105667
0.00937667
0.0139767
0.02798
0.0180567
0.0308433
0.0112833
0
0
0
0.0161533
0.0339467
0.0196733
0.0135933
0.0145167
0.00808667
0.0281167
0.0304967
0
0
0
0
0.00610333
0.00237667
0.00263333
0.00888
0.01665
0.01592
0.0118767
0.0252933
0.000256667
0
0
0
0.008
0.00584333
0.00117667
0.00979333
0.00729667
0.0152467
0.00947333
0.00966667
0.0396767
0.0489067
0.0401667
0.0284367
0.02354
0.00804667
0.00618333
0.000256667
0.0268533
0.0293167
0.0416133
0.00197
0.00193333
0.00963
0.0143867
0.0190267
0.02151
0.03636
0.0180533
0.0197
0.03015
0.0239667
0.0387967
0.0165067
0.0258967
0.0190667
0.0329333
0.03851
0.0579667
0.06345
0.0253067
0.0478067
0.0365233
0.0261267
0.0140033
0.0305767
0.0387433
0.0393933
0.02804
0.0722333
0.06442
0.04833
0.00281667
0.00888
0.02339
0.04005
0.03066
0.0474933
0.0126667
0.00895333
0.014
0.01744
0.0295367
0.01362
0.000123333
0.0390033
0.0476667
0.0295467
0.0220867
0.05615
0.0293367
0.0881
0.0247767
0.02211
0.0230333
0.00033
0.00033
0.000453333
0.00990667
0.02664
0.03821
0.0884433
0.0457933
0.0764533
0.0248933
0.00592333
0.00788333
0.000186667
0.0114067
0.00387667
0.00775
0.00203
0.00413667
0.000436667
0.000646667
0.00445333
0.00475333
0.000666667
0.000333333
0.000186667
0
0
0
0.01953
0.0226433
0.02157
0.02402
0.00607333
0
0.00026
0.000826667
0.00533
0
0
0
0.00238
0.02585
0.00916
0.02804
0.0388333
0.0156367
0.0349333
0.05277
0.0615533
0
0
0
0
0
0
0.000136667
0.000243333
0
0.00053
0.0047
0.0514767
0.0332633
0.0143333
0.00505333
0
0
0
0
0.000286667
0.00593
0.0308467
0.0691767
0.05901
0.0325767
0.0178633
0.00282667
0.000923333
0
0
0
0
0
0
0
0
0.000926667
0.000506667
0
0.000286667
0.00494
0
0
0
0
0
0
0
0
0.000536667
0.000566667
0.00488667
0.000383333
0.00154333
0.0018
0.00477333
0.00159
0
0.00027
0.00156667
0.00306667
0
0.0124367
0.00422
0.0101567
0.0281567
0.0303967
0.0189767
0.0404233
0.0323533
0.0187433
0.04961
0.04093
0.0150567
0.0130333
0.05099
0.0326167
0.00315
0.00317
0.0249033
0.0100267
0.00097
0.0197833
0.0247233
0.0134667
0.00717667
0.0081
0.0207233
0.0425933
0.0231167
0.0163367
0.12968
0.0824767
0.0509467
0.0630933
0.285683
0.471133
0.547477
0.33086
0.562887
0.40007
0.01012
0.01903
0.0441667
0.0794933
0.129053
0.301707
0.115903
0.07673
0.05119
0.0209267
0.0379333
0.19307
0.33131
0.44029
0.206033
0.07433
0.0725533
0.0490467
0.08737
0.12795
0.01287
0.03026
0.0231733
0.0667733
0.125513
0.103437
0.00078
0.00117667
0.00426
0.00634667
0.000893333
0.000826667
0.00931
0.0104067
0.02789
0.02171
0.0507567
0.000903333
0.000593333
0.0289367
0.0533233
0.0744
0.00885333
0.00685667
0.00694667
0.000343333
0.0552233
0.0647167
0.05702
0.0395133
0.00124
0.00031
0.00075
0.00031
0
0
0.0026
0.0129767
0.000343333
0
0
0.0241033
0.00686333
0.00478
0.00048
0.0680533
0.0333267
0.0665
0.0258467
0
0
0
0
0
0.000123333
0.00024
0
0
0
0.0163867
0.0704933
0
0
0
0
0.00387667
0.0204333
0.00421333
0.0340333
0
0
0
0
0
0.00286333
0.00340667
0.000543333
0.00626
0
0
0
0.05244
0
0
0
0.000253333
0.00101667
0.00311667
0.00255
0.00541333
0
0
0
0
0.0199833
0.00124
0.00098
0.00463667
0.000576667
0.0127033
0.02759
0.0400533
0.02775
0.0117667
0.00514667
0
0
0
0.000926667
0.0104033
0.0103
0.02842
0.0387133
0.02996
0.02935
0.0272133
0.0419333
0.03689
0.0390967
0.04579
0
0
0
0
0.0191667
0.0260533
0.00763333
0.00512333
0.0103967
0.00108667
0.00083
0.0123433
0.0394833
0.02249
0.0467933
0
0
0
0.000783333
0.00771333
0.00573667
0.000536667
0.000793333
0.00126667
0.000943333
0.0405
0.02701
0.0303333
0.0116467
0.00212
0.00261
0
0
0
0.0103633
0.02753
0.00502333
0.00145333
0.0132367
0.0316767
0.03703
0.02767
0.01178
0.00722667
0.00896333
0.00920333
0.0264533
0.0121567
0.0591133
0.0466167
0.0648867
0.0332567
0.0315033
0.0339067
0.0214933
0.00677333
0.00968
0.00581
0.00792
0.02378
0.02313
0.0556133
0.0574767
0.0378167
0.0364833
0.0191633
0.02758
0.02754
0.0380633
0.0233467
0.00715667
0.00739667
0.01766
0.01741
0.000373333
0.00295667
0.00479333
0.03664
0.0220967
0.0236667
0.0131267
0.00354
0.00918667
0.04151
0.0234633
0.03465
0.0465167
0.0375667
0.00592
0.02124
0.00456
0.0217833
0.03215
0.0599467
0.0299867
0.0264267
0.00993333
0.00438333
0.00884667
0.00755
0.00460667
0.00837333
0.00021
0.000473333
0.00450667
0.00900667
0.00467333
0.000186667
0.000373333
0
0.0317967
0.02175
0.0196667
0.00863333
0.00227333
0.00216333
0
0.000333333
0.00018
0
0.000746667
0
0
0
0
0.00616
0.02008
0.00499
0.00514333
0.0115033
0.00691
0.00483667
0.0311267
0.0152233
0.0493767
0
0
0
0
0
0.000116667
0.000116667
0.000286667
0.000286667
0.0554333
0.02981
0.04875
0.0136067
0
0
0
0
0.03068
0.0328867
0.0477
0.0285733
0.0236167
0.01089
0.00481333
0
0
0
0
0
0
0.000116667
0.00392667
0.000526667
0
0
0.00547667
0.00314333
0.000233333
0
0.000233333
0
0
0
0
0
0.000303333
0
0.00063
0.0134633
0.00914333
0.000383333
0
0.00632333
0.00702667
0.02224
0.03073
0.0174533
0.01176
0.01861
0.0115367
0.03053
0.000873333
0.00156333
0.00838667
0.0265967
0.01151
0.00367
0.0143933
0.0143233
0.0168433
0.0146067
0.00847667
0.0161967
0.00981
0.00807
0.0172867
0.00965333
0.00114667
0.00213333
0.0149233
0.00739333
0.000226667
0.000226667
0.00701667
0.00164667
0.000883333
0.01087
0.00810667
0.02215
0.0151633
0.04255
0.0562
0.0170233
0.103447
0.0942567
0.119323
0.179427
0.399013
0.320777
0.354373
0.528163
0.00967667
0.01144
0.0166467
0.03054
0.0703433
0.0465267
0.06055
0.01601
0.04963
0.0434567
0.0345767
0.378437
0.23686
0.0510567
0.11083
0.376147
0.0542033
0.04785
0.05123
0.05158
0.0322333
0.07292
0.02932
0.04008
0.0411067
0.0207
0.00094
0.000383333
0.00231
0.00672
0.00811667
0.00242333
0.01264
0.0129367
0.00273
0.00287
0.00892333
0.0381533
0.0321933
0.0323233
0.00863333
0.02504
0.0326533
0.0399133
0.0249833
0.00075
0
0
0.00014
0.00079
0.0111667
0.00212
0
0.00951333
0.02668
0.00485333
0.000553333
0.06655
0.0411667
0.0336367
0.00903
0
0.000126667
0.000126667
0.000916667
0
0
0
0.00024
0
0
0.02385
0.0421467
0.0683467
0.0659567
0
0
0
0
0.000183333
0.00393667
0.00802
0.02418
0
0
0
0
0
0.00978
0.0103533
0.01101
0.0172733
0
0
0
0.0268267
0.0414867
0.02753
0
0
0
0.000253333
0.00879333
0.01995
0.0227633
0.0237733
0
0
0
0.00327333
0.0220167
0.000886667
0.000253333
0.00431333
0.0100233
0.0252333
0.0242367
0.00518667
0.00829333
0.00673333
0
0
0
0
0
0.0003
0.0003
0.000823333
0.03668
0.04779
0.0407233
0.02951
0.0301067
0.0364333
0.0229567
0.0271833
0
0
0
0
0.000523333
0.000223333
0.000746667
0.000223333
0.0131133
0.00554333
0.00125
0.000573333
0.0183
0.0314067
0.0199067
0.0197633
0
0
0
0
0.00048
0
0
0
0.000213333
0.0291367
0.0155767
0.0297433
0.0120833
0.00049
0
0
0
0
0.000693333
0.00562333
0.00556667
0.023
0.000626667
0.00492667
0.01465
0.0331867
0.02894
0.000873333
0.000383333
0.00049
0.00484
0.0222767
0.00481333
0.0500233
0.06101
0.0518733
0.0265867
0.00252
0.00213667
0.000383333
0.000766667
0.000606667
0.00076
0.0236933
0.0407033
0.0189433
0.0211833
0.03336
0.0242867
0.0110233
0.00644333
0.00824333
0.000283333
0.000646667
0.000886667
0.00924333
0.00929333
0.00423
0.00569333
0.00708667
0.00284667
0.00731667
0.00525333
0.000603333
0.000573333
0.000743333
0.00682333
0.02069
0.01865
0.03737
0.0207333
0.0155167
0.019
0.000526667
0.000703333
0.00528
0.00512667
0.01153
0.0157633
0.02702
0.0250267
0.00858
0.00443
0.00763
0.00982333
0.000263333
0.000263333
0.0100233
0.000763333
0.00543
0.000586667
0.00042
0.000186667
0
0.0175733
0.0172
0.00683333
0.00011
0
0
0
0.000333333
0
0.000333333
0.00018
0
0
0
0.0218067
0.03041
0.01939
0.00044
0.00044
0.00055
0.00011
0.000523333
0.0133367
0.00461333
0.0294633
0
0
0
0
0
0.00391667
0
0.00788667
0.00063
0.00091
0.000396667
0.000396667
0.03731
0.0339667
0.04503
0.02543
0
0
0
0
0.00888333
0.01458
0.0194567
0.0202867
0.0166767
0.02728
0
0.000166667
0.000166667
0.00349333
0.00344333
0.00395667
0.00896
0.00366
0.00026
0.000106667
0
0
0
0.000823333
0.00202333
0.0198233
0.000233333
0
0
0
0
0
0
0
0
0
0.000303333
0.00904667
0.000286667
0
0.00414333
0.00983667
0.0354
0.0434467
0.0180367
0.0285267
0.03544
0.0266267
0.0427433
0.00946333
0.00178
0.0350667
0.00893
0.01
0.0167867
0.0104067
0.01545
0.00181333
0.0011
0.02387
0.00137667
0.000716667
0.01434
0.0293867
0.00151667
0.0008
0.00177
0.00896
0.00140667
0.000606667
0
0.000556667
0.00103
0.000423333
0.00106
0.000176667
0.00287667
0.00752
0.0187167
0.02075
0.0378333
0.0277033
0.0266167
0.03688
0.0348067
0.115773
0.0943067
0.123573
0.174387
0.309863
0.12486
0.205633
0.00403333
0.19627
0.00500667
0.00284
0.0162433
0.0341233
0.0505133
0.05686
0.04308
0.0315533
0.0154033
0.01131
0.0207967
0.107093
0.146183
0.189567
0.199067
0.127827
0.0591033
0.0635667
0.02259
0.06619
0.0785467
0.0210067
0.00124667
0.0206567
0.02515
0.0186467
0.000863333
0.000113333
0.000113333
0.00272
0.0297633
0.02371
0.0401
0.03434
0.04019
0.00521
0.00781333
0.00571333
0.00801
0.00018
0.00032
0.00177667
0.000153333
0.000153333
0.0058
0.00560667
0.000706667
0.000313333
0.0171267
0.00846
0.00902667
0.00036
0.00236333
0.00243333
0.00509
0.00364333
0.000153333
0
0
0
0
0.03541
0.0361967
0.03185
0.01275
0
0.000196667
0.000196667
0.00160333
0.000673333
0.00519667
0
0
0
0
0.0142333
0.0156333
0.0119367
0.0154733
0
0
0
0
0.00554667
0.00725667
0.0110167
0.00911
0
0
0
0
0.0276133
0.03933
0.0403567
0.02856
0
0
0
0.00271
0.00238667
0
0
0
0.00596333
0.00431333
0.00978
0.00425333
0.01669
0
0
0
0
0
0
0
0
0.00823
0.0237367
0.02235
0.0282267
0.0103867
0.0109267
0.00760667
0.004
0
0
0
0
0
0
0
0.0133967
0.00949667
0.00135333
0.000676667
0.00582333
0.00359667
0
0
0
0
0
0
0
0
0
0
0
0.04227
0.0344533
0.0184333
0.01263
0
0
0
0
0.000213333
0.000213333
0.000636667
0
0.000413333
0.00389
0.0138267
0.0390233
0.0400267
0.0509967
0
0
0
0
0.000423333
0.000633333
0.01887
0.03653
0.0415633
0.04592
0.0145767
0.0231667
0
0
0
0
0.00021
0.00021
0
0.000363333
0.0320633
0.0210067
0.0104067
0.00768333
0.000336667
0.000336667
0
0.000363333
0.01149
0.00447667
0.000563333
0.000266667
0.00558333
0.00833333
0.00374667
0.00663
0.000446667
0.000336667
0.000673333
0
0
0
0.000433333
0
0.00600333
0.02425
0.00924667
0.00044
0.00044
0.00055
0.00011
0.000433333
0.00069
0.00553667
0.00600333
0.01034
0.00459667
0.00483
0.0142267
0.03549
0.0273267
0.0355233
0
0
0
0.000766667
0.00561333
0.00051
0.000766667
0.000506667
0.000666667
0.000393333
0.00478333
0.00396333
0.00228667
0.00916333
0
0
0
0
0
0
0
0.000513333
0.00012
0.00012
0.00687
0
0
0
0
0
0.00123333
0.000343333
0.0101367
0
0
0
0
0
0
0.00397
0.00397
0.00669
0.00617667
0.000396667
0
0.0284333
0.03948
0.0359833
0
0
0
0
0.01381
0.03096
0.03256
0.04272
0.0412567
0
0
0
0.00368333
0.00701
0.02115
0.0236033
0.00556
0.000153333
0
0
0
0
0
0
0.000553333
0.00175333
0.00784333
0.00704333
0.02314
0.000816667
0
0
0
0
0
0.000146667
0.000146667
0.00366333
0
0
0
0.000286667
0.000553333
0
0.00037
0.00421
0.0336667
0.0171267
0.00954333
0.0122867
0.03091
0.0283133
0.02873
0.0328833
0.00895333
0.0121033
0.03406
0.00234
0.0155067
0.00625333
0.00044
0
0.0251467
0
0
0.0260467
0.02607
0
0
0.00792333
0.00996333
0
0
0.000733333
0
0
0.000353333
0.00245333
0.00260333
0.00506
0.00777667
0.0222367
0.0133367
0.01139
0.0369167
0.03671
0.0178533
0.0121433
0.0322367
0.0242533
0.0188667
0.04456
0.0201533
0.000476667
0.0133967
0.0300833
0.03259
0.0500333
0.0575
0.000476667
0
0.00139
0.0394567
0.0578167
0.0445933
0.03211
0.0135133
0.00886333
0.01025
0.0248367
0.04376
0.0581733
0.03462
0.0209733
0.00121333
0.0411833
0.01928
0.0301467
0
0.03083
0.06516
0.0619433
0.06175
0.00938333
0.0168067
0.0032
0.00260333
0.00370667
0.000536667
0.00475333
0.0143867
0.00554667
0.0161567
0.00052
0.00229667
0.000153333
0.00200333
0.0018
0.00140667
0.000506667
0.00640333
0.00443333
0.00991
0.00447
0.00609667
0.0173
0.0163633
0.00183333
0.00611333
0.00443333
0.000113333
0
0
0
0.00987
0.00671667
0.00818333
0.00847
0.00173667
0.00269
0.0054
0.0057
0.00477
0
0
0
0
0.0115367
0.00812667
0.00788667
0.00608333
0.00115
0.0023
0.00115
0.00472
0.00379
0.000856667
0
0
0
0
0.02588
0.0111533
0.00119667
0.00232
0.00112333
0.00227333
0.000323333
0.000323333
0
0
0
0
0.00376333
0.00422667
0.0116267
0.0264333
0.000253333
0.00104333
0.00079
0.00198667
0
0
0
0
0
0.00226667
0.00256333
0.00714
0.00053
0.000176667
0.000326667
0.00015
0
0
0.000253333
0
0
0
0
0.00931
0.00969
0.00740667
0.00297
0.00447667
0.00315
0.00057
0.00064
0.000353333
0
0
0
0
0
0
0
0
0.00218333
0.00218333
0
0.0413633
0.0160567
0.02877
0.00901667
0
0
0
0
0
0
0
0
0
0
0.00347667
0.00893333
0.04404
0.0300467
0.0422233
0
0
0
0
0
0.0166367
0.01439
0.02615
0.0208933
0.036
0.0266167
0
0
0
0
0
0
0.0246033
0.02616
0.00213667
0.000133333
0.00675667
0
0
0
0
0
0
0
0.0114867
0.00787333
0.000593333
0.000296667
0.00191
0.00190333
0.000133333
0
0
0
0
0
0
0.00564
0.00014
0
0
0
0
0
0
0.000256667
0
0
0
0.00026
0.0253933
0.0226633
0.0206967
0.00778333
0
0
0
0
0.000256667
0.000256667
0.000836667
0.00111
0.00523
0.00504667
0.000506667
0.00776333
0.000783333
0.0108933
0
0
0
0
0
0
0.00741
0.00315
0.00539667
0.00276
0.0029
0.00300333
0.0029
0.000103333
0
0
0
0
0
0.00022
0
0.00111
0.00264
0
0
0
0
0
0.00626
0.00048
0
0
0.00506
0.0120833
0.0267733
0
0
0
0
0.03322
0
0
0
0.02312
0.05128
0.0369133
0.0407833
0.0239533
0.01144
0.02966
0.00582667
0
0
0
0
0
0
0.000553333
0.00664333
0.01487
0.00693333
0.000706667
0.000123333
0
0
0
0
0
0
0
0.000293333
0.00398667
0.00735667
0.0234867
0.00042
0
0
0
0.000266667
0
0
0.000146667
0
0.00022
0.00059
0.00829667
0.00833667
0.000426667
0.00081
0.00866667
0.0118133
0.00417
0.01411
0.00404333
0.00185333
0.000406667
0.00581333
0.00224333
0
0
0.00963
0.00298667
0
0
0.00998333
0.00813
0
0
0.00277333
0.00277
0
0
0
0
0.00228333
0.00210667
0.00015
0.00015
0.0160467
0.00532
0.00517
0.03811
0.0297167
0.00568
0.00051
0.0308367
0.00051
0
0.0104933
0.00723333
0
0.00723333
0.00382667
0.00676333
0.0328467
0
0.000186667
0.00235333
0.000186667
0.0208167
0.0163567
0.01626
0.0145967
0.0149967
0.0104567
0.00281667
0.005
0.00355667
0.0121167
0.0286867
0.0330067
0.0305533
0.01486
0.01503
0.000606667
0.000606667
0.000513333
0.000256667
0.0457367
0.06888
0.0816767
0.03086
0.0618233
0.00305667
0.00339667
0.00802667
0.0147133
0.02115
0.0213867
0.00411667
0.00429667
0.00143
0.000893333
0.02873
0.0307433
0.01196
0.0113
0.00754
0.0247067
0.0231267
0.000363333
0.000476667
0
0.01145
0.0150733
0.0318267
0.0401733
0.0239367
0
0
0
0
0
0.00458
0.0116333
0.01791
0.0247333
0.00847667
0.00926333
0.0034
0
0
0
0
0.0230267
0.00475667
0.00753667
0.00396
0.0122233
0.0144667
0.0266367
0.0178833
0.000286667
0.000143333
0
0
0
0
0
0.000613333
0.01933
0.00091
0.01963
0.00746
0.0105733
0.00535333
0
0
0
0
0.000296667
0
0.000593333
0.00522
0
0
0
0
0.000133333
0.00322
0.00334
0.00975667
0
0.01535
0.00936
0.0130167
0.0107633
0.00666
0.000283333
0
0
0
0
0
0
0.000133333
0
0.00842667
0.00624333
0.00406
0.02773
0.00654333
0.0125433
0.00039
0
0
0
0
0
0
0
0
0
0
0
0
0.00545667
0.0134667
0.02976
0.0149967
0.02786
0
0
0
0
0
0
0
0.00545667
0.01118
0.01
0.00577667
0
0
0
0
0
0
0.00947333
0.0133833
0
0.00475333
0
0.00524667
0
0
0
0
0
0.00800667
0.00455333
0.000643333
0.000296667
0
0
0
0
0
0
0
0
0
0
0
0
0
0
0
0
0
0
0
0
0
0
0
0.00581667
0.00228333
0.00228333
0
0
0
0
0
0
0.000576667
0.00528667
0.00966667
0.00056
0.00409333
0.00074
0.00371333
0
0
0
0
0
0
0.0260833
0.02401
0.0263333
0.01198
0
0
0
0.00018
0
0
0
0
0
0
0
0.00022
0.00977333
0.00307
0.00043
0
0
0
0
0
0.00048
0
0
0.00022
0.00416333
0.00417
0.0114067
0
0
0
0
0.0505733
0.04968
0.0324633
0
0
0
0
0.0219267
0.0184533
0.00076
0.0107533
0.02918
0.00927
0.02755
0.00639333
0
0
0
0
0
0
0.0193133
0.0105333
0.0427567
0.0142367
0.00858
0.000693333
0.00057
0
0
0
0.00403667
0.0201667
0.0205767
0.0380733
0.02575
0.00078
0
0.00042
0
0
0
0
0
0
0
0
0
0.000146667
0.000343333
0
0
0
0.00022
0.000466667
0.00016
0.00016
0
0.00022
0.00044
0.000533333
0.000306667
0.00022
0.00603333
0.000226667
0.00581333
0.000226667
0.000226667
0.00581333
0
0.00057
0
0
0
0.00131333
0.00057
0
0
0.000916667
0.000743333
0
0
0.000173333
0
0
0
0
0.01544
0
0
0.04555
0.02938
0
0
0.04061
0
0
0.0164367
0.02787
0
0
0.00875667
0.00329
0
0
0.000666667
0.00194
0.00089
0.00209
0.000853333
0.0058
0.0073
0.0228033
0.03419
0.0264167
0.0267733
0.02421
0.0258333
0.0377267
0.0328067
0.0257467
0.00889667
0.00269333
0.00052
0.000256667
0.00297
0.00551333
0.0205867
0.0218067
0.0480567
0.0375733
0.0699833
0.03599
0.05506
0.0213533
0.04633
0.04129
0.0553267
0.0375267
0.00231667
0.00222667
0.0519667
0.0439933
0.0731867
0.00732333
0.0203
0.00983667
0.0687567
0.0551833
0.000773333
0.000273333
0.0005
0.00075
0.00025
0.00311667
0.00430333
0.0109033
0.0195
0.0312767
0.0649433
0.0285667
0.0430933
0.00942
0.00088
0.00063
0.00063
0
0.0022
0.000266667
0.00128667
0.000686667
0.06033
0.00448667
0.00014
0.00014
0.00039
0.00025
0.00048
0.00235333
0.00162333
0.00319333
0.02469
0.0375833
0.0281767
0.000143333
0
0
0.000633333
0.00068
0.00498667
0.00923
0
0
0
0.000183333
0.00357
0.000833333
0.0196967
0.0257633
0.000276667
0.00104667
0.00077
0.0259167
0.0278967
0.03862
0.02382
0
0
0
0
0
0.00035
0.000483333
0.00100333
0.00077
0.0215933
0.0103033
0.00854667
0.00448667
0.0065
0.00033
0.00044
0.000223333
0
0
0
0.000233333
0
0
0.000426667
0
0
0
0.00702333
0.0126767
0.00660333
0.00650333
0
0
0
0
0
0
0
0
0.00102333
0.00074
0
0
0
0
0
0
0
0
0.00375
0.00375
0
0.000493333
0
0.000493333
0
0
0
0
0.000346667
0.00409667
0.000346667
0
0
0
0
0
0
0
0
0
0
0
0
0
0
0
0
0
0
0
0.000346667
0.000346667
0
0
0
0
0
0
0.000346667
0.000603333
0.000603333
0.00531333
0.00942
0.00036
0.00018
0.00018
0
0
0
0
0
0
0
0
0
0.0264133
0.0388667
0.04086
0
0.00018
0
0.00018
0
0
0
0
0.000226667
0.00047
0.000226667
0.000243333
0.0285433
0.01181
0.00541333
0.000736667
0
0
0
0
0
0
0
0.000686667
0.000443333
0.000443333
0.000213333
0.000306667
0
0
0
0
0
0
0
0.00436
0.000406667
0.000126667
0.000496667
0.000623333
0.00355
0.00363667
0.00378333
0
0
0
0
0.0136467
0.0235333
0.06485
0.0512933
0.0696633
0.09265
0.0582467
0.0204833
0.01882
0.00679333
0
0
0
0
0.00452667
0.0043
0.00848
0.00450333
0.000486667
0
0.00036
0
0
0
0
0
0
0.00311333
0.00622333
0
0
0
0
0
0
0.000196667
0.000196667
0
0
0
0
0
0
0
0
0
0
0
0
0
0
0
0
0
0.000363333
0
0
0.000363333
0
0
0
0
0
0
0
0
0
0
0
0
0.00027
0.00027
0
0
0.00287667
0
0
0.0204467
0.0161167
0
0
0.03594
0.0278133
0
0
0
0
0.0200167
0
0
0.00222667
0.00311667
0
0.00114667
0.00048
0.00227
0.0177267
0.00413667
0.00250667
0.00151
0.00673667
0.0149667
0.0295333
0.0415133
0.0425567
0.03799
0.0423167
0.0331333
0.00611667
0.0406167
0.00857333
0.0375567
0.0694567
0.132823
0.135733
0.07758
0.02942
0.111183
0.04697
0.01373
0.00419667
0.0870333
0.06967
0.100157
0.117757
0.00840667
0.00693667
0.01186
0.00594667
0.00260333
0.01306
0.10765
0.0456833
0.0104133
0.00584667
0.0117533
0.00678667
0.00514667
0.00057
0.00401
0.0013
0.0706233
0.0364033
0.0143533
0.0103533
0.01063
0.00461333
0.00558333
0.00136
0.00175667
0.01238
0.0116733
0.0152467
0.0549733
0.0646167
0.0507133
0.000343333
0.00538667
0.0048
0.00719333
0.00733333
0
0.000613333
0.00043
0.00104333
0.00142333
0.0173333
0.00825333
0.00075
0.00855
0.00925333
0.0235933
0.0254967
0.0385433
0.000206667
0
0
0.00035
0.00107333
0.0167433
0.00947333
0.0258433
0.0236933
0.00904
0.00518333
0.00271333
0.00436667
0.00674667
0.00435
0
0
0
0.00893667
0.000466667
0.00474333
0.00404667
0.00362
0
0.00032
0.00022
0.00011
0.00249
0
0
0
0
0
0
0
0.00237
0.00237
0.00021
0.00021
0
0
0
0
0
0
0.00237
0
0
0
0
0
0
0
0
0
0
0
0.00194667
0.00518667
0.00324
0
0
0.000126667
0.000126667
0
0
0.00354
0.00324
0.0003
0.000103333
0.000103333
0.00024
0.000366667
0
0
0
0
0.0003
0
0.00697333
0.00721667
0.000113333
0.000353333
0.00129
0.00129
0.000126667
0.000126667
0
0.0158667
0.00899667
0.00897333
0.000926667
0
0
0
0.000113333
0.00086
0.00215
0.000196667
0
0.000196667
0.00545333
0.00106667
0.0215067
0.03853
0
0
0
0
0
0
0
0.000253333
0.000253333
0.00111333
0.000423333
0.000453333
0.0384967
0.0216367
0.00528667
0
0
0
0
0
0
0.00460667
0.00484
0.00462333
0.00154667
0.00113
0.00110333
0.00061
0.000306667
0
0
0
0
0
0
0.00235
0.00175
0.000726667
0
0
0.00146333
0.00529333
0.00108667
0.00461667
0
0
0
0
0
0.0836367
0.112083
0.0932367
0.0612333
0.02458
0.01357
0
0
0
0
0.000766667
0.00196667
0.01105
0.00987333
0.00697
0.00315667
0
0
0
0
0
0
0
0.00311333
0.013
0.00101667
0.00724
0
0
0
0
0
0
0
0.000423333
0.00064
0
0
0
0
0
0
0
0
0
0
0
0.00474667
0
0
0
0
0
0.00511
0
0
0
0
0.00048
0.000363333
0
0.000116667
0
0
0.000306667
0.000306667
0
0
0.00338667
0.00342333
0
0
0.00829667
0.00880667
0
0
0.0123567
0.01726
0
0
0.0172233
0
0
0
0.0242
0.0061
0
0
0.00102667
0.000543333
0
0.00048
0.00254667
0.00142333
0.0185633
0.01813
0.00477333
0.00274
0.0109633
0.0144267
0.03041
0.0248067
0.0313433
0.0170467
0.0273433
0.0981667
0.03397
0.106583
0.0840067
0.0596033
0.0335867
0.0175567
0.0122533
0.02723
0.05958
0.0935667
0.0293133
0.0281167
0.03912
0.0273233
0.00422667
0.00073
0.000216667
0.00122667
0.0174133
0.04099
0.0292633
0.03282
0.0151567
0.0289
0.0188567
0.0332167
0.00897333
0.0410733
0.00823
0.00102667
0.0191267
0.01358
0.0281733
0.0223733
0.000803333
0.00464667
0.00470333
0.0226433
0.01799
0.00475667
0.0013
0.0114333
0.02454
0.01128
0.0127
0.0125767
0.00081
0.000603333
0.000976667
0.0267533
0.0317667
0.01064
0.01086
0.00529667
0.00562667
0.02186
0.00881333
0.0239433
0.00527333
0.00119
0.00119
0.0167533
0.00828333
0.000233333
0.00846333
0.0114367
0.02859
0.02147
0.00580333
0.01743
0.0208533
0.0327667
0.00190667
0.00435
0.00244333
0.00363333
0
0
0
0.02022
0.00474
0.000196667
0.006
0.000653333
0.000653333
0.00256
0
0
0.01075
0.00838
0.00647333
0.000463333
0
0
0
0.000196667
0
0
0
0.0184967
0.00419333
0.01949
0.000463333
0
0.000126667
0
0
0
0
0.0226567
0.00865333
0.000103333
0.000206667
0.00396
0.00372
0.00125
0.00125
0
0.00741667
0.00230333
0.00707667
0.0138433
0.00730333
0.0107833
0.00322333
0.00318333
0.00213
0.00216333
0.000253333
0.00203667
0.0509233
0.0527033
0.000593333
0.00363333
0.00411333
0.0105833
0.01217
0.0157267
0.0132433
0.00191
0.000196667
0.06169
0.00989667
0.02543
0.00124667
0.000463333
0.00082
0.000446667
0.00126667
0.00104
0.000253333
0.0051
0.00596
0.00161667
0.0111967
0.0100033
0.0173267
0.00067
0.0177167
0.01749
0
0
0
0.000526667
0.000526667
0.00134667
0
0
0
0.0337767
0.01396
0.02464
0.000833333
0.00053
0
0
0
0
0
0.00113
0.000403333
0
0.0290467
0.01413
0.00966333
0.01396
0.00637333
0.0132567
0
0
0
0
0
0
0.06312
0.0506467
0.00878667
0
0
0
0
0.0221267
0.00941
0.0152833
0.0179933
0.01917
0.0127767
0
0
0
0.00014
0.01694
0.00719333
0.0272967
0.00245667
0.00101667
0
0
0
0
0.00206333
0.00204667
0.00961667
0.00606
0.00303
0
0
0
0
0
0.00014
0
0
0
0
0
0
0
0.000233333
0
0
0.00515
0.000563333
0.00016
0.00016
0
0
0
0
0.02162
0.02166
0
0
0.01895
0
0.00255667
0.00246333
0.000116667
0.000386667
0
0.000973333
0.000666667
0
0
0.0104733
0.00802333
0
0
0.0155867
0
0
0.01998
0
0
0.01728
0
0.00977
0
0
0
0.00538333
0
0
0.000233333
0
0.000526667
0.00147
0.00499333
0.0117933
0.00905333
0.0106
0.0115633
0.00859667
0.00954667
0.0266367
0.0416267
0.02279
0.03132
0.0464867
0.0554833
0.00098
0.00150333
0.00177
0.01721
0.04052
0.07236
0.0825567
0.05876
0.0560633
0.0291433
0.01099
0.00700667
0.02936
0.0402267
0.0300367
0.0384467
0.04213
0.00606667
0.03914
0.02262
0.00249333
0.0310433
0.01317
0.0513333
0.0395433
0.0283067
0.0147233
0.00533667
0.00658333
0
0.00161
0.000763333
0.00148667
0.0281367
0.0520033
0.00901667
0.00505667
0.00118667
0.00120667
0.0312267
0.00917
0.0199933
0.00906667
0.0028
0.01
0.04161
0.04426
0.01387
0.00488667
0.0118133
0.0317533
0.0455567
0.0281567
0.0466933
0.03866
0.04307
0.0121067
0.0108333
0.00743667
0.00161667
0.0681333
0.0499167
0.00978667
0.00409
0.0168933
0.00241667
0.0101733
0.0103167
0
0.00022
0.00022
0.0380767
0.01439
0.0145767
0.00903
0.000106667
0.000303333
0.00041
0.000573333
0.00177333
0.00233667
0.00609667
0.00246667
0.02018
0.00974667
0.00719
0.000353333
0.00046
0.000146667
0.00134667
0.0012
0.03434
0.0496367
0.0383433
0.00707333
0.00045
0.00394667
0.000706667
0.00186667
0.000763333
0.03183
0.0149067
0.0103133
0.0168367
0.0255333
0.0189367
0.00504667
0.0196967
0.00373
0.0169133
0.00992
0.0110333
0.06922
0.09654
0.0265533
0.0380233
0.04032
0.0513733
0.0278533
0.136643
0.100013
0.0713067
0.0252567
0.01236
0.00236
0.01286
0.00694667
0.00474667
0.0224367
0.00694667
0.00388333
0.0324
0.0105467
0.00163
0.00277667
0.00141333
0.00123667
0.00263333
0.0140033
0.01529
0.02457
0.00178333
0.0382667
0.05689
0.00875333
0.00893
0.00822333
0.00053
0
0.000213333
0.000213333
0.0005
0.000713333
0.00260667
0.0592233
0.0571633
0.0314533
0
0
0
0.0628967
0.05398
0.0457567
0
0
0
0
0.0140633
0.0384233
0.0286867
0.03959
0.02709
0
0
0
0
0.0133667
0.03705
0.0328667
0.03966
0.00288
0.00144
0
0
0
0.00836667
0.0281933
0.02946
0.0405633
0.0230667
0.00774667
0.00127333
0.00352333
0.00078
0.00230333
0.00501
0.00270667
0.00041
0.00297667
0.00658333
0
0
0
0
0
0
0
0
0.000543333
0.000776667
0.00708
0.00624
0.00546
0.00546
0
0.00390333
0.0035
0
0
0.00019
0.000423333
0.000233333
0.0202533
0.0348967
0.00708333
0.000466667
0.000233333
0.0336333
0.0205267
0.000233333
0
0.00575
0.00382667
0
0.000423333
0
0
0.000913333
0.0004
0
0
0.00796333
0
0
0
0
0.0279933
0
0.000406667
0.0200333
0.02533
0.000406667
0.00121667
0.0066
0.00221333
0.00081
0
0
0
0
0.000473333
0.000233333
0.000233333
0
0.001
0.00607333
0.00912333
0.02397
0.02258
0.0359267
0.0241767
0.0211867
0.00666
0.00303667
0.00257667
0.0514467
0.0495033
0.0397567
0.0401533
0.0354433
0.0439267
0.0271933
0.0437133
0.03049
0.03288
0.00679
0.04344
0.0471633
0.036
0.0289333
0.0149933
0.01905
0.03432
0.0393567
0.0574567
0.0116633
0.00533
0.00100333
0.00082
0.0272767
0.01598
0.0233667
0.02066
0.06658
0.0584767
0.00056
0.00460667
0.00984667
0.0300667
0.0282333
0.03948
0.0326767
0.02898
0.0284233
0.0323533
0.00205333
0.0551533
0.0794167
0.0116967
0.0045
0.0125333
0.000436667
0.000436667
0.00022
0.0785533
0.05543
0.0351333
0.0179667
0.00755
0.00791333
0.00811333
0.00044
0.00407
0.0200467
0.0173733
0.0032
0.00295333
0.00228333
0.0363733
0.02863
0.00709333
0.00948
0.00225333
0.04669
0.0380733
0.0260633
0.01437
0.03103
0.0224267
0.0451167
0.0307067
0.00397
0.0303467
0.0327067
0.0441133
0.0250433
0.07337
0.0470267
0.04663
0.05546
0.06926
0.07116
0.0324633
0.0276267
0.00607
0.123213
0.159167
0.14791
0.09668
0.01648
0.03487
0.0311133
0.04799
0.01244
0.01518
0.0397067
0.0594533
0.01937
0.02037
0.01133
0.0758
0.0440667
0.0947967
0.0453
0.00662333
0.08854
0.0190567
0.0278267
0.0242033
0.0142533
0.00842333
0.00753333
0.0131367
0.0350433
0.0273133
0.0849867
0.00524333
0.01128
0.00484
0.0934433
0.0918933
0.0701967
0.0103867
0.01624
0.00269333
0
0
0.000293333
0.000293333
0.00403667
0.00411667
0.0117467
0.05895
0.0193733
0.0604933
0.0498667
0.05443
0.0447633
0
0
0
0
0.0423833
0.0618067
0.0687133
0.02226
0.0533233
0.0138967
0.00274
0
0
0
0
0.06687
0.0735
0.09342
0.0369333
0.0124067
0.0277367
0.0052
0.00230333
0.00704333
0.00975
0.0220267
0.0205033
0.00619333
0.00650333
0.00946
0.02576
0.0013
0
0
0
0
0
0
0
0.00114
0.0102033
0.01591
0.0558733
0.0114733
0.01177
0.0301633
0.0297
0.0251267
0.0108133
0.00409
0.00407333
0.00260333
0.000733333
0.00318333
0.00131333
0.00131333
0.00554333
0.00115667
0.00038
0.0012
0.0215167
0.00715667
0.00736667
0.00476
0.00619667
0.01058
0.00562667
0.0301433
0.0172633
0.02987
0.00553667
0.000376667
0.00572333
0.0131867
0.000143333
0.000406667
0.000263333
0.000263333
0.000923333
0
0
0.00826667
0.00174
0
0
0.01406
0
0.000773333
0.0219767
0.0265233
0.00118
0.00593333
0.01815
0.00693
0.00597
0.00442667
0.00918
0.00442667
0.00221333
0.00361667
0
0.000443333
0
0
0.00551
0.0105833
0.02629
0.0366267
0.0482233
0.0489133
0.0386333
0.0226567
0.00623
0.00113667
0.01212
0.0236633
0.0168567
0.00770333
0.0502333
0.04327
0.03246
0.03598
0.0437233
0.0351333
0.03635
0.0179633
0.00777333
0.000376667
0.000813333
0.000366667
0.0354233
0.0398367
0.02697
0.000366667
0.00609
0.000656667
0.0348567
0.00567333
0.01939
0.00808667
0.0237
0.02568
0.0426967
0.000436667
0
0.0331867
0.05262
0.00230333
0.00196667
0.00022
0.00414
0.00051
0.00768333
0.0322367
0.0378733
0.0205667
0.01908
0.00257333
0.0238
0.02892
0.0343167
0.0295067
0.03105
0.0432067
0.0370333
0.07298
0.0483667
0.0463267
0.0365133
0.0282933
0.0405133
0.0334233
0.02369
0.0101033
0.0362267
0.0979933
0.128203
0.0500167
0.0343167
0.02683
0.0367467
0.0225767
0.07257
0.0467
0.0588167
0.0672933
0.05746
0.0478433
0.0949667
0.07767
0.123683
0.04263
0.0671167
0.04281
0.02637
0.0126133
0.0282733
0.02906
0.0313933
0.0432067
0.04632
0.0588033
0.00320667
0.02103
0.000513333
0
0.0701067
0.0646933
0.0412667
0.0215333
0.000466667
0.00196667
0.00214
0.0104633
0.0333567
0.0455867
0.00937333
0.00051
0.00051
0.00522667
0.00945667
0.00690333
0.02065
0.00475
0.0103767
0.00934333
0.000266667
0.00103667
0.000516667
0.00155333
0
0.000516667
0.000466667
0.0138633
0.0223767
0.05868
0.03286
0.0512633
0.03633
0.0264667
0.0229067
0.0367
0.00899667
0.0159467
0.0162133
0.0200367
0.0286567
0.00486667
0.0134867
0.00181333
0.00565333
0.00424
0.00177
0.00105333
0.05108
0.0345533
0.01098
0.0158567
0.00144333
0.00528
0.00681
0.00608
0.00726333
0.00219333
0.00690333
0.03747
0.04169
0.0368267
0.0547867
0.03495
0.02472
0.0367667
0.00556667
0.036
0.00067
0.00814667
0.01197
0.00788333
0.00791667
0.00535333
0.00162667
0.000296667
0.000686667
0.00598
0.00889
0.00039
0.00114667
0.00986333
0.00831
0.00153
0.00924333
0.0113967
0.01324
0.00471667
0
0.00221333
0.00671
0.0109867
0.00813
0.0247867
0.0240733
0.02581
0.0386
0.00872333
0.0251533
0.000683333
0.00577667
0.000443333
0
0
0.0323133
0.0157033
0.0288433
0.0228733
0.0380967
0.0044
0.00318667
0.00287
0.0300967
0.07286
0.0699867
0.0822833
0.08007
0.0747367
0.0837967
0.0505033
0.101667
0.132537
0.0424633
0.0499033
0.02962
0.0246267
0.01066
0.00437
0.00944667
0.0208033
0.0184767
0.0218033
0.0365467
0.0281133
0.0468067
0.05092
0.00427667
0.00093
0.00179333
0.00609
0.0024
0.0183
0.0411467
0.02078
0.0335333
0.028
0.0128467
0.00969
0.000813333
0.0101833
0.00914667
0.0110067
0.00131
0.00322
0.00861667
0.00542667
0.0261167
0.01208
0.0282267
0.0243333
0.00578
0.00732333
0.00133667
0.0159033
0.03165
0.0696467
0.06283
0.0291633
0.0109533
0.0296833
0.0188067
0.00958
0.00770667
0.0114533
0.0588133
0.03741
0.0553933
0.0511067
0.0119333
0.0296067
0.0256667
0.0400533
0.0233867
0.02817
0.0293067
0.00362667
0.0661533
0.0274
0.137193
0.113623
0.0419067
0.07911
0.0772667
0.0181833
0.0182167
0.02834
0.0366267
0.00821333
0.00741
0.0150933
0.000983333
0.00585667
0.017
0.00631667
0.01006
0.02267
0.02845
0.0126033
0.0201133
0.01022
0.0230467
0.0207333
0.0269233
0.0101567
0.0222733
0.0206133
0.00279
0.00529333
0.00898667
0.00980333
0.00907
0.00875
0.0131867
0.01202
0.00779
0.0131633
0.00103333
0.00400667
0.000416667
0.000656667
0
0
0
0.03241
0.03427
0.03207
0.03186
0.02721
0.0397933
0.056
0.03793
0.00870333
0.0102
0.01582
0.0132533
0.0160167
0.0100767
0.00685333
0.0122733
0.00734333
0.0232533
0.03144
0.0221667
0.0280933
0.00658333
0.00400667
0.00757
0.0100867
0.00253
0.00149
0.00114
0.00748
0.03732
0.0753833
0.04164
0.0527767
0.0348767
0.0689567
0.0918233
0.108247
0.19342
0.0568233
0.146283
0.0252567
0.0801367
0.129493
0.141063
0.110997
0.02907
0.0423067
0.113973
0.07286
0.0498767
0.00678667
0.0384467
0.0723567
0.08349
0.05238
0.0289267
0.131413
0.0943433
0.09766
0.07947
0.0306333
0.05349
0.03795
0.03001
0.0204833
0.0151433
0.0307067
0.0251633
0.0276267
0.04406
0.0200333
0.0208967
0.0352133
0.04029
0.0271667
0.0219467
0.0144
0.0179067
0.0200433
0.01093
0.00894
0.0253333
0.0112967
0.0386067
0.0242733
0.0239367
0.0221467
0.00623
0.00660667
0.000416667
0.00135667
0
0.00414667
0.0297867
0.06714
0.0254567
0.0930333
0.0781033
0.117
0.0520933
0.0107867
0.0129633
0.0197667
0.0256
0.02523
0.0512433
0.05789
0.008
0.04645
0.00199
0.02218
0.05551
0.03463
0.00949
0.0349933
0.0375233
0.04023
0.0430933
0.110233
0.0438833
0.03298
0.0229867
0.04288
0.0843933
0.0748967
0.175713
0.233517
0.0628767
0.172497
0.131567
0.243223
0.193293
0.141943
0.16561
0.0129233
0.212787
0.160843
0.153513
0.19711
0.16045
0.0892067
0.0488967
0.0718667
0.0601333
0.0385367
0.041
0.0313667
0.0389567
0.0258633
0.0573067
0.0421933
0.0153967
0.00776333
0.0540967
0.00804333
0.00849667
0.01636
0.0228433
0.0452333
0.01358
0.0289967
0.0403833
0.0522
0.0514833
0.04281
0.0317233
0.01459
0.00642667
0.00438333
0.00512667
0.0637367
0.10313
0.10282
0.108087
0.0583633
0.0271867
0.00926333
0.04262
0.0484367
0.06074
0.00877667
0.0093
0.12511
0.0542767
0.04919
0.0435067
0.12242
0.0332867
0.0462467
0.0819233
0.147873
0.0314
0.05461
0.0248667
0.01773
0.04041
0.0315067
0.02556
0.0559167
0.0395067
0.02196
0.00676
0.06289
0.00303
0.00292667
0.00811333
0.01968
0.0123767
0.0396567
0.0181533
0.0339533
0.0367533
0.0436133
0.0333133
0.0127067
0.00831333
0.0336133
0.0549333
0.126587
0.0813867
0.106867
0.125057
0.0376233
0.06758
0.02074
0.00963
0.03551
0.0308167
0.00215667
0.01325
0.01787
0.00398333
0.00456667
0.00272333
0.0234167
0.00928667
0.00909
0.0425633
0.0364433
0.00696333
0.01051
0.0655667
0.0603733
0.00478667
0.00463667
0.0633933
0.0640267
0.0430233
0.0213733
0.00865333
0.02442
0.00425
0.00876667
0.00693333
0.0287333
0.03573
0.02795
0.01896
0.0174633
0.00937333
0.0122533
0.05089
0.0681233
0.09709
0.08189
0.07057
0.0344767
0.0135733
0.0148767
0.0233167
0.00210667
0.00731
0.00770667
0.00100667
0.000473333
0.000333333
0.00424667
0.00931333
0.0611933
0.0295633
0.00183333
0.06361
0.07743
0.00229333
0.0577233
0.00636667
0.00539333
0.0367067
0.00539667
0.00663667
0.02354
0.0389233
0.00032
0.000583333
0.00225667
0.04899
0.0414833
0.0303433
0.0156
0.00636333
0.00163333
0.00923667
0.03209
0.0485
0.0276667
0.0293867
0.0261167
0.00537
0.00310667
0.00447333
0.00147
0.00505333
0.00743
0.01563
0.00778333
0.0211633
0.0809533
0.04879
0.01768
0.09288
0.0636167
0.04255
0.02383
0.0113167
0.0297767
0.0249633
0.0023
0.00565333
0.0189467
0.000423333
0
0.00209667
0.00364667
0.02391
0.03857
0.0244333
0.0237133
0.00805667
0.00545
0.00056
0.0029
0.00654333
0.0116
0.00802333
0.00295667
0.00252333
0.00436333
0.00471333
0.00984
0.00512
0.00894333
0.01655
0.0365867
0.0228867
0.0244567
0.0557
0.0256633
0.0400333
0.06242
0.02751
0.03354
0.05743
0.0502967
0.04533
0.01591
0.0229867
0.00303
0.00165333
0
0
0
0.00155
0.00824
0.00178333
0.00739333
0.00940667
0.0117867
0.00719
0.00418
0.00115
0.000136667
0.0207333
0.0343567
0.0232133
0.00547
0.00357667
0.0200367
0.01965
0.0170733
0.00256
0.000233333
0.00647
0.00601667
0.0250567
0.00945
0.01488
0.0173033
0.0215133
0.0298533
0.0285767
0.0287533
0.0223367
0.0112733
0.0305433
0.00753333
0.02705
0.00644
0.02624
0.00266667
0
0
0
0
0.00669
0.000156667
0.00065
0.00752333
0.01067
0.0260733
0.0285967
0.0135567
0.0113867
0.00199
0.000976667
0.0325733
0.01824
0.0465367
0.04545
0.03658
0.0212067
0.00446667
0.00586333
0.00218333
0.01409
0.0114333
0.00133667
0.0032
0.00375667
0.0140333
0.02359
0.0297933
0.0309133
0.01629
0.01856
0.0156467
0.000843333
0.00459667
0.000843333
0.000843333
0.00709333
0.00393
0
0
0
0.000156667
0.000156667
0.00519333
0.0120667
0.0301367
0.0409967
0.0503067
0.0416333
0.03063
0.0154233
0.0065
0.00145
0.000473333
0.00484667
0.00244333
0.0167267
0.0377033
0.0233133
0.02314
0.02535
0.00732667
0.00295
0.0154533
0.00863333
0.000233333
0.00064
0.00148667
0.0181
0.03419
0.03917
0.0487467
0.0263667
0.00148667
0.00148667
0
0
0.00059
0.00391
0.00332
0.00332
0
0
0
0
0.00519333
0.00558667
0.0236567
0.02389
0.03968
0.0243633
0.0239867
0.00795
0.00567
0.00062
0.000473333
0
0.0224067
0.0276933
0.0162467
0.00966
0.00498
0.00795667
0.00670667
0.0213333
0.00780667
0.00069
0.0380067
0.0222567
0.02432
0.00769
0.000456667
0
0
0
0.0177867
0.00101
0.02328
0
0
0
0
0
0
0
0
0
0
0
0
0
0
0.00112333
0.000393333
0.00655
0.00640333
0.00842667
0.003
0.0029
0.000146667
0.000146667
0
0
0
0.01127
0.0368633
0.02805
0.0352733
0.0455167
0.0268933
0.01295
0.00791333
0.00976667
0.00605667
0.00068
0.00128333
0.00106
0
0.00042
0.00722333
0.00114
0.0166767
0.0143067
0.0148367
0.00458667
0.00706
0.00353333
0.00382333
0.00029
0.00029
0.000123333
0
0.000123333
0
0
0
0
0
0
0
0
0
0
0.000246667
0.000976667
0
0.000246667
0
0
0
0
0
0
0
0.00073
0.00073
0.0109967
0.02715
0.0116
0.0366067
0.0215633
0.0210333
0.00738667
0.00293333
0.00220667
0.00474667
0.00127
0.00883333
0.0157867
0.0316333
0.0283133
0.02262
0.01222
0.0148233
0.0245433
0.01784
0.0146033
0.00048
0.00615333
0.00487
0.00019
0.00140667
0.000416667
0.000123333
0.000416667
0.000416667
0
0
0
0
0
0
0
0
0.000316667
0.000316667
0.000316667
0
0
0
0
0
0
0.00828
0.0209633
0.0181167
0.00245
0.0352933
0.0101933
0.0222633
0.01003
0.00422667
0.00715
0.00702
0.0156
0.0335767
0.0399167
0.0164833
0.0195067
0.0222467
0.0116633
0.006
0.03026
0.0172433
0.0396133
0.02983
0.04844
0.0350533
0.000563333
0.0114
0.00329
0.00981
0.000126667
0.000253333
0.000126667
0.0005
0.01056
0.00116667
0.00075
0
0
0
0.00526667
0.00558333
0.01895
0.0136833
0.01531
0.00194333
0
0
0
0
0
0
0
0
0.000126667
0.0463333
0.02919
0.0325
0.0341267
0.02034
0.0372367
0.0175967
0.0197967
0.00908
0.0254033
0.04244
0.0130833
0.00556
0.00395667
0.00997667
0.0256933
0.00907333
0.03161
0.02726
0.0122067
0.0354433
0.0502833
0.0515
0.04812
0.0265533
0.0431
0.0109233
0.0142267
0.01644
0.00424
0.00448667
0.00075
0.00061
0.00061
0.0110767
0.0558167
0.0157333
0.07139
0.0587167
0.0220367
0.03325
0.00409667
0.00215333
0
0
0
0
0
0.000226667
0.000226667
0.00373
0.00363
0.00761667
0.03846
0.0345667
0.01974
0.0115067
0.000433333
0.000406667
0.00294333
0.0182867
0.00624
0.0341833
0.0255167
0.0402133
0.01076
0.00816667
0.0114133
0.0236367
0.0369167
0.0348833
0.0376867
0.03243
0.0222133
0.01808
0.04042
0.01309
0.0206733
0.0291967
0.00615667
0.00839667
0.0377833
0.0255833
0.00331333
0.0127067
0.00154667
0.00075
0.0130667
0.00215667
0.04262
0.0219867
0.0717933
0.000816667
0.00297
0
0
0.000516667
0
0.00507
0.000743333
0.00805667
0.0258433
0.0255033
0.0237967
0.10643
0.103127
0.0731833
0.0302333
0.01311
0.0179433
0.0254167
0.0347833
0.0252133
0.0211067
0.00456
0.0309467
0.03284
0.0305433
0.0146533
0.00956667
0.04036
0.0524833
0.000296667
0.00423667
0.000296667
0.000296667
0.00686667
0.0156767
0.00749333
0.00305333
0.0197167
0.00709333
0.02062
0.0130633
0.02346
0.01331
0.0341933
0.0315533
0.00339
0.0179867
0.00915333
0.00997
0.0212667
0.0197133
0.03254
0.0181267
0.0457267
0.0317567
0.0381067
0.0212233
0.00462
0.00268333
0.00256333
0.0013
0.00284667
0.0148067
0.0244167
0.0441133
0.0607133
0.0938567
0.08479
0.0650033
0.0629667
0.0183667
0.01146
0.00132
0.000816667
0
0
0.00029
0.000806667
0.00162667
0.00566333
0.0145633
0.01093
0.0284367
0.0448167
0.047
0.0313233
0.0252433
0.0393833
0.00894
0.00448
0.000243333
0
0
0
0.00095
0.00422333
0.02426
0.0164
0.0341667
0.0408567
0.0148167
0.0320333
0.00998
0.00330333
0.00065
0
0.00016
0.0006
0.0006
0.00575333
0.0280167
0.00972667
0.0287
0.000166667
0.00252
0.00409
0.00347
0.00415
0.00650333
0.00608667
0.0227667
0.0197733
0.00193667
0.00205667
0.000733333
0.00191333
0.0125367
0.0238833
0.0457333
0.06279
0.06262
0.0261967
0.0518167
0.02179
0.00987667
0.00849
0.000766667
0.000503333
0
0
0
0.00029
0.00029
0.00111
0.00173333
0.01115
0.0192933
0.0366767
0.0313833
0.00974333
0.02812
0.00912
0.03394
0.0288233
0.0108567
0.00511333
0.000653333
0.000243333
0
0
0.00056
0.00151
0.0109367
0.0225533
0.0414733
0.0519167
0.06098
0.0477867
0.0366733
0.0160833
0.0102467
0.00149
0.00084
0.00016
0.00016
0.00016
0.00441333
0.01068
0.00468333
0.00677667
0.00051
0.000856667
0.000163333
0.000163333
0.00458667
0.000463333
0.000373333
0.00112
0.000986667
0.0293867
0.01149
0.0594367
0.0522833
0.0530567
0.000263333
0.00215333
0
0.000263333
0
0
0
0
0
0
0.000913333
0.00129667
0.01026
0.00961667
0.0133567
0.00451
0.03614
0.0202533
0.00812333
0.01014
0.000563333
0.0104467
0.01587
0.00682
0.00692333
0.00027
0.00027
0.00078
0.00051
0.00041
0.000936667
0
0
0.00112
0.00056
0.0156033
0.00673667
0.0230033
0.0505133
0.0386033
0.0570633
0.05704
0.0378267
0.0450233
0.0104367
0.0174267
0.00084
0.00168
0
0
0
0
0
0
0
0
0.00254
0.00270333
0.000116667
0
0.000163333
0
0
0.000376667
0.000253333
0.00063
0
0
0.000383333
0.000383333
0.000653333
0.00027
0.000386667
0.000116667
0.00658
0.0249667
0.04249
0.02801
0.02804
0.0107533
0.00672333
0.00623333
0
0
0
0
0
0
0
0
0
0.00087
0.00117667
0.000613333
0.000833333
0.00011
0.00011
0.000526667
0.000526667
0.000526667
0
0
0
0.00056
0.00083
0.00644667
0.00938
0.01707
0.0195367
0.03726
0.0452533
0.0531233
0.0487567
0.0406333
0.0418233
0.0258133
0.0187533
0.00161
0.00077
0
0
0
0.000236667
0.000236667
0
0.000236667
0.00119667
0.00119667
0.00130667
0.0112433
0.0137833
0.0160333
0.00495333
0.00653333
0.00412
0.00428333
0
0.000173333
0
0.000173333
0.000173333
0.000203333
0.000326667
0.01031
0.0111633
0.00607
0.01121
0.00168667
0.00558333
0.000623333
0.000133333
0
0
0
0
0
0
0
0.00052
0.00052
0.00067
0.00015
0.00015
0
0
0
0.000306667
0.00062
0.00062
0.00022
0.000313333
0
0
0
0
0
0
0
0
0.00027
0.000383333
0.00387667
0.00414667
0.0121167
0.0180167
0.03343
0.0460033
0.05346
0.0551767
0.0516633
0.04016
0.02326
0.00663667
0.00129
0.00052
0
0.0006
0.000836667
0.00867667
0.0132667
0.00602333
0.0123333
0.01705
0.0112467
0.00345
0.03701
0.0453567
0.00929
0.0883033
0.0493167
0.05644
0.01049
0.0139233
0.00612333
0.00863333
0.00451333
0.00083
0.00064
0.0162367
0.02917
0.0200167
0.02037
0.0142367
0.0121567
0.000413333
0.000546667
0
0
0.000123333
0
0.000123333
0.00359
0.00398667
0.01176
0.00844333
0.00847333
0.0007
0.000666667
0.000116667
0.00325333
0.00331
0.01111
0.0151367
0.00515333
0.00450333
0.00289667
0.00472667
0.00214333
0.00887
0.00704
0.00742333
0.000696667
0.000696667
0
0.0594767
0.05179
0.173523
0.105697
0
0
0
0
0.000113333
0
0.00211
0.00157
0.0224
0.0144633
0.0535333
0.0453433
0.0634633
0.0692767
0.0278133
0.0476033
0.00619333
0.01047
0.00052
0.000846667
0.00169667
0.00109667
0.00193333
0.02673
0.0193867
0.03949
0.0527167
0.0420767
0.02811
0.145747
0.0538933
0.0116033
0.00517
0.00213667
0.00445333
0.00191667
0.01232
0.00357
0.0465967
0.0253
0.0466867
0.02966
0.01215
0.0368267
0.0288733
0.0197433
0.01679
0.00548667
0.0157733
0.01409
0.0445733
0.0415367
0.04435
0.0497567
0.0383733
0.0449833
0.02996
0.0288067
0.0254167
0.00098
0.00099
0.000423333
0.00140667
0.00110667
0.00966667
0.203407
0.103297
0.107127
0.121207
0.0233333
0.12654
0.19475
0.130917
0.101397
0.36396
0.00086
0.01677
0.000493333
0.00033
0.00033
0
0
0
0.000893333
0.00235
0.0133633
0.0249367
0.06207
0.07454
0.0938933
0.08044
0.0768767
0.0498533
0.0269367
0.00734333
0.00268667
0.000466667
0.00067
0.00162667
0.00711
0.0246333
0.0470333
0.0677733
0.06732
0.07979
0.10827
0.30898
0.16985
0.311027
0.16064
0.256733
0.10959
0.0258767
0.06741
0.00762333
0.00889667
0.0182467
0.00729667
0.0156233
0.01446
0.0238733
0.0176633
0.0672167
0.09581
0.190677
0.142253
0.0206767
0.0182567
0.0368267
0.04662
0.0540767
0.0649567
0.0497033
0.0828167
0.0773933
0.0934933
0.04506
0.0228867
0.00325333
0.00691
0.00563
0.01665
0.0209867
0.0383067
0.0444967
0.0543567
0.0474733
0.0374733
0.446137
0.5409
0.39401
0.164293
0.243137
0.436583
0.0179167
0.00486667
0.00335333
0.00468667
0.00182667
0.00283
0.00133333
0.0134167
0.03099
0.0470833
0.0633267
0.180897
0.123483
0.230063
0.40015
0.00227667
0.00271667
0.02746
0.01783
0.0998233
0.0767867
0.12481
0.14321
0.0751633
0.109643
0.02478
0.0459833
0.0025
0.005
0.00437
0.00398
0.0116333
0.395863
0.26597
0.0824067
0.125797
0.0246667
0.0872933
0.240487
0.315277
0.405983
0.00862333
0.00856
0.0187533
0.0303833
0.0349167
0.0419733
0.0488633
0.0989967
0.06116
0.151123
0.135907
0.114133
0.0794167
0.0366033
0.0249667
0.0149067
0.0240867
0.0306767
0.0142633
0.59677
0.518243
0.410247
0.194707
0.09581
0.04784
0.140703
0.334317
0.30237
0.46293
0.00915
0.0201267
0.0230767
0.0109333
0.02537
0.01019
0.00347
0.00404
0.01884
0.0295467
0.0778633
0.11332
0.15563
0.163227
0.13564
0.111113
0.0559367
0.0467967
0.0170633
0.01487
0.00428667
0.01658
0.0235367
0.0423933
0.0367233
0.0508367
0.0442267
0.03788
0.0373567
0.24705
0.0948567
0.35754
0.471707
0.0378833
0.00939
0.00822
0.0176467
0.0318233
0.03548
0.02585
0.0149967
0.00792
0.0121567
0.0246667
0.01784
0.0892333
0.02315
0.0213
0.0322967
0.0407633
0.0466333
0.0444267
0.04596
0.03228
0.00897333
0.0352633
0.120147
0.165873
0.15994
0.132767
0.302703
0.528773
0.03411
0.00847
0.0593933
0.24963
0.0805467
0.0167267
