0.594543
0.57775
0.277197
0.35317
0.62082
0.568627
0.622163
0.17445
0.0897933
0.162947
0.17531
0.193553
0.269887
0.258027
0.0544733
0.0852167
0.0712467
0.0776233
0.05426
0.0661467
0.0706967
0.0459867
0.0515067
0.0933567
0.0260967
0.139433
0.15349
0.107207
0.277733
0.180247
0.19264
0.323957
0.07427
0.0749633
0.08078
0.0920767
0.0515567
0.0555033
0.06947
0.06628
0.03864
0.0497233
0.0253667
0.0164333
0.03122
0.04689
0.09138
0.103773
0.0741
0.0651667
0.0907867
0.104737
0.0715833
0.0838433
0.0775967
0.0972867
0.08222
0.07666
0.0485533
0.0593667
0.0874667
0.0433333
0.03412
0.03586
0.0171933
0.04787
0.0605433
0.0743067
0.0742833
0.113843
0.0874767
0.10935
0.111723
0.124417
0.132433
0.0759633
0.0900767
0.0517333
0.0938367
0.0787
0.04007
0.0276767
0.04611
0.0324033
0.0142233
0.0117333
0.0103567
0.0137367
0.01758
0.0412733
0.0307267
0.0455167
0.03623
0.07308
0.08951
0.10336
0.120453
0.129997
0.0320867
0.00775
0.00674333
0.02743
0.0214833
0.0290667
0.0306833
0.0490667
0.0728533
0.0973867
0.0791067
0.0776667
0.0729867
0.105207
0.09927
0.102147
0.114953
0.07172
0.0749333
0.0867633
0.0703967
0.0667733
0.0371833
0.07141
0.03165
0.0360233
0.02586
0.01322
0.0197767
0.00641333
0.0233067
0.0116533
0.02421
0.01851
0.02295
0.0176933
0.0180867
0.0434633
0.06725
0.0809367
0.0550533
0.0471933
0.0368633
0.0191267
0.0313467
0.0212533
0.0212933
0.00712
0.00132
0.0158433
0.0227
0.0216933
0.01914
0.0117467
0.00907667
0.00868333
0.0163533
0.0287533
0.04989
0.0392067
0.0519733
0.0338567
0.0388167
0.0161333
0.0252267
0.0242733
0.01314
0.0156767
0.00781
0.00692667
0.01271
0.00704667
0.00586667
0.0145133
0.00440667
0.00377667
0.0138167
0.01306
0.0199833
0.00931333
0.02904
0.0228633
0.00812333
0.00705
0.0293633
0.0388633
0.0309933
0.0185967
0.01075
0.00385667
0.0141967
0.0124733
0.00158333
0.00167333
0.000713333
0.00199333
0.00103333
0.00348
0.00550333
0.00111
0.00118667
0.00210333
0.0018
0.00187667
0.00242667
0.00320333
0.0167133
0.0245033
0.00288
0.0333
0.00282333
0.03606
0.00382
0.10197
0.07688
0.0739733
0.118867
0.139763
0.13962
0.09892
0.161983
0.12591
0.0771567
0.113577
0.0838967
0.0802167
0.0917
0.100753
0.12358
0.0449167
0.0411567
0.0482067
0.0418
0.0521633
0.0176933
0.0119833
0.00155
0.00247
0.00340333
0.00127
0.000526667
0.00139
0.00129
0
0.000943333
0.00116
0
8e-05
7.66667e-05
0.00185667
0.00350333
0.000323333
0.00046
0.02419
0.000136667
0.04595
0.03049
0.0223467
0.00712667
0.00326
0.00334
8e-05
0.0083
0.0243767
0.0236833
0.01141
0.0497733
0.0392733
0.0511267
0.01708
0.0291067
0.0479733
0.0646967
0.0391233
0.0274767
0.00850333
0.0103067
0.0711533
0.06047
0.137587
0.0960567
0.0356567
0.0610067
0.175743
0.181673
0.01524
0.0869667
0.08182
0.0482867
0.138317
0.09679
0.0861733
0.0758233
0.03038
0.02776
0.01565
0.04635
0.0493667
0.0656367
0.06529
0.00422667
0.0161467
0.0180633
0.0187933
0.00633667
0.00734
0.06379
0.06821
0.00231
0.0359633
0.03185
0.0448233
0.0596933
0.00114
0.00545333
0.00669667
0.01349
0.0322667
0.03789
0.00657333
0.0235
0.0253367
0.0350733
0.00276333
0.00951667
0.00743667
0.01449
0.02104
0.0265767
0.03273
0.0182467
0.00169667
0.00193667
0.00223333
9.66667e-05
0.000296667
0
0
0
0
0
0.00390333
0
0.0139867
0.01351
0
0.0423633
0
0.0543667
0
0.03952
0.01058
0.0213
0.00455
0
0
0
0.0208067
0.00969
0.0302067
0.00879
0.00402333
0.00343
0.0184967
0.00149
0.00159333
0.00470333
0.00539667
0.05085
0.0153167
0.0146167
0.00991333
0.01091
0.0393733
0.0242767
0.0309133
0.0135133
0.02628
0.0269233
0.0142967
0.0214533
0.0318067
0.117727
0.0959467
0.0172
0.01598
0.02014
0.153437
0.00461
0.0263033
0.03375
0.0249167
0.11601
0.0366
0.0175167
0.0109867
0.0127633
0.0453167
0.06223
0.04389
0.0029
0.00467
0.0670833
0.01046
0.0335133
0.0251233
0.0474633
0.0268767
0.00447
0.0188067
0.0326933
0.0311667
0.0155667
0.02849
0.03248
0.00241
0.0109933
0.01946
0.0138867
0.0179367
0.0243967
0
0.00394
0.00684333
0.000353333
0.00361
0.00034
0.00107667
0.000736667
0.00709
0.00835
0.00121333
0.000676667
0.000633333
0.00290667
0.00244
0.00134333
0.00116667
0.00124667
0
0.00212333
0.003
0.0130833
0.01643
0
0.0353733
0.03354
0
0
0.04035
0.0541867
0
0.04002
0.03377
0.0123667
0.00652667
0.000873333
0.00019
0.0262967
0.04313
0.0341533
0.0335833
0.0384933
0.0437767
0.0163733
0.02507
0.0388867
0.0216433
0.03172
0.0272067
0.00366333
0.00393
0.00612667
0.00104
0.0355633
0.01354
0.0087
0.01242
0.000196667
0.00045
0.04008
0.00920667
0.00938333
0.0317567
0.0330333
0.00670667
0.0389533
0.00912
0.00197
0.00288333
0.0154733
0.01195
0.00216667
0.0809133
0.00292
0.00295667
0.0126467
0.04289
0.0547633
0.00692333
0.01204
0.00126
0.02883
0.0321833
0.0299233
0.000396667
0.00147
0.00329
0.0283667
0.000443333
0.00654
0.01415
0.04737
0.000213333
0.000323333
0.0276333
0.0240567
0.0120033
0.03379
0.0127167
0.00204
0.00397667
0.00327667
0.0186967
0.00892
0.02448
0.0179633
0.0235033
0.0155333
0.00998
0.00158333
0.00421667
0.0156667
0.0205033
0.00849667
0.000456667
0.00034
0.00131667
0.00154
0.00181667
0.00063
0.00165667
0.00189667
0.00796
0.00825
0.00941
0.0122467
0.0181733
0.0147567
0.00853667
0.00160333
0.00074
0.0111167
0.01847
0.0231
0.0130167
0.02875
0.0145367
0.0330067
0.01208
0.0238367
0.00585667
0.00261333
0
0.00174333
0.00461
0
0
0.000876667
0.00278667
0.00825667
0
0
0.01563
0
0
0.0231033
0.0205067
0
0
0.00841667
0.00019
0
0.00877
0.01541
0.00625667
0.00312333
0.02463
0.0114
0.00486667
0.0225267
0.00213
0.000753333
0.0108833
0.00763667
0.0203567
0.0181767
0.00757667
0.00144333
0.0193
0.03249
0.02082
0.02807
0.00877667
0.00949667
0.00789667
0.00356333
0.00862
0.0168333
0.0293967
0.01114
0.00257333
0.0289067
0.00566
0.02077
0.00967
0.01605
0.02909
0.00032
0.02418
0.0258967
0.0144567
0.00736333
0.0141067
0.0230833
0.0225833
0.000246667
0.00093
0.00909667
0.0261933
0.01052
0.02496
0.01248
0.000846667
0.05759
0.02305
0.01868
0.00266
0.0635633
0.0466333
0.0143933
0.000646667
0.00274
0.00369667
0.00104333
0.0420267
0.00176333
0.00213333
0.00113667
0.00798333
0.00171
0.00213333
9.33333e-05
0.0258667
0.0179867
0.0121333
0.0265167
0.00516333
0.0100133
0.02306
0.00447
0.000256667
0.00403333
0.00919667
0.00770667
0.00162667
0.0033
0.00121667
0.00847333
0.0201167
0.00525667
0
0.0242133
0.0274967
0.00122333
0
0.0316433
0.0301433
0.0327833
0
0.0197067
0.0399767
0.00130667
0.0209767
0.00258667
0.00243667
0.00726
0.000393333
0.00208333
0.00246333
0.00913
0.00301
0.00275
0.00715
0.01448
0.00807333
0.00251333
0.00218333
0.00556
0.02628
0.00726333
0.0157267
0.0263167
0.0178533
0.00743667
0.0103767
0.0225633
0.0352167
0.0214833
0.00185667
0.00228667
0.0256167
0.0183167
0.0481667
0.0355133
0.02693
0.00497333
0.000363333
0.00202
0.01027
0.00851333
0.0109767
0
0
0.00019
0.00276333
0.00019
0
0
9e-05
9e-05
0.00344333
9e-05
0.00667
0.0182133
0.00021
0.00343667
0.0216033
0.03101
0.01009
0.0263033
0
0
0.000406667
0.00715
0.00969333
0
0
0.00900667
0.00742
0
0
0.000286667
0.00138333
0.0213633
0.0156033
0.00171667
0.000753333
0
0
0.00144667
0.01679
0.00641333
0.00402333
0.00361
0.000436667
0.00755
0.00844
0.01465
0.01206
0.00202333
0.00656
0.0136933
0.0116267
0.00670333
0.00307667
0.00404667
0.00311667
0.00678
0.00568333
0.000343333
0.00435
0.00022
0.00607333
0.00776
0.01767
0.03082
0
0.00608667
0
0.00015
0.00126
0.00462
0.00599333
0.00015
0
0.0115433
0.00401667
0.00518667
0.000713333
0.00046
0
0.02812
0.0219567
0.00902667
0
0.01884
0.00647667
0.01447
0.00294333
0.00712667
0.000853333
0.00674
0
0.00128667
7e-05
0.00165333
0.00664667
0
0.00121667
0.00240333
0.0162867
0
0.00403333
0
0.0268133
0.03074
0.03758
0
0.02664
0
0.0540333
0.0077
0.00204
0.00833
0.0461767
0.0325933
0.01179
0.000103333
0.00195667
0.0013
0.0238767
0.01142
0.00779667
0.00485333
0.00209667
0.0181433
0.0184933
0.00938333
0.02279
0.00167
0.03548
0.0446033
0.02426
0.0228267
0.01124
0.03361
0.0164167
0.0308533
0.0544967
0.0559533
0.0246067
0.0358767
0.0156267
0.0100267
0.0541367
0.0231867
0.0159367
0.00385
0.01041
0.0117633
0.0167267
0.00606333
0.00426667
0.00505667
0.0555433
0.05414
0.0210033
0.04676
0.0950633
0.0724
0.0888767
0.0623367
0.07788
0.0305467
0.05442
0.0419433
0.00973667
0.00215667
0.01357
0.00943333
0.000413333
0
0.000836667
0.000363333
0
0.00011
0
0
0
0.000263333
0
0
0
0.000153333
0.00257333
0.00272667
0
0
0
0
0
0
0
0.00202667
0.00130667
0.00242
0.00965333
0.00907333
0.0233833
0.0181833
0.0229
0.00315333
0.00839333
0.00543667
0.000196667
0
0.00438667
0.00182667
0.000196667
0
0
0
0
0
0.00371333
0.00216
0.0164433
0.0170633
0
0
0.00022
0.00625333
0.0182767
0.0295833
0
0
0
0.0248767
0.0128933
0.00012
0.00860333
0.00167667
0
0
0.00118
0
0
0.000963333
0
0
0.00182
0.00496
0.00140333
8e-05
0.00142
0.0107833
0.00132667
8.33333e-05
0.000163333
0.0234667
0.0257667
0.00122
0.000573333
0.00056
0.000643333
0.00493333
0.00889667
0.00136333
0.00063
0.00322333
0.0314633
0.02076
0.000123333
0.000123333
0.00767
0.00206
0.00922
0.00574667
0.00023
0.00382
0.01375
0
8.33333e-05
0.00232
0
0.00866667
0.000253333
0.0144067
0
0
0.000436667
0.000666667
0
0
0.00161333
0.00238
0
0
0.00861
0.000133333
0.000133333
0.00979333
0.00503667
0.00262
0.000203333
7e-05
0
7e-05
0
0
0.00098
0.0153933
0.00796333
0
0
0.00143
0.00235
0
0
0
0.0127167
0.0133733
0.00823333
0.00828667
0
0
0.02087
0.0227667
0.0297533
0.00019
0
0.0175233
0.0117533
0.0404267
0.0527833
0.00668
0.00102
0
0.00957667
0.05836
0.0509733
0
0.00737
7.33333e-05
0.0472567
0.000103333
0.000376667
0.0301
0.0203033
0.0309267
0.000806667
0.00768667
0.00469333
0.03966
0.0314367
0.00642
0.0107133
0.00558
0.00113667
0.01877
0.0212967
0.0118833
0.04419
0.00848
0.01189
0.0190033
0.00804667
0.00704333
0.0141267
0.03874
0.0576933
0.00373
0.0314967
0.0454367
0.0565
0.0664967
0.02291
0.00315667
0.00237333
0.0297967
0.04476
0.000866667
0.0143467
0.0193133
0.0365767
0.0246867
0.00349667
0.00562667
0.0226267
0.0335833
0.0327733
0.0221067
0.00807333
0.0151167
0.0483167
0.02074
0.0207267
0.0296133
0.0518567
0.0415567
0.0245333
0.08972
0.102113
0.136067
0.0346833
0.14062
0.0511267
0.0377267
0.0255367
0.01827
0.00760667
0.0184033
0.0186333
0.00840333
0.0308067
0.128757
0.103693
0.136643
0.0729967
0.0547867
0.131763
0.104197
0.157577
0.10322
0.1045
0.12607
0.0772567
0.0940233
0.0761367
0.04838
0.0566633
0.00823
0.00065
0.000236667
0.000473333
0
0
0.00011
0
0.00011
0.00011
0
0
0
0
0
7.66667e-05
7.66667e-05
7.66667e-05
0
0
0
0
0
0.0741767
0.0644833
0.0390733
0.0164533
0.02994
0.00370667
0.00221333
0.00119667
0.00119667
8e-05
0.00321
0.00209333
0.00248
0.00121
0.00576
0.0196467
0.0161
0.00102667
0.00121
0.000356667
0.00138333
0.01493
0.00131
0.00031
0.00102667
0.00647667
0.01443
0.0231767
0.0110167
0.00417
0.000916667
0.03271
0.0282867
0.00533333
0.01186
0.0236767
0.000466667
0.00445333
0.00348
0
0.000146667
0.00295667
0.00560333
0.000483333
0.000146667
0.00413333
0.00320667
0.00304333
0.00134333
0
0.000196667
0
0.00343333
0.00546667
0.00036
0.00384333
0.00472667
0.0151767
0
0.00397667
0.00137667
0.00331667
0.0283567
0.0273867
0
0
0.0124467
0.01525
0
0.02989
0.0175
0
0.00012
0
0
0.00022
0.00431333
0.00012
0
0
0
0
0.000153333
0
0
0
0
0
0.00048
0.000633333
0
0
0
0.00048
8.66667e-05
8.66667e-05
0.0217067
0.00931333
0
8.66667e-05
0.02452
0.000573333
0
0.00878
0.01468
0.00517333
0.00124
0
7e-05
0
0.0013
0.00429333
0.01711
0
7e-05
0.000136667
0.0322033
0.000216667
0.0313767
0.01848
0
0
0.000146667
0.00021
0.0140033
0.00232
0
0
0
0.00046
0.00021
0.00105333
0.000253333
0
0
0
0
0.00034
0.000253333
0
0
0.00617333
0.00143333
0.00654
0.0224667
0.000456667
0.02786
0
0
0
0
0.0275767
0
0.00011
0
0
0
0.00197667
0.00404667
0.00933667
0
0.0163767
0.000266667
0
0.00392667
0.00592667
0.0024
0.00024
0.02947
0.03444
0
0.00012
0.01766
0.000703333
0.000303333
0.00457333
0.0518267
0.00174
0.00143667
0.000896667
0.000453333
0.0374267
0.03205
0.00187333
0.00163667
0.00520667
0.000436667
0.00161333
0.00394333
0.04433
0.0454533
0.0665667
0.0219633
8.33333e-05
0.0025
0.00544
0.00092
0.00393
0.04602
0.0610033
0.06032
8.33333e-05
0.0538567
0.00743667
0.00207667
0.07336
0.0320733
0.0214967
0.0697067
0.03322
0.0261
0.0107833
0.0856
0.0718867
0.09188
0.0455267
0.08553
0.0138967
0.0202733
0.0314167
0.11234
0.111087
0.0187733
0.0362367
0.10426
0.0463967
0.139237
0.0567333
0.10303
0.03927
0.05541
0.09336
0.0859333
0.0372133
0.03166
0.0302967
0.0130467
0.0116767
0.00878
0.00978
0.000786667
0.00118333
0.000236667
0
0
0
0.00133
0.00133
0.00133
0.000173333
0.000173333
0.00231333
0.00231333
0
0
0
0.000173333
0
0
0
0.380123
0.168683
0.01846
0.00348
0.00134667
0.16997
0.291243
0
0.04055
0.0789767
0
0.00704333
0.0212867
0.01549
0.000356667
0.00473333
0.0900433
0.0279933
0.00645
0.0236367
0.0573167
0.00031
0.00939333
0.01285
0.0107967
0.00684667
0.00715667
0.00131667
0.0172767
0.01584
0.00134667
0.00787333
0.0045
0.00064
0.000393333
0.0224467
0.01624
0.00919
0.0237167
0.03147
0.000523333
0.000523333
0.00582
0
0.0200567
0
0
0.000363333
0.00717333
0.01036
0
0
0
0.00169333
0.00036
0.0129667
0
0.000623333
0
0
0
0.00598333
0
0
0.00608333
0.00418667
0
0.000116667
0.000766667
0
9.33333e-05
9.33333e-05
0
0
0
0
0
0
0.00044
0
0
0
0
0
0
0.0164267
0
0
0
0
0.0218067
0.0161133
0.000573333
0
0
0.0119667
0.00146
0.000886667
0
0
0.00041
0.01497
0.00246
0
0
0.00041
0.000136667
0.01936
0
0.000136667
0.000136667
0
0
0
0
0
0
9e-05
0
0
0.000183333
0
0
0.000996667
0
0.00055
0
0
0
0.000456667
0
0
0.01547
0.000456667
0
0
0
0.00022
0
0
0
0.02222
0
0.00011
0
0.00933
0.00973333
0
0
0.00056
0.00045
0.00045
0.00298
0
0
0.0107267
7.66667e-05
0
0
0.00164667
0.00012
0.00947
0
0
0.00024
0.0134
0.00983667
0
0
0.00012
0.00012
0.0181167
0.0301067
0
0
0
0.0143533
0.000703333
0
0
0
0.04338
0.000703333
0
0.000536667
0.00379
0
9.33333e-05
0.00321333
0.00143667
0
0.0205633
0.0216867
0.00439667
0.00678
0
0.0264967
0
0.00017
0.0410833
8.33333e-05
0.0001
0.06207
8.33333e-05
0
0.00207667
0.00082
0.00128667
0.06123
0.0574467
0.0833633
0.05189
0.0458767
0.0801567
0.03299
0.0393133
0.0611767
0.0923267
0.02411
0.0211667
0.02556
0.0160933
0.00854
0.0209833
0.02487
0.03451
0.02177
0.0189067
0.00773
0.02986
0.0619833
0.01539
0.01119
0.0174133
0.03959
0.00955
0.0280067
0.0447333
0.0388467
0.0251
0.0222333
0.0250167
0.00681
0.00420333
0.00546667
0.0012
0.00191
0.000236667
7.66667e-05
7.66667e-05
0
0
0
0
0.00557333
0.00557333
0.000173333
0.0100833
0.00807667
0.00839667
0.00255667
0.00183333
0.00273
0.00151333
0.00171
0.00121667
0.000493333
0.295593
0.523963
0.0715633
0.0639
0.14498
0.0319967
0.0393
0.00604
0.0211
0.0147067
0.00126667
0.498053
0.00173333
0.00157333
0.000503333
0.00162
0
0
0.328557
0.00601333
0
0.00112333
0.21835
0.01779
0.00194667
0
0.0302933
0.00737
0
0.0472833
0.00844
0.01265
0.0200033
0.0158433
0.00655
0.00109
0.0141533
0.00032
0.000166667
0.00032
0.00032
0.0044
0
0
0
0.00058
0.000296667
0.000296667
0.01686
0
0.000363333
0.004
0.00365
0.00716333
0
0.0124067
0.0152333
0.00353667
0
0
0
0.0151567
0.0250133
0.0007
0.00131667
0
0.00912
0.0223733
0.01224
0.0123633
0
0.000263333
0.000263333
0.000296667
0.00804
0.0253
0.0153933
0
0
0.00055
0.000813333
0
0.000296667
0
0.000666667
0
0
0.01774
0
0
0.00428
0
0
0
0
0
0
0
0
0.00044
0
0
0.00252667
0.00044
0
0
0.00359333
0
0
0
0.00174667
0.00476667
0.00498
0.00215667
0.00299333
0.00299333
0.0006
0.00342333
0
0.00696
0.00019
0.00690667
0.00163
0
0
0.0001
0.00152
0
0
0.00025
0.00035
0
0
0
0
0
0.00025
0
0
0
0
9.33333e-05
0
0
0
0.000996667
9e-05
0
9.33333e-05
9.33333e-05
0
0.00185
9e-05
0
0.00240667
0.00031
0.00257333
0.01593
0.00116
0.00325667
0
0.01611
0.00094
0
0
0.00183667
0
0.000803333
0
0
0
0.0011
0
0
0
0
7.66667e-05
0.00417667
0
0.00529333
0.000993333
0.000906667
0.026
0
0.000536667
0.0278467
0.00772
0
0.000536667
0
0.00364333
0
0.0166067
0.0118533
0
0.00618
7e-05
0.0558067
0
7e-05
0
0.07343
0.06818
0.0231933
0
0
0
0
0
0.06561
0.0574533
0.00207667
0
0.0552767
0.0490133
0.00227333
0
0.000466667
0.0561833
0.0178333
0.00397
0.000466667
0
0.0351733
0.0193
0.00713
0.00643667
0.0105067
0.00822
0.0043
0.000873333
0.00925
0.0129533
0.00833667
0.00226667
0.00472
0.01287
0.00899667
0.00716333
0.0101267
0.00553
0.01728
0.00450333
0
0.00193333
0.00081
0
0.00118333
0.00542667
0.00297667
0.00956
0.00831333
0.0124
0.00358667
0.00633
0.01242
0.00675667
0.0188967
0.0210467
0.00537333
0.289927
0.0658967
0.282507
0.308927
0.141383
0.00477333
0.0133067
0
0.427257
0.000333333
0
0.160707
0.211183
0.535367
0.000616667
0.0293467
0.05851
0.00174
0.00266667
0.00570667
0.276583
0
0.0236767
0.02306
0.0146133
0
0.0224867
0.0222833
0.0231567
0
0
0
0.000546667
0.0057
0.0120633
0.00111333
0.00455667
0.00024
0.00435
0
0.0158233
0.01712
7.33333e-05
0.000666667
0.02656
0.0163233
0
0
0.000216667
0.0151767
0.00110667
0
0
0.00397667
0.00110667
0
0
0.00353667
0.00035
0
0.000966667
0
0
0
0.0151033
0
0
0.000116667
0
0.01383
0.000276667
0
0
0.000116667
0.000186667
9.33333e-05
0
0
0.000116667
0
9.33333e-05
0
0
0
0
0
0
0
0
0
0
0
0
0
0
0
8e-05
8e-05
0.00150667
0
0.000866667
0.00328
0.00150667
0
0
0
0.00253333
0.00177333
0
0
0
0.00157333
0
0
0
0.00453333
0
0.00168333
0.00011
0
0
0.00171
0.000143333
0.000143333
0.00011
0
0
0.00107667
0.00112
0
0.00132667
0
0
0.000626667
0
0
0.000376667
9e-05
0
0.000853333
0
0
0
0.00111667
0
0
0
0.00795667
0
0
0.00249
0.00886667
0.00586
0
0
0
0.00110667
0.00394667
0
0
0
7.33333e-05
0
0
0
0.00037
0
0
0
0.00037
0
0
0
0
0.000993333
0
0
0
0
0
0
0.000623333
0.0041
0.000296667
0
0
0.00155333
0.00565333
0.000296667
0
0
0.00177333
0.00527333
0.00557
0
0
0.00879
0
0
0
0.000366667
0.00624
0
0
0
0.00134
0.00422667
0.00830667
0
0
0
0
0.0516633
0.0307333
0.00800667
0
0
0
0
0.0299167
0
0
0
0.05804
0.0712333
0.0462633
0
0
0.04322
0.000196667
0
0
0.0512333
0
0.0149767
0.0305433
0.0139933
0.00580333
0.01303
0.00497667
0.00824333
0.00794
0.00444333
0.00549333
0.000873333
0.00416333
0.00062
0.000873333
0.00109
0.00642667
0.00974333
0.0310233
0.0350733
0.02133
0
0.00922333
0
0
0.000733333
0
0
0.00118333
0
0.00233667
0.0237733
0.00514
0.01159
0.03707
0.0245633
0.0158367
0.02656
0.0200367
0.0261267
0.0486267
0.0342133
0.00769667
0.01774
0.497543
0.348037
0.0566233
0.107213
0.0299833
0.0393533
0.0186733
0.00952333
0.0213067
0.0136233
0.00515333
0.000173333
0
0.48978
0.421347
0
0.000503333
0.000616667
0.000616667
0.00489667
0.00533667
0.16894
0.011
0.0113567
0.00980667
0.000243333
0.0738233
0.0444133
0.02031
0.000243333
0.0110967
0
0.00428333
0.00950667
0.00556667
0.00879667
0.0183367
0
0
0.000546667
0.000473333
0.00566667
0.00893333
0
0.00391667
0.000616667
0
0.00538
7.33333e-05
0.00045
0
0
0.00191333
0.000296667
0
0.00255
0.00302
0.00365
0.000296667
0.00104667
0.00931333
0.0074
0
0.0153367
0.00410333
0.00629333
0.00723667
0
0
0.0307367
0.0182333
0.000616667
0
0.0236833
0.02219
0.00109
0.000473333
0.000943333
0.000943333
0
0
0.00826
0.01065
0.00184
0
0
0
0.000296667
0.000516667
0.00155
0
0
0
0
0
0
0
0
0
0
0
0
0
0
0
0
0
0
0
0
0
0
0
0
0
0
0
0.01789
0
0.0199267
0
0
0
0
0.0197
0
0
0
0.00195667
0
0
0.000436667
0
0
0
0.00829
0
0
0
0.0152367
0.0219233
0
0
0
0
0.00226667
0.0168767
0
0
0
0.000123333
0.00201333
0
0
0.00716333
0
0.000123333
0.000413333
0.02191
0.00926
0
0.000413333
0.00172
0.0197567
0.00145667
0
0
0
0.00505333
0
0
0
7.33333e-05
0
0.00110667
0.00110667
0
0
0
0.000623333
0
0.000623333
0
0
0
0
0
0.000296667
0
0
0
0.0181833
0.0140867
0
0.0214033
0
0
0.000293333
0
0
0
0
0.00292667
0.00479
0
0.03437
0.04138
0.00253667
0
0.00748
0
0
0.0196733
0
0
0.0543367
0.02853
0.0321733
0.000196667
0
0.0289567
0.03379
0.05002
0.000196667
0
0
0.00189333
0.000196667
0
0.0012
0.000373333
0.000303333
0.00195
0.00164667
0.00164667
0
0.00207
0.00195
0.000253333
0
0.000253333
0
0.00297
0.00961
0.00213333
0.00335333
0.0164133
0.0151533
0.00141
0.00174667
0.0249867
0.00136333
0.02289
0.00875667
0
0
0.00139
0
0
0.00075
0.0107
0.0111333
0.00436333
0.02948
0.0108133
0.0536
0.05813
0.0463767
0.0273133
0.0406367
0.03338
0.0202967
0.0154567
0.0401633
0.0205733
0.07736
0.0860633
0.08601
0.0507233
0.0380967
0.1187
0.01855
0.00548
0.00194333
0.00038
0.00146667
0
0.13429
0.0612167
0.201787
0.0359133
0.00421
0.00525333
0.0786967
0.162577
0.0112867
0.00329
0.00141333
0.05565
0.0125733
0.00168
0.00143667
0.00529667
0.00314667
0.0116567
0
0
0.000916667
0.000206667
0.00077
0
0
0.000166667
0
0.00787333
0.00125
0
0.00937667
0.0148467
0.00316333
0
0
0.00916667
0
0
0.000256667
0.02816
0
0
0
0.02719
0
0
0
0
0
0.000183333
0
0
0
0.000183333
0
0
0
0
0
0
0
0
0
0
0
0
0.000166667
0.000166667
0
0
0
0
0
0.000166667
0
0
0
0
0
0
0
0.00109667
0.00101667
0
0.00910333
0.00188333
0
0
0
0.0234433
0
0
0
0
0
0.0206267
0
0
0
0
0.00443
0.00570667
0.00047
0.000326667
0
0
0.00068
0.00452333
0.00387333
0
0.0114433
0
0
0
0
0
0.0210567
0
0.000623333
0.00657
0
0.000236667
0.000236667
0.01155
0.00769667
0
0
0.000386667
0.0236667
0
0
0.02982
0
0
0.02325
0.0210267
0
0
0
0.0121967
0
0
0
0
0
0
0
0
0
0
0
0
0
0
0
0
0
0
0
0
0.00147333
0
0
0
0
0
0.00022
0
0
0
0.00022
0
0.0203367
0.02141
0
0
7.33333e-05
0
0
0.00166
0.00173333
0.00879667
0
0
0.00986333
0
0
0
0
0.0310133
0.0527733
0.0223767
0
0
0.02852
0.0526633
0.03902
0
0
0
0.06264
0.0492367
0
0
0.0170433
0.0253767
0.0282033
0.00591333
0.0124633
0.00398
0
0
0.00113
0.00284333
0
0
0
0.00224667
0
0.00457667
0.00399333
0.00823333
0.0150367
0.0253267
0.00169
0.000326667
0.0162633
0
0.000656667
0
0
0.00075
0
0.00202667
0.0288233
0.0551133
0.03991
0.0241567
0.0262133
0.0432333
0.03646
0.00889333
0.0929133
0.04239
0.0166033
0.0489833
0.0200333
0.01624
0.00981667
0.00588667
0.00168
0.00057
0.00095
0.00140667
0
0
0.000226667
0.000113333
0
0.00105667
0.00834333
0.00672
0.0146333
0.01291
0.00267333
0.00267333
0.01037
0.0256567
0.01942
0.0143633
0.0124867
0.00291667
0.0106367
0.0103567
0.0104667
0.00172667
0.0112967
0.00353
0.00544333
0.00208667
0.00209333
0.00209333
0.001
0.00114667
0.000783333
0.000603333
0.000603333
0
0.00481667
0
0
0
0
0.00975333
0.00259
0
0
0
0.0215267
0.0125533
0.0131267
0
0
0
0.0158467
0.0343933
0
0.000143333
0.000143333
0.00844
0.0443833
0
0.00287333
0.00226667
0
0.05337
0.0317967
0
0.00954333
0.00541667
0
0
0.0129333
0
0.01519
0.0150467
0.00203333
0.00109
0
0
0.00365667
0.00969
0
0
0.00022
0.00097
0
0
0
0
0
0
0
0
0.000146667
0.000146667
0
0
0
0.000146667
0
0
0
0
0
0
0.00163
0
7e-05
0.00153333
0
0
0
0.00125667
0
7e-05
0
0
0
0.00817333
0.00855667
0
0
0
0
0
0
0.02813
0
0
0
0
0.00967667
0.02458
0
0
0.00444667
0
0
0
0
0
0
0.000243333
0.02322
0
0
0
0
0
0.0344267
0
0
0
0
0
0.000623333
0.00523
0
0.000466667
0.00101667
0
0.00634
0.000343333
0
0.00706
0.00110667
0.021
0.0287533
0
0.000956667
0.02429
0
0
0
0.00877
0
0
0
0
0.00052
0.00162667
0
0
0
0
0
0
0
0
0
0
0
0
0
0.00117667
0
0
0.00669
0
0
0.0193033
0.0209467
0
0
0
0
0.0200233
0.00840667
0
0
0
0
0.00459
0
0.00842667
0.000533333
0
0
0.0181833
0.00606
0.0107167
0.00730667
0
0
0.03018
0.03298
0.0129267
0
0.0252067
0.03322
0
0
0
0
0
0
0
0
0
0
0
0.000773333
0
0.00016
0.00463
0
0.00671667
0.0194833
0
0.0163767
0.00405667
0.0189233
0.00103333
0.00201667
0.0160067
0.000706667
0.00038
0.00139667
0
0.000656667
0
0
0.00652667
0.00707333
0.0164767
0.0229367
0.04103
0.04724
0.0382367
0.06109
0.06468
0.0655733
0.05029
0.0498733
0.0439267
0.0344167
0.0641333
0.08623
0.11103
0.102107
0.0736033
0.0433667
0.01026
0.0174133
0.0138633
0.0107
0.00406
0.01762
0.00257
0.01521
0.00057
0.00311333
0
0.00379333
0.0022
0.00937333
0
0
0.0104633
0.0214033
0.0448333
0
0.0284767
0.02409
0.0253133
0.01236
0.000243333
0.0172267
0.00530667
0.00118333
0.0004
0
0
0
0.02429
0.00134
0.0286567
0
0
0
0.00837667
0.000193333
0.000193333
0.0572533
0
0
0.0358267
0
0
0
0.00127
0
0
0
0
0.00052
0
0
0
0
0
0
0
0.00300333
0
0
0
0.00725
0.00994
0
0
0
0.00871333
0
0
0
0
0
0.00024
0.00024
0
0
0.000873333
0
0
0
0
0
0
0
0.00697
0.0134067
0
0
0.00139667
0.00679
0
0
0
0.000326667
0
0
0.000696667
0.00373
0.000326667
0
0
0.000243333
0.0177467
0.00499333
0
0
0
0.03357
0.02055
0
0.00052
0.0215767
0.0232267
0
0.00472667
0.000623333
0.00751667
0
0.01016
0.00619
0.00385333
0.00447667
0
0.000173333
0.00884
0.000343333
0.000566667
0.00074
0
0
0.000566667
0.00236333
0.0138067
0
0.00140667
0
0.00227667
0.00934
0
0
0.0006
0
0
0
0
0
0
0
0
0
0
0
0
0
0
0
0
0
0
0.00575333
0
0
0
0
0.00857333
0
0
0
0
0
0
0.00569
0
0
0.000223333
0.00469333
0
0
0
0
0
0.0130867
0
0.0275767
0
0
0
0.0251467
0.0111367
0
0
0.0108233
0.00603333
0.00498333
0
0.00517333
0.00191
0.00113667
0
0.00039
0.000773333
0
0.0147467
0
0.0273533
0
0.0194967
0.0004
0.00705667
0.00607333
0.00108667
0.00114
0.00076
0.00074
0.00074
0
0
0
0
0.00068
0.00577667
0.00586667
0.00572667
0.0341833
0.0299967
0.0540167
0.0585633
0.0454667
0.0606233
0.0656367
0.0614367
0.0344333
0.02074
0.0152
0.02921
0.01906
0.0162133
0.0358133
0.00184
0.0246367
0.00057
0.00418333
0
0.00976333
0
0.0219433
0.02752
0.0239533
0.0132867
0
0
0.02652
0.0259733
0
0.00609333
0.02048
0.0246
0
0
0.0222367
0.00139
0.0115667
0.00522667
0.00608
0.0125267
0.0029
0.00211
0.00110333
0
0
0.00398667
0.00657
0
0
0
0
0.0201067
0.00180333
0
0
0
0.0117667
0
0
0
0
0.0200667
0.04212
0
0.000143333
0
0.0559933
0.00256333
0.00044
0
0.00853
0.00628333
0.0291633
0.0254433
0
0.02289
0.0205
0
0.00160667
0.00109
0
0.0140333
0.0273767
0
0
0.0083
0
0
0
0.000886667
0
0
0
0
0.000513333
0
0
0.00337
0
0.000176667
0.000176667
0.000353333
0
0.0219933
0.000176667
0.000176667
0
0
0
0.00256
0.0159367
0
0
0
0
0
7e-05
0.00109667
0
0.000633333
0
0
0
0
0
0
0.00149667
0
0
0
0
0.000943333
0
0
0
0
0
0
0
0
8e-05
0.000533333
0
0
0
0
0
0
0
9e-05
0
0.00890333
0
0.00061
0.00916333
0.00786
0
0
0
0.00324
0.00323667
0
0.00132
0
0.000893333
0.00083
0.00149333
0.02273
0.000343333
0.000343333
0.00596
0.00671333
0.02573
0.0141167
0
0.00578667
0.00639333
0.00957
0.00682667
0.000636667
0.00192
0
0.00117333
0.00117333
0.00140667
0
8e-05
0.000473333
0
0
0
0
0
0
0
0
0
0
0
0
0
0
0
0
0
0
0
0
0
0.00024
0.00024
0
0
0.00306
0
0
0.00304
0.00028
0
0.00403667
0.00226667
0
0
0.00215
0
0
0.000223333
0.00092
0
0
0.000223333
0.000533333
0.000816667
0
0
0
0
0.00333
0.000533333
0
0.01812
0.00265
0
0
0.0206633
0.00844
0.00228667
0
0
0
0.01197
0.0260133
0.00641
0
0.00671
0
0
0.00015
0.00016
0.00064
0.00015
0.00039
0
0.000203333
0.000203333
0.000553333
0.00035
0.000423333
7.33333e-05
0.00587
0.0155067
0
0.0439367
0.0364
0
0.04771
0
0
0.0320233
0
0.0004
0.0196367
0.0004
0.00038
0
0
0
0
0
0
0.00068
0.000766667
9e-05
0.00581333
0.0184067
0.0139267
0.0395933
0.0478233
0.05451
0.0418333
0.0573367
0.0501167
0.0516133
0.07514
0.0906933
0.104487
0.0736267
0.0516667
0.02767
0.0286667
0.03698
0.0317067
0.0229133
0.01608
0.00319667
0.0171833
0
0
0.00221
0
0.0409167
0.00667
0
0.02231
0.03517
0.0129067
0
0.0290967
0.0202733
0.0183
0.0265867
0.00397667
0.00756333
0.0139067
0.000823333
0
0.00398667
0.00746
0.00012
0
0
0.0190133
0.000463333
0
0.0190933
0
0.0245533
0.01024
0.0101033
0.0086
0.000416667
0.0382867
0
0.000193333
0
0
0
0
0
0
0
0
0
0
0.01488
0
0
0.000153333
0
0.00821667
0
0.000153333
0
0.00506333
0
0.00065
0.0182667
0.0130233
0
0
0.00065
0.0288567
0
0.02162
0.00013
0.0017
0.00884667
0.00013
0.00013
0
0
0.000633333
0
0.000673333
0
0
0.000633333
0
0
0
0
0
0.00132333
9.66667e-05
8e-05
0
0
9.66667e-05
8e-05
0.00154
0
0
8e-05
0.00134
0.00288
0
0
0
0
0
0.00178333
0.00153333
0
9e-05
9e-05
0.00289
0
0
0.000936667
0.00145667
7.66667e-05
0
0.00557333
7.66667e-05
7.66667e-05
0.00226667
0.000146667
0.000146667
0.00172
0.0264533
0.0217533
0.0260067
0.0235367
0.00645
0.00161
0
0.0216067
0.0123733
0.00509
0.00661333
0
0.00402
0
0
0.00167667
0.00170333
0
0
0.000503333
0.000296667
0
0
0
0
0.00055
0.000143333
0
0
0.00055
0.000143333
0.000143333
0
0
0
0
0
0
0
0
0
0.00028
0.00028
0
0
0
0.00198333
0.000763333
0
0.00303333
0.000483333
0
0
0
0.00197
0
0
0
0
0
0
0.00340667
0
0
0.00615667
0.000876667
0.00652667
0.000256667
0.000273333
0.00106
0.00067
8.66667e-05
8.66667e-05
0
0
0.000423333
0.00195
0
0
0.00048
0.00177667
0.00025
0.00039
7.33333e-05
0.0001
0.04204
0
0.0507
0.01486
0
0.00097
0
0
0
0
0
9e-05
0.0156133
0.00840333
0.0359367
0.0186
0.0296733
0.0327833
0.044
0.0218
0.0283367
0.128463
0.06509
0.0165567
0.00783333
0.00845333
0.00130667
0.00646333
0
0.108477
0
0.01974
0.03277
0.00117333
0.000806667
0
0.03723
0.00754667
0
0.00697333
0
0
0.01075
0.01372
0.00695667
0
0
0.00206667
0.000483333
0.00012
0
0
0.00458
0
0.000463333
0
0
0
0.00475667
0
0
0.00225667
0.000423333
0.00971667
0
0
0
0.000223333
0.01011
0.0148433
0
0.000593333
0.000296667
0
0.00467667
0.00111
0
0.00520333
0.00532667
0.03084
0.0172633
0.000516667
0.000516667
0.0380467
0.0439
0
0.0312833
0
0
0.000263333
0.0207933
0
0
0
0.0153033
0.000656667
0
0.00347
0.000833333
0.00684
0.0106367
0.00396667
0.0119267
0.00636
0.0131033
0
0
0.00902
0.00732
0.0346433
0.0229567
0.00709667
0.00725
0
0.00235
0.0334633
0.00046
0.00257333
0.00235
0.00013
0
0.000223333
0.000673333
0
0
0.000583333
0.000583333
0
0
0
0
0.00181
0
0
0
0.00224667
0
0
0.00232333
0.00109667
0
0
0.00378667
0
0.001
0
0
0
0.00162
0.00170333
0
0.00169667
0.00863333
0.00849
0
0.00159333
0.00733667
0.00896667
0.00291333
0.0107367
0.0161667
0.00152333
0
8.33333e-05
0.0243567
0.0408433
0.0154167
0.00507333
0
0.02366
0.0402933
0.00834
0.00776667
0.0163033
0.00839
0
0.00895
0.00430333
0.00926667
0.0132333
0
0.000503333
0.000926667
0.000943333
0.00273333
0.0007
0
0.00063
0.00418667
0.0011
0.00149333
0.00205
0
0
0.00363667
0.00149333
0
0
0
0
0.000753333
0
0
0
0
0
0
0
0.00063
0
0
0.00239333
0.00700667
0.00708333
0.00647
0
0.00742667
0.00137667
0.00130333
0
0
0.0150633
0.01886
0.00041
0
0.00041
0
0
0
0.00196333
0
0
0.0003
0.000596667
0.00174333
0.000596667
0
0.00157
0.000506667
0.0003
0.00017
0
0
0.00184333
0.000206667
0.00017
0.00753667
0
0.00048
0
0
0.000203333
0.00917
0.00952
0.02092
0.0120267
0.01607
0.00446667
0.00619333
0.000963333
0.0001
0.01362
0.0288933
0
0
0.0345533
0.02857
0
0.02
0
0
0.00179333
0.0156833
0.00059
0
0
0
0
0
0
0
0
0
0
8.66667e-05
8.66667e-05
0
0.00234
0.000343333
0.0167467
0.02878
0.02421
0.0264733
0.04323
0.04963
0.0735667
0.0626
0.0488667
0.0210367
0.02526
0.0372633
0.408347
0.131247
0.27218
0.0879633
0.04785
0.04544
0.0728533
0.0183467
0.0313433
0.00130667
0
0
0.0052
0
0.000443333
0.0125
0.000136667
0
0.0114367
0.00623333
0.118683
0
0.00727333
0.00656333
0.000233333
0
0
0.00430333
0.00083
0.0206067
0.00422333
9.66667e-05
0.000216667
0
0.00347333
0.00166
0.00012
0
0.000273333
0
0.00282667
0.00272333
0
0
0
0.00292333
7.66667e-05
0
0
0
0
0.00047
0
0
0
0
0
0
0.000393333
0
0
0
0
0.00011
0.0368367
0
0.00022
0.03301
0.000316667
0
0.00864667
0.0198033
0.000973333
0
0
0.0118533
0.00846667
0.00025
0.02779
0.0191233
0.00025
0
0.0338233
0.0398367
0.000703333
0
0.00498
0.0121267
0.02526
0.000373333
0.000223333
0
0.00475667
0.00534
0
0
0
0.00656667
0
0
0
0
0.00224667
0.0160833
0
0.0151567
0
0.00246
0.0105233
0.0205533
0
0
0.00146
0.00291333
0.00587667
0.0133267
0
0.01228
0.00453333
0.00494
0
0.000846667
0.00944333
0.00313
0.00782333
0.0219433
0.01211
0.00593333
0.0193733
0.0110233
0.00533667
0.00608667
0.00449333
0.0128533
0.01711
0.0088
0
0.0212967
0
0
0.00988
0.01755
0
0.00260667
0.0116967
0.01511
0.00996333
0.000326667
0.000503333
0.00595667
0.0112967
0.0162867
0.00102667
0
0.02621
0.0125933
0
0.00384
0.0180067
0
0.00222667
0.000406667
0.000406667
0
0.000753333
0.000876667
0.00598667
0.00611333
0
0.0011
0
0
0
0.00571333
0.0141633
0.00886667
0
0
0
0.03057
0
0
0.0267733
0.00122
0
0
0.0147233
0.0144567
0
0
0.0003
0.00229333
0
0
0.000666667
0.00223667
0.00647667
0
0.0115467
0.00758
0
0
0.000166667
0
0
0.0204633
0.000166667
0.0014
0.0014
0
0.01623
0.00313
0.00579333
0.00211667
0.00160333
0.0100233
0.0137367
0.00703333
0
0.00120333
0
0
0
0
0
0
0.00225333
0.000253333
0.000253333
0.00273333
0.00974333
0.000633333
0.00684
0.01268
0.0083
0.0139833
0.01167
0.32828
0.194897
0.151613
0.236483
0.10053
0.0149167
0.00440333
0.0181633
0.0210667
0.41169
0.21618
0.00564333
0
0.03664
0.161007
0.000443333
0
0
0.343543
0
0.000136667
0
0.15824
0.000136667
0.0921267
0
0
0.0359467
0.0295167
0
0
0
0
0.0116133
0.0117867
0
0
0
0
0.00162333
0
0
0
0
0
0.0002
7.66667e-05
0
0
0.0002
7.66667e-05
0
0
0
0.000393333
0
0.000296667
0
0
0
0.000813333
0.000296667
0
0
0.01548
0.00259667
0
0
0
0.0358167
0.0209733
0
0
0.00011
0.03382
0.0272467
0.000316667
0
0.00946
0.03147
0.0226867
0.000633333
0.0374767
0.0177333
0.0237533
0.0123667
0.00187
0.00187
0.0315533
0.01083
0.03
0.0180567
0.00212
0.0527833
0.02984
0.0233567
0.0255267
0.0188767
0.0427867
0.00441
0.0110867
0.00173333
0.01557
0.000816667
0.00148333
0
0.00436667
0.00593667
0.0105933
0.00493667
0.02377
0.000243333
0.00100333
0.00063
0
0.00969667
0
0.02279
0.0190767
0
0
0.0281767
0.00633333
0.00408667
0
0.0177033
0.0235033
0
0.0163167
0.0193067
0.00220667
0.0314733
0.0318767
0.00545
0.00146
0.00512
0.0244467
0
0.00640667
0.00114333
0.01534
0.01002
0.00273667
0.00959667
0
0.00228333
0.00921333
0.02846
0.02269
0.0217267
0.00243333
0.00262333
0.00236333
0.0145433
0.00961333
0.00516667
0.0389033
0.0431133
0.00771667
0
0.000756667
0.0287267
0.0334867
0.0194967
0.0175567
0.0307533
0
0.0130233
0.00575
0.0219467
0.0331167
0.0285533
0.0300767
0.00210333
0.02517
0.0211733
0
0
0.00731667
0.00713667
0
0.00228667
0.00063
0.0286633
0.00816
0.01292
0
0
0.0157533
0.01052
0.0114867
0.00302333
0.00286
0
0.000753333
0.00319333
0
0
0.00231667
0.0195567
0.0164667
0
0.00047
0.00094
0.03399
0.00555333
0.02811
0
0.01491
0.00878333
0.0232133
0
0
0
0.0272
0.02625
0.00081
0
0
0.0140033
0
0
0.00114667
0.00124333
0.00112333
0.000596667
0
0.00536333
0
0
0
0
0
0
0.0231767
0.00155667
0.00315667
0.00155667
0.00163
0.00023
0
0
0.0161433
0.00593333
0.00176667
0.0131333
0.0437533
0.05119
0.0564667
0.03024
0.0219267
0.00908333
0.00492
0.00163333
0.00294333
0.00150333
0.00991667
0.00201
0
0
0.00920667
0.00975333
0
0
0.00212667
0
0
0
0
0
0
0
0
0
0
0
0
0
0
0
0
0
0
0
0.00048
0.00038
0.00576
0.00249333
0.0105833
0.0190767
0.0388967
0.05138
0.0489167
0.0362
0.0154133
0.00718333
0.311683
0.16006
0.37265
0.0437967
0.0564167
0.0160833
0.0198733
0.00406
0.00229667
0
0.000963333
0.44537
0.27071
0.000973333
0.00141667
0
0.03334
0.181857
0.000973333
0.00167667
0.00464333
0.000173333
0
0.00012
0.000436667
0.000256667
8.33333e-05
0.0856967
8.33333e-05
0
0
0
0
0
0
0
0
0
0.00145333
0
0
0
0
8.33333e-05
0
0
0
0
8.33333e-05
0
0
0
0
0
0
0
0
0
0
0
0
0
0
0
0
0
0
0
0
0
0
0
0
0
0
0
0
0.00445667
0.000316667
0.000513333
0
0
0.0136967
0.00083
0.00311667
0.0122233
0.0143133
0.02088
0.00451667
0.00914667
0.00651
0.0308767
0.0151967
0.0128
0.0550833
0.0194933
0.00641
0.0124133
0.0517667
0.05088
0.03299
0.0213133
0.00408
0.0234733
0.02887
0.0254867
0.000486667
0.000243333
0.00148333
0.00860333
0.000243333
0.00078
0.00524
0.00063
0
0.00494
0
0
0
0
0
0
0.0313633
0
0.00469
0.02174
0.00152667
0.0127367
0.01036
0
0.0213167
0.0117267
0.00373333
0.0222167
0
0
0.00427667
0.0286467
0.0131133
0.0193967
0
0.000286667
0
0.0284
0.00859667
0.00114333
0.00153
0
0.00839
0.01079
0.0274
0.0276367
0.01475
0.00015
0.00330333
0.0210367
0.0225467
0.03281
0.00134667
0.00827
0.00573667
0.0157967
0.0256767
0.00376333
0.01409
0.0250733
0
0.0206267
0.0170233
0.000326667
0
0.0204567
0.00643667
0.02694
0.01222
0
9.33333e-05
0.00165667
0.0277067
0.000336667
0.0158567
0.01975
0.0239133
0
0
0.000936667
0.00169
0
0
0.00231667
0.03281
0
0
0
0.00047
0.0450333
0
0
0
0
0
0.0132833
0.0164733
0
0
0.0164767
0.00163333
0
0
0
0.00081
0
0
0
0
0.0171167
0
0
0
0.000456667
0
0
0
0.00697667
0.0109967
0.00212667
0
0
0
0.02374
0.00351667
0.0013
0.00184667
0.000923333
0.000923333
0
0
0
0
0
0
0
0
0
0
0
0
0
0
0
0.00048
0
0.00038
0.00078
0.00057
0.0279833
0.00815333
0.0083
0.00238333
0.278327
0.0914867
0.0364633
0.00653333
0.00442
0.00226667
0.00555667
0
0.0593367
0.00758667
0.00256
0
0
0.00761
0.377223
0.00220333
0
0
0.00432
0.00852667
0.00113333
0.00569667
0.0864433
0.0440933
0.00096
8.33333e-05
0
0
0.00169333
0.00192333
0
0.00023
0.01791
0.0267267
0.00023
0.0028
0
0
0
0.000223333
0
0.00014
0.00014
0
0.00012
0
0
0
0
0.00012
0
0
0
0
0
0
0
0.00226333
0.000183333
0.000233333
0.00827333
0.00244667
0
0
0.00555667
0.00458
0.0105067
0.00637667
0.000196667
0.00082
0.00082
0.0145633
0.01028
0.00467333
0.00346667
0.0369133
0.0180367
0.00753333
0.0366433
0.0209533
0.02791
0.0179067
0.00558333
0.0341567
0.0210567
0.0297633
0.00411333
0.0252533
0.01351
0.0002
0.00148333
0.00643667
0.00763667
0.0002
0.00078
0.0052
0
0
0.00015
0
0.00961333
0.0224467
0
0.000603333
0.000603333
0
0
0
0.0101367
0.00679667
0
0.00601
0.00774667
0.01479
0
0
0.0420267
0.0156467
0.0147633
0
0
0.00446333
0.00339667
0.000386667
0
0.0376833
0.00982667
0.00208
0
0
0.02152
0.0140867
0.00892667
0
0.00183667
0.0205733
0.00026
0.00402333
0.00529333
0.00958333
0.00112667
0.000756667
0.00092
0.01215
0.01827
0.0136233
0
0.000116667
0.000116667
0.0275
0.01506
0.00710333
0
0
0
0.0151333
0
0
0.0162533
0
0.02883
0.0116933
9.33333e-05
0.00118667
0.00165667
0.01356
0.0262433
0.0249967
0.00143
0.00598333
0.00653
0.0188067
0.01086
0.00933667
0.0004
0.00133667
0.00604333
0.03812
0
0
0
0.00285667
0.00054
0.04687
0.07503
0
0.00047
0.0403867
0.0563233
0
0
0.00047
0
0.00345667
0.00298667
0.00962
0.02446
0
0.00665
0.000823333
0
0
0
0.0049
0
0
0
0.000676667
0.000693333
0
0
0.00425333
0
0
0
0.00638
0
0.0164433
0
0
0.00730333
0.0202
0.02233
0.0160833
0.00023
0
0
0
0.01534
0.00214
0.01959
0.01357
0.0293633
0.0521967
0.0721
0.0689333
0.0411267
0.0203467
0.00352
0.00610333
0
0.00144
0.00144
0.000376667
0
0
0.000376667
0
0
0
0
0
0
0
0
0
0
0
0
0
0
0
0
0
0
0
0
0
0
0
0
0
0
0
0
0.0004
9e-05
0.000806667
0.0110133
0.0308333
0.0215833
0.0229333
0.00214667
0.00039
0.00048
0.0994033
0.06122
0.06089
0.00587667
0.04406
0.00586667
0.00732333
0.00807333
0.00278
0.00524667
0.00503333
0.00964667
0.00131667
0.000353333
0.0199933
0.0336433
0.0106133
0.0408067
0.155353
0.185577
0.0173867
0.00462333
0.03239
0.08653
0.00347
0.01518
0.03725
0.00167
0.0114067
0.000793333
0
0.00597333
0.0192233
0
0
0
0.00023
0.00320667
0
0
0
0.00194333
0.00824667
0
0
0
0.00652667
0
0
0
0.000193333
7.33333e-05
0
0
0.00158333
0.00170333
0
0
0
0
0
0
0
0
0.000183333
0
0
0
0.000233333
0.000366667
0
0.000196667
0.00122333
0.0028
0.00260333
0.00632333
0.00856667
0.0135267
0.00174333
0.00948667
0.00688333
0.02233
0.02152
0.00164333
0.00156667
0.00835333
0.00220667
7.66667e-05
0.0327233
0.0114933
0.01936
0.00834667
0.00232333
0.00183
0.0197267
0.0119633
0.0107067
0.00804667
0.00175333
0.00307
0.00556333
0.00032
0
0.00446
0.00446
0.00012
0.00012
0.00026
0
0.00015
0
0
0.00631333
0
0
0
0
0
0.000686667
0.000603333
0
0.00595667
0.00231333
0.0271167
0.01981
0.03814
0.00038
0.000803333
0.000386667
9.33333e-05
0.04623
0.00042
0.0146033
0.00626
0.00142333
0.00103667
0
0.00240667
0.00902333
0.00605
0.01346
0.00142667
0
0.00326667
0.00310333
0.0124233
0.000753333
0.000163333
0
0
0
0.00280333
0.000866667
0
0
0
0.00136333
0
0.00248333
0.00996333
0.00273
0.000136667
0
0.00165667
0
0.00865333
0.0154567
0.00572
0.00705
0.00109333
0
0
0.00934333
0.0202167
0
0
0.0170067
0.01515
0.03717
0.00188333
0.00424333
0.06358
0.0935067
0.0962067
0.0457633
0.0748933
0
0
0.0152867
0
0
0
0.00909667
0
0
0.00366333
0
0.0003
0
0
0
0.00420667
0.000543333
0
0
0.00123667
0
0
0.000693333
0
0.00022
0.00046
0
0.00471333
0
0
0.00663333
0.00671667
0.0186433
0.0273167
0
0.00100333
0
0
0.0215867
0.03136
0
0
0
0
0.00025
0
0.00025
0
0
0
0
0
0
0
0
0
0.00014
0
0.00014
0
0.00271333
0.0142833
0.00947
0.01809
0.0158167
0.0138067
0.00320333
0.00332667
0.00023
0.0361133
0
0.00023
0.0157633
0.01508
0.0240533
0.0286267
0
0.0358467
0.03798
0.0527867
0.0259833
0.00866333
0
0
0.01764
0.03977
0.01699
0.0406467
0.02543
0
0.00868333
0.0112967
0.0186667
0.000756667
0
0.00014
0
0
0.000213333
0
0
0.00768333
0.00138
0
0
0
0.00167333
0
0.00124
0
0
0
9e-05
0
7e-05
0
0
0
7e-05
7e-05
0.000233333
0
0.000183333
0
0
0.000976667
0.00121
0.000183333
0.000366667
0.000183333
0
0.000403333
0.00165
0.000176667
0.00036
0
0.00162667
0.00672667
0.00540333
0.00638
0
0.0113133
0.0246733
0.0137
0.00473
0
0
0.00154667
0.02882
0.00524667
0.0142167
0
0.00182333
0.00114333
0.00635
0.00262
0.00202333
0.00475333
0.00158667
0.00198
0.00183
0.00332
0.00350667
0
0.00015
0.000506667
0.00026
0.00015
0
0.0019
0
0
0
0.0154467
0.000686667
0
0
0.01606
0.00171
0
0.01298
0.00387333
0.0161433
0.00230333
0.00171
0
0
0.00171333
0.03667
0.000593333
0
0
0
9.33333e-05
0.0292467
0.00021
0
0
0.00158667
0.0137833
0.00034
0.00013
0
0.00083
0.00083
0.00013
0
0
0.00039
0.000866667
0
0
0.00129
0.000536667
0
0
0
0
0
0
0.000536667
0
0.000793333
0.000136667
0
0
0.00043
0.00122333
0.00146667
0.000136667
0.00109333
0
0
0.00191333
0.00043
0.0068
0
0.0348767
0.00148333
0.00105667
0
0
0.00054
0
0
0
0.0453967
0
0
0
0
0.00777
0
0
0
0
0
0
0
0
0
0
0
0.00046
0
0.000333333
0.00827667
0
0
0.02008
0
0
0.0307667
0
0
0
0.000303333
0.01538
0.02614
0
0
0.0159667
0.0295433
0.0329533
0.0510533
0.03703
0.03027
0.00662667
0.00324
0.000426667
0
0
0
0
0
0
0
0.0004
0
0.00015
0
0.00015
0
0
0
0
0
0
0
0
0
0
0
9.66667e-05
0
0.000236667
0.00561
0
0
0.00997667
0
0.000406667
0.000406667
0.00136333
0.000956667
0.000956667
0.00450667
0.00450667
0.0363667
0.04383
0.0308633
0.0446667
0.0678133
0.0186033
0.0618667
0.00023
0
0.0727033
0.0570133
0.00778667
0.00719667
0
0.01381
0.0407267
0.000203333
0
0
0
0.00588333
0.00014
0.00535667
0.0183
0.0421267
0
0
0.00341333
0.00334
0
0
0
0.00523
0.00831
0
0
0
0.01482
0.0182733
0
0.00539
0.0184167
0.00124
0
9e-05
0.00380667
7e-05
0
0
0
0
0
0
0
0
0
0
0.000673333
0.000673333
0
0
0
0.00515333
0.000673333
0
0
0.0135833
0.0146433
0
7.66667e-05
0.000426667
0.0226667
0
0
0.00121667
0.000193333
0
0.0151633
0.0151367
0.0115367
0.00110333
0.000193333
0.0173733
0.00229
0.00110333
0
0
0
0.000386667
0
0
0
0.00731
0
0
0
0
0.0167033
0.000756667
7e-05
0
0
0.00236
0
0
0.0348133
0.0208767
0
0.01242
0.00236333
0.02198
0
0
0.00103
0.0252367
0
0
0
0.01947
0
0
0
0
0.00039
0
0
0
0
0
0
0.00039
0
0
0
0
0
0
0
0
0
0
0.000536667
0
0
0
0
0
0
0
0
0.00133
0
0.00184667
0.00133
0
0.000516667
0.07171
0.0522167
0
0
0.0496533
0
0.04235
0.00457667
0
0
0
0.00158
0.00143333
0
0.0003
0
0
0
0
0
0
0.0003
0
0
0
0
0
0
0
0
0
0
0
0.00112
0.00079
0.00033
0
0
0.00123333
0.00389333
0.00435333
0
0
0
0
0.00123333
0.000416667
0.0173667
0.00510333
0.000303333
0.00838
0.01938
0.00900667
0
0
0.00833
0.0121333
0.01671
0.01773
0.01995
0.0185533
0.01199
0
0
0
0.00335
0.0036
0
0.00375
0
0.00211667
0.00194667
0
0.00304
0.00109333
0
0.00109333
0
0
0
9.66667e-05
0.0002
0
0.0066
0.0119733
0.0209967
0
0.01914
0.0184267
0
0
0.00926333
0.0913333
0.128643
0.0919033
0.107017
0.01671
0.0678567
0.00131
0.0466767
0.03414
8e-05
8e-05
0.00025
0.04167
0.0586733
0.110417
0.10595
0.0154167
0.00900667
0.00017
0.000786667
0.000203333
0.0798033
0.000173333
0
0.08157
0.000173333
0.000173333
0.0032
0
0.0120133
0.03323
0.0336867
0
0
0
0.0307967
0.0214567
0.008
0
0
0
0.0294767
0.00124
0
0
0
0.00414333
0
0
0
0.000426667
0.000566667
0
0
0
0.000496667
0.00072
0
0
0.000223333
0.000223333
0.000486667
0
0
0.00441667
0
0
0
0
0
0
0
0
0.00035
0.0318067
0
0
0.0128033
0.0285633
0
0.0252733
0.0387033
0
0
0.03004
0.00128
0
0
0.0176067
0.01523
0.000576667
0
0
0
0
0
0.00101
0.0007
0
0
0
0
0.00637
0
0
0.0303333
7e-05
0
0
0.00167333
0.00160333
0
0
0.0296567
0
0
0
0.0153233
0.00832667
0
0
0.000936667
0.00914333
0
0
0.00317667
0
0
0
0
0.000756667
0
0
0
0
0
0
0
0
0
0
0
0
0
0
0
0
0
0
0
0
0
0
0
0
0
0
0
0
0
0
0.00570667
0
0
0
0
0.00771333
0
0
0
0
0
0.0162967
0.0123433
0
0
0
0
0.01348
0.00489667
0
0
0
0.00329667
0
0
0
0
0.000153333
0.000153333
0
0
0
0
0
0
0
0.000943333
0
0
0
0
0
0.00206333
0.000443333
0
0
0.000443333
0
0
0
0
0
0.00280333
0
0
0
0
0.000173333
0
0
0.00343
0.00216667
0.00713667
0.01069
0.00268667
0.0006
0
0
0
0.00581
0
0
0.00916
0
0.00546667
0.000773333
0.00212333
0.00272
0.000156667
0
0
0.00619667
0
0
0.0124567
0.02681
0
0.0299767
0
0.02077
0.0304633
0
0
0
0.00475667
0.113317
0.0503833
0.132553
0.09934
0.00115
0.00015
0.00032
0.06213
0.120833
0.152117
0.0354033
0.129337
0.000706667
0.00017
0.00535667
0.00701667
0.00104667
0.00109667
0
0.109887
0.00214
0.00121667
0.0032
0.0709
0.00104333
0
0.00697667
0.000443333
0
0.0206267
0.00190333
0.00841
0.00197333
0.00739333
0
0.00598667
0
0
0
0.00127333
0
0
0
0
0.000776667
0
0
0
0
0
0.000553333
0.00592
0
0
0
0.0140067
0.0209333
0
0.00315667
0.0311333
0
0.01482
0.0237633
0
0
0.01021
0.00646667
0
0
9.66667e-05
0
9.66667e-05
0.000623333
0
0
0.00658667
0
0
0.00973
0.0247833
0
0
0
0
0.02335
0
0
0
0
0
0.00528333
0.0002
0.00180333
0
0
0.00104667
0.00262
0.0002
0
0
0
0
0.00242
0
0
0
0
0
0
0
0
0
0
0
0
0
0
0
0
0
0
0
0
0
0
0
0
0
0
0
0
0
0
0
0
0
0
0
0
0
0
0
0.00200667
0
0.00376
0
0
0
0
0
0
0
0
0
0
0
0
0
0
0
0
0
0
0.00567333
0
0
0
0
0
0
0
0.0156533
0.000113333
0
0
0
0.0192533
0
0.00566333
0.00554333
0.000923333
0
0.001
0.00207333
0
0.00207333
0.000183333
0.00135
0.00298
0.00978667
0.0223533
0.0289
0.0313067
0.01966
0.00062
0.00643
0.01102
0
0.02301
0.02425
0.000146667
0.0191667
0.00092
0.00711
0.0138967
0.0266667
0.000156667
0.0165833
0
0.01676
0.00321667
0
0.00212333
0.000103333
0.000103333
0
0
0
0
0
0
0
0.0123033
0.000696667
0.00545333
0.173287
0.15505
0.0513
0.0173967
0.08157
0.00115
0.03056
0.0283767
0.0100333
0.00181333
0.00609
0.00817667
0.135167
0.000706667
0.0112733
0.03199
0.07305
0.1676
0.00542333
0.00360333
0.146383
0.00808
0.00074
0.00599333
0.00194333
0.009
0.00074
0.0488567
0.01232
0.00528667
0
0.00447667
0.00468667
0
0.0251433
0.0132
0.00435
0.0104033
0.000443333
0
0
0.0256333
0.00261
0
0
0.00573
0.0202367
0
0.0005
0.00153667
0.0214133
0.01883
0
0
0
7.33333e-05
0.00905333
0
0
0.000586667
0.00107333
0
0.000553333
0.00257667
0.00219667
0
0
0
0
0.0101833
0
0
0
0.00291333
0.0289767
0
0.0145767
0.01242
0.02485
0
0
0
0.02852
0.01495
0
0
0
0.01748
0
9.66667e-05
0.0154667
0.00124667
0.000576667
0
0.00110667
0.000623333
7.66667e-05
0.000776667
0
0
0
0.00101
0.000993333
0.000293333
0
0
0
0
0.000356667
0.0042
0
0.00446
0.00855667
0
0
0
0
0
0
0.00471333
0.00434667
0
0
0
0.00011
0.00011
0
0
0
0
0
0
0
0
0
0
0
0
0
0
0
0
0
0
0
0
0
0
0
0
0
0
0
0
0
0
0
0
0
0
0
0
0
0
0
0
0
0
0
0
0
0
0
0
0
0
0
0
0
0
0
0
0
0.00175333
0
0
0
0
0
0.00175333
0
0
0
0
0
0
0
0
0
0
0
0
0
0
0.000643333
0
0
0.00537333
0
0
0
0.0187633
0
0.0276233
0.0406367
0.00169333
0
0.03508
0.0256667
0.00964
0
0.0130767
0.00985
0.00887
0
0.00167667
0.000526667
0.000526667
0.00167667
0.00271333
0.001
0.001
0.00115
0.00185333
0.00220667
0
0.00103667
0.000523333
0.00364
0.00323333
0.00062
0
0
0.000523333
0.00181333
0.0237967
0.0315633
0.0128633
0
0.000146667
0.0208033
0.0114033
0.00514333
0.0224333
0.000156667
0
0
0
0
0.0061
0.00802333
0.0224733
0
0.0233267
0
0
0
0.000696667
0.000696667
0.00754667
0.161513
0.107353
0.12569
0.0167067
0.000566667
0.000246667
0.0120233
0.00250333
0.00162
0.00195
0.00168333
0.00615333
0.168963
0.185913
0.143357
0.0116267
0.00666333
0.00285
0.00141
0.000756667
0.000906667
0.0592733
0.0181233
8.66667e-05
0.0007
0.0115333
0.00794333
0.00109667
0.00204333
0.0193767
0.0270633
0.01244
0.000653333
0
0.0246467
0
0.03397
0
7.33333e-05
0.000646667
0.0125367
0.0250367
0
0
0
0.00491
0
0.000586667
0
0
0
0.00093
0.000693333
0
0
0
0
0.000106667
0.0149533
0
0.0108
0
0.00452667
0.00502333
0
0
0.000576667
0
0.00491667
0.00592667
0
7.66667e-05
0
0
7.66667e-05
0
0
0
0
0
0
0
0
0
0.000476667
0
0
0
0
0
0
0
0
0
0
0
0
0
0
0
0
0
0
0
0
0
0
0
0
0
0
0
0
0
0
0
0
0
0
0
0
0
0
0
0
0
0
0
0
0
0
0
0
0
0
0
0
0
0
0
0
0
0
0
0
0
0
0
0
0
0
0
0
0
0
0
0
0
0.000643333
0
0.00694667
0
0.0193933
0.00158
0
0
0
0
0.00157667
0.00157667
0.0171467
0.00664667
0.00674667
0.00231667
0.0156433
0.000793333
0.001
0.00803667
0.00247333
0.01135
0.00062
0.00034
0.00214333
0.0105767
0.0109233
0.0198067
0.0153667
0.01477
0.0136633
0.00521
0.00470667
0
0.0208367
0.00710333
0.0182767
0.00180333
0.0202333
0.0172767
0.00646667
0.0122867
0.00507
0.0352033
0.0384733
0
0.0312267
0
0.0189033
0.00536
0
0
0.00212333
0
0.00214667
0
0
0.00897667
0.00713667
0
0
0
0
0
0.00703667
0.07896
0.02711
0.00212667
0.0168633
0.01756
0.02971
0.0557633
0.0211567
0.0359067
0.0559333
0.0394133
0.0282933
0.06184
0.09835
0.0278133
0.0558967
0.0200267
0.05642
0.00157
0.0217267
0.0307133
0.00204
0.00285333
0.01951
0.0107867
0.0120767
0.00215333
0.00525667
0.00399667
0.0399633
0.0359767
0.0110767
0.02022
0.03635
0.00239
0.00168333
0.00672
0.04331
0
0.000346667
0.0465333
0
0
0
0.000346667
0.000693333
0.02168
0
0
0.00012
0.00900333
0
0
0.000376667
0.000106667
0
0
0
0
0.000273333
0.000276667
0.00655
0
0
0
0.000923333
0.00652333
0.00345333
0.000983333
0.00299333
0
0.000206667
0.00342667
0.00079
0
0.000443333
0.00343667
0.01099
0.00637667
0.000623333
0
0
0.01254
0.0177
0
0.000443333
0.000443333
0.00428667
0.0109967
0
0
0.00327667
0
0.00014
0
0
0
0.00014
0.000616667
0
0
0
0
0
0
0
0.000476667
0
0
0
0
0
0
0
0
0
0
0
0
0
0
0
0
0
0
0
0
0
0
0
0
0
0
0
0
0
0
0
0
0
0
0
0
7e-05
0
7e-05
0
0
0
0
0
0
0
0
0
0
0
0
0
0
0
0
0
0
0
0
0
0
0
0
0.000643333
0
0
0
0
0.00221667
0
0.0171067
0.00220333
0.000623333
0
0.02949
0.0181433
0.00982333
0.01708
0.02287
0
0.01023
0.0291533
0.000266667
0.0206367
0.00269667
0.00131667
0.02546
0.02842
0.0166033
0.0224733
0
0
0.00798333
0.01263
0.00903
0.00217333
0.00972
0
0.00109667
0.0316
0.0303933
0.00113667
0
0
0
0.000513333
0.00701
0.0339133
0.0266633
7e-05
0.00172667
0.00269667
0.02839
8.33333e-05
0.04118
0
0
0.0339333
0.02656
0
0
0.0105067
0
0
0.00343333
0
0
0
0.00012
0.00012
0
0
0.00214667
0.00012
0
0.00212667
0.0001
0.000186667
0.000286667
0
0.000186667
0.0389867
0.05304
0.06364
0.036
0.0153267
0.06124
0.00318
0.0355333
0.00446333
0.0344433
0.00253
0.00144667
0.0234967
0.0122967
0.0148667
0.0350667
0.0272267
0.00663333
0.0388367
0.0550933
0.00183667
0.00118333
0.01326
0.0160033
0.03199
0
0.0173867
0.0540533
0
0
0.000346667
0.00718667
0.00754333
0.0381333
0
0
0.00105
0.00558667
0
0
0
0.00093
0.00094
0
0
0
0.000103333
0
0
0.00027
0.00017
0
0.00025
0.00220667
8e-05
0.00211333
0.00204
0
0.00024
0.00024
0
0.0270867
0
0
0
0.00388333
0.0241933
0
0
0
0
0.00364667
0
0
0
0.00037
0
0
0
0
0
0
0
0
0
0
0
0
0
0
0
0
0
0
0
0
0
0
0
0
0
0
0
0.000176667
0.000296667
0
0
0.000176667
0
0
0
0
0
0.000163333
0.000856667
0.000163333
0
0
0.000926667
0
0
0.00015
7.66667e-05
0
0
0
8e-05
0
0
0
0
8e-05
8e-05
7.66667e-05
7.66667e-05
0
0
0
0
0
0
0
0
0
0
0
0
0
0
0
0
0
0
0
0
0
0
0
0
0
0
0
0.00157333
0
0
0
0.00401667
0
0
0
0.0006
0
0
0.00623667
0.00526
0.01021
0
0.0113067
0.01832
0.0271267
0.0155067
0.00139667
0.00113
0.02755
0.00138
0.0244933
0
0.00848
0.01473
0
0.03523
0.00113667
0
0.000756667
0
0.000513333
0.000513333
0.00249
0.00301667
0.000116667
0.000886667
0.00328333
0
7e-05
0.00519667
0.0116967
0.00308333
0.00474
0.00998
0.01748
0.0183467
0.00916667
0.0315833
0.00121667
0.0013
0
0
0.000196667
0
0
0
0
0
0
0
0
0
0
0
0
0.101777
0.113777
0.112727
0.11859
0.06658
0.01817
0.0753333
0.0240167
0.0273433
0.0701333
0.0490533
0.0133467
0.0766067
0.0779833
0.0797833
0.00855
0.0130967
0.0452133
0.07372
0.00254667
0.0351467
0.00023
0.00032
0.000666667
0.0256433
0.00023
0
0
0
0
0.00065
0
0
0
0.00019
0.00045
0
0
0
0.00017
0.00287333
0.00287333
0
0
0.00637333
0.00017
0.0181433
0.000206667
0
0.00814333
0.0182633
0.00637667
0
0
0.00687667
0.0217033
0
0.00732333
0
0.00376667
0.01988
0
0
0
0
0.000326667
0.00604333
0
0.00037
0
0
0
0
0
0
0
0
0
0
0
0
0.00012
0
0
0
0
0
0
0
0
0
0
0
0
0.000416667
0
0
0
0
0
0.00024
0
0.000276667
0.00162333
0.000163333
0
0
0.00248
0
0
0.00653
0.00808333
0.00547667
0
0
0.00575333
0.00811
0.00539
0
0
0
0
0
0
0
0
0
0
0
0
0
0
0
0
0
0
0
0
0
0
0
0
0
0
0
0
0
0
0
0
0
0
0.00272667
0.000623333
0
0.00447
0.00354
0.000706667
0.00335667
0.00322333
0.00267333
0.00113
0
0.029
0.00148
0.0001
0.01101
0.0279567
0.01513
0.00582
0.00516667
0.00931
0.00923667
0
0.0433333
0.00176333
0
7.66667e-05
0.000833333
0
0
0
0.00155333
0.00259333
0.01956
0.0396367
0.0537833
0.00186667
0.00101333
0.00402667
0.0177033
0.0282433
0.0222233
0.0169733
0.0385433
0.00252
0.00137667
7.33333e-05
0.03194
0.01578
0.00736
0.000286667
0
0.000196667
0
0
0
0
0
0
0
0
0
0
0
0
0.105133
0.101823
0.111037
0.0396567
0.0590267
0.03672
0.0499933
0.02624
0.03236
0.0319733
0.0979667
0.0106167
0.0132567
0.0193333
0.0777733
0.0960333
0.00348
0.00699333
0.04088
0.00458
0.0204133
0.0355367
0.0421933
0.00298333
0.000103333
0.00436333
0.0145133
0.0220767
0.00304667
0.000103333
0.00185333
0.00244667
0.000663333
0.000966667
0.000293333
0.00029
0.00121333
0
0.00029
0.00909
0
0.00740333
0
0.0149333
0
0
0.0226733
0
0.0212567
0.00660667
0.0153933
0.0145533
0.02231
0.0208133
0.00127333
0.00103333
0.01048
0.00736667
0
0.01873
0
0.00219667
0.00284
0.00459667
0
0
0
0.000443333
0
0
0
0
0
0
0
0
7.33333e-05
0
0
0
0
7.33333e-05
0.000146667
0
0
0
0.00107
0
0
0
0.00111667
0
0
0
0
0
0.000333333
0.00704333
0
0.000333333
0
0.00716333
0
0
0.00141667
0.00158
0.00572667
0.00247333
0
0.00219667
0.00357333
0.0217067
0.01891
0.0200767
0
0
8e-05
0.00145667
0.02251
0.02445
0.00992667
0
8e-05
0.00495
0
0
0
0.00250667
0.00291
0.000413333
0
0
0.000483333
0
0
0
0
0
0
0
0
0
0
0
0
0
0
0
0
0
0
0
0
0.000663333
0
0
0
0.000946667
0
0.0006
0.0006
8.33333e-05
0
0
0.00537667
0.000716667
0.00205
0
0.0133667
0.00902667
0.00803333
0.00211333
0.01543
0.00149
0.00617
0.00142
0.00793667
0.00737667
0
0.0222733
0.00193
0
0
0.00292333
0.01989
0.03911
0.0024
0
0.00906
0.00101333
0.01686
0.0299033
0.0305433
0.0431167
0.03818
7.33333e-05
0
0
0
0
0
0
0
0
0
0
0
0
0
0
0
0
0.0481633
0.03053
0.02064
0.0277933
0.0250833
0.0284167
0.01869
0.08241
0.08451
0.01165
0.02175
0.0555833
0.0111533
0.0212167
0.0309567
0.0154967
0.0182833
0.0375667
0.00573
0.000103333
0.00249
0.00297667
0.000273333
0
0.00268333
0.00114333
0.000433333
0.00984333
0.0054
0.000143333
0.0341733
0.000376667
0.00029
0.0242433
0
0.0387267
0.00166333
0.0274267
0.000436667
0
0.00472667
0.00335333
0.0124733
0.0265833
0.0148833
0.000676667
0.00555
0.00219667
0.00508667
0.0165733
0
0
0
0.0144767
0.00639667
0.000326667
0.0022
0
0
0.0042
7.33333e-05
7.33333e-05
0
0
0.000433333
0
0
0
0
0
0
0
0
0.00668667
0
0
0.0278633
0.0124367
0
0.000333333
0.0336933
0.00032
0
0.00510667
0.00510667
0.0183867
0.00069
0.00101
0
0.00016
0.00619
0.01701
0.000966667
0.00521
0.000883333
0.00104333
0.00024
0.00561
0.00250667
0.0087
0
0.00671667
0.01732
0
0.0256067
0.03818
0.03369
0.03064
0.04241
0.0353233
0.0249167
8e-05
0.0166433
0.0106533
0.00847
0
0
0
0
0.00269
0.000336667
0
0
0
0
0
0
0
0
0
0
0
0
0
0
0
0
0
0
0
0
0
0
0
0
0
0
0
0.000663333
0.000663333
0
0
0
0
0
0
0
0
0.00942333
0.0102733
0.0237533
8.33333e-05
0.0200833
0.00642
8.33333e-05
0
0.00629667
0
0
0.00704333
0.00139
0.00025
0.00029
0.00778667
0.00287
0.00018
0.000103333
0.00303
0.00400667
0
0.01632
0.00327
0
0
7.66667e-05
0
0.000266667
0.00163667
0.0204867
0.0260733
0.0227067
0.0037
0
0.00959
0.00234667
0.0352967
0.0159
0.04286
0.0191133
0.0336667
0.0217667
0.03522
0.0252567
0.0296467
0.00738667
0.00806667
0.00205667
0.01385
0.00879667
0.00018
9e-05
0
0
0
0
0
0
0
0
0
0
0
0
0.0187333
0.0202767
0.0296
0.03665
0.0214633
0.00493
0.0311633
0.00117333
0.00067
0.00892333
0.0185133
0.00088
0.0113967
0.01643
0.00277
0.00633
0.00175
0.00734333
0.0173833
0.0232433
0.0423267
0.0101667
0.00192667
0.00883667
0.00175
0.00178333
0.0451467
0.0131833
0.0268367
0.0147533
0.0117667
0.0099
0.00223
0.00119667
0.0184733
0.01363
0.00291333
0
0.00148667
0.00267333
0.0196033
0.0119567
0.00463333
0.00026
0.000123333
0.00075
0.0027
0.00026
0
0.00075
0.00115333
0.000433333
0.00746
0.00251333
0
0
0.000403333
0.00112333
0.00112333
0.00671333
0.0115867
0
0
0.00126333
0.00014
0.00763667
0
0.000943333
0.0131333
0
0.000396667
0.000803333
0
7.66667e-05
0.000396667
0.000396667
0.00119
0.00571667
0.00135
0.02386
0.0243333
0.0023
0.00260667
0.03268
0.00833333
0.01026
0.0186833
0.0261667
0.02208
0.0185067
0.02799
0
0.0192133
0
0
0.00285667
0.0184167
0.0290267
0.0230767
0.00148
0.0153133
0.00158
0
0
0.00235333
0
0
0.000483333
0
0
0
0
0
0
0
0
0
0
0
0
0
0
0
0
0
0.00125
0.00191333
0
0
0.00601333
0
0
0
0
0.01324
0
0
0
0.000116667
0
0
0
0.000436667
0.00032
0.0133167
0.000146667
0
0.000523333
0.00851
0.000146667
0.00029
0
0.00086
0.00057
0.01162
0
0.00113333
0.01132
0.0231867
0
0
0
0
0.000266667
0.00897333
0.0108567
0.0110233
0.00943667
0.01581
0
0
0
0.0108767
0.00133333
0.0232267
0.02995
0.0423233
0.00532333
0.00198333
0.000526667
0
0.000526667
0
0
0
0
0
0.000166667
0.000166667
0
0
0
0
0.0505333
0.0546567
0.0294967
0.0407033
0.01396
0.00227333
0.0160767
0.0222567
0.0167633
0.00387
0.00283333
0.0410067
0.00310667
0.0145167
0.0145233
0.00191333
0.0132533
0.0106967
0
0.00013
0.00169667
0.00145667
0.00119667
0.00218667
0.00267333
0.00358333
0
9e-05
0.0285133
0.00116
0.00067
0.00255667
9e-05
0.0287967
0.0290833
9e-05
0.00084
0.0165033
0.00857
0.00201
0.000123333
0.00124667
0.00913667
0.00445
0
0
0
0.000473333
0.00332
7e-05
0.0103867
0.00833
0.00018
0.000856667
0.00801
0.01819
0.02407
0.00018
0.00118333
0.0125567
0.00223667
0.0357833
0.03305
0.0038
0.00237667
0.0491333
0.0460367
0.00459333
0.00303667
0.00242333
0.0370533
0.0642033
0.0401467
0.0569633
0.0200567
0.01784
0.01279
0.0593567
0.06459
0.01441
0.0453967
0.00790333
0.0350067
0.01879
0.0263767
0.00253333
0.0320833
0.0301767
0.01834
0.01441
0.0267033
0.01816
0.0015
0.003
0.00321667
0
0.0001
0.00235333
0
0
0
0
0
0
0
0
0
0
0
0
0
0
0
0
0
0
0
0
0.00176667
0
0
0
0
0.00586667
0
0
0
0
0.02634
0.0326067
0
0.0356267
0.02569
0
0
0
0
0.00151
0.00130667
0.00783333
0
0
0
0.00311333
0.00775667
0.000713333
0
0
0
0
0.0151267
0
0.000563333
0
0
0.000156667
0.000156667
0.00220333
0.01343
0.01883
0.0300633
0.0209867
0.0155667
0.00248
0
0.0162567
0.00543333
0.00133333
0.0358733
0.00556
0.0279667
0.00430333
0.00944667
0.0151933
0.00531
0.00345667
0.00526667
0.00018
0.00196667
0.002
0.00205333
0.00290333
0.00437667
0.000176667
0.00237667
0.00418
0.00319333
0.00104333
0.00104333
0.00104667
0.00121333
0.00260333
0.00155667
0.0109167
0.0359833
0.0316267
0.04775
0.0482467
0.0574067
0.0142433
0.0302067
0.05908
0.0625233
0.0383933
0.0362467
0.0297033
0.00832
0.0646933
0.0300433
0.0291167
0.0352333
0.0255867
0.0116667
0.00640667
0.00760333
0.00466667
0.0180467
0.0234033
9e-05
0.03076
0.0320867
0.00882333
0.00223
0.00693667
0.0102367
0.0195433
0.00929333
0.01408
0.00398
0.01783
0.000926667
0.0317767
0.0167967
0.00883667
0.00231
0.00815667
0.0299733
0.00174333
0.0195833
0.03696
0.00192333
0.00773
0.00244667
0.00419
0.00805667
0.0106733
0.0147133
0.00059
0.00278
0.00533667
0.0155767
0.03011
0.0151033
0.05686
0.0225167
0.0737533
0.0732567
0.0791633
0.0247867
0.0376467
0.0168033
0.0381667
0.0421733
0.02952
0.02092
0.00339667
0.000863333
0.0189433
0.0289533
0.00340333
0
0.000863333
0.00200333
0.00190333
0
0.0001
0.0001
0
0
0
0
0
0
0
0
0
0
0
0
0
0
0
0
0
0
0
0
0
0
0
0.000516667
0
0
0
0.00861
0.000293333
0
0
0.0228367
0
0.000293333
0
0.0336333
0.03676
0
0.03075
0
0
0.0165667
0
0.00615333
0.00653
0
0
0.0218967
0.0149033
0.000713333
0
0
0.0302567
0
0
0.00209333
0.0423667
0.000313333
0.00225
0.0247833
0.0425067
0
0
0.01805
0.0181933
0.0236433
0.0107033
0.00377667
0.00531333
0.01303
0.00948333
0.0129833
0.00775
0.01064
0.00503333
0.0156367
0.00354667
0.000566667
0.0159667
0.00231333
0.00748
0.00296667
0.0139367
0.01318
0.00555667
0.00556
0.0218067
0.0468733
0.0548367
0.0626133
0.05244
0.00013
0.00653667
0.0434867
0.0299133
0.00676667
0.00531
0.03664
0.00525
0.01874
0.0281333
0.0054
0.0203033
0.02668
0.0147967
0.00309
0.00247
0.0307667
0.01009
0.00862333
0.0178633
0.0085
0.0323633
0.00168667
0.00784333
0.00939333
0.00279333
0.03246
0.0428567
0.0445867
0.0372467
0.05623
0.0140467
0.00802667
0.03983
0.0239833
0.0163667
0.03446
0.0296733
0.0235967
0.02894
0.0288767
0.0471967
0.0581833
0.00261667
0.0126667
0.0237867
0.0287833
0.0321033
0.000863333
0
0
0
0
0
0
0
0
0
0
0
0
0
0.000516667
0.000193333
0
0
0
0.00451
0.000193333
0
0
0.000486667
0
0
0
0
0
0
0
0
0
0
0
0.00168333
0.01176
0
0.00302667
0.000603333
0.01216
0.0101033
0.00879
0.02272
0.0116167
9.33333e-05
0.00025
0.00381
0.01488
0.0325833
0.0481067
0.02147
0.0366533
0.0160967
0.00297667
0.00183667
0.000143333
0.00427667
0.000143333
0.01025
0.000953333
0.000886667
0.0071
0.00924333
0.00449667
0.0162767
0.02296
0.0336067
0.03465
0.00622667
0.01035
0.0380733
0.0318433
0.03324
0.0155767
0.0499633
0.0551233
0.0498167
0.00258333
0.00650667
0.0369467
0.0395867
0.0455833
0.0455267
0.01278
0.0187767
0.00277
0.00441
0.0469933
0.06264
0.00783333
0.00717333
0.0490767
0.0185
0.0223233
0.0335767
0.0139367
0.0279133
0.03663
0.0217967
0.0324833
0.0316267
0
0
0
0
0
0
0.00418667
0
0.0109767
0.00727667
0
0
0.02568
0.03048
0.00102667
0
0.0324233
0.000733333
0.000733333
0.01984
0
0
0.000426667
0
0.00231333
0.000413333
0.00084
8.66667e-05
8.66667e-05
0.00203333
0.0153067
0.00333
8.66667e-05
0.00102667
0.00171333
0.000556667
0.00218
0.0307133
0.0460967
0.00153
0.00426667
0.00347
0.00397
0.00571
0.00489333
0.00479
0.00237667
0.00772333
0.0165567
0.0169
0.02738
0.0210267
0.0203967
0.0203033
0.0431367
0.0575067
0.0569167
0.00906
0.00999333
0.0398267
0.0427333
0.05606
0.04122
0.06359
0.08285
0.0608
0.05267
0
0.00781667
0.0163167
0
0
0
0
0.01202
0
0.00168333
0.00322667
0.000426667
0
0.00378667
0.00210333
0.00236333
0.00176
0.000176667
0.00246
0.00888
0.00219
0.000993333
0.00442667
0.00311333
0.0122667
0.0213167
0.0365433
0.0434
0.0499033
0.0411467
0.0493433
0.04
0.00243667
0.00553333
0.01398
0.00636667
0.0144633
0.00440667
0.00359
0.0143033
0.02095
0.01751
0.0277867
0.0404567
0.0351833
0.02134
0.0501467
0.01307
0.0348133
0.09612
0.06414
0.07782
0.09246
0.0360567
0.0419733
0.01044
0.00164667
0.000913333
9e-05
0.000516667
0
0.00176
0.00542
0.02245
0.0274467
0.00266667
0.0218367
0.00627
0.03822
0.02053
0.0100633
0.0175933
0.0375067
0.0474067
0.0600733
0.0557133
0.0751967
0.0775833
0.0509833
0.0286333
0.06163
0.0331033
0.0624633
0.0143267
0.01269
0.00597
0.0156767
0.00622667
0.00519
0.0100267
0.0313033
0.00648
0.03385
0.00962667
0.03631
0.0687367
0.0646967
0.0357767
0.00576
0.0260733
0.0480967
0.0850467
0.0787933
0.0258733
0.01672
0.0342267
0.0830533
0.139213
0.121957
0.1542
0.0776167
0.0743567
0.0889333
0.0871867
0.162937
0.0384533
0.0609033
0.04993
0.04837
0.03514
0.0127
0.0103633
0.01268
0.00117333
0.00743
0.00079
0.00997667
0.00802667
0.00393667
0.00887667
0.05074
0.05598
0.01848
0.04415
0.0334033
0.04935
0.04027
0.0577667
0.117827
0.1716
0.11055
0.0893467
0.13138
0.144363
0.17414
0.0910633
0.06975
0.0334333
0.0324433
0.0400033
0.00971667
0.0109033
0.000853333
0.00499
0.00142
0.00592333
0.01536
0.0209433
0.0347433
0.0199733
0.0139633
0.0183133
0.0150233
0.0377867
0.05085
0.105603
0.117187
0.10403
0.133223
0.118793
0.105633
0.077
0.0271033
0.0477367
0.00338667
0.00267667
0.00182333
0.01618
0
0.000513333
0.00748667
0.00183
0.0144567
0.0199667
0.0163167
0.0347567
0.0720033
0.0909467
0.0695967
0.0612967
0.0487333
0.0313
0.0324
0.0311833
0.0189233
0.0101233
0.00203667
0.00283333
0.00734
0.0272367
0.02476
0.0136133
0.00835667
0.00174
0.01395
0.00792667
0.00113667
0.00388333
0.00300667
0.00417667
0.0283033
0.02737
0.0546567
0.0483433
0.0602933
0.0300167
0.07899
0.0365067
0.03033
0.02994
0.00799
0.00896
0.00182333
0
0.0165367
0.00845
0.00232
0.02186
0.03377
0.0362467
0.00753
0.000553333
0.000183333
0
7.66667e-05
0.00048
0.00165
0.01099
0.0355167
0.01027
0.0542133
0.01676
0.0225167
0.0470633
0.0286567
0.03272
0.0330367
0.02695
0.0269
0.000853333
0.02113
0.0132067
0.00247667
0.00847667
0.00337
0.0184033
0.0275367
0.0132833
0.00853
0.00352
0.00037
0.0079
0.00949333
0.00897667
0.00716333
0.00504667
0.0260533
0.0280367
0.0305033
0.0120967
0.000853333
0.01523
0.00105
0.00264667
0.00723667
0.0216033
0.00389333
0
0
0.00173
0.00213333
0.0119633
0.01656
0.02506
0.0158833
0.0304933
0.0119767
0.00502
0.03324
0.0183733
0.0309367
0.0272233
0.0324267
0.00663333
0.000853333
0.00167333
0.0103667
0.0162233
0.00539
0.01609
0.01091
0.0126867
0.00796667
0.00266667
0.00184
0.000743333
0
0.00982667
0.00103
0.0102867
0.00584
0.00273
0.01544
0.01974
0.02653
0.0118067
0.0273067
0.0253333
0.00591
0.00578
0.0118533
0
0.00240667
0.00131667
0.00115
0.00156667
0.00794667
0.00674667
0.000743333
0.000743333
0
0.00173
0.00252667
0.0123567
0.0152533
0.0184433
0.02272
0.0131833
0.00946667
0.000563333
0.00220333
0.000376667
0.00477333
0.00751667
0.0134267
0.00605667
0.00602667
0.01397
0.00573667
0.00251667
0.00583333
0.01579
0.02631
0.0234967
0.0237833
0.0116567
0
0
0.000796667
0.00542333
0.00428
0.000293333
0.00146
0.000106667
0.00162
0.000903333
0.00101
0.00016
0.00016
0.0103333
0.00013
0.00013
0.00119667
0.00011
0.00274667
0.01168
0.0232567
0.0276533
0.0222
0.00968
0.00517667
0.00053
0.000933333
0
0
0
0
0
0.00486667
0.00510667
0.00885333
0.00422667
0
0
0
0
0
0
0
0
0.000903333
0.00157333
0
0.00067
0.00067
0.00011
0.00034
0.0149567
0.0117667
0.00620667
0
0
0.00024
0
0
0.00024
0.00048
0
0
0
0
0
0
0
0
0.000326667
0
0
0
0.00023
0.000346667
0.00603
0.00723667
0.00197333
0.000863333
0.00045
0
0
0.00024
0.00024
0
0
0
0
0
0
0
0
0
0
0
0
0
0
0
0
0
0
0
0
0
0.00347667
0.00389
0.00196667
0
0
0
0.000753333
0.000753333
0.000753333
0
9.66667e-05
9.66667e-05
0
0
0
0
0
0
0
0
0
0.00016
0
0
0
0
0
0
0.00177333
0.000116667
0.00833333
0.00709
0.0101233
0.0128067
0.00624667
0.00325667
0.00016
0.00713333
0.00788667
0.00645667
0.00695333
0.00125
0.00134667
0.000466667
0.000996667
0.00033
0.000983333
0.000653333
0.000626667
0.000626667
0.00033
0.00137667
0.00164
0.000263333
0
0
0
0
0
0.00016
0
0.02334
0.02478
0.00162
0.00144667
0.00048
0.00761333
0.01359
0.00864
0.00776
0.00109333
0.00663667
0.00654
0.00729
0.00033
0.0102267
0.00923
0
0
0
0.000643333
0
0
0
0
0.00121333
0.00016
0
0
0
0
0
0
0.000786667
0.00244333
0.00792333
0.02226
0.02734
0.01327
0.00431
0.0148367
0.0295533
0.0347767
0.0508967
0.0302067
0.0454567
0.0294967
0.03233
0.0117467
0.00455
0.0126367
0.00696333
0.02018
0.0142
0.0158767
0.0181
0
0
0
0
0
0.00038
0
0
0
0.00266
0.01178
0
0
0.00512
0.0106
0.0185567
0.0293467
0.0329867
0.03548
0.0287633
0.01621
0.00211
0.00380333
0.02508
0.0321933
0.01319
0.00613
0.00867333
0.03765
0.00212333
0.0162833
0.0086
0.0275333
0.0536
0.03961
0.0376233
0.000156667
0.000326667
0.0097
0.01159
0.00017
0
0
0.000186667
0.000566667
0
0
0
0.000153333
0.000153333
0.00448667
0.0234133
0.0210633
0.0282
0.00160667
0
0
0.0405767
0.06117
0.0550467
0.0600233
0.0435
0.03484
0.00962667
0.01621
0.04027
0.04506
0.00262667
0.05643
0.0313067
0.00083
0.00288667
0.00017
0
0
0
0
0.00043
0.000616667
0.000153333
0.00171667
0.00605
0.01943
0.0282033
0.0138
0.00346333
0
0.00323
0.0106167
0.02323
0.0184267
0.0181233
0.00361333
0.00339333
0.00366333
0.01957
0.0138867
0.00910667
0.003
0.0233867
0.0157667
0.00276667
0.0322333
0.0224967
0.0238533
0.00867
0.00767
0.00809333
0.00109667
0
0
0
0
0
0
0.00043
0
0
0
0.00156333
0.0185833
0.0273567
0.01868
0.01705
0.00185667
0
0
0.00133667
0.00392
0.00295333
0.00295
0.00204333
0.01795
0.0174433
0.03222
0.0165167
0.02282
0.00719333
0.00692
0.00105
0.00118667
0.00972
0.0121067
0.00435
0.00184667
0.00347333
0.00352667
0.00733333
0.02074
0.0101733
0.0209267
0.02918
0.01885
0.0209867
0.01611
0.0204
0.000926667
0
0
0
0
0
0
0.00757667
0
0.00156333
0.00505
0.00671333
0.0140467
0.00308667
0.000486667
7e-05
0.00111
0.000463333
0.00019
0.00357333
0.00343667
0.0217433
0.0267
0.0138533
0.03464
0.0332167
0
0
0
0
0
0
0.00377667
0.00348667
0.00534333
0.00505333
0.00485667
0
0
0
0
0.000563333
0.00771
0.00863333
0.00104
0.00288
0.00330667
0.00337667
0.00181
0.00138333
0.000273333
0
0.0148567
0.00100667
0.00089
7.33333e-05
0
0
0.00019
0.00019
0
0
0.000136667
0.000136667
0.000206667
0.00114
0.00604
0.0115567
0.0246033
0.0284133
0.02686
0.0279233
0.0175933
0.00682667
0.00505667
0.0107733
0.0288333
0.00108667
0.000323333
0.000163333
0
0
0
0
0
0
0.00194
0.00165
0.00145333
0
0.000893333
0.00132
0.00099
0
0
0
0
0.00331333
0.00515333
0.00626333
0
0.0105167
0.01474
0.00864
0.01289
0.00518333
0
0.00114667
0.00114667
0.0202633
0.04347
0.0291133
0.0254567
0.0179933
0.0083
0.00272333
0.01132
0.00814667
0.0208833
0.02442
0.00138333
0.00131333
9.33333e-05
9.33333e-05
0.00053
0.00646
0.00622
0.00767333
0
0.000893333
0.00400333
0.0167067
0.0147433
0.00246
0.00135
0
0
0.000113333
0.00126
0.00844667
0.0325667
0.0300167
0.00837
0.00400333
0.00833333
0.01036
0.00338
0.0214433
0.02317
0.07023
0.05789
0.09077
0.05929
0.0408767
0.0464067
0.0328467
0.0291167
0.00868667
0.00750667
0.00436
0.00166
0.01042
0.02161
0.0229767
0.0268233
0.0357633
9.33333e-05
0
0.00297333
0.00350333
0.01998
0.0229367
0.02893
0.0139067
0.00983333
0.00331
0.00185667
0.00417333
0.00065
0.00048
0.00964667
0.01248
0.0409967
0.0441133
0.0593633
0.0321967
0.0245533
0.00599
0.00539
0.00075
0.00075
0.000113333
0.0149467
0.101417
0.0436233
0.0296833
0.0284233
0.171207
0.190923
0.219883
0.110163
0.19799
0.122867
0.14316
0.0912067
0.08511
0.05343
0.0472967
0.0218033
0.0216433
0.00727667
0.0063
0.000336667
0.0312133
0.01026
0.0165933
0.00204667
0.000956667
0.00133667
0.00384667
0.00829333
0.0199967
0.0639633
0.0693667
0.131367
0.0761233
0.03255
0.0114067
0.000386667
0.00803333
0.0327367
0.0431533
0.102143
0.190117
0.338957
0.31056
0.391533
0.10197
0.1671
0.118713
0.0571167
0.0363667
0.00187
0.01046
0.0118067
0.03618
0.0438233
0.06182
0.04566
0.0298033
0.00902333
0.00119
0.0585033
0.40461
0.243137
0.06235
0.0327167
0.01163
0.00763
0.000876667
0.00078
0.00972
0.0150933
0.0435367
0.05997
0.07268
0.08485
0.06389
0.05192
0.0119833
0.00734333
0.00075
0.000273333
0.000273333
0.00124333
0.00889
0.01296
0.0298933
0.03521
0.0970433
0.294277
0.41551
0.267717
0.221847
0.131923
0.0880633
0.05346
0.00721333
0.0345867
0.0747933
0.1296
0.164977
0.226197
0.0236467
0.00794667
0.00226667
0.00215333
0.0107433
0.00109333
0.00147333
0.00659333
0.18199
0.0564467
0.00439667
0.0003
0.00845
0.00649
0.0184833
0.159833
0.313773
0.412473
0.270733
0.428587
0.421373
0.191567
0.101837
0.0296133
0.02055
0.000186667
0.002
0.00109333
0.0312733
0.331053
0.00239333
0.00948667
0.0172167
0.04122
0.0494733
0.06243
0.0432333
0.0267667
0.00589
0.000806667
0.01999
0.00458
0.000273333
0.00279667
0.0339767
0.0532733
0.0914367
0.108973
0.0904167
0.06154
0.0184033
0.0121067
0.000296667
0.000296667
0.00097
0.00214667
0.0143833
0.0229233
0.103373
0.18561
0.182643
0.340763
0.05494
0.01732
0.00469333
0.00182667
0.000823333
0.00211
0.0194533
0.00883667
0.0402367
0.0360867
0.0195
0.0344267
0.00743
9.33333e-05
0.001
0.0029
0.03703
0.111713
0.00041
0.0002
0.00385667
0.0288067
0.101707
0.10073
0.07912
0.0123067
0.000496667
0.00117667
0.00142
0.0595467
0.01947
0.189713
0.344873
0.00651667
0.00286667
0.00876333
0.115777
0.00295333
8.66667e-05
8.66667e-05
0
0.000453333
0.00273333
0.01372
0.03042
0.0403033
0.0411167
0.0261233
0.00225333
9.33333e-05
0.00200667
0.0002
0.00133333
0.0272967
0.0360233
0.06843
0.04118
0.0172067
0.0002
0
0.00406
0.00041
0.00035
0.00710667
0.0167167
0
0
0
0.000106667
0.0307167
0.0145067
0.00270667
0
0
0.00214667
0.0545633
0.0787667
0.0658767
0.0505433
0.00594333
0.000746667
0.0002
0.00101333
0.000106667
0.0145767
0.00329333
0.04961
0.0501267
0.03352
0.0221567
0.0269167
