0.294267
0.374183
0.49671
0.42253
0.504617
0.381043
0.212883
0.30047
0.168613
0.11599
0.18673
0.0901633
0.134247
0.162913
0.187587
0.0903033
0.297803
0.46004
0.453557
0.34832
0.51647
0.28372
0.20853
0.332527
0.25277
0.494323
0.32803
0.469463
0.414283
0.0487467
0.08274
0.106203
0.0655733
0.06321
0.04664
0.0786867
0.0604
0.124303
0.177387
0.239783
0.169717
0.21995
0.217913
0.250027
0.24552
0.04747
0.0302733
0.0290767
0.00748667
0.0178633
0.0121933
0.00958667
0.0141267
0.0163133
0.01898
0.00902333
0.00985333
0.00771667
0.00753333
0.00988
0.00697333
0.00543333
0.00522667
0.00655667
0.0273233
0.0129867
0.0181667
0.0216033
0.04452
0.0166833
0.0873367
0.0492667
0.1158
8e-05
0
0.01862
0.00671333
0
0
0
0
0
0
0
0
0
0
0.00683
0.0151067
0.000116667
0.000196667
0.0232633
0.00996667
0.00957
0.0260667
0.0131833
0.000396667
0.000396667
0.00246667
0.00094
0.00514
0
0
0
0
0
0
0
0.000543333
0.00154
0
0.000156667
0
0.00695
0.00611
0
0
0
0
0
0
0
0
0.00714333
0.00870333
0.00630333
0.00489667
0.0109167
0.000393333
0.000756667
0.00181
0.00141667
0.00401667
0.00405667
0.00112
0.00111
0.00127
0.00239333
0.00134667
0.00175
0.00201333
0.000323333
0.00506667
0.00523
0.00919333
0.00965333
0.00318333
0.00458
0.00329667
0.00270333
0.00997
0.00870667
0
0
0
0
0
0
0
0.0167633
0.00063
0.00713
0.0108933
0.0065
0.0065
0.013
0.0065
0.0396733
0.0226333
0.0065
0.03004
0
0
0
0
0
0
0
0
0.00755667
0.00755667
0.00856
0.00755667
0.0163967
0.00984333
0.00843667
0.0159933
0.00364667
0.01149
0.00111
0.00222
0.00167333
0.00111
0.0106267
0.00223667
0.00174
0.00063
0.00316667
0.00268667
0.00228667
0.00256667
0
0.00100333
0.00128333
0
0
0
0
0
0
0
0.00242333
0.00535333
0.00242333
0.0213233
0.00825333
0
0.00825333
0
0.000563333
0.00112667
0.00881667
0
0
0.00418333
0.00088
0
0
0
0
0
0.0126567
0.02676
0
0
0.02503
0
0.000263333
0
0.0253133
0.00236
0.0147533
0
0
0
0
0
0
0
0
0
0
0
0
0.00021
0
0.00295667
0.00042
0
0.0136733
0
0
0
0
0
0
0
0
0
0
0
0
0
0
0.00945333
0.0108867
0
0.00401
0.00701333
0.00401
0.00422
0.00802
0.00401
0.0244267
0.0134633
0.00443
0.0191933
0
0
0
0
0
0
0
0
0
0
0
0
0
0
0
0
0.00895
0.01371
0.00476
0.00476
0.00502333
0.00476
0.0116167
0.00712
0.00576
0
0
0
0
0
0
0
0
0.00111
0.00225667
0
0.000153333
0.0013
0.00118
0.00484667
0.00111
0.000956667
0.00287
0.00206667
0.02025
0.01754
0
0
0
0
0.000223333
0.000223333
0
0
0
0
0
0
0
0
0
0
0.00026
0.00026
8.66667e-05
0.000173333
8.66667e-05
8.66667e-05
0.00026
0.000173333
8.66667e-05
0
0.00132333
0.000173333
0.00123667
0
0
0
0
0
0
0
0.00440667
0.00220333
0.00220333
0.00643
0.00431667
0.00759667
0.00750667
0.000206667
0.00073
0
0
0.00104667
0.000206667
0.000206667
0.000206667
0.000206667
0.000736667
0.000413333
0.000293333
0.000616667
0.00211333
0.00289333
0
0
0
0
0.00078
0
0.000446667
0.000223333
0.000283333
0.000223333
0.000566667
0.000566667
0
0.000283333
0.00885
0.0244767
0.00411333
0.00389
0.00778
0.00433667
0.0351433
0.0231833
0.00801
0.00357333
0.00277
0.00567667
0.00248667
0.00288667
0.00979333
0.00573667
0.00364667
0.00815333
0.00165667
0.00153333
0.00261
0.00261
0.00498333
0.00375333
0
0.0058
0.0058
0.00425333
0.00475333
0.00584333
0.00311
0.00327
0.00550333
0.0182067
0.0150333
0.01506
0.0198467
0.02696
0.0161067
0.01611
0.02535
0.01608
0.00526333
0.0114533
0.0220533
0.00065
0.00065
0.000216667
0.000433333
0.00247
0.00405
0.0223467
0.0118267
0.00577
0.0163733
0.00576667
0.00410333
0.0113167
0.01225
0.00166333
0.00196
0
0.00133667
0.00112
0.0131533
0.01214
0.000903333
0.0029
0.00276
0.0027
0.0027
0.00256
0.0122967
0.00456
0.00905333
0.01054
0.00948
0.00878
0.00583333
0.01182
0.01266
0.00781333
0.01098
0.00028
0.000433333
0.00161333
0.00048
0.00504667
0.00632
0.000293333
0
0.0151167
0.02217
0.00843667
0.0103167
0.00616667
0.00843667
0.02056
0.00935667
0.01595
0.014
0.00874667
0.00866667
0.00974667
0.0135467
0.00898667
0.00721667
0.01248
0.00242
0.00242
0.0191667
0.00215667
0.0152567
0.000726667
0.000433333
0.00606667
0.000586667
0.01995
0.0138733
0.02275
0.0178067
0.0134967
0.0132933
0.0197533
0.0161
0.0140233
0.0184933
0.0182433
0.0244767
0.0203433
0.00014
0.00028
0.00794333
0.00186333
0.00209667
0.00721333
0.00014
0.000963333
0.0171567
0.00978333
0.0277667
0.0278067
0.00733333
0.0146667
0.00733333
0.00733333
0.01974
0.01732
0.02584
0.0262533
0.00966667
0.01519
0.0158467
0.01233
0.0180033
0.0131067
0.00577333
0.0262067
0.00577333
0.000603333
0.00226667
0
0
0
0.00577333
0.01107
0.00321333
0.00457667
0.00438667
0.00136667
0.01092
0.00826667
0.00724
0.01155
0
0
0.00109
0.000603333
0.00245
0.00293667
0
0
0.00140667
0.00209667
0.00166333
0.00193667
0
0
0.000963333
0
0.0139967
0.0172333
0.00982
0.0130533
0.0215567
0.00929
0.0204833
0.02628
0.00919333
0
0
0.00166333
0
0
0
0
0
0
0
0.00296
0.00617333
0.000146667
0.00155333
0.000313333
0.000626667
0.00172
0.000313333
0.00273667
0.00312667
0.00154667
0.00225
0
0
0
0
0
0.00038
0
0
0.00038
0
0
0
0
0.00839
0.0155
0.00400333
0.00377
0.00730333
0.00400333
0.01456
0.0109833
0
0
0
0
0
0.00672
0.00368
0.00736
0.00368
0.00368
0.0224533
0.00891333
0.01104
0.0209
0
0
0
0
0
0
0
0
0
0
0
0
0.00284333
0.000313333
0
0.00184
0.00123333
0.00341
0
0
0
0
0.000113333
0.000343333
0.000663333
0.000486667
0.00158333
0.000683333
0.000476667
0.00611
0.00392
0.00395667
0.00525667
0.000226667
0.000113333
0.000123333
0.000236667
0
0.00111667
0.00111667
0.00023
0.00023
0
0
0
0
0.00578667
0.0149667
0.00234667
0.00266667
0.00548667
0.00323333
0.02138
0.0141333
0
0.00785667
0.00899333
0.00674
0.0221867
0.01764
0.02515
0
0.00111667
0
0.00111667
0.00223333
0
0
0.000246667
0.000123333
0
0
0.01492
0.00695667
0.00587
0.00933
0.00574667
0
0
0.000123333
0.000123333
0
0.000123333
0.0158067
0.0180567
0.02378
0.00534
0.00779667
0.0172
0.03054
0.0340467
0.00287667
0.01326
0.0131367
0.00287667
0.0307467
0.03368
0.00620667
0.0150267
0.0123733
0.00608333
0.0241267
0.0186633
0.0154533
0.03697
0.0205733
0.01205
0.0492533
0.0362933
0.0621
0.0620667
0
0.0269033
0.00295667
0.0846133
0.0513533
0.05652
0.0581133
0.0184267
0.0166233
0.03199
0.0473467
0.0347767
0.0519367
0.0656733
0.06198
0.0701167
0.0961267
0.08293
0.06622
0.06941
0.0506567
0.0463767
0.0482667
0.0464933
0.0368233
0.0238
0.0286133
0.00518333
0.00533
0.00789
0.00496
0.02589
0.02386
0.00407
0.000516667
0.00429333
0.0260033
0.0189867
0.00897667
0.01614
0.0108533
0.0247333
0.00691
0.00321
0.0203867
0.0141867
0.128113
0.00473333
0.00879667
0.15061
0.0123767
0.240713
0.260957
0.000446667
0.00651333
0.00473333
0.00067
0.0101233
0.0128033
0.0121267
0.000446667
0.000223333
0.00067
0.000223333
0.000223333
0.000223333
0.000223333
0.000446667
0.000223333
0.000223333
0
0
0.000223333
0
0
0.00044
0.000656667
0.000446667
0.000446667
0.000223333
0.000223333
0.00044
0.000223333
0.000223333
0.000446667
0.00044
0.00044
0.000223333
0.000223333
0.00067
0.000223333
0.000446667
0.000223333
0.000223333
0
0.000446667
0.000223333
0
0.000223333
0
0
0.04062
0.0488267
0.0216533
0.02986
0.0400833
0.0507267
0.03852
0.03922
0.0589333
0.0628767
0.0532433
0.0379567
0.0397633
0.0667467
0.0617567
0.0202767
0.0460067
0.01515
0.0164033
0.0416367
0.0351867
0.06224
0.0551633
0.0188233
0.0402467
0.0246267
0.01673
0.0529433
0.0593933
0.07638
0.0408633
0.0458667
0.0277767
0.0391333
0.0532967
0.0370967
0.0789567
0.0740367
0.05552
0.0318633
0.0196367
0.02705
0.0136867
0.0368167
0.0385667
0.00640667
0.0205467
0.00925
0.00672333
0.03306
0.01754
0.0485167
0.04858
0.0362133
0.037
0.03221
0.04688
0.0263033
0.0136867
0.0453167
0.0426933
0.01462
0.0297967
0.0136
0.0136633
0.0295333
0.0151933
0.0449933
0.0458033
0.0148367
0.0286033
0.0150733
0.0148367
0.0295067
0.0351867
0.0314267
0.0184433
0.0302033
0.0186267
0.0152
0.00974
0.00986333
0.02558
0.0163333
0.0140733
0.02366
0.00952333
0.00906
0.00754667
0.00381667
0.0139667
0.0150867
0.00476333
0.00737333
0.00215333
0.00215333
0.0232167
0.01098
0.0163133
0.0282
0.00692
0.00877333
0.01014
0.00863667
0.0107767
0.0222967
0.01742
0.01753
0.00875667
0.0106333
0.0152467
0.01827
0.0202067
0.02049
0.0152067
0.0135633
0.02012
0.0184567
0.0270267
0.0207867
0.02969
0.01224
0.0155433
0.01637
0.0118633
0.0286233
0.0248067
0.0377
0.03339
0.0261167
0.0350367
0.0254367
0.0246433
0.0105333
0.0138433
0.02052
0.00954667
0.0302433
0.00996667
0.00906
0.00896333
0.0180167
0.02954
0.0359567
0.0403033
0.0354367
0.02906
0.0337933
0.0344033
0.02812
0.0300567
0.01938
0.0228167
0.0352767
0.0185267
0.0377167
0.0325233
0.0426667
0.0444367
0.02881
0.0324967
0.0354867
0.0352233
0.0542633
0.0802933
0.0573
0.0296167
0.0918067
0.0535133
0.0458067
0.0786433
0.00241
0.00896333
0.000246667
0.00112667
0.00248
0.000986667
0.00856
0.00262
0
0
0.00100333
0
0.00256667
0.00228667
0
0.00128333
0.000283333
0.000566667
0
0.000283333
0
0
0.00015
0
0
0.00347333
0.000283333
0.00334
0
0
0
0
0
0
0
0
0
0
0
0
0
0
0
0
0
0
0.00016
0
8e-05
0
0
8e-05
0
0.00371333
0.0456833
0.00115333
0.00107333
0.00222667
0.00123333
0.0612767
0.02038
0.00924333
0.0914733
0.00306
0.00313667
0.03715
0.0057
0.116817
0.06596
0.000153333
0.00023
0.000153333
7.66667e-05
0.0155567
0.00626
0.00952667
0.0188233
0.000863333
0.00074
0
0.000123333
7.66667e-05
7.66667e-05
0
0
0.261843
0.18903
0.21784
0.148873
0.151703
0.164467
0.334067
0.125493
0.208333
0.0867667
0.102577
0.402633
0.296657
0.253307
0.409257
0
0
0
0
0.0216133
0.03645
0.000223333
0.000223333
0.0152833
0
0.00655333
0
0
0.04359
0.02139
0.0285267
0.0441733
0
0
0
0
0
0
0
0
0
0
0
0
0
0
0
0
0.0139333
0.0345733
0
0
0
0
0.02162
0.00098
0.000223333
0.000223333
0.02809
0.0141567
0.01438
0
0
0
0
0
0
0
0
0
0
0
0
0
0.000513333
0.0143167
0
0.000256667
0.00655333
0
0.0360333
0.0285267
0.000256667
0.000256667
0.000513333
0
0
0
0
0
0
0
0
0
0
0.000153333
0.000153333
0
7.66667e-05
7.66667e-05
0
0
7.66667e-05
0
0.000153333
0.000153333
0.00098
0.00105667
0
0
0
0
0
0
0
0
0
0
0
0
0
0
0
0.00283
0
0
0.00283
0
8.66667e-05
0
0
0
0
0.00655667
0.00647
0
0
0
0
0
0
0
0
0
0
0
0
0
0
0
0.00363
0
0
0
0
0.00726
0.00363
0
0
0.00283
0
0.00283
0
0
0
0
0
0
0
0
0
0
0.000526667
0.00105333
0.000526667
0.000526667
0.0063
0
0
0
0
0.00363
0
0.00363
0.00726
0
0
0
0
0
0
0
0
0.0233067
0.0296933
0.00991333
0.01661
0.01
0.00991333
0.0294667
0.01647
0.00722333
0.000526667
0.01247
0.01392
0.01102
0
0
0
0
0
0.05053
0.000946667
0.10717
0.106947
0.000843333
0.0505733
0.00069
0.000766667
0.127207
0.108447
0.171113
0.16249
0.0791733
0.114697
0.10903
0.10089
0.05811
0.0418
0.111567
0.10085
0.05016
0.0762833
0.02809
0.0289933
0.0705233
0.0207933
0.107557
0.12712
0.0552133
0.0648167
0.0216967
0.04226
0
0
0
0
0
0
0
0.0107633
0.0149733
0
0
0.00421
0
0
0
0
0.0146433
0.0107633
0.00369333
0.00757333
0
0
0
0
0
0
0.00171667
0.00171667
0
0
0
0
0
0
0
0
0.00515333
0.00562
0
0
0
0
0.000713333
0.000246667
0
0
0.00917333
0.00515333
0.00402
0
0
0
0
0
0.00277333
0.00401
0
0
0.00747667
0.00369333
0.000363333
0.00105667
0.00121667
0
0
0.00016
0
0
0
0
0.00147333
0
0
0.000273333
0.000136667
0
0.00158333
0.00133667
0.000246667
0.000493333
0.00509667
0.0117933
0.0115933
0.00286667
0.00495667
0.00492333
0.00458333
0.00463667
0.00489333
0.01329
0.0114733
0.00522333
0.0226067
0.0113033
0.00691
0.01814
0.00029
7.33333e-05
0.00029
0.00058
0.0133933
0.0113033
0.0294433
0.02023
0.02916
0.03391
0.0113033
0.0178567
0.0164833
0.0113733
0.00708667
0.000856667
0.00693333
0.01499
0.01564
0.0122133
0.0116667
0.0279167
0.02161
0.0145733
0.0207767
0.0100567
0.00517333
0.00650333
0.0170033
0.00231667
0.0126433
0.00452667
0.00295
0.00610333
0.000686667
0.000686667
0.00137333
0.000686667
0.00989
0.0117433
0.00759
0.00706
0.0107633
0.0211133
0.0277967
0.00998
0.01209
0.0143333
0.01281
0.0206567
0.0133867
0
0
0.00699667
0.00226333
0.0112867
0.01602
0.00077
0.00077
0.0182667
0.0178567
0.00532667
0.0101167
0
0.00217333
0.00655333
0
0.00257333
0.00069
0.0103167
0.00552667
0.0115033
0.0184667
0.00078
0.00049
0.00668667
0.0106
0.00286
0.00601333
0.000686667
0
0
0
0
0
0.00077
0.00077
0.01809
0.00477
0.01493
0
0.00602667
0.00477
0
0.01876
0.0107267
0.0120533
0.01883
0
0
0
0
0
0
0
0
0
0
0
0
0.0123833
0.00655333
0.00101
0.00684
0.00477
0
0
0.00477
0
0
0
0
0.00515
0.00794667
0.00655333
0.0117267
0
0.00594333
0
0
0
0
0
0
0
0.00021
0.00021
0.00021
0.00021
0.00273667
0
0
0
0
0
0
0
0
0
0
0
0
0
0
0.00101
0.00101
0
0
0
0
0
0
0
0
0.0170967
0.02513
0.00492667
0.00985333
0.0109533
0.00492667
0.0239133
0.01698
0.00513667
0.0146967
0.01238
0.00998
0
0
0
0
0
0
0
0
0
0.00101
0.00101
0.00709
0
0.00085
0.000403333
0.000403333
0.000403333
0.000403333
0.01203
0.00692333
0.00520333
0.01031
0
0
0
0
0
0
0
0
0
0
0
0
0
0
0
0
0.000873333
0
0
0
0.000873333
0.000436667
0.000716667
0.00056
0.00101
0.00202
0
0
0
0
0
0
0
0.00547
0.01094
0
0
0.0104
0
0
0
0
0.00547
0.00547
0.000436667
0.000436667
0
0
0
0
0
0
0
0
0
0
0
0
0
0
0
0
0.00133333
0.00613333
0.000666667
0.000666667
0.000666667
0.000666667
0.0102667
0.00546667
0.00616
0.0104233
0
0
0
0
0
0
0
0
0
0
0.00153333
0
0
0
0.00154333
0.000766667
0.00096
0
0
0
0
0
0
0
0
0
0
0
0
0.00186
8.33333e-05
0.00655333
0.00833
0.000953333
0
0
0
0.00641
0.00172
8.33333e-05
8.33333e-05
0
0
0.00077
0
0.00101
0.000183333
0.00100333
0.00106667
0
0.00545667
0.00634667
0.01348
0
0.0135433
0.00655333
0.01012
0.00882667
0.02511
0.0196867
0.0138833
0.0204367
0.01274
0.0129033
0.00616
0.00058
0.0156633
0.0159267
0.00078
0.00609667
0.00087
0.00087
0.0205267
0.01125
0.0213933
0.02508
0.00608667
0.0116267
0.00636667
0.00641667
0.02027
0.0133867
0.02347
0.0249433
0.0145733
0.0189167
0.01244
0.0135067
0.00807667
0.0149033
0.00125
0.00125
0.000416667
0.000833333
0.0101867
0.00294333
0.0131
0.0199467
0.00202
0.00756
0.02139
0.00884667
0.0200167
0.0201733
0.00736333
0.00774333
0.0137367
0.00778
0.0206833
0.0192767
0.01054
0.0175233
0.000416667
0
0.000416667
0.000833333
0
0
0
0
0.0217367
0.0116533
0.0317467
0.0366467
0.0164333
0.02164
0.0159167
0.0158933
0.01956
0.0181467
0.0376733
0.0286167
0.0119867
0.0227633
0.0164267
0.01612
0.00249667
0.00128667
0.0226667
0.0176367
0.00766
0.01361
0.00113
0.00142
0.0165833
0.00590667
0.0175033
0.02669
0.00131
0.00236333
0.000873333
0.00131
0.0649
0.0747133
0.0396233
0.0533567
0.0369
0.04865
0.0445967
0.0746
0.0669967
0.0335867
0.02004
0.0311533
0.0210067
0.06303
0.0557533
0.0173233
0.0186233
0.0498167
0.0471033
0.01385
0.0252167
0.01786
0.0141667
0.0598233
0.07792
0.12871
0.111033
0.102203
0.126177
0.04455
0.03302
0.0903833
0.0560933
0.0580333
0.0929167
0.0231567
0.0340933
0.00339
0.00338
0.00659667
0.00509
0.0181767
0.00659667
0.0181867
0.0134667
0.0245167
0.00960333
0.00815
0.00656667
0.00790333
0.0178633
0.00693
0
0
0.00194667
0.0017
0.00701667
0.00726333
0
0
0
0
0.0017
0.0017
0
0
0
0
0
0
0.0017
0.0017
0
0
0
0
0
0.0017
0.0017
0
0
0
0.000613333
0
0.0017
0.00231333
0
0
0
0
0.00405333
0.00292667
0.00498333
0.000613333
0.00122667
0.00138333
0.000613333
0.0230733
0.03232
0.0109567
0.0114933
0.0100267
0.0259267
0.000323333
7.66667e-05
0.00246
0.00270667
0.00103333
0.000516667
0
0.000516667
0.000873333
0.01431
0.00270667
0.00289667
0.000153333
0.000323333
0.0232467
0.00945
0.00599
0.00353
0.000976667
0.000436667
0.00054
0.000516667
0.00309333
0.00555333
0
0
0.01147
0.00309333
0.01176
0.0201367
0.000423333
0.000423333
0
0
0.0143967
0.00881
0.02669
0.0248667
0.00964667
0.0180233
0.00752
0.00655333
0.0146567
0.00945
0.0210767
0.0224933
0.00534333
0.0106067
0.00904667
0.00757333
0.000423333
0.000846667
0.01973
0.01176
0.00392333
0.0118933
0.00925333
0.00883
0.0898233
0.110807
0.20626
0.14933
0.203217
0.214883
0.13011
0.15439
0.0200367
0.00155
0.09078
0.0931167
0.0146067
0.0312733
0.00103333
0.000516667
0.14962
0.0967867
0.121883
0.16423
0.0298
0.0488033
0.0378
0.0292833
0.257857
0.236987
0.249233
0.212387
0.222377
0.08008
0.12237
0.02052
0.0259633
0.00125
0.000506667
0.0140233
0.00569667
0.0675867
0.06814
8.33333e-05
0.0086
0.0580967
0.0623767
0.01712
0.0301967
0.0123533
0.0126733
0.0384367
0.02076
0.0328567
0.0226633
0.0822433
0.0607567
0.0251567
0.02145
0.0293
0.0229233
0.0263333
0.035
0.0115133
0.01293
0.00469
0.00397333
0.01976
0.0136067
0.0303567
0.0219933
0.00411333
0.0193467
0.0182733
0.0156867
0.0135867
0.01384
0.00233667
0.00467
0.00159667
0.00159667
0.0440333
0.04842
0.0260567
0.0383333
0.0655533
0.03049
0.0664567
0.0848567
0.0548967
0.0266067
0.0825633
0.101707
0.00961667
0.0239667
0.0138667
0.00866333
0.19
0.19218
0.142427
0.16753
0.0943633
0.0956167
0.143353
0.181163
0.21487
0.21464
0.183627
0.2794
0.23711
0.208943
0.24854
0.0453933
0.02989
0.117223
0.10399
0.0887533
0.11476
0.0287367
0.0314667
0.0771167
0.06126
0.0229433
0.03128
0.00644
0.0152033
0.00397333
0.00273
0.06271
0.0671
0.0814867
0.0705333
0.17118
0.127323
0.114833
0.165253
0.05323
0.0587467
0.03437
0.0434733
0.03308
0.0265467
0.0728467
0.06476
0.0306967
0.0241567
0.0449233
0.0384367
0.0517833
0.05468
0.027
0.03713
0
0
0
0
0
0
0
0
0
0
0
0
0
0
0.0499433
0.0453367
0.0313433
0.0424967
0.02377
0.0240733
0.0306833
0.0238333
0.10786
0.0681
0.0786633
0.0793533
0.0755467
0.114157
0.0934533
0.03619
0.0372933
0.0614433
0.0433167
0.0319367
0.0222833
0.02481
0.00817667
0.00484667
0.0118833
0.01164
0.00318333
0.00606667
0.00194
0.00263
0.0166133
0.0282867
0.01142
0.01315
0.0427633
0.0655833
0.04134
0.0365567
0.00990333
0.00617667
0.0223667
0.01572
0.0243567
0.0285733
0.00546
0.0116167
0.000653333
0.000653333
0
0
0.00909333
0.00741
0.00537
0.00705333
0.00115333
0.00230667
0
0
0.00130667
0.000653333
0.00135333
0.000853333
0
0
0
0
0.00115333
0.00115333
0
0
0.00741
0.01223
0
0
0.00117333
0
0.00599333
0.00234667
0.000213333
0.00199
0.00026
0.00013
0.00755
0.00397
0.00846
0.0103933
0.000576667
0
0
0.000576667
8.33333e-05
8.33333e-05
0
0
0.01562
0.01397
0.00216333
0.00906667
0.00259667
0.00216333
0.00842667
0.00360667
0.0198433
0.01968
0.0137667
0.0239267
0.0262333
0.0190467
0.0181433
0.00443
0.00418
0.00337333
0.0192767
0.0102567
0.00538667
0.0149167
0
0
0.00076
0
0.00121667
0.00181667
0
0.00016
0
0.00117333
0
0
0
0
0.00234667
0.00117333
0.00384
0.00519667
0
0.00013
0
0
0.00148667
0
0.0256867
0.04141
0.03729
0.02987
0.0134333
0.0134967
0.0168167
0.00966333
0.03298
0.02848
0.0213767
0.00908
0.00913
0.0165833
0.02337
0.02806
0.0117067
0.00473
0.00454333
0.03416
0.04177
0.0457
0.0302933
0.0230667
0.02313
0.00875667
0.0102767
0.0173333
0.00161
0.00281
0.0005
0.00041
0.0254067
0.0185233
0.0210767
0.0234467
0.00789
0.0125
0.0114533
0.0113567
0.0143267
0.0131933
0.0235867
0.0179767
0.0189933
0.0255467
0.00804
0.00823
0.00314
0.00205
0.0144233
0.0106067
0.00608667
0.0107733
0.00096
0.00118
0.0139
0.00701667
0.01047
0.0173533
0
0
0
0
0.0189333
0.00934667
0.02474
0.0284867
0.0257
0.0212867
0.00879333
0.0190467
0.00142
0.00196
0.0217533
0.0112367
0.00177
0.0122
0.00150667
0.00105333
0
0.00146333
0.0105833
0.01047
0.000653333
0.000766667
0.00683333
0.00537
0.0387833
0.04098
0.0394133
0.0371933
0.0383333
0.0412167
0.0455
0.04264
0.02079
0.01424
0.0260833
0.0237433
0.02247
0.0276733
0.0122
0.0158867
0.0428367
0.03881
0.0348833
0.0403667
0.0285167
0.03193
0.02715
0.02228
0.04036
0.0413467
0.03948
0.0385567
0.0470633
0.04195
0.0362567
0.0413067
0
0
0
0
0
0
0
0
0
0
0
0
0
0
0
0
0.00561
0.00328667
0
0.00240667
0
0
8.33333e-05
0
0.0280733
0.03407
0.00481333
0.01524
0.00881333
0.00801667
0.0283133
0.0126867
0.00138333
0.00138333
0.0142167
0.00138333
0.0239067
0.02705
0.00255667
0.0122467
0.0313367
0.01808
0.0247167
0.0370833
0.00666333
0.0122733
0.01663
0.01191
0.0231833
0.0130833
0.04403
0.0356267
0.0328633
0.0382833
0.0195533
0.0326367
0.0328633
0.0188633
0.0385767
0.0453067
0.0188633
0.0261333
0.0188633
0.0188633
0.01114
0.00863333
0.0342767
0.0235833
0.00863333
0.0218333
0.0122633
0.0122633
0
0
0
0
0
0
0
0
0
0
0
0
0
0
0
0
0
0
0
0
0
0
0
0
0
0
0
0
0
0
0
0
0
0
0
0
0
0
0
0
0
0
7.66667e-05
0
0.000476667
0.000553333
0
0
0
0
0
0
0
0
0
0
0.0169833
0.0187867
0.00146333
0.00503
0.00292667
0.00146333
0.0122033
0.00829667
0.00384
0.0126767
0.00685333
0.00336333
0.02801
0.0188067
0.0286733
0.03253
0.04533
0.0494067
0.0219133
0.0304467
0.0253167
0.0190667
0.0400533
0.0336933
0.0413533
0.0374767
0.0313667
0.03368
0.0516433
0.04625
0.0417833
0.04874
0.03254
0.0345167
0.03342
0.0272433
0.0410867
0.0410933
0.0318033
0.0359967
0.00911667
0.00711333
0.0166333
0.0119633
0.0261433
0.02193
0.00687333
0.01776
0.00179
0.00302667
0.00302667
0.0184533
0.00511333
0.0003
0.0003
0.00201
0.0003
0.0222267
0.01543
0.0003
0.00880667
0
0
0
0
0
0
0
0
0.00247333
0.0101033
0.00115667
0.00123667
0.00124
0.00115667
0.00917333
0.00154667
0.000166667
0.000166667
0.00741667
0.00202333
0.00725667
0.01241
0.000473333
0.000713333
0.00316667
0.00194
0.00454667
0
8.33333e-05
0.0373767
0.0445
0.0128033
0.0198567
0.0176467
0.0114233
0.0415967
0.0336433
0.0202933
0.0242867
0.0195667
0.0153
0.0428933
0.0370867
0.02746
0.03354
0.0198467
0.0229767
0.00312333
0.01102
0.00369
0.00295667
0.0145933
0.0043
0.00457333
0.00719333
0.0104433
0.00233333
0.0201633
0.01927
0.0110667
0.01745
0.0291433
0.0307167
0.0103367
0.0166867
0.0120767
0.0125767
0.0172967
0.00887333
0.00852667
0.0108367
0.00869333
0.0133633
0.0236767
0.334087
0.36671
0.38064
0.115827
0.212937
0.172377
0.0395233
0.06734
0.185363
0.0636833
0.0786033
0.237753
0.225923
0.0237567
0.160547
0.0456267
0.0623033
0.0569533
0.0356467
0.0282833
0.0221533
0.0337867
0.0465
0.04658
0.06342
0.03497
0.0505933
0.0582533
0.05958
0.0576967
0.0541
0.0744867
0.07426
0.08259
0.06096
0.0399867
0.0495633
0.0475967
0.0335367
0.0415867
0.0534667
0.0443333
0.06473
0.0585467
0.06405
0.0592233
0.0538467
0.0479667
0.0609733
0.0671567
0.06068
0.05524
0.0558933
0.0616233
0.0403767
0.30949
0.268537
0.315587
0.108963
0.0661867
0.201287
0.21629
0.05301
0.05289
0.0912833
0.149733
0.17248
0.0267233
0.19843
0.21953
0.0392267
0.03548
0.0288267
0.0174
0.0120867
0.0103367
0.0116467
0.0104633
0.0236267
0.02703
0.0349067
0.04468
0.0492933
0.0569833
0.08229
0.02591
0.0196667
0.0122133
0.0326467
0.0322
0.07133
0.0455767
0.0251033
0.01778
0.0389667
0.0226133
0.0454133
0.04818
0.0307233
0.0344533
0.03187
0.0293433
0.02377
0.0333567
0.0507867
0.04926
0.0178967
0.0310567
0.0234067
0.02795
0.000216667
0.00324333
0.00151667
0.000883333
0.00699
0.00338667
0.000953333
0.000103333
0.0207133
0.0246533
0.0256633
0.02022
0.0188433
0.312757
0.27381
0.32277
0.0794333
0.0495667
0.174613
0.19585
0.0502067
0.0501667
0.0828833
0.128463
0.160507
0.178217
0.209467
0.0249533
0.0264733
0.03168
0.0312233
0.0366
0.0142
0.00455
0.00738
0.00950333
0.0185133
0.03571
0.0391133
0.03005
0.0331967
0.02198
0.0304467
0.0231033
0.00626
0.0043
0.00525
0.02904
0.0123033
0.00914333
0.00956
0.0177067
0.0234267
0.0189433
0.0338
0.0139567
0.00572333
0.00768333
0.0145
0.07159
0.0496
0.02827
0.01721
0.0438067
0.04679
0.20804
0.205053
0.184833
0.0327967
0.05424
0.0798167
0.08567
0.137683
0.06991
0.0904967
0.164113
0.13511
0.102827
0.125013
0.208347
0.0967233
0.0790967
0.05714
0.10042
0.142857
0.197187
0.02756
0.0299867
0.0591933
0.100047
0.17893
0.170757
0.15871
0.0186967
0.0669867
0.0231033
0.0401467
0.061
0.01306
0.0130433
0.0180933
0.00988333
0.00831
0.00223333
0.00236667
0.00184667
0.0230833
0.0201933
0.0127667
0.00565667
0.0264167
0.05537
0.0139567
0.04313
0.04087
0.0265333
0.00178
0.00166667
0.000626667
0.00515333
0.00570333
0.00951
0.00787333
0.00639667
0.00365333
0.04523
0.0559033
0.02847
0.0225467
0.0629567
0.0187733
0.0261167
0.04058
0.01842
0.01898
0.00958333
0.0227433
0.0257967
0.01645
0.00583
0.02381
0.0211967
0.01243
0.00803667
0.0036
0.00208667
0.00253667
0.0141667
0.0287567
0.0334533
0.0431733
0.0493867
0.0497167
0.0452167
0.0568333
0.0384367
0.0335467
0.06058
0.06056
0.05444
0.0534433
0.0571267
0.0583367
0.0558
0.03353
0.02589
0.0402033
0.0403767
0.0172933
0.0278767
0.01548
0.0522467
0.0497067
0.0454
0.03708
0.04619
0.00296667
0.000936667
0.00171
0.00354333
0
0.000196667
0.0369433
0.0421667
0.0242033
0.0167233
0.0303233
0.02708
0.02772
0.02356
0.0226467
0.0233267
0.00448
0.00588667
0.0130667
0.0175833
0.0097
0.0106933
0
0.0005
0.000523333
0.000523333
0.000523333
0.00102333
0
0.01803
0.02004
0.0312533
0.0241333
0.0491067
0.0409733
0.0111633
0.01326
0.00818
0.0341433
0.0263967
0
0.00155333
0.000313333
0.000373333
0.000426667
0.000583333
0.000156667
0.000156667
0.000896667
0.00068
0.0109967
0.00766
0.000373333
0.000426667
0.00300333
0.00209
0.00521333
0.0175167
0.01155
0.02105
0
0.00029
0.00029
0
0.00713333
0.00253
0.00086
0.0163567
0.0124
0
0.00057
0.00150667
0
0
0
0
0
0
0
0
0
0.00146333
0.00018
0.00018
0.00018
0.00354333
0.00343333
0.00471667
0
0
0.00029
0.0354333
0.02065
0.108433
0.0794833
0.00474
0.00281333
0.0004
0
0.0259767
0.0217667
0.07447
0.03463
0.00505667
0.00264333
0.0004
0.0140267
0.00992
0.02588
0.0213333
0.00329667
0
0.00105333
0
0.0245867
0.00973
0.06077
0.06832
0
0.00338
0.00232667
0
0.267463
0.251087
0.203527
0.236517
0.21392
0.167437
0.197093
0.204573
0.24192
0.21282
0.20642
0.10295
0.135557
0.126193
0.112547
0.154257
0.0796333
0.126823
0.0735467
0.0561767
0.0487533
0.04098
0.0352533
0.0152633
0.01755
0.0127567
0.0238133
0.0377267
0.02336
0.00560667
0.0172833
0.0253433
0.0161733
0.105283
0.06912
0.0591667
0.0946067
0.0250567
0.0648633
0.12183
0.16758
0.20515
0.144747
0.188537
0.00372333
0.00181
0.00347333
0.00538667
0
0
0
0
0.07087
0.0977833
0.0321733
0.0424733
0.0455
0.03051
0.125847
0.103623
0.01825
0.02138
0.03155
0.0203767
0.06393
0.0599467
0.02711
0.0391367
0
0
0.00451333
0.00347333
0.00134667
0.00238667
0
0
0.002
0.00117333
0.000826667
0.000983333
0.000273333
0.00038
0.00109
0.140353
0.0359967
0.0224567
0.0931233
0.0381867
0.01954
0.0989567
0.138433
0.000273333
0.00263667
0.00181
0
0
0.00142667
0.00134667
0.000223333
8e-05
0.00255
0.00149667
0
0.00127667
0.00688667
0.0132967
0.00425
0.00483667
0.00559667
0.000343333
0.000513333
0.00101
0.000343333
0.00366667
0.00306
0.00178667
0.00172
0.00420333
0.000223333
0.000446667
0.00052
0.000223333
0.00698667
0.00457667
8.33333e-05
0.00038
0.000223333
0.000223333
0.00208
0.00036
0.00443667
0.00586
0.0443133
0.05143
0.00502
0.00907
0.00505
0.00488
0.01732
0.00632333
0.0212767
0.0355033
0.0241533
0.0202433
0.0951867
0.0593967
0.09263
0.118103
0.000276667
0.000473333
0.00028
0.00014
0.00117333
0.00131333
0.000576667
0.00038
0.0587733
0.05795
0.0823133
0.06886
0.0886533
0.00694667
0.00267
0.0484633
0.0364133
0.00951
0.0249233
0.0393267
0.00614667
0.00986
0.0120967
0.00911667
0.0412333
0.0343933
0.04742
0.0568767
0.0215033
0.02075
0.0230133
0.02115
0.0285633
0.0201467
0.0534067
0.0521667
0.0313633
0.0377633
0.01876
0.0220167
0.07071
0.04551
0.0471067
0.0542867
0.0449933
0.11085
0.0977467
0.105767
0.0905167
0.0879733
0.10393
0.09862
0.00471
0.00778
0.00777
0.00716
0.0181167
0.0113367
0.00425667
0.00857667
0.000343333
0.00052
0.00682667
0.00631667
0.01396
0.00437667
0.0106967
0.0206133
0.000233333
0
0.00605667
0.00620667
0
8.33333e-05
0
0
0.00425333
0.00278333
0.00644
0.00895333
0.000233333
0.000466667
0.00151
0.000233333
0.02036
0.03407
0.0183367
0.0167933
0.0135967
0.0136367
0.0285867
0.01638
0.566907
0.501067
0.311573
0.369307
0.605933
0.02243
0.0446633
0.03775
0.0298167
0.0187133
0.0391133
0.02789
0.0410467
0.0507467
0.0192267
0.0257267
0.0222267
0.01725
0.0803233
0.0934333
0.06462
0.06869
0.122903
0.0841667
0.0740133
0.08359
0.11566
0.101773
0.0546167
0.0627167
0.0364067
0.05029
0.0463967
0.054
0.05799
0.0292733
0.0203833
0.01387
0.01317
0.0188133
0.01984
0.0102067
0.01165
0.0457033
0.0458
0.02765
0.02867
0.01439
0.00673667
0.0124133
0.00952
0.04747
0.0239567
0.0266
0.0202767
0.0172933
0.04855
0.102423
0.0927467
0.0611633
0.02408
0.12532
0.09055
0.06877
0.453063
0.45519
0.16097
0.252177
0.10573
0.119417
0.2395
0.385673
0.58656
0.0648333
0.285487
0.300603
0.12121
0.21223
0.753547
0.864907
0.329447
0.700047
0.574603
0.2392
0.391717
0.633677
0.212323
0.19274
0.343827
0.280773
0.60537
0.05169
0.0619367
0.0755767
0.0525767
0.0801067
0.128197
0.00028
0.000203333
0.01427
0.01168
0.0110433
0.0133833
0.00031
0.000636667
0.00082
0.00104
0.0117533
0.0119533
0.000276667
0.000353333
0.00123
0.000733333
0.0155167
0.01236
0.01343
0.0181967
0.00366667
0.00229667
0.00725667
0.00701667
0.0951033
0.04737
0.0679933
0.04469
0.07612
0.02227
0.01104
0.00343667
0.01469
0.000936667
0.00113333
0.000633333
0.000413333
0.0432133
0.05435
0.0431733
0.03701
0.05211
0.0507533
0.0103767
0.0112467
0.0174633
0.0128033
0.0142133
0.0219867
0.00116333
0.000986667
0.00389667
0.00346667
0.000966667
0.00147
0.000793333
0.000896667
0.05324
0.0520533
0.03065
0.0365233
0.0278567
0.0387833
0.04131
0.0542067
0.06142
0.0551067
0.0715533
0.0157333
0.01484
0.0295767
0.01819
0.0297533
0.01963
0.0170367
0.01818
0.0224233
0.00229333
0.00433667
0.00617667
0.00248333
0.000953333
0.00099
0.00409
0.00139
0.00862667
0.00904333
0.00092
0.00316667
0.00249
0.00309667
0.00203667
0.00274333
0.00301
0.0016
0.00588
0.00597667
0.00196333
0.00155333
0.00208
0.00212333
0.00248333
0.00182667
0.00232667
0.0151733
0.0252533
0.00827
0.01022
0.01066
0.00811
0.02861
0.01913
0.00195
0.00513333
0.0136033
0.01372
0.00959667
0.00243
0.00162667
0.00956667
0.00644333
0.00206667
0.02778
0.02499
0.00456333
0.00463
0.000576667
0.00126333
0.00055
0.000266667
0.00102
0.00124667
0.0586533
0.0147633
0.00523667
0.0676733
0.01043
0.120667
0.00045
0.000506667
0.00086
0.00182
0.000273333
0.00145667
0
0
0.000166667
0
0.00253333
0.00151667
0.0001
0.0001
0.0001
0.0001
0.00129333
0.000373333
0.000556667
0.00147667
0.00284333
0.00295
0
0
0
0
0.000213333
0.000106667
0.0004
0.000576667
0.0004
0.0004
0.00601333
0.00324333
0.00085
0.00344333
0.02016
0.0170067
0.0282233
0.02297
0.01623
0.02486
0.0144367
0.0142133
0.00495
0.00134667
0.0121867
0.00997333
0.00356
0.00937667
0.000823333
0.000823333
0.00327333
0.00113667
0.00980333
0.00874
0.00119667
0.00478
0.00138667
0.00100333
0.01588
0.00478333
0.0107133
0.0192433
0.00504667
0.00524667
0.00249333
0.00486
0.02063
0.0182867
0.0222233
0.0204733
0.04143
0.0356233
0.03095
0.04085
0.0369133
0.0410467
0.0256067
0.0295267
0.0346433
0.0257633
0.0458333
0.04666
0.00685333
0.00453
0.0185833
0.01051
0.0188433
0.02597
0.00471333
0.00798333
0.02716
0.02641
0.00785667
0.01376
0.00214
0.0042
0.01043
0.00321667
0.00251333
0.00263333
0.00275
0.00478333
0
0.000293333
0.00244667
0
0.0209467
0.0111367
0.00754667
0.0175067
0.00346
0.00527667
0.00567667
0.00371
0.0190067
0.02221
0.0263267
0.0192767
0.0304533
0.0297667
0.0292767
0.03381
0.0005
0.000206667
0.0079
0.00295667
0.00268333
0.00763
0.000206667
0.000496667
0.00324667
0.00264333
0.00289667
0.000456667
0.000333333
0.0141433
0.00659667
0.01638
0.02121
0.00536333
0.00209333
0.00548667
0.00808
0.00459333
0.00300333
0.00292333
0.01451
0.00661
0.00729333
0.0288067
0.01713
0.00179333
0.00202
0.00184
0.00247
0.0169133
0.01494
0.00255
0.00753667
0.00169333
0.00575333
0.00247
0.0266333
0.01467
0.0142733
0.0317333
0.0240467
0.03454
0.0342667
0
0.00047
0
0
0.00258333
0.00164667
0.00187667
0.00234333
0.00248333
0.00493333
9.66667e-05
0.000193333
0.000193333
9.66667e-05
0.00291667
0.000466667
0.00939
0.00939
9.66667e-05
0
0.00237
0.00238667
0
8e-05
0.00933
0.01852
0.00768333
0.00768333
0.03357
0.0170733
0.0268967
0.0342033
0.0262867
0.03496
0.02159
0.0267267
0.01129
0.01176
0.0355933
0.0213133
0.00142333
0.000966667
0.01862
0.0112533
0.0103567
0.01818
0.000966667
0.000966667
0.00017
0
0.0102867
0.01
0
0.000456667
0
0
0.00285667
0.00017
0.01017
0.0126867
0.00017
0.00034
0.00017
0.00017
0.0600867
0.06477
0.0627867
0.06921
0.05199
0.0496133
0.0542633
0.0496033
0.0598533
0.0490333
0.0546133
0.00864667
0.00685333
0.0354467
0.0230833
0.0289
0.0378333
0.00769667
0.01292
0.04205
0.0281733
0.02701
0.03935
0.00939667
0.0125733
0.0119
0.01026
0.01074
0.0121367
0.0136067
0.0121167
0.02735
0.0189867
0.013
0.0214567
0
0.000166667
0.00227667
0.00188333
0.00368
0.0009
0.00151667
0.00452333
0.000866667
9.66667e-05
0.00188333
0.00275
0.000176667
0
0.00037
0.00045
0.0134567
0.0151433
0.00706
0.00807667
0.00478
0.00517667
0.00928667
0.00618667
0.0698367
0.0720733
0.0571567
0.0519033
0.0601533
0.05645
0.0417467
0.0412633
0.02384
0.0279333
0.0204733
0.0543133
0.0391233
0.0618033
0.04341
0.0148933
0.0135867
0.03809
0.0619467
0.0624567
0.02033
0.04162
0.0246533
0.01781
0.0171967
0.00736667
0.00774667
0.00997333
0.0231833
0.0806467
0.0413933
0.05628
0.08511
0
0
0
0
0.00142
0.00142
0
0
0.00290333
0.00273
0
0.00034
0
0
0.000166667
0
0.0100167
0.0246733
0.00263333
0.00313667
0.00519667
0.0278767
0.01494
0.00179667
0.00477667
0.00148333
0.00089
0.0111267
0.00836333
0.00738333
0.00776
0.00317333
0.00459667
0.00200333
0.00175333
0.00496333
0.00291
0.0108267
0.0117067
0.0326767
0.0342133
0.0116867
0.0185433
0.0447333
0.02646
0.0317667
0.0416467
0.0155467
0.0168367
0.0137133
0.00845333
0.0351233
0.0278467
0.0206067
0.0318533
0.03173
0.00993667
0.0246033
0.01703
0.0299967
0.0315567
0.01007
0.01775
0.00159667
0.00297667
0.0165833
0.00264667
0.0247033
0.02958
0.00266
0.0118733
0.00415
0.00266
0.01264
0.0112433
0.0227367
0.01641
0
0
0
0
0
0
0
0
0.00116
0.00116
0
0.00011
0
0
0.00011
0
0
0
0.00707333
0
0
0.00707333
0
0
0
0
0
0
0
0
0
0
0.00865667
0.00179
0.000473333
0.00742
0.000473333
0.000473333
0.00387667
0.00379667
0.0139333
0.00716667
0.0138067
0.0139333
0.0158067
0.0150433
0.00747333
0.0148767
0.48579
0.26234
0.321233
0.360317
0.287683
0.368927
0.319153
0.51742
0.531723
0.501697
0.4295
0.165287
0.0803167
0.43663
0.33466
0.0997067
0.273833
0.0825467
0.09536
0.102823
0.0778067
0.33419
0.27305
0.0795233
0.164817
0.07737
0.0782333
0.167557
0.03573
0.216033
0.332113
0.03456
0.0458067
0.0389967
0.0434967
0.0438233
0.04748
0.0234133
0.0341833
0.01584
0.0144267
0.0344167
0.0214033
0.04388
0.0383833
0.0370867
0.00859
0.0111067
0.02705
0.0175767
0.03198
0.0338433
0.0251533
0.0302467
0
0
0.00898667
0.00898667
0.00380667
0
0.0101767
0.0139833
0
0
0.00097
0
0
0.00097
0
0
0
0.00380667
0
0
0.00026
0
0.0139833
0.0104367
0.00199
0.0160367
0.00094
0.00094
0.00345667
0.00094
0.0290333
0.0175033
0.0102233
0.00925333
0.000576667
0.00212333
0.00173667
0.00162667
0.00115333
0.000686667
0.00194
0.00097
0.00251667
0.00194
0.0177833
0.0106167
0.00216333
0.0108767
0.0169167
0.0246467
0.0166567
0.0164767
0.00902667
0.00899667
0.01774
0.01022
0.00784333
0.000983333
0.00962667
0.0155033
0.00966
0.0100667
0.000983333
0.00156
0.00757333
0.000663333
0.0148267
0.0148767
0.000613333
0.00716667
0.000613333
0.00092
0.00817667
0.00701333
0.0215833
0.0158367
0.00757333
0.01428
0.00701333
0.00721667
0.00800667
0.00731667
0.0143667
0.00854333
0.0221167
0.0211533
0.00696
0.0144367
0.00906333
0.00728667
0.0019
0.00310667
0.00047
0.00136333
0.000743333
0.00042
0.00854
0.0107567
0.0115333
0.00943333
0.02486
0.01749
0.02078
0.0280333
0.01456
0.00784333
0.00105667
0.00777333
0.000163333
0.000163333
0.000163333
0.000163333
0.01479
0.0131733
0.01605
0.0230567
0.0193833
0.0192733
0.0110467
0.0117533
0.00911667
0.00870667
0.00662667
0.0176033
0.04875
0.01652
0.0148833
0.0291467
0.02663
0.05614
0.11282
0.01576
0.01674
0.0231333
0.0144
0.03211
0.0392133
0.0270767
0.0237433
0.0966167
0.10578
0.0435433
0.0424533
0.0504167
0.0500933
0.00128
0.00673333
0.000426667
0.000853333
0.01154
0.00598333
0.146503
0.138897
0.05007
0.09556
0.135003
0.0937533
0.13129
0.134657
0.02221
0.106897
0.0740067
0.0226367
0.16023
0.12495
0.2332
0.235163
0.000426667
0
0.000426667
0.000853333
0
0
0
0
0.00314
0.00157
0.00471
0.00471
0.00157
0.00314
0.00157
0.00157
0.146397
0.19153
0.227943
0.144827
0.438013
0.354247
0.04432
0.04782
0.0630467
0.0311167
0.18182
0.204733
0.0447333
0.05025
0.0154833
0.0244067
0.0125967
0.01184
0.0185733
0.0128467
0.0236233
0.0211833
0
0
0.00301333
0.00067
0.00987
0.00665667
0.00555667
0.0111133
0
0
0.00067
0.00067
0
0
0
0
0.00423333
0.00138667
0.000883333
0.00398333
0.00173
0.000213333
0.00198333
0.00324667
0.0141267
0.00929333
0.0339
0.0204767
0.0283867
0.0442833
0.01081
0.01317
7.66667e-05
0
0.0127
0.00642667
0
0.00635
0
0
0.0654333
0.0589433
0.0642033
0.05505
0.06198
0.07648
0.0477733
0.0489167
0.00627333
0.0106467
0.00186333
0.00347333
0.00829
0.00186333
0.0143767
0.01482
0.0355867
0.0181233
0.01807
0.0209233
0.0576333
0.000986667
0.00178667
0.00265667
0.000973333
0.02192
0.0201733
0.00301667
0.00564667
0.00198333
0.00358667
0.00185667
0.00198333
0.00374
0.00187
0.00539667
0.00553667
0.00042
0.00215
0.00216
0.00028
0.01094
0.00418
0.00394667
0.0108567
0.00935667
0.0188933
0.00152333
0.00209333
0.00232333
0.00166333
0.013
0.00355333
0.00156
0.00309
0.00147333
0.000763333
0.0115967
0.00873667
0.0037
0.00574
0.00625
0.00644
0.00221
0.00423
0.00611333
0.00300667
0.00774333
0.00864
0.0132467
0.02031
0.00430667
0.00429667
0.0187033
0.00833667
0.0297867
0.0331
0.0102933
0.01504
0.01028
0.0101667
0.0359367
0.01923
0.02157
0.0336433
0
0.00193667
0.00180667
0
0.00185667
0.00193333
0.00387333
0.00366667
0.00596
0.00403
0
0.00193
0
0
9e-05
9e-05
0.000206667
0
0
0.000206667
0
0
9e-05
9e-05
0.00222667
0.0110067
0.000413333
0.000206667
0.00214333
0.000413333
0.0109233
0.00408
0
0
0
0
0.00423
0.00202
0.00332333
0.00553333
0
0
0
0
0
0
0
0
0.0392733
0.0525467
0.04607
0.0441167
0.0421467
0.0374633
0.0598567
0.05322
0.0303733
0.0274633
0.03748
0.04155
0.0242233
0.0326367
0.04186
0.0322867
0.00712667
0.00262667
0.0326033
0.02216
0.00622
0.0214267
0.00254333
0.00228
0.02307
0.01336
0.02335
0.0316767
0.00387667
0.00831667
0.00759
0.00453333
0.00481667
0.00514
0.01584
0.00833333
0.0131033
0.0159667
0.00579667
0.0101167
0
0
0.00369
0.00369
0.000436667
0.000173333
9e-05
0.000353333
0
0
0.00369
0.00369
0
0
0
0
0.0210967
0.0234233
0.0134633
0.02097
0.0189867
0.00977333
0.03047
0.02985
0.0859267
0.100507
0.0973333
0.0918367
0.137427
0.126707
0.128183
0.12982
0.05159
0.05192
0.07709
0.0669867
0.0568567
0.07118
0.0629933
0.0584433
0.0249467
0.0160567
0.0505533
0.0442233
0.0210933
0.0351567
0.0141667
0.0153233
0.132693
0.1863
0.08139
0.10332
0.0941533
0.0621133
0.261233
0.217737
0.00358
0.0462367
0.00650333
0.00663667
0.312073
0.143983
0.16982
0.29512
0.01145
0.0122767
0.01009
0.01341
0.00876
0.00703333
0.00929
0.00687
0.03028
0.0320833
0.01341
0.0219233
0.0174667
0.01145
0.0288133
0.0245133
0.15488
0.178307
0.0293667
0.0174
0.0337867
0.0377233
0.0467367
0.03134
0.0455733
0.0591833
0.01019
0.0190167
0.0183333
0.0133233
0.0388567
0.02143
0.02395
0.0280867
0.0186967
0.01836
0.0452533
0.0496433
0.0638367
0.00546667
0.0120767
0.0115533
0.00283333
0.00765667
0.0171433
0.00848333
0.00110667
0.00698667
0.01657
0.00362333
0.00385333
0.00634
0.00625667
0.0126533
0.00292333
0.00160667
0.00142
0.00401333
0.00386333
0.00768
0.00801667
0
0
0.0129533
0.0122633
0.00540667
0.0120767
0.00438667
0.00315
0.01536
0.0106167
0.03314
0.0268467
0.02685
0.0301367
0.03161
0.0277267
0.0208033
0.0276933
0.01727
0.0246133
0.0230733
0.0132667
0.0249333
0.0260767
0.0169333
0.0182533
0.00936333
0.00632
0.0109833
0.01378
0.00259333
0.00335
0.00290333
0.00239333
0.04308
0.0426567
0.0231533
0.0401767
0.02222
0.0187367
0.0317433
0.0186267
0.0357733
0.0484067
0.0501567
0.0370567
0.0433567
0.05306
0.0618367
0.0526
0.00761333
0.02803
0.0219667
0.0152467
0.0139167
0.0206833
0.0275733
0.00711
0.0191133
0.0124467
0.0231867
0.01921
0.0339733
0.0236533
0.0125533
0.0335167
0.00165
0.00301
0.00939667
0.00202
0.00192333
0.0093
0.00301
0.00165
0.00156333
0.00238667
0.00156333
0.00193333
0.00238667
0.00119333
0.00358
0.00358
0.00767333
0.0161767
0.00123667
0.00136333
0.000496667
0.000866667
0.00949667
0.000496667
0.0129967
0.00214333
0.00167333
0.01253
0.0113367
0.00798333
0.00194333
0.00529333
0.0225633
0.0280667
0.0272133
0.0243267
0.02858
0.03186
0.0370933
0.0311967
0.0275333
0.02652
0.02875
0.02699
0.0234633
0.0269867
0.01698
0.01623
0.0112933
0.0118
0.0277967
0.0200133
0.0342567
0.02834
0.01558
0.0287733
0.0151333
0.00960667
0.01142
0.0169433
0.00168333
0.0027
0.0028
0.00178667
0.0377967
0.0414567
0.0262433
0.03315
0.0383067
0.0244333
0.04843
0.0517367
0
0.00119333
0
0
0
0
0.00238667
0.00119333
0
0
0
0
0.00136
0
0
0.00136
0
0
0
0
0
0
0
0
0
0
0
0
0
0
0
0
0.0105833
0.0144667
0.00390667
0.00693667
0
0.00032
0.00723333
0
0.04164
0.0482433
0.0231967
0.03257
0.0397533
0.0268433
0.0518467
0.04878
0.0194933
0.0222233
0.0287867
0.02216
0.0374667
0.0378567
0.0248333
0.02834
0.000893333
0.000573333
0.0102567
0.00448
0.00174667
0.00759
0.00209
0.00234333
0.0169667
0.02375
0.01018
0.0135733
0.01005
0.01005
0.0304033
0.0202267
0
0
0.00352333
0.00013
0.00718667
0.00691667
0
0.00366333
0.0210133
0.02275
0.00227
0.00441
0.00214
0.00214
0.00753333
0.00365667
0.00372667
0.00514
0.00599667
0.00385667
0.0337433
0.0226
0.0107033
0.0225733
0.56393
0.429407
0.417267
0.513207
0.33485
0.21687
0.303253
0.188003
0.24551
0.0842433
0.171633
0.0678967
0.47194
0.59802
0.487773
0.615233
0.424813
0.252493
0.20093
0.168167
0.0779433
0.349803
0.252493
0.351183
0.238393
0.49786
0.477917
0.297197
0.39636
0.0369467
0.0493267
0.0463533
0.0420733
0.04604
0.07866
0.03635
0.0400267
0.130223
0.08679
0.172087
0.08952
0.18929
0.19649
0.20844
0.194127
0.0352267
0.0374533
0.0497633
0.0106533
0.02536
0.0121033
0.0108567
0.0231333
0.00235333
0.00223333
0.00558
0.00174667
0.00931667
0.0119233
0.00407667
0.00542333
0.00940333
0.00729667
0.000936667
0.00346
0.00231
0.00154333
0.00655
0.0069
0.0853567
0.00809667
0.114973
0.0436567
0
0
0
0
0
0
0
0
0
0
0
0.00048
0
0
0
0
0
0
0
0
0
0
0
0
0
0
0
0
0
0
0.000646667
0.000726667
0
0
8e-05
0.00016
0.000563333
0.00016
0.00251667
0.000806667
0.00259333
0.0039
0
0
0
0
0
0
0
0
0.0004
0.0002
0.00286667
0.00151
0.000926667
0.00240333
0.0002
0.00028
0.00218333
0.00075
0.00131
0.00254333
0
0.0002
0
0
0.02485
0.0117733
0.01586
0.0187433
0.0114133
0.00523
0.00538333
0.00965667
0.00569333
0.0216233
0.0186467
0.00676667
0.0135533
0.0271933
0.0434033
0.00353
0.00374
0.00614
0.00332
0.0293867
0.0157867
0.00389667
0.00352
0.02735
0.0403933
0
0
0.000376667
0.000376667
0
0
0
0.000333333
0.000166667
0.000376667
0.000543333
0
0
0
0
0.0177033
0.00314333
0.00523333
0.0290333
0.00262
0.00262
0.00471
0.00262
0.01771
0.01718
0.00822
0.01084
0.00100333
0.00810667
0
0
0
0
0.0103067
0.00320333
0
0
0.00128333
0.00100333
0.00028
0
0
0
0.000166667
0.000166667
0
0
0.00265333
0.00361333
0.00265333
0.00722667
0.00643333
0.00643333
0.0254633
0.0120333
0.0130367
0.0264667
0.0298467
0.00265333
0.00265333
0.00585667
0.00851
0.000653333
0
0
0
0.000416667
9e-05
0
0
0.000326667
0.000326667
0
0
0
0
0
0
0
0
0
0
0
0
0
0
0
0.00194
0
0
0.00152333
0.00346333
0
0
0
0
0
0
0
0
0
0
0
0.0294667
0.0253867
0
0.00697333
0
0
0.00441667
0.00152333
0.00697333
0
0.0464933
0.0294667
0.0414667
0
0
0
0
0
0
0
0
0
0
0
0
0
0
0
0.03822
0
0
0
0
0.0267433
0.0207533
9e-05
0.00608
0
0
0
0
0
0
0
0
0
0.00632
0.00678
0.00899
0.00621
0.0203367
0.0128667
0.0179367
0.0277267
0.00139667
0.000253333
0.0006
0.00150667
0.00223667
0
0
0.000126667
0.000126667
0
0
0
0.00792667
0.00408333
0.000126667
0.00405
0
0
8e-05
0
0.00154
0.00295333
0.000126667
0.000126667
0.00341333
0.0012
0.00503333
0.0012
0.0012
0.0181467
0.00261333
0.00886667
0.0205667
0
0
0
0
0
0
0
0
0
0
0
0
0
0
0
0.04203
0.05883
0.00404333
0.0116467
0.00787667
0.00404333
0.03228
0.01171
0.00990667
0.00297
0.04956
0.04029
0.02903
0
0
0.000666667
0
0.000666667
0.000616667
0.000616667
0
0
0
0
0
0
0
0
0.0157133
0.02027
0.00956667
0.02088
0.00845333
0.00623
0.0133433
0.0130833
0.02827
0.01944
8e-05
8e-05
0.000826667
0.000746667
0.00416333
0.00416333
8e-05
0.00016
0.000666667
0.000616667
0
0.00215333
0.00252333
0.00017
0.00034
0.00017
0.00017
0.00071
0.00017
0.00078
0.00061
0.00312
0.00259333
0.0044
0
0
0
0
0
0
0
0
0
0
0
0
0
0.000616667
0.000616667
0.00921
0.0186133
0.00061
0.000966667
0.0134633
0.00995
0.0245767
0.00291
0.00510667
0.0329767
0.0111533
0.0484233
0.0534233
0.0001
0.000456667
0.00255333
0
0.00494
0.00739667
0.000453333
0.000193333
0
0
0.0001
0.0001
0
0.0518033
0.06704
0.0285533
0.03844
0.0471467
0.0299667
0.0789367
0.0709933
0.0135433
0.0454633
0.04209
0
0.00014
0.00365667
0.00343
0.00046
0.00484333
0.00494
0.00343
0.00343
9.66667e-05
0
0.000193333
0.000193333
0.02998
0
0
0.0101133
0.000226667
0.00732667
0.01656
0
0.000653333
0.000743333
0.000743333
0.000226667
0.000226667
0
0
0.000616667
0.000616667
0.00244333
0.00202
0.000846667
0.00118
0.00304
0.00095
0.00760667
0.00956667
0.00396
0.00375667
0.00072
0.000463333
0.00036
0.000616667
0.000473333
0.00036
9.66667e-05
0.00036
0.00072
0
0.000193333
9.66667e-05
0.00973333
0.00798333
0.00122
0.00320667
0.00064
0.00086
0.00141667
0.00096
0.00324333
0.00189667
0.00314667
0.002
0.00189667
0.017
0.00477
0.0117333
0.0228167
0.00371333
0.00551
0
0
0
0
0.00179667
0
0
0.00694667
0.00371333
0.00333
0.03041
0.04578
0.00399333
0.0112133
0.0028
0.0031
0.0342767
0.0113867
0.01916
0.0423267
0.000863333
0.0001
0.01049
0.00175667
0.0002
0.00155
0
0.00165667
0.00244333
0
0.000763333
0
0
0.0341333
0.02074
0.00906333
0.0200567
0.02335
0.0174167
0.0224567
0.00521333
0.00855667
0.0291633
0.0309233
0.0272067
0.02124
0.01313
0.0245967
0.0138233
0.00656333
0.0156933
0.0208367
0.0236167
0.00351667
0.0062
0.0104633
0.00178667
0.00281667
0.00214333
0.00167667
0.01181
0.00698333
0.00277
0.00218
0.0113233
0.00615333
0
0.00055
0.00011
0.00044
0
0
0
0.0001
0.00011
0.00011
0.0002
0.0145567
0.0290167
0.0162167
0.0146867
0.0344933
0.0219767
0.05119
0.0507767
0.00112
0.00112
0.00054
0.00044
0.00031
0.00041
0
0
0.00044
0.00112
0.00112
0.03635
0.0585967
0.0225633
0.0189967
0.03323
0.0227233
0.0635767
0.0554033
0.0301433
0
0.00015
0.00436333
0.00031
0.00015
0.00420333
0
0
0
0
0.0251967
0.000636667
0.000953333
0.0218167
0.00579333
0.0141
0.0001
0.00015
0.00418
0.0002
0.00015
0.00432667
0.00408
0.000343333
0.00131333
0.00244
0.00055
0.00055
0.00120333
0.000876667
0.00836
0.00756
0.000193333
0.000193333
0
0.000326667
0.000326667
0
0
9.66667e-05
0.00710333
0.0122667
0.00475
0.00483333
0.01858
0.00532
0.0239067
0.03192
0
0
0.000276667
0.000193333
0.00266667
0.00254667
0.000203333
0.000406667
0
0.0745233
0.02826
0.0287867
0.0293567
0.0610633
0.0404267
0.00848333
0.00287
0.00157
0.00738667
0.000633333
0.00061
0.000836667
0.0242
0.02316
0.02173
0.0553233
0.0280867
0.00065
0.00240667
0.000516667
0.00042
0.00208
0.00312333
9.66667e-05
0.00042
0
0.0139067
0.00383
0.00305667
0.00907
0.00681
0.0301167
0.0222467
0.0137733
0.000656667
0.00415333
0.00445
0.00117333
0.00124333
0.01922
0.02583
0.00383333
0.00871667
0.0189033
0.00613
0.03831
0.03959
0.00908
0.00916667
0.0139333
0.00930667
0.05148
0.0244367
0.02011
0.0516933
0.000633333
0.0319833
0.0299033
0.0737467
0.04308
0.00973667
0.00138
0.0284967
0.0101433
0.00489333
0.00499333
0.03504
0.0165867
0.0805733
0.0458867
0.0395067
0.0583667
0.0751067
0.0382133
0.0650267
0.04708
0.107377
0.0854733
0.06524
0.07464
9.66667e-05
0
0.00665
0
0
0.00234667
0.000196667
0.0088
9.66667e-05
9.66667e-05
9.66667e-05
0.0156367
0.0117667
0.0135233
0.0184767
0.00527667
0.00707
0.00815
0.00527333
0.0221033
0.0139567
0.0192633
0.00956667
0.0102433
0.0215533
0.00767333
0.01612
0.00655333
0.00655333
0.01966
0.00655333
0.0131067
0.00675667
0.00675667
0.01664
0.01966
0.01977
0.00707
0.0131067
0.02092
0.0180133
0.0258733
0.0471333
0.0225333
0.0224233
0.0257633
0.0194033
0.08373
0.06894
0.0159767
0.0172833
0.0171433
0.0194267
0.00767
0.0202567
0.02845
0.01513
0.00789667
0.00857667
0.0217467
0.0129267
0.00162667
0.00258667
0.00880667
0.00818
0.0315433
0.0211667
0.0062
0.0162433
0
0
0.00655333
0.00655333
0
0
0
0.0580567
0.03723
0.03036
0.04117
0.0722533
0.0608933
0.0622267
0.0508667
0.0625567
0.0694167
0.0453833
0.04854
0.0127
0.00453
0.0411933
0.03554
0.0199667
0.00420333
0.00614333
0.0484067
0.03579
0.0403833
0.05082
0.0097
0.0175433
0.0151267
0.00946333
0.0953567
0.0833733
0.0786533
0.09603
0.07624
0.0783467
0.0751
0.0318533
0.07524
0.05308
0.0414767
0.0745667
0.0195533
0.0205067
0.00715333
0.00354667
0.0271967
0.0223433
0.0059
0.0131833
0.00518333
0.00636
0.0289667
0.0193633
0.0307733
0.0390967
0.0133433
0.0155833
0.02546
0.0245
0.0867267
0.07268
0.0530167
0.07177
0.0388333
0.0428867
0.05215
0.04339
0.03608
0.0429167
0.0723167
0.0500933
0.0807567
0.0872733
0.0453367
0.0542067
0.01187
0.0107533
0.02003
0.0136
0.0262467
0.02473
0.0120333
0.0210967
0.0115833
0.00901
0.00704
0.00845333
0.00403667
0.00531
0.00233667
0.00222333
0.0349167
0.04415
0.0153433
0.0216667
0.0184733
0.0407767
0.0286667
0.0239933
0.03793
0.0206
0.0192933
0.0494233
0.03385
0.0583767
0.06132
0.0133233
0.00302667
0.0196067
0.02398
0.0114633
0.00314
0.00591
0.03632
0.0273933
0.0329767
0.0353367
0.0126133
0.02232
0.0185333
0.0153933
0.0633
0.0447167
0.0541233
0.0457
0.0547033
0.04651
0.0266633
0.0330733
0.0509467
0.0348067
0.0622
0.0601233
0.03889
0.0506967
0.0221133
0.0325933
0.0364167
0.02005
0.0271767
0.0248767
0.0213967
0.04092
0.0359733
0.0371433
0.03887
0.04252
0.0436767
0.05876
0.04729
0.0551533
0.06374
0.0557133
0.04324
0.0108833
0.0172367
0.0168033
0.0215033
0.0272833
0.04141
0.0297333
0.0667067
0.05998
0.0406233
0.0532467
0.0254833
0.0747933
0.0474967
0.0519967
0.0389433
0.0400067
0.08162
0.0606933
0.0338333
0.0252167
0.01612
0.0321567
0.0116133
0.00761
0.0207267
0.01731
0.02049
0.0198467
0.0350333
0.0269967
0.02976
0.03671
0.0439967
0.0457267
0.01691
0.00966667
0.0253867
0.0252833
0.01594
0.01888
0.02136
0.0257667
0.0169667
0.00848333
0.0252833
0.02538
0.01691
0.00838667
0.00852333
0.02673
0.01281
0.03116
0.00882667
0.00867667
0.05478
0.0349033
0.04587
0.0175833
0.0183467
0.0332967
0.02166
0.05092
0.0410633
0.0444933
0.05983
0.0212367
0.0273933
0.000923333
0.00123333
0.0224633
0.00943333
0.00136
0.0146967
0.00123333
0.00881667
0
0.000306667
0
0
0.00241
0.00156333
0.00879
0.00991667
0.00028
0.00028
0.00056
0.00028
0.000936667
0.00401333
0.01031
0.00930667
0.00878
0.00280333
0.00707667
0.01098
0.00049
0
0.00863333
0.009
0.00014
0.000263333
0
0
0.16704
0.134793
0.242563
0.102057
0.06398
0.0813
0.0911267
0.129257
0.129053
0.194953
0.153203
0.172857
0.136267
0.288637
0.179443
0.00536667
0.0299533
0
0.00268333
0
0
0.0478167
0.0205467
0.00312333
0.00044
0.00350667
0.00580667
0.00120667
0
0
0
0
0
0
0
0
0
0
0
0
0.0201067
0.0112833
0.00044
0.0102733
0.00183333
0.00655333
0.00997333
0.0163867
0.00655333
0.02294
0.02622
0.0157567
0.01889
0
0
0
0
0
0
0
0
0
0
0
0
0
0.00016
0.00016
0
0
0
0
0
0
0.00032
0.00016
0.0205467
0.0207067
0.00716667
0.00716667
0
0
0
0
0
0
0.0124533
0.01033
0.0005
0.001
0.0005
0.0005
0.00392
0.0005
0.00678333
0.00970333
0
0
0
0
0
0
0
0
0
0
0.00504333
0.00504333
0
0
0
0
0
0
0
0.00282333
0.00429667
0
0
0
0
0.00147333
0
0
0
0.00282333
0.00282333
0
0
0
0
0
0
0
0
0
0
0
0
0
0
0.000166667
0.000166667
0
0
0
0
0
0
0
0.00842333
0.000166667
0
0.00825667
0
0
0
0
0
0
0
0
0
0
0
0
0
0
0
0.0200633
0.02028
0
0
0
0
0.000216667
0
0
0
0.02822
0.0200633
0.0162067
0
0
0
0.0101
0.0112267
0
0
0.00917667
0
0
0
0
0.0110033
0.0101
0
0.000903333
0
0
0
0
0
0
0
0
0
0
0
0
0
0.12741
0.0762167
0.163923
0.162873
0.0839933
0.13561
0.0739167
0.0745433
0.0953633
0.0573767
0.14678
0.13335
0.08701
0.111317
0.0777633
0.104873
0.0713533
0.0381467
0.11444
0.1095
0.0383067
0.0764533
0.0381467
0.0381467
0.10074
0.0546667
0.109633
0.129053
0.03878
0.0714867
0.0506167
0.0445633
0.0221833
0.0155233
0.00523
0.01661
0.00679333
0.00482667
0.0115133
0.00876
0.01621
0.0151733
0.01638
0.0217833
0.0152967
0.000806667
0.000403333
0.01115
0.00121
0.0142467
0.000403333
0.00390333
0.000403333
0.000403333
0.00121
0.000806667
0.000403333
0.000806667
0.000403333
0.000403333
0.00533333
0.00640667
0.0213233
0.0114333
0.0108467
0.00698
0.00133333
0.00700667
0.0122
0.0007
0.000906667
0
0.000246667
0.00655333
0
0.0122
0.0131067
0.00133333
0.00698
0
0
0.0166067
0.0203967
0.0100533
0.0035
0.00378667
0.00244333
0.000476667
0.0143433
0.00441
0.013
0
0
0
0
0
0
0
0
0.000246667
0.000493333
0.00133333
0.000246667
0
0
0.000476667
0.000246667
0.000476667
0
0
0
0
0
0.00029
0
0
0
0
0.00029
0
0
0
0
0
0
0
0
0
0
0
0
0
0
0
0
0
0
0
0
0
0.00145333
0.000256667
0
0
0
0
0.0122433
0.00119667
0
0.0110467
0
0
0
0
0
0
0
0
0
0.0225333
0.02444
0
0
0
0
0.00190667
0
0
0
0.0240767
0.0225333
0.00169667
0.000713333
0.00088
0
0.000356667
0
0.000603333
8e-05
0
0
0.000356667
0
0.000356667
0.000713333
0
0
0.00221333
0.000353333
0
0
0
0
0.00201333
0.00201333
0
0
0
0
0
0
0
0
0
0
0
0
8e-05
0
0
0.00418333
0
0.0107367
0.01492
0
0
0
0.00181
0.00181
0.00248667
0.000713333
0.000356667
0.00213
0.000356667
0.000356667
0.000356667
0.0205167
0.02707
0.00737
0.00978
0.00647667
0.00772667
0.0164133
0.0062
0.00367
0.00215
0
0
0
0
0.00214
0.00152
0
0.00062
0
0
0
0
0
0
0
0
0
0
0
0
0.0131633
0.0263267
0
0
0
0
0.0131633
0
0
0
0.0191667
0.0131633
0.0120067
0
0
0
0
0.00108333
0.000766667
0.00185
0
0
0
0
0
0
0
0
0.00065
0.00672667
0
0.01208
0.0107367
0.0107367
0
0
0.000996667
0.00065
0
0.000346667
0.0178533
0.01126
0.01118
0.0178533
0.0326533
0.0219167
0.01134
0.0219967
0.00775667
0.00185
0.00775667
0.00261667
0
0
0
0
0
0
0
0
0
0
0
0
0
0
0
0
0
0
0
0
0
0
0
0
0.000766667
0.000766667
0.00235333
0.000503333
0
0
0
0.00277333
0
0.000923333
0
0
0
0
0
0
0
0
0
0
0.02404
0.03598
0
0
0
0
0.01194
0
0
0
0.0322833
0.02404
0.00824333
0
0
0
0
0
0
0
0
0
0
0
0
0
0
0
0.00947667
0.00636333
0
0
0
0
0.00374333
0.00311333
0
0.00063
0
0
0
0
0
0
0.000766667
0.000766667
0
0
0
0
0.000226667
0.000113333
0
0.000113333
0
0
0.000226667
0
0
0
0
0
0
0
0
0
0
0
0
0
0
0.00442667
0
0.000113333
0
0.00442667
0.00431333
0
0
0
0
0
0
0
0
0
0
0
0
0.00186333
0
0
0.000953333
0
0
0.00364333
0
0.00455333
0
0
0
0
0.0115533
0.00197667
0.02947
0.0253
0.00343
0.01692
0.00197667
0.00223333
0.00431667
0.00230333
0.0236133
0.01605
0.00058
0.00986667
0.00029
0.00058
0.0621167
0.0411267
0.03281
0.05333
0.0192633
0.0210767
0.0187467
0.0174033
0.02599
0.02329
0.0473267
0.03854
0.0354867
0.0561133
0.0220933
0.0129533
0.00563
0.00396
0.0255033
0.0197967
0.00582
0.0128567
0.00396
0.0043
0.01132
0.00301333
0.0196633
0.0248367
0.00201667
0.00549667
0.00236333
0.00201667
0.0475933
0.02517
0.0288233
0.0485967
0.01273
0.0153067
0.01801
0.0180833
0.02229
0.0137233
0.0541767
0.0349367
0.03791
0.0531733
0.0122033
0.0247467
0.00724
0.00279333
0.02897
0.02295
0.00514667
0.01511
0.00279333
0.00329667
0.00685667
0.00437333
0.0207867
0.0194533
0.00063
0.00507667
0.00126
0.00063
0.0720867
0.05118
0.03772
0.0637567
0.0283733
0.0251233
0.02714
0.02526
0.0242667
0.0147233
0.05681
0.0381267
0.04793
0.06514
0.0128733
0.02389
0.08427
0.0622467
0.0683633
0.08027
0.04671
0.05804
0.0371833
0.0245733
0.0577367
0.0564767
0.0165033
0.00821
0.0709533
0.0690567
0.0397833
0.05166
0.0502467
0.0384467
0.0679033
0.0685433
0.05281
0.0589633
0.0251567
0.03556
0.0731333
0.05199
0.0713167
0.0836133
0.03669
0.0911933
0.0725
0.09428
0.0951933
0.0604733
0.0838
0.0593167
0.05377
0
0
0
0
0
0
0
0
0.000766667
0
0
0
0
0.00153333
0.000766667
0
0
0
8e-05
0
8e-05
0.00016
0
0
0
0
0
0
0
0.00285333
0.000176667
0
0.00267667
0
0
0
0
0.02398
0.02768
0.00940667
0.01339
0.00708333
0.00958333
0.01709
0.00690667
0.00011
0.00011
0.00677
0.00011
0.01093
0.01736
0.00011
0.00034
0
0
0
0
0
0
0
0
0
0
0
0
0.00208667
0.000826667
0.00065
0.00100333
0.00100333
0.00129
0.00578333
0.00194
0.00129
0.00515
0.0032
0.01148
0.00958667
0.000673333
0.00121
0
0
0
0
0.000536667
0
0
0
0.000673333
0
0
0.00625
0.00687
0.00803
0.00435
0.0146333
0.0156667
0.00527667
0.00730333
0
0.000176667
0.000446667
0.000223333
0.00239333
0.00234667
0.000353333
0.000446667
0.00024
0.000336667
0.000223333
0.000223333
0
0
9.66667e-05
0
0.0117633
0.00786
0.000223333
0.00412667
0.00181333
0.00024
0.01221
0.0137833
0.04094
0.02438
0.1381
0.103857
0.0663767
0.114447
0.0237067
0.02644
0.122773
0.0684333
0.109197
0.156227
0.0302567
0.04628
0.0382967
0.0295833
0.281743
0.257657
0.20048
0.242557
0.176737
0.167027
0.19546
0.18718
0.192257
0.198127
0.270773
0.21591
0.30996
0.0208833
0.0192167
0.0448633
0.0307033
0.0571633
0.0601967
0.0311867
0.04398
0.0543733
0.0470467
0.0176767
0.0244967
0.00471333
0.00785667
0.00711
0.00447333
0.0531
0.0589633
0.12959
0.0829767
0.0636233
0.0673767
0.0468133
0.04829
0.0165233
0.0103333
0.0376133
0.0298167
0.04958
0.0543167
0.0101933
0.0194433
0.0628067
0.0465667
0.03268
0.0557867
0.0163967
0.0193867
0.0293167
0.01946
0.0426933
0.0401433
0.05974
0.0474533
0.0584933
0.06676
0.0402333
0.0468033
0.07192
0.131233
0.05824
0.0552167
0.0472367
0.05348
0.141677
0.0791433
0.262507
0.28737
0.138327
0.18129
0.161383
0.13102
0.241267
0.203803
0.08508
0.102367
0.150143
0.0967833
0.236287
0.23136
0.17409
0.00676333
0.00222667
0.04708
0.0283233
0.01351
0.0353767
0.00241333
0.00384
0.05091
0.01909
0.0290633
0.0582167
0.00296667
0.00750333
0.00483667
0.00296667
0.04049
0.0456
0.01536
0.0270233
0.0189233
0.0141333
0.05083
0.0388467
0.0504333
0.105677
0.0455467
0.0386367
0.0762733
0.0590133
0.148097
0.117023
0.00112
0.000863333
0.01213
0.00357667
0.0169867
0.0239267
0.000863333
0.00273333
0.00554333
0.00271667
0.00297
0.00677
0.000256667
0.000513333
0.00148667
0.000256667
0
0
0
0
0
0
0
0
0
0
0
0
0
0
0.00758
0.0180033
0.00676
0.00689333
0.00917667
0.0156933
0.01734
0.00863333
0.03847
0.0356167
0.0485867
0.00116
0.00116
0.00417667
0.00184667
0.00362
0.00472
0.00116
0.00239
0.000613333
0
0.0013
0.0213567
0.02006
0.0612033
0.0305933
0.0174633
0.0239733
0.0237533
0.0173333
0.00039
0.00015
0.00302333
0.00101
0.0009
0.00315333
0.00015
0.00015
0.0200667
0.0115233
0.0011
0.01083
0.000426667
0.00048
0.00185333
0.000613333
0
0
0
0
0
0
0
0
0.01209
0.0115867
0.00419333
0.00838667
0.00419333
0.00419333
0.00807
0.00438
0.00488333
0.00962667
0.00640333
0.00221
0.00818667
0.0101067
0.0176433
0.0151733
0
0
0
0
0.00267333
0.00267333
0
0
0.01291
0.0109867
0
0.00276
0
0
0.000836667
0
0.00276
0.00276
0.00552
0.00276
0.01579
0.01567
0.00276
0.00564
0
0
0
0
0
0
0
0
0
0
0
0
0
0
0
0
0
0
0
0
0
0
0
0
0
0
0
0
0
0
0
0
0
0
0
0
0
0
0
0
0
0
0
0
0
0
0.0201533
0.04556
0.0382
0.0317133
0.0138133
0.0180133
0.0166867
0.0285767
0.0338933
0.00419
0.01053
0.00503
0.00407667
0.0617433
0.0567767
0.07626
0.03957
0.0315133
0.0288233
0.0403267
0.0716133
0.0541733
0.0570967
0.0266267
0.0259567
0.03232
0.0168467
0.01782
0.0328067
0.00687333
0.01181
0.0157633
0.0113133
0.02175
0.0244233
0.03847
0.0249033
0.0212533
0.0379833
0.02308
0.0172433
0.00382333
0.0023
0.0164
0.01004
0.0132467
0.00205333
0.00536333
0.00716333
0.000946667
0.00823333
0.0131733
0.00074
0.00201667
0.000493333
0.000493333
0.0134767
0.0102967
0.02437
0.0176167
0.0175033
0.0239333
0.0104833
0.0139867
0.01291
0.0115933
0.00828
0.00646
0.000773333
0.00414
0.00100333
0.000773333
0.00304
0.00343333
0.00646
0.00511333
0.0217233
0.01291
0.00136667
0.0111333
0.0161967
0.00835
0.00671333
0.0166333
0.00868
0.00464
0.0153367
0.0173033
0.00602667
0.00308333
0.00159667
0.00433
0.00041
0.00062
0.00041
0.00041
0.0177533
0.0256067
0.00701333
0.00891
0.01051
0.00871
0.0264767
0.0185267
0.00416
0.00676333
0.0067
0.00227667
0.02241
0.0155433
0.0225767
0.0312633
0.000336667
0.000126667
0.00152
0.00131333
0.0041
0.00340333
0.00141
0.00252333
0.00348
0.00444
0.00331667
0.00454
0
0
0.00346667
0.00128333
0.0261733
0.0242933
0.01638
0.0223233
0.0259367
0.01532
0.02217
0.0287233
0.00519333
0.00187667
0.01236
0.00851
0.00904333
0.01621
0.00187667
0.00187667
0.0242933
0.0164667
0.01007
0.01746
0.00343667
0.00675333
0.00631667
0.00343667
0.000836667
0.000836667
0.01486
0.00415333
0.0118233
0.0216933
0.000836667
0.00167333
0.00847
0.00564667
0.02916
0.0169133
0.00299
0.01806
0.00282333
0.00282333
0.0399267
0.02319
0.0262767
0.0410933
0.0164833
0.0178333
0.01309
0.01366
0.06412
0.0522133
0.0529
0.0553233
0.03522
0.0517333
0.0402
0.03317
0.03792
0.0311067
0.0540133
0.04902
0.0429633
0.06281
0.03094
0.0229
0.00144
0.00161667
0.0026
0.00126333
0.01315
0.01263
0.00144
0.00312
0
0
0
0
0.000176667
0.000176667
0
0
0
0
0
0
0
0
0
0
7.33333e-05
0
0
7.33333e-05
0
0
0
0
0.01351
0.0230067
0.00221667
0.00348
0.00214333
0.00221667
0.0190933
0.00826
0.00833333
0.00944
0.0125
0.0113967
0.0256467
0.01719
0.0180633
0.0265167
0.0235667
0.0135467
0.00992333
0.0186667
0.00432
0.00686
0.00351667
0.00225333
0.0242933
0.0286
0.03024
0.02387
0.0340967
0.03514
0.0291633
0.0301833
0.0277533
0.0352233
0.0243333
0.0230633
0.0379233
0.0247567
0.0440767
0.0510433
0.01204
0.00778
0.03018
0.01843
0.0243
0.03784
0.00620333
0.00867333
0.0348933
0.0430933
0.0266233
0.03325
0.01788
0.0202333
0.0508733
0.0336933
0.0499733
0.05433
0.0408633
0.0438167
0.0438033
0.0425067
0.04675
0.0407367
0.0513533
0.0492633
0.0415233
0.0436933
0.0565533
0.04768
0.0469
0.0556933
0
0
0.00789333
0.00177667
0
0
0
0
0.00074
0.00545333
0
0.00033
0
0
0.0100867
0.00504333
0.00339333
0.00396667
0.00166667
0.00281333
0.00131333
0.00177667
0.00206667
0.00133667
0
0.00212
0.00306333
0.00814
0.00824333
0.0307167
0.0444267
0.0341267
0.0321267
0.0512933
0.0380567
0.0575467
0.0590733
0.01395
0.0177067
0.02174
0.0191367
0.02033
0.00236
0.00876
0.00982667
0.00903
0.00257
0.00464
0.0163167
0.00864333
0.0311533
0.0374867
0.0218233
0.0272233
0.0214167
0.0151533
0.03442
0.02895
0.00947333
0.01914
0.0206867
0.01865
0.0104967
0.00966333
0.0219267
0.01513
0.03466
0.0248467
0.01796
0.0291833
0.00879333
0.00878333
0.00922
0.00782
0.0194633
0.0193667
0.0363833
0.03048
0.0434967
0.04186
0.0334967
0.0411333
0.0231367
0.00520333
0.01212
0.00519333
0.00536
0.32223
0.361023
0.355817
0.209147
0.123977
0.188687
0.0858267
0.0656667
0.213883
0.0921733
0.0828733
0.193423
0.25433
0.0319033
0.14824
0.04259
0.0645633
0.08121
0.0758067
0.0570767
0.03501
0.03548
0.0375633
0.09481
0.09857
0.0847633
0.09372
0.0828867
0.0554867
0.06373
0.0430733
0.0857033
0.08386
0.0831467
0.0550867
0.0479167
0.0748133
0.06983
0.0962
0.0675833
0.0694133
0.0796867
0.0605733
0.05965
0.0632033
0.05306
0.0586933
0.05246
0.05777
0.0503767
0.05091
0.06131
0.0613233
0.0504333
0.0403033
0.290803
0.255227
0.28696
0.199777
0.0742867
0.106967
0.216633
0.08389
0.171797
0.115147
0.0653267
0.16662
0.0221933
0.20353
0.190517
0.00782667
0.0264133
0.0141
0.0367367
0.0464967
0.0472167
0.0360333
0.0457267
0.0249267
0.0146967
0.00826333
0.00763667
0.0420367
0.0464467
0.0376433
0.06439
0.05385
0.04885
0.0394933
0.04309
0.0292867
0.0434233
0.0184733
0.0330867
0.02288
0.0172667
0.0134333
0.0204767
0.0315733
0.0272067
0.0182367
0.00977
0.0422733
0.00991667
0.01305
0.0218733
0.0160767
0.03646
0.02988
0.0204933
0.00774
0.02024
0.0339067
0.0128767
0.0118833
0.0110433
0.01627
0.01117
0.0276467
0.02476
0.0305167
0.02621
0.0120167
0.302013
0.266107
0.302013
0.161267
0.0426767
0.0698
0.191023
0.05254
0.158897
0.0874167
0.0556133
0.133113
0.194803
0.165047
0.01269
0.01042
0.01942
0.03881
0.0294933
0.0133733
0.02464
0.00605
0.00761333
0.00745333
0.03344
0.0410267
0.0496167
0.03022
0.0133633
0.0327733
0.0176133
0.0131567
0.0442033
0.0365533
0.0362633
0.01196
0.0156933
0.0220133
0.00796
0.00697333
0.0158867
0.00956667
0.0172933
0.00756
0.00735333
0.01773
0.0565
0.0527967
0.0533933
0.0325467
0.0191633
0.0426867
0.0359667
0.244533
0.24159
0.22466
0.05207
0.0564033
0.0965067
0.0522433
0.03914
0.0539433
0.15481
0.0448833
0.05846
0.05809
0.10047
0.04673
0.0464667
0.0531333
0.0385867
0.0465667
0.0338633
0.114113
0.0284233
0.0300733
0.02124
0.130973
0.0406767
0.0369367
0.11015
0.147903
0.02577
0.02574
0.05098
0.0504333
0.0344733
0.0410967
0.01946
0.01725
0.0254733
0.0285333
0.0391867
0.0109467
0.00929333
0.01154
0.0474967
0.0234467
0.0291367
0.0210867
0.0303033
0.0190267
0.0441933
0.05389
0.0400467
0.05091
0.0123933
0.0136433
0.0108133
0.00451667
0.00590667
0.00490333
0.00743
0.01184
0.0109467
0.0591167
0.05819
0.0629567
0.0637333
0.0544333
0.0608067
0.0532233
0.0535033
0.0450433
0.0460167
0.00332
0.00704667
0.01542
0.0155833
0.00138667
0.00153
0.0015
0.000526667
0.00187333
0.00231667
0.00693333
0.00292667
0.00683333
0.00747
0.00743333
0.0133967
0.0112767
0.02414
0.0183633
0.00833667
0.0167333
0.00692667
0.00621333
0.00975667
0.01866
0.0361967
0.0113233
0.0118067
0.0108633
0.0318567
0.01349
0.0113
0.0193033
0.01176
0.0324667
0.03309
0.00857667
0.00912
0.0107
0.0105467
0.0175233
0.00196667
0.00198
0.00876333
0.00411667
0.00649333
0.0102133
0.00501
0.00340667
0.00492
0.00417667
0.000486667
0.000486667
0.00063
0.00063
0.00154
0.00173667
0.00334667
0.00371667
0.000226667
0.000143333
0.00254
0.00134333
0.00529333
0.00407667
0.00463333
0.00426667
0.00295333
0.00144333
0.00183
0.00936667
0.00792667
0.0264333
0.0186933
0.01531
0.02225
0.0109333
0.0131733
0.0262267
0.00363667
0.0290067
0.0300467
0.0412167
0.0352233
0.0457767
0.00822333
0.00687667
0.0214367
0.0165633
0.0106833
0.0108833
0.0252767
0.0184633
0.0145767
0.01444
0.01528
0.01555
0.0146967
0.01968
0.03527
0.02964
0.000453333
0.00098
0.00100333
0.00045
0.00269667
0.00624333
0.00350667
0.00689
0.00570333
0.00200667
0.00186
0.000313333
0.00045
0.000166667
0
0.00124
0
0.03433
0.0219167
0.0177733
0.00792667
0.00707667
0.02235
0.00908667
0.00086
0.00100333
0.00281
0.00072
0.00381333
0.00284
0.00117333
0.000436667
0.00014
0
0.00122
0.0483267
0.08321
0.01175
0.0195933
0.00064
0
0.00107667
0.0146067
0.04177
0.00970333
0.0112733
0.000483333
0
0.00112333
0
0.0140067
0.01322
0.00313
0.00725
0.000783333
0.00014
0.00126667
0.00014
0.0588
0.05551
0.00602667
0.0160733
0.147303
0.150827
0.18568
0.229967
0.224173
0.249903
0.25271
0.199087
0.15986
0.16683
0.183313
0.0426833
0.07848
0.06101
0.07691
0.0884467
0.05888
0.11198
0.0211733
0.0281967
0.0124
0.0172933
0.0186533
0.0121533
0.0144533
0.00380333
0.00311667
0.00382333
0.01191
0.0221433
0.0128667
0.00387667
0.0131733
0.0612233
0.112917
0.0736933
0.0642
0.11004
0.02881
0.227853
0.17797
0.160893
0.224867
0.189667
0.02202
0.02282
0.00700667
0.01253
0.00535667
0.00482667
0.0119167
0.00612333
0.02642
0.04431
0.0266033
0.02284
0.0566733
0.0360933
0.08529
0.0917433
0.00011
0.000343333
0.00394
0.00218
0.00576
0.00752
0.00396333
0.00373
9.66667e-05
0.00069
0.00227667
0.00227667
0.00111667
0.000206667
0.00532667
0.00564333
0.110573
0.0267367
0.05628
0.12201
0.0529833
0.08758
0.166083
0.146387
0.0128333
0.02538
0.00840667
0.01842
0.0190067
0.0240767
0.00651667
0.0115133
0.01284
0.0152367
0.00948333
0.0132133
0.00159333
0.00309667
0.000673333
0.000673333
0.00168
0.000753333
0.00310333
0.00053
0.00053
0.00053
0.00221667
0.00145
0.01563
0.0253567
0.00167
0.00537333
0.00226333
0.00167
0.0197367
0.0069
0.00452
0.00503333
0.00814333
0.00444
0.0238767
0.0184
0.00800333
0.01667
0.09815
0.142377
0.04957
0.0582633
0.0900733
0.0594233
0.17115
0.14888
0.00351333
0.00436
0.02382
0.00993333
0.06683
0.0637067
0.00578333
0.0219467
0.00016
0.00401333
0.00666
0.00658
0.000673333
0.00024
0.00698333
0.00364333
0.0220667
0.0175333
0.00694
0.0122133
0.000726667
0.00052
0.00563
0.00509667
0.0564367
0.0562633
0.0705733
0.0576833
0.06658
0.00981333
0.00879333
0.0471533
0.03139
0.0172133
0.0330167
0.00890667
0.00988667
0.0259733
0.0366167
0.02753
0.0315267
0.00880333
0.00595333
0.02913
0.01734
0.00941333
0.01478
0.0298933
0.02944
0.0391033
0.0101733
0.00780667
0.0269233
0.0307833
0.00766667
0.00644333
0.0472567
0.02488
0.0266467
0.0473033
0.0270367
0.0874767
0.08656
0.07216
0.08425
0.0739367
0.0858467
0.08021
0.02109
0.02304
0.0325267
0.02259
0.0341033
0.03484
0.0212333
0.0284833
0.00971667
0.02186
0.0173
0.01723
0.0238533
0.0158
0.0417533
0.0377333
0.000326667
0.00077
0.01243
0.00827
0.00407
0.00491667
0.00452333
0.00739333
0.00679333
0.00256333
0.00886333
0.0136467
0.00092
0.00092
0.00147333
0.00092
0.0318733
0.0268867
0.0201767
0.02956
0.0126633
0.0133233
0.01968
0.0146233
0.48301
0.388033
0.63746
0.677007
0.706877
0.01647
0.0382333
0.0183733
0.0277567
0.00611667
0.00650667
0.01501
0.0127
0.0210533
0.0420067
0.0037
0.00307
0.00825667
0.00835333
0.000686667
0.00167333
0.00131667
0.000863333
0.0228833
0.01726
0.00933667
0.0169433
0.00468333
0.0101233
0.00900667
0.0283833
0.0378867
0.03775
0.00587
0.00750333
0.00314
0.00335
0.01579
0.0179533
0.01074
0.0110967
0.0388933
0.02258
0.0318933
0.0559067
0.0049
0.00626667
0.02717
0.00949
0.01471
0.0333867
0.01732
0.00578667
0.00561
0.00374333
0.00385667
0.0343867
0.0138767
0.016
0.35973
0.45012
0.138523
0.34384
0.23293
0.144623
0.0629367
0.165697
0.05607
0.0477167
0.0483933
0.143903
0.155213
0.01713
0.2152
0.24841
0.0525133
0.126123
0.75616
0.59374
0.86279
0.30938
0.681157
0.53315
0.552363
0.392853
0.223783
0.288043
0.29008
0.451883
0.385967
0.135087
0.678457
0.27754
0.00984
0.0133
0.00334
0.004
0.00758
0.00830333
0.0116767
0.00683333
0.00201333
0.00163667
0.00481667
0.00327333
0.0122233
0.0106567
0.00365667
0.00714333
0.0135967
0.00892
0.00282333
0.00847667
0.00118667
0.00156333
0.00254
0.00118667
0.03488
0.0485567
0.04035
0.04
0.0868
0.0486733
0.03284
0.0463233
0.0278767
0.0726533
0.06637
0.00139667
0.00155333
0.000156667
0.000156667
0.000626667
0.00049
0.0223233
0.0274633
0.0161
0.0171833
0.0163733
0.0150167
0.00124
0.00124
0.00372
0.00248
0.00897333
0.00886
0.00124
0.00259333
0
0
0.00124
0.00124
0
0
0
0
0.04721
0.03254
0.0374467
0.04446
0.0209767
0.02873
0.0193533
0.07759
0.0653367
0.0683567
0.0588533
0.0351767
0.03242
0.05825
0.0446933
0.0553567
0.0422233
0.0420867
0.0333667
0.02372
0.0447667
0.0420833
0.02248
0.03525
0.01864
0.0182
0.00333
0.00399667
0.00081
0.000953333
0.00155667
0.00081
0.00236667
0.000143333
0.000143333
0.000286667
0.000143333
0.00299667
0.00266333
0.000476667
0.000953333
0
0
0
0
0
0
0
0
0
0
0
0
0
0
8.66667e-05
8.66667e-05
0.0212733
0.00100333
0.00421667
0.0190267
0.000916667
0.00175
0.00721
0.00718667
0
0.00017
8.66667e-05
8.66667e-05
0.000353333
0.000353333
0.00045
0.000183333
0.00957667
0.0191433
0.11683
0.08549
0.00351333
0.0126067
0.0535133
0.05923
0.000406667
0.000353333
0.00213667
0.000673333
0.000703333
0.000706667
0.00324
0.00172
0
0
0
0
0
0
0
0
0
0.0002
0
0
0
0
0.00222
0.00202
0
0
0
0
0
0
0.000816667
0.000816667
0
0
0
0
0
0
0
0
0
0
0
0
0
0
0
0
0
0
0
0
0
0
0
0
0
0
0
0
0
0
0
0
0
0
0
0
0
0
0
0
0.00981333
0.00957667
0.00355333
0.00670667
0.00043
0.00036
0.00529667
0.00245
0.0195367
0.0303467
0.01646
0.0186433
0.0293433
0.0195667
0.0423633
0.0391467
0.01433
0.02465
0.01317
0.00791667
0.01365
0.0140633
0.0317933
0.0263133
0.000343333
0.000213333
0.00362
0.00353667
0.0108533
0.0100333
0.00103
0.00206333
9e-05
9e-05
0.00018
9e-05
0.00183333
0.00174667
0.000176667
0.000353333
0
0
0
0
0
0
0
0
0
0
0
0
0
0
0
0
0.00165667
0.00291333
0
9e-05
0
0
0.00134667
0
0.00264
0.0016
0.0112933
0.00508
0.00531333
0.00305
0.00157
0.00139333
0.00407667
0.00625333
0.00734667
0.00347333
0.00468667
0.01519
0.01937
0.0133533
0.0144933
0.0120733
0.00662333
0.0270433
0.0233067
0.02722
0.0156733
0.00842
0.00873333
0.0312533
0.03326
0.03673
0.03022
0.0424767
0.0367033
0.04004
0.0368
0
0
0.000306667
0.000153333
0.0006
0.000753333
0
0
0.0049
0.00245
0.000153333
0.00260333
0
0
0
0
0.0255367
0.0454467
0.00881667
0.0102833
0.0132667
0.0111133
0.0445867
0.0253633
0.00887
0.00931667
0.0121867
0.00842333
0.0428333
0.02744
0.0165433
0.0352533
0
0
0
0
0
0
0
0
0.000903333
0.0006
0
0.000303333
0
0
0
0
0.00219
0.00438
0.00249333
0.00219
0.00339
0.00309333
0.0122067
0.0106167
0
0
0
0
0
0
0
0
0.0269967
0.0153767
0.0311133
0.0355133
0.01057
0.0180067
0.00658667
0.00637
0.0606467
0.05131
0.0406733
0.0427933
0.0478167
0.0730467
0.0762667
0.0665533
0.0780067
0.032
0.0307467
0.0632933
0.0451067
0.0581233
0.0680467
0.03573
0.0452467
0
0
0
0
0.00245
0.00245
0
0
0.00501667
0.00583333
0
0
0
0
0.00163333
0.000816667
0.00426333
0.0130267
0.00266333
0.00346333
0.01468
0.00768
0.0222267
0.0196633
0.00451333
0.00911667
0.00286333
0.00206333
0.00492667
0.00366333
0.0212133
0.0186733
0.0334667
0.0408767
0.02296
0.02699
0.02714
0.06181
0.0494867
0.0417867
0.0394067
0.05582
0.05574
0.03479
0.04314
0.01637
0.0327967
0.0302567
0.01775
0.0245267
0.03405
0.0365567
0.0359
0.0189767
0.0253333
0.03212
0.0227967
0.0284467
0.0339167
0.0289433
0.05705
0.0548267
0.0282367
0.04319
0.02466
0.0244167
0.0438833
0.0313967
0.05789
0.07175
0.07724
0.00877667
0.0125767
0.00628
0.00499333
0.01997
0.0106333
0.0167567
0.02358
0.000603333
0.00193
0.00104333
0.00765333
0.00571333
0.00508333
0.00730667
0
0
0.00104333
0.00104333
0.000736667
0.000603333
0
0.000133333
0.00142
0.00142
0.00104333
0.00104333
0
0
0
0
0.0102433
0.0134667
0.00371667
0.00589
0.00613
0.00409333
0.0202033
0.0168433
0.01379
0.0199633
0.0134867
0.00731333
0.0152667
0.0199633
0.01341
0.00871333
0.00455
0.00887333
0.00066
0.000356667
0.00688667
0.00713667
0.01909
0.01482
0.000153333
7.66667e-05
0.00427
0.00434667
0.0133167
0.0149267
0.000286667
0.00684
0.00063
0.00042
0.00848333
0.00053
0
0.000263333
0.000286667
0
0.0142933
0.00712667
0.00116333
0.00835333
0.0149633
0.0102667
0.00185667
0.00841
0.00185667
0.00185667
0.00371333
0.00185667
0.00816333
0.00816333
0.0147167
0.00816333
0.02288
0.02127
0.00827333
0.0164367
0.00712667
0.00743333
0
0.000286667
0
0
0.000593333
0
0.00910333
0.00903667
0.0170833
0.0101367
0.0121
0.0177767
0.00961
0.0109467
0.0146133
0.0151933
0.00257333
0.00880667
0.0009
0.00154
0.00925333
0.0018
0
0
0.00790667
0.00103333
0.00743333
0.0137133
0
0.000593333
0.00970667
0.00251333
0.00142667
0.00901333
0.000393333
0.000393333
0.00863667
0.00824333
0.07306
0.01642
0.122703
0.153247
0.0154633
0.0416533
0.0144733
0.01438
0.11284
0.03989
0.164837
0.185147
0.0285833
0.08465
0.0304167
0.02699
0.39718
0.27935
0.360287
0.157637
0.207043
0.194233
0.20789
0.17792
0.280013
0.193887
0.303513
0.0348467
0.01108
0.129077
0.115897
0.0253167
0.0569533
0.0155167
0.0208267
0.00221667
0.00063
0.00344
0.00232667
0.00323
0.00603
0.00053
0.00043
0.00738333
0.0108533
0.00645
0.00727333
0.000763333
0.00338333
0.00603
0.00108333
0.00923667
0.0109767
0.00632333
0.00691
0.00593
0.0129933
0.00075
0.00334
0.00011
0.00043
0.0138367
0.00386333
0
0
0.00673333
0.00536
0
0.00137333
0
0
0.00865333
0.00582
0.00816
0.0111033
0.0028
0.0028
0.00302
0.00291
0.00767333
0.00719667
0.0117567
0.0126033
0.0163367
0.00930667
0.01052
0.01718
0.05033
0.06874
0.03035
0.03192
0.0379333
0.02542
0.0652933
0.0578267
0.0138733
0.01396
0.02322
0.0192333
0.04819
0.04163
0.01484
0.0253
0.000306667
0.000306667
0.000613333
0.000306667
0.0211
0.00769333
0.00815667
0.02187
0
0
0
0
0
0
0
0
0
8.66667e-05
0
0
0.00146
0
0.000966667
0.00234
0.00738667
0.00760667
0
0.000306667
0.000193333
0
0.00072
0.000386667
0.00702667
0.00812
0
0.00673333
0.00219
0
0.0156533
0.0100167
0.0220333
0.0348233
0.0207633
0.0149533
0.0222867
0.0210567
0.0355933
0.0298433
0
0
0.000923333
0
0.00760667
0.00800333
0.000193333
0.00072
0
0
0
0
0
0
0
0
0.01971
0.03688
0.02864
0.0300567
0.0158167
0.0219667
0.04526
0.0356567
0.04515
0.0255233
0.02679
0.03211
0.0237067
0.0225933
0.0186367
0.0294167
0.0478167
0.0609033
0.04003
0.04127
0.0209667
0.0295933
0.0331033
0.03154
0.015
0.0232367
0.0401667
0.0672767
0.029
0.03107
0.0417767
0.0448667
0.05294
0.0696133
0.09523
0.0607833
0.05507
0.18644
0.10651
0.139243
0.19927
0.112233
0.131483
0.0665233
0.0812633
0.10476
0.0810667
0.131137
0.12084
0.0119233
0.0374067
0.0465767
0.0191233
0.0552233
0.0775467
0.0370233
0.01667
0.0781467
0.0592933
0.0139933
0.03242
0.0123067
0.00679333
0.000426667
0.00636667
0.455977
0.375113
0.201117
0.359527
0.110143
0.11009
0.197853
0.12036
0.316167
0.349397
0.4498
0.352597
0.362227
0.42757
7.66667e-05
0
0.16085
0.0953733
0.0588667
0.12442
0
0
0.00869333
0.00434667
0.09545
0.09972
7.66667e-05
0.000153333
0.0108333
0.01402
0.0139733
0.0142
0.00392667
0.00645333
0.00808
0.00214
0.0399867
0.03578
0.03797
0.04498
0.05776
0.0346033
0.0370233
0.0573767
0.0130333
0.0113567
0.03002
0.0221367
0.02653
0.0250267
0.0146833
0.0257467
0.00612333
0.0165
0.0129967
0.0136433
0.00201333
0.00389333
0.0163967
0.00349333
0.00106333
0.000973333
0.0258267
0.00772
0.00721333
0.0244367
0.01407
0.00178667
0.00674667
0.01894
0
9e-05
0
0
0.0511233
0.04401
0.0340233
0.0439367
0.0297733
0.0291533
0.03185
0.02967
0.0421333
0.0274633
0.0475233
0.0435233
0.0511833
0.05471
0.0251367
0.04028
0.0572567
0.05591
0.0288867
0.0427933
0.0244733
0.0217033
0.0430333
0.0332433
0.02867
0.03705
0.0341567
0.06447
0.0578533
0.0271167
0.0236733
0.0230367
0.0253433
0.01578
0.01755
0.0201433
0.01951
0.00547333
0.00274667
0.0188867
0.0126567
0.0104733
0.02066
0.00151667
0.000286667
0.0172167
0.01026
0.0164167
0.0254367
0.01521
0.00781333
0.0240067
0.02934
0.0176367
0.01616
0.0262433
0.0254267
0.0185667
0.0180233
0.02493
0.0277667
0.00123
0.00123
0.0184533
0.01025
0.00369
0.0106633
0.00123
0.00246
0.000416667
0.000993333
0.00902
0.00902
0
0
0.00115
0.000573333
0.0233567
0.0134967
0.0145367
0.0228967
0.00331
0.00481
0.00331
0.00331
0.03506
0.0374367
0.0294467
0.0358367
0.02679
0.0299067
0.0351433
0.02326
0.01052
0.0185867
0.03471
0.0201567
0.0266667
0.0339333
0.0369233
0.0361433
0.003
0.0015
0.0129233
0.0127267
0.00159
0.00328667
0.00459
0.00459
0
0
0
0
0.000573333
0
0.000573333
0.00114667
0
0
0
0
0
0
0
0
0.000456667
0.00737333
0
9.66667e-05
0
0
0.0101033
0.00309
9.66667e-05
9.66667e-05
0.000193333
9.66667e-05
0.000816667
0.000553333
0.000996667
0.00135667
0.000336667
0.000246667
0.00578667
0.00587667
0.00324667
0.000156667
0.00324667
0.00633667
0.0158867
0.0132633
0.00589667
0.0111533
0.01003
0.000356667
0.0213267
0.0283667
0.0278667
0.0262567
0.0326467
0.03293
0.0564433
0.03738
0.0433633
0.0637533
0
0
0.01126
0.00563
0.000566667
0.00619667
0
0
0.00385667
0.000983333
0.000263333
0.00349667
0.000526667
0.000263333
0.00152333
0.00142667
0.00655333
0.00964333
0.00978667
0.00655333
0.0139267
0.0101467
0.0127333
0.0166567
0
0
0
0
0
0
0
0
0
0
0
0
0
0
0
0
0.00113333
0.000566667
0.00600333
0.00648
9e-05
0.00018
0
0
0.02487
0.0315233
0.00869333
0.0146967
0.0068
0.00334667
0.03311
0.0239067
0.0638567
0.0878
0.0357667
0.0420867
0.0814967
0.04594
0.10388
0.109173
0.0206033
0.06052
0.0392267
0.0264267
0.0868633
0.0609967
0.132127
0.130877
0.00127667
0.00127667
0.00255333
0.00127667
0.0143833
0.00910667
0.00127667
0.00783
9e-05
9e-05
0
0
0
0
0
0
0.357857
0.454447
0.0985733
0.16611
0.13867
0.0986633
0.334397
0.210277
0.0854533
0.0843067
0.14516
0.0789
0.351263
0.336907
0.09224
0.174003
0.0265433
0.00780667
0.0252833
0.0318567
0.00644667
0.0172933
0.00125667
0.00257333
0.0671767
0.07435
0.0539267
0.0564233
0.0435
0.0486133
0.0650567
0.04098
0.0356367
0.05376
0.05104
0.0610033
0.0645133
0.0455067
0.05006
0.02095
0.0192233
0.03529
0.02894
0.00882
0.02523
0.02539
0.0170567
0.00924333
0.00812333
0.00384667
0.00713
0.0145333
0.00379667
0.01636
0.0249333
0.00622333
0.00684
0.00691667
0.00495333
0.0189767
0.00903
0.0175533
0.0288467
0
0
0.00157
0.00015
0.00142
0.00284
0
0
0.0003
0.0003
0.00025
0.00035
0.0001
0.0001
0.000393333
0.000293333
0.03531
0.0331233
0.01456
0.02797
0.02405
0.01407
0.0423667
0.0411233
0.0193833
0.0198567
0.03164
0.0190833
0.0460733
0.03898
0.0159833
0.03516
0.00643667
0.00972333
0.00608667
0.00613333
0.01598
0.00638667
0.0158867
0.0221467
0.00486333
0.00512333
0.00625333
0.00535333
0.01468
0.00655667
0.00603
0.0147933
0.00112
0.000753333
0.0205067
0.0110933
0.00076
0.0106333
0.000946667
0.000853333
0.00383333
0.00293333
0.0109033
0.0120367
0.000456667
0.00093
0.00204333
0.00133667
0.0334267
0.01977
0.0219533
0.0376467
0.0146433
0.01375
0.0177467
0.0166033
0.03049
0.03181
0.04566
0.0361267
0.0423533
0.04144
0.0319233
0.04105
0.02028
0.0211433
0.0280333
0.0301533
0.01888
0.0223967
0.0315433
0.0250433
0.00113
0.000493333
0.00716
0.00446
0.00416
0.00729333
0.00486333
0.00506667
0.00277667
0.00605667
0.00509667
0.00509667
0.00477667
0.00176667
0.00801667
0.00774667
0.00768
0.0115067
0.00455667
0.00401667
0.00194667
0.00223667
0.00443333
0.000856667
0.0364933
0.0338233
0.01353
0.02626
0.0393567
0.0171933
0.03644
0.0485433
0.02012
0.0267067
0.0294767
0.0199867
0.04398
0.03971
0.04378
0.0509533
0.00209
0.00232
0.00708333
0.00293667
0.0139233
0.01257
0.00684667
0.0121167
0.00271
0.00529667
0.00257667
0.00189667
0.00128333
0.00173
0.00725667
0.00490333
0.0307667
0.0373567
0.00262333
0.00795333
0.00423
0.00343667
0.0144667
0.00334
0.02173
0.0291867
0.0167467
0.0162433
0.058
0.03956
0.0430667
0.0545533
0.0223633
0.0284067
0.00696333
0.01305
0.00382333
0.00382333
0.01928
0.00715
0.0366133
0.0520067
0.0321
0.0328833
0.05445
0.0414133
0.0611933
0.0580533
0.00399667
0.00399667
0.0144133
0.00734
0.0152
0.0181433
0.00399667
0.00812667
0.000406667
0.000203333
0.00334333
0.00354667
0
0
0.00168333
0.00168333
0.00168333
0.00168333
0.00248667
0.00168333
0.03061
0.01633
0.00336667
0.01845
0
0
0
0
0
0
0
0
0
0
0
0
0.000443333
0
0.00375333
0.00419667
0.0156167
0.0334833
0.00097
0.00177333
0.00391
0.00097
0.02258
0.00685
0
0
0
0
0
0
0
0
0
0
0.00118333
0
0
0
0
0
0.00133333
0.00133333
0.00133333
0.00133333
0
0
0.0194033
0.00959
0.00315333
0.0418033
0.0445767
0.02834
0.000166667
0.00265333
0.00265333
0.00530667
0.00892
0.00796
0
0
0.00263667
0
0
0
0
0.000403333
0.0285467
0.02885
0.00048
0.00696333
0.00108667
0.000883333
0
0
0
0
0
0
0
0
0
0
0
0
0
0
0
0
0
0
0.0476667
0.04778
0.0352433
0
0
0
0.00242333
0.0216967
0.00572667
0
0
0.0120633
0
0
0
0
0.000156667
0.02282
0.03554
0.0119867
0.0366133
0.0180967
0.0121433
0
0
0
0
0.00901667
0.07358
0.04575
0.0977067
0.0557233
0.01259
0.0887367
0.05313
0.0374
0.01639
0.0830367
0.0495267
0.106107
0.0660667
0.0399
0.0900667
0.0486833
0.0345167
0
0
0.00998333
0
0.02214
0.0149633
0
0.00660667
0.000116667
0
0
0
0
0.0142433
0.00765667
0.0261467
0.0197533
0.0073
0.000413333
0
0
0
0
0
0
0
0
0
0
0
0
0
0
0
0
0
0
0
0
0
0
0
0
0.0179133
0.02412
0.0344067
0.0311167
0.0475533
0.0352767
0.00642667
7.66667e-05
0
0.00157
0.0163433
0.06822
7.66667e-05
0.000973333
0.00194667
