0.0364833
0.0151667
0.00432333
0.0308333
0.0441067
0.0351433
0.0179967
0.0212567
0.03
0.0418367
0.0422033
0.0169767
0.01485
0.0254233
0.03481
0.0333733
0.0241033
0.00277
0.01355
0.0388333
0.0394767
0.0231233
0.0134867
0.00194
0.02927
0.0344533
0.0195367
0.00998333
0.0271833
0.03559
0.04231
0.03149
0.0174033
0.0104767
0.0211667
0.00814333
0.05046
0.0367467
0.0476167
0
0
0.00213667
0.0216833
0.01028
0.0337367
0.0143433
0.0224
0.03615
0
0.00245
0.00299
0.01408
0.0284
0
0.00161
0.00192333
0.00844333
0.00898
0.02252
0.0353767
0.000156667
0.000156667
0.00176667
0.0122067
0.00141333
0.0111567
0.0054
0.00674
0.0126333
0.0147767
0.000156667
0.0134133
0.02354
0.0212767
0.0121967
0.00338
0.00568
0.0135933
0.0469
0.0532233
0
0.000883333
0.01253
0.04252
0.0413067
0.0157467
0.00817333
0
0
0
0.000726667
0.01936
0.0392233
0.0423133
0.0258333
0.000163333
0
0.000146667
0.000873333
0.00786
0.0421733
0.0464767
0.0181167
0.00968667
0.000163333
0.00301
0.00284667
0.000546667
0.00857667
0.0151633
0.0296133
0.03757
0.02569
0.00627333
0.00912
0.00579333
0.00334667
0.0172533
0.03145
0.04068
0.04354
0.00427667
0.00995667
0.0303733
0.02721
0.00377
0.00964667
0.0338267
0.00427667
0.01477
0.02088
0.03845
0.0283467
0.00735333
0.01699
0.0140933
0.02743
0.0456767
0.0387367
0.00849333
0.0122533
0.00351
0.0207733
0.0101333
0.0107667
0.00592667
0.0189233
0.0192067
0
0.000696667
0
0.000893333
0.0115767
0.01576
0.0363267
0.03803
0
0.00342667
0.00362333
0.02206
0.00708
0.0105067
0.00653
0.00310333
0.00507667
0.00967333
0.0393033
0.0193167
0.0304933
0.02632
0.00750667
0.00671333
0.01895
0.00574667
0.00284
0.00271333
0.00112333
0.00426333
0.00985333
0.00472667
0.00027
0.00222333
0.00139333
0.00509333
0.00037
0.00027
0.0012
0.00538667
0.00375333
0
0
0.0001
0.01187
0
0
0.0270733
0
0
0.04565
0
0.0538967
0.0506167
0
0
0
0.0532967
0.0516467
0
0
0
0.0940567
0
0
0.07629
0.111767
0
0.0451267
0
0
0.00801667
0.03845
0
0
0.01684
0.0161533
0.00043
0.0332567
0.0293167
0.0180267
0.00546333
0.00175667
0.00139
0.0238533
0.00139
0.0264567
0.0341667
0.0243833
0.0251567
0.00544
0.00482
0.0162933
0.0282233
0.0629467
0.0652333
0.0438
0.0251633
0.01629
0.0245333
0.0606467
0.0439833
0.0302867
0.01102
0.00515667
0.00309333
0.0327833
0.02506
0.0271033
0.0286433
0.00976667
0.00726667
0.00966333
0.0285167
0.04849
0.05172
0.00117333
0.00735667
0.0028
0.000186667
0.000186667
0.000316667
0.00523667
0.0151033
0
0.000186667
0.00975333
0.0120033
0.0149933
0.0149367
0.000883333
0.0115667
0.0408833
0.0203067
0.0326367
0.02576
0.00756
0
0
0.03571
0.0175667
0
0.02457
0.0163933
0
0
0.0267433
0.0355067
0
0
0.0286567
0
0.0332567
0.0205033
0.01111
0.0108133
0.00428333
0
0.00520667
0.01116
0
0
0.0162833
0
0
0.03557
0.04099
0
0
0
0
0.0419633
0.04682
0.0553267
0
0.07868
0
0
0.100263
0
0
0.0386933
0.0587733
0
0.00574667
0
0.00447
0.00264333
0.000796667
0.00464
0.00450333
0.0120467
0.0218133
0.00773333
0.00683
0.0256133
0.00967
0.02695
0.0231167
0.0294233
0.0486133
0.0420533
0.0253433
0.0510133
0.04095
0.03426
0.02873
0.00981333
0.0171533
0.05499
0.0394333
0.06334
0.0372633
0.02839
0.0264167
0.00515
0.000726667
0.00356333
0.000836667
0.02165
0.00736
0.00598
0.00363
0.00991333
0.0105067
0.01494
0.0081
0.00900667
0.00222333
0.000123333
0.00127333
0.0128167
0.03206
0.0292133
0
0.000123333
0.000123333
0.00279333
0.0143367
0.03358
0
0
0.0320333
0.0353
0.0323233
0
0
0
0.0183133
0
0
0
0.00844
0.00606
0
0.00512333
0.000446667
0.00695333
0.00465667
0
0.0173367
0
0.0265767
0
0.0632
0.0715467
0
0
0
0.0532267
0.0846667
0
0.0404733
0
0.0440533
0.0237867
0
0
0
0.0163133
0
0
0.0143467
0
0.0236567
0.0310133
0
0
0
0.0309567
0
0
0.0479733
0
0
0.0856333
0
0
0.0895067
0
0
0.00351
0.0258267
0
0
0.000406667
0
0.000933333
0.000933333
0.00570333
0.00312333
0.01837
0.00657333
0.00522333
0.00462667
0.05645
0.01851
0.00725333
0.0201033
0.0610733
0.0177233
0.02889
0.0257133
0.01916
0.0471867
0.02817
0.0197567
0.0189767
0.05462
0.0440067
0.04945
0.0165433
0.00901
0.00626667
0.00073
0.0121367
0.00222333
0.00062
0.00273667
0.00401667
0.00474
0.0103233
0.00222333
0.0281933
0.0322167
0.03238
0.01601
0.00457667
0
0.00167333
0.0158233
0.02832
0.04552
0.0676033
0
0
0
0.00115
0
0.0239967
0.0153
0.0574267
0
0
0.05752
0
0
0
0.02996
0.0350833
0
0
0.0129567
0.000456667
0.00593667
0.000456667
0.000586667
0.00013
0.01372
0.00013
0.05423
0
0
0.0584567
0
0.0441233
0
0
0.0222467
0
0.0157067
0
0
0
0
0
0
0
0.0242933
0
0
0.0146067
0
0
0.0298733
0
0
0
0.0509033
0
0
0.03053
0
0.0247433
0
0
0.000393333
0
0
0.000203333
0.00136667
0.000393333
0.00402
0.00376
0.0110167
0.00262333
0.00507667
0.0489567
0.05305
0.01022
0.00683333
0.0305233
0.0105233
0.0133867
0.0369267
0.0340567
0.01676
0.0401267
0.0421433
0.0324133
0.0519967
0.05254
0.0386833
0.0201667
0.0228833
0.0144533
0.00957
0.02784
0.0107
0.0114
0.00263333
0.00895
0.00211667
0.00171333
0.00137667
0.00710333
0.00922667
0.000603333
0.00336333
0.00852
0.02651
0.0301533
0.032
0.00458333
0.00659333
0.0155433
0.0258567
0.0429567
0
0.00290333
0.0264933
0.0169
0.0513733
0.0448233
0.05534
0
0
0
0
0
0.0699167
0.0749967
0
0
0
0.06899
0.05928
0
0.0251667
0.02173
0.000133333
0.00748667
0.00059
0
0.000323333
0.000323333
0.000916667
0.000646667
0.000776667
0.04751
0
0
0
0.0697167
0.0531167
0.0516833
0
0.0383633
0
0.01747
0.01669
0
0
0.0225067
0.0308333
0.0315267
0
0
0
0.00978333
0
0.0250867
0.03053
0.00978667
0
0
0.00966
0
0
0.00222333
0.00367
0.000393333
0
0.000203333
0.000203333
0
0.00629333
0
0.00087
0
0.00281667
0.00517333
0.00087
0.00230333
0.00217667
0.0032
0.0144633
0.0143267
0.00823
0.01016
0.03856
0.0324833
0.00993667
0.02206
0.0419333
0.0108833
0.0107967
0.04112
0.04515
0.0338767
0.00728
0.0073
0.00929333
0.00693333
0.05862
0.0377667
0.0130433
0.00675667
0.0134067
0.00710333
0.0132033
0.00738667
0.0104167
0.0101667
0.0119133
0.00336333
0.00780333
0
0
0.00168
0.00369
0.00168
0.01708
0.0171433
0.0149133
0
0.00168
0.0126
0
0
0
0.0327067
0.0242033
0
0
0.0385933
0
0.0669933
0
0.06506
0.04894
0
0.0271433
0
0.01308
0.00015
0.00262333
0.000283333
0.000466667
0.0103267
0
0.0106333
0.0240767
0
0
0.02065
0.0141633
0.00772
0.000593333
0.000646667
0.00667667
0
0
0
0
0
0.0393533
0
0
0.0403667
0
0.0104067
0
0
0
0
0
0.0271
0
0.0150433
0.00011
0
0.00265667
0.00011
0.00011
0.00269333
0.00214667
0.00379667
0
0
0.00165
0.000993333
0
0
0.0109933
0.00666667
0
0.02345
0.02815
0.0206167
0.0212033
0.03717
0
0
0
0.00430333
0.00316333
0.00286667
0.00452667
0.00430333
0.00711333
0.00959333
0.0179233
0.000763333
0.0122567
0.00707333
0.00717333
0
0.00128
0.0120967
0.0180367
0.00159667
0.0348133
0.0220467
0.0108167
0.0398033
0.0381833
0.04302
0.0375733
0.0214733
0.05389
0.00256667
0.0664567
0.0748833
0
0.00640333
0.0001
0.000206667
0.05832
0.0555833
0.0559267
0.0512933
0.0488433
0.0428967
0.0197533
0.01728
0.0176267
0.00061
0.00526667
0.00675667
0.00640333
0.0338433
0.0542733
0.0806467
0.0895167
0.0707433
0
0.000933333
0.00228667
0.00890667
0
0
0.00135333
0.0124133
0.0313
0
0
0.03308
0.04009
0
0
0
0
0
0.0141533
0.0301233
0
0.0545733
0
0
0.0670533
0
0.0457833
0.0219933
0.00803333
0.000296667
0.00272667
0.00854
0.00057
0.0184367
0
0
0
0.0233933
0
0.00893333
0.01116
0
0.00199
0.00057
0.00665333
0
0.0179467
0
0.0235767
0
0
0.0278467
0
0
0.0188533
0
0
0
0.00368667
0
0.0165667
0.0153367
0.0185267
0.0236567
0
0.00847
0.0100433
0
0.00266333
0.00211
0.00165
0.00165
0.0006
0
0.00165
0
0
0
0.02834
0
0
0.0155533
0
0.00586
0.00624667
0.000683333
0.000683333
0
0.000683333
0.000223333
0.000223333
0.000206667
0
0
0.000306667
0.000413333
0.000206667
0.000773333
0.000516667
0.00123333
0.000306667
0.00192667
0.0123
0.00225
0.0116533
0.0284033
0.0221633
0.0376433
0.0147467
0.0336433
0.0340533
0.0261
0.0422567
0.000463333
0.000463333
0.00946667
0.00334667
0.0258967
0.02557
0.0167767
0.0360067
0.00613
0.01612
0.00263333
0.00634
0.0647233
0.0850833
0.0835033
0.0445467
0.00039
0.00039
0
0
0
0
0.00104333
0.00124667
0
0
0
0.00859667
0.00197667
0.00786667
0.0100367
0
0
0.0300733
0
0
0.0349033
0
0
0.02194
0
0.0109833
0.01102
0
0
0.0145833
0.03962
0.06364
0.0780533
0.0752233
0
0.055
0.000146667
0.00057
0.0303367
0.0443167
0.04279
0
0
0.0371467
0
0.00156667
0
0
0.0351533
0.03003
0
0.01781
0
0.00243333
0
0
0
0
0
0
0.00423667
0.00154
0.00154
0.00788333
0.00931333
0.00876667
0.01654
0
0
0.00178
0.0104367
0
0.00178
0
0.0006
0
0.00627333
0
0
0.02431
0.00676
0
0.0357133
0.0439567
0.0263967
0
0
0
0.00672333
0.01603
0
0
0
0.00586
0
0
0
0
0
0
0
0
0
0
0.000486667
0.000256667
0.00221333
0.00164
0.0144733
0.03024
0.0122867
0.0489833
0.0298667
0.03194
0.02078
0.0129767
0.000696667
0.0332133
0.000693333
0.000693333
0.00105
0.0171333
0.00653667
0.00612667
0.00421333
0.000143333
0.000273333
0.0144667
0.0362967
0.0127267
0.000563333
0.01192
0.00388333
0.0589467
0.0418933
0.0581133
0.0743167
0.0664233
0.04686
0.0157367
0.0166767
0
0.00161667
0.00122667
0.00255667
0.00403667
0
0
0.000203333
0.00039
0.00207333
0
0
0.00341667
0
0.00422667
0.01547
0
0.0143467
0
0.00209
0.00258333
0.00305
0
0.03247
0
0
0.05366
0
0.0313667
0.00819
0.000916667
0.00288333
0.00916
0.00057
0.0210633
0.01546
0.0353867
0.0261567
0
0.00458
0.00582333
0.00193
0.00302
0.00057
0.00057
0.000223333
0.00265667
0.00348667
0.01478
0
0
0.0277167
0
0
0
0.0220733
0
0
0.00811
0.00922
0
0
0.00114667
0
0.00117
0.000676667
0.00436
0.000676667
0.000553333
0.000553333
0
0.0372033
0
0.0184767
0.03747
0
0
0.00356
0.0116
0
0.00178
0
0.0190667
0
0.01217
0
0
0
0
0
0
0
0
0.000916667
0
0.00112333
0.00932333
0
0.00861333
0.01915
0.00023
0.00023
0.01095
0.01162
0.00274667
0.00106
0.00199333
0.00247667
0.0152367
0.00272
0.0346767
0.03707
0.0314967
0.04575
0.04709
0.0145167
0.0167433
0.0111567
0.01117
0.0208633
0.0319533
0.01768
0.00056
0.000573333
0.0239667
0.00074
0.00313333
0.00074
0.00282667
0.0205967
0.01339
0.00485333
0.00402
0.0126733
0.0103033
0.0320467
0.0313433
0.0434467
0.00168
0.0104333
0.0242967
0.04239
0.00265
0.00142333
0.01677
0.0400467
0
0
0.0104467
0.0226967
0
0
0
0.00883667
0.00207333
0
0
0
0.000206667
0.00342
0
0
0.00101333
0
0.000806667
0.00289667
0
0
0
0
0.00694
0.03213
0.03008
0
0.0283933
0.00231333
0
0
0.02675
0
0
0.0266967
0
0
0.00538333
0.0153167
0
0.00243333
0.00327333
0.01678
0
0.0171367
0
0.00305
0.000653333
0.00128
0.00637667
0.00765667
0.01006
0.0164367
0
0.01613
0
0.00290333
0.00743333
0.0171733
0.0107633
0.0364067
0
0.0127367
0
0
0.00395
0.00686667
0
0.00269
0.00377333
0
0
0.00906
0.00290333
0
0.00997333
0
0.000863333
0.00286333
0
0
0.000863333
0
0
0
0.00147
0
0.00238667
0
0
0.00417333
0.00225667
0.0138967
0.00160333
0.00059
0.00171
0.04417
0.0265233
0.00059
0.00012
0.0404633
0.000706667
0.00605667
0.0281933
0.0194033
0.00876
0.00274333
0.0428033
0.00013
0.01778
0.00753333
0.0130867
0.03188
0.00212667
0.0191967
0.00466333
0.0196933
0.0243733
0.0224667
0.00904
0.00967333
0.000256667
0.00142
0.0101733
0
0.000256667
0
0.04086
0.03956
0
0
0.0355267
0.03657
0.03858
0
0
0.01788
0.0184367
0.0380933
0
0
0
0.00709333
0
0
0.000126667
0.000126667
0
0.000206667
0
0.000206667
0
0
0
0
0
0
0.00438333
0
0.00838333
0
0
0
0.00476667
0.00077
0.00095
0.00243333
0.00359
0
0.01402
0.0107867
0.0167867
0.0221667
0
0.02367
0
0.0237267
0.01343
0.000356667
0.01407
0
0
0.0149467
0.000843333
0.000843333
0.00363
0.00152333
0
0.00068
0
0.00128
0
0
0
0
0
0
0.0409033
0
0.0378667
0.0420967
0.02001
0.0161033
0.0141467
0
0.00221333
0.002
0
0
0
0
0.000553333
0
0
0.00202333
0
0.0120033
0
0.0187333
0.0371633
0
0
0.03829
0.04153
0.02306
0.0139533
0.00225667
0.00299667
0.00212
0.0187933
0.01198
0.000483333
0.02686
0.0373533
0.00144333
0.0315967
0.00679333
0.0261433
0.0447867
0.00729333
0.0451033
0.0563367
0.00332667
0.00261333
0.05285
0.000713333
0
0.0295167
0
0.000936667
0
0.00246667
0.00972333
0.0365867
0.04446
0.0104633
0.00566
0.01218
0.01082
0.00201667
0.01023
0.000653333
0.00978333
0.00199
0.00148
0.00858667
0.00954
0.0011
0.0116967
0.0011
0.0011
0.0231233
0.0218233
0
0
0
0.0368967
0
0
0.00853
0.0154967
0
0.000126667
0
0
0
0
0
0
0
0
0
0
0
0
0.004
0
0.00633333
0.004
0
0.00245333
0
0.00018
0.00012
0
0.02459
0.0351967
0
0.0375267
0
0.0395867
0
0
0.03662
0.0183267
0.000563333
0.00733
0.000413333
0.00077
0.00144
0.00123333
0.00247333
0.00123333
0.00867333
0.00962333
0
0.00068
0.00783
0.00128
0
0.0185367
0.01216
0
0
0.0273167
0.0343433
0.0391533
0
0.0244467
0.0412967
0.01387
0.0230233
0
0
0.0261967
0.0185733
0
0
0.03248
0.0301467
0.0294933
0.0172833
0.0243033
0
0
0.0119133
0.0150567
0
0
0.0213267
0
0
0.01498
0
0.00265
0
0
0
0
0
0
0
0
0.000553333
0
0
0.00785
0.0169133
0
0
0.0383833
0
0.0402067
0
0.0102633
0.00119333
0
0.01212
0.01833
0
0
0.02126
0.00132333
0.0223667
0.01825
0.02175
0.0428967
0.0663933
0.01213
0.0717167
0.00838
0.0425367
0.00093
0.000713333
0.00830333
0.0301267
0.0013
0.00511333
0
0.0156267
0.000936667
0.0228833
0.00322667
0.00180667
0.0497467
0.0711333
0.0486433
0.0360067
0.13861
0.0894633
0.144493
0.175267
0.0185067
0.08256
0.01675
0.0249367
0.0304033
0.02144
0.0441633
0.00796
0.04304
0.113817
0.01052
0.0172033
0.00837667
0.00910667
0.00666667
0.01335
0.0119767
0.0166367
0.00037
0.00037
0.03542
0
0.0373733
0.000173333
0.0393367
0.000173333
0.0179133
0.00148667
0.00850667
0.000103333
0.00219
0.000876667
0
0.000876667
0
0
0
0
0
0
0
0
0
0
0.00012
0.00012
0.00315667
0.0196
0
0
0
0.03858
0
0
0
0.03774
0.0338533
0.0356733
0.000206667
0.000206667
0.00764333
0.000206667
0.00163
0.00194333
0
0.0268367
0
0
0.0169167
0.0349733
0
0
0.0128133
0
0.0399167
0.000143333
0.000143333
0.04205
0.03586
0.02327
0.0254467
0.000256667
0.0171867
0.01273
0.000256667
0.0269367
0.0308067
0.0222533
0
0
0.02148
0.02459
0
0
0.03678
0.03379
0
0.02187
0.0370567
0.00170333
0.00414
0.0112433
0
0
0
0
0
0
0
0.000553333
0
0
0.00854333
0.00638
0
0.01816
0.0217533
0
0
0
0
0.0212133
0
0
0.01343
0.00199
0.00163667
0
0.00227667
0
0.00513667
0.0321267
0.0142767
0.04571
0.02523
0.03245
0.0527533
0.02577
0.05413
0.01132
0.0297067
0.00387
0.00449
0.00891333
0.000216667
0.000216667
0
0.000106667
0
0.000106667
0.000733333
0.000506667
0.00192
0.00967
0.0225467
0.06237
0.07004
0.0783633
0.0590167
0.03915
0.01109
0.00286333
0.00037
0.157473
0.1066
0.214337
0.24389
0.03986
0.0480733
0.0340167
0.10884
0.03115
0.0373333
0.0119567
0.00993333
0.00182333
0.00219333
0.01719
0.000173333
0.00976667
0.00036
0.000103333
0
0.00602
0
0.00694667
0
0.00180333
0
0.00180333
0
0
0
0
0
0
0
0
0
0
0.000173333
0.000173333
0.00315
0.00627667
0
0.0342433
0.0209267
0
0
0.0475267
0.0445433
0
0
0.0312867
0.03725
0
0
0.0288967
0.02587
0.0300567
0
0
0.0179533
0
0
0
0.01085
0
0
0
0.0285933
0.04663
0
0.0129433
0.031
0.0249633
0
0.00511
0.00869667
0.000143333
0.0274167
0.0236367
0.01249
0.00869667
0.02191
0.0297467
0.0126967
0.00419333
0.0140333
0.03024
0.0131767
0.02562
0.0148633
0.000256667
0.000256667
0.0485233
0.05264
0
0
0.0399833
0.0595167
0
0.0363567
0.03412
0
0
0.00170333
0.00880667
0
0
0
0
0
0
0
0
0
0
0.000666667
0
0
0.00435333
0.00338333
0
0
0.0106267
0.0131067
0
0.01001
0
0
0
0
0.00263
0.00108333
0
0
0
0.0241033
0.02334
0.00213333
0.00081
0.0372233
0.0207933
0.0144633
0.0176233
0.0490467
0.04883
0.01943
0.0497767
0.0228267
0.00913333
0.0147033
0.00632
0.00802333
0.00365333
0
0
0
0
0
0.000133333
0.000613333
0.00024
0.00229333
0.00923667
0.0100433
0.04355
0.0555733
0.220073
0.183823
0.159803
0.0748233
0.128777
0.263893
0.271093
0.0510667
0.0452633
0.212493
0.0364267
0.15076
0.01761
0.00935333
0.00658
0.00733
0.00196
0.00778333
0.00229
0.00232667
0.0016
0.0110067
0.0119467
0.000256667
0.0111067
0.0321967
0.0234533
0
0.0272833
0
0
0
0
0
0
0
0
0
0
0.00135333
0.00135333
0.000476667
0
0.00360333
0
0
0
0
0.0293667
0.0425
0.0307867
0
0
0.02852
0.01391
0
0.0223167
0.0338367
0
0
0.0297233
0.0140633
0.0216467
0.01266
0.01516
0.02262
0.0175367
0.01644
0.0423267
0.0388467
0.0250033
0
0
0
0.0414533
0.0340267
0.02537
0.0145933
0.00048
0
0.00264333
0.0336167
0.0120333
0.00903333
0.0335833
0.03538
0.03675
0.00695667
0.01025
0.0450667
0.05424
0.0591967
0.04749
0.0345533
0.0745933
0.0811533
0.0404
0.0286933
0.03653
0.0637267
0.0195067
0.00746
0.0324567
0.0419033
0.00386333
0.00352333
0.0220667
0.0370067
0.00072
0.000596667
0.0637133
0.0302533
0.0459467
0.0250133
0.000123333
0
0.0394267
0.0734967
0.0540033
0.0735767
0
0
0
0.0281133
0.02122
0.00724667
0.0189433
0.00969333
0
0
0
0
0
0
0
0
0
0.000666667
0
0.00097
0.00163667
0
0
0.00120667
0
0
0
0.00059
0.000236667
0.000466667
0
0
0
0.000353333
0.000466667
0
0
0.00154667
0
0.00238333
0.00311
0.00423
0.01086
0.00761667
0.00338333
0.02274
0.01259
0.0169833
0.0152267
0.01156
0.00189667
0
0.00464333
0.00189667
0
0.00162333
0.00162333
0.03145
0.00973
0.000783333
0.000143333
0.00300333
0.000133333
0.00509
0.00337667
0.01355
0.0100767
0.0366233
0.0327067
0.0526567
0.0338067
0.0443933
0.02515
0.17524
0.198037
0.136603
0.159673
0.186827
0.134423
0.100887
0.126937
0.0671667
0.09999
0.01048
0.0518867
0.0237733
0.00014
0.00280333
0.00134333
0.00548667
0.01497
0.0216967
0.04861
0.0609933
0
0.0476367
0.0281767
0
0
0.0254867
0
0.00425667
0
0.00245333
0
0.000186667
0
0.000186667
0
0.00817
0.00933667
0
0.0145333
0
0
0.00655
0.0055
0
0
0
0
0.0125967
0.02371
0
0.0311267
0
0
0.02507
0
0.0153033
0
0.0253733
0.0476867
0.0392233
0
0.0349133
0.0191767
0
0
0
0.0269033
0.01963
0.0152267
0.00789667
0.00413
0.00407333
0.000623333
0
0
0
0
0.00673333
0
0
0
0
0
0.00313
0.000786667
0.00022
0
0.00011
0.00011
0.00011
0
0.01495
0.00055
0.003
0.00311
0.00359
0.00059
0.01284
0.00111
0.00120667
0.00209
0.00476
0.00132667
0.0149733
0.0160767
0.03781
0.0268233
0.0157867
0.0293367
0.00817333
0.01832
0.0443233
0.0516933
0.02869
0.01066
0.02938
0.0418333
0.05564
0.0271033
0.00765333
0.0162267
0.0277367
0.0600467
0.0454
0.00588333
0.00446333
0.00166333
0.01316
0.0122167
0.04862
0.01394
0.00296
0
0.000123333
0.0420433
0.04421
0.02643
0.0132333
0.000123333
0.0506233
0.03865
0.04074
0.00225333
0
0
0
0.0585633
0.05895
0.05408
0.0439533
0.0377167
0.02124
0.00818
0.00239
0
0.0475733
0.0520533
0.03074
0.000136667
0
0
0.00539
0.0177433
0.02598
0.0290967
0.03781
0.0118933
0.00637667
0.00592667
0.000136667
0.00057
0.00337
0.000586667
0
0
0
0.00161667
0.00204333
0
0
0
0
0
0
0.00095
0.00374333
0.00279333
0
0
0.00095
0.000236667
0.000236667
0
0
0
0
0
0.00735333
0
0.00801667
0.00772333
0.0016
0.00079
0.00081
0.00155667
0.00399667
0.00979333
0.01558
0.0337267
0.00443667
0.00189667
0.02943
0.00189667
0
0
0
0.00517
0.00942
0
0
0
0.00890667
0.00127667
0.00064
0.00904333
0.00463
0.0150633
0.00392667
0.0127767
0.0128633
0.01851
0.163193
0.193647
0.15522
0.16262
0.169943
0.248137
0.110823
0.21291
0.17524
0.20988
0.135977
0.143553
0.0600733
0.15434
0.140407
0.01384
0.0205467
0.12689
0.00164667
0.00380667
0.000313333
0.0390667
0.0180967
0
0.01953
0
0.00561
0
0
0.0591667
0
0.0792133
0.0803
0
0
0.07142
0
0.00245333
0
0
0.000186667
0
0
0
0
0
0.00836
0
0
0
0.0207267
0.03829
0
0
0.0375767
0.03811
0
0.0205633
0.0125133
0.0102267
0.00241
0.000966667
0.000646667
0
0.00514333
0.00044
0
0
0
0
0.00364
0.000586667
0.000146667
0
0
0
0
0
0
0
0.00382333
0
0
0.00077
0.000146667
0
0
0
0
0.0490133
0.0406267
0.0391833
0.0288
0.0284267
0.00958
0.00678
0.01885
0.0491933
0.0474133
0.0559167
0.0345967
0.00406333
0.000586667
0.00986667
0.0118033
0.0560233
0.0342233
0.0407767
0.0138233
0.00947
0.00358
0.00161667
0.0138133
0.0084
0.000103333
0
0.0112467
0.0102967
0.00750333
0.00057
0.000103333
0.000103333
0
0
0
0
0
0
0
0
0
0
0
0.0141
0.00302
0.00255333
0
0.0256
0.0184333
0
0
0.00835667
0.0148133
0.00079
0.00273
0.000333333
0.00318667
0.00979667
0.00287333
0.00527
0.0261067
0
0.00254
0.0466033
0.04425
0
0.03195
0.0253
0
0.00684667
0
0
0
0
0.00971667
0.01122
0.00293333
0
0.03205
0.03001
0.0301467
0.0158
0.00407
0.02562
0.0201133
0.00833333
0.00937667
0.168383
0.316413
0.0933733
0.09892
0.108397
0.122207
0.0737
0.12532
0.14915
0.0243467
0.0157467
0.129497
0.16706
0.00408
0.00160667
0.00178
0.0907567
0
0
0.02587
0
0.01267
0.00939
0
0.0159933
0.0621567
0
0.0356833
0.01619
0
0
0.00419
0
0.00196
0
0.00994333
0.0303633
0
0
0.0546833
0.0392733
0
0.03415
0
0
0.01442
0.01591
0
0.0366633
0.02059
0.00998667
0
0.0351067
0.00914667
0.0181933
0.00160667
0
0
0
0.01086
0.000953333
0
0
0
0
0
0.00116
0.000953333
0.000953333
0
0
0
0.0423967
0.0532267
0.0476433
0.00507667
0.0129
0.0194733
0.0379967
0.0617333
0.02259
0.00867333
0.0263767
0.0142367
0.0101933
0.0448633
0.02655
0.00331667
0.000626667
0.00015
0.00923667
0.00843667
0.02716
0.0124033
0.00308667
0
0.000396667
0.00016
0
0
0.000236667
0
0.0321067
0.01562
0.00454
0.0360367
0.0377533
0
0
0
0
0
0
0.0100767
0.0130867
0.0174267
0.000333333
0.00476
0
0.000333333
0.02108
0
0
0.01864
0.0320767
0
0
0
0
0.0152067
0.00476667
0.01399
0
0.000146667
0.00865667
0.00816333
0.000146667
0.0171333
0.0203633
0.00257333
0.000276667
0.04265
0.0528333
0.0174867
0.0168933
0.0274
0.0338167
0.0144433
0.0449067
0.00819333
0.0190133
0.257287
0.35523
0.133577
0.230017
0.14431
0.0571967
0.106813
0.0310133
0.105203
0.0697433
0.05662
0.0143867
0
0.0329733
0.0476567
0
0
0.0587433
0.0641067
0
0
0.05593
0.0350633
0
0.0217967
0.0154633
0.00740333
0.00566667
0.00177333
0
0
0.00875667
0.0293633
0
0
0.0536833
0
0.0656367
0.0410667
0.0563067
0
0.03067
0.0167667
0.0201633
0
0.00189
0.0034
0
0
0.00179333
0.000283333
0
0.000283333
0
0
0.00244667
0
0
0.000653333
0
0
0
0.0126767
0.0194567
0.0247967
0.0448567
0.03944
0.05452
0.06966
0.0705867
0.0537167
0.04342
0.0442033
0.03223
0.0503333
0.0397333
0
0
0.0002
0.0002
0.00035
0.01725
0.0104667
0.00198667
0
0.00149
0.00851
0.00099
0.000236667
0.04
0.0230233
0.000736667
0.0317667
0.0473667
0
0
0
0
0.00372333
0
0
0.00768
0.00433
0
0
0
0
0.0169433
0.0108467
0.000923333
0
0.000923333
0.00196667
0.0126733
0.0142967
0.00369667
0.00104333
0.0028
0.0123567
0.0174633
0.000423333
0.03092
0.0310833
0.0144633
0.0426267
0.0509633
0.0276467
0.05842
0.0618867
0.0440167
0.0214633
0.0085
0.0286333
0.0339433
0.0466067
0.02867
0.303167
0.373923
0.12355
0.15844
0.230913
0.344657
0.355477
0.133333
0.371493
0.398987
0.610383
0.08754
0.0660533
0.0198967
0.179027
0.143453
0.000723333
0.00233
0.1158
0.166507
0
0
0.05911
0
0.0168767
0.0364467
0.04624
0.0459333
0.0472267
0.0279833
0.0273833
0
0
0
0
0.00566667
0
0
0.00698333
0
0.0369067
0.0605067
0.0335133
0.0477833
0.02219
0
0
0.0203
0.00366667
0
0
0
0
0.02007
0.00359
0.00211333
0.000413333
0
0
0.000283333
0
0
0.0113567
0.0215667
0.03664
0.0351367
0.0387633
0.0196267
0.0660267
0.0701867
0.04929
0.03279
0.0351933
0.00236333
0.00340667
0.00542
0.00612667
0.0728667
0.0311933
0.0503733
0.00218667
0.00198667
0
0.0258433
0.02474
0.0131533
0.00451
0.0232733
0.00418333
0.0244133
0.0128267
0.00743
0.02264
0.0237667
0.00669333
0.00480333
0.00839333
0.00344
0.0017
0.000633333
0.00182333
0.0017
0.00947
0.00426667
0.000123333
0.000123333
0.0275267
0
0.0324667
0.0104967
0.000923333
0.03788
0.01154
0.01293
0.0207333
0.0154667
0.0191433
0.01457
0.0199033
0.0132867
0.00883333
0.00765
0.0134967
0.0397367
0.0462033
0.0530833
0.0399967
0.0700667
0.0149
0.02635
0.03077
0.0246533
0.00924
0.1486
0.27651
0.18885
0.326613
0.53975
0.297983
0.220753
0.740327
0.11864
0.0616933
0.0856333
0.328153
0.03108
0.0923333
0.187547
0.12869
0
0
0.03018
0
0
0.02438
0
0.01499
0
0.03204
0
0
0.0333867
0.03296
0
0.0142467
0
0
0.00661333
0
0
0.00249333
0.00947667
0.0027
0
0.00453667
0.00792
0.00214333
0.00209667
0.00026
0
0
0.00016
0
0.00212667
0.00029
0.00016
0.0287233
0.00143
0.00359333
0.0176533
0.01841
0.0157167
0.01779
0.0325767
0.0380467
0.0275933
0.0214233
0.0479333
0.000176667
0.00160667
0.04706
0.0678333
0.04775
0.0338733
0.0492133
0.0516233
0.00224667
0.00456
0.04436
0.04631
0.0379533
0.00136333
0.0352633
0.03804
0.0332267
0.01599
0.0167867
0.00083
0.00805667
0.00772
0.00942
0.00680667
0.00603333
0.0253
0.000413333
0.02152
0.0153533
0.00998667
0.02354
0.0311633
0.0367
0.02671
0.0223867
0.00578
0.00669667
0.0148133
0.0248167
0.00425
0.0109233
0.0114867
0.00836333
0.0143767
0.0202867
0.0144333
0.03372
0.07045
0.0831267
0.00319667
0.0122367
0.0236867
0.0873
0.07424
0.0419267
0.00470333
0.00358333
0.01343
0.0104667
0.0130433
0.29293
0.219713
0.312413
0.165737
0.612313
0.426167
0.43903
0.01792
0.15875
0.0964067
0.05393
0.00513
0.259647
0.26945
0.00484667
0.00044
0
0.149067
0
0.0829967
0.0266967
0.0212033
0.01207
0
0.02972
0
0.03173
0
0.0336233
0.0161
0.0107167
0
0.00308333
0.000946667
0.00503
0.00207667
0
0.00728
0.0031
0.00747
0.00476667
0.00339
0.00366
0.00207667
0
0.00168333
0.00158333
0.0123967
0.0234
0.0193367
0.0159067
0.0100133
0.0214233
0.00251333
0.0002
0.0002
0.000156667
0.000333333
0.00470667
0.00343333
0.0133333
0.03363
0.0265867
0.000883333
0.00319667
0.00231333
0.02258
0.0244333
0
0.01547
0.02278
0.000196667
0.000196667
0.0128667
0.000196667
0.00413667
0.00046
0.00160333
0.000413333
0.00223333
0.00705667
0.00578
0.00365667
0.02662
0.0158233
0.0371533
0.0371733
0.00725667
0.00753
0.01178
0.00509333
0.0147133
0.0206067
0.0252133
0.0244833
0.0584633
0.03973
0.07915
0.0172233
0.0892167
0.176363
0.237963
0.108877
0.117203
0.0949667
0.15946
0.125857
0.205677
0.190757
0.04198
0.0630967
0.00839333
0.00398667
0.25835
0.00354667
0
0.0795133
0
0
0.00749333
0
0
0.00775
0
0
0.0134
0.00826333
0.00018
0
0
0.00907
0.00575667
0.00018
0
0.00804667
0.0137067
0.0320833
0.03591
0.0398333
0.00840333
0.0199433
0.00168333
0.0284667
0.03519
0.0153
0.00358
0.0286567
0.02606
0.0250533
0.00431
0.0247
0.01695
0.0340333
0.0502133
0.0418833
0.0114367
0.0154167
0.0113233
0.03199
0
0.03923
0.0209667
0
0.0135467
0
0.00277667
0.00535333
0
0
0.000256667
0.00135667
0.00393333
0
0
0.00018
0.00367667
0.00187
0.00169
0.000826667
0.0330433
0.0136033
0.0216567
0.0618667
0.0343
0.01899
0.0515967
0.0235367
0.00769667
0.00267333
0.0255167
0.0154133
0.01866
0.00860667
0.00398
0.00451333
0.00836333
0.00277667
0.00606
0.01463
0.0181333
0.0397133
0
0
0.0001
0.00267667
0.0442733
0.0730833
0.0827167
0.06545
0.0303933
0.0244633
0.00265333
0.00174
0
0.00062
0.00062
0.00062
0.134267
0.111907
0.13912
0.117363
0.0571567
0.10363
0.0330633
0.0420433
0.06185
0.142317
0.0698067
0.0406133
0.26386
0.19907
0.24701
0.134243
0.08228
0
0.0200467
0.00548333
0
0.00574
0
0
0.00707
0.00193333
0.00904333
0.0186533
0.00113
0.00785
0.00018
0.0114167
0.01861
0.0258067
0.02473
0
0
0.00269667
0.00269667
0.01432
0.01178
0.0128333
0.0636933
0.06836
0.0469133
0.02579
0
0.0119167
0.0250267
0.02774
0.0344133
0
0.01731
0.0147067
0
0
0.00368
0.0011
0
0.00018
0.00177
0.000303333
0.00018
0.00199333
0.00259667
0.000246667
0.0220033
0.0120367
0.0606133
0.03964
0.0023
0.00092
0.0132933
0.0775767
0.0701967
0.0649133
0.00139333
0.000896667
0.0469567
0.00348333
0.0001
0.00348333
0.0002
0.0003
0.0002
0.0107067
0
0
0.0122533
0.0207367
0.000913333
0
0
0
0.0867233
0.11199
0.15714
0.0565967
0.0849167
0.0796267
0.106937
0.119137
0.0969467
0.05306
0.00366667
0.02052
0.00012
0.00012
0.0145633
0
0
0
0
0
0
0.000603333
0.00124667
0.000643333
0.00078
0.00142333
0.00173
0.00095
0.0116367
0.0177133
0.00845
0.02165
0.0114967
0.01532
0.01972
0.0441633
0
0
0.0698167
0.0578067
0
0.0438567
0.0280267
0.0131433
0
0
0.03279
0.0158367
0
0.00909667
0.0027
0.00017
0.00012
0.00651667
0.00194
0
0
0.01036
0.000123333
0
0.03542
0.0295967
0.0488
0.000796667
0
0.000796667
0.0001
0
0.0437033
0
0.0001
0.0191567
0.0155533
0.01593
0
0.0001
0.0001
0.0001
0.03278
0.0149433
0.0281967
0.0494333
0.0321167
0.0217133
0.0548833
0.0420467
0.0461133
0.0101433
0.00858333
0.000913333
0.18701
0.223533
0.175727
0.162787
0.15868
0.152287
0.187043
0.127807
0.152357
0.116187
0.15978
0.02441
0.120883
0.09624
0.05523
0.00012
0.01764
0.00729333
0.00307667
0
0
0
0
0
0
0
0
0
0
0
0
0
0
0.00244333
0.00514
0.0244333
0.0336133
0.03989
0
0
0
0.0398533
0.0634367
0
0.03342
0.05224
0.03355
0.00138333
0.00017
0.0140167
0.000103333
0.00772333
0.0219867
0.00980333
0.000103333
0.0283667
0
0
0
0.03303
0.0522233
0
0.03165
0.0338967
0
0
0.00763333
0.00864667
0.00427667
0.0151633
0
0
0
0.02534
0.0439433
0
0
0.0550233
0.02909
0.0102033
0.00625333
0.00265
0
0
0.239157
0.22766
0.249223
0.264183
0.2099
0.20067
0.124717
0.136487
0.165
0.03294
0.0274333
0.0269833
0.0448833
0.00205
0.0016
0.00254
0.00057
0.00057
0.00618667
0.00197
0.00197
0
0
0.00394
0.0232333
0.03297
0.0142033
0.01097
0
0
0
0
0.01559
0.0106633
0.02208
0
0
0.03676
0.0350667
0.00206333
0.00906
0.01432
0.00327667
0.00815667
0.0231233
0.000536667
0.0334133
0.000103333
0
0.0226467
0
0.0067
0.01393
0
0
0.00482
0.00273333
0.00568333
0
0
0
0.00243667
0.00121
0.00203667
0
0
0
0.0534933
0.05094
0.0361533
0.00757667
0.00377667
0.00378
0.000176667
0
0
0.23919
0.257947
0.2015
0.232837
0.155567
0.214777
0.202737
0.106507
0.0865133
0.0871833
0.0515633
0.0479167
0
0
0
0.00149667
0.0220967
0.0253033
0.0182933
0
0.0405567
0.0416967
0.0378733
0.0163033
0.00343
0.00206333
0.0103467
0.00479667
0.0232767
0.00243667
0.000433333
0.0404833
0
0
0.0125067
0.0233367
0.00458667
0
0
0
0.00951333
0.00983667
0
0
0
0.00362333
0.01604
0
0
0
0.0331133
0.01718
0.00749
0.000176667
0.000176667
0
0
0
0
0
0.00149667
0.00280333
0
0
0.0132233
0.0124433
0.01684
0
0
0.0641233
0.000123333
0.0610067
0.00149
0.02373
0.05282
0.00426667
0.01869
0.02399
0.00294667
0.0268367
0.0201067
0.0323433
0
0.000943333
0.0174167
0.0133333
0.00608667
0
0
0.00941
0.01354
0
0
0.03407
0.02991
0.0289633
0.00807
0
0
0
0.00949333
0
0.03213
0.0502
0.04863
0.03356
0.00404333
0.000526667
0.000353333
0
0
0
0
0
0
0
0.000133333
0.000133333
0
0
0.00302
0.00419333
0.01792
0.0222467
0
0
0.0383033
0.04293
0.00037
0.000123333
0.0546133
0.0637167
0.0581467
0.00595667
0.00314667
0.0293233
0.0189567
0.00321333
0.01564
0.00992333
0.000943333
0.0203167
0.000943333
0
0
0.0170167
0
0.0119167
0.0115567
0
0
0
0
0
0
0.0414633
0.02158
0.0105033
0
0
0.0145533
0.0435033
0.0338567
0.0254833
0.00565667
0.00214
0.000353333
0
0
0
0
0
0.00175
0.00175
0.00278
0.00103
0.00103
0.000346667
0
0.000593333
0.05585
0.0656467
0.00821667
0.0489867
0.0401633
0.0659267
0.0108033
0.0186933
0.0156333
0.0192433
0.00432333
0.0201133
0
0.00205333
0
0.0299133
0
0.0393267
0.0342033
0
0
0.03359
0.0309167
0
0.0175267
0.00975333
0.00939333
0
0
0.01964
0.0384967
0
0
0.0468367
0
0
0
0
0.0129633
0.0149267
0.0262967
0
0
0.00208
0.01259
0
0.01329
0.0170433
0.00653333
0.00647333
0.00097
0.00107
0.000233333
0
0
0.00261667
0.00540333
0.03289
0.00234
0.000346667
0.0442333
0.0687367
0.06125
0.0297933
0.00996333
0.0539667
0.0319067
0.0138267
0.0387567
0.0364867
0.00849667
0.0313133
0.00205333
0
0
0.0335167
0.0310667
0
0
0
0.0169767
0
0.0167233
0.0277267
0.01442
0
0
0
0
0.00123333
0.00153
0.00349333
0.00336667
0.0152567
0.01407
0.00178667
0
0
0
0
0.00033
0.02211
0.0429367
0
0
0
0
0.03717
0.03719
0.0170033
0.0116
0
0.0029
0.00199333
0.07901
0.0391467
0.0230767
0.0582367
0.04068
0.0141
0.0319867
0.0481333
0.00725333
0.0266567
0.00081
0.0194467
0
0
0
0.0135267
0
0
0.01288
0.00478
0
0
0.0151267
0.0135667
0
0
0
0
0.00218
0.00178667
0
0
0.0116
0.01063
0
0.00248333
0.01666
0.000906667
0.05405
0.04428
0.00478
0.0447333
0.0637733
0.0228433
0.0394267
0.0275333
0.0166533
0.00888333
0.02769
0.00962667
0.00203667
0.00671333
0.00109333
0.00125667
0.00324333
0.000163333
0.000163333
0.00274333
0
0
0.00218333
0.00396667
0
0.00194
0.000553333
0.000396667
0
0.000223333
0
0.000393333
0.000393333
0
0
0
0
0.000303333
0.00142
0.0123867
0.04545
0
0
0.02433
0.04471
0.0113067
0.00042
0
0.02089
0.0330433
0.00429333
0.0273467
0.0114833
0.00598333
0.00777
0.00609333
0.00268333
0.00857333
0.00596
0.00268333
0.00387
0.00421667
0.00277667
0.00056
0.00160333
0.00056
0
0
0
0
0
0
0
0.000156667
0.00033
0.00120333
0.00103
0
0
0
0
0
0.000303333
0.000303333
0
0
0.00142
0.00215667
0.0134267
0.0253333
0.0168633
0.0085
0.0134133
0.0123033
0.01399
0.0233467
0.01688
0.01063
0.0285233
0.0337633
0.0129267
0.0116133
0.0150967
0.0231767
0.02098
0.0241133
0.000386667
0
0
0
0.00160333
0
0
0
0
0
0.00913667
0.0101667
0.00187
0.00084
0
0
0
0
0
0
0.000226667
0
0
0.00126667
0.00433
0.0171267
0.000236667
0.0067
0.0190633
0.000656667
0.0239267
0.00199
0.0208067
0.0301
0.0114333
0.0120133
0.0282833
0.0379667
0.0443333
0.00406333
0.00367667
0.0214433
0.0229367
0.000496667
0.00272333
0.000496667
0
0
0
0
0
0
0.000726667
0
0
0
0
0.000726667
0.00969
0.0315767
0.0234533
0.00084
0
0
0
0
0
0
0
0
0.00046
0
0.00352333
0.00764333
0.00038
0.01027
0.00171333
0.0518633
0.0421267
0.0228133
0.0460867
0.01906
0.00290667
0.0142267
0.0234133
0.0108567
0.00273333
0.00813333
0.00987667
0.0361933
0.0189867
0.01412
0.0102767
0.0283333
0.01094
0.00112
0.00178333
0.00319
0.00269333
0.00110667
0.000356667
0
0
0.02351
0.0568967
0.06466
0.0387067
0.01748
0.00119667
0
0
0
0
0
0
0
0
0
0.000233333
0.0236967
0.00201
0.000143333
0.0481567
0.0263233
0.0125433
0.0717167
0.0444667
0.01201
0.0789067
0.07425
0.01449
0.0142933
0.06048
0.00346333
0.00589
0.00907
0.0148833
0.0322567
0.0287967
0.01065
0.0334267
0.0098
0.0236833
0.000966667
0.0159333
0.000303333
0.000303333
0.00269333
0
0.00038
0.01664
0.0149267
0.07198
0.00111333
0.00191667
0.000803333
0.00119
0.00199333
0.00119
0
0.00410333
0.00433667
0.02707
0.0420833
0.0750367
0.0763033
0.08603
0.0666467
0.0331967
0.01397
0.00385667
0.00394
0.0401367
0.00341333
0.00372667
0.0551767
0.0519267
0.00250667
0.0516667
0.00221333
0.00216667
0.0422333
0.00101333
0.0362033
0
0.000303333
0.02346
0
0
0.000646667
0.0181933
0.0144667
0.05464
0.05204
0.0348267
0.0668167
0.0184067
0.0162833
0.00111333
0
0.00119
0
0.00194
0
0.00716333
0.0298967
0.0124133
0.00380667
0.0874467
0.0309633
0.0944533
0.03289
0.09179
0.0401633
0.0212033
0.0381333
0.01067
0.02311
0.00153
0.00044
0.0149467
0.00314333
0.00984
0.0147167
0.0235333
0.0531467
0.00071
0.0548667
0
0
0.02261
0.00207667
0.00212333
0
0.0005
0.00071
0.00458333
0.0207367
0.0211633
0.02165
0.0144933
0.0330367
0.0238633
0.0113633
0.000443333
0.00143
0
0.00306
0.00206667
0.04938
0.01993
0.0106733
0.0919167
0.0402933
0.0453
0.08898
0.0432433
0.0547167
0.0232367
0.0293833
0.00962333
0.00656333
0.0169133
0.0101167
0.02337
0.0247867
0.0406533
0.0558567
0.01355
0.0578667
0.0569267
0.0124567
0.0462967
0.05195
0.000106667
0.000816667
0.05367
0.03803
0
0.0278867
0.0240133
0.00348
0.00233667
0.00212333
0.00212333
0.0167967
0.0168
0.0187567
0.0424067
0.0228633
0.0109633
0.00038
0.000546667
0
0
0.00306
0.00184
0.00392667
0.0275133
0.0128867
0.02088
0.0807933
0.03293
0.0601067
0.0841367
0.0222167
0.05983
0.01605
0.03602
0.00825333
0.0342033
0.0189567
0.0423067
0.0591367
0.00268333
0.0143233
0.0506967
0.000106667
0.0184067
0.00826333
0.00163667
0.00021
0.000443333
0.000376667
0.00038
0.0293233
0.0360833
0.0326867
0.01783
0.0124433
0.00227
0.00172667
0.00443667
0.00079
0
0.00337667
0.0125333
0.00483667
0.0311067
0.0175933
0.01753
0.0243867
0.04185
0.0393
0.00211
0.01023
0.0279633
0.00320333
0.00320333
0.00993333
0.00800667
0.00316
0.0147033
0.02345
0.03028
0.0302067
0.0407267
0.0245833
0.03865
0.04588
0.0576367
0.03761
0.0153067
0
0
0
0.00254667
0.00140333
0.00140333
0
0.000166667
0.000166667
0.000166667
0.00513333
0.0106033
0.01385
0.00599333
0.00271667
0.00542667
0.00855333
0.00237667
0.000376667
0.00781
0.00451
0.000376667
0.0303633
0.005
0.0522033
0.0328833
0.0329633
0.0351033
0.0322567
0.00272
0.01235
0.0440467
0.0131533
0.0113667
0.0467067
0.0519833
0.00278667
0.0546167
0.00257667
0
0.0631833
0.0488333
0
0
0.00401333
0.00139667
0
0
0
0
0
0
0.00893
0.00779
0.00767333
0.00677667
0.0261433
0.0241167
0.000896667
0.000196667
0.00095
0.000573333
0.00488667
0.0277
0.0309633
0.05443
0.03189
0.0704833
0.0135233
0.00597333
0.0309867
0.00192333
0.0182133
0.000296667
0.0242733
0.00215667
0.00487667
0.0180533
0.0253533
0.03474
0.0155667
0.0528333
0.001
0.00021
0
0.0371167
0
0
0.0146
0.000253333
0
0
0
0
0.00270333
0.00931333
0.0282533
0.000896667
0.000896667
0.0483233
0.0329533
0.04479
0.000196667
0.00249333
0.0288567
0.00287
0.0387067
0.0294433
0.0841333
0.00513
0.06615
0.0318133
0.01904
0.00108
0.000296667
0.0352067
0.04184
0.00215667
0.04648
0.00385333
0.02433
0.0264267
0.0429867
0.0262167
0.01318
0.03458
0.000336667
0.00112667
0.04784
0.0428967
0
0
0.0556067
0.05037
0
0.0121067
0.000376667
0
0.00504667
0.0246967
0.00199333
0.000303333
0
0
0
0
0
0.0394
0.04375
0.0335767
0.0130033
0.05444
0.0334667
0.0188633
0.0452767
0.02901
0.0721033
0.0165567
0.0123733
0.00210667
0.00540333
0.01239
0.0218667
0.000336667
0
0.03403
0
0
0
0.0331133
0.0173667
0.0001
0
0.000223333
0.0001
0.000303333
0
0
0
0.0236733
0
0
0.01969
0.0299233
0.0109633
0.01326
0.0302867
0.03934
0.0296533
0.0355667
0.02279
0.0492767
0.04481
0.0496533
0.01089
0.00673333
0.0280433
0.00859333
0.00396667
0.02304
0.00264333
0.0348433
0.0145233
0.00047
0.00398333
0.000523333
0.0125767
0.0120833
0
0
0.03926
0
0.0531633
0.0433867
0.03109
0
0.00921
0.00644
0.00335
0.00296667
0.000606667
0.000506667
0
0.00433
0.00335667
0.000303333
0
0.00499667
0.00209333
0
0.00772667
0.0105367
0.0359033
0.01869
0.08308
0.0452033
0.0382267
0.08339
0.0761967
0.03879
0.0427067
0.0344833
0.03749
0.0407067
0.0218233
0.01891
0.0343767
0.01563
0.0111967
0.00283667
0.00247
0.00047
0.00154667
0.00964667
0
0.02466
0
0.0583167
0.0466
0.000506667
0
0
0.01418
0.0111133
0
0
0
0
0
0.00140667
0.00155667
0.00127667
0
0.01943
0.01631
0.0366433
0.0423667
0.02435
0.0795033
0.0203433
0.0308433
0.03182
0.0346967
0.00713667
0.00262
0.00579667
0.0465667
0.0469067
0.04863
0.0395167
0.00394
0.00369
0.00194667
0.00219667
0.0102633
0.00190333
0.00194667
0
0
0.0375833
0.000986667
0.0483633
0.0501033
0.0342
0.00935667
0.00149333
0
0
0
0
0
0
0
0
0.00026
0.00041
0.00013
0
0.00094
0.00891333
0.0164667
0.0126433
0.0152233
0.0289767
0.0187033
0.0232633
0.0974067
0.05239
0.0863833
0.108177
0.01194
0.0557833
0.03116
0.000513333
0.0303233
0.0474533
0
0.03673
0
0.01705
0.00171
0.00172333
0.00299333
0.0238367
0.000986667
0
0.0431367
0.0684967
0.0656333
0.0337967
0.0157867
0.0704167
0.0656467
0.0496233
0
0
0
0
0
0.00373
0
0.00386
0.00379
0.0124933
0.00761333
0.0223533
0.0575433
0.01418
0.0807667
0.00421
0.00472667
0.03437
0.0174267
0.00783667
0.0198167
0.00361667
0.00081
0.0252467
0.0423767
0
0.0370333
0
0
0.00944
0
0
0.00246
0
0
0.00247333
0
0
0.00172
0.000986667
0.06241
0.05454
0.03759
0.0193267
0.00865667
0
0
0
0.00133
0
0
0
0.000713333
0.000713333
0.00506
0.00667
0.0201
0.00880667
0.0328033
0.0179667
0.0409133
0.03372
0.0568733
0.04359
0.0035
0.0351733
0.00983333
0.00842333
0.01345
0.02505
0.000296667
0.02692
0.0257767
0
0
0.0158
0.00788667
0.0019
0.0019
0.00276333
0.00247333
0.00230667
0.00297
0.000863333
0.02315
0.0360767
0.0531733
0.0144967
0.00284
0.0532233
0
0
0
0
0
0
0
0
0
0.00173333
0.000713333
0.00667
0.01396
0.0106333
0.0126267
0.0328533
0.03307
0.03819
0.0349433
0.06948
0.108903
0.0145033
0.0123
0.04765
0.0871433
0.00110333
0.0343667
0.0337233
0.0276567
0.0161967
0.04101
0.0126267
0.00204667
0.00211667
0.0119367
0.00401667
0.00488
0.000906667
0.00075
0.02271
0.0398067
0.0431867
0.0473667
0.04315
0.0272267
0
0
0
0
0
0.000403333
0
0.00607
0.0140133
0.01983
0.03484
0.0405367
0.0306233
0.06218
0.05883
0.0808233
0.0343
0.0140533
0.0456133
0.0342733
0.0500833
0.0770467
0.0346233
0.0832733
0.04356
0.00300333
0.00337
0.00504667
0.00193
0.02173
0.00011
0.0215433
0.0049
0.000693333
0.0136367
0.00817
0.0375433
0.0315567
0.0175
0
0
0
0
0
0.000486667
0
0
0
0
0.00089
0.000236667
0.000113333
0.0114167
0.00818
0.0580267
0.0896667
0.0887367
0.0222233
0.119317
0.0110267
0.00895
0.10669
0.0954967
0.0139967
0.06199
0.07646
0.0564067
0.09936
0.0287333
0.0710967
0.04413
0.01349
0.00769333
0.0194567
0.0109167
0.04612
0.0284133
0.00191667
0.000253333
0.0304833
0.0405033
0.00626
0.0122067
0.02557
0.02825
0.0241233
0
0
0
0
0
0
0
0.00113
0
0.000366667
0.00049
0.00109667
0.03466
0.00867333
0.01166
0.04537
0.0643733
0.03119
0.0522633
0.04909
0.0663933
0.02051
0.04698
0.0369267
0.0627533
0.0613633
0.0849333
0.04628
0.0135767
0.0340667
0.0553267
0.01404
0.0270167
0.0125933
0.0423067
0.03301
0.0373867
0.0453967
0.000253333
0.00031
0.00243667
0.00041
0.00829333
0.0200067
0.0266
0
0
0
0
0.000636667
0
0
0
0
0.00128
0.000636667
0
0.000573333
0.00177333
0.00192333
0.00094
0.00551667
0.01061
0.00154667
0.02852
0.0330733
0.0486867
0.0330433
0.0197433
0.0118533
0.0425167
0.0384567
0.00757333
0.03085
0.0283767
0.0434633
0.0175467
0.0326467
0.0395333
0.04885
0.0214233
0.0118133
0.01141
0.01565
0.0134767
0.0028
0.04043
0.02579
0.000143333
0.0507333
0.0489367
0.00144
0.00357667
0.0220167
0.03259
0
0
0
0
0
0
0
0.000636667
0
0.000573333
0.0206033
0.0168533
0.0306767
0.03718
0.0184333
0.0385
0.0121133
0.0623233
0.0501533
0.0124533
0.0518
0.02227
0.0112667
0.000473333
0.01458
0.00698667
0.00695
0.00524333
0.01897
0.0138167
0.0113667
0.0128233
0.01182
0.0112133
0.00372667
0.01251
0.00483333
0.00714667
0.00440667
0.00265667
0
0.02899
0.0249633
0
0.00247667
0.00124
0.02721
0.0211167
0.0462533
0
0
0
0
0
0
0
0.00936
0
0
0
0
0
0.00999667
0
0.02557
0.01307
0.0136433
0.0343167
0.02305
0.0166233
0.0166433
0.02503
0.0125733
0.00417667
0.00402667
0.000946667
0.00416
0.00308
0.000436667
0.00353667
0.00243
0.00179667
0.00489333
0.00442
0
0.00265667
0
0
0.000163333
0.00347
0.0014
0.01064
0.134547
0.18239
0.150427
0.295477
0.345593
0.135973
0
0
0
0
0
0
0
0
0
0.0113333
0
0.01579
0.01329
0.0362433
0.02942
0.0405367
0.00749667
0.0230933
0.00498
0.0164567
0.00323
0.01205
0
0.000573333
0
0.00024
0.00024
0.0106733
0.0290733
0.0362033
0.00136
0.00136
0.0547633
0.00312333
0.0397767
0.0298
0.00176333
0.00176333
0
0.0149567
0.0132767
0.000163333
0.0165767
0.0109567
0.0164
0.01587
0.01628
0.0582867
0.0463433
0.0584733
0.0274467
0.0337933
0.146767
0.260067
0.24761
0.133187
0.112657
0.0684933
0.07484
0.135733
0.06306
0.0808967
0.298547
0.348863
0.143333
0.154197
0.0932
0.23318
0.170507
0
0
0
0
0
0
0
0.00443
0.000963333
0
0
0
0.00544
0.00346667
0
0
0.00022
0.0165633
0.0360267
0.0256833
0.0374233
0.01408
0.03464
0.00332333
0.01571
0.00424333
0.000573333
0
0.00362333
0
0.01211
0.00024
0.0618933
0.0691433
0.0812833
0.0300533
0.0526
0.000393333
0.0279367
0.01891
0.000556667
0.01108
0.0329533
0.0127567
0.0294267
0.0296033
0.000126667
0.000126667
0.000213333
0.00183333
0.000426667
0.00433667
0.000996667
0.00121
0.03931
0.0203367
0.00831333
0.00931
0.0136333
0.00532
0.10625
0.0314933
0.00728667
0.03784
0.19206
0.135517
0.04214
0.24913
0.0978867
0.175697
0.176333
0
0
0
0
0.228303
0.134633
0.20566
0.08022
0.06551
0.000963333
0
0
0
0
0.2225
0
0
0
0.0196633
0.0186533
0
0.000253333
0.02463
0.00246
0.00242667
0.0156367
0.00501667
0.00531
0.0221767
0.0113167
0.01635
0.01552
0.01415
0.00292667
0.000573333
0.00125667
0.000573333
0
0.000243333
0
0.00415667
0.00362333
0.00439667
0.0173833
0.0132267
0.02923
0.0133767
0.0534833
0.07434
0.00039
0.00039
0.07061
0
0
0.00260667
0.0249267
0.04894
0.003
0.0135233
0.0318967
0.00236333
0.00107333
0.000126667
0.00671
0.0120933
0.00171333
0.00559667
0.00358
0.00624667
0.000423333
0.00691333
0.00348
0.00837333
0.000296667
0.000296667
0.02995
0.0738133
0
0
0
0.139947
0.00287
0.00196667
0.0188367
0.15086
0.0671867
0.144107
0.0743233
0.108237
0
0
0
0
0
0
0.124083
0.114967
0
0
0
0
0
0.0897333
0.1043
0.00661
0.000963333
0
0
0.107083
0.173813
0.214863
0.162697
0.13018
0.0208333
0.000253333
0.166177
0.0433633
0.0115133
0.03437
0.0287033
0.01385
0.0179933
0.00966667
0.01309
0.00747333
0.0129967
0.0205967
0.00056
0.0142433
0.000233333
0.0174
0
0
0.00745333
0
0.000243333
0
0.0207433
0.03905
0.04588
0.0243633
0.00120667
0.0121933
0.000816667
0.00423333
0.0335633
0.0147567
0.0191467
0.03788
0.0409867
0.03133
0.0127467
0.00152333
0.00586
0.00728667
0.0227467
0.0097
0.01653
0.02259
0.0169133
0.01558
0.01126
0.00262333
0.00292
0
0.0874133
0
0.136707
0.138623
0.000903333
0
0
0
0
0.117653
0
0
0
0.0207867
0.0640867
0
0
0.0210467
0.0359367
0.32744
0.21385
0.227007
0.00633667
0.0628767
0.0951167
0.178087
0.0315133
0.01798
0.000253333
0.00095
0.0465733
0.0100033
0.218887
0.223217
0.0366567
0.0325767
0.0367767
0.00401333
0.0238667
0.00234333
0.000693333
0.00623333
0.00178667
0
0.00594333
0.01902
0.00168333
0.03914
0.0188033
0.0299667
0.0487633
0.0669433
0.00333333
0.01432
0.00268
0.02882
0.05603
0.00179
0.00281333
0.00964667
0.0101533
0.0153367
0.0395
0.0332567
0.0310267
0.01163
0.00621333
0.00665667
0.0155267
0.01056
0.02994
0.0469267
0.0362833
0.0340267
0.00516667
0.01916
0.0302467
0.0112833
0
0.00262333
0.00243
0
0.00949667
0.00593333
0
0
0.0431433
0
0.149287
0
0
0
0
0
0.000903333
0.180093
0
0
0
0.000903333
0.13183
0.08197
0.000166667
0.000166667
0
0
0
0
0.00198
0.00589667
0.0543133
0.000856667
0
0
0.307103
0.194327
0.000696667
0.448217
0.256937
0.482957
0.0243233
0.0156833
0.109767
0.1561
0.0455333
0.0341567
0.218973
0.0306833
0.0235933
0.0110033
0.0169767
0.0102533
0.0399267
0.04299
0.00278
0.00265
0.0374433
0.00188667
0.00318
0.00879667
0.00308
0.0161567
0.00045
0.00254333
0.0627667
0.0227433
0.0137067
0.0606767
0.0464267
0.0423633
0.0190633
0.02116
0.0131
0.00437333
0.00196333
0.00129333
0.0145567
0.0340133
0.00672
0.0137267
0.00656667
0.00729333
0.0201233
0.00199333
0.0101
0.01997
0.00280333
0.0161
0.0383433
0.03088
0.000246667
0.00279
0.000353333
0.0312
0.00014
0.00014
0.00268333
0.0208467
0.00329667
0
0.00384333
0
0
0.0609267
0.125217
0
0
0
0
0
0
0
0
0
0
0
0
0
0
0
0.000166667
0
0
0
0
0
0
0.0630267
0.0471167
0.120083
0.00420667
0.17389
0.00106667
0.00176333
0.665993
0.590573
0.0204833
0.0657367
0.18935
0.139937
0.396793
0.02611
0.02073
0.00487
0.171387
0.292297
0.277133
0.151763
0.0188667
0.0247367
0.354787
0.0229133
0.0360833
0.04623
0.0294767
0.0134433
0.0391467
0.00764
0.0387167
0.0400767
0.02117
0.00325667
0.0177967
0.00045
0
0.0442867
0.00086
0.00130333
0.0120233
0.0185467
0.04433
0.0392633
0.0385833
0.01069
0.00298333
0.0142767
0
0
0
0.000153333
0
0.000133333
0.00607667
0.000153333
0.00619333
0.0119567
0.000106667
0.00026
0.0176267
0.0285367
0
0.000106667
0.000213333
0.000106667
0.0133267
0
0
0.0199233
0.0452533
0.0220733
0
0.0820433
0.05046
0
0
0
0
0
0
0
0.125187
0.254557
0
0
0
0
0
0
0
0
0
0
0.28236
0.367593
0.000283333
0
0.00238
0.00172667
0.248677
0.00561333
0.00158
0.0488233
0.18567
0.0529533
0.0121367
0.0114767
0.0204933
0.489577
0.0316333
0.43135
0.66581
0.0209833
0.01368
0.131553
0.0724433
0.171713
0.101907
0.309147
0.251443
0.01773
0.0151933
0.01617
0.0160933
0.03386
0.0337333
0.0176933
0.0310767
0.0338933
0.00647667
0.00867
0.01729
0.01783
0.00569667
0.0155467
0.0160433
0.0137933
0.00322
0.02008
0.00280667
0.0128933
0
0.0416333
0.0006
0.000443333
0.0457333
0.00798333
0.0442
0.0175667
0.0101467
0.0245067
0.00910333
0.000213333
0.00196
0.00757667
0.0189767
0
0
0
0
0
0
0
0.00192333
0.00786667
0.0261733
0
0
0.0301467
0.0304633
0
0
0.01438
0
0
0.0191467
0.0134333
0
0.0124133
0
0
0.0148733
0
0.0151967
0.0378
0.04198
0
0.0660633
0.000913333
0
0
0
0
0.00017
0
0
0.08457
0.00392667
0.000913333
0.00017
0.00173667
0
0.00061
0.00344333
0.00301333
0.00156667
0.000296667
0.00018
0
0.00184
0.00144
0
0.422633
0.00942333
0.00316667
0.000233333
0.000233333
0.305587
0.0259267
0.0297867
0.000736667
0.0666833
0.18006
0.00665
0.02533
0.07148
0.377007
0.0472033
0.03982
0.0367733
0.47782
0.0140533
0.0189467
0.11716
0.0947
0.2167
0.00833667
0.133387
0.22305
0.17761
0.0923933
0.01118
0.17724
0.189503
0.0350667
0.03801
0.0328733
0.0140633
0.0341033
0.03923
0.000413333
0
0
0.0129467
0
0.0151967
0.0136167
0.000156667
0.0197967
0.0105233
0.00827333
0.01384
0.00125667
0.00645667
0
0
0.00182667
0
0
0.00319667
0.0031
0.0221067
0.00013
0
0.03914
0.00259667
0.03295
0.0434767
0.02336
0.00429667
0.00246667
0.0162633
0.0115733
0.00284333
0.0219067
0.00183
0.00397667
0.00268667
0.00101333
0.00232
0.00908667
0.0207267
0
0.0573967
0
0
0.0628033
0.0671733
0.00170667
0
0
0
0
0.06359
0.00902667
0.00262
0.00892
0.00170667
0.00017
0.00317333
0.00160667
0
0.01205
0.00574
0.0134333
0.0918967
0.0148633
0.00196667
0.02203
0
0.21874
0.00161333
0.00978333
0
0.24884
0.00479333
0.00558333
0.339697
0.00691
0.0403
0.0390333
0.0457
0.00889333
0.04158
0.08352
0.01318
0.0519133
0.175343
0.0488633
0.0594633
0.148683
0.0588833
0.0465867
0.0545433
0.0273867
0.0158433
0.0230933
0.102983
0.00780667
0.00522667
0.00229667
0.0240867
0.000826667
0.0355533
0.000413333
0.00124
0.0342633
0.000413333
0.03671
0.000413333
0.0163767
0.00963
0.00319333
0.00184667
0.000156667
0.00299667
0.00115
0
0.000733333
0.000733333
0.00089
0.00159
0
0.00148333
0
0
0.00120333
0.00120333
0.0127833
0.0134067
0.000106667
0.000106667
0.00483
0.00147
0.00013
0.0219133
0.0138967
0.0134233
0.00393667
0.03162
0.03217
0.02878
0.00572
0.0111
0.00101333
0.02572
0
0
0.0398933
0.000396667
0.000303333
0.0007
0.000303333
0.00145667
0.00145667
0.00807667
0
0
0.05146
0.00800667
0.00170667
0.00289333
0.0138167
0.019
0.0297133
0
0.03724
0.0548233
0.01672
0.0139267
0.0253867
0.03599
0.0438233
0
0.0224533
0.0403867
0.000123333
0.0386867
0.0614033
0.00960667
0.0228433
0.0293167
0.000843333
0.00072
0.0104933
0.01121
0.00072
0.09928
0.00244667
0.00553333
0.00745
0.00452
0.00834
0.0192533
0.00403333
0.217257
0.0208333
0.04976
0.00480667
0.174667
0.0798567
0.00375333
0.008
0.07496
0.09643
0.0241267
0.10695
0.0117467
0.0566267
0.09386
0.0113567
0.01173
0.0997133
0.03126
0.0665067
0.0480967
0.0436633
0.00297
0.0757033
0.0467067
0.0488
0.00919667
0.0399133
0.13319
0.147667
0.154233
0.11306
0.00686667
0.01574
0.00386333
0.00975667
0.01516
0
0.00821333
0
0.01585
0.0102367
0
0.00831667
0
0
0.00011
0.00145667
0
0
0
0
0
0.0168067
0.0152233
0.00317333
0.00148333
0
0.000303333
0.00150667
0.00158333
0.00169
0.0172567
0.00134
0.00740667
0.00312333
0.00333333
0.0263367
0.02806
0.02138
0.03034
0.01315
0.0300867
0.0407333
0.0511233
0.04741
0.0152333
0.0157267
0.04157
0.0153233
0.01076
0.0239067
0.0103367
0.00995
0.01276
0.00124667
0.01574
0.00057
0.00560667
0.000606667
0.00551333
0.000303333
0.000233333
0.0311033
0.000173333
0.0011
0.01896
0.00679
0.0125833
0.01462
0.0328933
0.0286367
0.00722667
0
0.0165367
0.0434333
0.0363167
0.0331333
0.0235433
0.03037
0.0379767
0.0296167
0.0308567
0.0451033
0.0188833
0.0738833
0.0228733
0.01387
0.00890333
0.01953
0.101003
0.0143133
0.00315667
0.0276867
0.00841333
0.0163267
0.00909333
0.106877
0.14411
0.00341
0.0478733
0.0908633
0.00107333
0.00114
0.06176
0.0605533
0.0922633
0.106747
0.03104
0.09064
0.187423
0.14625
0.129477
0.00118333
0.00482
0.000106667
0
0
0.00248667
0
0
0.00213667
0
0
0.00225
0
0
0.000113333
0.000223333
0
0
0
0
0
0
0
0
0
0.0124467
0.0259433
0.0221033
0.01176
0.00799667
0.0214933
0.00049
0.00358333
0.00169333
0.0105267
0.000243333
0.00182667
0.02192
0.0414333
0.0361467
0.000593333
0.00172333
0.00113
0.00666333
0.00344333
0.00457333
0.00678
0.00851
0.0126533
0.00767
0.0297333
0.0189667
0.0367867
0.03238
0.02021
0.0251067
0.00180667
0.01742
0.0352367
0.00975
0.0356533
0.00095
0.00549
0.000816667
0.000816667
0.000413333
0.000243333
0.000243333
0.00163333
0.0102633
0.0011
0.00469333
0.00429667
0.00942667
0.000243333
0.000233333
0.0114533
0.00245
0.000243333
0
0.000336667
0.0329867
0.00478667
0.00258
0.00152667
0.00119
0.00855
0.05166
0.00856
0.0458133
0.0323067
0.01724
0.00999333
0.00476667
0.00653667
0.01607
0.00692
0.0571
0.04443
0.01672
0.00852333
0.0246367
0.0394167
0.03069
0.0245667
0.00554667
0.0670733
0.02018
0.0359933
0.00388667
0.00231333
0.05
0.0196933
0.0120667
0.10509
0.13237
0.04132
0.02936
0.16975
0.16825
0.06394
0.15573
0.0313033
0.192667
0.21436
0.0284867
0.00216
0.0813333
0.13056
0.192713
0.00925667
0.00106333
0.00896667
0.00124667
0.000106667
0.000923333
0
0
0
0.000106667
0.00022
0
0
0
0
0
0
0.00259333
0.00862667
0.02699
0.02932
0.0304667
0.02508
0.00283667
0.00887
0.0201133
0.0140833
0.00591667
0.00283
0
0.000243333
0.00963333
0.0192533
0.03966
0
0
0
0.0261
0
0
0.00261667
0.00646667
0.00285
0.00108333
0.00806
0.0129933
0.00197333
0.02627
0.03307
0.00937
0.00276333
0.00116
0
0.0359233
0.0416467
0.03366
0.0626433
0.04955
0.0773233
0.0117933
0.02995
0.00841333
0.00116
0
0
0.0185333
0.01005
0.0121233
0.0156767
0.0242867
0.00596333
0
0
0.00260667
0.00118667
0.00222
0.00122667
0
0.00537
0.0118767
0.000156667
0.00389667
0.0468033
0.00273667
0.00378333
0.0529867
0.0113933
0.01686
0.0436267
0.03193
0.02554
0.0473367
0.05993
0.0369967
0.0786467
0.03705
0.00723333
0.0342333
0.0976733
0.0151433
0.0711133
0.04598
0.01503
0.0474467
0.0953967
0.00277667
0.0275267
0.02528
0.041
0.0304867
0.192703
0.18761
0.0101533
0.0306
0.02955
0.0904633
0.10829
0.17045
0.24142
0.03716
0.000106667
0.01701
0.000106667
0.00883333
0.00076
0.000466667
0
0.00076
0.00224667
0.00148667
0.00253667
0.000106667
0
0.000106667
0.00105
0.00105
0
0
0
0
0
0
0
0
0
0.00603333
0.00702667
0.0142433
0
0
0.0270733
0.0259367
0
0
0.0319567
0.0252267
0.00426667
0.00236
0.0105433
0
0
0.0326467
0
0.00379667
0.0243733
0
0.00014
0.00167333
0
0
0
0
0.000626667
0.000626667
0.00583667
0.01902
0.0209
0.00211333
0
0.00051
0
0
0
0.00686667
0.02445
0.0378533
0.0699033
0.0441967
0.0269967
0
0
0
0.0197367
0.0265167
0.0380367
0.01787
0.0483433
0
0.00972667
0.00440667
0
0.01279
0.00477667
0.00286667
0
0.000496667
0.000496667
0.00508333
0.0273033
0.01286
0.000156667
0.000156667
0.000496667
0.01558
0.0112
0.0206067
0.0109333
0
0.0528967
0.0108367
0.00218
0.0188967
0.0493833
0.0349
0
0
0.0244133
0.05297
0.04765
0.0423833
0.0246667
0.0537833
0.00048
0.0773167
0.103303
0.03767
0.0349067
0.03289
0.0483767
0.0273933
0.0345633
0.0160733
0.0234333
0.0848933
0.0555967
0.0154133
0.01675
0.0717633
0.0173567
0.00479667
0.00654667
0.131277
0.00272667
0.00896
0.0043
0.0108
0.01599
0.00525333
0.01356
0.00309333
0.02431
0.0352033
0.00497667
0.00120333
0.256747
0.203077
0.00120333
0.165283
0.253137
0
0
0
0
0.00836667
0.00076
0.00254
0
0.0136133
0.00402667
0
0.0128833
0
0
0.00115
0
0
0
0.0001
0
0.00025
0.00025
0.000166667
0.00377333
0.00377333
0.00606333
0.00245667
0.00831
0.00109333
0.00997667
0.0202333
0.0201167
0.000166667
0.000166667
0.02581
0.0367233
0
0
0
0.0265
0.00565667
0
0.0123567
0
0
0
0.00438667
0.0140533
0
0.00028
0.00240333
0
0
0.00014
0
0
0
0.000303333
0.00051
0
0
0
0
0.00830333
0.0223933
0.0195667
0
0
0.00224
0.00425667
0.00327
0.0532233
0.0446533
0.0544367
0.00491667
0.0038
0.0199767
0.0198
0
0
0.00011
0.0126033
0.01046
0.00235333
0.00374667
0.00361667
0.0119433
0.00274
0.00691333
0.00074
0.0210067
0.00751333
0.00527
0.000113333
0.0404167
0.00609333
0
0.00334333
0.0254533
0.0353767
0.0283967
0.01127
0.0327767
0.0236833
0.05916
0.0303767
0.0274833
0.06524
0.00048
0.05256
0.03814
0.01774
0.0117
0.00390333
0.0366833
0.05247
0.0519
0.02282
0.01726
0.0203767
0.0867067
0.00159333
0.00291333
0.104957
0.14154
0.00759333
0.00160333
0.0151633
0.01519
0.03406
0.143807
0.175507
0.1614
0.000123333
0.06104
0.111217
0.24677
0.0327667
0.0357733
0
0.0151567
0.000213333
0
0.00836667
0
0.00199333
0
0
0
0.0128733
0.00262667
0
0
0.00157667
0.0001
0.0265033
0.0285067
0.00818333
0.00257333
0.000116667
0.000843333
0
0
0.00192333
0.00192333
0.00553
0.000976667
0.00325
0.00397667
0.00378667
0.000886667
0.00147333
0
0
0
0
0.00334667
0.0103467
0
0
0.0364933
0.0367267
0.03221
0.01256
0.00596
0
0
0
0
0.00476667
0.00116
0
0.00212333
0.00255
0
0
0
0.00226333
0
0
0
0
0
0
0
0
0
0
0
0.00051
0
0
0
0
0
0
0
0
0
0.00218667
0.00364667
0.00146
0.000303333
0.000303333
0.00373667
0.00078
0.0004
0.0132367
0.00410333
0.0136933
0.00264333
0.00830333
0
0
0
0
0
0.00817333
0.0275367
0.00011
0.00011
0.00718
0.00755
0.00616
0.000946667
0.00894667
0.0245867
0.00166
0.0110567
0.00928
0.0014
0.02857
0.00998667
0.00929333
0.00883667
0.000626667
0.00756
0.0256
0.02127
0.01307
0.000626667
0.00934667
0.01841
0.0233
0.02764
0
0.0299233
0.0116867
0.01941
0.00933667
0.0420033
0.03935
0
0.01477
0.0362333
0
0.0194533
0.0292833
0
0.00951333
0.0296967
0.0429167
0
0.02409
0.00958667
0.0253133
0.0551733
0.0441867
0
0.0136233
0.000313333
0.0406133
0.00412667
0.00171667
0.00373667
0.0415167
0.00973
0.000896667
0.00595
0.00782667
0.0191133
0.00105
0
0.000153333
0
0.0363633
0.0464167
0.0169367
0.00830667
0.00147333
0.00294
0.00199
0.01967
0.0344667
0.0506
0.07898
0.07731
0.00170333
0.00165667
0.03949
0.10045
0.112503
0.13986
0.00746
0.00155667
0.00221333
0.01342
0.00078
0.00806
0
0.00679
0
0.00057
0
0.0217367
0.00235
0
0
0.0387967
0.0317267
0.00025
0
0.0105767
0.00172667
0.0206733
0
0
0
0.0251633
0.04368
0.00205333
0.00693667
0.0177167
0
0
0
0
0.0177767
0.0153633
0
0
0.00827667
0.0158133
0
0
0
0.0102067
0.01671
0.000733333
0
0
0
0.00014
0
0
0
0
0.00014
0
0
0
0
0
0
0
0
0
0
0
0
0
0
0
0
0
0
0
0
0.000583333
0
0.000453333
0
0
0
0.00357333
0.00576
0
0
0.00407667
0
0
0.00972667
0.01295
0
0.0332
0.0336567
0.000173333
0.0157433
0.000483333
0.0479133
0.02736
0.0287633
0.000173333
0.0247933
0.00203333
0.0440033
0.0273167
0
0.0381167
0.0114833
0.0325167
0.0158133
0
0.0231933
0.0330367
0.02501
0.0121667
0.0112167
0
0.0442867
0.01121
0.0204067
0
0.00769667
0.03352
0.0329633
0
0.0167433
0.02542
0.0323367
0
0.0180633
0
0.00668667
0.04077
0.02708
0
0
0.00676
0.0421
0.0332567
0.02542
0.0197067
0.0117633
0.0219267
0.000313333
0.000313333
0.0359667
0.0208333
0.00993
0.00484
0.00179333
0.00159667
0.00373667
0.000623333
0.000623333
0.0019
0.00127667
0.00154667
0.00207
0.00186
0
0.000523333
0.0159733
0.00804333
0.0016
0.00127
0.00181667
0.00967333
0.0021
0.00143667
0.01017
0.00143667
0.00238333
0.00127
0.00196
0.00160333
0
0.00012
0.00012
0.00012
0.03893
0.0213233
0
0.00025
0.0029
0.01175
0.0294633
0.0464133
0.00163333
0.0014
0
0.00114667
0.00213667
0.000213333
0.00264333
0.0220633
0.04993
0.0299967
0.0393033
0.04355
0.0101333
0.000233333
0.000233333
0.000253333
0.000486667
0.000253333
0.00525
0.01803
0
0
0
0
0
0
0.02196
0.00856
0
0
0
0
0
0.00892333
0.00958667
0
0
0
0
0
0
0
0
0
0.00498333
0.00336333
0
0
0
0
0
0
0
0
0
0
0.000173333
0.000173333
0.000123333
0.000123333
0
0
0.00773
0.00773
0.000516667
0.00824667
0.000516667
0
0
0
0
0
0
0
0.00288333
0.00283333
0.000123333
0
0
0
0
0
0
0.00984667
0.00913667
0.00212333
0
0
0.000453333
0
0
0
0
0
0.00365667
0.00283333
0.00163333
0.00117667
0.000456667
0
0.00956333
0
0.00972
0
0
0
0
0.00594333
0.00906
0.0112467
0.000283333
0.0378367
0.0537733
0
0
0.00689333
0.000766667
0.0188933
0.0106533
0.0622433
0
0.0409767
0.0369233
0.03736
0.05872
0.04568
0.0280033
0.0338333
0.05045
0.0660267
0.03001
0
0.00879667
0.00419
0.00110667
0.0395967
0.04574
0.0231867
0
0
0.00461333
0.02888
0.03229
0.0268733
0.00425
0.0150167
0.0115133
0.01076
0.00525
0.0057
0
0
0.03599
0.0185067
0
0.00432333
0.03732
0.0120133
0.000686667
0.01167
0.00139
0
0.00613
0.00221
0.00263333
0.00818
0.00156667
0
0
0.0107333
0.0215367
0.00796333
0.0275133
0.00826667
0.0227133
0.00284333
0.00156667
0
0
0.01666
0.00127667
0.000523333
0.000523333
0.0152933
0.00253667
0.00059
0.00208667
0.00329
0.00044
0.01066
0.000166667
0.00236667
0.0286933
0.00236667
0.00560667
0.02234
0.00352667
0.00196
0.00256667
0.0012
0.00012
0.00265
0.00399
0.0219533
0.0201467
0.0201733
0.0116467
0.00203
0.000883333
0.000883333
0.000213333
0.00072
0
0
0
0.000126667
0.00036
0.01121
0.02115
0.00106333
0
0
0
0.0376467
0.0417167
0.0335
0.0223167
0.00106333
0
0
0
0.0137467
0.00657333
0.01208
0.03039
0.02167
0.0220733
0.00336
0
0.00106333
0
0.00171333
0.00311667
0
0.00229667
0
0.01171
0.00312333
0
0
0
0
0
0
0
0
0
0
0
0
0
0
0
0
0.000646667
0.00254
0.00189333
0.00271333
0.00082
0.01409
0.00313333
0.00905
0.00208
0
0.00208
0
0
0
0
0
0
0
0
0
0
0
0.000503333
0.0125533
0.0273733
0.03168
0.00748667
0.0266133
0.00697
0
0
0
0
0
0
0
0
0
0
0
0
0
0.000146667
0.000146667
0.00063
0.000483333
0
0.000503333
0
0
0
0
0
0.00421
0.00508
0.00135333
0.00155
0.000196667
0.00037
0
0.000413333
0.000413333
0
0
0.000153333
0.000153333
0.00558333
0.00715
0.00308
0.00582667
0
0
0.00745333
0
0.000103333
0.000103333
0.00132333
0.01881
0.0229033
0.01067
0
0
0.0164333
0.00127333
0.0100567
0.00885667
0
0.02196
0.000283333
0.00726667
0.00708667
0.0149367
0.00912333
0.0219067
0.02017
0
0.00151667
0.0137733
0.000283333
0.0695267
0
0.00106
0.00351667
0.00351667
0.0124
0.01615
0.0632967
0.05633
0
0.0126933
0.0134033
0.0261833
0.02518
0.0386667
0.04747
0
0.0214533
0.0445467
0.0348633
0.0507767
0
0.0804667
0.0956067
0.0750733
0.0241633
0
0.00797333
0.00631333
0.00345
0
0.00300333
0.00410667
0
0.0205633
0.0388867
0.00816667
0.00632667
0
0.00889
0.00270333
0.01453
0.000443333
0.000893333
0.000893333
0
0.00881667
0.00998667
0.000136667
0.00103
0.000356667
0
0.0210067
0.000136667
0.00739
0.026
0.00463333
0.0241467
0.00192333
0.0195533
0.0258167
0.0448467
0.00180667
0.0245467
0.00195667
0.02413
0.000253333
0.0170367
0.02112
0.000253333
0.00782333
0.00853
0.0299533
0.0106267
0.0140333
0.04749
0.0529367
0.0243667
0.0361667
0.0154367
0.00529
0.00441
0.00188333
0.00409333
0.00310333
0.00183333
0.00317333
0.000843333
0.0122967
0.00112
0.00112
0
0.00112
0.00035
0.000223333
0.00757667
0.00756667
0.0177167
0.000883333
0.000506667
0.00132333
0.0122667
0.0213067
0.0340533
0.0314333
0.01974
0.0239667
0.00769333
0
0.00076
0
0.00716
0.0149767
0.0575833
0.0269533
0.0421633
0.00799667
0.04018
0.03376
0.03585
0
0
0.0077
0.0374533
0.0300533
0.05085
0.00598333
0.00049
0
0
0
0
0
0.000646667
0.00620667
0.0157467
0.00021
0.00046
0
0
0
0
0
0
0
0
0
0.00208
0
0
0
0
0.0422867
0.03295
0.0450633
0.0343333
0.0484767
0.0172867
0.0357267
0.00512
0.00591
0.00171
0.00141333
0.000296667
0.00434
0.00182667
0.000153333
0
0
0.000393333
0
0.000963333
0.00057
0.01104
0.0106167
0.02283
0.0128433
0.02868
0.0201933
0
0.0109267
0.00145667
0.00262667
0.00159667
0.000293333
0.000686667
0.0480867
0.0632433
0.0334567
0.0450567
0.0389
0.02361
0.0144633
0.0361
0.0143333
0.0134567
0.0120367
0.02733
0.01655
0.0337433
0.0488933
0.0507267
0.0200167
0.03068
0.03843
0.0223
0.02631
0.0202267
0
0.0224933
0.0281133
0.05111
0.07076
0.000946667
0.03616
0.0489333
0.04192
0.0729433
0.0507767
0
0
0.00058
0.04224
0.0243733
0
0.0112067
0
0.02011
0.0170067
0.0318467
0.0228833
0
0.0134567
0.104847
0.09384
0.101417
0
0.00476333
0.07087
0.00265667
0
0.0454433
0.0221433
0.00260333
0.00223
0
0.00013
0.00263333
0.00955333
0
0
0.00118
0.000356667
0.00013
0.000463333
0.00701333
0.00751667
0.01676
0.01324
0.00389
0.0348667
0.0481867
0.0322867
0.0147633
0
0.0197567
0.0350467
0
0.0440167
0.000103333
0.00213333
0.0213733
0.00884333
0.00582667
0.00807667
0.01524
0.0245633
0.0185433
0.0224167
0.0259733
0.02823
0.00280667
0.0176933
0.00841667
0.00697
0.00130667
0.000316667
0
0.00138667
0.01003
0.02841
0.0207333
0.03984
0.03656
0.0187967
0.0105267
0.00288
0.0012
0.00883333
0.04032
0.0199967
0.00832667
0.00868667
0.0193933
0.0388833
0.0445033
0.0494533
0.0237
0.00734667
0.0369967
0.0189367
0.05594
0.05971
0.0128433
0
0.00222333
0.00222333
0.00313667
0.000913333
0.00305333
0.0210167
0.00247333
0
0.00198333
0
0
0
0.0156067
0.00587333
0.0008
0.0008
0.01324
0.00049
0.01293
0.0001
0.00285667
0.00304
0.00224333
0
0.000163333
0
0
0.0200867
0.02732
0.0343533
0.0111133
0.0140367
0.0660367
0.0786233
0.0137067
0.0345233
0.00540667
0.0147033
0.01219
0
0.0160933
0
0.0322867
0.0679033
0.0266267
0.0836967
0.06453
0.0795767
0.0578333
0.0958467
0.0783167
0.0540767
0
0.0197633
0.0481567
0.0192533
0.0561333
0.0398633
0.0573433
0.04196
0
0
0.01101
0.05329
0.0559333
0.0353933
0.04484
0.0683667
0.0763733
0.00168
0.05176
0.0564867
0.0678133
0.09047
0.0935967
0.0689033
0.0494833
0
0
0.000743333
0.0515867
0.0523533
0.06018
0.0509467
0.01748
0.0126633
0
0.00261
0.05108
0.01435
0.01095
0
0.0169333
0.04769
0.0439367
0.04588
0.0125333
0.00321
0
0.0173267
0.0671367
0.00381
0.00381
0.01326
0
0.0162033
0.02254
0.01145
0.0132367
0
0.0178067
0.0486633
0.00189333
0.000106667
0.000106667
0
0.000823333
0.00132667
0.000823333
0.0140733
0
0.000463333
0.000463333
0.000966667
0.0110333
0.00172667
0.00212333
0.00293667
0.00013
0.00427
0.00459667
0
0
0.0102767
0.0185033
0.03828
0
0
0.03917
0.00203
0.01939
0.00874
0.00697
0.01927
0.0403233
0.0294867
0.01633
0.0208667
0.0199033
0.00792
0.00225667
0.000316667
0.00012
0.00292667
0.00303667
0.02508
0.0411367
0.00684333
0.01945
0.0238967
0.0161733
0.0306233
0.00887333
0.000446667
0.00049
0.0213533
0.0380033
0.00238
0.00859667
0.01547
0.0381567
0.0286167
0.0351967
0.0434567
0.0293967
0.00791667
0.00504667
0.0136867
0.0155967
0.01881
0.0125533
0.00285
0.01561
0.00198333
0.00420333
0
0
0
0.0110367
0.03469
0.0243367
0.0452967
0.01388
0.00995667
0.000163333
0
0.0008
0.0001
0.00260667
0.00838
0.00354
0.0397667
0.0361833
0.00668667
0.0134433
0.07975
0.04619
0.00354
0.02139
0.0128567
0.00560333
0.01657
0.03818
0.0433767
0.000196667
0
0.02846
0
0.0304667
0.02431
0.07856
0.09121
0.0938433
0.0878867
0.07859
0.0458633
0.0712267
0.0348333
0.0660467
0.0437867
0.0637633
0.0452933
0
0.0112333
0.0497
0.0629733
0.0498033
0.0705867
0
0.000886667
0.0704567
0.0668967
0.0787733
0
0.000316667
0.0556733
0.0107767
0
0.00312667
0.00126
0.04471
0.03739
0
0.01165
0.00194333
0.00538333
0.01646
0
0.0408133
0.0714467
0.03724
0.0481733
0.0164533
0.00429333
0.00548333
0.000703333
0
0
0
0
0.0374267
0
0
0.000503333
0.000503333
0.01296
0.00486667
0.00162333
0.00258667
0.000233333
0.0107133
0.000103333
0.000103333
0.02056
0
0
0.0253367
0.00484667
0.0334167
0.00026
0.00367333
0.00296333
0.00277667
0.00340667
0.000733333
0.0129033
0.00842
0.01012
0.0145833
0.000343333
0.00228333
0.00012
0.00012
0.000986667
0.00833
0.04428
0.0313633
0.0104067
0.00314333
0.00287667
0.00281333
0.00486667
0.01643
0.0401833
0.04033
0.0408833
0.02629
0.0241833
0.01926
0.00810667
0.00733
0.00665667
0.0329067
0.03155
0.0127333
0.0113167
0.00317333
0.0335267
0.03805
0.0211333
0.0369933
0.0154067
0.00826
0.00222
0
0.00035
0.00035
0.00129
0.04223
0.023
0.00130333
0.00346333
0.0249133
0.000223333
0.01106
0.00668333
0.0001
0.0001
0.0113433
0.01196
0.00712
0.00944
0.0267867
0.0201633
0.0170333
0.03685
0.02667
0.0689833
0.02128
0.0615333
0.0597133
0.0353767
0.0114133
0.05485
0.000446667
0.000196667
0.0443633
0
0.01845
0
0
0.0605233
0.0697433
0.05694
0.0446733
0.00190333
0.08009
0.09304
0.09187
0.0804533
0.0581467
0.0223367
0.0241033
0.0257233
0.0452833
0.04202
0.0428067
0.03678
0.0556933
0
0
0.000886667
0.05859
0.0469
0.0567833
0.0709267
0.08543
0.0554
0.0424033
0.0494233
0.0686367
0.0743467
0.0142333
0.00873
0.00187333
0.00202667
0
0
0.00170333
0.0297333
0
0.00036
0.00036
0
0.0105433
0.03447
0.0281333
0.00036
0.0032
0
0
0.0220433
0.0239933
0.0109633
0.0331567
0.04682
0.02702
0.03153
0.00844333
0.0107533
0.00187667
0
0
0
0.0418167
0.0510067
0.0119433
0.000596667
0
0
0
0
0
0.0437167
0.0503067
0.00503333
0.00484667
0.0245733
0.0149033
0.00331333
0.00318333
0.00326333
0.00711333
0.00187333
0.0161233
0.00786
0.000103333
0.0179767
0.00706333
0.0248967
0
0
0.00201333
0.00026
0.00026
0.00013
0.00039
0.00013
0.00021
0.000473333
0.000343333
0
0.000866667
0.000866667
0.00107667
0.00276
0.00183333
0.00495333
0.0107433
0.0250533
0.0431567
0.01734
0.0250367
0.0391567
0.04068
0.0117867
0.0140467
0.0155933
0.0197367
0.000763333
0.00358667
0.0112067
0.0309467
0.0214467
0.01145
0.0118333
0.00246
0.00781333
0.00591
0.0348767
0.0425167
0.000233333
0.00995
0.00318667
0.00492
0.0258467
0.000233333
0.000123333
0.0203233
0.0159467
0.000426667
0.00726
0.00908
0.02144
0.02115
0.0274533
0.0158367
0.0209833
0.0245733
0.0294067
0.0120367
0.01028
0.0209967
0.0634467
0.0005
0.00025
0.04613
0.05498
0
0
0.0139033
0.0176633
0
0.00481
0
0.00101667
0.00163667
0.0462
0.03105
0.0296067
0.00864333
0.0279633
0.0336767
0.01447
0.0153967
0.0406233
0.0419367
0.0439833
0
0
0.0328433
0.04239
0.0514967
0.06125
0.0387767
0.03253
0.04055
0.03148
0
0
0
0.06957
0.0786867
0.0676533
0.0473867
0
0
0.00076
0
0
0
0
0.00834667
0.0172667
0.00384333
0.02645
0.0227233
0.0331233
0.04267
0.0327633
0.0106133
0.01718
0.00128
0.00128
0
0
0
0.02174
0.00128
0
0.03901
0.0483267
0.00263333
0.00282333
0.0315433
0.0287967
0.0119833
0.0156967
0.00961667
0.00298667
0.04775
0.0364633
0.0367833
0.00121667
0
0.00121667
0.0315233
0.0240767
0
0
0.00653667
0
0
0.00013
0
0
0.00021
0.00021
0
0.00013
0
0
0.00229333
0.00218667
0.01016
0.0301233
0.0259733
0.02609
0.00535333
0.00584333
0.00535667
0.0145867
0.01416
0.01766
0.02167
0.0328933
0.03658
0.05126
0.0473533
0.0219267
0.0205267
0.0096
0.03168
0.0477333
0.0166133
0.000256667
0.00067
0.00299667
0.01322
0.01071
0.0241533
0.0121033
0.00961333
0.00024
0.00024
0.0366033
0.0276633
0.0166433
0.0161567
0.0237967
0.0109533
0.03382
0
0
0.0102167
0.02827
0
0.000426667
0.01979
0.0155333
0.0325867
0.00224667
0.0220433
0.00243
0.00443667
0.0166133
0.0226833
0.00261667
0.00225667
0.00025
0
0.00799333
0
0
0
0
0.0247867
0.01115
0.00495333
0.00353333
0.00232333
0.0120933
0.0102167
0.0205833
0.0114833
0.0254367
0
0
0.0417167
0.0499167
0.0372633
0.0119633
0.00753
0.00756
0
0
0.0671333
0.05123
0.0382767
0.000153333
0.000153333
0
0
0
0
0.00076
0.0397567
0
0.00078
0.000643333
0.00413
0.01092
0.0173533
0.01961
0.0140033
0.00076
0.01244
0.00929667
0.0135867
0.00165333
0.0353467
0
0.00165333
0.00019
0.0487867
0.0383133
0.000346667
0.000363333
0.01777
0.00964333
0.00947
0.00208667
0.00087
0.0278733
0.0479233
0.00135667
0
0
0
0
0
0
0
0
0
0
0
0
0
0
0
0.000106667
0.000246667
0.00059
0.00160333
0.00414
0.0143433
0.01142
0.02748
0.0362333
0.00251667
0.00484333
0.0506767
0.0317467
0.0287933
0.0311967
0.00459
0.0122133
0.00137
0.0111967
0.00177
0.00225667
0.00186
0.00011
0.03069
0
0.0166533
0
0.03358
0.0219033
0
0
0.000426667
0.0215933
0.02783
0
0.00061
0.01875
0.00729333
0.00061
0.0346
0.0161
0
0.0259933
0.0193
0
0.00747333
0
0.00106
0
0.00062
0.00385667
0.00139667
0.00260667
0.00121
0
0.000446667
0.01787
0.0191467
0.0280267
0
0
0
0.03476
0.04458
0.01803
0.00635
0.00458667
0.000183333
0.000183333
0
0
0
0
0.0283733
0.01316
0
0
0
0
0.000136667
0.00335
0.00348667
0.00388667
0.00520667
0.00855667
0.00467
0
0.0312467
0.0495067
0
0
0.00186667
0.00505
0.00585
0
0.04401
0.02305
0
0
0.02046
0
0
0.0465167
0.0272167
0.00214
0.000173333
0.0108867
0.00333
0.03235
0.0324967
0.0112633
0.00087
0
0.01087
0
0
0.00189333
0
0
0
0
0
0
0
0
0
0.000856667
0.00244
0.00183
0.00698333
0.00927333
0.0293933
0.0436033
0.0253533
0.0263567
0.00624
0.00694667
0.00611
0.0250133
0.0339767
0.0426467
0.0295433
0.0407667
0.0548567
0.0616633
0.04159
0.0146433
0.0145533
0.00554667
0.00124333
0.02436
0.00798333
0.02617
0.00192333
0.00263333
0.00297
0.0244233
0.0315567
0.0579233
0.04565
0.0149033
0.0196567
0.00940667
0.0372267
0.0472667
0.03644
0.01503
0.0481733
0.03644
0.03545
0.01774
0.00135333
0.000233333
0.00736
0.00172333
0.0244433
0.0256667
0.02497
0
0.00873333
0.000893333
0.000893333
0.0268767
0.00193
0.00103667
0.0277367
0.00103667
0.00709
0.00312
0.00138667
0.00383333
0.00208333
0.00034
0.000926667
0.00208333
0.00054
0.0001
0
0.00044
0.00044
0
0
0.00447667
0.00256667
0
0
0.00157667
0.00377
0.00331
0.00566333
0.0058
0.00555333
0
0
0
0
0
0.0198233
0.04274
0.02974
0.0191033
0.00194667
0
0
0
0
0
0
0
0
0
0
0
0.000536667
0.000536667
0
0.0237033
0.0228
0.00267333
0.00642333
0.00409333
0.0246033
0
0.000273333
0.0001
0.000263333
0.00203
0.00107333
0
0
0.00107333
0
0
0.00326
0.00246
0
0
0
0.0115133
0
0
0.0100833
0
0
0
0
0
0
0
0.000536667
0.01731
0.02212
0.0180267
0.0338767
0.0397067
0.0395133
0.03437
0.02603
0.00262333
0.00124333
0.00483667
0.0228067
0.004
0.0425033
0.02348
0.0598467
0.0337567
0.0235067
0.0201433
0.0373467
0.00807667
0.0190033
0.00961333
0.00476667
0.00158667
0.00135333
0.00397667
0.000463333
0.00677
0.00533667
0
0.0126033
0.00246667
0.00336
0.02823
0.02131
0.00439667
0.0373667
0.0439033
0.0230933
0.0253867
0.02271
0.0316133
0.000686667
0.00337333
0.0120233
0.00208333
0
0
0.0100833
0.00994
0
0
0
0.000106667
0
0
0
0
0.000196667
0.00132667
0.00275333
0
0
0
0
0
0
0
0
0
0
0.000143333
0
0.000143333
0.000143333
0
0
0.0159333
0.02903
0
0
0.00233667
0.000373333
0.00458667
0.000273333
0.000273333
0.00108333
0.00105333
0.00013
0.000273333
0
0
0
0
0
0
0
0.00212667
0.00196667
0
0
0.000643333
0.00121333
0.000836667
0.00269667
0
0
0
0
0
0
0.000536667
0.0222
0.0368233
0.04679
0.05294
0.0484867
0.0626967
0.05521
0.0364167
0.02698
0.00697
0.0157
0.02091
0.02068
0.01455
0.0132767
0.00388333
0.00113667
0.0121367
0.0316167
0.00578667
0.00316667
0.00670333
0.0246167
0.0364967
0.0360933
0.03929
0.0179033
0.0200933
0.02921
0.0576333
0.04602
0.0472867
0.03192
0.04612
0.0483167
0.0404733
0.03132
0.0103533
0.02215
0.0417433
0.0329233
0.0125767
0.0111433
0.0240233
0.00446667
0.02633
0.02757
0.00342
0.0350367
0.0612733
0.00761
0.06322
0.0262467
0.0428367
0.0485867
0.00514333
0.0348633
0.000443333
0.0029
0.00601
0.01595
0
0.000443333
0.000443333
0
0
0
0.000143333
0.00295
0.00201667
0.000106667
0.000106667
0.0142667
0.0162633
0.0305133
0.01838
0.0173767
0.00199667
0.00119
0
0
0
0
0
0
0
0
0
0
0
0.00102333
0.01516
0.0160467
0.00241333
0.00357667
0.00116333
0.00116333
0
0
0.00272667
0.00188333
0.00178333
0.00252333
0
0.00193333
0.00288667
0
0
0
0.00013
0
0
0
0
0
0
0
0
0.000143333
0.00218667
0.00215
0.00215
0.000266667
0.00016
0.00016
0
0
0.0594633
0.06462
0.03713
0.0183367
0.00536
0.00343
0.00934333
0.00192667
0.02263
0.0478367
0.0394267
0.06106
0.00949333
0.01005
0.00439333
0.00552333
0.00444
0.0231533
0.00937333
0.0114267
0.00279
0.000396667
0.00208333
0.00246
0.0392233
0.00257667
0.00984667
0.00251
0.0143067
0.0464867
0.0506033
0.0511533
0.000473333
0.000106667
0.000133333
0.0352267
0.0465667
0.01815
0.00929667
0.0395333
0.03274
0.03462
0.0479533
0.01493
0.0143567
0.00689
0.00427
0.00808
0.08071
0.0785367
0.00252333
0.02539
0.0494133
0.00309667
0.00896333
0.0270667
0.04072
0.0331133
0
0.000953333
0.00682
0.00384
0.01369
0
0
0
0
0.00138333
0.00254667
0.00564667
0.0361767
0.01642
0.0482733
0.0171967
0.000626667
0.00181667
0
0
0
0
0
0
0
0.00104
0.00104
0
0
0
0
0
0.000183333
0.00038
0
0.00029
0
0
0
0
0.00102333
0.00206333
0.00167333
0
0.000123333
0.000413333
0.00708667
0.0232567
0.0231267
0.000123333
0.00980667
0.00313333
0.00209333
0.00389667
0.00301
0.0100333
0.00336
0.0133433
0
0
0.00035
0.00890667
0.00258667
0.0126267
0
0
0.00223667
0.00645
0.00238
0.00625667
0.00292
0.000876667
0.0737367
0.06655
0.0635833
0.0300767
0.0658967
0.0252867
0.0398
0.00365667
0.000593333
0.00107667
0.0102267
0.0107
0.0174667
0.0170967
0.00921333
0.0267967
0.0300267
0.0227867
0.0288
0.00855333
0.00206667
0.00357
0.0373633
0.04818
0.0374967
0.04719
0.00765
0.01304
0.0164567
0.00875333
0.02776
0.0284433
0.000133333
0.00941667
0.00167
0.0171833
0.00819667
0.0231667
0.00911667
0.000293333
0.0109367
0.00319
0.00357
0.0158
0.0582533
0.04659
0.0580267
0
0.00038
0.00038
0.0693833
0.0488733
0
0
0
0
0.0630933
0
0
0
0.0242
0.01728
0.0019
0.000626667
0
0
0
0.0138567
0.000176667
0.000176667
0.000183333
0.00235
0.00545
0.04288
0.00211667
0.00474
0
0
0
0.00146667
0.0143467
0
0
0
0
0
0
0.0281733
0.03843
0.0583
0.0119033
0.00334
0.00166667
0
0.03367
0.0829233
0.06855
0.0178567
0.0362633
0.0430233
0.0307367
0.0858467
0.05855
0.00230333
0.0481633
0.07112
0.0455233
0.0160133
0.00012
0
0
0
0.04002
0.0357433
0.0396933
0.01094
0.00901667
0.000996667
0.00012
0.0539733
0.06083
0.0560933
0.02054
0.00113333
0.0111133
0.0233967
0.0396633
0.06464
0.0664367
0.06327
0
0
0.000333333
0.02189
0.0132967
0.0350933
0.0151167
0.00556
0.00450667
0.00188333
0.00456333
0.00304333
0.04103
0.03608
0.0179633
0.0434533
0.0258167
0.0181033
0.00371
0.00194333
0.000116667
0.00113667
0
0.00045
0
0
0.00045
0.00016
0
0.0345567
0.00914333
0.0123967
0.00032
0
0
0.0331933
0
0
0
0
0
0
0
0
0.0515233
0.00351667
0.00149333
0.00011
0.00138333
0
0
0.0612867
0.00328333
0.00396
0.0227633
0.0239133
0.0296333
0.0109533
0.03908
0.00243
0.00205667
0.00942
0.00754
0.00785333
0.00049
0.000313333
0.0458367
0.0644667
0
0
0
0
0.000373333
0.000373333
0.03022
0.00166667
0
0
0.0486433
0.05935
0.0506133
0.0357833
0.02349
0.0140767
0.0300067
0.00576333
0.00021
0.0162633
0.0295667
0.00864
0.000766667
0
0.00012
0
0
0
0.07231
0.0497667
0.04125
0.0459867
0.02916
0.00113333
0.00350333
0.00233333
0.02709
0.0140967
0.07065
0.04757
0
0
0.000333333
0
0.00167333
0.0138933
0.0132767
0.00107667
0.00134
0.0150633
0.00284333
0.0272567
0.0456367
0.0479267
0.0143667
0.00412333
0.0127867
0.0177033
0.0190967
0.03094
0.0192333
0.00467333
0.00570667
0.00486667
0.00197
0
0.00113667
0
0.00125667
0.000143333
0.00281
0.000143333
0
0
0
0
0
0
0
0
0
0
0
0.00357333
0
0.00016
0
0
0.0113333
0.00387333
0
0
0
0
0.0271533
0.0207667
0.00153333
0.00281
0.00213333
0.00224333
0.00022
0.00011
0.05707
0.0333133
0.064
0.0199433
0.00712
0.0201067
0.01218
0.000313333
0
0.0450333
0
0.00355
0.00560667
0.05328
0.00743667
0.0285067
0.00157333
0
0
0.02776
0.0016
0.00671667
0.00021
0.0274333
0.02712
0.0398567
0.00289
0.01615
0.00166667
0.0346833
0.00021
0
0
0
0.00021
0.00104667
0.0150067
0.00532667
0.00021
0.0778933
0.0376867
0.0182267
0.0229833
0.0124967
0.00274333
0.00237
0.000153333
0.01206
0.05865
0.0500233
0.000373333
0
0
0
0
0
0.00291333
0.00107667
0.00107667
0.000153333
0
0
0
0
0
0.00150333
0.00417
0.000706667
0.00242333
0.000586667
0
0
0
0
0.00266667
0.00012
0.00012
0
0
0
0
0.00266667
0
0
0
0
0
0
0
0
0
0
0
0
0
0
0
0
0
0
0
0
0
0
0
0
0.000316667
0
0.00107333
0
0
0
0
0.00482
0.000316667
0
0
0
0.000676667
0.000676667
0
0
0.0405067
0.02506
0.03818
0.0366733
0.02406
0.00481667
0.000313333
0.00125667
0.000183333
0
0
0
0
0
0.00513667
0.00831333
0.01592
0
0
0
0
0
0
0.00138667
0.00234333
0
0.00122333
0
0
0
0.000183333
0
0
0.000836667
0.00222333
0.01498
0.01486
0.0148167
0
0
0
0
0.0409867
0.0106833
0.0101267
0.000373333
0.000296667
0.0177467
0.0332033
0.0417167
0.0408733
0.0285733
0.00922667
0.00456
0.00126
0
0
0
0.00183667
0
0
0.000143333
0.000453333
0.00629333
0.0480033
0.04695
0.0283633
0.00841667
0.00033
0
0
0
0
0
0.01199
0.0335667
0.0421267
0.0410733
0.00524333
0.000456667
0
0
0
0
0
0
0
0
0
0
0.00031
0.00031
0.00615
0.00703
0.02143
0.0189933
0.02259
0.01852
0.0152433
0.01653
0.0062
0.00765667
0.00158333
0
0
0.00158333
0
0
0
0
0
0
0
0
0
0
0
0
0
0
0.00119
0.00165333
0.00505667
0.0141967
0.0240633
0.04235
0.0380933
0.04096
0.0208533
0.0219567
0.00876
0.00749333
0.000316667
0.000316667
0
0
0.0124833
0.0242333
0.0442333
0.0471
0.0325667
0.0196867
0
0
0
0
0
0
0
0
0
0
0.000463333
0.00215333
0.01904
0.0305467
0.02953
0.0430167
0.0440133
0.0170133
0
0
0
0
0
0
0
0
0
0.00169
0.00169
0.00682667
0.01951
0
0
0
0
0.000956667
0.00218
0.00122333
