0.0669933
0.0438467
0.0218233
0.01023
0.00643
0.01064
0.0199467
0.0177367
0.0206767
0.0255
0.0214467
0.0153133
0.0220933
0.0326
0.0193033
0.00760333
0.0141767
0.00859333
0.00554667
0.0162267
0.02314
0.01927
0.01503
0.0224267
0.0332833
0.05284
0.07031
0.0796767
0.0684767
0.0416933
0.0301167
0.04076
0.04902
0.0401567
0.0191533
0.0116633
0.01801
0.0397067
0.03383
0.00678667
0.00105667
0.000773333
0.000573333
0.00503667
0.00584
0.000313333
0.000323333
0.00729
0.00724
0.00717667
0.00482667
0.0112967
0.02166
0.02
0.0123067
0.0217
0.0661833
0.07617
0.0690967
0.0463033
0.0341067
0.0399267
0.0577133
0.04885
0.03398
0.03314
0.04433
0.0464067
0.0355467
0.0294433
0.01579
0.01006
0.00491
0.00937333
0.01624
0.0151533
0.00482333
0.0037
0.0191467
0.01271
0.00759333
0.000213333
0.000303333
0.000253333
6e-05
0.00019
0.00013
0.000886667
0.00096
0.00756
0.01101
0.00951667
0.00606333
0.0209167
0.0422067
0.0324567
0.0419833
0.0223933
0.00620333
0.0103
0.02163
0.0543567
0.0470367
0.0211
0.0159133
0.01909
0.0251533
0.00461
0.00153
0.00055
0.00055
0.00036
0.00992
0.01512
0.0184933
0.00854
0.00115
0.000193333
0.000193333
0.00454
0.00470667
0.00112333
0.00658333
0.0184033
0.04163
0.05377
0.0415167
0.0303667
0.02908
0.0274667
0.02106
0.01766
0.01215
0.0095
0.00642
0.00105
0.00435333
0.00483
0.00499667
0.00875667
0.0164867
0.0129667
0.00104667
0
0
0
0
0
0.0492167
0.0432533
0.03408
0.0264033
0.01406
0.01192
0.0161
0.0170067
0.00634667
0.00648667
0.00565667
0.00778333
0.0104567
0.0122167
0.00149
0.00203667
0.00313
0.00500333
0.0186067
0.0202833
0.00574333
0.00121333
0.0208267
0.01489
0.0184767
0.0257367
0.0198533
0.01572
0.0178467
0.01927
0.0212833
0.00107333
0.00051
0.00115333
0.00518
0.00793667
0.0181433
0.0163967
0.00528
0.00476667
0.0261133
0.0221767
0.0227067
0.0321533
0.03927
0.0423267
0.0250367
0.0218333
0.02437
0.0398267
0.0344933
0.03774
0.02129
0.0174433
0.000173333
0.00072
0.00064
0.000173333
0.00452667
0.0206167
0.0193167
0.01467
0.0346133
0.02467
0.0379133
0.0423867
0.0208233
0.00729333
0.00206667
0.00149667
0
0
9.66667e-05
0.000423333
0.00776
0.01276
0.0162133
0.0200367
0.0319667
0.0276933
0.01035
0.0105367
0.0043
0.0052
0.00169667
0.000293333
0.000293333
0.000326667
0.00365667
0.0128133
0.02027
0.02354
0.0197267
0.01594
0.0212933
0.0195233
0.01545
0.00153
0.00448
0.0121633
0.00923
0.000293333
0
0
0.02047
0.02654
0.0273467
0.02338
0.01841
0.0144367
0.01979
0.01198
0.000906667
0.00102667
0.0152667
0.02205
0.00862
0.00108667
0.02249
0.0143833
0.0144667
0.01057
0.0183933
0.0237967
0.0199533
0.0117233
0.00744667
0.00216333
0.00215
0.01344
0.0220467
0.01155
0.00547667
0.00545
0.01046
0.01818
0.0222967
0.0196833
0.0110433
0.0181
0.00160667
0.00147333
0.0137667
0.01559
0.00388
0.00749333
0.0167233
0.0146567
0.01159
0.00236
0.0171367
0.00592667
0.00154333
0.00254667
0.03265
0.0300367
0.0084
0.0118233
0.0154033
0.0212867
0.0184467
0.0140133
0.00806333
0.000953333
0.00537667
0.00658
0.0239067
0.0300567
0.00371667
0.00436
0.00607
0.00235333
0.00171
0.00171
0.00054
0.01252
0.0224467
0.0199967
0.0194967
0.00863333
0.00481333
0.000493333
0.000143333
0.0178567
0.03348
0.04159
0.02629
0.00513
0.00490667
0.03221
0.0480467
0.03059
0.0153667
0.000643333
0.000643333
0.000643333
5.66667e-05
5.66667e-05
0.00115667
0.00164
0.0103367
0.00512667
0.00989333
0.01419
0.0143667
0.0114333
0.0062
0.00279
0.000903333
0.00187333
0.000786667
0.00187667
0.00151
0.00413667
0.00397667
0.0112767
0.0452567
0.05598
0.0333333
0.0372333
0.0336133
0.05301
0.0439833
0.02893
0.02682
0.0229833
0.0158967
0.0204267
0.01561
0.00694333
0.01157
0.0107367
0.0302167
0.0632067
0.0553167
0.03092
0.0243767
0.0141267
0.00895
0
0
5.66667e-05
0.00288
0.01152
0.0339833
0.0436167
0.0265967
0.01994
0.03035
0.0487067
0.0709233
0.0635767
0.0637967
0.05477
0.0317667
0.02793
0.03285
0.0280333
0.0219533
0.0108133
0.00869
0.0130933
0.0221167
0.0400733
0.0598867
0.0747833
0.0668933
0.05772
0.04978
0.0414133
0.0188467
0.01179
0
0
5.66667e-05
0.000633333
0.00235667
0.01109
0.0340767
0.000176667
0.000136667
0.00178
0.00549667
0.01614
0.0200667
0.0196333
0.0108233
0.0300733
0.0464133
0.0229867
0.0114833
0.00886
0.0297367
0.02538
0.0490333
0.0482133
0.06904
0.0805333
0.06475
0.0547567
0.0412333
0.0313933
0.0307733
0.0330533
0.06647
0.0650733
0.0591833
0.0417933
0.0264333
0.0209633
0
0.000576667
0.00115333
0.00994333
0.0229533
0.000526667
0.0027
0.0133967
0.0146533
0.0169633
0.01206
0.0341833
0.0312733
0.03324
0.0304633
0.01896
0.0651233
0.06535
0.0670567
0.0695267
0.00672
0.00246333
0.0134567
0.0134267
0.0419
0.0434933
0.06234
0.0533333
0.0679
0.0650333
0.06877
0.0660167
0.0578433
0.04954
0.0276333
0.0143767
0.00842
0
0.000576667
0.00111
0.0146967
0.0205667
0.000433333
0.000973333
0
9.33333e-05
0.00101667
0.00293333
0.01183
0.0176133
0.0160533
0.01802
0.0271
0.0405
0.0450733
0.0504233
0.0528367
0.0474567
0.0523333
0.0358967
0.00025
0.00025
0.000533333
0.000943333
0.00739
0.00726333
0.000616667
0.00105
0.000433333
0
0.000973333
0.00113667
0.00133667
0.00015
0.00772333
0.0126767
0.0140267
0.0166433
0.02414
0.03088
0.03663
0.0341867
0.0226567
0.01182
0.00372333
0.00399333
0.00338
0.00124
0.00186333
0.00105667
0.000806667
0.00041
0.000473333
0.00088
0
0
0
0.000346667
0.00051
0.00599667
0.00125333
0.00669667
0.00651667
0.0114
0.01655
0.0172
0.0161767
0.01077
0.0234
0.0150367
0.00187
0
0
0
0.00599667
0.00583
0.00144667
0.00064
0
6.33333e-05
0.00126667
0
0
0.000113333
0.00046
0.00631
0.00242
0.00202333
0.00746667
0.0188767
0.0216833
0.000536667
0.000476667
0.00234667
0.00187
0
0
0
0
0.0194833
0.00913
0.00474667
0
0
0.00120333
0
0
0
0
0.000113333
0.0199167
0.02005
0.0102767
0.00668667
0.00334
0.0106933
0.0183233
0
0
0
0
0
0
0
0
0.0155533
0.00456
0.00410667
0
0
0
0
0.000356667
0
0
0
8.33333e-05
0.000196667
0.00744
0.0170667
0.01842
0.0207267
0.0105233
0.00184
0.0051
0
0
0
0
0
0
0
0
0.00155333
0.000453333
0
0
0.000356667
0.000333333
0.000273333
0
8.33333e-05
0.00206667
0.00356
0.00282333
0.00805667
0.00683333
0.00699333
0.00204
0.00145333
0
0
0
6e-05
6e-05
0.00039
0.0011
0.00017
0.00017
0.00069
0.00052
0.00417333
0.00335667
0.00276333
0.00270333
0.00618667
0.00375667
0.000406667
0.00042
0.000103333
0.00101333
0.00091
0.00149667
0.00107
0.00145333
0.000436667
0.000603333
0.000226667
0.00259667
0.00553
0.00349
0.00172333
0.00189333
0.00241333
0.00834
0.00939667
0.0151733
0.01283
0.01185
0.00520667
0
0
0.00032
0.000803333
0.00744667
0.00244667
0.00766667
0.00819333
0.0111267
0.01513
0.00517333
0.0142933
0.0113633
0.0138067
0.00816667
0.0241367
0.0194867
9e-05
9e-05
0
0
0.00032
0.00626
0.0152433
0.0163033
0.0235633
0.0128233
0.0173833
0.0172267
0.02674
0.02655
0.0215667
0.0118433
0.0193567
0.02521
0.02259
0.02015
0.0164433
0.0182033
0.0283967
0.00013
0
0
0.00032
0.00105
0.00230333
0.00483667
0.00519
0.00886667
0.0217367
0.03254
0.0331833
0.0297733
0.0219067
0.0103267
0.0179533
0.0252867
0.02124
0.02517
0.0308267
0.02501
0.0248033
0.0156767
0.0113667
0.01695
0.02328
0.0196767
0.0191667
0.0262767
0.02719
0.03085
0.0302967
0.00013
0
0
0
0.000806667
0.000433333
0.0204533
0.02434
0.0159567
0.00669667
0.00893333
0.0093
0.0202
0.0177967
0.01431
0.00272667
0.02077
0.0218933
0.01845
0.01591
0.00693
0.00690333
0.01404
0.0201267
0.0216633
0.0148833
0.0232633
0.0274567
0.0281133
0.0238067
0.02563
0.000833333
0
0.0281267
0.01137
0.000336667
0.00348667
0.00547333
0.01342
0.0233733
0.03181
0.0312367
0.0285833
0.02664
0.02128
0.00294333
0.00260333
0.00672333
0.01029
0.01025
0.00714667
0.00311
0.00118333
0.0155133
0.00733667
0.00915
0.00488
0.0052
0.00448333
0.0201067
0.00980667
0.01285
0.0133133
0.0113267
0.00222333
0.00152
0.04656
0.0120833
0.00142333
0.01343
0.00435333
0.01524
0.0176033
0.00118333
0.00120667
0.00165
0.00338667
0.0155733
0.0163667
0.00674333
0.00959
0.00414667
0.0154367
0.0160933
0.00382333
0.03081
0.0288233
0.0291733
0.0111233
0.00167
0.0529667
0.0352467
0.00120333
0.00210333
0.00239667
0.00119667
0.00281333
0.00922
0.01757
0.0285367
0.0259567
0.0291833
0.0177267
0.0201467
0.00764
0.00645667
0.00152667
0.00370667
0.00954333
0.01909
0.01403
0.00433667
0.00623
0.00257667
0.00229667
0.00294333
0.0155767
0.0136067
0.0124
0.0298433
0.0337433
0.05371
0.054
0.03998
0.02193
0.05464
0.0655167
0.0319033
0.00852
0.00132
0.0140667
0.0257767
0.0312633
0.03725
0.0339167
0.02827
0.0163233
0.00701667
0.00087
0.000853333
0.00106667
0.00131667
0.00116667
0.0108733
0.0208667
0.0369067
0.0523133
0.05363
0.0491533
0.0622367
0.0736633
0.07076
0.0548667
0.02638
0.0244567
0.0260067
0.01562
0.0115833
0.00227667
0.00355667
0.00431667
0.00823
0.00960333
0.0190467
0.00571
0.00559667
0.0107467
0.00608
0.00726667
0.0497533
0.03072
0.0421933
0.0309567
0.02351
0.01269
0.03098
0.0372133
0.0773567
0.11147
0.09719
0.111543
0.08696
0.05352
0.02068
0.01454
0.00759
0.00712
0.00252333
0.01297
0.0177333
0.0104533
0.01376
0.0220567
0.0183067
0.0285667
0.04216
0.0502933
0.0429333
0.0479133
0.0335233
0.16372
0.167873
0.0160333
0.00981333
0.00751
0.00849667
0.00398
0.05372
0.0411767
0.06138
0.0412433
0.0410533
0.0577933
0.0517133
0.0600633
0.0979033
0.0884
0.08171
0.0545367
0.0396567
0.0198667
0.0538633
0.05953
0.0714033
0.0634167
0.0473967
0.0283133
0.25347
0.332723
0.25138
0.263657
0.182577
0.0224367
0.0252633
0.0412
0.0267367
0.0295633
0.07672
0.0863467
0.0950567
0.0699
0.0667733
0.0886967
0.0993267
0.0767733
0.05042
0.0927433
0.0888
0.08727
0.05661
0.03617
0.0659567
0.0788967
0.0786767
0.0595033
0.03621
0.349507
0.0323533
0.07416
0.08018
0.0916033
0.05545
0.0432333
0.07901
0.0909733
0.0930767
0.0875333
0.0691433
0.0546
0.05692
0.0797233
0.05772
0.05097
0.05845
0.0809067
0.0757633
0.0529967
0.0670767
0.05864
0.0512867
0.0203
0.0676967
0.09836
0.114393
0.0895733
0.0545667
0.0642367
0.09569
0.0973333
0.0377767
0.0466167
0.06512
0.07181
0.0419433
0.0270933
0.0335433
0.0384133
0.02494
0.07029
0.0759367
0.0789933
0.0546733
0.0370133
0.0638
0.07337
0.07545
0.05381
0.0511567
0.0170867
0.02308
0.0234767
0.0295533
0.0411867
0.0354233
0.02949
0.00638
0.02416
0.0329433
0.0274333
0.0143133
0.0118633
0.0292333
0.0399733
0.04187
0.0290467
0.0200033
0.02244
0.01992
0.0114967
0.0144033
0.00731
0.0218567
0.02944
0.0262333
0.0135
0.00369333
0.000793333
0.00129333
0.0169133
0.0220067
0.03017
0.0395333
0.03382
0.0312867
0.0437933
0.0351367
0.0430733
0.02888
0.03298
0.0359667
0.03447
0.00787667
0.01943
0.0159567
0.0211233
0.0168233
0.0124067
0.00239667
0.00059
0.00111333
0.00152
0.00679333
0.00672667
0.0131
0.01315
0.01402
0.0114867
0.02137
0.0372333
0.00591333
0.00717333
0.00698667
0.00198
0.00180667
0
0.00513333
0.00412333
0.00397
0.00388333
0.00780333
0.0105
0.0294833
0.0358267
0.0317067
0.03073
0.00520333
0.0100367
0.0223
0.00216667
0.00216667
0.000173333
0.000173333
0
0
0.0296667
0.0210867
0.0232933
0.0104567
0.0199467
0.0136533
0.000363333
0.00058
0.000706667
0.00471
0.0201067
0.0293633
0.0220067
0.0228333
0.00122333
0.00100667
0.00647333
0.00667333
0.000173333
0
0
0
0
0
0.03162
0.00051
0.00051
0.000773333
0.000753333
0.00122
0.00226333
0.0100533
0.00999667
0.0126933
0
0.000416667
0.000416667
0.00120667
0.000976667
0.00264333
0
0
0
0
0
0
0.02418
0.0293267
0.0392067
0.03906
0.0319067
0.0225267
0.0238167
0.00407
0.00864333
0.00534667
0.00530333
0
0
0
0
0
0.000186667
0.0038
0.00115667
0
0
0
0.000473333
0.000473333
0.0288633
0.0286133
0.00196667
0.00530667
0.02257
0.0194767
0
0
0
0
0
0
0.00165333
0.000496667
0
0.000166667
0.00354
0.00384667
0.00432
0.000946667
0.0137933
0.02085
0.0213133
0.02676
0.0274967
0.03418
0.0353567
0.00542333
0.00448667
0.00782667
0.0145167
0.0264333
0
0
0
0
0
0
0.00077
0.00460333
0.00797667
0.01375
0.00978667
0.01008
0.00414
0.00431333
0.000646667
0.00073
0.0184867
0.0115733
0.0185233
0.0230133
0.02171
0.0184133
0.0119967
0.0144267
0.01607
0.0220067
0.03133
0.000186667
0
0
0
0
0
0.00265667
0.00295667
0.00501
0.0153533
0.02072
0.01995
0.0054
0.0105067
0.00616
0.00755667
0.01088
0.0200267
0.01162
0.00977667
0.0106767
0.0151667
0.02529
0.01062
0.0166333
0.0145133
0.0161767
0.00342333
0.00323667
0
0
0
0
0.00434667
0.0123067
0.0163767
0.01071
0.00899
0.00999333
0.0207667
0.01977
0.00899333
0.00569333
0.02849
0.0163133
0.0179533
0.02462
0.02305
0.0172533
0.02165
0.0267233
0.04007
0.0340867
0.00965333
0.0185467
0.0236233
0.0190733
0.01056
0.00380333
0.000566667
0
0
0
0.0142767
0.01787
0.0176933
0.00840333
0.0189867
0.0222967
0.0329067
0.02571
0.0345733
0.02984
0.0203467
0.0226267
0.0108733
0.0174867
0.01065
0.0165767
0.0354967
0.0545167
0.0378433
0.0440833
0.0471
0.0488
0.0263833
0.01031
0.0156967
0.0175567
0.02828
0.03097
0.0211367
0.01188
0.00523
0.000673333
0.000106667
0
0
0.01933
0.0157067
0.0190367
0.0329633
0.0426733
0.0389367
0.02582
0.0241167
0.0153433
0.02391
0.01647
0.0215033
0.0224133
0.0233667
0.03077
0.02765
0.0366033
0.0313067
0.0345633
0.0497
0.03855
0.0508033
0.06839
0.0722433
0.0626867
0.04989
0.0382667
0.00517333
0.00466333
0.000106667
0.000106667
0
0
0.0164067
0.00915333
0.0327733
0.0419
0.04232
0.04111
0.0418233
0.0363467
0.03619
0.03147
0.0338467
0.0339833
0.0247367
0.0170033
0.0212267
0.0265767
0.031
0.0410533
0.0654633
0.0672367
0.0825233
0.0789567
0.0474967
0.02659
0.0132567
0.0223167
0.000616667
0
0
0
0
0
0.00810667
0.0178
0.0316433
0.0351367
0.0295333
0.0178933
0.0430833
0.0519967
0.0898567
0.0705033
0.0362567
0
0
0
0
0
0
0.0512533
0.05127
0.0416833
0.03476
0.03408
0.0377233
0.01934
0.0156367
0.107623
0.10747
0.09827
0.07588
0.0228367
0
0
0
0
0
0
0
0
0.0731633
0.0909733
0.07946
0.0497567
0.0467733
0.0279767
0
0
0
0
0
0
0
0
0.0210133
0.0359167
0.0647133
0.06856
0
0
0
0
0
0.000166667
0.000833333
0.000666667
0.00116333
0.0006
0.01766
0.0286467
0.0313433
0
0
0
0.0017
0.00186667
0.00253333
0.0015
0.00506
0.00489
0.00422333
0
0
0
0
0.000533333
0.000603333
0.00276
0.0146833
0.0135333
0
0.00067
0.00237
0.0115133
0.01151
0.0135367
0.00743333
0.00418333
0.000476667
0.000476667
0
0
0
7e-05
0.00222667
0.00316333
0.00077
0.00531667
0.01436
0.0230933
0.0222733
0.0168367
0
0
0
0
0
0
7e-05
7e-05
0.00586
0.01223
0.02042
0.0149867
0.00575
0.00435
0.000643333
0.000476667
0.00038
0.00342667
0.00319
0.00969333
0
0
0
0
0
0
0
0.0248967
0.0203033
0.00204333
0.000166667
0.000166667
0.00038
0.0155833
0.0235333
0
0
0.000203333
0.000203333
0
0
0
0
0
0
0.0139833
0.00496
0.00038
0.000923333
0.00397
0.00962333
0.0219767
0.0183833
0.0167867
0.00703
0
0
0.000116667
0.000573333
0.000456667
0.00066
0.00166667
0.00146333
0
0
0.00308333
0
0
0.000543333
0.00112
0.00715333
0.00738
0.01175
0.00815667
0.01183
0.01985
0.0226733
0.0135533
0.0129733
0.00131667
0.00205667
0
0
0
0
0
0.000116667
0.00266333
0.00764333
0.00575667
0.00676333
0.00691
0.00564
0.000193333
0
0
0.000576667
0.00134667
0.00643667
0.0138167
0.03507
0.0378933
0.0168533
0.00653667
0.00613
0.01514
0.03746
0.03719
0.0164667
0.01156
0.00564333
0.0147433
0.00453667
0.00066
0
0
0
0
0
0
0.000243333
0.00036
0.00245
0.0164333
0.0167833
0
0
0.00131
0.00453667
0.01766
0.0308933
0.0360133
0.0247733
0.0111767
0.01003
0.02555
0.0424667
0.0432633
0.0288267
0.01942
0.0197233
0.0254867
0.0181267
0.01721
0.00679333
0.00066
0
0
0
0
0
0
0.0067
0.0115533
0.00388333
0.00962667
0.0284433
0.03074
0.01714
0.01386
0.0178833
0.01956
0.02286
0.02524
0.0392533
0.04032
0.0226633
0.0207533
0.02201
0.02077
0.0117
0.00864333
0.00301667
0.00076
0
0
0.00034
0.00034
0
0.000243333
0.0150567
0.0126967
0.01908
0.0328633
0.0309333
0.03261
0.0175933
0.012
0.0207133
0.0146367
0.0164867
0.00555667
0.0161467
0.0152233
0.01859
0.00921667
0.00385
0.00235667
0.0001
0
0.00101333
0.00135333
0.04371
0.03075
0.00401333
0.00170333
0.0001
0.0001
0.0216167
0.00760333
0.00999667
0.0247267
0.0336567
0.0527033
0.0700967
0.06103
0.0646967
0.0179567
0.0117867
0.0135767
0.01067
0.00997333
0.0187367
0.02067
0.02321
0.01579
0.00162
0.00052
0.0277467
0.0338467
0.01946
0.0216433
0.00729333
0.00052
0
0.00032
0.00032
0.00011
0.00411333
0.00400333
0.0110833
0.00119333
0.00546
0.00532
0.00522
0.00021
0.00438333
0.0107933
0.00425667
0.0119967
0.01264
0.00591333
0.00251
0.00173
0.00572
0.00596
0.00834333
0.0302567
0.0309067
0.0528433
0.0338267
0.03436
0.0106767
0.0123033
0.02266
0.01818
0.000513333
0.0170533
0.00069
0.0166167
0.03241
0.0284967
0.0283567
0.0234933
0.01639
0.01282
0.00652667
0
5.33333e-05
5.33333e-05
0.000263333
0.000413333
0.000543333
0.000586667
0.000456667
0.00035
0.00156
0.0296233
0.04273
0.0490833
0.01409
0.00959333
0.02351
0.0123067
0.0132567
0
0
0
0
0.0442267
0.0260933
0.03634
0.00722
0.00239
0.00280667
0.00126333
0.00561667
0.01677
0.000236667
0.000166667
0.000166667
0
0.00894
0.0165333
0.0146667
0.00237
0.00500333
0.000483333
0.00528667
0.00366667
0.000933333
0.03524
0.0101133
0.01597
0.00260667
0.00234667
0.00942333
0.00889667
0.0324667
0.0292367
0.0170933
0.0123633
0.00451
0.00595
0.00333
0
0.00409667
0.00970333
0.00662333
0.0121433
0.00920333
0
0.00131333
0.00653
0.00368
0.0158633
0.00277333
0.00846
0.00435
0.000936667
0.000143333
0.0138267
0.0143833
0.00250667
0.00262
0.0103
0.00426333
0.00118333
0.00485
0.00405
0.00213667
0.00297
0.0233767
0.01648
0.00470667
0.00155333
0.00387667
0.0133133
0.00697667
0.00259667
0.00724333
0.000246667
0.000103333
0.00098
0.0007
0.01636
0.0244367
0.00121667
0.00014
0.00042
0.000133333
0.00148333
0.00219333
0.0118967
0.0112667
0.0176567
0.0292667
0
0
0.00091
0.00426333
0.00456333
0.0109067
7e-05
0
0.00084
0.00042
0.00752667
0
0
0.01259
0.00141
0.00135667
0.000483333
0
0.0126133
0.00601
0.000706667
0
0.001
0.000136667
0.00102333
0.00291
0.0216067
0.0273
0.00213333
0.0570733
0.00504333
0.00109333
0.00571
0.00421333
0.00386667
0.00263
0.0215833
0.04849
0.0500967
0
0.0470967
0.0489867
0.00974667
0.0133467
0.00658
0.00398667
0.000343333
0.000733333
0.05756
0.04538
0.06884
0.0510867
0.0609933
0.0343133
0.0344767
0.0211467
0.0243633
0.0276
0.01822
0.00597
0.01908
0.01466
0.0114733
0
0
0.0307133
0.01027
0.00346
0.00412
0.000296667
0.000546667
0.0400033
0.0317467
0.0464467
0.04673
0.0203933
0.00023
0.00048
0.01126
0.0175333
0.00101667
0.0013
0.000503333
0.00214667
0.00125667
0.0266133
0.0223367
0.03098
0.000126667
0.00136667
0.00172
0.00128667
0.000643333
0.0004
0.000686667
0.00909667
0.00539667
0.0161533
0.0185167
0.00614
0
0
0.0123467
0.0160467
0.00144
0
0.00493667
0.00487333
0.0118933
0.0188233
0.0136633
0.0126433
0
0
0.0262333
0.00637
0
0.00913333
0.01597
0.00820333
0
0.0180267
0.00552333
0.000283333
0.00480333
0.00923333
0.00951667
0.00496333
0.000633333
0
0
0.00813333
0.00104333
0.000343333
0.000273333
0.00768667
0.00566333
0.000383333
0.00105
0
0
0.00033
0.000426667
0.00127
0.00434
0.01427
0.00666667
0.00019
0.00407667
0.00153333
0.00031
0.000746667
0.00329333
0.00352667
0.00017
0.01775
0.0185567
0.00145
0.00386
0.00639333
0.00604667
0.00654333
0.000833333
0.00150667
0.0211633
0.0361133
0.0354133
0.02658
0.0158867
0.01719
0.0379533
0.00591333
0.00957
0.00791667
0.00345
0.0140167
0.0198567
0.01449
0.00019
0.00828667
0.00768667
0.0395967
0.0361
0.02889
0.01146
0.0173567
0.00505667
0.0278567
0.0174
0.0129133
0.0122467
0.01528
0.00132
0.00066
0.000966667
0.00169333
0.01826
0.0323433
0.0201333
0.0122433
0.00270667
0.00169667
0.00467
0.03639
0.02495
0.0161967
0.0216333
0.00247333
0
0.00034
0.00583
0.000696667
0.000763333
0.00299333
0.00416667
0.02301
0.0124333
0.01384
0.0139933
0.00198667
0.00353333
0
0
0.0290567
0.0226967
0.00951333
0.00230333
0.00154
0.0068
0.00612
0.00588667
0
0.0426333
0
0.000893333
0.000443333
0.00482
0.0147833
0.00871
0.00118333
0.00111667
0.00015
0.0327867
0.00243667
0.00392333
0.0115367
0.01281
0.02313
0.0201433
0.02617
0.0163767
0
0
0.0135233
0.00321333
0
0.00371667
0.00369333
0.00403333
0.00162667
0.0127833
0.0386767
0.000233333
0.00045
0.00100333
0.000986667
0.00752333
0.00056
0.00056
0.0128633
0
0.000233333
6.33333e-05
0.000546667
0.02748
0.0144333
0.00813667
0.0154533
0.00874333
0.0164267
0.00056
0
0.00314333
0.00301667
0.0133267
0.00056
0.00188333
0.0157167
0.07478
0.03749
0.0462933
0.0179233
0.02651
0.00804667
0.0171133
0.00631
0.00417333
0.0161433
0.03681
0.01633
0.10474
0.115837
0.0912
0.0228233
0.0179167
0.00323667
0.00317333
0.0206133
0.0355967
0.0114333
0.02308
0.0282433
0.0241967
0.00782
0.0447367
0.0107667
0.188767
0.00806667
0.00568667
0.01058
0.00786
0.0283267
0.04694
0.03337
0.0296633
0.06107
0.01617
0.00761
0.05851
0.00687667
0.0149233
0.00332
0.01546
0.0146267
0.0425933
0.02322
0.0537067
0.0345933
0.03467
0.00924333
0.05557
0.0511967
0.00711667
0.000546667
0.56513
0.558133
0.421763
0.388767
0.0146833
0.0267733
0.03156
0.0281833
0.02241
0.0341967
0.0167733
0.00446667
0.0106367
0.03427
0.0271233
0.0143667
0.0422467
0.0187367
0.02486
0.0151933
0.0211033
0.00477
0.00908667
0.0156267
0.00031
0.000653333
0.0142333
0.00148667
0.02845
0.0172867
0.0150533
0.0118933
0.00031
0.000106667
0.000866667
0.03194
0.0173267
0.0242367
0.0173667
0.0200867
0.0217333
0
0
0.0253567
0.0231567
0.0118067
0.0141367
0.0359733
0.0259633
0.0173367
0
0
0.00465333
0.00459333
0.0110967
0.00846
0.01782
0.0202933
0.0305633
0.0148533
0.00469
0
0
0.01053
0.0137733
0.0169033
0.00103
0.0149067
0.0233633
0.00426333
0.000633333
0.00884
0.00356
0.00331667
0.000793333
0
0.00850667
0.0169567
0.02365
0
0.00633
0.00796333
0.0178067
0.0240767
0
0
0.00326333
0.0180233
0.02427
0
0.01462
0.0073
0.00767667
0.0163633
0.02292
0
0.000186667
0
0.000696667
0.0235033
0.0170967
0.0192167
0.0208233
0.00022
0.0265867
0.02363
0.0177367
0.0253867
0.01233
0.01739
0.0210467
0.0356933
0.00865
0.00650333
0.000696667
0.000526667
0.000303333
0.0141033
0.0117433
0.01344
0.02508
0.0199267
0.00333667
0.0379567
0.01066
0.0195233
0.02128
0.01869
0
0
0
0
0.00562
0.0277633
0.0230667
0.0187967
0.02033
0.00355
0.03473
0.00746
0.01254
0.0180567
0.0237767
0.000186667
0.00643333
0.004
0.00244333
0.00227667
0.0110033
0.0205233
0.0257933
0.00389667
0.0147933
0.000593333
0.00194333
0.00999667
0.0198833
0
0
0.0130533
0.00634
0.00855
0.00938
0.01821
0.0204833
0.0198667
0.03209
0.01747
0.0396967
0.0503533
0.0170067
0.000306667
0
0.00135
0.00135
0.00432333
0.00805333
0.0146233
0.0234067
0.01667
0.0538267
0.0697833
0.03793
0.0242367
0.0221333
0.000306667
0
0
0
0.00297333
0.0213133
0.02124
0.03191
0.0781033
0.0528733
0.02424
0.02601
0.01412
0.0022
0
0
0.0151
0
0.0335933
0.0241567
0.05776
0.06483
0.0208633
0.0218667
0.0410733
0.0278367
0.0182367
0.00421333
0.00232
0.0107433
0.000816667
0
0
0.0446067
0.0551267
0.06444
0.0643433
0.0104933
0.00916
0.0435233
0.0307133
0.0230033
0.00886667
0.00255333
0
0
0.0151233
0.0226233
0.0445
0.03628
0.0138933
0.0120367
0.0253533
0.0283967
0.0631733
0.0901067
0.00907333
0.0148833
0.01819
0.0322767
0.0291433
0.0150067
0
0
0.0346667
0.0304933
0.0338767
0.0271333
0.02754
0.06288
0.0213333
0.00317667
0.00928
0.0235333
0.0292167
0.00048
0
0
0.00250667
6.66667e-05
0.02292
0.0292367
0.000283333
0.0004
0.000213333
0.0066
0.0102367
0.0144267
0.0191333
0.00129667
0.000816667
0.000496667
0.000496667
0
0
0.0217233
0.00310667
0
0
9.66667e-05
0.000206667
0.00396
0.00482
0.00899667
0.00131667
0.0005
0
0
0.00201333
0.00120667
0
0
0
0
8e-05
0.00019
0.00114667
0.0005
0
0
0
0
0
0.00100667
0.00100667
0
0
0
0
0
8e-05
0.000343333
0
0.0001
0.000143333
0
0
0
0
0
0
0
0
0
0.000263333
0.000253333
0.00146667
0.00689
0
0
0
0
0
0
0.000376667
0.000376667
0.0110567
0.00966
0.0125367
0
0
0
0
0
0
0.00168
0.00205667
0.00422667
0.0251833
0.0173733
0.00880667
0.00791667
0.00235
0.00101
0
0
0
0
0
0
0
0
0.000583333
0.00226333
0.0113833
0.0276133
0.01887
0.02104
0.00376
0.00316333
0.01283
0.0182333
0.0206867
0.0144
0.01196
0.0224
0.0140833
0.0162533
0.00525667
8e-05
0.00395667
0
0.000193333
0
0
0.000733333
0.00097
0.01009
0.00430333
0.00383333
0.00772
0.00500667
0.02471
0.0152167
0.0207233
0.00227667
0.00490667
0.01586
0.0191433
0.00776667
0.01835
0
0.000656667
0.00054
0.000533333
0.00137667
0.00545333
0.0109633
0.0109133
0.00637333
0.0334633
0.0415667
0.0269067
0.00992333
0.01
0.0155067
0.00128
0.00094
0.0114333
0.0158567
0.01635
0.00713
0.0139867
0.03007
0.00930667
0.02664
0.01897
0.0385733
0
0.000503333
0.000503333
0.00151667
0.00844
0.00963
0.00348333
0.00584
0.00874667
0.0208367
0.0161567
0.02597
0.04315
0.05175
0.03423
0.0160033
0.0123333
0.00225333
0.00108333
0.00253667
0.00221667
0.00431333
0.00247667
0.00011
0
0.01933
0.0157167
0.01201
0.0209867
0.01241
0.00621
0.0127133
0.0249633
0.0312933
0.0282067
0.0189233
0.00815
0.0155533
0.0116567
0.0139267
0.0232367
0.0417833
0.02514
0.00684667
0.00527333
0.0266167
0.03386
0.04097
0.03361
0.01022
0.0027
0.0304033
0.0162133
0.01894
0.0251967
0.0231167
0.02442
0.0144733
0.0896433
0.0707133
0.04919
0.0253333
0.0243467
0.09001
0.0877867
0.07892
0.03634
0.0182833
0.0233367
0.07391
0.0905133
0.08756
0.0536033
0.0325467
0.0684167
0.08851
0.08957
0.0606767
0.0363167
0.0495833
0.0500333
0.0416833
0.0706867
0.0661333
0
0.00169
0.00655667
0.01244
0.0279167
0.03131
0.0239467
0.02247
0.0514733
0
0
0.02206
0.0225767
0.0127033
0.00534
0
0.000403333
0.00527
0.0109167
0.0218233
0.05016
0.04476
0.0261733
0.02285
0.0246133
0.0370933
0.00665
0.00275
0.01679
0.03373
0.0198867
0.0190667
0.00658333
0.01202
0.0252567
0.01729
0.00357
0.0011
0
0
0.00692
0.014
0.0237867
0
0
0
0
0
7e-05
7e-05
7e-05
0
0.00024
0
0
0
0.00036
0.00199667
0.000923333
0.0151433
0.0109733
0.0298167
0.00538667
0.00156333
0.00621667
0.00164
0.0443833
0.05329
0.0411767
0.02727
0.00265667
0.00253333
0.000316667
0.00036
0.000416667
0.000416667
0.000243333
0.00159
0.00597667
0.00642667
0.02282
0.00995333
0.00610667
0
5.33333e-05
0.02089
0.0159167
0.0324267
0.01747
0.000916667
0.000446667
0.000376667
0.00236333
0
0
0.00559333
0.0015
0.00596
0.00634667
0.00588333
0.01411
0.00915667
0.00571667
0.000253333
7e-05
0.00543333
0.00985
0.0197033
0.0159333
0.02417
0.0190867
0.02436
0.0137167
0.01059
0.00357
0.00298667
0.02779
0.02223
0.0205933
0.0151033
0.00753
0
0
0.000766667
0.000766667
0.0162233
0.00692667
0.00297667
0.02272
0.00392333
0.000816667
0.00139
0.00359
0.00169
0.0186833
0.00198
0.00183667
0.00324667
0.00415
0.0105333
0.0106767
0.01143
0.01185
0.0158933
0.00868
0.00695
0.000383333
0.00538667
0.00597667
0.0131533
0.0082
0.00754333
0.000366667
0.00253
0.02052
0.03598
0.00261
0.00388
0.00355
0.01036
0.000716667
0.00043
0.0351833
0.0455267
0.01974
0.00532333
0.00556667
0.00970667
0.00562333
0.00188333
0.00318
0.00188333
0.0126633
0.02718
0.0001
0.0154167
0.01775
0.00042
0.00167
0
0.05914
0.05013
0.00505
0.00101667
0.00054
0
0.00291667
0.0115733
0.01475
0
0
0.05411
0.06599
0.00093
0.0227167
0.0214167
0.0165433
0
0
0.0470833
0.0232533
0.0105333
0.00236
0.0317567
0.0250767
0.0297667
0.01671
0.0163233
0.0184567
0.0195533
0.0181033
0.00778333
0.00540667
0.0018
0.00150333
0.0120567
0.00409
0
0
0.01417
0.0235533
0.000476667
0.000703333
0.01844
0.00911
0.0302633
0.0321767
0.00057
0.00306333
0.00252667
0.00842
0.00149333
0
0.00023
0.0113767
0.00535
0.00511667
0.00034
0.000163333
0.01317
0.0108367
0.0108433
0.01381
0.00762
0.00859667
0.0199833
0.000913333
0.000783333
0.01023
0.00684
0.0170567
0.00636
0.0184133
0.00853333
0.0202833
0.00700667
0.01011
0.0151033
0
0.000383333
0.01538
0.0143933
0.01476
0.00431
0.00178667
0.00121333
0.00061
0
0
0.01981
0.0224433
0.01503
0.00444
0.00583
0.000413333
0.000413333
6e-05
0
0.03478
0.0305033
0.00989333
0.00541333
0.000283333
0.01078
0.0214867
0.0189833
0.000696667
0.00126333
6e-05
0
0
0.00332667
0.00326667
0.00636333
0.00647
0.0187667
9.66667e-05
0.01177
0.00536
0.0119467
0.0173733
0.00878333
0.00038
0.000676667
0.000193333
0.0241233
0.02607
0.0370167
0.00228
0.00102
0.00435
0.00951333
0.00380333
0.00187
0.0125433
0.0203
0.00965333
0.0140733
0.0257667
0.03927
0.0012
0.006
0.00154333
0.00017
0
0.02079
0.0207467
0.0379833
0.00392667
0.00253333
0.00078
0.00136
0.00998
0.0125233
0.0178633
0.0326833
0.0151433
0.0236
0.00192333
0.0253867
0.0341033
0.00394333
0.00187
0.00966333
0.00507667
0.00741333
0.00777667
0.00508667
0.00398667
0.0431067
0.000476667
9e-05
0.04498
0.01036
0.00241667
0.0101367
0.00299667
0.00777667
0
0.0334433
0.0439733
0.00957333
0.00843
0.00043
0.0106233
0.0151933
0
0.00477333
0.00459
0.00956333
0
0.00119333
0.0219867
0.00800333
0.000436667
0.00954
0.0117567
0
0.000183333
0.000183333
0.000943333
0.00110333
0
0.00228
0.0221633
0.0315167
0.00015
0
0.0219067
0.00193667
0.00759
0.00272667
0.00228333
0
0
0
0.00388
0.00025
0.00107667
0.00204333
0.00143333
0.000456667
0.00067
0.03435
0.000333333
0
0.000153333
0
0.000106667
0.000106667
0
0
0
0.03773
0.0415933
0.00273333
0.00129667
0.00802
0.0107933
0
0.000456667
0.00088
0.00213
0.00073
0.02871
0.04772
0.00191667
0.00143333
0.0437
0.00299
0.05093
0.0269133
0.00733333
0
0.00154333
0.00808
0.00559
0.0421533
0.00358333
0.127467
0.09287
0.01277
0.01317
0.0191467
0.01882
0.0141567
0.0782667
0.0703333
0.00069
0.05341
0.00199
0.00323
0.22691
0.21222
0.14096
0.00564
0.0146033
0.00794333
0.0202533
0.0582967
0.00148
0.00212333
0.344697
0.00610667
0.0247233
0.01138
0.02802
0.01611
0.0461933
0.00095
0.56032
0.33114
0.00613333
0.0133367
0.00816333
0.0245233
0.00731667
0.01963
0.0316
0.0100467
0.00826667
0.03809
0.03054
0.04482
0.01743
0.01684
0.0408333
0.03226
0.01411
0.0114167
0.0304867
0.0115833
0.0140467
0.0177633
0.00999667
0.00191333
0.00327333
0.0600167
0.04153
0.02187
0.0132133
0.0556733
0.0160467
0.00856667
0.00191333
8.66667e-05
0.00265333
0.0388833
0.0533533
0.02883
0.0411167
0.01629
0.00503333
0.05018
0.0689867
0.01949
7.33333e-05
6e-05
6e-05
0.0226033
0.0344133
0.00432667
0.0381967
0.05264
0.0264667
7.33333e-05
0.00012
0.00887
0.02301
0.0130367
0.00604
0.0280067
0.0346067
0.0170967
0.0169967
0.00135
0.00845667
0.0147633
0.00285333
0.00779333
0.01186
0.0188833
0.00312667
0.00149333
0.0295133
0.00363
0.00297667
0.00506
0.00719
0.00367333
0.00102333
0.00202
0.0203133
0.00218667
0.00349333
0.00460333
0
0.000206667
0.000393333
0.00501
0.00712333
0.00493333
0.00102333
0.00130667
0.00386333
0.0110367
0.0208233
0.0384367
0
0
0
0.00413333
0.00638333
0.00637
0.0139233
0.0003
0.00138667
0.01424
0.0184333
0.0221833
0.0465267
0
0
0.0180233
0.000303333
0.0106467
0.01282
0.000733333
0.000513333
0.02818
0.00557
0
0
0
0
0.02149
0.0112333
8.33333e-05
8.33333e-05
0.000406667
0.000323333
0.0137533
0.0213667
0.0132133
0.00915667
0.000866667
0.0234367
0.01964
0.00102
0.0369667
0
0.000186667
0.000266667
0
0.01149
0.00184667
0.00180333
0.00204333
0.00357667
0.00228333
0.0182633
0.00592
0.00208667
0.00130667
0.01533
0.00794667
0.000593333
0.01628
0.000266667
0.01677
0.00776333
0.00833333
0.00704333
0.00846
0.05023
0.0320433
0.0126967
0.00732
0.0154733
0.00101667
0.00524667
0.0311067
0.0262967
0.00526667
0.00317667
0.0180333
0.000103333
0.000103333
0.0428033
0.0916467
0.04507
0.0349367
0.0249433
0.0164767
0
0
0.00027
0.04947
0.0523633
0.04494
0.0692333
0.0874867
0.0228567
0.04271
0.0189867
0.0349267
0
0.0104333
0.00027
0.000573333
0.0315167
0.0182533
0.00752
0.00462667
0.03714
0.038
0.02185
0.0335767
0.0086
0.02361
0.000233333
0.000573333
0.000266667
0.000303333
0.00401
0.0041
0.0102667
0.0126633
0.03324
0.0197233
0.02702
0.02214
0.02566
0.02136
0.0130767
0.0160167
0.00905333
0.00176
0.00169333
0
0.06066
0.05098
0.02787
0.02761
0.0191733
0.00963667
0.00739333
0.02645
0.01083
0.00217333
0
0
0.01916
0.0173233
0.000283333
0.0147567
0
0
0.00878333
0.01045
0
0
0
0.00580333
0.01093
0
0
0
0
0
0.00511
0.000143333
0.000246667
0.00049
0.000683333
0
0
0
0
0.00708333
0.00772667
0.0183867
0
0
0
0
0
0
0
0.000463333
0.01062
0.00930667
0.0152333
0.0225767
0.0246567
0
0
0
0
0.00405
0.00664667
0.0145833
0.0183533
0.02326
0.0137267
0.00779667
0.000646667
0.00097
0.00165
0
0
0.02326
0.0115933
0.0166533
0.00772333
0.00274
0.00741667
0.0132433
0.0203333
0.0201433
0.00845667
0.00460667
0.00409
0.00234333
0.00441
0.00278333
0.000733333
0.04302
0.0101633
0.0062
0.00577333
0.0082
0.000326667
0.00094
0.00120333
0.04141
0.03541
0.00552333
0
0
0
0.0182467
0.01794
0.00652333
0.00141
0.0210833
0
0
0
0.000116667
0.0155333
0.01193
0.0373733
0.0209667
0.000116667
0.00352333
0.00364
0.0043
0.00094
0.00029
0.00113333
0.00648667
0.0534433
0.0557767
0.00141333
0.0159433
0.00660333
0.0263167
0.00612667
0.01271
0.02038
0.0142333
0.00466
0.00262
0.0435733
0.03178
0.0330533
0.0379533
0.0450833
0.000166667
0.00011
0
0
0.008
0.00320667
0.0171133
0.005
0.01
0.005
0.00129333
0.00498333
0.0101633
0.0106533
0.00064
0.000556667
0.0227733
0.0276267
0.000736667
0.00025
0.0288667
0.0571367
0.02912
0.0470733
0.00707
0.000853333
0
0
0.0365267
0.0619333
0.02938
0.06138
0.02451
0.0211433
0
0
0
0
0
0
0.0297933
0.05408
0.0257433
0.0643967
0.02594
0.0281
0.00245333
0.00245333
0
0
0
0
0
0.0456833
0.06101
0.0402333
0.05703
0.01728
0.0260633
0.02017
0.02678
0.00473
0.00227667
0.00227667
0
0
0
0
0
0
0.00017
0.002
0.00198333
0.00213667
0.0260133
0.05017
0.0412167
0.0560533
0.05174
0.0580867
0.03257
0.00692
0.02964
0.0156167
0
0
0
0
0
0
0
0.00017
0.01135
0.01357
0.00534
0.00621
0.000536667
0.00202
0.00254667
0.00139333
0.01208
0.00705333
0.03408
0.00673333
0.0353167
0.0069
0
0
0.00071
0.00549333
0.00678333
0.0146
0.0191833
0.0275833
0.0236467
0.01924
0.0103
0.01542
0.0188467
0.00885667
0.00520333
0.00206667
0.00248
0.0468267
0.03963
0
0.05139
0.0199133
0.0482667
0.00950667
0
0.00054
0.0119333
0.01938
0.0261667
0.02314
0.00747667
0.0117267
0.0232433
0.0180033
0.0105833
0.02515
0.03547
0.0399933
0.0229667
0.00759667
0.00515
0.0141367
0.02361
0.0415467
0.0406567
0.0428833
0.0367167
0.04415
0.0278167
0.0124367
0.0113133
0.00065
0.00481667
0
0.0239867
0.0172133
0.02916
0.0256033
0.0269433
0.01373
0.00700667
0.0116833
0.0146033
0.0226733
0.01614
0.0159633
0.00889333
0.0117667
0.01541
0.0317
0.0112133
0.00835333
0.0402967
0.04315
0.0466267
0.0318533
0.0355433
0.0264067
0.01061
0.00617333
0.000883333
0.00495333
0.0158467
0.00157667
0.00452
0.00952
0.00229333
0.00272
0.0103533
0.00845333
0.0374467
0.0327533
0.0270433
0.01834
0.0205467
0.0227033
0.0155967
0.0199567
0.02818
0.00579
0.000703333
0
0.00047
0
0.0132433
0.02415
0.0224967
0.0189633
0.0299167
0.0243433
0.0333933
0.0227133
0.02731
0.0171567
0.0142433
0.0185333
0.00666333
0.03402
0.0143633
0.0264867
0.05172
0.0389567
0.00608
0.00424
0.0158867
0.03862
0.0486633
0.0360833
0.0119433
0.02351
0.0129367
0.01406
0.0219067
0.0195967
0.0210133
0.00877
0.00247
0
0
0.00328667
0.0223367
0.03249
0.0220967
0.02127
0.00853333
0
0
0
6e-05
0
0
0.00026
6e-05
6e-05
0
0
0
0
0
0
0
0.00616667
0.000556667
0
0
0.01881
0.00848
0.00544667
0.000896667
0.00560333
0.00774333
0.00856333
0.0119533
0.00974
0.00967667
0.00319667
0.00366333
0.000636667
0.000733333
9.66667e-05
9.66667e-05
0.04726
0.03614
0.0209967
0.02957
0.0290067
0.0207533
0.00573
0.00610333
0.00799333
0.00721
0.00512333
0.00488333
0.00032
0.000563333
0.00412333
0.00484333
0.000963333
0.00038
0.00038
0.00114
0.00326333
0.00828
0.0217567
0.0233533
0.000346667
0
0.000636667
0.00366667
0.00368333
0.00027
0.00062
0.00208333
0.0110333
0.000346667
0.000583333
0.000693333
0.000346667
0.00119667
0.00042
0.00402
0.0125267
0.0198733
0.0133
0
0.000236667
0.000236667
0.000166667
0.00747667
0.0178033
0.0239467
0.0214767
0.02673
0.02011
0.0211267
0.000183333
0
0.000183333
0.02863
0.0280067
0.00491
0.0136167
0.02302
0.0229333
0
0
0
0.0195767
0.0258
0.0162367
0.00053
0.00184333
0.02441
0.0247167
0.00468
0.00988
0.00775
0.00122
0.00859333
0.000533333
0.0222467
0.0229933
0.0111967
0.00651667
0.000746667
0
0.0265
0.0176233
0.01947
0.02178
0.00507
0.00639
0.00666
0
0.000903333
0.00105667
0.0012
0.0125733
0.0201633
0.00992333
0.0199667
0.00211667
0.00225667
0.00048
0.00025
0.00675
0.0200933
0.0423333
0.04573
0.000823333
0.00067
0.00354333
0.00511
0.000476667
0.00536
0.000863333
0.000773333
0.00158333
0.00199667
0.00339
0.00421667
0.00373667
0.00887667
0.00129667
0.00097
0.000443333
0.00232
0.00255667
0.000133333
0.000386667
0.000633333
0.0202567
0.0055
7e-05
0.00025
0.000513333
7e-05
0.0239933
0.0198467
0.0001
0
0.000316667
0.000496667
0.0107167
0.0147967
0.0169767
0.0217233
7e-05
0
0.0403367
0.00645
0.00241667
0.00018
0.00018
0.0018
0.00358
0.00457333
0.0113133
0
0
0.0325467
0.0124433
0.00039
0.00039
0.00219
0.01579
0.000176667
0.000176667
0.0240833
0.01656
0.0201267
0.02081
0.00039
0.0231933
0.0192633
0.0174967
0.02193
0.01532
0.0101933
0.00763
0.00942667
0.00834333
0.00029
0.000113333
0.00241333
0.0129233
0.0166733
0.0170567
0
0.00039
0.00889333
0.0160667
0.000133333
0.00036
0.000113333
0
0.00376667
0.00376333
0.00705667
0
0
0.00435667
0.00357667
0.00088
0.00742333
0.00732
0.000253333
0.000126667
0.000453333
0.00113667
0.01705
0.0119767
0.000176667
0.00442333
0.00421
0.00414333
0.00765
0.00613333
0.00951333
0.00507333
0
0
0.00113667
0.0231
0.02318
0.000383333
0.000383333
0.0152133
0.01958
0.00218333
0.00229333
0.000523333
0
0.00895333
0.01981
0.0179567
0.0187367
0
0.0291767
0.02213
0.00268333
0.00169
0.000523333
0.0320567
0.0260733
0.00537333
0.00907333
0.02716
0.000856667
0.00134
0.02681
0.0285167
0.00181
0.00233333
0.00412
0.00141
0.01656
0.01061
0.0183967
0.00282667
0.000543333
0.00091
0.00026
0.0196767
0.0183433
0.00760667
0.00986
0.0159233
0.00343
0.00843333
0.00026
0.00956333
0.00448667
0.0189267
0.0341133
0.00102
0.00758
0.02055
0.0109133
0.00402333
0.00141667
0.00679667
0.0171867
0.0426867
0.0401633
0.00144667
0.000396667
0.000226667
0.00776
0.0170233
0.0421367
0.0444767
0.000886667
5.66667e-05
0.0199633
0.0173767
0.02259
0.03258
0.0275433
0.01994
0.0284833
0.00144667
0
0
0.0202433
0.01706
0.0312967
0.00823667
0.01903
0.00887667
0.0445367
0.0349333
0
0
0
0.0160767
0.000176667
0.00265667
0.0137833
0.01592
0.0123667
0.0290433
0.0293567
0
0
9e-05
0.03478
0.00012
0
0
0.02218
0.0237733
0.0132733
9e-05
0.000406667
0.01907
0.0213333
0.000126667
0
0.0163467
0.0248767
0.02449
0.000493333
0.000116667
0.000406667
0.00215333
0.00570333
0.000126667
0.000126667
0.0234833
0
0.02643
0.02553
0.00793333
0.0159967
0.0129267
0.0193867
0.0162833
0.0135233
0
0
0.00204
0.000483333
0.00033
0
0.000363333
0.0329833
0.00326667
0.00963667
0.00654
0
0.00332
0.00280667
0
0.05027
0.01057
0.00625333
0.000466667
0.00153333
0.00164667
0
0
0.00073
0.0451233
0.00151333
0.0670433
0.0331333
0.00676
0.0107467
0.000346667
0.00244
0.00391667
0
0.000766667
0.00121667
0.00121667
0.00419
0.0435767
0.00149333
0.11362
0.1781
0.0541833
0.0596267
0.00928
0.00118667
0.00041
0.00562667
0.00998667
0.00121667
0.01839
0.00099
0.0469067
0.0363267
0.272633
0.109597
0.00396333
0.00123333
0.00155667
0.01016
0.00501333
0.000683333
0.0257867
0.0344467
0.00120333
0.00171333
0.00775667
0.0181433
0.00380667
0.00412333
0.00479
0.00387333
0.03019
0.01866
0.00195333
0.00247333
0.0366733
0.00202333
0.606067
0.41207
0.0234033
0.0130433
0.00996333
0.00462667
0.00351667
0.00467
0.0105667
0.00467667
0.0281
0.0275033
0.02445
0.0112433
0.00714667
0.00506667
0.55749
0.00918667
0.01405
0.03076
0.00872667
0.0117133
0.00283333
0.02791
0.0219567
0.0275667
0.0373167
0.0268733
0.02519
0.00570333
0.00896333
0.0459567
0.00281667
0.0495067
0.0237033
0.0184167
0.00919
0.00764667
0.00302333
0.0498833
0.0223633
0.0313267
0.000786667
0.0873433
0.069
0.02193
0.0218933
0.0296033
0.03415
0.01192
0.00992667
0.00591333
0.000456667
0.0353367
8e-05
0.0528867
0.0687833
0.01962
0.01086
0.0308633
0.0313633
0.01126
0.02023
0.00013
6e-05
0.0278533
0.0394833
0.0138
0.0222567
0.0188567
0.00141333
5.66667e-05
6e-05
0.00858
0.00103
0.02594
0.02931
0.00474333
0.00126333
0.00288333
0.00646333
0.00522333
0.00238
0.00158
0.0260767
0.00494667
0.00414
0.0133233
0.0258533
0.0192467
0.00015
0
0.000406667
0.000613333
0.00304
0.00634333
0.00166
0.0156767
0.0204633
0.0272933
0.0324333
0
0
0
0.0158033
0.0164933
0.00656333
0.00170333
0.0210167
0.00152333
0.0126967
0.0184867
0.0239567
0.05363
0
0
0.0231633
0.00363
0.00295667
0.0012
0.00203
0.00813333
0.000216667
0.0109033
0.00674
0
0
0.000346667
0.000346667
0.000253333
0.000253333
0.00535333
0.00395667
0.00420333
0.00699
0.00809333
0.000813333
0.0337067
0.0395367
0.000613333
0.0206567
0.00866333
0.0104567
0.00215
0.00403333
0.00419333
0.00152
0.00450667
0
0.000386667
0.0169133
0.00607667
0.000736667
0.00393333
0.0223633
0.0222033
0.00516667
0.00836
0.00765333
0.00755333
0.00287333
0.00913
0.00362
0.00071
0.00071
0.00267333
0.00536667
0.00589
0.00430667
0.00377
0.0243733
0.0292933
0.0534933
0.0187333
0.0213033
0.00496
0.000203333
0.000603333
0.00881667
0.00139
0.00064
0.03345
0.0784433
0.0695733
0.02979
0.01975
0.0215
0.00958
0
0
0.00473333
0.01395
0.00112333
0.0690933
0.0737533
0.01328
0.023
0.01482
0.0107367
0.0251267
0.0133267
0
0.01078
0.00377667
0.00432667
0.0306533
0.01557
0.0421033
0.00368
0.00707667
0.0086
0.000233333
0
0.0011
0.00062
0.00699333
0.00739333
0.0171067
0.0174833
0.02175
0.0154567
0.000886667
0.000723333
0.000593333
0.00049
0.00356333
0.00501
0.000666667
0.000363333
0.0309233
0.0504333
0.0490333
0.0300967
0.01769
0.0159967
0.00244
0.00270667
0.02238
0.0282533
0.000283333
0
0.0025
0
0
0
0.0141333
0.0113633
0.00058
0.000216667
0
0
0.0304867
0.0370233
0
0
0.0122133
0.00805667
0
0.0104867
0.0191267
0.00054
0.000323333
0.000323333
0
0
0.012
0.0270767
0
0.01541
0.0309733
0
0
0.00044
0.0104367
0.0112433
6.33333e-05
0
0
0.00531667
0.0064
8e-05
0.0298233
0
0
0
0.000316667
0.000756667
0.00133
0.00212333
0.00162333
6.33333e-05
0
0.00128333
0.00158
0
8e-05
0.00098
0
0
0.000316667
0.000316667
0.00089
0.00099
0
0.00014
0.000103333
0.000103333
0.00044
0.0002
0
0.000296667
0.000636667
0
0.00859
0.00114667
0.000166667
0.000166667
0
0.000416667
0.000833333
0.000293333
0.00087
0.000336667
0.00122333
0.00204667
0
0.0002
0.00034
0
0.00402333
0.00474667
0.0033
0.00358667
0.000453333
0.00087
0.00087
0.00150667
0.00544333
0.0129567
0.00711667
0.0230767
0
0
0.000456667
0
0
0.00378333
0.0126667
0.000453333
0
0.00898333
0.0129833
0.01344
0.00812
0.000533333
0.000453333
0.000313333
0.000313333
0.000313333
0.000793333
0.000456667
0
0.03205
0.0236267
0.0140633
0.00545
0.00092
0.000466667
0
0
0.0132867
0.01048
0.0144833
0.0225767
0.0226
0.0278033
0.0224033
0.00393667
0.00534
0.00538667
0.00753667
0.00443667
0.000336667
0.000336667
0.000336667
0.00017
0
0.04654
0.0444233
0.0190567
0.00919333
0.00515
0.00062
0.000466667
0
0
0.00284333
0.000223333
0.000133333
0.00627667
0.00064
0.02837
0.0399467
0.00581667
0.00173
0.000576667
0.000423333
0
0
0.00855667
0.00303333
0.00931333
0.0205167
0.01169
0.00984333
0.00962333
0.00135667
0.000933333
0
0.000463333
0
0
0.00753667
0.00237667
0.0183667
0.0189533
0.0254233
0.01573
0.00818
0.00165
0.00241667
0.00216333
0.00315
0
0.00143333
0.0125233
0.00143667
0.0062
0.01003
0.0479133
0.0363
0.0275533
0.0211
0.00906
0.00423
0.00871667
0.00747333
0.000636667
0.00122
0.000716667
0.00583
0.0189967
0.0254767
0.00045
0.00141
0.03634
0.04471
0.02277
0.0114267
0.00492667
0.00906333
0.0168333
0.0169133
0.0158533
0.00712667
0.00137667
0.03024
0.0226867
0.0298467
0.0172733
0.0133933
0.00293667
0.000493333
0.000706667
0.000213333
0.00027
5.66667e-05
0
0
0.0146633
0.0223833
0.0112767
0.0190467
0.01757
0.0142967
0.00092
0.00627667
0.01115
0.01143
0.00714333
0.0097
0.00578667
0.00511333
0.00064
0.00028
0.00028
0.000696667
0.000416667
0.00451
0.00451
0.000363333
0.00239333
0.0137867
0.0193167
0.0125733
0.00160333
0.00029
0
0
0
0
0.00159333
0.00531
0.00053
0.000726667
0.0116833
0.00462667
0.00029
0
0
0
0
0
0
0
0
0.00184667
0.00188667
0.0037
0.000676667
0.00029
0
0
0
0
0
0
0
0
0.00798
0.00844667
0.0170133
0.00867
0.000386667
0.000516667
0.000516667
0.000516667
0
0
0.01898
0.01252
0.0230767
0.0153567
0.00567
0.00758
0.0127333
0.00951667
0.04261
0.03452
0.0255067
0.0196433
0.02347
0.02077
0.00420333
0.000306667
0.00405
0.00405
0.00483
0.00503333
0.00900333
0.0189967
0.04131
0.03098
0.02263
0.0338933
0.0249167
0.00523
0.00994667
0.00519667
0.00161
0.00222667
0.01772
0.0185567
0.01928
0.00341
0.00156667
0.00198
0.00441667
0.0291133
0.0334933
0.0437733
0.03482
0.0187333
0.0218833
0.00751333
0.00342667
0.000373333
0.00252333
0.000126667
0.000126667
0
0.0166167
0.0158367
0.02194
0.0165633
0.00637667
0.00236667
0
0.0315233
0.0254
0.01674
0.00399333
0.02107
0.0106033
0.00134667
0.00175
0.00698
0.0164967
0.0212967
0.00340667
0.01111
0.01701
0.0102333
0.00512333
0.0202133
0.00902333
0.0291533
0.0201133
0.00389
0.00097
0.00150667
0.00100667
0.00398333
0.00338
0.0105867
0.0148033
0.0530533
0.04031
0.0391367
0.0275267
0.0226867
0.01921
0.0254233
0.02671
0.0208967
0.00449667
0.0159533
0.01552
0.0163767
0.0182867
0.0264067
0.03662
0.0505133
0.00145
0.00351
0.0161867
0.02198
0.01654
0.01248
0.0127
0.00928333
0.0107
0.00642333
0
0
0
0
0.00328667
0.00373667
0.00936667
0.00962667
0.00407667
0.00434333
0.000963333
0.000563333
0.000623333
0
0.00026
0
0.00026
6e-05
0
0
0
0
0
0.00052
0.00505
0
0
0
0
0.02827
0.00434667
0.00034
0.000756667
0
0.0305
0.0256133
0.0367567
0.0218467
0.03246
0.0380967
0.02553
0.01955
0.0108967
0.00812333
0.00482
0.00599
0.0107633
0.0215267
0.01913
0.01847
0.0130133
0.01273
0.00569
0.00925
0.0190333
0.01487
0.01138
0.00135333
0.00039
0.00677667
0.00320667
0.0129367
0.00105
0.000703333
0.00105
0.000693333
0.00127667
0.00312
0.00318333
0.000466667
0.000173333
0.000193333
0.00688
0.00718667
0.00134
0.00116667
0.00127667
0.00104
0.000546667
0.000483333
0.00439
0.00222667
0.01353
0.00570667
0.00199667
6e-05
6e-05
0.00058
0.000756667
0.00362667
0.00652
0.0145667
0.0216
0.01228
0.01337
0.0193133
0.01172
0
0
0
0
0.0283033
0.0274167
0.0275967
0.00373333
0.03226
0.0276233
0.000143333
0
0.0257167
0.0309133
0.0276567
0.00064
0.0290567
0.00482333
0.0166333
0.0215233
0.0350733
0.0153733
0.02117
0.00112667
0.00083
0.02134
0.0160867
0.00641
0.00861667
0.0189633
0.00045
0.000603333
0.02108
0.0144333
0.0188467
0.01791
0.00324667
0.00432333
0.00034
0.00817
0.00855333
0.01564
0.00811
0.00768333
0.000596667
0.00123333
0.00522333
0.0227167
0.0294967
0.00548333
0.00205667
0.00530667
0.00875
0.00102
0.00109
0.00684667
0.00807667
0.00256333
0.00773
0.0288533
0.0253667
0.00877
0.00772333
0.0008
0.00205
0.000133333
0.000423333
0.00130333
0.00095
0.00710667
0.01778
0
0
0
7e-05
0.00305
0.00746667
0
0.00116667
0.00134333
0.00199
0.00876
0.00692
0.0232833
0.00293
0.000613333
0.000673333
0.00622333
0.00466667
0.0096
0.00827
0.00392667
0.02168
0.00962333
0.00414333
0
0.00256667
0.02305
0.00944333
0.00696667
0.00109333
0.00354667
0.0120233
0
0
0.0115
0.00370333
0.0175733
0.0265867
0.0199
0.02034
0.02682
0.02993
0.0336333
0.0129367
0.00136
0.01012
0.00093
0.00279667
0.00852333
0.00274333
0.00335667
0.00504667
0
0.0229133
0.01455
0.00419333
0.00945333
0.000323333
0.00214333
0.00279333
0.0130933
0.0125633
0.000126667
0.00285
0.000903333
0.00079
0.0029
0.00723333
0
0.01572
0.01786
0.0161233
0
0.000126667
0.000453333
0.000453333
0.00848667
0.00056
0.000176667
0.00424667
0.00879
0.01014
0.0093
0.01653
0.0173333
0.000213333
0
0.000453333
0
0
0.0156233
0.00622667
0.00654667
0.00194333
0.00163333
0.0131433
0.0188333
0
0
0.0256133
0.0283933
0.0258867
0.00543333
0.00232
0.00119
0.00100333
0.00578667
0.00436667
0.000273333
0.000273333
0.0211
0.03135
0.03354
0.0355667
0.00540333
0.00939
0.00731333
0.00771
0.00457
0.000726667
0.0191267
0.00486667
0.00141
0.000273333
0.01096
0.00068
0.01645
0.0246433
0.00738
0.0104333
0.00443
0.00089
0.0101833
0.00033
0.00014
0.0164967
0.00508
0.00208333
0.000163333
0.00547333
0.00922333
0.0066
0
0.00019
0.00576667
0.0240367
0.0250967
0.00609
0.00596333
0.00712333
0.00353667
0.0162733
0.02827
0.0257467
0.00448
0
0.00387333
0.03389
0
0.00025
0.00839667
0.00957333
0.0190233
0.0189767
0.01809
0.0133367
0.02112
0
0
0.0163367
0.04016
0.0404133
5.66667e-05
0.00025
0.0192133
0.0185567
0.0139633
0.0126033
0.0152167
0
0
0.02452
0.0343667
0
5.66667e-05
0.02368
0
0.00265667
0.0224233
0.0174867
0.01289
0
0.00063
0.0214667
0.0217167
0.0186633
0
0.00026
0.01473
0.00660667
0.00507667
0.000916667
0
0.00103667
0.00803333
0.0117033
0.00666667
0
0.0170867
0.0159667
0.0227633
0.0247433
0.00209667
0.000263333
0.000493333
0
0.000116667
0.00267667
0.00222
0.000983333
0
0
0.03231
0.0245467
0.00759333
0.00026
0.00633
0.03423
0.0359633
0.0140367
0.00163333
0.00701
0.00430333
8e-05
0
0
0
0.00265333
0.00228667
8e-05
0.00126333
0.00103333
6.66667e-05
6.66667e-05
0.04529
0.00769667
0.01708
0.03794
0.0298067
0.00452
0
0.02552
0.03155
0
0
0
0.000386667
0.00642667
0.00783
0.00227
0.000573333
0.0485133
0.0103733
0.05542
0.00729333
0.01682
0.0196967
0.0169867
0.00041
0.000503333
0.00682667
0
0
0.0208233
0.02696
0.00311333
0.00362
0.04126
0.00640333
0.0154633
0.02654
0.05393
0.00836667
0.00464333
0.000756667
0.00233
0.00200333
0
0.00532667
0.00638333
0.0659667
0.00157
0.00261333
0.00153333
0.01747
0.00146
0.01278
0.0459233
0.0412367
0.0113633
0.0136933
0.0231733
0.0274533
0.38043
0.1539
0.0047
0.01529
0.0166833
0.03017
0.00294333
0.0417967
0.0120867
0.00865667
0.0291967
0.0188167
0.00301333
0.00268333
0.0831033
0.0893867
0.02601
0.05309
0.00418
0.0315667
0.00865333
0.468137
0.30835
0.0607033
0.00782667
0.00848667
0.05869
0.0575033
0.00775667
0.0357233
0.03225
0.00867333
0.0552067
0.0753467
0.0202367
0.00976
0.00812333
0.0298533
0.0546
0.04854
0.0463467
0.0657
0.03477
0.02184
0.0125033
0.0183167
0.0201167
0.0361367
0.0315167
0.0279633
0.0152433
0.0026
0.00703
0.0147367
0.02604
0.02222
0.00668667
0.02026
0.02125
0.0485867
0.0421067
0.01791
0.00174
0.00084
0.00531
0.0185
0.0145233
0.0156433
0.0168967
0.0130867
0.04011
0.0424133
0.00527333
0.00725667
0.00318333
0.02141
0.0321433
0.0247733
0.00151333
0.000503333
0.000503333
0.000996667
0.000493333
0.00932333
0.00730667
0.03034
0.03454
0.00792333
0.00175
0.000463333
0.00257667
0.00530333
0.00761333
0.01974
0.0317933
0.0116933
0
0
0
0
0.0213833
0.0106933
0.00686667
0.00247333
0.00145
0.00029
0.00286667
0.0108567
0.0196133
0.0113033
0.02122
0.0207133
0.0147167
0.00238333
0
0
0.00536333
0.0123133
0.0122767
0.00595667
0.00539667
0.0292833
0.0104433
0.0140467
0.01833
0.000373333
0.000373333
0
0.00015
0.00419333
0.0036
0.0295967
0.02361
0.00872667
0.0137533
0.0119767
0.0195333
0.0264
0.0026
0.000373333
0
0
0
0
0
0.0130333
0.01629
0.05178
0.0355333
0.00875667
0.0269033
0.0186633
0.00588333
0.01343
0.01069
0.00482667
0.0191067
0.0395067
0.00254
0.000313333
0
0
0
0
0.02573
0.0196
0.0371167
0.00882
0.00470333
0.00593333
0.00032
0.00476
0.00513667
0.00947333
0.00241333
0.000313333
0
0
0
0
0
0.0205
0.01861
0.00432667
0.00368333
0.00136333
0.00130667
0.000683333
0.00534333
0
0
0
0
0.00465333
0.00438667
0.02419
0.0277433
0.00253
0.00264333
0.01209
0.0179133
0.00785333
0.00369667
0.00601
0.00356667
0.00310333
0.00136333
0.00107333
0.000653333
0.00912667
0.00231667
0.000216667
0
0
0
0.00055
0.00055
0.01319
0.0128167
0.02692
0.0224567
0.03494
0.0283267
0.0423033
0.0190167
0.02686
0.0123033
0.00664
0.01597
0.0220133
0.02891
0.00566667
0.00415667
0.000266667
0.00723333
0.000423333
0.000216667
0
0
0
0.00126
0.00660333
0.01495
0.02007
0.02107
0.0422033
0.0132733
0.0137167
0.000633333
0.000206667
0.000206667
0
0
0
0
0.00665333
0.00510667
0.02953
0.03931
0.0498967
0.0770967
0.0605167
0.0403567
0.01923
0.00545
0.000233333
0
0
0
0
0
0
0.00190667
0.0583
0.0590267
0.0500133
0.0743433
0.0196667
0.0237833
0.00179
0.00557
0
0
0
0
0
0
0.0215967
0.02164
0.0305833
0.0473533
0.00327
0.00953667
0.00297667
0.00304333
0
0
0
0
0
0
0.00115333
0.00132
0.00933333
0.01784
0.01824
0.0171467
0.00639
0.00634333
0.00623667
0.0114367
0.0288133
0.04672
0.0400333
0.03586
0.0203733
0.000653333
0.000733333
0.00688
0.00012
0.00013
0.00013
0.00013
0
0
0
0
0
0
0.00421
0.00615
0.00649333
0.0353333
0.0436133
0.0217767
0.00963
0.000266667
0.000266667
0.03479
0
0.000226667
0.00309
0.00322
0
0
0
0.0146267
0.00127
0.00142667
0.00127
0.0006
0.000826667
0.01853
0.00359
0.0005
0
0.000156667
0.0204967
0.000156667
0.0216767
0.000746667
0.00134667
0.03825
0.0005
0.00236667
0.00208333
0.00259333
0.00233333
0.000313333
0.00047
0.00768333
0.000826667
0.00175
0.01621
0.00291667
0.0005
0.00294
0.01172
0.00239667
0.000126667
6.33333e-05
0.000313333
8e-05
0.00100333
0.0356433
0.00339667
0.01021
0.01293
0.00484
0.00504
0
0
0.0193533
0.0191967
0.00879
0.00412667
0.00379667
0.000336667
0.000336667
0.000933333
0.00175667
0.00294667
0.00274667
0.00406667
0
0.00035
0.00915667
0.0117367
0.00900667
0.00449667
0.000503333
8.66667e-05
0.00621
0.01234
0.0163567
0.0231833
0.0199
0.0218733
0
0
0.00418333
0.00472333
0
0.00035
0.0105133
0.0140567
0.01156
0.01341
0
0.02167
0.0267467
0.01701
0.01424
0.00415
0.00658333
0.0032
0.000313333
0.0032
0.00133333
0
0
0.0221667
0.03412
0.02038
0.0179067
0.0243767
0.0207333
0.0248733
0.0391
0.0328
0.0454633
0.0394167
0.0449533
0.0379233
0.0325233
0.0197667
0.0102533
0.00854667
0.00732333
0.0167433
0.00839
0.0185467
0.00818333
0.000203333
0.00054
0.00108
0.00034
0.00017
0.0418867
0.04442
0.0207633
0
0.0258067
0.0175933
0.00262
0.00271
9e-05
9e-05
0.00883667
0.00337
0.0380333
0.0214133
0.01633
0
0
0.00324667
0.000213333
0.00356
0.0179633
0.0116967
0.0115033
0.0271733
0.0247733
0.000463333
0.000463333
0
0
0.00368333
0.00212667
0.00153333
0.0105567
0.00774667
0.000986667
0.00145
0
0
0
0.01509
0.00649667
0.00299
0.00309
0.0073
0.0237367
0.01005
0.02952
0.00144333
0.0162367
0.00612
0.02306
0.000716667
0.00132
0.00593
0.00700667
0.0137033
0.0201833
0.00230333
0.00436333
0.0284033
0.01928
0.0329633
0.0326667
0.00422667
0.0295033
0.0226833
0.00907333
0.00604
0.00378333
0.00187667
0.000536667
0.0021
0.00156333
0.00217333
0.00061
0.000666667
5.66667e-05
5.66667e-05
0.00130667
0.00336667
0.02163
0.0102633
0
0.00130667
0.00750333
0.00280333
0.01359
0
0
0.00256667
0.00301333
0.00464
0.00474667
0.00144667
0.000653333
0.00676667
0.01199
0.00924333
0.00320333
0.0236767
0
0
0
0.00498667
0.00553333
0.00808
0.00587
0.00777667
0.0142467
0.0186433
0.00636
0
0
0
0
0.00147333
0.00104333
0.000346667
0.00436
0.00443667
0.000386667
0
0
0
0
0.0217833
0.0116933
0.00564333
0.00709
0.00558667
0.00108
0.000153333
0.000153333
0.000153333
0
0.0378067
0.01042
0.00861
0.0174867
0.00623333
0
0
0
0
0.000483333
0.0165133
0.0137033
0.01869
0.0106467
0.02066
0.0330433
0.02504
0.03733
0.0186
0.00885333
0.0184833
0.01845
0.000793333
0.00445667
0.00414333
0.00421
5.66667e-05
0.00249333
0.00363667
0.00898
0.0208133
0.0420833
0.0403267
0.00347667
0.0017
0.00423667
0.0312567
0.00916667
0.0113167
0.0005
0.00478
0.00911
0.00323
0.000253333
0.000126667
0
0
0.02506
0
0
0
0.00345333
0.0152067
0.00422
0.00966667
0.0199067
0.0213467
0.01824
0.0250567
0.0378667
0.0237233
0.0121
0.00659
0.00790333
0.00309667
0.00267333
0.00119
0.00473333
0.0048
0.0110867
0.01077
0.01697
0.0330333
0.00843
0.02001
0.0285133
0.0377567
0.0507033
0.0543967
0.0231833
0.0175833
0.00897667
0.00624
0.00666
0.00634333
0.0163967
0.0148767
0.00970333
0.01752
0.0185833
0.02425
0.0295033
0.0402667
0.03291
0.01867
0.01315
0.00824333
0.00816
0.00569333
0.000123333
0
0.00105667
0.00052
0.000346667
0.00273
0.000226667
0.00376
0
0
0
6e-05
0.000623333
0.000463333
0.00071
0.000463333
0.00498
0.00498
0.00574333
0.00138667
0
0.000463333
0.000463333
0.000926667
0
0.00132667
0
0.00052
0
0
0
0
0.00777333
0.00324333
0.0146833
0
0
0
0
0.0222133
0.0314733
0.0188433
0.0434133
0.0511033
0.03128
0.0157833
0.01367
0.00114667
0.000976667
0.00104333
6.66667e-05
0.000893333
0.00064
0.00602
0.00573
0.0153867
0.0114667
0.0174633
0.00123
0.000416667
0.000416667
0
0.00113667
0.00116
0.00574
0.00731
0.0183233
0.00076
0.00037
0.000426667
0.000213333
0.0129533
0.00452667
0.00163
0.0104967
0.00931667
0.00647333
0.00413
0.00049
0.00127
0.00193667
0.00112
0.00113
0.00064
0.00536333
0.00475667
0.000953333
0.000463333
0.00523333
0.000923333
0.00547333
0.000943333
0.00122333
0.00414667
0.00380333
0.0152433
0.000346667
0.00251
0.00529
0.00835
0
6e-05
0
0.00012
0.0231133
0.0283633
0.00271
0.00334
0.01431
0.01159
0
0
0
0
0.0264367
0.03563
0.00861
0.00812333
0.03304
0.02732
0.00296667
0.000143333
0.0419867
0.0464467
0.0311033
0.0397233
0.0279333
0.02026
0.0147767
0.0186167
0.00492333
0.00316667
0.0315467
0.0188867
0.02478
0.00138333
0.00320667
0.0154833
0.0111167
0.01187
0.02113
0.00899667
0.0108633
0.00280667
0.01849
0.0168133
0.00963333
0.0165433
0.0103133
0.00639667
0.00346667
0.0256633
0.00997333
0.00344333
0.00522
0.00481667
0.0111233
0.00610667
0.00253667
0.00173
0.00177
0.00061
0.0158967
0.0200467
0.0184
0.01436
0.0109467
0.00201333
0.00067
0.00232
0.00121667
0.00216667
0.00705667
0.00639
0.00886333
0.0122333
0.01778
0.02534
0.05404
0.0439567
0.0418633
0.01312
0.00670333
0.00190333
0.0154533
0.0254567
0.0204767
0.01205
0.000143333
0
0.00514
0.00364
0.00077
0.0019
0.00514667
0.00214667
0.0196767
0.0154533
0.00800333
0.0120867
0.0233133
0.0269
0.01633
0.02665
0.0180233
0.03671
0.0212633
0.03244
0.0301167
0.0403067
0.0119367
0.00868667
0.0170033
0.0352733
0.0261433
0.00703667
0.00336667
0.00112
0.00119
0.000143333
0.000893333
0.000893333
0.0017
0.00344
0.00455333
0.000983333
0.00165667
0.00226
0.00420667
0.000946667
0.00461667
0.0135767
0.01371
0.01515
0.0230067
0.0276333
0.0319733
0.04155
0.0549133
0.0415367
0.0392133
0.0409967
0.06067
0.04889
0.03996
0.03746
0.0457267
0.04064
0.02423
0.0144067
0.00572
0.00100333
7.33333e-05
0.00213
0.00302333
0.00468333
0.00542
0.0153533
0.0205633
0.0019
0.00817
0.000916667
0.00397333
0.00514333
0.00752333
0.00176667
0.000453333
0.0153667
0.01655
0.00810333
0.00662
0.00925333
0.00662
0.0173533
0.01483
0.0200733
0.0446433
0.0343067
0.0117733
0.00702
0.00865333
0.02425
9.66667e-05
0.00191667
0.00395
0.01364
0.0153
0.0174033
0.02422
0.0137467
0.00807333
0.00964
0.01168
0.00315667
0.00621667
0.00481667
0.00179333
0.00131333
0.00646
0.00906333
0.01752
0.0152133
0.00663333
0.00163
0.000643333
0.00153
0.01054
0.0276767
0.0269067
0.03051
0.00093
9.66667e-05
0.0144767
0.0232733
0.0227133
0.02408
0.0333333
0.0304233
0.00977
0.00444667
0.0062
0.00821667
0.00323
0.0034
0.00500333
0
0.00048
0.00609
0.00579667
0.00525
0.01437
0.01088
0.000886667
0.00345333
0.00266667
0.00451
0.02545
0.02323
0.04066
0.03775
0.0279133
0.00328
7.33333e-05
0
0.00526
0.00079
0.000243333
0.00489333
0.00471667
0.000466667
0
0.00845667
0.00505
0.00045
0.000943333
0.00165667
0.000986667
7e-05
7e-05
7e-05
0
0.0160967
0.0241733
0.04
0.03508
0.0165267
0.00396333
7.33333e-05
7.33333e-05
0
0
0.00100667
0.00625333
0.000176667
0.00501
0.00797
0.00498667
0.00655667
0.00542667
0.00105667
0.000886667
0.000283333
0.000136667
0.03598
0.03616
0.0147
0.00213667
0.00150667
0.0002
0.000286667
0
0.000383333
0.00911333
0.0125733
0.0200767
0.0170433
0.00719333
0.00233
0.00225333
0.000376667
0.0178333
0.0149267
0.00178
0.000473333
0.00151
0.00407
0.00312
0.00525667
0.00756
0.01058
0.0119367
0
0
0.01532
0.0051
0.03628
0.03352
0.04543
0.0357667
0.0270467
0.02674
0.00681
0.00251
0.0018
0.0088
0.01136
0.00578333
0.00437
0.008
0.0102067
0.00679333
0
0.0113167
0.00103667
0.0516867
0.0549067
0.0638667
0.05715
0.04696
0.02935
0.00679
0.0140067
0.0214633
0.0168367
0.0172767
0.0152667
0.01315
0.00862
0.00449
0.00455
0.0399867
0.0557667
0.0764267
0.0606567
0.0379067
0.0182867
0.0172533
0.02215
0.0199267
0.0193567
0.0132633
0.00273
0.00559
0.000246667
0.00927667
0.00023
7.33333e-05
0.00729333
0.0312667
0.0465833
0.06441
0.05834
0.0397667
0.0224633
0.01598
0.0183833
0.02329
0.0192067
0.00200333
0.00524667
0
0.00057
0.0180167
0.0110633
7.33333e-05
0.000323333
0.00742667
0.0211367
0.03632
0.0541467
0.0463733
0.0353967
0.03486
0.00988
0.00978
0.0136867
0.00960333
0.00299
0.00189667
0.00184
0
0
0.00108667
0.0260333
0.03523
0.0331133
0.0313267
0.02035
0.01374
0.0156433
0.00543667
0.00866
0.01192
0.00931667
0.0116633
0.0121633
0
0
0
0.00106667
0.0383133
0.000813333
0.0243467
0.02466
0.0225433
0.0124867
0.00601667
0.00767667
0.0257467
0.0290133
0.02359
0.0179167
0.0347467
0.0300767
0.0416133
0.0299867
0.0195833
0.0206267
0.0254167
0.02168
0.0207933
0.00982333
0.00157333
0.00048
5.66667e-05
0
0
0
0
0.00011
0.0365733
0.0402667
0.000563333
0.00255
0.0223567
0.00746667
0.000996667
0.0266467
0.02568
0.0108567
0.0118067
0.0218667
0.0415467
0.0634833
0.0518567
0.0237867
0.0224833
0.0216733
0.02033
0.0253
0
0.00074
0.00482667
0.00825
0.0266867
0.00198667
0.01326
0.00811333
0.00190333
0.0401733
0.0348167
0.0457133
0.0274267
0.0548367
0.0668367
0.0408467
0.02318
0.0213767
0.0261667
0.0235667
0.02606
0.02466
0.0190267
0.000423333
0
0
0
0
0
0
0.00512333
0.00826333
0.0118867
0.0114867
0.00665
0.0278133
0.0325667
0.0461
0.0474867
0.0292
0.0123467
0.0167233
0.01948
0.0379133
0.0516467
0.0372833
0.01259
0.01209
0.03355
0.0360433
0.0372067
0.0123667
0.00356
0
0
0
0
0.00676333
0.000523333
0.00249667
0.000986667
0.0393067
0.03087
0.0331067
0.01234
0.0316967
0.0386367
0.05167
0.05438
0.05328
0.0414167
0.02096
0.01359
0.00773333
0.00918
0.0240267
0.04171
0.04824
0.0290333
0.00172667
0
0.000166667
0.000166667
0.00131333
0.00114667
0.00331667
0.000206667
0.0535067
0.0552867
0.05762
0.0438767
0.0322333
0.0377
0.0692233
0.0762533
0.0789633
0.05328
0.0385667
0.0167067
0.0459367
0.0485533
0.0202933
0.00179333
0.000553333
0.0017
0.00861
0.00227
0.0514267
0.0546533
0.0590667
0.0473733
0.0774333
0.0865667
0.126017
0.111383
0.0780333
0.0657
0.0314567
0.02407
0.02046
0.000146667
0
0.00041
0.0145067
0.0194133
0.02808
0.0158733
0
0
0
0.0397633
0.0502433
0.06066
0.0533767
0.0363567
0.154527
0.177443
0.209027
0.149893
0.0913433
0.00587667
0.00220333
0.00204333
0.000766667
0.000683333
0.000946667
0.0151867
0.03085
0.0449433
0.0387067
0.0265
0.0179233
0
0.00186667
0.20634
0.241493
0.18236
0.135847
0.00201333
0.00639
0.00530333
0.01958
0.0153067
0.0155467
0.0316933
0.0457867
0.0566533
0.0440733
0.00146
0.02755
0.0346967
0.0364333
0.0519167
0.0554733
0.0471967
0.04707
0.346457
0.398207
0.313473
0.292303
0.17381
0.01758
0.0458067
0.0419
0.0560467
0.07455
0.07319
0.0421067
0.01745
0.00349667
0.03654
0.311013
0.279627
0.473887
0.301657
0.0338567
0.06524
0.0729033
0.05931
0.484923
0.384197
0.0601133
0.0756033
0.09291
0.04953
0.0234833
0.0433267
0.0731833
0.0592833
0.0718233
0.03503
0.01751
0.00362667
0.0193067
0.03272
0.11047
0.08733
0.0105
0.0310733
0.0329567
0.0442833
0.06238
0.05853
0.0477967
0.01768
0.0972067
0.13158
0.111793
0.0261633
0.0297867
0.0450933
0.0631
0.0223733
0.00266333
0.0243067
0.0472833
0.01928
0.0346033
0.0140767
0.03942
0.0318733
0.0328867
0.01913
0.0146567
0.115217
0.0921067
0.0499167
0.0229633
0.0416533
0.0580133
0.02308
0.01716
0.0405
0.0156367
0.0135567
0.02813
0.021
0.0585333
0.0271433
0.0153667
0.0218633
0.10584
0.102517
0.06368
0.0347367
0.0116533
0.0286667
0.0173933
0.02915
0.04151
0.0364567
0.07842
0.0768167
0.0694267
0.0500467
0.0316933
0.0393667
0.0575533
0.00456667
0.04126
0.0161567
0.000456667
0.00211667
0.01932
0.0131167
0.0193
0.0359367
0.0251867
0.04599
0.0694533
0.0651833
0.0509833
0.0283033
0.0283933
0.00504667
0.0472367
0.0380567
0.00012
0
0
0.000493333
0.0277533
0.01058
0.0205467
0.0363767
0.0353033
0.0253133
0.00764333
0.03034
0.02949
0.04087
0.0182933
0.0199267
0.04846
0.04014
0
0
0
0.01821
0.01604
0.0140633
0.02152
0.01043
0.00654333
0.00163667
0.00638
0.00796667
0.00835333
0.0073
0.0158233
0.02486
0.0271133
0.00525
0.01962
0.0179633
0
0.00461667
0.0130833
0.0167467
0.00554333
0.00459333
0.00209
0.00302
0.0126733
0.00891
0.02078
0.0186367
0.02989
0.02813
0.0372967
0.0211733
0.0302
0.01482
0.01308
0.0145933
0.01336
0.0103633
0.00115667
0.000516667
0.000366667
0.00378667
0.00618667
0.00284
0.00266
0.0017
0.00222333
0.0283233
0.0452833
0.03623
0.0405933
0.05007
0.04151
0.04243
0.0399767
0.0343233
0.00841333
0.01016
0.0216667
0.0139333
0.00973333
0.0111767
0
0
0
0
0.00667667
0.0140733
0.0304067
0.0587467
0.07123
0.0217633
0.04421
0.0589
0.0603967
0.0524933
0.0422467
0.0315533
0.0198267
0.02809
0.00436667
0.0148
0.0140233
0.0317
0.0198667
0.0132033
0.00494
0
0
0
0
0
0.00944667
0.0162167
0.02671
0.03956
0.05094
0.0752133
0.0573467
0.00319667
0.0158767
0.0232967
0.0438733
0.04537
0.0243833
0.0165467
0.0189367
0.0123267
0.00829333
0.000476667
0.00708
0.00831333
0.00481333
0
0
0
0
0.000246667
0.02337
0.0423667
0.0541567
0.0392933
0.01753
0.0154667
0.00259333
0.00401667
0.00446667
0.0110667
0.0136867
0.01433
0.0113
0.00346333
0.00225667
0.00059
0
0.000393333
0.0195933
0.0305667
0
0
0
0
0.00661667
0.00282333
0.0291733
0.02867
0.0418633
0.05783
0.0579033
0.0244833
0.0135967
0.0124433
0.0163533
0.01469
0.02561
0.0132667
0.00866333
0.00930667
0.00764
0.00465667
0.00481333
0.00189333
0
0.000883333
0.00415
0.0101
0.01313
0
0
0
0.0157933
0.0221
0.0227767
0.02418
0.0602533
0.0603267
0.0595833
0.0444133
0.0366533
0.0518867
0.0142333
0.0148767
0.0326
0.04094
0.01929
0.00906667
0.0237367
0.0205033
0.0340967
0.0274767
0.01589
0.01399
0.0136
0.0197833
0.00308333
0.00033
0.00056
0.00727
0.0249133
0.03169
0.02486
0.03694
0.0532067
0.0725533
0.0573833
0.0488433
0.02701
0.02426
0.0188867
0.0357167
0.03971
0.0552833
0.061
0.0473333
0.0398
0.0205733
0.0275767
0.00085
0.00371333
0.000466667
0.000866667
0.00747
0.00066
0
0
0.00136
0.0016
0.00485667
0.02809
0.0181767
0.0647067
0.07176
0.04183
0.0593467
0.0620867
0.0626633
0.0609267
0.04841
0.0441633
0.02628
0.02985
0.0271333
0.0332167
0.04515
0.07099
0.0683667
0.0450767
0.0392367
0.0654633
0.0635567
0.01354
0.01639
0.0177967
0.00044
0.00107
0.00012
6.33333e-05
0.000233333
0
0.000453333
0
0
0
0.00445333
0.0254467
0.0260567
0.01602
0.0577933
0.04446
0.0481633
0.0352133
0.0331433
0.0226633
0.0129967
0.0242167
0.0182267
0.03858
0.05346
0.0435033
0.02953
0.0287833
0.0207633
0.0408567
0.0425467
0.0590767
0.0554767
0.0648533
0.0519233
0.0470467
0.01203
0.0180933
0.00888333
0.00103667
0.000423333
0.00146333
0.00024
0.00012
0
0
0
0
0
0.00416333
0.0147033
0.03525
0.0381933
0.0255267
0.01728
0.0289
0.0363967
0.02354
0.01961
0.007
0.00724333
0.00457667
0.00143
0
0
0
0
0
0.01216
0.0143367
0.04218
0.04604
0.0338067
0.02641
0.00816333
0.01255
0.0283267
0.0254267
0.00935
0.01125
0.00983667
0.02104
0.000803333
0.000803333
0.00243333
0.0255367
0.0248467
0.00012
0.00012
0.00013
0.000413333
0
0
0.00543667
0.00865667
0.04499
0.03357
0.0272233
0.0102067
0.00153667
0.0069
0.00199333
0.00734
0.0562233
0.0402
0.000226667
0.00387667
0.00301667
0.00610667
0.0157467
0.0156767
0.0223567
0.01114
0.00533667
0.00153667
0.00693667
0.0188333
0.00720333
0.0180733
0.0526733
0.0277267
0.0160767
0.0150333
0.0126467
0.0209333
0.01479
0.0217933
0.00697667
0.01578
0.0133033
0.00486333
0.00423
0.00989
0.0379567
0.0154
0.0411233
0.03655
0.0292567
0.0334833
0.00445
0.00393
0.0441133
0.0515867
0.02285
0.0105567
0.01379
0.00515
0.00496
0.00463667
0.0259033
0.02767
0.0144367
0.0130167
0.00389333
0.0120433
0.0191467
0.0219433
0.01465
0.0136167
0.00477333
0.01962
0.0264233
0.00191333
0.00290667
0.000373333
0.0102467
0.0407
0.01561
0.03006
0.00525
0.000583333
0.00400667
0.0265167
0.0183233
0.0257667
0.0128867
0.00493
0.00389667
0.0375967
0.0508333
0.0277333
0.01542
0.0212433
0.0136567
0.000223333
0.0123033
0.00481333
0.0270067
0.00306333
0.000146667
6.33333e-05
0.00492
0.00035
0.0343567
0.0217467
0.00689
0.00295333
0.000823333
0.00174667
0.0173633
0.02225
0.0311567
0.0267767
0.00501333
0.00530667
0.0315633
0.0173533
0.0453433
0.00024
0
0.000156667
0.000336667
0.00939
0.0114833
0.00893667
0.0153
0.0282633
0.0228867
0.0083
0.00117333
0.0308867
0.01393
0.0168533
0.04336
0.02908
0.0409533
0.0436467
0.03041
0.000433333
0.00487
0.00437
0.00898667
0.00047
0.00321667
0.0180333
0.01206
0.0102233
0.0138767
0.0244833
0.00757
0
0.0344433
0.0315467
0.0328867
0.0276667
0.0146967
0.0222567
0.0233867
0.0166633
0.0258467
0
0
0.00392333
0.00345333
0.000816667
0
0.00035
0.0411367
0.0328933
0.0124633
0
0
0.0288767
0.0109267
0.0196967
0.00249
0.02305
0.02191
0.0270567
0.0189267
0.0303033
0.02788
0.0143967
0.01325
0.000416667
0.00330333
7.33333e-05
0
0.000276667
0.00017
0
0.0116067
0.01668
0
0.0141367
0.00243667
0.00531333
0.00138333
0.0484533
0.05223
0.0585767
0.05669
0.0571567
0.0627433
0.0684333
0.0231433
0.02866
0.02131
0.00344333
0.000313333
0.0032
0.00017
0.0248733
0.0114233
0.0216633
0
0.00122667
0.0018
0.00101333
0.0135667
0.00219667
0.0144933
0.00674667
0.00611333
0.00372333
0.00638333
0.00335333
0.00206667
0.00992
0.0332633
0.0438567
0
0.00141
0.00312333
0.00387
0.00171333
0.00788333
0.00269333
0.00699333
0.01117
0.00810667
0.01086
0.0148933
0.0129267
0.00395333
0.04531
0.03574
0.000536667
0.00180333
0.0151067
0.00675
0.0213
0.01782
0.000993333
0.000446667
0.00292333
0.01639
0.00894333
0.00748333
0.00624333
0.0288833
0.00569
0.00918
0.01853
0.0123767
0.01276
0.0137067
0.0147467
0.0021
5.66667e-05
0.0116967
0.0115233
0.0088
0.0108067
0.02381
0.0135767
0.01425
0.0109433
0.00155
0.00590667
0.0201533
0.02475
0.00486
0.00165333
0.000346667
0.000826667
0.00120667
0.0155867
0.01432
0.000416667
0
0
0
0
0
0.00901667
0.00287
0.00653333
0.00681
0.00821333
0
0
0
0.0135067
0.00117
0.0107233
0.000516667
0.0140033
0.0126967
0.0194533
0
0
0
0.00561333
0.0120433
0.0139633
0.0192833
0.01479
0.0146167
0
0
0
0
0.000996667
0.0003
0.00162
0.00333667
0
0
0
0
0.0243
0.0144167
0.00108
0.00158
0
0
0.0506167
0.0513633
0.0541367
0.04058
0.0374533
0.00344
0.00363667
0.00158
0.01361
0.0248633
0
0
0.00647667
0.0190967
0.0303467
0.0456533
0.0473367
0.05924
0.00633333
0.00604333
0.00844667
0.0316467
0.0393033
0.0192733
0.01014
0.0136567
0.0146533
0.00582333
0.00901667
0.00625667
0.00575
0.00228667
0.00200667
0.000106667
0
0
0
0
0.00248667
0.0035
0.0168767
0.0278667
0.0272567
0.0186
0.0114467
0.00762333
0.00688
0.00171667
0.0339567
0.01517
0.0348867
0.00939
0.0181467
0.0191033
0.00915333
0.000596667
0
0.0181533
0.0100833
0.0188667
0.0176967
0
0
0
0
0
0.00372667
0.00876667
0.00601667
0.00767667
0.000766667
0.00796
0.0120867
0.03848
0.0382367
0.0254633
0.00731
0.000863333
0.00105
0.00848667
0.00559333
0.00932
0.0143067
0.0262767
0.0381233
0.00106333
0.0049
0.0489933
0.0457467
0.0488
0.0257167
0.0214867
0.0324967
0.0200233
0.0218233
0.00898333
0.01606
0.0196333
0.0163167
0.00771
0.0199567
0.00960667
0.00251333
0.00798
0.0439667
0.0371467
0.05128
0.0400567
0.04607
0.0352167
0.0332433
0.0240533
0.00177
0.00108333
0.000163333
0.000163333
0.00077
0.00077
0.00074
0.00199667
0.01764
0.0363767
0.0355967
0.05561
0.05058
0.0674867
0.0661267
0.0174833
0.00719333
0.00229333
0.00184667
0.00274
0.00112333
0
6e-05
0.00490333
0.0045
6e-05
0
0
0.000346667
0.00103333
0.00877667
0.0189533
0.0482933
0.0629633
0.06996
0.0636867
0.05566
0.0456433
0.0276567
0.02611
0.0134933
0.00258333
0.00167333
0.0123833
0.01626
0.00609333
0.00513333
0.000163333
0
0.00439
0.00874667
0.01939
0.0163867
0.00613
0.00659333
0.01626
0.0150333
0.00750667
0.00306667
0.000333333
0.00068
0.00294333
0.00329667
0.00978333
0.0237567
0.03436
0.0600933
0.05518
0.000706667
0.00173333
0.00679333
0.01655
0.0254833
0.0253267
0.00534
0.000646667
0.0064
0.0100833
0.0207867
0.0126267
0.00192333
0.000596667
0
0.0004
0.0004
0.00355333
0.00882
0.0179567
0.0249333
0.0291
0.0244033
0.0177
0.0108733
0.00679
0.00336333
0.000466667
0.000443333
0.0204433
0.02424
0.00037
0.000646667
0.00086
0.00661333
0.0209367
0.0153567
0.0114733
0.00077
0.00036
0.00308333
0.00494
0.00589333
0
0
0
0.0004
0.0004
0.00355333
0.00337667
0.0125133
0.01373
0.02334
0.0197467
0.0188033
0.00696
0.0112267
0.00635333
0.00553333
0.000516667
0.00296
0.00297667
0.00483333
0.00417333
0.0110367
0.0102133
0
0
0
0
0
0
0
0
6e-05
0.000283333
0.000626667
0.00493667
0.00139667
0.00086
0.0154767
0.0138633
0.00231
0.00165333
0.000136667
0
0
0
0
0
0
0
0
0
6e-05
0.0144
0.02506
0.0159867
0.0058
0.00233667
0.00152
0.00132667
0.00562
0.00181667
0.00184
0.00016
0.00096
0.0008
0.0008
0
0
0
0.0311533
0.0276533
0.0229233
0.0221067
0.0193
0.00146333
0.000683333
0.0216833
0.0184433
0.0254833
0.0163267
0.0170067
0.00632333
0.00786333
0.00418
0.00684333
0.00362333
0.00282333
0
0.0298233
0.0391933
0.0224733
0.0053
0.00233667
0.00298333
0.00716333
0.03874
0.0358233
0.03782
0.03072
0.0265467
0.02199
0.01537
0.0119267
0.01307
0.01167
0.04946
0.0355467
0.02529
0.00586333
0.00368
0.0159367
0.0187733
0.0168567
0.04757
0.0523067
0.0540733
0.0425033
0.0312233
0.0274167
0.01612
0.0199533
0.0203467
0.00853333
0.00628
0.02685
0.0289533
0.0200933
0.0108167
0.04148
0.0488833
0.0541833
0.0546367
0.04306
0.02739
0.02359
0.0139867
0.0216467
0.00449333
0.01666
0.04827
0.0475367
0.0429533
0.0162367
0.0129533
0.0240767
0.0363533
0.0340067
0.0444333
0.0365733
0.0209033
0.0124767
0.00936
0.0310567
0.05201
0.0474233
0.0299833
0.0211133
0.0167333
0.00731333
0.0118167
0.0126933
0.0226067
0.0386867
0.03686
0.0237567
0.0150433
0.0482933
0.0486167
0.0280133
0.0224267
0.0142
0.00547333
0.00317333
0.00589
0.0188167
0.02447
0.0190133
0.0201267
0.02696
0.0237967
0.0213267
0.01748
0.00798333
0.00833333
0.01789
0.01545
0.0233133
0.0170967
0.0144133
0.0106767
0.01091
0.0140267
0.0081
0.00767
0.00639333
0.00461333
0.00518333
0.01129
0.0212067
0.0274567
0.0233167
0.0137933
0.00917
0.00709
0.01687
0.0212767
0.0102967
0.00621
0.00785
0.0183267
0.0255767
0.0255167
0.0183433
0.00829
0.00874333
0.0189533
0.00616667
0.00027
0.0173867
0.0245467
0.0300933
0.03046
0.0242067
0.0192333
0.00970333
0.00593333
0.02042
0.01862
0.02156
0.0105367
0.00017
0.00530667
0.0154967
0.0166133
0.02405
0.0138433
0.00601667
0.00464
0.00017
0.00017
7.33333e-05
0.00199
0.00613667
0.01404
0.0100867
0.000946667
0.00447
7.33333e-05
0
0.00443333
0.0049
0.00536667
0.000933333
0
0
0
0
0
0.000836667
0
0.000466667
0.00501
0.000383333
0.00386667
0
6e-05
6e-05
0.00460333
0.00268667
0.00230333
0
0
0.00303
0.00533333
0
0
6e-05
0.000556667
0.00105333
0.00533333
0.00240667
0
0
0.000496667
0.000496667
0.000993333
0.00337333
0.000343333
0
0
0.000103333
0.000103333
0
0
0.000343333
8.33333e-05
0.00023
0
0.00019
0.00019
0.000263333
0
0
0
0
8.33333e-05
0.000406667
0.00232333
0.00228333
0.00711667
0.00527333
0.000513333
0
0.000323333
0.0183167
0.0164733
0
0.00011
0.00011
0.00011
0.00179667
0.00199
0.0248367
0.0313167
0.0287033
0.02686
0.0160333
0.00022
0.00866333
0.01024
0.0152267
0.00708667
0.0436433
0.04817
0.0361533
0.01777
0.01264
0.0325333
0.0335433
0.0271533
0.00745333
0.0353233
0.02803
0.0233333
0.02192
0.00297333
0.00977
0.00550667
0.00580667
0.01791
0.0356433
0.03299
0.02349
0.00361333
0.00210667
0.00142
0.00240667
0.000986667
0.0147667
0.01393
0.00237667
0.00156
0.000126667
6.66667e-05
0.000743333
0.000676667
0.000743333
0.00321333
0.000943333
0
0
0
0.00125
0
0
0
0
0
0.00784667
0.02223
0.0156333
0.01807
0.00380667
0.00601667
0.00221
0.00407667
0.0203933
0.02274
0.02495
0.06145
0.0607467
0.0223067
0.530113
0.65665
0.495097
0.0366567
0.0558367
0.0438467
0.0399767
0.0877367
0.0951867
0.0594167
0.0370167
0.0772967
0.10098
0.100277
0.0636033
0.12427
0.0845533
0.07074
0.0961967
0.123917
0.111727
0.0731733
0.0825633
0.0808033
0.0602367
0.0365367
0.0113833
0.0148133
0.109677
0.08273
0.0549833
0.0365233
0.05262
0.0576433
0.0370767
0.0273467
0.0168433
0.00754333
0.00857
0.0792033
0.05181
0.0347467
0.01821
0.02
0.0376267
0.03879
0.0347167
0.01086
0.0173833
0.00169333
0.0559667
0.05552
0.0384567
0.05681
0.04259
0.02245
0.00943
0.0137733
0.0213033
0.0286933
0.02462
0.0189267
0.00920333
0.02595
0.0255967
0.03855
0.0389867
0.0160133
0.0230633
0.02501
0.0193533
0.01338
0.00892333
0.000176667
0
0
0.01819
0.0275467
0.03539
0.02935
0.0350133
0.0151267
0.0105267
0
0.0201333
0.02199
0.01294
0.0257233
0.0187867
0.0163667
0.0153467
0.0187733
0.0213867
0.01293
0.00833333
0.000783333
0
0
0.00905
0.0324967
0.0280467
0.0188533
0.01019
0.0110567
0
0.00495
0.00458333
0.00698333
0.0024
0.03084
0.0222667
0.01827
0.02112
0.0153267
0
0
0
0
0.0247767
0.0212733
0.00865333
0.01503
0.0266467
0.03026
0.0291267
0.0242533
0.0206867
0
0
0
0
0
0.01248
0.00477667
0.00445333
0.0161833
0.02665
0.0473367
0.0462
0.0183933
0.0107833
0
0
0
0.000246667
0.000406667
0.000406667
0.0327433
0.0515167
0.0382933
0.01839
0
0
8.33333e-05
0.00033
0.00290667
0.00188
0.00017
0.00017
0.00718
0.0240533
0.02513
0.02601
0.04586
0.0343167
0.0350367
0.0189167
0.02777
0
0
8.33333e-05
0.0071
0.0161933
0.0109833
0.00990333
0.0008
0.00017
0.00384
0.00371
0.00623333
0.00853
0.01271
0.00757
0.0216767
0
0
0.00103333
0.00547333
0.0272467
0.02435
0.0154767
0.00683333
0.00109
0.00068
0.0007
0.00315667
0.000933333
0.0111767
0
0.00864667
0.0164
0.0267733
0.0343933
0.0187533
0.00620333
0.00068
6.33333e-05
0
0.0008
0
0.0230467
0.03185
0.00492667
0.01008
0.00657333
0.00103333
0
0
0.000346667
0
0
0.0290167
0.02821
0.02967
0.00187667
0.00270667
0.00587667
0.00479333
0
0
0
0
0
0.0194933
0.02644
0.0360067
0.00326333
0.0128033
0.0145867
0.0337733
0
0.000283333
0
0
0.01234
0.0168533
0.0287633
0.0338867
0.0180033
0.0226367
0.0411333
0.0504867
0.000226667
0
0.00403
0.00527333
0.000156667
0.000156667
0.0131
0.0154433
0.0256367
0.0255267
0.0310167
0.0305067
0.0425233
0.0485167
0.00193667
0.0126567
0.0155267
0.0186633
0.0253333
0.00244
0.0102067
0.0152767
0.0158867
0.01477
0.0208933
0.05275
0.0434033
0.04035
0.03998
0.0122733
0.01088
0.03233
0.05046
0.0503633
0.01549
0.0109133
0.0115333
0.0294033
0.03689
0.0701567
0.0789867
0.08
0.0503867
0.0341233
0.00846333
0.0164833
0.06662
0.0165633
0.0219367
0.0162333
0.0283767
0.0449533
0.0596667
0.0829033
0.10777
0.0960367
0.0733667
0.04829
0.00991
0.0331833
0.05063
0.00528667
0.0134633
0.0370933
0.0461833
0.0297467
0.01311
0.00259333
0.0171433
0.0193133
0.0536433
0.06907
0.09996
0.0783133
0.0634533
0.00510667
0.00883333
0.02192
0.0193667
0.04772
0.00177667
0.00224333
0.0498767
0.0452
0.01105
0.00109667
0.00707667
0.00530333
0.0142933
0.0421067
0.0545933
0.00464
0.00765
0.0266167
0.0498267
0.0373733
5.66667e-05
0.000143333
0.0187933
0.000156667
9.66667e-05
0.0252733
0.0204467
0.0169833
0.00997667
0.00667667
0.00594
0.00303333
0.0119267
0.0145
0.0370067
0.0288633
0.02288
0.0100333
0
0
0.0172767
0.00960667
0.00901667
0.000423333
0.00084
0.00477667
0.0109867
0.00888333
0.0142733
0.0184667
0.0234933
0.01795
0.0162667
0.00665333
0.00407
0.00109
0.00079
0.003
0.0136833
0.04416
0.04087
0.00610667
0.00028
0
0.000423333
0.0009
0.01842
0.0303033
0.03859
0.0352633
0.0342
0.00393
0.00696667
0.0164467
0.0178933
0.01909
0.0142733
0.0124433
0.0110933
0.00674333
0.00398667
0.000686667
0.000373333
0.000476667
0.00312667
0.0386867
0.00028
0.00028
0.00191333
0.00254333
0.0129
0.03687
0.0371433
0.04634
0.0192567
0.0187
0.00994667
0.00425333
0.00468667
0.00725
0.01169
0.01785
0.0171533
0.0108033
0.000476667
0.0118833
0.02552
0.00574333
0
0.0276767
0.0184633
0.0283133
0.01891
0.03001
0.04286
0.04783
0.0614333
0.0604833
0.06019
0.0686067
0.04924
0.0243033
0.0246667
0.02177
0.0369367
0.0377867
0.03112
0.01799
0.0199667
0.0144933
0.0215067
0.01634
0.00758667
0.00479667
0.00665333
0.0109833
0.0168333
0.015
0.000323333
0.00302
0.00338333
0.01319
0.03047
0.0197133
0.02288
0.0563567
0.04268
0.0341267
0.0219433
0.00881333
0.00451333
0.00821667
0.00613
0.0154433
0.0108333
0.00512667
0.000923333
0.000323333
0.00262333
0.03208
0.0363267
0.00017
0.00017
0.0028
0.0285867
0.0273067
0.04697
0.031
0.03197
0.0116433
0.0173767
0.00986667
0.0234967
0.01707
0.0334067
0.0190467
0.0189167
0.00188
0.00267333
0.000786667
0.00574333
0.00486
0.0204133
0.02254
0.0131167
0.00786333
0.0202933
0.0114233
0.0218567
0.00403333
0.00245667
0.00512
0.0140233
0.00578667
0.0258
0.02471
0.0176167
0.0212033
0.00260333
0.00178
0.00870333
0.00556
0.00343333
0.00729333
0.0139733
0.00281667
0.00199333
0.00784667
0.00342
0.00072
0.0158833
0.00779667
0.00380667
0.0146867
0.0007
0.00531667
0.000183333
0.02013
0.0177967
0.0046
0.00715333
0
0
0
0.0261
0.0242867
0.0115633
0.00614
0.00772333
0.00929
0
0
0
0
0
0.00243
0.00044
0.0110367
0.00809
0.000206667
0.000206667
0.01188
0.0209033
0.000413333
0.00564
0.000186667
0.000186667
0
0.0739867
0.00047
0.000606667
0.000136667
0.01387
0.000653333
0.00420667
0.00954667
0.02058
0.0229833
0.0246267
0.06593
0.07936
0.0843667
0.08814
0.0009
0.0217333
0.0112767
0.00689667
0.000473333
0.000366667
0.0005
0.000133333
0.000233333
0.0001
0.00125333
0.00235667
0.00254667
0.00395
0.00549333
0.0285567
0.0297033
0.0217667
0.00671667
0.00686
0.00414
0.0189467
0.0232567
0.02983
0.0285867
0.00047
0
0.0150067
0.000643333
0.000643333
0.00178667
0.00458667
0.00531333
0.0316767
0.0277633
0.02043
0.0183733
0.0111933
0.0136533
0.00498333
0.0141733
0.00978667
0.00804667
0.0104733
0.02249
0.0305467
0.00513333
0.0171667
0.01739
0.0277767
0.02453
0.0131167
0.00543333
0.00816
0.00613667
0.00699
0.00280333
0.01173
0.0140133
0.00505
0.00673667
0.0102233
0.0202
0.0219467
0.0232233
0.781123
0.744787
0.39448
0.369287
0.0988767
0.0458933
0.0338633
0.0435633
0.0662333
0.01185
0.0337133
0.0460367
0.0008
0.00993
0.00073
0.00073
0.00946
0
0.000813333
0.000156667
0.000883333
0.00345
0
0.00931667
0
0
0.00013
0
0.0208833
0.00013
0.01983
0.0209067
0
0.0212033
0
0
0.0291567
0
0
0.0230633
0
0
0.00281667
0.00471333
0
0
0.000423333
0.00036
0.00036
0
0
0
0
0
0
0
0
0
0
0
0
0.00043
0
0
0
0
0
0.000283333
0.00078
0.00035
0
0
0
0.000283333
0.000566667
0.00273667
0
0.00171
0.00188
0.000763333
0.000876667
0.0265767
0.00269333
0.0123867
0.00361333
0.00273
0.00159
0.0213767
0.0522033
0.0547133
0.00944667
0.00512333
0.0236267
0.0209233
0.0156433
0.00622333
0.00586667
0.02216
0.0692267
0.0578967
0.00768667
0.00835667
0.0192333
0.0206433
0.0197567
0.00846333
0.0114133
0.0279467
0.05471
0.05005
0.00391
0.00394
0.0102167
0.0127033
0.01008
0.0114367
0.00751667
0.00901333
0.0145167
0.0192033
0.04228
0.00084
0.00061
0.0163733
0.0152133
0.0177767
0.0101567
0.00977667
0.01742
0.0206633
0.0300467
0
5.66667e-05
0.0236967
0.0348367
0.0300767
0.03177
0.0293833
0.0277133
0.0360733
0.0351633
0.02145
0
0.0241533
0.03611
0.04154
0.04196
0.04189
0.0379967
0.04146
0.0412067
0.00732
0.00482333
0.0139467
0.0214167
0.0370533
0.0395567
0.0381467
0.03242
0.00159
0.000983333
0.000786667
0.000786667
0.00160667
0.0117267
0.0312133
0.03
0.0154233
0.0192533
0.00154
0.00214333
0.00393667
0.00343
0.00113
0.00499
0.01511
0.0232667
0.0243867
0.01544
0.00769
0.00946
0.01008
0.00356667
0.00048
0.00434
0.01348
0.0232833
0.02343
0.0231833
0.0140733
0.00592667
0.01542
0.00956333
0.000666667
0.000306667
0.00316
0.000186667
0.00048
0.000646667
0.00978667
0.0229733
0.0174467
0.00835667
0.00594667
0.01031
0.0042
0.00460667
0.0095
0.00284333
0.000883333
0.000696667
0.000166667
0.00987333
0.0132567
0.00486333
0.00549
0.0182667
0.00664333
0.00146
0.00093
0.00224
0.00204333
0.00321667
0.00265333
0.00079
0.01442
0.00398333
0.0164733
0.0201133
0.00510667
0.00188333
0.00479333
0.00568
0.00625667
0.00399
0.000866667
0.00121
0.00264
0.00167333
0.00536333
0.00063
0.00443667
0.00828667
0.00490333
0.00419
0.00730333
0.0151033
0.01317
0.00398
0.00374667
0.00450333
0.00414
0.00399333
0.000146667
0.000183333
0.000283333
0.000506667
0.00431333
0.00403
0.0043
0.00376667
0.00726
0.0154833
0.00271333
0.00537
0.000146667
0
0.00508
0.000463333
0.000223333
0.000223333
0.000223333
0.000163333
0.00415
0.00782667
0.0109733
0.0112533
0.01773
0
0
0.0162833
0.02502
0.0241467
0.02029
0.0109
0.00562333
0.00117333
0.000446667
0.000166667
0
0
0
0.000163333
0.0182367
0.0226267
0.000373333
0.00058
0.0192867
0.00972333
0.0211233
0.0214933
0.00725333
0.00186333
0
0
0.0129767
0.00783667
0.00283667
0.00281667
0.0652233
0.09578
0.0683733
0.08931
0.0492467
0.04315
0.0370667
0.0375867
0.01552
0.0015
0.00053
0.000793333
0.00043
0.00203333
0.00803
0.00307667
0.00170667
0.00152
0.00343667
0.00257
0.0969633
0.103073
0.120317
0.0802533
0.08398
0.05367
0.0662533
0.0553633
0.04357
0.0215033
0.0184333
0.00725667
0.0102467
0.01377
0.00890667
0.00639
0.0158033
0.0218667
0.0215267
0.01993
0.0136233
0.0110167
0.0120767
0.00913667
0.0187133
0.01033
0.0126433
0.03111
0.0554233
0.0929433
0.108293
0.1329
0.133953
0.135007
0.12952
0.10742
0.101943
0.0614267
0.0505367
0.0370167
0.0417433
0.000953333
0.00047
0.00634667
0.01607
0.01239
0.01283
0.00875667
0.0159033
0.0321467
0.0227567
0.0233033
0.0133833
0.0183133
0.02752
0.0471833
0.0659933
0.0429867
0.06684
0.09809
0.116587
0.09286
0.110227
0.06322
0.0439667
0
0.000706667
0.000706667
0.00135
0.0365333
0.0286
0.01505
0.0192167
0.0248667
0.0231033
0.02666
0.0191667
0.0202833
0.0400267
0.0559267
0.0503733
0.0653833
0.0680633
0.0312633
0.0318967
0.00617667
0.00655333
0.0146067
0.0268933
0.02014
0.0188533
0.0178133
0.01769
0.0188067
0.0227
0.02553
0.0190033
0.0341967
0.03184
0.0181133
0.02409
0.0106733
0.0112567
0.0126433
0.0196733
0.0108967
0.000206667
0.00669
0.00119
0.0168233
0.0138333
0.01496
0.01185
0.0318833
0.0333567
0.0164567
0.00114333
0.00209667
0.64125
0.35556
0.601603
0.19152
0.0842067
0.128857
0.10592
0.0475633
0.0943
0.0396633
0.0108267
0.00120667
0.00169667
0.01133
0
0.00024
0.00259667
0.00450667
0
0.0207333
0.00110667
0.00123667
0.0233733
0.01959
0.0095
0.01223
0
0.00013
0.01703
0.0196367
0
0.0257233
0
0.0171667
0
0.00951
0.0048
0.00163667
0
0.00109667
0.00118
0
0
0.00124333
0.0032
0.00659667
0
0.0169333
0.0172933
0.00058
0.00017
0.0294467
0.00142333
0.00368333
0.03533
0.00165333
0.00379667
0.000756667
0.00109667
0.0429
0.000286667
0.00047
0.0443167
0.0298367
7.66667e-05
7.66667e-05
0.0208533
0.00686333
0.000733333
0.000656667
0.0038
0.00014
0.00298333
0.000556667
0.000556667
0.0156067
0.00283333
0.000643333
0.00167333
0.0183933
0.0277367
0.00252
0.00361
0.0212933
0.00697333
0.00488333
0.00549667
0.00382
0.000773333
0.00893
0.00688667
0.00215333
0.00349333
0.00652333
0.00561
0.0109967
0.0137733
0.0228967
0.00198333
0.00228333
0.01669
0.02429
0.02086
0.0183533
0.000966667
0.00766667
0.00389333
0.0126
0.01296
0.00768333
0.00942667
0.00965667
0.0146
0.0159533
0.00739
0.01123
0.0110867
0.0192533
0.0358767
0.00833667
0.00434333
0.0260333
0.0364467
0.03287
0.0409433
0.0308367
0.00419667
0
0
0
0.0289567
0.0345533
0.04771
0.0324
0.03692
0.0318
0.00977333
0.00481667
0.00419667
0
0
0
0
0.0173467
0.0149667
0.00669333
0.00662
0.00062
0
0
0
0
0
0.000226667
0.0006
0.00516667
0.00742333
0.00166333
0.00062
0
0
0
0
5.66667e-05
0.000283333
0.00731
0.01167
0.0126033
0.00820333
0.00709333
0.000483333
0.000483333
0
5.66667e-05
0.00424
0.0108933
0.0212633
0.01994
0.0160667
0.0177033
0
0
0.000763333
0.00472
0.0162
0.02221
0.0177933
0.00934667
0.0216733
0.02115
0.0331267
0.0235167
0.0162767
0.02612
0.03156
0.00530667
0.0101333
0.01652
0.0134267
0.03372
0.05688
0.0456333
0.0140533
0.01324
0.0084
0.01038
0.0247967
0.0431433
0.0507867
0.04088
0.00721667
0.00147
0.005
0.00491667
0.01485
0.0213833
0.0269433
0.0465567
0.00626
0.0188067
0.0400567
0.05216
0.03872
0.0138733
0.00862
0.0586633
0.0608667
0.0424
0.0259733
0.0199867
0.0109533
0.00585
0.00564333
0.01827
0.0161467
0.0186467
0.0307167
0.04094
0.0386533
0.03646
0.00740667
0.00215333
0.00242
0.00383667
0.00667333
0.0256533
0.0430667
0.0467433
0.0381833
0.00480333
0.00863333
0.00948667
0.0159967
0.02921
0.01784
0.0134033
0.0153433
0.00581667
0.00222333
0.00141667
0.0062
0.00734333
0.00552333
0.00516667
0.529557
0.25444
0.39778
0.464787
0.163173
0.102243
0.0653733
0.0906233
0.0581533
0.0561833
0.01594
0.0420633
0.00705
0.00325
0.00316333
0.00839667
0.0102967
0.00255
0.0206567
0.00365667
0.00603333
0.00845333
0.00578667
0.00776
0.00013
0.00099
0.0130967
0
0.02574
0
0.0232767
0.000383333
0.00628667
0.00407
0.00198
0.00597
0.00179333
0.00548
0.00571
0.0161067
0.00195333
0.01517
0
0.00016
0.00448667
0.00438667
0
0
0.00454
0.00407667
0
0.00649333
0.000103333
0.00285
0.00079
0.000686667
0.000856667
0.00536
0.0033
0.0103367
0.00799667
0.00815333
0.02194
0.0294133
0.01987
0.0150767
0.00822333
0.0396167
0.0357667
0.03264
0.00756333
0.0355767
0.04127
0.0275533
0.00933
0.0341133
0.0235233
0.00223667
0.000183333
0.000183333
7.66667e-05
0.00525667
0.00219333
7.66667e-05
0.000733333
0.00014
0
0
0
0.00541
0.00773667
0.00016
0.00491333
0.0198533
0.000246667
0.00939
0.0220033
0.00165
0.00604
0.0261267
0.0443167
0.0498967
0.04053
0.00818333
0.0156567
0.0473667
0.0484967
0.03608
0.01369
0.01579
0.02931
0.0287133
0.0135267
0.01092
0.00243
0.0220867
0.02036
0.00745333
0.00929333
0.00509667
0.00755333
0.00763
0.0100467
0.0191067
0.0211167
0.0149033
0.0221233
0.0225133
0.0229433
0.0257167
0.0237533
0.02005
0.0179267
0.0185733
0.0190033
0.0269933
0.02447
0.02638
0.0367367
0.0353733
0.03936
0.03487
0.04763
0.134417
0.201423
0.17983
0.09284
0.0672067
0.10786
0.08973
0.08509
0.0701967
0.0640667
0.0329867
0.05354
0.0313933
0.05269
0.0360533
0.00783667
0.00903
0.00414667
0.00987333
0.00699333
0.00271
0.00169333
0.00550333
0.00507667
0.0104833
0.0205567
0.0207333
0.0102333
0.00630667
0.03082
0.0309967
0.0228067
0.00861667
0.03488
0.03687
0.03748
0.02324
0.0398267
0.0341267
0.0198867
0.0181833
0.02522
0.01857
0.0211833
0.0112067
0.0112
0.01211
0.00950333
0.00395333
0.02045
0.0160233
0.01332
0.00385667
0.0270067
0.02025
0.000763333
0.01663
0.0123367
0.0033
0.00175
0.00137
0.00729667
0.00459667
0.00489333
0.00852
0.00654667
0.00924667
0.00757667
0.0180333
0.01868
0.0229967
0.0155367
0.0121533
0.0231633
0.01381
0.00729667
0.0200833
0.0058
0.000456667
0.00926667
0.00597
0.000296667
0.000626667
0.000296667
