0.00365333
0.000746667
0.00869667
0.0235567
0.0439867
0.01254
0.0382033
0.0197867
0.000173333
0.00012
0.00252333
0.00334
0.00724333
0.0457733
0.00678667
0
0.00063
0
0.0239
0.01661
0
0
0.00179333
0.0399033
0
0.0211433
0.000786667
0.00800333
0.00412333
0.00796
0.00475667
0.0212767
0.00122
0.00068
0.0255267
0
0
0.02067
0.00609
0
0.0001
0.00264333
0.02371
0.02152
0.0661333
0.0146467
0.0569767
0.00229
0.000716667
0.00175667
0
0.00148
0.0440067
0.000966667
0.0092
0.01601
0.01761
0.00306667
0.0116433
0.0121967
0.0337533
0.00461667
0.00249333
0.00244333
0.000213333
0
0.0370933
0.00285667
0.00125333
0.00442333
0.00461667
0.00296
0.00833333
0.0320267
0.000606667
0.0136033
0.00019
0.07591
0.00120333
0.000126667
0.023
0.03675
0.00296333
0.00276
0.0347833
0
0.00666
0
0.0225667
0.0235367
0.00719
0
0.0650633
0.05829
0.0781
0.0100633
0.0246533
0.00886
0.00255667
0.000436667
0.0117333
0.0267967
0.00101667
0.00390667
0.0173567
0.00662333
0.01739
0.02094
0.000213333
0.0321933
0.0254
0
0
0
0.000546667
0.00239333
0
0.0238467
0
0
0.0366033
0.0229167
0.0303633
0.0397167
0
0.53224
0.00169
0.0648333
0.0441367
0
0.00153333
0
0.0366233
0
0.0007
0.02465
0.0338367
0.00318
0.000223333
0
0.02865
0.0127867
0.02793
0.01561
0.0212033
0.00259333
0.0513033
0.01511
0.167763
0.05134
0.00304
0
0.000393333
0.0312933
0.03199
0.00169667
0.131567
0.000526667
0.00614
0.0034
0.02017
0
0.0631467
0.0258733
0.01451
0.233603
0
0.00164333
0.0239933
0
0.0188433
0.0123667
0
0.0321833
0.0217567
0.000463333
0.0809767
0.00156667
0.0168767
0.450933
0.0193767
0.127513
0
0
0
0.000136667
0.00494
0.0343033
0
0
0
0
0
0.00955667
0.01354
0.00686333
0.00156333
0
0.008
0.0280867
0.00379667
0
0.00166333
0.33131
0.0123533
0
0
0.0012
0.0282767
0
0.01373
0.00173
0
0.00136333
0.00654333
0
0.0107967
0
0.02058
0
0.07469
0.13728
0
0
0.0117467
0.0165767
0.00014
0.0178933
0.01207
0.110413
0.0152867
0.01374
0.0372867
0.0328333
0.0666967
0.0603833
0.01357
0
0.03733
0.000383333
0.00616333
0.00663667
0.00778
0.00134
0.000376667
0
0.00467667
0.000156667
0
0.0308967
0.00074
0
0
0.01257
0.0151967
0
0
0.00156667
0.00666
0.000256667
0.0157
0.0014
0.0474467
0.0602733
0
0.00994667
0
0
0.0333667
0.0660433
0.0622733
0.00294333
0
0
0
0.03415
0.0950333
0.0388167
0.0440967
0.0353633
0.00358667
0.02394
0.0716233
0.000156667
0.00333
0.0181533
0.00804
0.0112533
0.00393
0.00507333
0.05248
0.0385933
0.00523
0.0236833
0
0.0540867
0.00791333
0.0131967
0.04811
0.0308033
0.01894
0.0464433
0.00123
0.01896
0.00271667
0.0113167
0.0281167
0
0.0277667
0.00173
0.0401667
0.00957333
0.00433
0.02246
0
0.00016
0
0.0239133
0.00016
0.000163333
0.00126333
0.02644
0.00228333
0.00233333
0
0
0
0
0
0.00523
0
0
0.0454
0
0.00897
0.00577333
0.00842
0.0271133
0.00322667
0.0327067
0.00650333
0.03694
0.00241
0.00134667
0.000573333
0
0
0
0.0355433
0.0117467
0.219453
0.0001
0.0436133
0.0154467
0.00185667
0.000653333
0.000196667
0.0153333
0.00539667
0.0283
0.01017
0
0.000846667
0.0106967
0.0196033
0.03696
0.00331
0.00851667
0.00024
0.00164667
0.0143367
0.04819
0.00902667
0.00498667
0.00021
0.00181667
0.00083
0.0396233
0.0431267
0.0131367
0
0
0
0.04058
0.0560267
0.00864667
0.000526667
0.05744
0
0
0.0200267
0.03053
0
0.233563
0
0.000306667
0
0
0.00152333
0
0.0231867
0.22874
0.0172667
0
0.0144867
0
0.0216433
0.00713
0.01676
0
0.00853667
0
0.00172333
0.0204333
0.0270633
0.00507333
0.00203
0.00872667
0
0.000853333
0.0119267
0.00211667
0.0779767
0.00481
0.00256333
0.000243333
0.000156667
0.00116
0.00032
0.000793333
0.00881333
0.05473
0.000173333
0
0
0.000956667
0
0.107247
0.00446667
8.66667e-05
0.000786667
0
0.00116
0
0
0.03629
0.00435333
0.0132033
0
0.0697133
0
0
0.00952667
0.0249033
0.0131267
0.0286267
0.000613333
0.04908
0.000106667
0.0370467
0
0
0
0.01966
0.00204667
0
0
0.0326033
0
0.0174033
0.0146867
0.00904
0
0.0121033
0
0.01139
0.00103333
0
0.000736667
0.00233667
0
0.02074
0
0.000126667
0.01192
0
0
0
0
0
0.00126
0.0161733
0.00245
0.0141333
0.0120233
0.0337467
0.000983333
0.000266667
0.01181
0.02012
0.01022
0.00297667
0.01268
0.00366
0
0
0.0004
0.00188667
0.000953333
0
0
0
0.00232667
0
0.0451333
0.0307633
0
0.0296567
0.00591333
0
0.03311
0.01382
0.00852333
0
0.0143667
0.0316133
0
0.00739667
0.00297333
0.01202
0.00026
0.06292
0
0
0
0
0
0
0.00806667
0
0.0270167
0.0703433
0.0343067
0.01355
0.09757
0
0
0
0.00228667
0.0162633
0
0.06765
8.33333e-05
0.000796667
0.0366
0.00043
0
0.00729333
0.1142
0.0127733
0.00373667
0.0260067
0
0
0
0.00601333
0.03268
0.0327867
0.00234333
0.00234333
0.00711667
0
0.00187667
0
0
0
0
0.00354667
0.000233333
0
0
0
0
0
0.00724667
0.0154367
0.000576667
0.01322
0
0.02256
0
0
0.033
0.000246667
0
0
0.170877
0.133337
0
0.00496333
0.000666667
0.00478333
0
0
0.02403
0.00126667
0.000216667
0.0172033
0.00802
0.000953333
0.0376967
0
0.0208167
9e-05
0.00188333
0
0
0.000103333
0.00523333
0
0.00012
0
0.00449333
0.00383333
0.01515
0.0114667
0.00846
0.03839
0.00339333
0.249787
0.00327
0.00011
0
0.01943
0
0
0
0
0.0520333
0
0.01242
0.00123667
0.00106333
0.000206667
0.00097
0.0262167
0.0329667
0.00215333
0.0200133
0
0.00708
0
0.0125533
0.0547433
0.0280533
0.0188
0
0
0.06601
0.000626667
0.0001
0.000786667
0.0335867
0.0957567
0.0148033
0.105793
0
0
0.00714
0.0395533
0
0
0.00120667
0
0
0.00678333
0.000486667
0.00271667
0.00143333
0
0.0115933
0.00394667
0.000303333
0.00582
0.00177
0.03266
0.01064
0.02452
0.0143
0
0.00213
0.0001
0.0183833
0.000123333
0.0315967
0.0410233
0
0.00133
0.00072
0.00079
0.01413
0
0
0
0.0418567
0
0.0246767
0
0.0219233
0.000246667
0.00031
0.04895
0
0
0
0.00126667
0
0.00543333
0.08521
0.000676667
0.0329367
0.0105367
0.0161833
0.00334
0.00294667
0
0.000826667
0.00182
0.000743333
0.0280333
0.0101333
0.0130867
0.00069
0.00233
0
0.150763
0.03405
0.00536667
0.0289067
0
0
0.000903333
0
0.03222
0
0.00208333
0.00411
0.0880433
0.02004
0.0166867
0.00588333
0.00685
0.0204967
0.0431133
0
0
0.00150667
0
0
0
0.0375767
0
0.0307967
0.00631333
0.00828333
0.00307333
0.01522
0
0.0586567
0.00636
0.0881567
0.0469333
0.0280233
0.01002
0
0.246387
0.107257
0.0203867
0.0128033
0.04211
0.03914
0.142973
0
0.0247133
0.000416667
0.00288667
0.0228567
0.02014
0.06127
0.0108867
0.000866667
0.00649667
0.00516667
0
0
0.0432167
0.0918467
0.0239567
0.0376467
0.03166
0.00269667
0.0703033
0.01289
0.41232
0.0219467
0.0179267
0.03247
0.0411267
8.33333e-05
0.0543567
0.000833333
0.0218367
0.0141633
0.0225467
0.000136667
0.0142967
0
0.0373867
0
0.0381333
0.0397133
0
0
0
0.01737
0.00185667
0.0260567
0.02827
0.00999
0
0.02262
0.00548667
0
0.00791333
0
0.00395667
0
0.00028
0.000116667
0.0193167
0.01331
0
0.00472333
0.106353
0.04991
0.00385
0.0213933
0.35745
0.0825833
0.00918667
0.00168333
0.00314333
0.00766333
0.0003
0.00503
0.00398333
0.00826
0.0230733
0.07637
0
0.00137333
0.00024
0.00221333
0
0
0.00025
0.0368733
0.0331867
0.00162333
0.0421467
0.0184333
0.00898667
0.0364467
0.149047
0.453037
0.03272
0
0.000223333
0.0209167
0.0209433
0
0.000233333
0.0767433
0
0
0.00174333
0
0.0296433
0.41715
0.110707
0
0.0406067
0.0408033
0.02048
0.00323
0
0.227303
0.02715
0.0257967
0.0309067
0.0035
0.00154
0.000753333
0.000383333
0.00152667
0.16237
0.0280967
0
0.0419767
0.07526
0
0.000476667
0.0104067
0
0
0.01341
0.0252633
0.04369
0
0
0
0
0.00210667
0.00169
0
0.000283333
0
0.0282833
0
0.00656
0.0297733
0.0833267
0.00559333
0.00341667
0
0.00077
0
0.01694
0.01424
0.0316267
0.0264233
0
0
0.00014
0
0.0396167
0.00293667
0
0.0311567
0
0.00047
0.0409433
0.04421
0.01486
0
0.0397333
0.0227833
0
0.0079
0.00764
0.00368667
0.0214933
0.02555
0.04614
0.0439433
0
0.00389667
0.000223333
0
0
0.0184
0.000523333
0
0.358723
0
0.000226667
0.00536667
0
0
9.33333e-05
0
0.00319667
0.0437
0.0270567
0.00698
0.0254433
0
0.03018
0
0.39584
0.00127333
0.04529
0
0.00245333
0.0226267
0.00691667
0.00729667
0.0189067
0.000446667
0
0
0.00452667
0.00014
0.0178733
0.00404333
0
0
0
0
0
0
0.0190633
0.000756667
0.00218
0.358613
0.146097
0.0621733
0.000296667
0.0120333
0
0.0856933
0.00116667
0.0405367
0.04844
0.0511
0.301233
0.0133967
0.0180033
0
0.0126167
0.00021
0
0.000146667
0.04764
0.00369333
0.00448
0.187157
0
0.00106333
0.00246667
0
0.00331333
0
0.000233333
0.00176333
0.00150667
0.0544667
0.0452933
0.0377833
0.0205933
0
0
0.00516
0.0174667
0
0
0.0135
0.03372
0
0.00042
0.00197
0
0.00714667
0.0179767
0
0.00756
0.02977
0.04141
0.0208633
0
0
0
0
0.04859
0.00325333
0
0.00668
0.00474333
0.00535
0
0.0008
0
0.04761
0.0132367
0.0602133
0.02069
0.123007
0.45697
0
0.0581533
0.00023
0.00253333
9.66667e-05
0.00131667
0.01167
0
0.01457
0.00432
0.05213
0.000183333
0
0.0326833
0.0154867
0.00353
0.34193
0.363863
0.02622
0.000216667
0
0.0024
0
0.00114333
0.07367
0
0.00782667
0.01362
0.0249633
0.0274767
0
0.0272033
0.00066
0.000113333
0.00458333
0.00025
0.000306667
0.00057
0.0181667
0.00646333
0
0.000336667
0.00147333
0.000503333
0.000106667
0.03078
0.00316333
0.00592
0.00120667
0.0264767
0.00063
0
0.03677
0.00521
0.05326
0.0048
0.0055
0.0123967
0.04301
0.0265567
0.0732833
0.00233333
0.0138467
0.00033
0.0293133
0.00193
0
0
0.0008
0.000336667
0
0.0188833
0
0
0.0169867
0
0.00935667
0.00139333
0
0.0294167
0.03755
0.0307767
0
0.00966
0.311633
0.0467733
0
0
0
0
0.00374667
0.00667667
0.01569
0.00112
0.00182667
0
0.00630333
0
0.00862
0
0.0298833
0.0273933
0.10107
0.0174567
0.0311067
0.00245667
0.000143333
0.0664867
0.00887
0
0
0
0.0151233
0
0.0228667
0
0.00375667
0.00649667
0
0.0461433
0.00137
0.0275933
0.01988
0.0198
0
9.66667e-05
0.0269567
0.00198
0.000463333
0.00560333
0
0.00564667
0
0.00173667
0.0168333
0.000106667
0
0.00011
0.0224367
0
0.01714
0.00832667
0
0
0.00387333
0
0.0302833
0
0
0.0552067
0.00309667
0.00713667
0.449407
0.00668333
0
0.000193333
0
0.113913
0
0.07837
0
0.0347933
0.0701667
0.0223033
0
0.00108
0.00585333
0.02675
0
0.00360333
0
0.00057
0.0273767
0.000656667
0.01247
0
0.03782
0.00196333
0.0720967
0.0216033
0
0
0.06479
0.00193
0.00116333
0.00671667
0
0.01498
0.01439
0.00121667
0
0
0.01422
0
0.0218433
0.00378
0.00241667
0
0
0.172627
0.00361667
0
0
0.00021
0.04276
0.00413333
0.00022
0
0.0029
0.000406667
0.0244767
0.0157567
0.00879
0
0.00179
0
0
0.00018
0
0
0.000486667
0
0.528177
0
0
0
0.000583333
0
0
0.03134
0.0429667
0.00605667
0.0232833
0.00034
0
0.00339667
0.0162033
0
0
0
0
0
0.48519
0.1285
0
0
0.0720933
0
0.0102933
0.0351067
0.00945333
0
0.0148967
0.00345333
0.0188667
0.01682
0.0331467
0.0384633
0.00315
0.00346667
0.0268767
0.0408733
0.0171967
0.0129867
0.0138867
0.00741333
0.00625
0.0360633
0.000673333
0.02027
0.0343033
0.07003
0.490617
0.000113333
0.02969
0.000183333
0.101343
0
0.00188
0.01269
0.0328533
0.0381033
0.0146033
0.0135233
0.00690667
0.00269333
0.0023
0.05034
9e-05
0.00955667
0
0.0289
0.00507667
0
0.0116767
0.000203333
0.0259967
0
0
0.00539667
0
0
0.00865
0.0580233
0.0527833
0.03696
0
0.00946
0.00013
0.01466
0
0.0259767
0.00088
0
0.00112667
0.0282067
0.02103
0.000143333
0.0252667
0.0286533
0.0216667
0
0
0.00262667
0
0.0443
0.00494667
0.00930667
0.00732333
0
0.000143333
0.00545
0
0.0138533
0.00021
0
0
0.00386
0.00414333
0.000173333
0.44266
0.00686333
0.04283
0.00929
0.0504933
0.000183333
0.03469
0.0860433
0.00674
0.0944067
0.00809
0.00160333
0.0197333
0
0.00173667
0
0.02485
0.00142
0.04217
0.00189333
0
0.00492667
0
0.0236267
0.00093
0.00101667
0
0.0193
0
0
0.00602667
0
0.000636667
0.07477
0.0101967
0
0.000773333
0.0161467
0.00559
0.000833333
0.03064
0.0042
0
0.0549767
0.0433467
0.0489833
0.00279
0.00359333
0.000326667
0.00162
0.02746
0.03546
0.0264267
0.00946667
0.00160667
0
0.00043
0.0678233
0.0113467
0.307633
0
0.000226667
0.0195933
0.115023
0.0235233
0.00927667
0.00044
0.0159767
0
0
0.0273867
0.138913
0.01091
0.0441467
0.0002
0.0192167
0.00216667
0.00251333
0.0313233
0.0161833
0.0278633
0.01154
0
0
0.01001
0.0130033
0.03968
0
0
0.01053
0.00029
0.01274
0.00485667
0.01907
0.03369
0.0591533
0.0021
0.01209
0.00104333
0.01247
0.000123333
0.00208333
0.00179333
0.177337
0.0357567
0
0.10633
0.04224
0.00445333
0.0461967
0
0.00276667
0.0234867
0.0072
0.03339
0.260797
0
0.03173
0.00642667
0.00803333
0.00218
0.0566633
0.02384
0.000736667
0.01977
0.00121667
0.0120667
0.0150833
0
0.00231667
0
0.01216
0
0
0.0184733
0.03467
0.00825667
0.00124
0
0
0.0198533
0.00359667
0.00339333
0.000123333
0
0.0663
0.02904
0.000213333
0.0574433
0.00496
0
0.239823
0.0338033
0.0141933
0.01521
0.000503333
0
0.0181667
0.0135333
0.00104333
0.00587333
0.01118
0.0279
0.0319867
0.00253333
0.0156333
0
0.02996
0
0.000543333
0.00413
0.0260967
0.00141667
0.00459333
0
0
0
0
0.000136667
0.000136667
0
0
0.000373333
0.00526667
0.00304333
0.02362
0.00122333
0.0122633
0.00520333
0.00530333
0.00019
0.00029
0.000116667
0.00412333
0
0
0.000163333
0.0132533
0.000286667
0.01093
0.0346133
0.0129033
0.04685
0.00236667
0.0408933
0
0.00565667
0.00131333
0.01915
0.01154
0.0129467
0.00483333
0.00027
0.0138633
0.00942
0.500857
0
0.000166667
0
0.03067
0
0
0.000156667
0
0
0
0
0.00445667
0.01008
0.00114333
0.190513
0.00305667
0.06825
0.000513333
0.00236
0.0101633
0
0.00235
0.00578333
0.00220667
0.04216
0.00511667
0.00018
0.00197333
0.04818
0.10172
0.0129567
0.00645333
0
0
0.0198167
0.01374
0.0345733
0.0668833
0.01535
0.0169867
0.0209733
0
0.00071
0.000133333
0.000276667
0.0121033
0
0.12962
0
0
0.000143333
0.0052
0
0.0195167
0
0.00935667
0.0111033
0.000153333
0.00822
0.0609567
0.02859
0.00501667
0.01528
0.108523
0.0106033
0.000233333
0.066
0
0.0218233
0.0342
0
0
0.0498067
0.04502
0.0608067
0
0.0329367
0.02404
0
0
0.0140567
0.000536667
0
0.00501667
0.00094
0
0
0.169723
0.0655233
0.01553
0.000896667
0.00262667
0.0750167
0.03345
0.0118967
0.00874
0.03781
0.01588
9.33333e-05
0.00708333
0.00439
0.0192233
0
0.00024
0.00075
0
0
0
0.0129533
0.00684
0.000116667
0
0.0374467
0.00512
0
0
0.00611
0.000613333
0
0.000963333
8.66667e-05
0.00393667
0.101053
0.0239233
0
0
0.0261967
0.0269133
0
0.0460867
0.0408667
0.07524
0.00635
9.33333e-05
0.000246667
0.0288733
0.02452
0.01183
0.0115033
0.000333333
0.0269067
0.0820533
0.11587
0.0213467
0.115247
0.408637
0
0
0.0119133
0.01231
0.03305
0.0281767
0.0113567
0.0411133
0.0274333
0
0.000486667
0.0407133
0.10048
0.0197867
0.000306667
0.00303333
0.02706
0
0
0.43767
0.0148267
0.0258533
0.00771667
0.0153367
0.000183333
0.00880667
0
0
0.0117567
0
0.0451767
0.00817667
0.00109333
0.00571
0.0266333
0
0.00363667
0
0.000326667
0
0.000276667
0.00744667
0.0272967
0.375553
0.213093
0.01069
0.000616667
0.00395333
0
0
0
0
0.00161
0.0516667
0.00705333
0.03952
0.00778
0.000216667
0.00163667
0.00144667
0.02215
0.0269967
0.01256
0.0138667
0.01896
0.186113
0.0251467
0.0146367
0
0.000313333
0
0.000213333
0
0
0.0348933
0.00158667
0.0979633
0.00227333
0
0.00513
0.0240133
0
0
0
0.00808
0.01848
0.01255
0.00689333
0.113723
0.01932
0.0143367
0.000436667
0.00375667
0
0
0.00298
0.0123167
0
0
0.00547667
0.0121333
0.00587
0
0.00026
0.01064
0.00251
8.66667e-05
0.0287233
0.0147267
0.0397767
0.0310167
0.0253433
0.000233333
0.05185
0
0.00679667
0.0320967
0.000666667
0.000226667
0.000833333
0.00126333
0
0.0387667
0
0
0.0103567
0.02199
0.00866333
0.0315833
0.00594
0.00024
0.05828
0.05679
0.00207333
0.431003
0.000326667
0.06546
0.00806667
0.00069
0.02698
0
0
0
0
0
0.00108
0
0
0
0.00157333
0
0.04059
0
0.03267
0
0
0.0397
0
0
0.0288533
0
0
0
0.0416
0
0
0
0.0305
0.00919
0
0.0328433
0.05791
0.00014
0.03234
0.0502
0.0335733
0.03416
0.00781667
0.000543333
0.00167333
0.00157333
0.0429933
0.0130067
0.000526667
0.00931333
0.0263367
9.66667e-05
0.02036
0.01571
0
0.37479
0.04454
0.0021
0.00454333
0.00729333
0.0604133
0
0.00823
0.03491
0.000326667
0.00503333
0.00570667
0.000536667
0.13743
0
0.0620567
0.07846
0.0432433
0.01934
0.02583
0.00717333
0.00315667
0.0122133
0.00439
0.00212333
0.00578667
0
0
0.00735333
0.000486667
0
0.03032
0.00424
0.00341
0.00185667
0
0.0506
0.000436667
0.00539333
0
0.00922
0.00664333
0.00024
0
0.00024
0.0056
0.00096
0
0.0160833
0
0.0283233
0.0270167
0.00220333
0
0.00154667
0.0141367
0
0.00276667
0
0.00661
0.0285333
0
0.0112633
0.00185
0.0138533
0.00937
0
0
0.0398933
0.000226667
0.00498
0.000246667
0.00792
0.0330933
0.0102033
0
0.00846
0.06023
0.0116367
0.0450967
0.02382
0.0006
0.00750333
0
0.00277667
0
0.000913333
0.0332933
0.0306233
0.0407
0.0394533
0.00919
0.01431
0.000683333
0.000183333
0.00447333
0.05065
0.000843333
0
0.0331567
0
0.0204367
0.0179433
0.00330667
0
0.00250333
0.01789
0.02925
0.00044
0.00304667
0.0119
0.00159
0
0
0.00233
0.00043
0.00617333
0
0
0.02788
0.0527433
0.0257967
0.04563
0.0599
0.00316333
0.0358333
0.0014
0.01669
0.06971
0.00229333
0.0369867
0.02939
0.02087
0.00197333
0
0.01931
0.0128067
0.02227
0.00147
0
0.00612333
0.00743667
0.0139033
8.66667e-05
0.00320333
0
0.00641
0.00162
0.01955
0
0
0
0.00217667
0
0.00821
0
0
0
0.0448733
0.00025
0.0262267
0.0526933
0.0501633
0.0004
0.0427933
0.01118
0.0296533
0.00064
0.000696667
0.0111467
0.02523
0.00321667
0.0165733
0.000596667
0.00863667
0.0243533
0.0262633
0.00138667
0.0005
0.00485667
0.0300167
8.66667e-05
0.0627167
0.0107567
0.00664333
0.00726
0.03014
0.00298
0.0668033
0.0100867
0.0223733
0.00280333
0.0281333
0.01593
0.0470633
0.0118733
0.0429633
0.00296333
0.00179333
0.0801633
0.02114
0.00718333
0.00684667
0.00581667
0
0.0325333
0.00068
0.0144567
0.0150467
0.00206667
0.00664
0
0.000113333
0
0.01426
0
0
0.0499833
0.00510667
0
0.0478367
0.05206
0.0450933
0.02694
0.0422933
0.0385833
0
0.00667333
0.00173667
0.00018
0.00493333
0.01319
0.000316667
0
0.00163333
0.0271433
0.0173567
0.0150767
0.00832
0.00989
0.0002
0.000606667
0
0.0343133
0.000606667
0.00246
0.000543333
0
0.0200867
0.0223033
0.000103333
0.05391
0
0.0284
0.0154767
0.0285133
0.000153333
0.0120333
0.0353533
0
0.00731
0
0.0151133
0
0.00554
0.00812
0.0102167
0.0218433
0.0177133
0.0177267
0.00417333
0.0328333
0.000583333
0.00474667
0.01268
0
0.0214867
0.135807
0.00042
0.155113
0
0
0.00014
0
0.0675733
0.00124
0
0.00011
0.00484333
0.00638333
0.00800667
0
0.00153333
0.0248933
0
0.00454333
0
0
0.01514
0.0789867
0.107587
0
0
0.00946
0.0276733
9.33333e-05
0.000826667
0.00337667
0
0
0.01336
0.0234167
0.000496667
0
0.0183467
0
0.00589667
0
0.0139
0.00585
0.00422333
0.0246733
0.00423667
0.0648967
0.00628333
0.0404033
0.00139667
0.00140667
0.00881667
0.06192
0.0192667
0.0366233
0.00143333
0.03922
0.32942
0.04124
0
0.0001
0.01538
0.0133667
0
0.00154
0.00844333
0.00611
0.01145
0.000516667
0.00469667
0.00865333
0.00176333
0.00549667
8.66667e-05
0.04314
0.0117733
0.108753
0.000633333
0.00594
0.00893667
0.00238667
0
0.000643333
0
0.0141433
0
0.000613333
0.000446667
0.0481033
0.00239
0.01346
0.00036
0.00273
0
0
0.0227367
0.01705
0.395923
0
0.000583333
0.0760433
0.0307133
0.000446667
0
0
0.0423233
0.03702
0.0280067
0
0
0.00011
0.00163667
0
0.419
0.0122133
0
0.16718
0.32018
0.00326667
0
0.0005
0.00807
0.01103
0.0016
0.03404
0.03636
0
0
0
0.00164333
0.00751
0.32028
0
0
0
0.0380033
0
0
0.00439
0.00799
0.0169367
0.0112433
0.00873
0.0142333
0
0.00406
0.00264667
0.0186133
0.0292033
0
0
0
0.000796667
0.00083
0.00952667
0.00326667
0.0361267
0.000666667
0
0.00469667
0.00288667
0
0.00140333
0.0153733
0
0
0.000136667
0.000623333
0.000106667
0
0.00299667
9.66667e-05
0.0454067
0.0142167
0.01401
0.00441667
0.00425333
0
0.06176
0.104593
0.00498
0.0249967
0.00735333
0.000636667
0.0223733
0
0.000243333
0
0
0.00162333
0
0.01053
0.00537
0.00873
0.00488333
0.00109333
0.000753333
0.03323
0.00059
0
0
0.00780667
0.01483
0
0.00251667
0.0959967
0.01812
0.0104267
0.0402167
0.0151767
0.00674667
0.00228333
0.00261333
0.0377
0.0352267
0
0.00123333
0.0008
0.000586667
0.0145867
0.000246667
0.0564
0.0162433
0.0798367
0.01666
0.000816667
0
0
0
0.00625333
0.0417733
0
0.00687
0.00073
0.000846667
0.000246667
0.44372
0.14394
0.09153
0.0607467
0.0163367
0.175607
8.66667e-05
0.000173333
0
0.000256667
0.00295
0.00340667
0
0
0.00659667
0.02022
0.01986
0.36523
0.00298
0.20638
0.178303
0.0274067
0.0213133
0.00885667
0.00682667
0.138477
0.00158
0.00011
0.00487667
0.000496667
0
0.00105
0.0007
0.02556
0.000363333
0.02653
0.0320467
0.0335767
0.345723
0.0376267
0.0155767
0.0353767
0.01428
0.00246
0.00555667
0.000443333
0
0.000643333
0.000126667
0.00916
0.0298333
0.00017
0.0552767
0.0414767
0.00569333
0.03165
0
0
0.0122067
0.00249
0.0335933
0.120363
0.00842
0.00391667
0.0194567
0.0263733
0.00398
0.0106633
0.02697
0.00249667
0.00894333
0.00729
0.0014
0.0126667
0.00120333
0
0.01787
0.02902
0.00865
0.0211167
0.0632767
0.118077
0.0353333
0
0.0169133
0
0.13911
0.0227233
0.0297967
0.0639233
0.0577267
0
0.07155
0
0.05654
0.00585667
0.00129333
0.000953333
0.00123333
0
0.00869333
0.314007
0.272707
0
0
0.00225333
0.06064
0.0329867
0.02016
0.00185667
0.0260267
0.00392
0.0398933
0.127347
0.0690433
0.00135667
0.000253333
0.00129667
0.00341667
0.0299667
0.00901
0
0.0343267
0.00763
0
0.01303
0.0948
0.0354233
0.000536667
0.0235733
0.01184
0.0164767
0.00795333
0
0.00235333
0.000113333
0.00271667
0.00064
0.00052
0.00211667
0
0
0.00441
0
0
0.0269533
0.0134467
0.0320633
0.0257067
0.00784333
0.0195267
0.00864333
0.0196233
0.0227667
0.00486
0
0.05676
0.0201633
0.0213767
0.0231833
0.000543333
0
0
0.00386
0.008
0.000623333
0.0470267
0.0676767
0.0542067
0.04073
0.00187
0.00822667
0.00021
0
0.00208
0.00534
0
0
0
0.00293667
0.03557
0.0261433
0.35379
0.07833
0.28822
0.0590533
0.0333467
0.01584
0.0365233
0.0116067
0.06497
0
0.09485
0.0313433
0
0
0.0226033
0.00666667
0.0400367
0.01009
0.03262
0.00617667
0
0
0
9.66667e-05
0.00947667
0.00229667
0
0
0.0709333
0
0.0417967
0.00567333
0.03883
0
0.02872
0.00889333
0.0186167
0.00686333
0
0.000206667
0.00165667
0
0.0206333
0
0.0452067
0
0.0124333
0
0
0.03651
0
0
0.02252
0
0.00373333
0.377883
0
0.0294233
0.08247
0.000736667
0.00144333
0.00679667
0
0.0226967
0.0413667
0.02722
0.00789667
0.0442233
0.00343667
0.0165267
0.00526
0.0220767
0.0375067
0.0574633
0.0632567
0.03625
0.00147667
0
0.00014
0.02361
0
0
0.01434
0
0.00101667
0.0139
0.000303333
0.03576
0.02812
0.0631767
0
0.04018
0.0122933
0.000253333
0.00014
0
0.000576667
0.000836667
0.00196
0.0298967
0.0239
0.07298
0.00401333
0.0716733
0.0633233
0
0.0167767
0.0117533
0.0301433
0.01064
0.00710333
0.00115667
0
0.0260767
0.0211167
0.00112333
0.01481
0.00642
0.0164
0
0.0186167
0
0.00336667
0.00177333
0
0.0759833
0.0885867
0.14149
0.00022
0
0
0.00279
0
0.0127733
0.02949
0.000173333
0
0.0471667
0.00093
0
0.00059
0.0524033
0
0.130267
0
0.0583633
0
0.00616
0.01397
0
0
0.02226
0.000206667
8.66667e-05
0.00356333
0
0.00724667
0
0.00152333
0
0.0123333
0.0202433
0.0115067
0.05647
0.03153
0.00291667
0.00098
0.000136667
0.0422667
0.000583333
0.00746333
0.0175367
0.01175
0.00825333
0.0235567
0
0
0.00805667
0.00211667
0.0704867
0.00212
0.0559267
0.000736667
0.0111867
0
0.00491
0.02911
0.000343333
0
0
0.0420433
0.000693333
0.000693333
0.00106667
0.0273533
0
0
0.00517333
0.00295
0.218853
0.0119267
0
0
0.00478
0.0778667
0
0.00317
0
0.00501
0.01865
0.0005
0.00108333
0.0152233
0.0224567
0.166573
0
0.301153
0.04537
0.0104933
0.03557
0.0792867
0.0241367
0.00085
0.01977
0
0.0251133
0.45609
0
0.0768033
0.0694667
0.00366
0.156653
0
0.00280667
0.0104267
0
0
0.0947233
0.000433333
0.0260333
0.00649
0
0
0.0128133
0
0.00225
0.02784
0.000103333
0.000363333
0.0262333
0.00483333
0.00291667
0.0316067
0.0423033
9.66667e-05
0.000666667
0
0.00597667
0.000103333
0
0.05535
0.000136667
0.00109333
0
0.00123667
0
0.484067
0.00515
0.00041
0.01024
0
0
0.000283333
0
0
0
0.00028
0.106487
0
0.00028
0.00032
0.0488133
0.0331967
0.000326667
0.10733
0.00714667
0.105633
0
0.00120667
0
0
0.00707
0
0.00823667
0
0
0.08086
0.00021
0.0571267
0.0734267
0.0826767
0.14517
0.02919
0
0.000163333
0.05198
0
0.00043
0
0.160793
0.0495167
0.00915
0
0.00985
0.07183
0.0306967
0.0702367
0
0.00305
0
0.101053
0.0422
0.000353333
0.0113867
0.000836667
0.00048
0
0.00508667
0.02641
0.0169967
0.0244467
0.00820667
0.03527
0.02001
0.304203
0.0145167
0.03856
0.00462333
0.00835
0.102183
0
0.0241667
0
0.000386667
0
0.04574
0.000163333
0
0.0243833
0.0396867
0.0242567
0.02533
0.000466667
0
0.01712
0
0.00215667
0.0178067
0.000896667
0.00063
0.00724333
0.0496633
0.00114667
0.0341767
0.404073
0.000233333
0.00717333
0
0
0.00222
0.00350667
0.00617667
0
0.00457333
0.0871967
0.00779333
0.00150333
0
0.0537267
0
0.00067
0.00655667
0.000116667
0.000963333
0.00567667
0.00302667
0.00228667
0.00686
0
0
0.0120767
0.04159
0.00093
0
0
0
0.159407
0.000566667
0
0.00884667
0
0
0.0371967
0.0113167
0.154677
0.0588133
0.02658
0.03295
0.00467667
0
0
0.00129333
0
0
0
0
0
0.00374
0.03598
0.0195767
0.00112333
0.0358567
0.00294667
0.01082
0.00582333
0.0923767
0.0467833
0.0154533
0
0
0.00273667
0.0001
0.27644
0.00961667
0.00729333
0.0460833
0.02389
0.01323
0.00415
0.239783
0.01593
0.03612
0.0580467
0.0209833
0.0380967
0.00277
0
0.03021
0.0281233
0.0260167
0.00676
0.02698
0.0241133
0.00164667
0.147957
0.0135033
0.0159467
0.0499533
0.0161233
0.00941667
0.0119433
0.0284
0.0407967
0.00904
0
0.04063
0.00176667
0.00739667
0.0657133
0.0114567
0.0219533
0
0
0
0
0.02153
0.0402267
0
0.03299
0.00502667
0.0295133
0
0.00507333
0.0130033
0.00115
0.0437667
0.0556133
0.0483833
0.00195667
0.0001
0.0258067
0.000386667
0
0.39136
0
0
0.389523
0.00102667
0.000766667
0.00821
0.000196667
0
0.04509
0.0581433
0.05913
0
0
0.000563333
0.0748
0
0.000246667
0.0500267
0.00740333
0
0
0.0214267
8e-05
0
0.02373
0.0593033
0
0.00167
0.00376
0.00107333
0
0.0155533
0.000406667
0.0272033
0.00415
0.0467833
0.00950667
0.0350333
0.00316333
0
0.000366667
0.0275533
0.345977
0
0.0364633
0.00925
0
0.000116667
0.01183
0.000136667
0.000993333
0.000286667
0.04414
0.00275667
0.00651333
0.0857433
0.00108667
0.00259667
0
0.01876
0.0390667
0.00518333
0.0501167
0.00524
0.0281533
0.0236033
0.131683
0.03541
0.17516
0.0108067
0.0541833
0
0.00252333
0.01107
0.00992333
0.03407
0.013
0.02216
0.00254
0.276327
0
0
0.000216667
0
0
0
0.00142
0.0160467
0
0.00425667
0.02768
0.01809
0.0404967
0.0286433
0
0
0.0268933
0.00386333
0.05435
0.0976533
0
0.00085
0.0001
0.03349
0.0100767
0.000656667
0.000396667
0
0.0001
0.00013
0.00427
0.00389667
0.06853
0.03509
0
0
0.00678333
0.0208467
0.00243667
0.0009
0.000623333
0
0.000103333
0.000246667
0.000466667
0.00174333
0
0.00379
0
0.0265533
0.0521233
0.02392
0.01732
0.0329067
0.00512
0
0.00389333
8.66667e-05
0.00873333
0.00893667
0.00146667
0.0358067
0.00015
0.000106667
0.000106667
0
0.00158
0
0.0294767
0.00611
0.000203333
0
0.00123667
0
0.000843333
0.00737333
0.00293
0.0249467
0.0005
0.00732
0.07125
0
0
0.0213767
0.00629333
0.00313
0.0717133
0.02597
0
0
0.00985667
0.0178567
0.0199933
0.0242967
0.129807
0.00868
0.189653
0.0387267
0.02704
0.422907
0.0539467
0.0705167
0.251017
0.02819
0.03537
0
0.00201667
0.00387667
0.03234
0.0602267
0
0.000586667
0
0.0184233
0.000136667
0.00231333
0
0
0.0229067
0.00641667
0.0329067
0
0
0.00379
0.0286733
0.15489
0.0169767
0.000323333
0.0172033
0.00389
0.0127667
8.66667e-05
0.05335
0.0232467
0.00021
0.0295867
0.00239
0.00405
0
0.0103833
0.0442133
0
0.01381
0.00376667
0.000106667
0.00165333
0.00493667
0.0533867
0.0124267
0.00372667
0.06459
0
0.05703
0.00114333
0.262843
0.00436333
0.000116667
0.00163
0.000806667
0.00089
0.0345233
0.00646
0.09728
0.00019
0
0.0370033
0.00207667
0.00772333
0
0
0.0289367
0.0111267
0.00581667
0.00114333
0.00843667
0.17102
0.0131933
0.00224
0.00302
0.0123033
0.00961333
0.0172133
0.331427
0.0179767
0.0483767
0
0.0377233
0.0193433
0.00276667
0.0123233
0.0900167
0.11088
0.04738
0.000443333
0
0.379767
0.0622467
0.00961
0.000616667
0
0.00342667
0.000466667
0.00998333
0.00147
0
0.0428133
0.0177833
0
0
0.00182333
0.00100667
0.00340667
0.000116667
0
0.00113667
0
0.000653333
0.0320467
0
0.0157633
0.000333333
0.02143
0.00210333
0.00437667
0
0.0199967
0
0
0.00123
0.00116
0.00403333
0
0.01539
0.0359233
0.0656533
0
0.000676667
0
0.0499733
0.0395733
0
0
0
0
0
0
0
0.00167667
0.0119667
0.16594
0.06124
0.0366467
0.00424333
0
0.00243667
0.0194667
0.0565
0.02677
0.00625
0
0.0144233
0.0900367
0.0250267
0.05236
0
0.00988333
0.00795
0.000296667
0.0241367
0.00443667
0
0
0.00907
0.00268667
0.0500667
0.000333333
0.00222333
0.0318
0.17171
0.00396
0.03961
0.138693
0.0144367
0.00196
0.00301667
0
0.00699667
0.02081
0
0.0240033
0
0.000716667
0.46055
0.00645667
0.000333333
0.000656667
0
0
0.00153333
0.0029
0.0266433
0
0.0358767
0
0.02692
0.000186667
0
0.0367467
0.0117767
0.00827333
0
0.00182667
0.0021
0
0.00783333
0.101197
0.0411933
0.00257
0.0397633
0.00538333
0.00436667
0
0.0373567
0.165663
0
0.0266567
0.03206
0
0.00156333
0
0
0.0505433
0
0.0257833
0.000196667
0.00470333
0.06273
0.0317733
0.01673
0.0202667
0.0144167
0.00316667
0.000183333
0.01075
0.0410733
0.17808
0.00532
0
0.0360033
0.01313
0.00147667
8.33333e-05
0.0343267
0.000943333
0
0.05998
0.0580533
0.00869
0.00403
0.00287
0.0003
0.0241867
0.00325667
0.02806
0.0457033
0.00485667
0.00509333
0
0.0061
0.0179
0.00127667
0.0012
0.000163333
0.000326667
0
0.00512667
0.00906
0.00796
0.0226433
0.00346
0.000243333
0.00351667
0.0557967
0.00073
0.0231567
0.000436667
0.04696
0.0300933
0.00016
0.00461667
0
0
0.00309333
0.0177067
0.0303833
0.0167667
0.00365333
0.01779
0.0265967
0.0124433
0.02759
0.000433333
0
0
0.105307
0.0276
0.000613333
0
0.03813
0.000206667
0.00976
0.00193
0.0147933
0.0074
0.0113533
0
0.00101333
0
0
0.00043
0.26177
0.0486967
0.00026
0
0
0.0532867
0.06192
0
0.00798333
0.00264
0.000223333
0.0691167
0.02463
0.06128
0.117003
0.02583
0.00635
0.05213
0.0104733
0.000106667
0.0353933
0.0154967
8.66667e-05
0.0349567
0
0.00748667
0.02462
0.00036
0.00462
0
0.00042
0.00638
0.0241567
0.0124067
0.0192533
0.01022
0.00349667
0
0
0.000106667
0.000226667
0.00565667
0.00331333
0.0130933
0
0.0321167
0
0.0403533
0.000866667
0
0
0
0
0.00972
0.000173333
0.02374
0.03276
0.03001
0.0284033
0.0256967
0.0541733
0.0160367
0.000553333
0.000553333
0.00923333
0.000653333
0
0.00397
0.000106667
0.00374667
0.000263333
0.00531667
0.00485
0
0.0308633
0
0.0212933
0.00577333
0
0.00126667
0.00497333
0
0
0
0
0
0.0178633
0.02439
0.00120333
0.0697733
0.0049
0
0.000546667
0
0.00081
0
0
0
0.00493333
0.00271
0.00290333
0.000926667
0.00404
0.0116533
0
0.01311
0.0263633
0
0.0184367
0.000226667
0.00238
0.0103033
0
0.0366967
0.000983333
0.109083
0.0305
0
0.03154
0
0
0.0095
0.00029
0.0386433
0.0320067
0.00971333
0.0743333
0.00933667
0.00726
0.167637
0.00570667
0.0155267
0.000543333
0.000156667
0.02018
0.0203467
0.0008
0
0
0
0.00243333
0.00566333
0.253643
0.0352533
0.00950333
0.0406667
0.0329533
0.144393
0.0291433
0.11708
0.00271333
0.00124
0.00022
0.000493333
0.000416667
0.00651
0.325153
0.00634667
0.400763
0.00485
0
0.00801333
0.01382
0.03167
0
0
0
0.00370333
0.0640767
0.00209333
0.00111
0
0.00234333
0
0
0.0217733
0.00528667
0.0224967
0.00510667
0
0
0
0.0005
0.00717667
0
0.0299967
0.0177833
0.0209967
0.0529633
0.00634667
0.000246667
0.00086
0.00567667
0.0233567
0.0478467
0.0184
0
0.00161333
0.0015
0.03629
0.00158333
0.07314
0.00169667
0.0437633
0.00127333
0.0402433
0.05417
0.0211133
0.0102667
0.0132467
0.00575
0
0.00672667
0.0125033
0.0409
0
0
0.00877
0
0
0
0
0.326637
0.02984
0.000253333
0.0106567
0
0.00188
0.00377333
0.00405
0.00438
0.03785
0.0373467
0.00884667
0.0697033
0.00242333
0.0912733
0.00992333
0.00217333
0.0712633
0.00208333
0.00208333
0.00116667
0
0.05526
0.00137
0.00954333
0.0267733
0.00386
0.000653333
0.02882
0
0.00257667
0.0401633
0.05088
0.000463333
0.0218067
0
0
0.00076
0.0216233
0.0139833
0.02234
0.01167
0
0.00750333
0.0457067
0.05961
0
0
0.00803667
0.00537667
0.01646
0.0316867
0.00455333
0.01424
0.0192367
0.00481667
0.00121
0.01492
0.000233333
0.0271733
0.00481667
0.05838
0.02344
0.0146
0.000216667
0.0315667
0.0344933
0.0098
0
0.0391033
0.00614
0.00876667
0.0257067
0.000103333
0.00146667
0.006
0.04101
0.07093
0.00062
0.0931733
0.00535
0
0
0.0556333
0.000843333
0.0180167
0.5179
0.0273067
0.205913
0.195137
0.0197967
0.00512
0.35032
0.0339267
0
0.0552033
0.000843333
0
0.000843333
0.02117
0.00282
0
0.000166667
0.00216
0.00758
0.0193933
0.0181533
0
0.00784667
0.0778433
0.00958667
0.00100333
0
0.0281167
0.0178467
0
0.197707
0.02224
0.0568067
0.0190967
0.00146667
0.0398367
0.01756
0.01165
0
0.03574
0.0343567
0
0.00287
0
0.00123667
0.00165
0.00125333
0.01691
0
0.00994333
0
0.00189333
0.00278333
0.00342333
0.0394267
0.00732
0.00870333
0.000443333
0.0319233
0.01338
0.0221567
0
0.000126667
0.01932
0.00142
0.0174867
0
0
0.00119333
0.03747
0.00908333
0.04354
0.0751067
0.06068
0.0431367
0.0332133
0.0270067
0.00309
0.0107267
0
0.0552033
0.0504467
0.00286333
0.00933333
0.109827
0.00802
0.000323333
0.0122267
0.0204867
0
0.00216
0.0179833
0.00125333
0
0.0361233
0.000833333
0.00021
0.000116667
0.01905
0.00426
0.0946933
0.0157
0.03484
0.000143333
0.07032
0.01991
0.00247667
0.0184567
0.00184333
0.00177
0.0153167
0.000163333
0.00231333
0.000733333
0.07504
0.00449333
0.00567667
0.00703333
0.0158533
0.02734
0.00351333
0.0235033
0.0272967
0
0.03214
0.0246933
0.0362133
0.00230667
0.000213333
0.0345733
0.0176
0.111707
0.114733
0
0.00781
0.0144433
0
0
0.00983667
0.01249
0.08962
0.0522867
0.00321
0.0899733
0.0395567
0.01006
0
0.00196
0.000826667
0.0926
0.0004
0
0.00660667
0.0409567
0
0
0.00324667
0
8.33333e-05
0
0.0101033
0.00232667
0.00322667
0.08018
0.00208333
0.000583333
0.00185
0
0
0.140147
0.00429667
0
0.0311167
0
0.00527
0.00238333
0.01853
0.00163333
0.00270667
0.00108667
0.0175433
0.00200333
0.00328
0.0401833
0.000533333
0.000223333
0.000523333
0.00788
0.00376667
0.0355333
0.000596667
0
0.122633
0.0188267
0.02884
0.03482
0
0.0170933
0.00014
0.000136667
0.0189067
0.00870333
8.66667e-05
0.00629333
0
0.0202933
0.00691
0.0366233
0
0
0.00325
0
0
0
0
0.0361467
0.00518667
0.00415333
0.02939
0.0160533
0.0297367
0.02664
0
0.000593333
0
8e-05
0.000533333
0
0.0381933
0
0.0134133
0.00725
0.0684667
0.0156433
0.0375233
0
0
0.00019
0.00385667
0.00464
0.00019
0.0420667
0.00379
0.0368633
0.0071
0.0218867
0.00663667
0
0.0309133
0.00857333
0
0.0289367
0.00654333
0
0.000566667
0
0.01295
0.00100667
0.126167
0.0175167
0.0287533
0.0154
0
0.0120433
0.00410333
0.0459033
0.0379167
0.00608667
0.0126567
0
0
0
0
0.0164567
0.545913
0
0.01809
0.000133333
0.00534
0.08512
0.0150833
0.00479
0.0868167
0
0
9.33333e-05
0
0.000106667
0
0.00243
0.00129
0
0.0196833
0.000783333
0.000343333
0.0145067
0.04509
0.01369
0.00936333
0.00078
0.00417667
0
0.00353667
0.00387667
0.12478
0.00971333
0.00067
0.0258433
0
8.33333e-05
0.000136667
0.0218967
0.0191567
0.106913
0.0170367
0.000133333
0.000953333
0
0.00330667
0.139243
0.175777
0.0684433
0.0106067
0.00637
0.0159867
0.00547
0
0.0270267
0
0.00787333
0.00695667
0.000396667
0.0386933
0.00222
0.00432667
0.03102
0.00544
0.02394
0
0.000116667
0.01396
0
0
0.000586667
0.00937667
0
0
0.0606933
0.00327333
0.0154167
0.00756
0.00339
0.0787367
0.0266467
0.000153333
0
0.00068
0
0.0359333
0.041
0.123277
0.0108567
0.06449
0.00276
0.0412433
0.00083
0
0.000163333
0.0221867
0.00173667
0.000203333
0
0.00409333
0.000966667
0.02376
0.0202733
0.0210733
0.00101333
0
0.000486667
0
0
0.00614667
0.03221
0
0
0.0359933
0
0.000326667
8.66667e-05
0.0067
0
0.02404
0.00011
0
0.300093
0.03571
0.00279667
0
0.0709133
0.00596
0.000513333
0.0157867
0
0.00881333
0
0
0.00497
0.000566667
0.00825333
0
0.000173333
0.00319
0.16304
0.03825
0.0134667
0.01196
0.00733333
0.00394333
0
0.0881933
0.0120967
0.000396667
0.00746
0.0196533
0.0400167
0.00230333
0.00139667
0.00129667
0
0.000156667
0.00427667
0.00026
0.002
0.00239
0.0265667
0.0472167
0.01222
0.0436433
0
0.000406667
0
0.000756667
0
0.00116333
0.0356967
0.00126667
0.0122667
0.00112333
0.00869667
0
0.00111
0
0.00142
0
0.0297633
0.0260667
0.000993333
0
0.00128333
0
0.00201667
0.000106667
0
0
0
0
0.0488667
0
0.0171933
0.02509
0.0717167
0.026
0.0194433
0.000436667
9.33333e-05
0.01212
0.00220333
0
0.0363267
0.01675
0.0416133
0.0366833
0.01698
0.00266333
0.0362
0.25548
0
0.00449
0.07398
0.04691
0.0508933
0
0.00787
0.04451
0
0.0217867
0
0.0077
0.0279967
0.0195367
0
0.00932333
0.00777333
0.0287933
0.127817
0.115133
0.0296033
0.0118867
0
0.00189667
0
0.06368
0.000246667
0
0
0
0.000666667
0.0106733
0.02119
0.0178033
0.0622567
0.00121667
0.01032
0.0278167
0.000196667
0.0373567
0.00680667
0.0111267
0.00640333
0.00123
0.0173633
0.129637
0
0
0.0362733
0.000433333
0.01706
0.00433333
0.00886
0.0405367
0
0
0
0.0633
0.00836667
0
0.00337333
0.0163567
0
0
0
0.304027
0
0.00211667
0.0152667
0.0211467
0.0118267
0.0181367
0.0163267
0.0183567
0.00276667
0.0293667
0.00211667
0.00196667
0
0.0154433
0.000566667
0.0603733
0.00033
0.0200833
0.00947
0.000613333
0.000613333
0.00397
0.000316667
0.00254333
0.1073
0.0401067
0.0248367
9e-05
0.0266533
0
0.00277667
0
0.03578
0.00034
0.000183333
0.00510333
0
0
0.00593
0.0615
0
0.0270267
0.0264167
0.00690333
0
0.00034
0
0.00034
0.00543333
0.000343333
0.0437
0.0283733
0.000816667
0.0024
0
0.0466
0.0297733
0.0228367
0.00439667
0.05018
0.198177
0.128927
0.0297467
0.000446667
0.00099
0
0.00512
0.02658
0.00011
0.00700333
0
0.00105333
0.0173667
0.04921
0.00347
0
0.0168433
0
0.0165067
0.00673333
0.0173833
0
0.0169233
0.00014
0
0.00014
0.00726667
0
0.00845667
0
0.00084
0.10959
0.01946
0.0196433
0.00519333
0.000886667
0.00109667
0.0155867
0.00789333
0
0
0.00763667
0
0
0.00659
0
0
0
0.000396667
0
0
0
0.00387333
0
0.00615
0
0
0
0
0.0274533
0.00194
0.000683333
0.00117
0.0158833
0.0169833
0
0
0.0103267
0.0476933
0.0418933
0
0.000206667
0.0302267
0.05397
0
0.00042
0.00771
8.66667e-05
0.0375333
0.00141667
0.0128133
0.00256667
0.0132167
0.01565
0
0
0
0.0300567
0.0140667
0.01532
0.00161333
0.00716
0.0202
0.000183333
0
0.0202667
0.0405167
0.0171133
0.00334333
0.00483667
0.00745
0.0371567
0.0210433
0.02729
0.00632
0.01491
0.00312667
0.399603
0
0
0.01121
0.0126533
0
0.0396267
0.0315
0.000216667
0
0
0
0.0188933
0.02861
0.0327133
0
0
0.00017
0
0.00116
0
0.00116
0.0158967
0.00104333
0
0.00635333
0.00738667
0
0.000146667
0.00109333
0
0.02048
0
0
0.30686
0.0033
0.00353
0.01048
0.000113333
0
0.0161533
0.0215533
0.00054
0
0.00221667
0
0
0.0376567
0.0320633
0.00662667
0.00088
0.0177967
0.0169133
0.000133333
0.0172667
0.0242333
0.0108
0
0.0126433
0
0.01406
0.0287933
0.0125933
0.0163633
0.0875967
0.0302833
0
0.00302333
0.000103333
0.0176133
0.000103333
0
0.00983
0.00539667
0.0324233
0.00403
0
0.00753667
0.0236633
0.000216667
0.00188333
0.00278
0.0121533
0.00283333
0
0.00995667
0
0.02939
0
0.00596667
0.0296433
0
0.0340567
0
0.0347667
0.0381133
0.0452367
0
0.0179967
0.03516
0.01097
0.02112
0.0114467
0.0002
0.00889
0.0372533
0.0371833
0.00684
0.0506867
0.00731667
0.00121
0.03503
0.00490333
0.00285667
0.000636667
0.04166
0.03507
0.04935
0.0170067
0.000303333
0.0780767
0
0.00169667
0
0.00451
0.03683
0.0012
0.000243333
0.0303267
0.0104733
0
0
0.00147333
0.0210033
0.102843
0.0888667
0.0664
0.0254667
0.00888333
0
0.03902
0.00439333
0
0.05229
0
0
0
0.00456333
0.00796333
0
0.0166033
0.02924
0.00165
0.0289167
0.00067
0
0.0239367
0.0104933
0.0591167
0.000233333
0.227627
0.0151233
0.0633133
0.00768667
0.0344
0.01132
0.00362
0.0291867
0
0.00379
0.00139
0.00652667
0.0364833
0.0419367
0.00709667
0.016
0.0167033
0.05144
0.0346733
0.000723333
0.0277333
0.26563
0.0197733
0.00815
0
0.00786
0.0290767
0.02924
0.0279133
0.00535333
0.15909
0.00312667
0.00256667
0
0.0889033
0.0482
0.0479433
0.140207
0.0780067
0.0436
0.0396
0.02207
0.0359567
0.0219467
0.0409267
0.0318367
0.00234333
0.0357133
0.00514
0.00287
0.0253667
0.0104833
0.000236667
0.0102033
0
0
0.0135133
0.16195
0.332243
0.0109833
0.02874
0
0.0128667
0.00156
0.02043
0.00686333
0.00178667
0
0.00062
0.00093
0
0
0
0
0.000223333
0.000786667
0
0.00138667
0.00036
0.0323733
0.02958
0.0159267
0.000206667
0.0166067
0
0.00073
0.0249
0.0316533
0
0.0157833
0.0281467
0.00059
0.000476667
0.00573
0.0102067
0.00588333
0.0148867
0.02063
0
0.0061
0
0
0.0110967
0
0
0.00206
0
0
0
0.00363667
0.0120533
0.05406
0.000786667
0.0321167
0.00066
0
0
0
0
0.00730667
0.00150333
0.0295167
0.0311433
0.00684667
0.000106667
0.0291267
0.00917
0.00274
0.00109333
0.00174
0.00577
0.00049
0.00026
0.01862
0.0187933
0
0.0100467
0.000423333
0.116797
0.05943
0.19774
0.00044
0.00176333
0
0
0.00237
0.54783
0.03823
0.428467
0.149967
0.00719
0.0164267
0.0494133
0.00367333
0.00849
0.0267933
0
0.0331267
0.01704
0.0143233
0.00515667
0.0292967
0.00525
0.178797
0.00892
0.00833667
0.0341333
0.0442367
0.000183333
0.00422667
0
0
0
0.000183333
0.00508333
0.00984
9.33333e-05
0.03001
0
0
0.00453333
0.00519667
0
0.07087
0.05417
0.0279967
0.0297067
0.0367233
0.00121667
0.02709
0.01018
0.00112
0.000456667
0.0157667
0.00247667
0
0.364197
0.350663
0.138663
0.00215333
0.01012
0.00274333
0.000543333
0
0
0.000886667
0
0.000213333
0
0.10477
0.0288067
0.0337067
0.0494167
0.00747333
0
0.0499567
0
0.01618
0.00248333
0.0776533
0.0232033
0.02466
0.0231467
0.0460067
0
0.0172567
0.05104
0.02457
0.00480333
0.0265333
0.0268567
0
0.0338167
0.00110333
0.0107733
0.000253333
0.02998
0.00540333
0
0.0117167
0.00025
0.0168633
0.00679667
0.00546667
0
0.00346667
0.0129867
0.00267333
0.0272533
0.05006
0.00146
0.0416467
0.0161067
0.03189
0.0154633
0
0
0.00442
0.01226
0
0.00183333
0.0349967
0.00028
0.000226667
0.0495967
0.0345033
0.0138467
0.00916
0.00455
0
0.00828
0.0397167
0.0257833
0.0216733
0.0120567
0.000356667
0.00378
0.0414567
0.02595
0.165847
0.00804333
0
0.0008
0.000243333
0.0183167
0.00419
0
0
0.00246
0.00235333
0.00296667
0
9.66667e-05
0.0119833
0
0.000433333
0
0.00547333
0
0.0106467
0.0107567
0.0108067
0.0133033
0.00011
0.0105233
0.0243867
0.00168333
0
0.000126667
0
0.0367733
0.00059
0
0
0
0
0.0226867
0.0107933
0.000403333
0
0
0.00479667
0.0014
0.0166767
0
0
0
0
0
0
0.0105767
0.00408
0.00035
0
0
0.158427
0.00164
0.00473
0.00057
0.000286667
0.00351667
0.00878667
0.00069
0.00368667
0
0.0142967
0
0.0102733
0.00155
0.02151
0.05237
0
0.00493333
0.09847
0.00125667
0.06616
0
0.0171367
0.00630333
0
0.00118333
0.00506667
0.0064
0.0731633
0.00950333
0
0
0.00757
0.0290667
0.0114467
0
0
0.000786667
0.0364667
0.01776
0
0
0.00012
0
0
0.0113033
0.01462
0.000343333
0.00310667
0.00141333
0.0143833
0.00880667
0.000743333
0
0
0.00599
0.00244333
0.00194
0.00411667
0.00224333
0.01146
0.13253
0.00258667
0.02975
0.0209133
0.05367
0.02146
0.03472
0
0.00121667
0.00966667
0.01678
0.00121667
0.000216667
0.00197333
0
0.01037
0
0.01748
0.0721333
0.00059
0.00982667
0.00942667
0.000183333
0.000893333
0.0198
0
0.000643333
0.00563667
0.000216667
0.00471667
0.00104333
0.10305
0
0.01015
0.0225467
0.04679
0
0.000626667
0.00476
0.0075
0.000213333
0.00068
0.000883333
0.0141167
0.188
0.00498
0.00702
0
0.07099
0.0185233
0.0260633
0.05012
0
0.000866667
0.0449367
0.00029
0.0324967
0.00249667
0.00318333
0
0
0.00312333
0.0481033
0.0564533
0.0112433
0.05319
0.00019
0.000253333
0.01055
0.00404
0.000383333
0
0.01064
0
0.00291
0
0.0586467
0.00651
0.0188133
0.0250667
0.0457733
0.0309033
8.66667e-05
0.0166767
0.00207667
0
0.0301567
0.00334
0
0.0154433
0.0102533
0.0122133
0.00529667
0.00263333
0.0114833
0.0658167
0.00676667
0.00186667
0
0
0.000286667
0
0.00021
0.00454
0.06525
0.01099
0.00684667
0.0588733
0.000793333
0
0
0.0101567
0.00405
0.00082
0.00614333
0.00290333
0.00479333
0.00671667
0.00853333
0.01844
0.00146333
8.66667e-05
0.000463333
0
0.05106
0.0489367
0.00588667
0.02033
0.0185267
0.00331333
0.00219
0
0.125447
0.00161667
0.304543
0.00275
0.0131233
0.000436667
0.00053
0.00459667
0
0.00265333
0.25092
0
0.00212
0.04791
0
0
0
0
0.00144667
0.01063
0.0243733
0.0482967
0.00299
0.00177333
0.0364767
0.05167
0.02836
0
0.00061
0.00864
0
0.000163333
0
0.00652667
0.00372333
0.00182667
0.00372667
0.0291567
0.00475333
0.00815
0
0
0
0
0.01514
0.0471867
9.66667e-05
9.66667e-05
0.0454633
0.0235833
0.000116667
0.01686
0.00832333
0.03608
0.00308667
0.00173
0.0284633
0.0379233
0.0328033
0.0404633
0.0283433
0.0387567
0
0.0139667
0.03554
0.0346633
0.00213
0.0102233
0.0383033
0.01436
0.119507
0.00269
0.00216
0.19143
0.0122667
0
0.0104433
0.00369333
0.00815
8.33333e-05
0.000446667
0.02934
0
0.0186867
0.01401
0.00255333
0.04276
0
0.00115333
0.0240267
0.00265333
0.00760667
0.0450033
0.000583333
0
0.02888
0.0189667
0
0
0.000883333
0.00590667
0.02609
0
0
0.0106167
0.0171133
0.00419667
0.0064
0.0153167
0.08255
0.0297633
0.0299933
0.0532567
0.00652333
0.06976
0.0397
0.000356667
0
0.0151533
0.000873333
0
0.05461
0
0.01321
0.0141833
0
0.0140733
0.0181267
0.04254
0
0.00024
0
0.0006
0.00219333
0.000913333
0.00453667
0.11517
0.01641
0.00920333
0.0909
0.0380767
0.03352
0.00866667
0.00776333
0.0274667
0.00795333
0.01334
0.0253367
0.0240433
0.0121833
0.00326667
0
0
0.00075
0.00189
0
0.000103333
0.00673667
0
0.0136833
0.00025
0.0360233
0.0182433
0.0151767
0.0264133
0.01693
0
0.01319
0.00415
0.0424533
0.207343
0.00939333
0.04261
0.00136333
0.00115333
0
0
0.0169267
0.0149733
0.000573333
8.33333e-05
0.0011
0.00620667
0.0584067
0
0.00937667
0
0.0196733
0
0.00230667
0.00109
0.04205
0.0355367
0.0424667
0.000316667
0.00350667
0.0231467
0.0334267
0
0
0.0337467
0.00021
0.00769333
0.000253333
0.0002
0
0.07743
0
0.000103333
0.0157233
0.153023
0.0248867
0.0224333
0.00756
0.00310333
0.00203667
0
0
0
0.0349867
0.00314333
0.00141
0.00381
0.01382
0.00145667
0
0.22807
0
0.00275333
0.00187667
0
0.0112533
0
0.0124967
0
0.02383
0.0380767
0.0473133
0.00577
0.02213
0.00429667
0.0001
0.00864667
0.01391
0.00564333
0
0.00028
0.00024
0.147903
0.04998
0.00026
0.04112
0.01221
0.00264
0
0
0.04218
0.0453633
0.00336333
0
0.0379767
0.0100367
0.000136667
0.0365367
0.00181
0.00327667
0.0457333
0.00086
0.0675
0.0568533
0.0227733
0.03216
0.03197
0.0106333
0.00752333
0.000446667
0.0247267
0.0637433
0.0162567
0
0
0.00990333
0
0
0.000936667
0.00882667
0.000926667
0.31326
0
0.00267667
0.00249667
0.00223333
0.000326667
0
0.00231
0.00215667
0
0
0.00608333
0.02981
0.0162733
0.00225333
0.00152
0.000463333
0
0.0372733
0
0.0002
0.00346333
0.0117167
0
0.02916
0.184347
0.00727
0.137557
0.00116
0.0140533
0.000143333
0
0
0.000546667
0
0
0.154297
0.08436
0
0.04818
0.00083
0.00027
0
0.0441767
0.0113533
0
0.0185967
0.00182333
0.0146833
0
0.00422333
0
0.0213933
0.0008
0.00139
0.00511
0
0.0141033
0
0.00014
0
0.0236267
0.0269967
0
0.00510333
0.0396067
0.0551333
0.000386667
0.0532233
0.00973667
0
0
0.0116233
0
0
0
0.0253733
0.00131
0
0.0263367
0.06606
0.0259633
0
0.0279867
0.0114433
0.0381933
0.132317
0.0448033
0.00528333
0
0.03135
0
0.00592667
0.00823
0.02001
0.04813
0
0.0408567
0
0.0532
0.01692
0.0131
0
0.0145267
0.00433333
0.00528667
0.0153867
0.0162267
0.00915
0.07301
0.00919333
0.0351567
0
0.000163333
0.00140333
0.00351667
0.0610133
0.00770333
0.00519333
0
0.0184267
0.03173
0.00255667
0.02326
0.0276567
0.0347933
0
0.000233333
0.00123667
0.00224667
0.00211667
0.00108
0.02884
0.02042
0.0302333
0.00197333
0.00255667
0.00473667
0.01367
0.00786667
0.0404767
0.00654333
0.01815
0.00113667
0
0.01718
0.000643333
0.01454
0
0.00197333
0.02556
0.01647
0
0
0
0
0.0265567
0.00121
0.00187667
0.115547
0.16099
0
0.03125
0.04204
0.02471
0.0420367
0.00921
0.0269
0.00772
0.000513333
0.0120033
0.00376667
0
0.14498
0.00803333
0.00011
0.00155667
0.03106
0
0.00488333
0.00147
0
0.000416667
0.0114567
0
0.00011
0
0.00711667
0
0.0153467
0.00089
0.0102067
0.00144333
0.00398
0.03124
0.0150967
0
0
0.00066
0.00276667
0.01273
0.0273767
0.00749667
0
0
0.300327
0
0.00123
0.00151333
0.00089
0
0.000293333
0.0377567
0.01596
0.0110267
0.000333333
0.0195267
0.0227767
0
0.0377833
0.00973
0.0376667
0.000306667
0.00204
0
0
0.00167
0.0251767
0.04483
0.0240167
0.00132333
0.04
0.00317
0.000563333
0
0
0
0.0313167
0.00473
0.04271
0.00451667
0
0.00104667
0
0.00711
0.0863833
0
0.000246667
0
0.0253133
0.000206667
0.00762667
0.0377933
0
0
0.0358567
0.01746
0
0
0.00344333
0
0.01325
0.00031
0.00221667
0.0189567
0.0191
0
0.03426
0.0100067
0
0.01547
0.0358933
0.000526667
0.0400467
0.000403333
0.0296267
0.0056
0
0
0
0.0002
0.0285667
0
0.000153333
0
0.0132767
0.0874133
0.06125
0.0882767
0.000816667
0.01855
0.00709667
0
0
0.0175367
0.03157
0.00235333
0.00949
0.000406667
0
0.00361667
0
0.07861
0
0.02073
0
0.0667267
0.02642
0.0590933
0.00947667
0.0112167
0
0.0408033
0
0.00231333
0
0
0.0298467
0.00799333
0.000203333
0.0187767
0.0284367
0
0.278367
0.0287633
0.00213667
0.0576
0.00517333
0.00305667
0.0418867
0.00713667
0.0199867
0
0.00838333
0.0264067
0.00883
0.0452833
0.0294033
0.01777
0
0.00011
0.0001
0.00042
0.01027
0.0102533
0.0107667
0.01795
0.00249667
0.03114
0.00028
0.02479
0.0243633
0.00244333
0
0
0.01598
0.01363
0
0.00316333
0.0194633
0.000156667
0
0.00744
0.0141167
0
0.0374533
0.000156667
0.02359
0.00218333
0.000376667
0
0
0.03706
0.0202467
0.0297367
0.03779
0.0207033
0.00576333
0.00237667
0.000126667
0.000166667
0.00559333
0.00300667
0.01344
0.000463333
0.00165667
0.00268
0.0291567
0.0182967
9.66667e-05
0.0255
0
0
0
0.000656667
0.01878
0.00043
0.02631
0.00425333
0.00746
0
0.01302
0
0.0344333
0.04712
0.0790667
0.0926067
0.00103333
0.0397667
0
0.00073
0.00230333
0.0171467
0.0502167
0.0351733
0.000853333
0
0.0166367
0
0
0.00497
0.0201033
0.161543
0
0.000326667
0.014
0
0.0369767
0.000996667
0.0159667
0.000903333
0
0.000253333
0
0.00042
0.119923
0.0161333
0
0.0392733
0
0.00688
0.08482
0.01478
0.00572333
0.00269
0
0.00248
0.00786333
0.0005
0.00706667
0.0380567
0.00083
0.01721
0.000206667
0.00272667
0.0946
0.0274933
0.01756
0.00078
0.00196
0.03489
0
0.02223
0.00278
0
0.00245667
0.0127267
0.000243333
0.00620333
0
0
0.00136333
0.00109667
0.000166667
0.0417567
0.0137633
0.02638
0.00425333
0.000983333
0.00062
0
0.0188767
0.00142
0.00048
0.000636667
0.01404
0.02344
0.00132
0.000753333
0.0678333
0
0
0.00269
0
0.00808
8.66667e-05
8.66667e-05
0
0
0.000196667
0
0
0.0293067
0.000156667
9.66667e-05
0.00967333
0
0.03007
0
0.00852667
0.01566
0.0586
0.0201933
0.0899433
0.101133
0.0005
0.00804333
0.02459
9.66667e-05
0.01692
0.0313
0.0229033
0.00408
0.0145567
0.0347567
0.0431467
0.00489333
0.08023
0.0277167
0.0111933
0.01141
0.00012
0.0253533
0.00936333
0.00202
0.0127467
0.00489
0.02008
0.0228367
0.0148767
0.0247933
0
0.00607667
0.00808
0
0.00153667
0.00124
0
0.00593
0.03068
0.0307433
0.000286667
0.00581
0.00410667
0
0.00228
0
0.0345033
0.0568867
0.0368633
0.0329433
0.000163333
0.000503333
0.000366667
0.0249133
0.03493
0.0330367
0.006
0.0572633
0
0
0.01346
0.00047
0.000296667
0.000326667
0.07942
0.0274933
0.0138167
0.00954
0.0221867
0
0.0731133
0.00632
0.00592333
0.02782
0.000946667
0
0
0.00384667
0
0.00242
0
0.000106667
0
0.00021
0.00344667
0.000666667
9.66667e-05
0.00038
0
0.0521867
0.00142667
0.0185267
0.0339067
0.00508667
0.0333667
0
0.00486
0.03145
0.03242
0.02783
0.03218
0.000496667
0.00555667
0.0121367
0.03778
0.00519
0.00969333
0.0119267
0
0.0103933
0
0.01115
0.00169
0.0163733
0.0391333
0.00851
0
0.00827667
0
0
0
0
0
0
0
0.00124333
0.0646733
0.01184
0.02539
0
0.0133633
0.0225733
0.0215367
0.00102333
0.0037
0.0843467
0.18549
0.12906
0
0
0.0315433
0.000103333
0.0169467
0
0
0.0313733
0
0.00014
0.01148
0.0260033
0.03032
0.000313333
0.03008
0.0578833
0.0348467
0.03063
0.0881533
0.0188067
0.01245
0
0.00912
0
0.00104333
0
0.0148133
0.00873667
0
0
0.00789667
0.06371
0.000453333
0.00517333
0.0142
0
0.00025
0
0
0.00047
0.00145667
0
0.0295067
0.0143533
0.02966
0.000593333
0.00131333
0
0.0141367
0
0.00769
0
0.01583
0
0.00179
0.00335
0
0.0200933
0.0255333
0.00648333
0.000676667
0.0214133
0.00115333
0.00492
0.01027
0.00788667
0.0345967
0.0245
0.00015
0.183847
0
0.0324433
0.000463333
0.00033
0
0
0.04587
0.00014
8.33333e-05
0.0145867
0.0106333
0.0297733
0.0314733
0.000326667
0
0.000966667
0.0001
0.07465
0
0.00116333
0
0.00702333
0
0.11633
8.66667e-05
0
0
0.00516333
0.00431333
0.01691
0
0.00063
0.0152033
0
0
0
0
0
0.000303333
0.00251
0.01698
0.01484
0.00515
0.00999667
0.0130167
0.0196733
0.01489
0.00123333
0
0.00326667
0.0323933
0
0
0.00011
0.00277333
0.03549
0.00216667
0.00200333
0.00907
0.00260667
0.0351867
0
0.00925
0
0.0122
0.00610333
0.0169267
0.00233333
0.0712233
0.00502333
0.0759333
0.0656667
0.134217
0.0143433
0.0121733
0.0313933
0.0378533
0.000156667
0.0524933
0.0384033
0.0425667
0.127703
0.0465133
0.0777833
0.00529667
0.0316
0.00149
0.00781
0
0.000126667
0.0309167
0.0267633
0.00697333
0
0.00133
0.0406
0.0262067
0.00276
0.00224333
0.00752333
0.0646767
0
0.00024
0.0536133
0
0.000213333
0.0103033
0.0120233
0.00106333
0
0.0373133
0.0154367
0
0.0307033
0.0457033
0.04465
0
0
0
0
0.000106667
9.33333e-05
0
0
0.0297367
0.00234
0.0379733
0.01861
0.0267633
0
0
0
0.0445867
0.0287767
0.00027
0.00042
0
0
0.0638133
0
0.0239567
0.0007
0
0.01367
0
0.0938533
0.123823
0
0.0162833
0.00425667
0.0456633
0.0226333
0.02821
0.00231333
0.001
0.0258433
0.02054
0.00574667
0
0
0.00135333
0.00229333
0.000183333
0
0.00492667
0.00108333
0.0220033
0.00097
0.0162533
0.00492
0.0905667
0.02993
0.0135867
0.0141467
0.00152667
0.00014
0.0167667
0.02335
0.00014
0.0331533
0.00452
0.0133467
0.0264333
0
0.03896
0.0895633
0.0507333
0.00094
0.03793
0.0282967
0.06107
0.000256667
0.02374
0.00297
0.0209167
0.00150667
0.00228333
0.0109767
0.02697
0
0.01889
0.00990333
0.0105833
0.0293367
0.00130333
0.00374333
0.0148967
0.04465
0.03161
0.07232
0
0.000846667
0.00022
0.000723333
0
0
0.0235833
0
0.0412867
0
0.00602667
0.0042
0.01651
0.0403833
0.00299667
0.000756667
0
0
0.0333033
0.00277667
0.112507
0
0
0.00129333
0.000873333
0.00707667
0
0.000126667
0.00795
0.0292133
0.0132767
0.0239367
0.05121
0
0
0.00753
0
0.00143667
0
0.00616
0.000886667
0
0
0
0.0001
0.00454
0.00617
0
0.112213
0.00708667
0.02164
0.03269
0.000503333
0.0221867
0
0.00109333
0.00427667
0.00014
0
0
0
0.00687667
0.000753333
0
0.0857367
0
0.0249567
0.0164567
0.04798
0.0261667
0.00415667
0.000156667
0.0341133
0.00795
0.0107633
0
0.00059
0
0
0
0.00187333
0.0372433
0.0242933
0.0180367
0.0645
0.240383
0.02838
0.01792
0.13952
0
0.02326
0.183117
0.0185267
0.08875
0.23947
0.01313
0.05974
0.00182333
0.0333
0.000223333
0
0.0122667
0.05996
0.0260133
0.00990667
0.00152667
0
0.00550667
0.03675
0.000603333
0
0
0.0726233
0.143103
0
0
0
0
0.00175667
0.00618333
0.0143633
0.0178733
0.00019
0.00424333
0.00266333
0.0244833
0
0.00541
0.00068
0
0.309393
0.0271467
0.00924333
0.0772767
0.00183
0.0141533
0.00266667
0
0
0
0.00938667
0.0208567
0
0.000456667
0.00929
0.00375667
0.000776667
0.0195767
0.0385767
0.0144767
0
0
0
0.00689
0.00669333
0.000406667
0.0117767
0.00165333
0
0
0.00097
0.00146
9e-05
0.0177033
0
0.0449833
0.03814
0.00238333
0.00021
0.0002
0.00996667
0
0
0
0
0
0.0223333
0.00142
0.0149
0
0
0.01265
0.0269467
0.0108
0.0353867
0
0
0
0.00896333
0
0.0205667
0
0.0390133
0.0149633
0.00163333
0.00132
0
0
0
0
0.01532
0.00855667
0
0.0388267
0
0.00083
0
0.00718667
0
0.00575333
0
0.000603333
0
0
0.00919667
0.02898
0.00226333
0
0.00214
0
0.00953333
0.00483
0
0.000106667
0
0
0
0
0.00042
0.00690667
0
0.00164
0.0326967
0
0.0301267
0.04778
0.0249667
0.000623333
0.0219633
0
0
0.00159667
0.01481
0.00700333
0
0.00738333
0.000316667
0.460933
0
0.000146667
0.000636667
0.00596
0
0.0185833
0
0
0.000953333
0.00244333
0.00165333
0.03252
0.01015
0
0
0.00172667
0
0
0
0.0364333
0
0.00131667
0.0427
0.0241133
0
0.0538733
0.0351533
0.00886333
0.00829333
0.0433133
0.02065
0.01552
0
0.08576
0.00112333
0.0136267
0.00269
0
0.00733333
0.02822
0.0228967
0.0297867
0.0024
0
0.0598333
0.0238867
0.0129
0.0018
0.00572
0.00024
0
0.01599
0
0.01119
0.00035
0
0.0447933
0.00108667
0.0188167
0.00169333
0
0.0161433
0.246463
0.01218
0
0.000813333
0
0.0256233
0
0.00913333
0.03453
0
0.00826333
0
0.00119333
0.04309
0.00360667
0.0149433
0.00501333
0.053
0.00298667
0.0069
0.00039
0.0394567
0
0
0.01856
0.0239833
0.0134
0
0
0.0414633
0
0
0.0155833
0
0.0296167
0.000593333
0.01269
0.0432433
0.0192567
0.00829333
0
0.00330667
0.00284333
0
0.00251333
0
0
0.0121167
0
0.00052
0
0.0184867
0.01298
0.0391633
0.00996667
0.00417333
0.02048
0
0.0348533
0.0589133
0.00324667
0
0.00665333
0.000146667
0.00021
0.0106767
0.0283967
0.00351333
0.00233
0.00723
0.00461
0.0341867
0.0321433
0.000936667
0.0896567
0.00112333
0.00431667
0.0569233
0.01463
0
0.00828
0.00890333
0.00489667
0.0396767
0
0.000626667
0.01187
0.0444633
0.00567
9.33333e-05
0.0184333
0.03445
0.000226667
0.00674333
0.00318
0.0290633
0.05226
0.000156667
0.00238667
8.33333e-05
0.01168
0.0011
0
0.0363767
0.0256567
0.00308667
0.02253
0.0159233
0.00098
0.000773333
0
0.01454
0.04309
0.0717467
0.0215067
0.0219267
0.0146267
0.00858667
0.00841667
0.0194233
0.0212567
0.0207833
0.01582
0.0188933
0.00025
0.00204333
0
0
0
0.0144533
0
0
0
0
0.00748333
0
0
0.0163633
0.0161333
0.00788
0
0
0.0015
0.00133667
0
0.07262
0.01679
0.000213333
0
0.00778
0.0140733
0.0182067
0.00701
0
0
0.0416833
0.0227533
0.00529667
0.04059
0.0276367
0
0.00162
0.00583
0.0213933
0.379873
0.00844333
0
0.00141
0.0600867
0.0123633
0.0273067
0.00175
0.00126667
0.00120333
0.00449667
0.00135333
0
0
0
0
0.0121833
0.00135333
0.0561167
0
0
0.08576
0
0.00708667
0.00124
0.000123333
0
0.0169833
0.000816667
0
0.00124333
0.00157333
0
0
0.0255733
0.0229033
0.0111933
0.00222
0.02635
0.01021
0.00681
0.000393333
0.00349333
0.00249
0.00136
0.0388
0
0.00452
0.00176333
0
9.33333e-05
0
0
0.03794
0
0
0.0184067
0.0311033
0.00742
0.05501
0.0350633
0
0.03572
0.000156667
0.00227
0.000976667
0
0.0002
0.0253433
0.0279933
0.00127
0.00272
0.00375
0.00631
0.00624667
0.02328
0.000213333
0.0270167
0.00221333
0
0.01356
0.02399
0
0.0357567
0.0391
0.00029
0.00165
0
0
0.0449733
0
0
0.01729
0.0127567
0.0329433
0.00996667
0
0
0
0.00591667
0.00141333
0.138093
0
0.0065
0.00197667
0.00385
0.05508
0
0.0755833
0.00024
0.0200333
0.03144
0.00327667
0.00452333
0
0.04742
0.0194133
0.000216667
0.00120333
0
0.0270867
0.00824
0.107053
0.166177
0.10775
0
0.00331333
0
0.0021
0
0.00413
0.000466667
0
0.0444767
8.33333e-05
0.000156667
0
0.00141667
0.00615
0.00241333
0.00203333
0.0206033
0
0.000313333
0.00210333
0.0183633
0.01077
0.0315633
0
0
0
0.00052
0.000573333
0.00072
0.000593333
0.000173333
0.00251667
0.01874
0.00401667
0.00249667
0.01144
0
0
0.000606667
0.00252667
0.0247333
0
0
0
0
0
0
0.00252333
0.0490367
0.0426967
0.00125333
0.00200333
0.00204667
0
0.000936667
0.0211233
0
0.0064
0.00042
0.00539
0.000273333
0.000273333
0.00135667
0.02371
0.00136667
0.000433333
0.000543333
0.01544
0.00474333
0.00898333
0.00511667
0.00200667
0.0399
0.00976333
0.01444
0.0431567
0.0213
0.0126767
0.02032
0.01216
0.00122
0.0396167
0.000306667
0.00032
0
0
0.000473333
0.0175
0.000386667
0.0426667
0.00475333
0.0523433
0.0291933
0
0.02724
0
0
0.00572
0
0
0
0
0.0031
0.03207
0.00902667
0.0359967
0.000166667
0.01183
0.00185
0
0.00435
0.02108
0
0
0.00802667
0.0358433
0.0459133
0.0891567
0.02551
0
0.000713333
0.000323333
0.00013
0.00203
0.000786667
0.01922
0.00126333
0.0410767
0.01497
0.00107
0.00339
0.01351
0.00155333
0
0.07658
0.06264
0
0.000683333
0.01045
9.33333e-05
0.0397167
0.00402333
0.00397
0.00412333
0
0.0105167
0.0172333
0
0
0.0373367
0.0832267
0.00163
0.0310267
0.000526667
0.00539333
0
0.00277667
0
0.00247333
0
0
0
0.00188
0.0104933
0
0
0
0.00247
0.0419833
0.0121067
0.0582933
0.0774167
0.0311533
0
0
0
0
0.000463333
0
0.17562
0
0.00348333
0
0.00466333
0
0.000276667
0.00349
0.0301367
0.008
0.000246667
0
0.0394233
0.0271467
0
0.000133333
0.0350033
0.0467433
0.0345033
0.0520267
0.00511667
0.0427467
0.0124267
0.00400667
0.00522667
0.00013
0
0
0
0.0127333
0
0.00265333
0.0143867
0.00150667
0
0.0401433
0.0302033
0.01751
0.00103333
0.00012
0
0
0.0531467
0.00560667
0
0.00768333
0.0540667
0.02948
0
0.0187
0
0
0.0238433
0.0396133
0.0332367
0.00908
0.0316933
0.00433667
0.00843333
0.00944333
0.00110667
0.0246467
0.01768
0
0.00368667
0.00137667
0.374163
0.0872067
0
0.00170333
0.0185533
0.0280633
0.0228267
0
0.000216667
0.000936667
0.00171
0.01768
0.0647467
0.0279567
0
0.0261533
0
0.0135967
0.00604
0.00289667
0.00441
0.00407
0.00805667
0.0183
0.0513967
0.0221167
0.0499267
0.0128233
0.0686833
0.123867
0.00213
0.00158333
0.0353033
0
0.0131433
0.000756667
0
0.00013
0
0.000996667
0.00920333
0
0.01728
0.00942667
0.00145667
0.000233333
0.00457667
0.0357
0.00691667
0.00222667
0.00660333
0.00883
0.000906667
0.00582667
0
0.0652333
0
0
0.0163633
0.00825
0.0188067
0
0
0.00011
0.00134
0.01468
0.0388867
0.00273
0.00983
0.0395467
0.01941
0.000656667
0.0102333
0.000576667
0
0.0338
0.0120867
0
0
0.0326567
0.0203533
0.0045
0.000156667
0.0218567
0
0
0
0
0.00413333
0.00170667
0.0340467
0.0827333
0.00821667
0.00088
0.0397733
0.15122
0
8.33333e-05
0.000136667
0
0.0245767
0.02116
0
0.00183333
0
0
0
0.00264333
0.000156667
0.0191333
0.0201867
0.24764
0.00687333
0.00216667
0.000446667
0
0.00570333
0.04442
0.0240867
0.0007
0
0.04812
0.00266667
0.000813333
0
0.04512
0.00363667
0.0002
0
0
0
0.00857667
0.00108667
0.01791
0.02017
0
0.00360333
0.00981667
0.00833333
0.0402333
0
0.000973333
0.0171833
0
0.000113333
0.01087
0
0.0351267
0
0.435833
0.00488667
0.00164667
0.0362233
0.0453633
0.000206667
0.00365
0.00012
0.00312667
0.0273967
0.123633
0.0356733
0.0119567
0.02774
0.0145567
0.0117233
0.000503333
0.0346533
0.00349
0
0.0139533
0.00277
0.0179633
0.000886667
0.0300433
0
0.00411667
0
0.00061
0.0119167
0
0
0.0141433
0.00957
0.000776667
0.00607667
0
0
0.00225
0.000846667
0.0007
0.000846667
0.0217567
0.0213267
0
0
0
0
0.000436667
0.00677333
0.00113
0.00103333
0.0243867
0.000146667
0.00388667
0.0133833
0.02573
0.00276667
0.0428367
0.04459
0.01533
0.01058
0.01389
0
0.00649667
0.0272067
0.0439667
0.000226667
0.00182
0
0.0202167
0.0112433
0.00416333
0.00857
0.0261767
0.0159
0.000593333
0
0.00761667
0.00792
0
0.177903
0.00810333
0.01504
0
0.0233567
0.03756
0.00223333
0.00033
0.02795
0
0.02287
0.0351133
0.01158
0.00264
0.00287
0.00157667
0
0.0138567
0
0.03878
0.00387
0.00335333
0.00241
0
0.0598267
0.03065
0.0212267
0.05612
0.03731
0.05193
0
0
0.01115
0.0402033
0
0.00965333
0.00504333
0.00149333
0
0.0495233
0.0260333
0.00141
0
0
0
0.00095
0.0332767
0.00626333
0
0.000526667
0.0759267
0.05104
0.00233333
0.00282333
0
0
0.000103333
0.00824333
0.01174
0
0
0
0
0.00813333
0.000393333
0.00317333
0.00277333
0.0442233
0.00650667
0.02911
0.00075
0.0287667
0.0173933
0
0.00031
0.02793
0.211633
0.0335867
0
0.00217333
0.00866333
0
0.00079
0.00184667
0.0188733
0.01262
0
0
0
0
0.00474667
0.000846667
0.0443533
0.000266667
0.04427
0.000153333
0
0
0.00219
0
0.0201267
0.0389233
0
0.0294733
0.0296267
0.000113333
0.000153333
0
0
0.0166367
0.0133433
0
0.000293333
0
0.00978667
0.0292933
0.00372667
0.000446667
0
0.12453
0
0.0230433
0.00114667
0.000123333
0
0.00241333
0.06567
0
0
0
0
0.0292633
0.00871333
0.00116333
0.04472
0
0.00192667
0
0.00143667
0
0
0
0.0138567
0.000363333
0
0.0122267
0.0217867
0.01565
0.01752
0
0
0.0001
0.000843333
0
0
0.00063
0.01723
0
0.0396133
0.0491433
0.02586
0.00422
0.00283333
0.0182167
0.03362
0.21171
0.07002
0.354787
0.345193
0.445427
0.0145633
0.0203567
0
0
0.00642667
0
0.0880633
0.0435567
0.03304
0.0312667
0.0138467
0.00428
0.00198
0
0.0137233
0.00439667
0.00202
0.0191233
0.0207167
0
0.00039
0.03659
0.00491
0.0315833
0
0
0
0.00164333
0.000406667
0.000226667
0.00120667
0.000126667
0.00115333
0
0.0442933
0.00100333
0
0.00740667
0
0.0523767
0.00379
0
0.02027
0.00205
0
0.0101833
0
0.0207067
0.00786333
0.0284033
0.0479667
0.00742
0.0183167
0.0177233
0.00669333
0
0
0.0589
0.00502667
0.01156
0.0991067
0
0.03698
0
0
0.00465
0.00277333
0.0429933
0.0151133
0.00575667
0.00488333
0.0249733
0.0331067
0.000156667
0
0.05132
0.06729
0.00775667
0.000513333
0.00626667
0.00755667
0.0176233
0.02132
0.000686667
0.00785
0
0
0
0
0.00421667
0.000286667
0.00188
0.00398667
0.01561
0.0168633
0
0.00100333
0
0.00549333
0.0831367
0.0354733
0.0169367
0.0335033
0.00678667
0.000106667
0.00172
0.00132333
0
0.00125333
0
0.0405833
0
0.01016
0
0
0
0.0405067
0.08838
0.03501
0.00649667
0.00207
0.00756333
0.04275
0.22817
0.01023
0.00842667
0.0350767
0
0.00121333
0.00942333
0
0.000136667
0
0
0.00054
0.00359667
8.66667e-05
0
0.03998
0.0771
0
0
0
0.01591
0
0.00357333
0.000216667
0.0142
0.0154167
0.00518333
8.33333e-05
0
0
0.04285
0.0218
0.00769
0.00841667
0.0110733
0.00368333
0.0475333
0.01542
0
0.0241567
0.0389067
0
0
0.02681
0.0299167
0.00100667
0.0142967
0.00327
0
0.00263333
0
0.000203333
0.00196
0.0319233
0
0
0
0.00828333
0.03413
0.0144733
0.00646
0.26785
0.04933
0.334393
0.00190667
0.0125467
0.02216
0.000243333
0.00422
0
0.000106667
0.000826667
0
0
0.00372667
0.00073
0.00496333
0.00899
0.05977
0.0382067
0.00381
0
0.000756667
0.0234233
0.00524333
0.00056
0
0.000293333
0.00471667
0.00202667
0.0220167
0.00767333
0.00113333
0.00731
0.04993
0.00911
0.000126667
0.00961
0.03121
0.0084
0.00013
0.0215367
0.000186667
0.00041
0.00413333
0
0.00883333
0
0.0160833
0.0285867
0.0184133
0.0778933
0.03102
0
0.02571
0.00114333
0.0303067
0.0204133
0.000936667
0.0578567
0
0
0
0.000223333
0
0
0.0338767
0
0.0236367
0
0
0.02968
0.04622
0.0497233
0.03368
0.05627
0.0459067
0.000406667
0.00766667
0.01136
0
0
0
0.00731667
0
0.08104
0.107017
0.0111133
0
0
0.00893333
0.00344667
0
0.000126667
0.00845333
0.00337
0.000523333
0
0
0
0.000533333
0
0.0359167
0.00108667
0
0.0355333
0.00252333
0.0552533
0.0271067
0.0668433
0.0028
0.01402
0.02404
0.00316
0.0227433
0.000163333
8.66667e-05
0.0147867
0.00837
0.0112667
0.0287967
0.00059
0.00658333
0.01635
0.00334333
0.00728
0
0.0266933
0
0.00105333
0.00467667
0.000613333
0.0251267
0.0170267
0.0330533
0.02226
0.00140667
0.0186733
0.00069
0.00405
0
0.227007
0.03427
0.0142833
0.00044
0.00071
0
0.00979333
0.0377867
0.0811733
0.00342333
0
0.000106667
0.0851667
0.0347367
0
0
0
0.000503333
0.0003
0.0326567
0
0.000106667
0.00312333
0.000203333
0.00026
0.00063
0.00788667
0.0401567
0.0155533
0
0
0
0
0.0169367
0
0
0
0
0.000113333
0
0.0281967
0
0.000636667
0.000443333
0
0
0
0.0265433
0
0
0.00057
0.00420333
0.000126667
0.126783
0
0.00594
0.00146667
0.01582
0.00067
0.0140833
0.000216667
0.01856
0.00944
0.00489667
0
0
0
0.00508
0
0
0
0.0528267
0
0
0
0.00016
0.00806
0.00415
0.00110667
0.05038
0
0
0
0.0241467
0.00477
0.03887
0.00132667
0.00172667
0.0155433
0.04026
0
0
0.00357667
0
0.0231667
0
0
0.000753333
0.00155333
0.00322
0
0
0.0247167
0
0.0232933
0.0142867
0.04877
0.00575
0.00968333
0.00039
0.02355
0.05099
0.01884
0.0419233
0
0
0.000126667
0.01822
0
0.01112
0
0.000953333
0.00107
0.00610667
0.00262
0.00772
0.00210667
0.0791433
0.00121667
0
0
0.00496333
0
0.000316667
0.00464667
0.01406
0
0.000383333
0
0.0119
0.00199333
0.121153
0
0.0192
0.0165333
0
0.02773
0
0.000886667
0.0421333
0
0.0439633
0.0102467
0.00383333
0.02314
0.0230933
0.00486667
0.000126667
0.02831
0
8e-05
0.00693
0.00232667
0.00698
0
0.0140233
0.00152667
0.00133667
0.01746
0
0.000656667
8.33333e-05
0
0
0.0300333
0
0
0
0.05644
0.00077
0.00759333
0.00152667
0
0.0115233
0.385873
0.308193
0.0186433
0.3286
0
0.000786667
0.0120567
0.0143933
0.0141667
0.0399267
0.05173
0.0303433
0.00356
0.00193667
0.0261967
0
0
0.0324
0.00432
0.0223367
0.00789
0.0616167
0
0.0172933
0.00202
0.03159
0
0.0906533
0.0039
0.05051
0.07244
0
0.06455
0.0104633
0
0.08957
0
0.00114
0.00855
0.00124
0.000233333
0.0269567
0.0190833
0.000516667
0.0252267
0.000266667
0.0116133
0.03783
0.05665
0.08959
0.00511333
0.00200333
0
0.00595
0
0.00165667
0.00839667
0.0108967
0.00434667
0.00064
0.0168267
0.00308667
0
0.00150667
0.0181
0
0.00978
0.00338
0
0.0295933
0
0.000663333
0.0441933
0.00418
0.0362233
0.00153333
0.0161567
0.01872
0.00225
0.0333067
0.04938
0.00057
0.02921
0
0
0.159043
0.00439667
0.0243533
0.0147767
0.0273
0.0317767
0.0327933
0.00139667
0.0221467
0.000223333
0
0.000223333
0.01179
0.05926
0.0223067
0.01554
0
0.00603667
0.00014
0.00437333
0.00237667
0.00152667
0.00557667
0.00243667
0.00121667
0.01465
0
0.00334
0.05341
0
0.00150667
0.000136667
0.221227
0.0278267
0
0
0.0244967
0.01491
0
0.03031
0.00998
0.03699
0.00728333
0.0176467
0
0.0208833
0.00244667
0.00669667
0.000263333
0.00144333
0.0181333
0
0.0124967
0.00743667
0.00322667
0
0
0
0.00597667
0.0440267
0
0
0.00290333
0
0
0
0.0180567
0.00357667
0.0241167
0.00439
0.00595667
0.0244533
0.000113333
0.0126267
0.0206767
0
0.03578
0.00232667
0
0.000916667
0
0.00358
0.03384
0
0
0
0.02583
0.04032
0.0377833
0.0330433
0.07089
0.04239
0.0470433
0.01091
0
0.00952
0.00823667
0.0451567
0.0181567
0.0646833
0.00415333
0.0136733
0.00351333
0
0
0.0004
0
0.00042
0
0
0.0187833
0
0.0402733
0.0133967
0
0.0207133
0.0350233
0.00517333
8.33333e-05
0
0.0489667
0
0.252557
0.03726
0
0
0.00179
0
0.0274633
0
0.00137
0.03092
0
0
0.00203
0.0117033
0.0108067
0.0494433
0.109513
0
0.000136667
0
0.0462867
0.0724767
8.33333e-05
0.01547
0
0.00733333
0.00092
0.00623333
0.00775
0.175307
0
0.00258333
0.0308067
0.00422667
0.000143333
0.03136
0
0
0
0.00232667
0
0
0
0.0105833
0.0136667
0.00589
0.0236067
0.0461667
0.00359
0.000396667
0.03639
0.00782333
0
0
0
0.00709667
0
0.00308
0.0222733
0.00444333
0.000513333
0.00178333
0
0.01509
0.0104267
0.00893667
0.00047
0
0.00752333
0.126393
0.0689433
0.0365067
0.363457
0.00278333
0.01545
0.000103333
0.0159067
0.08408
0.0210733
0.00733333
0.0135433
0
0
0.00464
0.01655
0.0212067
0.02138
0.0174667
0.000443333
0.00582333
0.03572
0.00488667
0.0232933
0.00466333
0.122227
0
0
0
0.000493333
0.000776667
0.0193633
0
0.000903333
0
0
0.00023
0.0253233
0.01952
0.000493333
0.0100533
0.00298333
0.0298233
0.03941
0.0204567
0.0335367
0.0100833
0.00958333
0.0525367
0.05926
0
0.0470133
0.00609667
0
0
0.0102433
0.05829
0.00129333
0.03168
0
0.183387
0.0171467
8.66667e-05
8.33333e-05
0
0
0.00077
0.000136667
0.03699
0.0580833
0.0388767
0.01967
0
0.01321
0.000753333
0.00487667
0.189863
8.33333e-05
0.0147
0
0
0.00433667
0.00222667
0.0684533
0
0
0.0151667
0.0346267
0
0.0327667
0.0218533
0.000736667
0.0360567
0.00682667
0
0.01608
0.00013
0.0103967
0.0304033
0.03685
0
0
0.01495
0.00177
0.000283333
0.000226667
0.00897667
0.01137
0.00832667
0
0
0
0.149837
0.0249967
0
0.0443033
0.05361
0
0.00342
0
0.0298233
0
0.00457333
0
0.00183667
0.00153333
0.0412333
0.00169
0.00303
0.0392733
0.0431167
0.00099
0.00135667
0.0184
0.0227533
0
0.0155867
0.16215
0.000163333
0.0349733
0
0.0469333
0.00315
0.00148667
0.00221667
0
0
0.000736667
0.0356633
0.0336367
0.00216667
0.02037
0
0
0.000473333
0
0
0.08092
0
0.00149
0.0886267
0.0127733
0.000353333
0.000316667
0
0.000316667
0.00143333
0.00638
0.00192667
0.00257
0.00220333
0.104987
0.00552333
0
0.01123
0.00518333
0.03539
0.015
0.0132267
0.00061
0.00136
0.00498
0.00136
0.0166767
0.00351333
0.00987333
0.00375
0
0
0.000356667
0
0.00227667
0.00096
0.00119
0.00275667
0
0.00712
0.11458
0.0233667
0.0147967
0.00932667
0
0
0.00221333
0
0
0
0.00246667
0.00383
0.0301733
0.03947
0
0
0.0185833
0.000203333
0
0.04882
0.0156833
0.0117833
0.00857333
0.0237867
0.0001
0.02327
0.00826333
0.00116
0.0494167
0.00146
0
0.00973
0.00206667
0.04607
0.00114667
0.00901333
0.0241133
0.0132567
0
0.04879
0.000683333
0.00469667
0.000773333
0.00717
0.00344667
0
0.0380167
0.000616667
0.0262533
0
0
0.00288667
0.01008
0.0210533
0.0269933
0.0122933
0.00299333
0.0455433
0
0.00189
0
0.03109
0.02338
0.02041
0.000123333
0.0160533
0.00175333
0.02742
0
0.02226
0.00077
0
0.0032
0.0163567
0.01581
0.0262533
0
0.00019
0.00145667
0.0138367
0.02415
0.02475
0.0256433
0.000163333
0.203107
0.01107
0.00563667
0.0121533
0.00295
0.00809
0.0635833
0.00024
0.02168
0.01371
0
0.000606667
0.106073
0.0124033
0
0
0.0102467
0.00746
0
0.00533667
0.000153333
0.06022
0
0.0188033
0
0
0.0290267
0.0111967
0
0.04109
0.0367633
0.0181767
0.000133333
0
0.0182833
0.01938
0.01054
0
0
0.00478667
0
0.00588667
0.08097
0.0211167
0.000376667
0.0154267
0.00507
0.05917
0.00623667
0.0180933
0.00133
0.00522333
0.00649
0
0.00727333
0.0211567
0.00160333
0.0149367
0
0.000113333
0.00613667
0.00572
0
0
0.000936667
0.00601
0.00469333
0
0.000186667
0.000146667
0.00864667
0.0318267
0
0.00545
0.0002
0.000193333
0.000156667
0
0.0315133
0
0
0
0
0
0
0.00022
0.000606667
0.02325
0
0.01091
0.0173367
0.00121
0.00570333
0.00181
0.01369
0.00013
0.0580667
0
0.0177333
0
0.00096
0
0
0.01641
0.00118
0.00309333
0.0326
0.0373233
0.0653733
0.0135033
0.0661667
0.00729667
0.0123567
0.00439667
0.01579
0
0.00394667
0.00879
0.000323333
0.00282667
0.00158667
0.0159333
0.0135367
8.66667e-05
0
8.33333e-05
0.00192
0.0158167
0.0297267
0.03305
0.00569333
0.0277867
0.0762567
0
0
0.0221867
0.0425933
0.0156
0.0200133
0
0.000483333
0.00678333
0.01516
0.0604233
0.00197
0.0008
0.00324
0.00312
0.02157
0
0.00625667
0.0125567
0.0130333
0.0164133
0.03804
0.00817333
0.0116633
0.00372
0.0332233
0.0477533
0.02033
0.00067
0.0399967
0
0.00067
0.0122067
0
0.000476667
0.000113333
0.0461133
0.00033
0.0455967
0.00426333
0.0248067
0
0.00518333
0.00514333
0.03067
0.0084
0.00204667
0.0180533
0.0043
0
0
0
0.00665333
0.01076
0.00853
0.00117
0.00114
0
0
0.00033
0
0
0
0.0367033
0
0.0104333
0.00362333
0.00178667
0.000653333
0.0588767
0.0318333
0.0011
0.00215333
0.00015
0.0357133
0.00929333
0.000136667
0.000136667
0.00281333
0.0128067
0.0338933
0.12669
0.00073
0.000386667
0.0356133
0
0
0
0.00092
0.0305233
0
0.00830667
0
0
0
0
0.00043
0
0.00360667
0
0.157617
0.000816667
0.04275
0.000156667
0.00136333
0.0200467
0.219693
0
0.00209667
0.00448
0.0292833
0.00224
0.0004
0.03268
0.00807
0.0282667
0.0172333
0
0.00356
0
0.0387233
0
0
0.000216667
0
0.000813333
0.00219
0
0.0167733
0
0.0542
0.000246667
0.00980333
0.00298667
0.02648
0.0150233
0.0255567
0.00553667
0.0018
0.0141233
0
0.0404633
0.02702
0.000306667
0
0.00135667
0.000926667
0.000683333
0.0345633
0.0147433
0.0057
0.000116667
0.00025
0.0296767
0.0340533
0.0376967
0.000443333
0.00679667
0.0131933
0.00282333
0.00338667
0.0381633
0.0113067
0.03185
0.0646767
0.00210333
0.0348833
0.03007
0
0.0211067
0.00343
0.0106433
0.00136667
0.0233767
0
0
0
0.00797
0.00697667
0.0411567
0.00236333
0.00908667
0
0
0.00907667
0.00025
0
0.0190633
0
0.00039
0
0.00503333
0.02849
0.0115033
0.00725333
0
0.000216667
0.000356667
0.0116067
0
0.0215533
0.0273867
0
0.0258333
0.00617667
0.0162233
0.00250667
0.00154
0.0138167
0.0122867
0.01889
0.00138667
0
0
0.0273833
0
0.00135
0.0267667
0
0
0
0
0
0.00551333
0.03775
0.017
0
0
0.0151367
0.00467
0.11445
0.0215067
0
0.189113
0.01397
0.00503667
0.02646
0.0123667
0
0.00394333
0.00516333
0.00454333
0
0.0239467
0.0178533
0.0529867
0.00955333
0.00667333
0.00453
0.00349333
0
0
0.05799
0.0795233
0
0
0.0113633
0.00021
0
0.00039
0
0
0
0.0253333
0.02337
0.07573
0.0297867
0
0
0.00115333
0.0157733
0.01331
0.0351833
0.00018
0.000156667
0.00927667
0.0157067
0.000153333
0
0.00018
0
0
0.01962
0.00111
0.000206667
0.00985333
0.123177
0.02051
0.01213
0.0999267
0.0300033
0
0.00183333
0.0084
0.0012
0
0.00043
0.0107967
0.0243533
0.0463867
0.01362
0.000773333
0.00669
0.0971967
0.000816667
0.00569
0.00228
0.0216767
0.00535
0.00018
0.00249
0.00018
0.00928333
0.00158
0.0361067
0.000816667
0
0.00110667
0.0138767
0.00222333
0
0.00038
0.0266133
0.02672
0.01184
0.0287367
0.0337233
0
0.04563
0.00419
0
0.0308933
0.01147
0.02594
0.00508
0.00213333
0.03415
0.112167
0.0131167
0.000603333
0.00356667
0.0114467
0.00043
0.0560633
0.0430267
0
0.0291167
0.00977
0.0182333
0.000846667
0.0279933
0.00127333
0
0
0.00100333
0.0209533
0
0.00351667
0.0428267
0.00596667
0.0353533
0
0.05248
0.00491667
0.00256667
0.00512
0.000113333
0.00083
0.00114
0.00592667
0.0300667
0.000186667
0.00514667
0
0.02259
0.0438467
0.0106067
0.0165833
0.00977667
0.0323867
0.00021
0.00235
0.00518
0.00601667
0.000276667
0.0114467
0.0159333
0.00966333
0.00320333
0.01052
0.00829667
0
0.000336667
0.0222267
0.0363367
0
0
0.03467
0.0308733
0.0566833
0.00632667
0.00661333
0.00953333
0.00534333
0.0122
0.00754667
0.0118233
0.0114967
0
0
0
0.0219267
0.02017
0.00047
0
0.00364
0.0161833
0.0129233
0.00160667
0.00026
0.00302
0.00160667
0.00247667
8.33333e-05
0.00163667
0.0207967
0.00052
0.0138133
0.0198733
0.01579
0.00646
0.00169333
0
0.00333667
0.000123333
0.000136667
0.15627
0.0432367
0.0467333
0.000803333
0
0.00497333
0.0268367
0.000203333
0.04438
0.0230167
0.00422
0.0152467
0.0371467
0.00479333
0.00013
0
0.03104
0.00174667
0.00089
0.00150667
0.00371667
0
0.02246
0.00341667
0.00885667
0.00452333
0.06489
0
0.00119333
0.07462
0
0.09678
0.00190333
0.00227333
0.0298367
0
0.0474767
0.169433
0.00837667
8.66667e-05
0.0258233
0.0361667
0.0039
0
0.00056
0.00500667
0
0.00205667
0.00827667
0.00541667
0.02653
0.0272033
0.0471633
0
0.02567
0
0.02593
0.00159333
0
0
0
0.000173333
0.000123333
0.0158367
0
0.00477667
0.000693333
0
0
0.01217
0
0.000953333
0
0.0371033
0.01312
0.0421967
0.02957
0.000276667
0
0.0177367
0.006
0.00253333
0.00221333
0.00191
0.0214933
0.03434
0.0231167
0.00941333
0
0.0783133
0.03123
0.00142333
0.05431
0
0.01887
0.0360867
0.01374
0.0158333
0
0.000113333
0
0
0
0
0.000443333
0.000163333
0
0.0115267
0.00011
0.0182333
0.00115667
0.008
0.00722667
0.00765667
0.0528533
0.0139733
0.0124033
0
0
0.00729333
0.00103667
0.000383333
0.0202
0
0.01343
0.00295333
0.0210067
0.00580667
0.02206
0.0116267
0.00132
0.0018
0.0352467
0.0162867
0.00926333
0.11979
0.0387433
0.03943
0.315373
0.00612
0.00223333
0.04814
0.00804333
0.00146333
0.00786667
0.00358667
0
0
0
0.00142
0.07676
0.04754
0.00706667
0
8.66667e-05
0
0.0362233
0.0124333
0.00112333
0.0105233
0.00339667
0.00731667
0.00290333
0.00645
0.000113333
0
0.00148333
0
0.01482
0.02779
0.007
0
0.00134
0.04572
0.000223333
0.0147333
0
0.0570367
0
0
0.00420667
0.008
0.0297733
0
0
0
0.0364667
0.0377533
0
0.01178
0.0389067
0.01712
0.04527
0.0200333
0
0.01157
0.01695
0
0
0
0.000126667
0
0.0215733
0.0566567
0.00364667
0.02328
0.0156533
0
0
0.00435333
0
0.00286333
0.0860267
0.0720867
0
0.0329667
0.0136867
0.03955
0.04453
0
0.00304
0
0.000243333
0
0.000493333
0.000763333
0.00110667
0.01232
0.00485667
0.0166333
0.0162867
0.00315
0.00964
0.000276667
0.05647
0.0949367
0.0546867
0.04732
0.01339
0.000136667
0.000233333
0.00419333
0
0.01537
0.05877
0
0.0395
0.00966
0.00383333
0.00208667
0
0
0.000233333
0.04208
0.0196333
0.0249133
0
0.00885667
0
0.00252333
0.0277267
0.0717767
0.00792667
0.00493667
0
0
0.00047
0.0003
0.00981
0.0279833
0.00347667
0.00449333
0.0306967
0.00743
0.0150333
0.00046
0.00217667
0.00484
0.000756667
0.00217667
0.0329367
0.0303833
0.0197967
0
0.0974233
0.00121667
0.00364667
0.000826667
0.00162
0
0
0.04927
0.00096
0
0.00189
0
0
0
0.0004
0
0
9e-05
0
0.0683067
0.0164133
0.00233667
0.0149467
0
0.00437333
0.00653333
0.00113667
0.0629167
0.0321633
0.0161467
0.00021
0.03536
0
0.0408567
0
0.0152367
0.000216667
0.0564467
0
0.01865
0
0.02904
0.00264333
0
0.0362367
0.0263867
0
0
0.000486667
0.00028
0.00855667
0
0.00100333
0
0.00043
0
0.00388
0.0471167
0.0179533
0.000613333
0.00034
0
0.01566
0
0.000503333
0.0341733
0.0171167
0.01197
0.0621633
0.00228333
0.000123333
0
0.00228667
0.00579
0.00218667
0.0251567
0.000756667
0.00032
0.000123333
0.00296333
0.0344667
0
0.0305167
0.119923
0.000396667
0.0467833
0.00339333
0.0552433
0.0552333
0
0.0974033
0.01622
0.0509367
0.0114567
0.0183967
0.00042
0.0356833
0.0119233
0.00576
0.00398667
0.000296667
0.0131267
0
0.0162733
0.00793333
0.01753
0.00484667
0.00743
0.0001
0
0.0675767
0.00525333
0.0173633
0.0323033
0
0
0
0.00632
0.0543933
0
0.00975667
0.00342667
0.00196
0.0155167
0.04067
0
0.03249
0.00492333
0.00249667
0.0208633
0.00089
0
0.00772667
0.0136967
0.000173333
0
0.00279667
0.00138333
0
0.00192
0.0189067
0.01259
0.00379333
0.04466
0.00427
0.00029
0.00098
0.00218
0
0.0128833
0
0.00576
0.00146
0
0.240193
0
0.00273667
0.0162433
0
0
0.00134
0.0124433
0.00129333
0
0
0
0.0122233
0.0358333
0.0108767
0.2546
0.116423
0.0205667
0.02447
0.0121667
0.101523
0.00545
0.00891
0
0
0
0.000813333
0.00967
0.00872
0
0.0277433
0.01265
0.0126167
0.00229
0
0.01202
0.00294
0.00390667
0.000396667
0.00981
0.0133633
0.0386067
0.03239
0.00929333
0.0140367
0.0165567
0.05736
0.000196667
0.00173667
0
0.00649
0.0231167
0.00495667
0
0.0589867
0
0.0193167
0.000716667
0.0191533
0.00472333
0.0551967
0.0199367
0.01872
0.00160667
0.0033
0
0.00835333
0.00147
0.0214633
0.000746667
0.02577
0.000746667
0.16818
0.0131233
0.264587
0.00163
0
0.0311133
0.00879333
0
0.00356
0.0191167
0.00830333
