0.00586667
0.0234467
0.02481
0.05631
0.00653
0.0394867
7.66667e-05
0.0256
0.00282333
0.05321
0.0414033
0.0336067
0.0732533
0.01706
0.07388
0.03157
0.0678233
0.03235
0.0542833
0.00353667
0.0844467
0.00906667
0.0496633
0.03027
0.00521667
0.0623467
0.00404667
0.0344733
0.0301733
0.0597333
0.0187333
0.0389567
0.0851033
0.07947
0.02496
0.0484167
0.00201333
0.05016
0.00185333
0.00114
0.0437033
0.0167733
0.0460667
0.0867
0.0153367
0.00453
0.03782
0.0607
0.0150833
0.0387933
0.06737
0.02898
0.0920733
0.0712167
0.07689
0.0392733
0.0824433
0.05288
0.0608867
0.03341
0.02679
0.117397
0.00823333
0.0163
0.00241667
0.00862
0.0444767
0.0476433
0.0170467
0.00609333
0.0220933
0.00899
0.0440333
0.0465367
0.00787667
0.0317633
0.06452
0.0367433
0.04195
0.03843
0.0851633
0.0581433
0.0448233
0.00452667
0.00906
0.00214667
0.0061
0.03111
0.0142933
0.035
0.06521
0.0190467
0.0543067
0.00731
0.0478867
0.00511667
0.0345367
0.0770333
0.0414333
0.0294333
0.0429567
0.06095
0.08466
0.0647367
0.0156767
0.02284
0.0765733
0.0249333
0.0265767
0.0607567
0.0314067
0.0182267
0.0446667
0.0812133
0.00556
0.05898
0.0520867
0.07946
0.0378133
0.03985
0.02612
0.0604867
0.06291
0.0989033
0.0165733
0.0215
0.1113
0.10856
0.0392833
0.000206667
0.06125
0.00882667
0.0479533
0.0145867
0.01038
0.0774167
0.0104267
0
0.00438
0.0184833
0.00973
0.0943667
0.0255067
0.0340133
0.222233
0.03568
0.00460667
0
0.0216267
0.397553
0.131413
0
0.01146
0.00509667
0
0
0.00878
0.00012
0.00254
0.00198333
0.000536667
0.00656667
0.0226067
0.0151233
0.00967
0
0.0172567
0.00865333
0.01312
0.03071
0.00135
0
0.00586333
0.00755333
0.01814
0.04334
0.00194333
0
0
0.0543433
0.01172
0.00382
0.01076
0.00587333
0.00019
0
0.000803333
0.00816333
0.00662333
0
0.174143
0.0339033
0.217817
0
0.0153733
0
0.03955
0
0
0.02333
0.0323733
0.00671333
0.00925333
0.0214267
0.0377033
0.00769333
0.0194867
0
0
0.174797
0.0200433
0.0127667
0.01292
0.00366667
0.00151667
0.00132333
0
0
0.0325733
0.02941
0.0115433
0
0.00600333
0.00281333
0
0.00789333
0.00598667
0.00029
0.0273233
0.00114333
0.0198467
0.0475233
0.0406233
0
0.0213333
0.0164633
0.06305
0
0.00519
0.0223633
0.0247867
0.0150333
0.0391333
0.0324667
0.00034
0.0329033
0.00356333
0.0148667
0.00232
0
0.00878667
0.0649833
0.00432333
0.000423333
0
0.0012
0.0276533
0
0
0.00014
0
0.0192833
0.0231667
0
0.00141
0
0.00489
0.0421233
0.01652
0.0216967
0.0591133
0.000436667
0.00115
0.0244
0.0243333
0.0927067
0.0511033
0.25054
0
0.0952067
0.00424333
0.051
0.0192167
0.00157
0.0124733
0.237927
0.00296333
0.000346667
0
0.0242
0.0344733
0.0143467
0.144237
0.00724333
0
0.000173333
0.00464667
0.0248467
0.00313333
0.0258233
0.0227567
0.04452
0.000853333
0.00137
8.33333e-05
0
0.01599
0.00400667
0
0
0.00829667
0
0
0.000886667
0.000533333
0.00188667
0.000246667
0.00598333
0
0
0.000316667
0.0552533
0.00343667
0.00101667
0.02075
0.0105767
0.0213033
0.0243467
0
0.01306
0.00960333
0.00660667
0.103457
0.00170333
0.000376667
0.00357
0
0.0288533
0.0288067
0
0
9e-05
0.00367667
0
0.00596
0.04226
0.00574333
0.0498633
9e-05
0.00109333
0
0.10311
0
0.0236633
0.0496933
0.03253
0.0219733
0.0158333
0.000543333
0.0125567
0.0104167
0.19845
0.0161267
0.0006
0
0
0
0
0.00400667
0.00451333
0
0
0
0
0
0
0.02666
0.00894667
0.0325833
0.0299533
0.01434
0.0260467
0.00941667
0.00100333
0.0375567
0.01905
0.0248033
0.0237333
0.00685
0.0249533
0.02201
0
0
0
0.01327
0.01168
0.0211533
0.00124
0.0394967
0.0214933
0.000953333
0.0222067
0
0.00266333
0.0001
0.25856
0.0679233
0.00128333
0
0.00561333
0.00751667
0.0270467
0.0294567
0.00123
7.66667e-05
0.00461333
0.00566333
0.00480333
0.0190467
0.0278133
0.0219233
0.00753333
0
0.00155667
0.0263433
0.000333333
0.02295
0.00411
0.00942
0.000113333
0
0
0.00161333
0.0302933
0
0.02047
0.0101133
0.0402067
0.04451
0
0.0105067
0
0.000293333
0.00284333
0.0174867
0.00468333
0.00467
0.00389667
0
0.00589333
0.00015
0.0330367
0.0190967
0.0140133
0.0141667
0.0129267
0.000376667
0.0640267
0
0.00636667
0.00551667
0.0588367
0.187543
0
0.0140767
0.00435
0.0515033
0
0.00119
0.0704933
0
0
0.000773333
0.00955333
0
0.03587
0.0001
0.00272667
0.00448667
0.06801
0.264713
0.0158567
0
0.02504
9.33333e-05
0.00111667
0.01018
0.0258567
0
0.000856667
0.02748
0.0194667
0
0.00105
0
0
0
0.00230333
0.00029
0.0279733
0.02635
0.0247167
0.00315333
0.000396667
0.0371333
0.0275533
0.00373667
0.15231
0.0152667
0.02261
0.0215267
0.0115133
0.00404333
0.0004
0.00221333
0.00608
0.0446433
0.133793
0.00437667
0.00141333
0.00883333
0.02203
0.0286967
0.12499
0
0.0122
0.0102233
0
0
0
0
0.0214733
0.0039
0.0318767
0.0301267
0.0108367
0.00299333
0.107057
0.00330667
0.0204167
0.00115333
0.0354667
0
0.0375067
0.01763
0.0231133
0
0.0372433
0.00316333
9.66667e-05
0
0
0
0.00142667
0.000516667
0.000516667
0.00159
0
0
0
0.0269967
0
0.02326
0.0473567
0
0.0182167
0
0
0.0209567
0
0.00021
0
0.00568
0.01682
0.0119433
0
0.00419333
0.000566667
0.0143067
7.33333e-05
0.00633
0.00871
0.199277
0.37799
0.01195
0.05563
0.0222667
0.00652333
0.0672
0.0254333
0.0550733
0
0.0101267
0.0689933
0.000536667
0.00043
0.000923333
0
0.00995667
0.00101667
0.0078
0.00022
0.00509667
0.01064
0.02255
0.00245333
0.0126667
0
0.0134033
0.000203333
0
0
0.00042
0.00642667
0.0192167
0.0487833
0.02848
0.00401333
0
0.0098
0.04645
0.0191367
0.000373333
0
0.000316667
0.0300033
0
0.0438767
0.0507533
0.00143667
0.00802333
0.00195
0.0233167
0.136427
0.0079
0
0
0
0.0191233
0
0
0.00602667
7.33333e-05
0.03416
0.0345433
0
0
0.000153333
0
0.00707
0.203967
0.03005
0.00581667
0
0.00106333
0.0293167
0
0.00224
0.254087
0.0583467
0.0243533
0.00521333
0
0.00978333
0.00375667
0.000996667
9e-05
0.00091
0.0315567
0
0.00067
0.000476667
0.0744233
0.00351
0.00127
0
0
0.0580033
0
0.00096
0
0.00413667
0.000516667
0.0260567
0.00150333
0.0220367
0.000753333
0.000556667
0.00164667
0.00339
0.00353
0.0265267
0.00156
0.000123333
0.0202867
0.121613
0.00190667
0
0
0.00491333
0.00462
0.00253667
0
7.33333e-05
0.000363333
0.00038
0.0102367
0.000263333
0.00670333
0
0
0.00559667
0.00215667
0.02028
0.0223367
0
0.00199667
0.00410667
0.00753667
0.0218433
0.0492233
0.0088
0
0.000246667
0
0.04568
0.000646667
0
0.0254867
0.000643333
0.0082
0.0762767
0.01235
0.0272767
0.0472467
0.02347
0.01634
0
0.00427667
0.00128667
0.00171667
0.0136467
0.00325333
0.00820667
0
0.00532333
0.00035
0.00115
0.00157
0
0
0.00119
0.0039
0.01599
0.000183333
0.000106667
0.000283333
0
0.0244433
0.0222833
0.03049
0.0515167
0.0399
0
0.04089
0.07499
0.0251933
0.000316667
0.00727
0.00149
0.000353333
0.0029
0.00789667
0.0184767
0
0.0349167
0.0223333
0.00263667
0.000496667
0.00363
0.02552
0.00632
0.03456
0.000483333
0
0.0233567
0.0107133
0.0124267
0.0202333
0.000293333
0.000693333
0
0
0.00435333
0.00278
0
0
0
0
0.0169367
0.00127
0.0108067
0.03023
0.00998
0.00931667
0.000533333
0.0215867
0.00555667
0.0397767
0.0438733
0.198317
0
0.000913333
0.00504
0.02579
0.0236233
0
0
0.00919
0.0124733
0
0
0
0
0.0106967
0.02498
0.01155
0
0
0.0454033
0.0107033
0.0802467
0.05816
0.00384333
0.0230467
0.00409333
0.00873333
0.00103333
0
0.000476667
0.03894
0.00307
0.0301467
0.0189033
0.0227967
0.00559333
0.000346667
0.0184433
0.01088
0.00188
0.0309667
0
0.000453333
0.000376667
0
0.00799
0.02506
0
0.000703333
0.0290933
0.00189667
0.0367733
0
0
0.00976333
0
0
0.00029
0.02955
0
0.05294
0
0.00258667
0.00730333
0.00229
0.00295
0.0276833
0.00504667
0
0.125777
0.0580533
0.00569
0.000506667
0.0126933
0.00217
0.0253933
0.00089
0.03733
0
0.00364
0.0140767
0
0.02485
0
0.00119
0
0.000666667
0.03957
0.01956
0.00177
0.0181967
0.05573
0.22581
0.00011
0.0233867
0.0564133
0.00127
0.0361433
0.0269933
0
0.0127667
0.00014
0.01908
0.0255767
0.0192967
0.00835667
0.00369667
0.00045
0.00794667
0.0122333
0
0.05979
0.01274
0.0174533
0.0101933
0.01079
0.0224333
0.000126667
0.00036
0.00066
0.00216667
0.0814733
0.0319767
0.03171
0
0.0185133
0.000376667
0.00941333
0
0.00483333
0
0.00360333
0.000316667
0.00051
0.05281
0.000266667
0.0317933
0.00120333
0
0.00055
0
0
0.0201
0.00049
0.00572667
0.00579667
0.00031
0.00676667
0.01277
0.00196667
0.0288233
0.00228
0.0008
0
0.01762
0.000563333
0.0274967
0.013
0.02911
0.0248533
0.0183333
0
0.00880667
0.0101933
0.01572
0.00869667
0
0.0237733
0.00935333
0.0001
0.00838
0.00917333
0.00528
0.00527
0.00102
0.01267
0.00338
0.0344233
0.0175967
0.00128667
0
0
0.00167
0.00968667
0
0
0.00186333
0.00132
0
0
0.0136233
0.0149767
0.00267667
0.0138433
0.0275733
0.01926
0.0263733
0.00557667
0
0.00345333
0.0155567
0.00111333
0.000516667
0.02096
0.000633333
0.00901
0.000443333
0.00421
0.00397333
0.02448
0
0.00836667
0.01744
0.0323033
0
0
0
0.0573667
0.0327567
0
0
0.00097
0.000583333
0.108157
0.0330167
0.0375533
0.000843333
0.03321
0.0770667
0.000903333
0
0.00022
0.01702
0.00339
0.00483667
0
0.00017
0
0.00197667
0.0287633
0.00300333
0
0.103497
0.11189
0
0.03075
0.0812633
0.04054
0.0244133
0
0
0.06537
0.237383
0.000363333
0
0.00323333
0.000216667
0
0.0235033
0.00669333
0
0.04604
0.0105033
0
0.00621333
0.02022
0.00287
0.00458333
0.000476667
0.0106767
0.0118667
0
0.0114167
0.0142533
0.0201167
0.01838
0
0.00354333
0
0.00393667
0.000336667
0.00555333
0.00282667
0.01785
0.00286
0.00394
0
0.03567
0.00696333
0.0394533
0.0269333
0.00204
0.00174667
0
0.00987
0.00684
0.0105267
0
0
0.02261
0
0.0575367
0.00719333
0.00446333
0
0.0629967
0.0341667
0.0445133
0.00704667
0
0.00107333
0.00146667
0.00419333
0.0143633
0
0
0.00620667
0.0032
0.000496667
0
0
0.000143333
0.00264667
0.000323333
0.08084
0.02761
0.00799667
0.0574967
0.01587
0.0319967
0.00545333
0
0.1084
0
0.00197333
0.144137
0.0180367
0.00525333
0.0238133
0.02047
0
0
0.00901667
0.00655667
0.00230667
0.0335367
0.0110767
0.0660233
0.0110433
0.0059
0.0123933
0.02214
0.06351
0.0367967
0.03296
0.00496667
0.0225967
0.00536667
0.00101
0.01013
0.0262733
0.0184367
0
0.0113233
0.00111
0
0.0391633
0.0389533
0.00433333
0.0353867
0.0434133
0
0.01583
0.02474
0.0228067
0.03106
0
0.0213
0.0297367
0.0117833
0.0306767
0.00108667
0.000863333
0.00314667
0
0.0290767
0
0.0325433
0.0352
0.0154167
0.00016
0
0
0.00895333
0
0.0282467
0
0.0286
0.000346667
0.00488333
0
0.0260833
0.00155667
0.0098
0.000133333
0
0.000766667
0.02815
0.01769
0.00591
0.01685
0.00608
0.0203433
0
0.0004
0.000206667
0
0
0.000136667
0.0319667
0.000873333
0.00943
0.01297
0.0529
0.0217733
0.0369033
0
0.0520033
0.00215333
0.00498333
0.00211667
0.179697
0.22442
0.00193333
0
0
0
0
0.000463333
0
0.0395967
0
0.00251
0
0.0055
0.00757333
0
0.000683333
0
0
0
0
0
0.00614
0.00102333
0.00803
0.01649
0.03104
0
0
0
0.00226
0.16092
0.30576
0
0.00842333
0.0141633
0.0363267
0.00019
0
0.0140667
0.0252733
0
0.00529333
0.0308
0
0.0133533
0.125633
0.0204667
0.000216667
0.01372
0.0245333
0.00995333
0.00383333
0.00150667
0
0
0.00022
0.0211067
0
8.66667e-05
0.0409933
0.00268
0.00423333
0.00019
0.00849667
0.000176667
0
0.00118
0.00616
0
0.0011
0.00400667
0
0
0
0
0.00079
0
0.02238
0.00764333
0.0275233
0.0273333
0.0395267
0.00897333
0.0302033
0.0419467
0.00447
0.0512533
0.0401333
0.0406633
0
0
0.000183333
0.0178067
0.0012
0.0236567
0.0178033
0.00501333
0
0
0.00819333
0
0.0465567
0.04121
0.00190333
0.00534667
0.00454667
0.0951267
0.0148133
0.02656
0.0223567
0.04049
0.00308667
0.02516
0.0103133
0
0.00019
0
0
0.02604
0
0.00287333
0.00126333
0.01075
0.00046
0.00959333
0.0517267
0
0.0131533
0.0246233
0.000863333
9.33333e-05
0.00236333
0
0.00877667
0.0228733
0.000316667
0.00829667
0.02251
0.05386
0
0.22091
0.0374533
0
0
0.00019
0
0
0.0190267
0.0163967
0.00704333
0
0
0.00102333
0.00641333
0.02074
0.00138667
0.00225333
0.0462367
0.02154
0.00334333
0.000676667
0.218317
0.00395667
0.0337533
0.00253333
0.00406
0.0156033
0.000293333
0.00659
0.00279333
0.00160333
0.01713
0.0403767
0.00264
0.0469067
0.03625
0.0277667
0.0183533
0.00508667
0
0
0
0
0
0.00313667
0.03528
7e-05
0.03399
0.03485
0.0137067
0.0381533
0.00128667
0.0284233
0.0493633
0.000906667
0.0218433
0.000996667
0
0.00285333
0.000446667
0.0011
0.00888667
0
0.0310067
0
0
0.0247533
0.00638667
0.02526
0.00895333
0
0
0
0.00213333
0
0.02272
0.00625
0
0.0948867
0.0139967
0.0168833
0.08076
0.0053
0.01371
0.0312733
0.00028
0.000163333
0.0410833
0.150967
0
0.00215333
0.114493
0.00173333
0.0135633
0.00306333
0.00603333
0.0259233
0
0.03716
0.0125967
0.0587833
0.01135
0
0.0476867
0.03777
0.0302933
0
0
0.0526633
0.02208
0.00295
0.04899
0.000543333
0.04959
0.0183733
0.000623333
0.000246667
0.07009
0.00113333
0.000473333
0.000663333
0.0142633
0.0007
0.0383467
0.00181333
0.0538267
0.0382667
0.000856667
0.01634
0.0640967
0.000496667
0.00943667
0
0.000116667
0.07988
0
0.02178
0.0171967
0
0.0209833
0.00859333
0
0.02792
0
0.00683
0.0117267
0.03775
7.33333e-05
0.00137333
0.02897
0.00755667
0.000266667
0.00588667
0.00017
0.02272
0.00399333
0.00235333
0.0157267
0.0251733
0.00642667
0
0.0100567
0.00795667
0.0189567
0.0252
0
0
0.00821667
0.0318567
0.00161
0.00730333
0.00039
0.01855
0
0.000223333
0
0.000436667
0.000153333
0.0288633
0.0175967
0.00147333
0
0.0141067
0.00331
0.0271567
0.00884667
0.00627
0
0.0247233
9e-05
0.01506
0.00605667
0.00197
0
9.33333e-05
0
0.02354
0.06364
0.00332667
0.000336667
0.00927667
0.0376333
0.000193333
0.01427
0
0.00336667
0.05111
0.00399
0.00276667
0.01534
0.0552033
0.0218267
0.0620433
0.0161533
0.0116333
0.0101967
0.140167
0
0.00505
0.0256833
0.0124967
0.0298067
0
0.00941667
0.0250033
0.00114333
0.000153333
0
0.000113333
0.02366
0
0
9.66667e-05
0.01086
0
0.0272067
0.00239
0
0
0
0.00340333
0
0
0.02778
0.00366333
0
0.00363333
9e-05
0.00147667
0.00107333
0.00147333
0.00309667
0.04719
0
0.119313
0.000173333
0.0324533
0.00192
0.01843
0
0.00295
0.00552333
0.0363933
0.165787
0.01188
0.01625
0.0122567
0.00221667
0.0163567
0.05033
0.0341333
0.00105333
0.00702667
0.000193333
0.0240567
0.00837
0.0241633
0.000176667
0.00944333
0.0213167
0
0
0.01759
0.00345667
0.000453333
0.02051
0.00131333
0.13306
0.000666667
0
0.06219
0
0.000246667
0.000636667
0.03386
0.0172133
0.00964333
0.0226667
0.0104267
0.0268033
0.0298333
0
0
0
0.0364867
0.00195333
0.0191333
0.01887
0.0916267
0.0480667
0.00668
0.00683
0.02034
0.00807
0.000483333
0.00767667
0.0314067
0
0.0190533
0
0.0335733
0.04641
0.0125333
0
0
0.0406833
0.00408333
0.00658667
0
0
0.00112667
0.000363333
0.00384
0
0.01186
0.0023
0
0.00315667
0.00148667
0.00235667
0.0802
0.00770667
0.0347333
0.00870333
0.00287333
0.01116
0.0462033
0.0281733
0.01344
0.00969333
0.00290333
0.000433333
7.66667e-05
0.00026
0.000333333
0
0
0.00107333
0.00375
0
0.00176
0
0.00016
0
0.02558
0
0
0.00132
0.000176667
0
0
0
0
9.33333e-05
0.00018
0.00770333
0.0283733
0.00132667
0.00317
0.0361133
0.00446667
0.00217333
0.00016
0.000243333
0.000716667
0
0.000363333
0.00620333
0.0277433
0.00107
0.0141433
0.0125133
0
0.0627167
0.12932
0.00173333
0.00107
0
0.02933
0.00260667
0.00554333
0
0
0
0
0
0.0214967
0.02151
0.0167567
0.0189667
0.03437
0.0239533
0.0612167
0.00603
0
0.000433333
0.00619667
0.000246667
0.0173633
0.00500333
0.178307
0.176383
0.00629333
0.00248
0
0.00722
0.03035
0.135127
0.0140233
0.00165333
0.03849
0.0029
0.00328
0.000843333
0.00519333
0.00725
0
0
0.000276667
0.000173333
0.01864
0.0154967
0.0413767
0
0
0
0
0.0315667
0.01017
0.000363333
0.00157
0.02529
0.0229567
0.0570367
0.00678
0.0598833
0.0112967
0.06143
0.0360167
0
0.0158867
0.00153333
9e-05
0.0237733
0.0125067
9e-05
0
0.00143
0.0234133
0.0455867
0.01532
0.0203833
0
0.0193
0
0.00547333
0
0.00639667
0.0204167
0.02546
0.00903667
0.00369
0.00925667
0.00119
0.0108833
0
0.0119
0.0058
0.01166
0
0.00509333
0
0.00129
0
0.0170133
0.00321
0.0114667
0.00938
0.00412
0.00181667
0
0.000306667
0.00782
0.00334333
0.0188933
0.00599333
0.00012
0.0196167
0.00656667
0.00087
0.00948
0.00477333
0.00634667
0.00400333
0.02843
0.00131667
0
0.00194667
0.00114
0.0067
0.00856667
0.0125733
0
0
0.00172667
0.03067
0.000143333
0.00549333
7.33333e-05
0.0140033
0.00379667
0.0139733
0.0654333
0.00823
0.00940333
0.0205033
0.00699
0
0.000623333
0.00409333
0
0.00103667
0.00330333
0.000323333
0.04392
0.00161
0.0333367
0.0137333
0.01849
0.000976667
0.0128133
0.00155333
0.000993333
0
0.0246633
0.0207333
0.0498933
0.0282033
0.00672667
0.00681333
0.0233167
0.08414
0.0176
0.0197233
0
0.04628
0.0213767
0.0014
0
0.0327133
0.0243867
0
0
0.00288333
0.00108333
0.000513333
0.0205033
0.0262833
0.0317167
0.000173333
0.00196333
0.0197533
0.00016
0.0180233
0.000613333
0
0
0.0709833
0.00295667
0.0497967
0.000663333
0
0.00911
0
0
0.00443333
0.0175867
0.00714667
0.0350667
0.00595667
0.0115067
0.0205267
0.00766
0.01232
0.0670833
0
0.00469667
0.03064
0.000316667
0.03485
0.00428
0.04119
0.0491933
0.0372167
0.00260333
0.00370667
0.01117
0.0169367
0.00112333
0
0
0
0.000213333
0.000193333
0.00820333
0
0.000996667
0.0214
0.0198367
0.0126167
0.000736667
0.000793333
0.0340267
0.0506667
0
0.02426
0
0.01138
0.000893333
0.0318133
0
0
0.000313333
0.00103333
0.00311667
0.01434
0.04255
0
0.00465333
0.00406667
0
0.0326867
0.00571333
0
0.000783333
0
0.0714967
0.00898333
0.01167
0.05543
0.000243333
0
0
0
0.00717
0.06029
0.00984
0
0
0.02641
0
0.0289133
0
0.00513667
0.00024
0
0
7.33333e-05
0
0.00372333
0
0.0260067
0.0082
0.0115033
0.00161333
0.0235433
0.0123267
0.00539333
0.175303
7.33333e-05
0.0236767
0.009
0.0190833
0.0275167
0
0.000866667
0.00021
0
0.02244
0.02586
0.000783333
0.0398667
0.0269733
0.000463333
0.00016
0.00492333
0
0
0.00038
0.0105833
0.09974
0.02837
0
0.01592
0.00445667
0.00072
8e-05
0.0291867
0.00481
0.0329667
0.06317
0.123037
0.00103
0
0.0258867
0
0
0.00933333
8.66667e-05
0.00944
0.0311033
0
0.0455233
0.00102667
0.00382
0.0479333
0.02154
0.06497
0.00027
0.00374333
0.00521
0.0125833
0.00286667
0.0352133
0
0.00241
0.00811667
0
0.01527
0
0.03097
0.0624867
0.000353333
0
0.0132333
0.0368367
0.0283167
0.0112533
0.01253
0.000666667
0
0
0
0
0
0
0.0028
0.00233333
0.0358433
0.03654
0.00412667
0.000766667
0.00367
0.00611
0.02354
0.0107433
0.0074
0.000506667
8.33333e-05
0.00719333
0.00034
0.00164333
0.0101933
0.00151333
0.00538
0
0
0.0106367
0.00930333
0.00533
0.0293833
0.00131
0.0121467
0.0402767
0.03467
0.04173
0.0284367
0.0158967
0.02772
0.01582
0.000333333
0.000333333
0
0.00045
0
0.000856667
0.0239967
0.00497
0.02146
0.181323
7.66667e-05
0.0143667
0
0.03056
0.00387
0.0120767
0
0.000426667
0.12133
0.0396633
0
0.00015
0.00727667
0.0135433
0.04736
0
0.0325667
0.00985333
0
0.00111
0.00388667
0.0180867
0.01208
0.0277367
0.0333267
0.02907
0.00736333
0.07925
0.0268567
0.0360033
0
0.0642867
0.0176033
0.00723333
0.00208
0
0
0.09804
0.000163333
0.0358167
0.0161833
0.00412333
0.0318033
0
0.0326067
0.02315
0.00240333
0.03489
0.01114
0.0367333
0.03665
0.00685333
0.0120933
0.0354867
0.0034
0.0208967
0
0
0.000983333
0.01155
0
0.000786667
0.00244333
0.00300333
0.00479333
0.000863333
0.0273233
0.000303333
0
0
0.00588667
0.00187667
0.0001
0.0172
0
0.0103867
0.0285367
0.0320733
0.0247333
0.0162733
0.0186333
0.00355667
0.0276033
0.01331
0.0017
0.00344667
0.0208733
0.00324667
0.0329867
0
0.0322433
0.115433
0.00033
0
0.0302933
0.000976667
0.02067
0
0
0.00423333
0.00541333
0.0133
0
0.0102967
0.00284667
0.02634
0
0
0
0
0.0305933
0.01029
0.0011
0.00224
0.00654
0.000213333
0.260887
0.0108567
0
0.0311433
0.00789667
0.0179133
0.00059
0.00627
0.000106667
0.00120667
0.00436333
0.000183333
0.00299
0.0267733
0
0.00037
0.00509
0.00257
0.000466667
0.0172067
0.0240133
0.04277
0
0.0101567
0.00179667
0
0
0.0711367
0.000963333
0
0.00275667
0.0513233
0
0
0
0.0185767
0.00178333
0.03517
0.0327733
0.03876
0.01677
0.0002
0.00621667
0.128883
0.00997667
0.01171
0
0.00031
0.00134333
0.000976667
0.00074
0.00086
0.00353667
0.00386333
0.0379833
0.0213633
0.00896333
0.0141867
0.00336667
0.02071
0.00114667
0.03632
0
0.00247
0.00222
0
0
0.00307
0
0.0340267
0.0272
0.00142
0
0
0
0.000246667
0.00124333
0.0102367
0.00014
0.00608333
0.00649
0.00230667
0
0
0
0.03441
0
0.00736
0.0363833
0
0.02488
0.00146667
0.0113667
0.0147767
0
0
0.03502
0
0.0116433
0.0100333
0.00587667
0.00148333
0.01107
0.01155
0
0
7.66667e-05
0
0.00372667
0.02666
0.000516667
0
0.06511
0
0.0187367
0.00620333
0
0.03153
0.000953333
0.0210833
0.00113
0.0001
0.0104167
0.00519667
0.0172833
0.11358
0
0
0.00199333
0.00317667
0.04455
0.00264333
0.0215167
0.04056
0.02228
0.0332333
0.04425
0.01436
0
0
0
0
0
0.04858
0.000903333
0.000963333
0.00787667
0.0144733
0.0234433
0.000143333
0
0.00677333
0
0.00025
0.00286667
0
0
0.0112167
0.00238667
0.0177933
0.000643333
0
0.0267533
0.0121133
0.00521333
0.000186667
0.000196667
0.0321467
0.0237667
0.0148867
0.00421
0.02246
0
0
0.00077
0.000186667
0
0.00554333
0.00348333
0.00354333
0.01433
0.0330733
0.00149
0.132507
0.00112
0.04938
0.01112
0.02718
0.0118633
0.01615
0.0129867
0.00474667
0
0.0100633
0.00800333
0
0
0.0100867
0.00255333
0
0.00062
0.0440333
0
0
0.01395
0.0127367
0.0126667
0.0108167
0.0188233
0.00327
0.00138333
0.0289233
7.33333e-05
0
0.0175133
0.01828
0.00540333
0.0231833
0.0627033
0.0227933
0.01109
0.02941
0.00633
0.00143667
0.0155767
0.00165667
0.00196333
0
0.0056
0.0562467
0.00693333
0.00708333
0.0286067
0.0108233
0.00509
0.01908
0.00609
0.0470867
0.0204667
0.0102067
0.04852
0
0.0351867
0.00049
0.0222667
0.0257633
0.0335
8e-05
0.00350333
0.00175333
0.00279
8.66667e-05
0
0.00641
0.01207
0.0343567
0.0244067
0.00646667
0
0.00023
0
0.00019
0
0.000566667
0.0545467
0.0151467
0.0268133
0
0.00044
0.01313
0.00347333
0.0393033
0.01398
0.0167767
0.00387667
0.00183333
0.00227333
9.66667e-05
0.00107333
0.0224367
0
0.000836667
0
0
0
0.00616333
0.11364
0.0482367
0.00431
0.03655
0.00446333
0.00126333
0.00506
0.00634333
0
0
0.00261667
0.00184333
0.08405
0.000526667
0.00284
0
0.000316667
0.00093
0.0239033
0.000663333
0.00288333
8.33333e-05
0.00178667
0.0216967
0.04851
0.01538
0.0247933
0.02765
0.00775667
9.66667e-05
0.00137
0
0
0
0
0.00588
0.000853333
0
0
0.02131
0.00865333
0.0506433
0.0152367
0.02236
0.00342333
0
0.03694
0
0.00225667
0.00506
0.01208
0.00859
0.00827
0.0279633
0.00628333
0.00168333
0.00059
0.00134667
0.01541
0.00948333
0.00238667
0.00140333
0.00323667
0.00497333
0.00019
0.0045
0
0.00547
0.000673333
0.0044
0.05304
0.0252433
0.00252667
0
0.00088
0.000846667
0.0156
0
0.00240333
0.00591
0.000363333
0.0014
0.0269567
0.00646
0.00142333
0.000213333
0.00956
0.00325333
0.01017
0
0
0.0068
0.0362667
0.0289267
0.00521
0.03476
0.0186633
0.000676667
0.00098
0.01793
0.04516
0.00600333
0.03992
0.0276867
0
0.000203333
0
0.0115333
0
0
0.0213767
0
0.0416033
0
0
0.0667067
0.0413767
0.00560667
0
0
0.0004
0.0406267
0.00874667
0.00137333
0.0275333
0.00576667
0.00766333
0.0239967
0.00111
0.00381667
0
9e-05
0.000213333
0.0548567
0.00917
0
0.00104333
0.00244333
0
0
0
0.000513333
0.0201033
0.0001
0.0005
0.00356
0
0.00413333
0
0
0
0
0.0115733
0.00220667
0.00076
0
0.0187667
0.0005
0
0.000633333
0.00612333
0.0643
0.0335567
0.0544433
0.00789
0.0165633
0.00214
0.00120667
0
0
0.00841667
0
0.0130533
0.01763
0.0403967
0
0.02907
0
0
0.03213
0.000733333
0.03478
0
0.00655
0.04243
0.0124533
0.00216667
0.05214
0
0
0
0.00116667
0.000496667
0
0
0.00597
0.00755333
0.01994
0
0.0711833
0.000466667
0.00591667
0
0.0156733
0
0
0.00926667
0
0.0498533
0.00645
0.02205
0.282213
0.0296
0.08559
0.000423333
0.00107667
0
0
0
0.000353333
0.03125
0.01191
0
0
0.01503
0
0
0
0.0182733
0
9.66667e-05
0.09321
0.00587
0.02115
0
0
0.000516667
0.0182567
0.000336667
0.0120933
0
0.01643
0.0163433
0.00658667
0.00662
0.0415667
0.0105
0.00075
0
0
0.0158033
0.0346567
0.000993333
0.0225133
0.00089
0
0.00059
0.000426667
0.0149433
0
0.01026
0
0
0
0.00495
0.00072
0.00012
9e-05
0.00267333
0
0
0.0329667
0
0.0682333
0.00194667
0.0005
0
0.0307433
0
0.0203533
0.000853333
0.00042
0.000536667
0.05503
0.0244167
0.03706
0
0
0
0
0.0006
0
0
0
0
0
0.00783333
0
0.0236467
0.0520567
0.01259
0
0.0538733
0.00645
0
0
0
0
0.0316367
0.00109667
0.0169333
0.0475533
0
0.00340333
0.0111467
0.01062
0.00634
0.00787667
0.0513967
0.00211667
0.09362
0.00326
0.106573
0.000176667
0.01289
0.00632
0.00143
0.03006
0.0116767
0.0325433
0.04282
0.01055
0.00035
0.00894
0.0182333
0
0
0
0.00138333
0.00446333
0.00942667
0.00806
0.00337
0.01028
0
0.0224267
0.01367
9.33333e-05
0.02435
0.0338933
0.00598667
0.00113667
0.0238067
0
0
0.0324167
0.0227667
0
0.08823
0.14909
0
0
0
0
0
0
0
0
0
0.000163333
0.00102
0.02503
0
0
0
0
0.0119533
0.0273067
0.00521333
0.00653667
0.304713
0.21087
0.0235933
0.0252767
0
0.00445333
0.0406933
0.00138333
0.00995333
0.00521
0.0228033
0
0.01356
0
0.0450167
0.00140333
0.0168767
0.00985
0.0157533
0.0111533
0.01208
0
0.00278
0.0277967
0.0382867
0.00455667
8.33333e-05
0.000176667
0.000703333
9e-05
0.00461667
0
0.02138
0.02178
0
0.000463333
0.0387033
0.01833
0.0165167
0
9.66667e-05
0
0
0
0
0.0346833
0.00019
0.01149
0.0246767
0.000876667
0.00093
0
0.281033
0.00412
7.66667e-05
0.000313333
0.00119667
0.00732
0
0.03921
0
0.00774
0.0001
0.04108
0.00722
0.0100867
0.0442167
0.00068
0.00385333
9.33333e-05
0.00086
0
0.00614333
7.66667e-05
0.00868
0.01804
0.0223167
0.00329667
0.000386667
0
0
0.000273333
0.00616
0.01507
0
0.0193667
0
0.0140267
0.00223667
0.0613433
0.00859667
0
0.00079
0.01924
0
0.00128667
0
0.00458333
0
0.000333333
0
0.00161667
0.06707
0.000163333
0.00366667
0.01934
0.0136833
0.000493333
0.000996667
0
0.00057
0.0551533
0.0262767
0.000103333
0
0
0
0
0.01782
0.03093
0.0433067
0
0.00788
0.00414333
0.0272533
0
0.00195667
0.00069
0.0252933
0.0135667
0
0.00814333
0
0.000346667
0
0.0137433
0.0302233
0.0126033
0.0296167
0.00161
0
0
0.0286433
0.02008
0.139087
0
0.00348333
0.02815
0.00107333
0.0154367
0.03483
0.000553333
0
0.000406667
9.33333e-05
0.00240333
9.66667e-05
0.00039
0.0145033
0.00296333
0.0359367
0.000186667
0.00146333
0
0.03026
0.00559667
0.000903333
0.00138333
0.0128267
0.00779333
0
0
0.0263967
7e-05
0
0.00403333
0.0204933
0.04669
0.0230433
0.02399
0.0136833
0.0509033
0.15486
0.0176967
0
0
0.0270167
0.0458933
0
0.0221967
0
0.000546667
0.000243333
0.0319433
0.0262033
0.0359867
0.01453
0.03043
0
0.00864667
0
0
0.000706667
0.0129433
0.000433333
0.04118
0.0316667
0.01197
0.02116
0.00047
0.00833667
0.00034
0.00106333
0.0176167
0
0
0
0.00234
0
0
0.00529667
0
0.06778
0
0.00116667
0.00853667
0.0251267
0.00677
0
0.0198067
0.00525
0.0150033
0
0.00168667
0.0200633
0.00568333
0
0.00645333
0.0163133
0.00313
0
0.0336467
0.0354567
0.03361
0.00638667
0.0355667
0.00319333
0.00025
0.01166
0
0
0
0
0.00084
0.00178667
0
0.00029
0
0.00546333
0.000843333
0.000333333
0.000796667
0
0.000106667
0.02471
0
0.00651
0.01194
0.0346033
0
0
0
0
0.0265967
0
0.00504
0
0
0
0.00182667
0.0422833
0
0
0
0
0.000266667
0
0
0.00128
0.0434533
0.00638
0.08397
0.0297867
0.00535333
0.000626667
0.00016
0
0
0.0181733
0.0185933
0.00177667
0.00313333
0
0.00918333
0
0
0.00229
0
0
0
0.00752333
0
0.000226667
0.0183533
0
0
0
0.03283
0
0.01948
0.05553
0.0185733
0
0.0490933
0.000386667
0.0222933
0
9e-05
0.00145333
0
0.105777
0.0200233
0.000426667
0
0.01351
0.00217667
0.000466667
0.00171
0
0.000516667
0.00727667
0.0197167
0.01005
0.03341
0
0
0.00982
0.0194767
0.00121667
0.00093
0.10408
0.132873
0.00602
0.000176667
0
0.05487
0.00229
0.0468067
0.0277467
0.0293533
0
0
0
0.0196833
0.01204
0.000253333
0.03196
0.00877667
0.03467
0.0282967
0.000643333
0
0
0.0126867
0.02749
0.00535333
0
0.0300933
0
0.0199633
0.000423333
0
0.00282667
0
0
0
0.00031
0.00232667
0.00928667
0
0
0.01628
0
0.00710333
0.00801667
0.00341667
0.00022
0
0
0.0157867
0
0
0.01046
0
0.00754333
0.0323333
0
0.00818
0.0133633
0
0.0215667
0.00577333
0.00830667
0.00919333
0.00694667
0.000713333
0.0370867
0.000556667
0.00915667
0.00663333
0.00450333
0
0.00111
0.000706667
0.000903333
0
0
0.000146667
0.00290333
0.0732267
0
0.01392
0
0.0350467
0.0421267
0.0131
0.03587
0.00173333
0
0
0
0
0.000246667
0.00031
0.01616
0.00216
0.00598
0
0
0.000146667
0.0236767
0.0160933
0
0.01499
0.00198
0.0124833
0
0
0.00188667
0.01067
0
0.00144
0
0.0157767
0.00405
0
0
0
9.33333e-05
0.0504967
0.0205233
0.0190633
0.01042
0.0339767
0.0170233
0.00625333
0.0089
0.00463333
0.000646667
0.0174033
7.66667e-05
0
0.000656667
0.0152233
0
0
0
0.0428967
0.000103333
0
0.00921333
0.0973767
0
0.000106667
0.0259367
0.00402
0.00514667
0.0111833
0.01786
0.0165667
0.153887
0.0211367
0.00700333
0.00807667
0
0
0.0147333
0.0001
0.000193333
0
0.00082
8e-05
0.00412
9e-05
0.00278
0.24096
0
0
0
0
0
0.0288733
0
0
0
0
0
0.0148067
0
0.00525333
0.0155667
0.0631467
0.00997
8.33333e-05
0
0.05416
0
0.0312467
0.0002
0.06095
0
0
0
0
0.00025
0.00177333
0.00550333
0.00666667
0.00298667
0.000536667
0.00608
0.00460333
0.02392
0
0
0.00331333
0.0225267
0.00022
0
0.02123
0
0
0
0
0
0.005
0.140267
0
0.0318433
0.00708
0.153127
0.00365667
0.00611667
0.0209433
0.00682667
0
0
0
0
0.0250333
0.00308
0.0015
0.00118667
0
0.00035
0.0423533
0.00683
0.00934333
8.33333e-05
0.00024
0.00035
0
0.000133333
0.0336067
0.00272
0.0314333
0.0131033
0.00165333
0
0.0442667
0.0175433
0.0600567
0
0.00303333
0.00045
0.00415667
7e-05
0
0.123493
0.000386667
0
0.0617933
0.04347
0.01592
0.00221
0.000776667
0.0277333
0.00300333
0
0.04128
0.00344333
0
0.0225633
0.0099
0
0
0.0693433
0.01645
0
0
0.02398
0.01916
9.33333e-05
0.00984333
0.0157867
0
0.000236667
0.0484067
0.0492867
0
0.00149
0.01999
0
9.33333e-05
0
0.0259433
0.00266333
0
0.0180467
0
0.000656667
8e-05
0.000963333
0.00801667
0.00594667
0
0
0
0.000483333
0
0
0.0346433
0.02448
7.33333e-05
0
0.000673333
0
0.00942667
0.00175667
0.000246667
0.00128
0.00128
0.0223733
0
0
0
0
0
0
0.00365667
0.00582
0.00318333
0.0417
0
0
0
0
0.00138333
0.00138333
0.00130333
0.00496
0
0
0.00981
0.01388
0.00182
0
0
0
0
0.00826333
0.00544667
0.0112367
0.00257667
0.0376133
0.0488567
0.01215
0
0.0230433
0.00122
0.00360667
0.0222933
0
0.02643
0.01118
0
0.04973
0
0
0.00012
0.00124
0.0265133
0.04234
0.00759
0
0.0598633
0.01421
0.01356
0
0
0
0.0143267
0.000746667
0.0293067
0
0.00031
0.00869667
0
0.02775
0.00082
0
0
0.0265467
0
0
0.00714667
0.0259633
0.0120633
0
0.0293967
0
0
0.0271433
0.118173
0.0191767
0.000106667
0.0597433
0.0104567
0.0215267
0.02682
0.0461467
0.0175733
0.00384667
0.0212633
0.00895333
0
0.0632367
0.01717
0.00859667
0.00334667
0.00956
0
0
0.01291
0.00334333
0
0.00519667
0.0190567
0
0.0115233
0.00554667
0.00642667
0
0
0.00164
0
0
0
0.0716467
0
0
0.00086
0.0144633
0
0
0.00015
0
0
0.0333267
0.00359
0.00191
0.00665333
0
0.00345667
0.00403
0.0331633
0.0199267
0.00636
0.00151
0.00436667
0.00653333
0.00298
0.0103667
0.0150467
0.00266333
0
0
0
0
0
0
0
0.00147333
0
0
0
0.0319833
0.0347467
0
0
0.0244
0.00029
8.66667e-05
0.00213333
0.0109
0.00751667
0
0.00100667
0.01094
0.0457367
0.00646
0.00428667
0
0
0
0.00144667
0
0.000213333
0.00113667
0.00264
0.0112833
0.0123067
0
0
0.00718333
0
0.000173333
0.04942
0
0
0.00479
0
0.05414
0.00222667
0.00581667
0.03132
0.00918333
0
0.0167833
0.000153333
0.00293
0.0584433
0.0106267
0.0231133
0.00826
0
0.00137333
0.29508
0
0.000866667
0.000256667
0.0141667
0
0
9e-05
0
0.00034
0.128383
0
0.0261767
0
0
9.33333e-05
0.00935667
0.08319
0.00220333
0.0025
0.00014
0.00299
0
0.00174
0.01045
0.0210267
0.02784
0.00139667
0.00303333
0.0415767
0.0480033
0.0363933
0.0224767
0
0.217047
0.03145
0.01482
0.0267067
0.000266667
0.0411167
0.03344
0.000696667
0.01647
0
0
0
0
0.000763333
0
0.01619
0
0.06629
0.00011
0.0218733
0
0.0258067
0.0170767
0
0.0459633
0.00356667
0.00551
0.01866
0.00570333
0.0229167
0.00604
0
0
0.000133333
0
0.0283567
0.00171
0
0
0
0.0108067
0.0255167
0.0138467
0.000206667
0
0.000193333
0.0346
0.04469
7.66667e-05
0.02626
0.0463833
0.0333967
0.03657
0.0074
0.0287433
0.0220867
0.01342
0.00729
0
0.0300667
0.00929333
0
0
0.0520333
0.00182
0.0108033
0.000353333
0
0
0
0
0
0.02694
0.0136033
0
0.02295
0.08767
0
0.00533667
0.00138333
0.00299
0.00741
0
0
0
0.00275667
0.00133333
0.00497333
0.0530333
0.00036
8e-05
0
0.149083
0.0165333
0.291773
7.66667e-05
7e-05
0.0607333
0.03041
0.0102667
0.00215667
0
0.11316
0.000566667
0.00198667
0
0
0.00180333
0.000643333
0
0.000486667
0
0.000936667
0
0.000196667
0.00279
0.00297667
0.0537533
0.00111333
0.00959
0
0
0
0.00379
0
0
0.0555933
0.0120167
0.00951
0.0471867
0.147657
0.00109667
0.0729867
0
0
0.000786667
0.0283933
0
0
0.00799333
0.01353
0.0412867
0.00500667
0.00712
0.03842
0
0
0.000326667
0.00013
0
0.0604233
7e-05
0
0.01998
0.01015
0.00343
0.0279767
0
0.00442333
0
0.00378333
0.02012
0.02353
0.0221667
0.000556667
0
0.000243333
0
0.000113333
0.0027
0.000376667
0.00858333
0.0658
0
0
0.102737
0.0242667
0.00311333
0.000116667
0
0.0253967
0
0.00056
0.0353567
0
0.00222667
0.0035
0
0.00226
0.00984667
0
0.01707
0.01183
0
0
9.33333e-05
0.00236667
0.00067
0
0.0122067
0
0.01575
0
0.00122667
0
0.00849333
0.00976
0
0.00830333
0.06216
0.06949
0.00042
0.000403333
0.00529
0.0162967
0
0.00255
0.0100867
0.03003
0.0171733
0
0.0102133
0.00381667
0.01376
0.00285
0
0.00122
0
0.00350333
0.00122333
0.00555
0.0100967
0
0.01123
0.20355
0.00909
0.0110933
0.0376033
0.0513267
0.03051
0.00616333
7.66667e-05
0
0.00362667
0.0271133
0
0.0145367
0.01967
0
0.04712
0.00093
0.0195367
0.0274067
0
0.00149333
0.00055
0
0
0
0
0.0300367
0.0567867
0.000266667
0
0.0215567
0
0.167443
0.0195033
0.0342033
0.000266667
0.0105067
0.02505
0
0.00273
0
0.00135667
0.0447633
0.05047
0.00544667
0.01046
0.0105
0.0574633
0
0.00027
0.00218333
0.00759333
0.00539
0
0
0.00883667
0
0.0724767
0.0605033
0.00342333
0
0.0510833
0.03021
0.0327333
0.0371933
0.0171933
0.0232067
0.00035
0
0.0002
0.0142267
0.00208
0.00226667
0
0.00953333
0
0.00183
0
0.0290467
0.00502667
0.000193333
0.000943333
0.000126667
0
0
0
0
0.00210667
0.00111
0.0253433
0.0444333
0.00147333
0.00454
0.000296667
0.00992333
0.0236267
0.00971333
0
8e-05
0.07322
0.00520667
0.00140333
0.000116667
0.04696
0.00217333
0
0
0
0.0114967
0.0153367
0.000123333
0.00270333
0.000913333
0.00287667
0.02952
0.02453
0.0168233
0.00521333
0.02446
0
0.0002
0
0.00016
0.00027
0
8e-05
0.0057
0.281747
0
0.00507
0.0603067
0.145147
0.0653367
0.0245333
0
0
0.0127867
0.00325
0
0.0217033
0
0
0.00365667
0
0
0.0329133
0.0139467
0.00563333
0.00155
0
0.00568667
0
0
0.00023
0.02488
0.0436833
0.0497267
0.122953
0.121113
0.0225933
0
0
0.01879
0.421853
0.0337733
0.0299733
0.00460667
0
0.135583
0.00705333
0.0330267
0.12057
0.00753
0.000183333
0.00543667
0.0174367
0.0285833
0.00647
0.000583333
0.0338433
0.02883
0.00767
0.0252867
0.00754
0.0265167
0.00853
0.00776
0.0243633
0.00323333
0.0212133
0
0.00097
0.00813667
0.0298233
0.03573
0.00214333
0.0363067
0
0.00794333
0.01527
0.0257833
0
0
0.00688667
0.00250667
0.02579
0.0314867
0.0122167
0.00338
0.000473333
0.01944
0.0258967
0.02069
0.00834
0.0675067
0.02532
0.0212467
0.00558
0.00933667
0.00239333
0
0
0.00344333
0.0256733
0.00187
0.0335433
0
7e-05
0
0
0.0223267
0.000426667
0.00156333
0.00502333
0.00999333
0.0382933
0.0561933
0.0261933
0.00171333
0.00889333
0.0126567
0.00185333
0.0113867
0.0212
0
0
0.0116567
0.00735667
0
0
0.0372467
0.03564
0.01162
0.242113
0.0047
0.0231333
0.000246667
0.000256667
0.00041
0.0234933
0.04874
0.0659667
0
0.0228967
0
0.000656667
0.00328333
0
0
0.00117
0
0.00577667
0
0
0.0216933
0
0.000293333
0
0
0.0113433
0.000173333
0
0
0.03183
0.000326667
0.000956667
0
0.00369667
0.00459
0.02158
0.00635667
0.00319667
0.00437667
0.0125367
0.0391733
0.03336
0.128857
0.0807733
0
0.106633
0.0131667
0.000476667
0
0.02608
0.00137333
0.00374667
0.226093
0.0878967
0
0
0.000846667
0.00956667
0
0.000163333
0.0061
0.0303567
0.02285
0
0
0.0349867
0
0.01567
0.0297667
0.0147733
0
0
0.00296333
0.0111167
0.00119667
0.00131667
0
0
0.00126333
0.00209
0.0605467
0.0106
0
0.03997
0.00465667
0.0168567
0.00659333
0.000113333
0
0
0.000923333
0.0466767
0.00265333
0.0229533
0.0148667
0.03317
0.0211833
0
0.0180567
0.00796
0.0457267
0.125173
0.00542667
0.0212167
0.00059
0.02751
0.00208
0.01517
0.01989
0.00158667
0.00300333
0.00607333
0
0.0208633
0.0285667
0.01836
0.000696667
0.000406667
0.0208233
0.0145867
0.0271167
0.0330967
0.0213433
0.02101
0.00370667
0.0309033
0.0214
0.00514333
0.0312233
0.000103333
0.00599333
0.00672
0.0373333
0
0.0585667
0.03235
0.01507
0.0108367
0.0229933
0.00846667
0.00648667
0.0377367
0
0
0
0.0122067
0
0.0001
0
0.03521
0
0
0.00291333
0
0
0.00732
0.0176033
0
0
0.02796
9.66667e-05
0
0
0.000646667
0.0230433
0.03005
0.02234
0.00589667
0.0271367
0.00249
0
0.00329
0.0440867
0.0119433
0.00017
0.125057
0.00195333
0.0314033
0.0203867
0.0272833
0
0.02201
0
0.000776667
0.0196733
0.000243333
0.02968
0.00353667
0.00453667
0.01551
0.00618667
0.00479333
0.00546
0.00349667
0.04984
0.06697
0.00803667
7.33333e-05
0.00447
0.00241333
0.02122
0.00981
6.66667e-05
0.01851
0.0140367
9.33333e-05
0.00360667
0.0132067
0.00483
0.0134267
0.00639
0.03324
0.00609333
0
0.00319667
0.0308133
0.00824333
0.000203333
0.00816333
0.00109
0
0.0176967
0
0
0.0121767
0.0117833
0.01455
0.00809333
0
0
0.00045
0.0355533
0.00253333
0.01713
0.0117533
0.00902333
0.00967
0
0
0.00610333
0
0
0.002
0
0.0381933
0.0492467
0.0646467
0.00412
0.01501
0
0.0322267
0.000196667
0.108787
0.00479667
0.000126667
0.000126667
0.01256
0.0313467
0
0.00017
0
0
0.000313333
0.0107267
0.0949367
0.34554
0.01896
0.00523333
0.00628333
0
0.06206
0.01062
0.00442
0.0322933
0
0.0203633
0.000273333
0
0
0
0.257963
0.00535
0.00294333
0.00940333
0.00290667
0.00281333
0.000173333
0.00699
0.126763
0.0235967
0
0.02954
0.0216833
0.0170833
0.00265
0.0491567
0.339117
0.05368
0.0161667
0.0304367
0.0164467
0.01228
0.00059
0.02035
0.02208
0
0.0166233
0.01304
0.0235133
0
0.0324733
0
0.0457267
0.01164
0.0300067
0.112427
0.00015
0
0.02263
0.0331667
0.00689
0.00551333
0
0.3902
0.0315567
0.000226667
0.00143333
0.00102333
0.0193267
0.00866
0.01133
0.0148933
0.01518
0.0222133
0.0475967
0.000566667
0.02268
0.02647
0.0559267
0.042
0.00614
0.00698333
0
0
0.0198867
0.00426333
0
0.00326667
0.0232033
0.00869667
0.02716
0.000443333
0.01608
0.00064
0.00865333
0.00195667
0.0276767
0.0225833
0.00287667
0.00429667
0.00121
0.0281667
0.02365
0.0490667
0.00093
0.0221233
0.06994
0.04591
0.03258
0.000206667
0
0.01546
0.04069
0
0
0.00252
0.00101
0
0
0.0265367
0.00936667
0.000106667
0.00885
0
0.00263667
0.02356
0.00360667
0
0.0117033
0.0244033
0.0271133
0.04932
0.00402
0.109513
0.0485767
0
0.0279233
0
0.0223133
0
0
0.0250433
0.01284
0.00370667
0.0320333
0.0439
0
0.00808333
0
0
9.33333e-05
0
0.0864133
0
0.0248067
0.00760333
0
0.00735
0.0236667
0.00137
0.00585
0.000573333
0.0135333
0
0
0.0101
0.0152433
0.0111167
0.00417667
0.000183333
0
0
0
0
0.02011
0
0.00822
0.0170933
0.0330667
0.0316067
0
0.000543333
0.0115133
0.000756667
0.02408
9e-05
0.02784
0.00068
0.0343967
0.01529
0
0.150277
0.0158933
0
0
0
0
0
0
0
0
0
0
0
0.06304
0.02369
0.0137633
0.000663333
0.00747333
0.301923
0.0409333
0.0969767
0.0352167
0.0227433
0.01434
0.00671667
0.02319
0
0.00402333
0.0245533
0
0.00508667
0.0209167
0.00434667
0.0432933
0.0247167
0.05355
0.04263
0.0109
0.0358767
0.0111567
0
0.000986667
0.00113333
0
0.00121
0.0169767
0.0132267
0
0.0165033
0.0184367
0.0048
0.0353433
0.02557
0.02903
0.0281833
0.0291433
0.0162733
0.0173967
0.0748333
0.0170233
0
0
0
0.00078
0.00457333
0.00189667
0.404203
0.0256
0.02508
0.0187833
0.00122
0.000656667
0
0.00092
0
0.00176333
0.0974667
0.00167333
0.00208
0
0
0.0502
0.0481133
0.0325033
0.00517667
0.0469867
0.0231633
0.12158
0.0101867
0.000186667
0.000333333
0.00382667
9.33333e-05
0
0.00643667
0.00114333
0
0.00318
0
0
0.0164633
0.00046
0.0268033
0
0.01667
0
0
0.00977667
0.0249867
0.0311033
0.00775333
0.00201667
0.000653333
0.00136
7.66667e-05
0.000106667
0
0
0
0.220617
0.01461
0.0132567
0.01574
0.00093
0.00011
7.33333e-05
0.00961333
0
0.0614633
0.0131333
0.0532133
0.0147367
0.0005
0.0130467
0
0.00390667
0.00544333
0.000986667
0.00698667
0.0722233
0.01191
0
0.00747333
0.03499
0.00848
0.01738
0.00655667
0.0268067
0.00169
0.00078
0.0218733
0.02685
0
0.00445667
0.02056
0.01415
0.02472
0.01616
0.0875433
0.4602
0.12355
0.00346
9.33333e-05
0.00323667
0.0255133
0.0231067
0.00999667
0.00235667
0
0
0.0552733
0.00137
0.0268967
0.03348
0.0125633
0.0165867
0.04134
0.0173
0.000536667
0
0
0.00417333
0.0042
0
0
0
0.0214333
0.00264667
0.00235
0.00726333
0.0038
0.0136233
0.0265067
0.000536667
0.000336667
0.00015
0.00157333
0.0293233
0.0276733
0
0.0234667
0
0.0339467
0
0
0.00107667
0
0.00731667
0.00277333
0.03842
0.0144433
0.0246367
0.03357
0.0247367
0.02841
0
0.00384333
0.00869
0.0234767
0.00516667
0
0
0
0
0.03018
0.02195
0
0.00654
0
0
8.33333e-05
0.0468833
0.0241333
0.0678367
0.0369967
0.0166667
0.000873333
9e-05
0
0.000106667
0.00348667
0.00015
0.00945
0.0127867
0.00620333
0.03211
0
0.000166667
0.00451667
0
0.0127467
0.0362767
0.0269167
0
0.000153333
0
0
0.03938
0.00799667
0.01264
0.00018
0.00208333
0.0971
0.0133267
0.00446333
0.00227667
0.000426667
0.0121133
0.00598667
0.0194267
0
0.00384667
0.0142533
0.00849667
0.0304667
0.12941
0.0194867
0
0.000233333
0.00031
0.00082
0.0631933
0.00318333
0
0.0597933
0.00672333
0.0100933
0.0258533
0.008
0.0103733
0.0683833
0
0
0.00415667
0.000436667
0.00816
0.00366
0.00649333
0.00159
0.0461367
0.00678333
0.00966
0.00129
0
0.02385
0.0897967
0.00851333
0.0185367
0.0265567
0.0321267
0
0.00550333
0.02523
0
0
0
0.07377
0.000143333
0
0.05875
0.0110433
0.00275
0.0058
0.0115467
0.0156133
0.0205333
0
0.0594167
0
0.01862
0.000333333
0
0
0.0316367
0.0107
0
0.00127
0
0
0.0158433
0.0195567
0.00569
0.0197933
0.0001
0.0180733
0.00122
0
0.02236
0.0268833
0.01159
0.03507
0.00166
0.02471
0.0367367
0.0244867
0.000293333
0.00078
0
0.0442033
0.03896
0
0
0.0255033
0.00233
0
0
0.0503333
0.0972367
0.00107333
0.03236
0
0
0.0498367
0.000213333
0.0279033
0.02299
0.0163033
0.0268867
0.0126933
0.0384867
0.00012
0.0240767
0.0202167
0
0
0
0.00035
0
0.0217367
0
0.00135667
0.00693333
0.0486033
0.0248367
0.0290167
0.00588333
0.02176
0.00985333
0.0328133
0.0113767
0.0047
0.0166367
0.0385833
0
0.0175567
0
0.0247533
0.04214
0.02404
0.0264633
0.0243333
0
0
0
0
0.0323933
0
0
7.33333e-05
0.02969
0
0.0124333
0.000883333
0.00171
0.08449
0.00474333
0
0
0.0337933
0.000106667
0.000106667
0.0368167
0.00197
0.00558667
0.01046
0.0480067
8e-05
0.00191667
0.00161667
0.0253367
0.00663333
0.000106667
0.00638667
0.0420167
0.0223
0.00787333
0.0203633
0.01311
0.0308833
0.03512
0.0231633
0.000666667
0.000226667
0.0439633
0.00371333
0.0128367
0.03537
0.06834
0.0203567
0.01688
0
0.09594
0.05753
0.000373333
0.0217233
0.00247667
0
0.0429133
0.00179667
0.00304333
0.00670667
0.00321333
0
0.00173333
0.03134
0.0385833
0
0
8.66667e-05
0.000636667
0.00242333
0.00183667
0
0
0
0
0.000436667
0.00314333
0.00172667
0.00910333
0.0395667
0.0287867
0.0336533
0.00518333
0.00160667
0.00488
0.0282367
0.02742
0.0396033
0.0253067
0
0.0138667
0
0
0.0215433
0.00657667
0.00232667
0.02915
7.33333e-05
0.191037
0
0.02168
0.0164
0.0210533
0.01808
0.117447
0.0178867
0.0022
0.021
0.02786
0.00567333
0.0218867
9.33333e-05
0.00019
0.00330667
0.00289667
0.00293667
0.00623667
0
0
0.0181133
0.00623
0.109163
0
0
0.000843333
0.07637
0.00166333
0.04082
0.0228233
0
0.0182867
0.000813333
0.00680333
0.03755
0.03321
0.0927033
0.0834567
0.0336967
0.0174433
0
0.20393
0.0104167
9.33333e-05
0.00954667
0.0261533
0.01888
0.0146767
0.01437
0.00916667
0.0131567
0.000353333
0.00271667
0.03095
0.0906933
0.00254333
0.0328667
0
0.00710333
0.0195433
0.00697667
0.00485333
0.0250667
0.00717667
0.0006
0.0319967
0.0155967
0.0077
0.243577
0.182877
0.0165233
0.00102333
0.00382
0.00960667
0
0.00900333
0.0147633
0.00197667
0.114453
0.00686667
0
0.00662667
0.00624333
0
0
0
0
0.02691
0.0926133
0
0.000106667
0.00364667
0
0.00339667
0.0573233
0
0.0233233
0.100923
0
0
0.0751167
0.0120067
0.00576
0.0169467
0
0.00242
0
0
0
0
0.0372567
0.0251767
0
0.00772333
0
0.000346667
0.0188467
0
0.0128467
0
0
0
0.000223333
0.00433333
0
0.00765667
0.0202967
0.000623333
0.0448533
0.00192667
0.0198667
0.000123333
0.00629
0.00409
0.01034
0.02321
0.0409733
0
0.000216667
0
0.0272
0.000556667
0.00717
0.0308233
0.00859
0.00019
0
0
0.00372333
0
0
0
0.0183567
0.0272733
0.00023
0.0105967
0.000503333
0
0.0431033
0
0.00181
0
0.0166367
7.33333e-05
0.0139133
0
0.00746333
0.00525333
0.00420667
0.03114
0.000136667
0.0380667
0.0227733
0.05317
0
0.000503333
0.00302
0.00340333
0
0.00479667
0.0301233
0.02714
0.0444967
0.04855
0.03366
0.000876667
0.0469233
0.00221333
0.00147667
0
0
0.0444067
0
0.0128533
0
0.00337667
0.09943
0.0313467
0.0307333
0.00264333
0.00516
0
0
0.0149567
0.00147333
0.0356433
0
0.0241967
0
0
0.0697933
0.0485667
0.0481267
0
0.00844667
0
0
0.0121967
0.01787
0.02475
0.04115
0.171783
0.00291333
0.358027
0.03274
0.0427033
0.0754933
0
0.00700333
0.0252
0.176887
0
0
0.0206
0
0.00154333
0
0.000686667
0.00114
0.0404367
0.03342
0.0245833
0.00263
0
0.310293
0.339973
0.0141467
0.0215667
0.0428167
0.01555
0.0221433
0
0
0.0141833
0.00341333
0
0.0210333
0
0
0.00492
0
0.000273333
0
0
0.000116667
0.159047
0.402487
0.0408133
0.152807
0.000746667
0.00277667
0.00328667
0.0003
0
0.0671633
0.00853
0.0196233
0
0.00139667
0.0143967
0.01318
0
0
0
0
0
0.0245267
0
0.000113333
0.0014
0.0327333
0.0687233
0.01399
0.0127533
0
0
0.00173
0.00845667
0.02082
0.01746
0
0.00341
0.0278667
0.0457
0.0272467
0
8e-05
7.66667e-05
0.0191533
0.000356667
0
0
0.01707
0.0300367
0.02081
0.0205033
0.0165433
0.04546
0.0101067
0.04658
0.0207267
0
0
0
0
0.000126667
0.00404667
0.0259633
0.0119
0
0.0354733
0
0.0162367
0
0
0.000183333
0.00027
0.00583667
0.03418
0
0
0.00181333
0.0148367
0
0.00146667
0.000426667
0.000336667
0.0200133
0.0348667
0.0430533
0.00938333
0.04532
0.02686
0.00257
0.209043
0.06663
0.0185567
0.00571667
0.357847
0.0331867
0.0242267
0.0618433
0.00109667
0.0257867
0
0
0.0431533
0.00664667
0.0134167
0.0026
0.0205967
0.05068
0
0
0.0294667
0.0749167
0.00441333
0.00947333
0.00112667
0
0
0.02944
0.0477933
0.0472333
0.03319
0
0
0
0.0207267
0
0.00754667
0.614007
0
0.261657
0.00077
0.0075
0.0296967
0.02668
0.0358133
0.00407
0
0
0
0
0
0.163413
0.0583
0
0
0
0.0282533
0
0.00952667
7.33333e-05
0
0.03345
0.00521333
0.0577633
0
0.01292
0.0238833
0.02044
0
0
0.02086
0.00094
0.0380567
0
0.00118333
0.000386667
0.0428067
0
0
0.0237833
0.00124667
0.00177333
0.00368
0.02999
0.00652667
0.0148567
0.00812
0.0251567
0.03305
0.126647
0.0102467
0.0144933
0
0.000173333
0.00419333
0.000646667
0.00231333
0.01585
0
8.33333e-05
0
0.06587
0.01184
0
0.0201833
0
0.00114333
0.01966
0
0
0.00793333
0.00167
0.01695
0.03435
0
0
0.02012
0.108263
0.12786
0.015
0.0154
0.00963667
0
0.0253167
0.00413667
0.166213
0
0
0.02834
0.00018
0.0359467
0.04577
0.01312
0.03766
0.04018
0.00140667
0.000116667
0.0241267
0.01474
0.00576333
0.0211233
0.00626667
0.0274967
0.07652
0.0161867
0.01544
0.0259867
0.0067
0
0
0.01005
0.0238967
0.0140067
0.00819333
0.0119033
0
0
0.02099
0.04955
0.03554
0.04906
0
0.0550733
0.000206667
0.00368667
0
0.03655
0.00322333
0.0317467
0.100173
0.05322
0.0552267
0.0246233
0.0856367
0.20768
0.165863
0
0.00147
0.00128667
0.00300333
0.0369733
0.04693
0.08371
0.0366367
0.0378367
0.0848333
0.00387333
0
0.00264
0.00142
0
0.00115333
0.00143
0.00164
0.00680667
0
0.00475667
0.00363
0.00241
0.0160567
0.00033
0.00123333
0.00844667
0
7.33333e-05
0.00044
0.0237067
0.0355633
0
8.66667e-05
0.01431
0.0107233
0.00572
0
0.0120367
0.0208867
0.0128267
0.0676
0.0503467
0.0206833
0.0535467
0.0209967
0
0.000186667
0.0414233
0.00747333
0.0264133
0.00589
0.0108033
0.0425667
0.0454967
0.02536
0.02292
0.01234
0.0725333
0
0.08016
0
0.00264333
0.02427
0.00662
0.0407433
0.023
0.0734833
0.0425967
0.00920667
0.0327733
0.0270933
0.00714333
0.00370667
0.03143
0.00501667
0.00255333
0.00146
0
0.00015
0.00457333
0.0124833
0.00017
0.0162333
0
0.0357967
0.00118667
0.0335033
0.000903333
0.0350067
0
0.0228267
0
0.03904
0.0157333
0
0.00012
0.04111
0.00346
0.00445667
0.00731333
0.0149
0.0473133
0.000436667
0.23334
0.0287767
0.00858333
0.000613333
0.00016
0
0.00355667
0.0203067
0
0.0005
0.0209033
0.00673667
0.00493
0.0222567
0.0391733
0.0312267
0.0249633
0.0258733
0.0135567
0.02138
0.00598667
0
0.02442
0.03208
0.00617667
0.0576833
0.0007
0
0.00168
0.0657333
0.0219
0.03631
0.0174133
0.00504333
0.00807667
0.06433
0.02232
0.0218967
0.00207667
0.0154067
0
0.0168333
0.0286267
0.00443
0.00649667
0.00594667
0.000986667
0
0
0
0.0165333
0
0
0
0.00579
8.33333e-05
9.66667e-05
0.0472867
0.02947
0.0203467
0.00829667
0.02887
0.00291667
0.000553333
0.000356667
0.0665233
0.06653
0.00038
0.0187333
0.02449
0.0342533
0.11977
0.0836267
0.00643333
0
0.000736667
0.06298
0.146267
0.00194667
0.00129333
0.0111233
0.00768
0.0420867
0.00142333
0.02058
0
0.03811
0.00221
0.00104667
0.01903
0.0021
0.0415367
0
0.0201833
0
0
0.0281033
0
0.00013
0.0104733
0.03054
0.03208
0.01426
0
0.0232367
0.000616667
0
0.0781967
0.439583
0.00159333
0.0468433
0.00180333
0.00367
0.000633333
0.000123333
0.0661467
0.01418
0.0403233
0
0.0189733
0.00332333
0.000203333
0
0
0.000363333
0.00323667
0.00999
0.000986667
0.00610333
0.0450533
0.00372667
0.01729
0.0282467
0.0280633
0.0006
0.0215567
0
0.00235
0.09635
0
0
0.00343
0.0281567
0.0139867
0.0212567
0.0231533
0.0163133
8e-05
0.0135933
0.00492333
0
0
0
0
0
0.0142533
0.0146967
0.00526333
0
0.150143
0.02902
0.00023
0.00812
0.0396767
0.000673333
0.0133433
0.00256
0.000423333
0.00587
0.02872
0
0.274897
8.33333e-05
0.0446467
0
0.00650667
0.0703633
0.0342133
0.01101
0
0.00146667
0.01679
0.0247367
0.0184133
0.00683333
0.0121367
0.00553667
0
0.00813333
0.0464067
0.0198467
0.0761767
0.05821
0.00183667
0
0.0302333
0.0168767
0.02004
7e-05
0.0659067
0.0246833
0.0507767
0.00373
0.06406
0.000393333
0.00298
0.000826667
0.00015
0.00355333
0.00381
0.02994
0.10744
0.00765333
0.00795
0.00728667
0.03742
0.31781
0.0286833
0.03129
0.480737
0.127563
0.0228633
0.00561333
0.00695667
0.03367
0.00546333
0.04431
0.0344533
0.00580333
0.000753333
0.0657133
0.07726
0.0257433
0.01927
0.00883667
0.00903
0.08974
0.0704467
0.0529967
0.0122133
0.0930667
0.0147933
0.103887
0.267833
0
0.0124967
0.0223633
0.242553
0.00775
0.03368
0.0216167
0.0238967
0.00396
0.0625
0.00151333
0.0380267
0.03271
0.0116267
0.0252
0.00616667
0.02609
0.00688
0
0.00434
0
0.03987
0.000406667
0.00365
0
0
0
0.00027
0.0615067
0.02774
0.000266667
0.0111333
0
0.00459333
0.05569
0.0264833
0.0299167
0.0148567
0.000186667
0
0
0.0427467
0.00708333
0.000146667
0.0381533
0.00217667
0.07332
0
0.04365
0
0.0511133
0
0.01827
0
0.00105333
0.00680333
0.0146667
0.02366
0.000833333
0.03339
0.00112
0.00543
0.00036
0.00353333
0.00627333
0
0.0163467
0.00431
0
0
0.0192667
0.00224667
0.0431533
0.00230667
0.00766667
0.0198867
0.00456333
0.01533
0.000356667
0.14041
0
0
0.00046
0
0.0295167
0
0.000473333
0
0.00112
0.0001
0.00254
0.00026
0.0205367
0.00329
0
0.0255433
0.00889
0.0314833
0
0.0360633
0.000876667
0
0.00183667
0
0.0360133
0
0.0193533
0
0.0358467
0.00809667
0.00019
0.00222333
0
0
0.0372933
0
0.0256533
0.00021
0.0573833
0.0240933
8.33333e-05
0
0.016
0.00193333
0.41215
0.35574
0.00235
0
0
0.0170533
0.000196667
0.01523
0.00909667
0.0484833
0
0.021
0.00965333
0.0334
0.08226
0.0198033
0
0.000143333
0.003
0.000886667
0
0
0
0.00131667
0
0
0.00176667
0
0.08466
0.133503
0.305323
0.376623
0.0483233
8e-05
0.00967
0.228323
0.02953
0.0763433
0.351567
0.0148467
0.00335667
0.00581
0.0120267
0.01036
0.02073
0.00033
9e-05
0.00211333
0
0.000273333
0
0.000893333
0
0
6.66667e-05
0.0405767
9.66667e-05
0.0222233
0.0125533
0.01021
0
0.0454833
0
0.04216
0.01475
0.00266667
0
0
0
0
0.00014
0.0385933
0.00107667
0.00012
0.000476667
0
0
0
0
0
0.0138467
0.000356667
0
0
0
0.0336767
0
0.03494
0
0.000473333
0
0
0
0.00406667
0
0.0417467
0.00363333
0.0132333
0.0147933
0.0043
0.07012
0.0192
0
0.0345633
0.00290667
0.11094
0.0221967
0.0146867
0.0202633
0.00888667
0.000846667
0
0.00399667
0.02861
0.0109767
0
0.0324833
0.03575
0
0.00035
0
0.0183033
7e-05
0.00264
0
7.66667e-05
0.000186667
0.0145267
0.00996
0.00632667
0.000753333
0
0.03122
0
0
0
0
0.0110467
0.0056
0.00207667
0
0.00021
0.0159667
0.00021
0.03968
0.110997
0.0275333
0.0286767
0.0458033
0.09405
0
0.0125
0
0.00967667
0.00172333
0
0.00011
0.00350333
0.29443
0
0
0.00587
0.0584633
0.0781267
0.01412
0.00872333
0.0338867
0
0.000706667
0.0221467
0.000706667
0
0.000353333
0
0
0.00099
0
0.0101033
0.00156
0
0.00103
0.0149967
0
0
0.0908833
0.03808
0.05886
0.0004
0.00998
7.33333e-05
0.03413
0.00085
0.00169
0.000903333
0.0591367
0.0159633
0.00143667
0.0156533
0.03575
0.01003
0.00603667
0.00045
0.000536667
0.0305267
0.04012
0.0789633
0.0493667
0.0120767
0.02278
0.00937667
0.0571233
0
0.0660167
0
0.0153233
0.0224633
0.000143333
0.0218233
0.000143333
0.00544333
0
0
0.00177
0.01644
0.01985
0.00391333
0.111993
0.00366667
0.0198767
0.00475333
0.00304667
0
0.00458
0.0247067
0.00886667
0
0
0
0.02134
0.00490333
0
0.00271
0
0.00159
0
0.0242333
0.00126667
0.00470667
0.0490867
0.03442
0.02381
0.00586
0.00100667
0.00119333
0
0
0.00831333
0
0.0306633
0.00748333
0.000856667
0.00110667
0.00510333
0
0.00168
0.0964967
0.00265333
0.0265367
0.00137333
0
9.66667e-05
0
0.00033
0.02855
0.0333033
0.0360267
0.0222767
0.155987
0.03141
0.0326433
0
0
0.0248633
0.0001
0.00600667
0.0217267
0.0462667
0.00691
0.0295
0
0
0
0.00215333
0.0107167
0.00051
0.0051
0.02542
0.00035
0.00181
0
0.00157667
0.000216667
0.00974333
0.00099
0.00192667
0.00399667
0.03617
0.00721
0.00504667
0.00771333
0
0
0.00252667
0
0.235307
0.0311467
0.0321067
0.0248267
0.0135567
0.00400667
0.0162967
0.00240333
0.00132667
0.00681333
0.00012
0.247617
0.0453933
0.0331333
0.00012
0
0
0.0572
0.0266667
0.0256667
0.0332267
0.0345667
0.0736333
0.0720467
0.00094
0.01398
0.01359
0
0.0263267
0.0105167
0.0271033
0
0.0154433
0
0
0.00034
0.00258333
0
0.0271667
0.07141
0.000116667
0.00680667
0.0228133
0.01835
0.0224367
0.01158
0.0267033
0.00056
0.00586
0.000363333
0.0152867
0.0113233
0
0.0239367
0.00224
0.000436667
0.00469333
0.00390333
0.00701667
0.17467
0.0422367
0.00613333
0.00066
0.00344333
0.0143167
0.02501
0
0.0333633
0.446943
0.000116667
0
0.33681
0.0776633
0.00518333
0.00417
0.02291
0
0.0258533
0.000183333
0
0
0
0
0.000263333
0
0.0675833
0.00528667
0
0.0001
0
0.00277667
0.00497333
0
0.00256333
0.00188333
0.00659
0.06445
0.0271033
0.0122433
0.00516667
0.00755
0.00382333
0.0170967
0.04178
0
0
0.00335
0.0129167
0.01414
0.172623
0.0370433
0.02884
0.0133167
0.00250333
0.02002
0.0203133
0.00823333
0
0
0
0
0
0.00864333
0.000176667
0.0371333
0.03347
0
0
0
0.00300333
0
0.01094
0.0132433
0.0122633
0.000336667
0.00467333
0.00598667
0.0285733
0.0840467
0.0239233
0.06057
0.00396333
0.00545
0.0101733
0.00269667
0.0111067
0
0.0270333
0.0192833
0.00385667
0
0.0183967
0.08598
0.00743667
0.00479667
0.0148333
0.00648
0.00643333
0
0
0
0.01426
0.00015
0.02718
0.01804
0.00331667
0.00215333
0.224753
0.00128
0
0.00243333
0.000893333
0.00509333
0.01936
0.0519467
0.00279
0.00868667
0.00124333
0.0325967
0
0.000586667
0.08575
0
0.00480333
0.0380233
0.0316767
0.0104467
0.02177
0.00726333
0.0286233
0.12381
0.0321667
0.00127333
0
0.00876667
0.01275
0
0.00154
0.00853
0.0246633
0.00949
0.00675333
0
0.00409333
0.00278667
0.00514333
0.0145167
0.00283333
0.00017
0
0.0375567
0.0359533
0.00492
0.00208667
0.0157367
0.00106333
0
0.00238333
0
0.0292933
0.00038
0.00965667
0.0966233
0.000616667
0.00832667
0.0997033
7.33333e-05
0.0384433
0.0227867
0.0404567
0.02099
0.02331
0.08298
0.01157
0
0.00706667
0.00454667
0
0.0989667
0.000696667
0
0
0.0746367
0.0204167
0.02873
0
0.02753
0
0.0127233
0
0.000293333
0.02462
0
0.000576667
0.0139267
0.00135333
0.0110533
0.00201
0
0.00391333
0.0001
0.00150667
0.00202
0
0.00632333
0.00194667
0.00093
0.0114767
0.03052
0.0294
0.0283333
0.01555
0.0277433
0.00013
0.00799667
0.0393067
0
0.03222
0.00454
0.0103667
0.09546
0.0316433
0
0.00485667
0.0235167
0.00056
0
0.00899333
0.0825633
0.00691
0.0443833
0
0.0166267
0.167833
0.152153
0.24081
0.000236667
0
0.04532
0.02585
0.129017
0
0
0
0.000166667
0
0
0
0.00064
0.00292
0.0228633
0.0291133
0
0.0973367
0.02167
0.01963
0.00595333
0.0112567
0.0603167
0.00948
0.00669
0
0.0241933
0
0.00848
0.0256833
0.0219967
0.00657
0.00885333
0.06438
0.04681
0.0044
0.03138
0.00846333
0.00552
0.02754
0.01842
0
0.185353
0
7e-05
9.33333e-05
0.0381633
0.0504533
0.00450333
0.0700233
0
0.000903333
0.00763333
0.00423
0.000123333
0.000116667
0.0217267
0.00800667
0.000123333
0.00128333
0
0.00026
0
0
0.00408667
0.0309567
0.000863333
0.00335333
0.00570667
0.0001
0.196497
0.12786
0.00655
0.00984333
0.0410067
0.00171333
0.00518
0
0.0507867
0.00716333
0.00769667
0.000946667
0.0391433
0.04367
0
0.0327133
0.00337333
0.00620333
0.000686667
0.000146667
0
0.01931
0.000696667
0.000136667
0.05278
0
0
0.0140867
0.0339667
0
0.0151167
0.000946667
0.00651333
0.0250667
0.00452
0.0144333
0.469457
0.00744333
0.39675
0.00014
0.0299033
0.000616667
0.206193
0.2093
0
0.0399733
0.0454733
0
0.00128667
0.0884
0.000766667
0
0
0.0110233
0
0
0
0
0.0127967
0.000476667
0.02962
0.00307667
0.223143
0
0.000433333
0.00275333
0.0259667
0.00209333
0
0.00029
0.105203
0.000373333
0.0859833
0.101793
0.0799
0.00560667
0.00434333
0.00233
0.0293233
0.06519
0.0219233
0
0.000746667
0.000323333
0.0842533
0
0.356593
0.0286333
0.00826667
0.0244
0
0.0253967
0
0.0281
0
0.00211333
0.0130633
0
0.0505533
0.0555467
0.00272333
0.02561
0.0731067
7.33333e-05
0.00402667
0
0
0.0157967
0.01735
0.0166
0.01927
8.33333e-05
0.0374133
0.0741933
0.0254
0.00378333
0
0.0345933
0
0
0
0
0
0.0182167
0.00143
0.00244333
0.00226667
0.000846667
0.0113733
0
0.01911
0
0.02126
0.00970333
0
0.00336333
0.02688
0.0125367
0.00111
0.00149
0.00532333
0.0267267
0.00032
0
0
0.00741333
0
0
0
0.02131
0.0223167
0.02648
0.0307
0.0421433
0.0244933
0.0439433
0
0
0
0.00734667
0.000533333
0.00301333
0.0142133
0.00534667
0.0891533
0.00731333
0.000453333
0.05895
0.01128
0.00486
0
0.0133567
0.0204367
0.0209567
0
0.0788533
0
0.0105767
0.0128667
0.00290667
0.00267333
7e-05
0.0121
0.00229
0.0360867
0.0112867
0
0.0161533
0.00186667
0.00375333
0.000926667
0
0
0.000146667
0.000493333
0
0.00109667
0
0.0111067
0.0222167
0
0.0116433
0
0.00199667
0.000123333
0.00400667
0
0
0.00777333
7.33333e-05
0
0
0
0.00169333
0.000143333
0.000116667
0.00708667
0.00605
0.01224
0.00015
0.00111667
0.00845667
0
0
0.0351533
0.0296733
0.0955833
0
0.01259
0
0.00815667
0
0.288017
0.3237
0.00031
0.0103933
0
0.0158067
0.03227
0.0491167
0.0139567
0.04079
0.00103
0.000436667
0.01021
0.00196
7e-05
0.01181
0
0.02544
0.0158267
0.0195167
0.000116667
0.0151967
0.0270867
0.0387333
0.0555867
0.0639967
0
0.00078
0.00991333
0.0161167
0.00767667
0.00154667
0.00400667
0.0104933
0.0379567
0
0
0
0.0175433
0.00625
0.0151
0.0166433
0.0176633
0.0471167
0.0422933
0.02107
0.0146433
0.0347033
0.175973
0.00371
0
0.04727
0.0178833
0.00843667
0.0582633
0.0127833
0
0
0.02282
0
0
0.184443
0.00754333
0.00177333
0.000373333
0.04596
0.0480333
0.00461667
0.0278933
0.0454267
0.00746667
0.00213333
0
0.00062
0
0.199343
0
0.00898333
0.0288833
0.0229667
0
0
0
0
0.00011
0.0270033
0.00195
0.00137
0.0332767
0.0265667
0
0
0
0
0
0
0
0.0588467
0
0.00391
0.00601333
0.0408433
0.00136333
0
0.00986667
0.0123267
0.00616667
0.01538
0.0163
0.00735333
0.00190333
0.01433
0
0.0279133
0.01397
0.0145333
0
0
0.00208333
0.02163
0.28434
0.08941
0.000503333
0
7e-05
0.000503333
0.000856667
0.0286333
0.106723
0.00192
0
0.000346667
0.00896333
0
0.00158
0.00993
0
0.000646667
0.00069
0
8.33333e-05
0.000176667
0.000273333
0
0
0
0
0
0
0
0
0
0.0269867
0.03286
0.00626333
0.0192767
0.0357167
0.02445
0.0100333
0.00784
0.0549667
0.01126
0.00165333
0.02952
0
0.00168
0.0132267
0.0313467
0.00328333
0.00488333
0.000163333
0.00011
0
0
0.000826667
0.01833
0.000263333
0
0.000106667
0
0.0658833
0.00299333
0.0012
6.66667e-05
0.12744
0.157157
0.0236267
0.000306667
0.0236633
0.000136667
0.00441333
0.00145667
0.0075
0
0.00594
0.00288333
0.0118833
0
0.0226333
0.01612
0.01298
0.01417
0.00106333
0.0221667
0.00487667
0
0
0.00289
0.00943333
0.00192
0
0.00197667
0.0430033
0.0234267
0
0.03257
0.0150033
0.09716
0.04219
0.146203
0
0.00481667
0.00118333
0.0193867
0.00019
0.01008
0.0183467
0.0154033
0
0.00658
0.00303333
0
0.00156
0
0.0322733
0.0115733
0
0.03876
0.0557333
0.03882
0.0239267
0.01204
0.00888667
0.0377367
0.07762
0.00533333
0.00407667
0.04336
0.000916667
0.0378933
0.00291
0.000256667
0.0986433
0.02502
0
0
0
0.000116667
0
0.0336333
0.00351
0.0342867
0.02791
0.0598433
0.02826
0.00678333
0.00622
0.01996
0
9.33333e-05
0
0.00102333
0.159
0.00236667
0
0.00197333
0
0.00802667
0.000776667
0
0.0720833
0.0191433
0.0904833
0.00681
0.000446667
0.00182333
0.00643667
0.04246
0.0204333
0.00581667
0.00242
0.0277433
0.00222333
0.00334667
0.00074
0.0148267
0.08679
0.0698333
0.0634967
0.0565567
0
0.0359267
0.00811
0
0.0116933
0.02031
0.0415867
0.01117
0.0188567
0.000193333
0.0206067
0
0
0
0.03313
0
0.06479
0
0
0
9.66667e-05
9.66667e-05
0.0362
0.00478
0.01118
0
0
0.000213333
0
0.105307
0
0.181647
0.00293667
0.212293
0.0365067
0.0106533
0.0281233
0.0143967
0.09384
0.0445567
0.0404933
0
0
0.0262067
0.01439
0
0
0
0.04221
0.00879667
0.0177533
0.0100067
0.03589
0.110633
0.04929
0
0.0254267
0.11159
0.12197
0
0
0.00633
0.03916
0.0770833
0.00681333
0.02577
0.107767
0.00524333
0
0.03053
8.66667e-05
0.00768
0.0143567
0.04008
0.0311433
0.0276867
0.00454333
0.05895
0.0143267
0.0346433
0.000923333
0
0.0482233
0.00017
0.0518533
0.406907
0
0
0.0135
0
0.000183333
0.0225467
0.02732
0.00684
0.04323
0.0215433
0.0106867
0.0105767
0.0218133
0.00129
0
0.02711
0.000463333
0.0431433
0
0.0150367
0.0127333
0.00435333
0.0189533
0.00236333
0.0159233
0
0.000186667
0.0243267
0
0.01899
0
0.00144667
0.00434
7.33333e-05
0.0254333
0.01369
0.000633333
0
0.0128333
0.0282167
0.0359233
0.0281267
9.66667e-05
0.01405
0
0.01887
0.0102233
0.00291
0.04999
0.0269
0
0
0.00169333
0.000976667
0.02447
0
0
0
0
0.01749
0.00340667
0.23467
0.322613
0.000503333
0.0201667
0.000873333
0.00019
0.01929
0.00201333
0
0.000983333
0
0.00220667
0.00199333
0.00735333
0.00488
0
7.66667e-05
0.00066
0.0561533
0.00336667
0.000753333
0.0223733
0
0.03126
0.0624233
0.0369867
0.0504767
0.01497
0.0301167
0.16459
0.0320967
0.0137533
0.00685
0.01595
0
0.000423333
0
0.000183333
0.00294667
0
0.03411
0.00598
0.000276667
0.000523333
0.0306133
0.00153
0
0
0.000613333
0
0.00663
0.107673
0.366633
0.0203433
0.00238
0
0.00151
0.00114
0.00288333
0.0263333
0
0
0
0.00403333
0.00907667
8.33333e-05
0.00128
0.00302667
0
0.00109667
0.00788333
0.00139
0
0
0.0162133
0.01632
0.00587333
0.00877333
0.00982333
0.0147033
0.0287467
0.20578
0.0432867
0.00127
0.0013
0.01099
0.00951
0.01871
0.0178333
0.00395667
0.00654
0.03233
0
0
0
0.000813333
0.0341633
0
0.02464
0.01374
0
0.000126667
0.00102667
0.0503533
0.00324667
0.00388333
0.00389
0.0273433
0.00064
0
0.01094
0.00399333
0
0
0
0.00999667
0.0181567
0.000436667
0
0.0132933
0.00053
0.00471667
0
0.0225067
0.0204167
0.1173
0.0407233
0.00273
0.00975667
0.0374133
0
0.00909667
0
0.0406533
0
0.00202333
0.00234667
0.216477
0.00740667
0.02557
0.139613
0.0158867
0
0
0.07888
0.0433467
0.00679
0.0506767
0.0461967
0.00852667
0.000193333
0.0425867
0.0198067
0
0
0.0018
0.0128133
0.0359967
0.02441
0.00249667
0.0161167
0
0.00597
0
8e-05
0.00687
0.0167067
0.00705667
0.0334933
0
0.00343333
0.000543333
0
0.0352967
0
0
0
0
0.00228333
7e-05
0.0116267
0
0.0310633
0
0.01146
0.00677667
0.00536333
0.0253233
0.000873333
0
0
0
0.00205333
0
0
0
0.02096
0
0.00017
0.03899
0
0.0228033
0
0.0112633
0.0405033
0.00172667
7e-05
0.0579167
0.00568667
0.161973
0.00236333
0
0.0103467
0.00012
0.00023
0.00021
0.00349
0.01858
0.02138
0.00443667
0.00884
0.00012
0.00113667
0
0
0
0
0.0375667
0
0.000513333
0.00172333
0.01333
0.00335333
0.0127833
0.01659
0.00609667
0.0157867
0.0245467
0
0.0416533
0.0285233
0.000736667
0.01436
0.0226467
0.02758
0.00274667
0.0138
0.0201367
0.00558667
0
0
0
0.0316367
0.00355333
0.00653333
0.0104333
0.0138267
0.00638333
0.00474
0.0240867
0.0492533
0.0224633
0
0.0419567
0.01526
0
0
0
0
0.0023
0.01476
0.0307433
0
0.00996
0.00248667
0
0.00129
0.00901667
0.0107767
0.00511333
0.0278233
0.04939
0
0.00152667
0
9e-05
0.000453333
0.00511333
0.00627
0.0224333
0.0307533
0.04912
0.000196667
0.0360767
0.02859
0
0
0.000893333
0.0237667
0.00439667
0.0031
0.0348167
0.0413967
0.00613667
0.0126033
0.0140433
0.0270367
0.0101867
0.01373
0.01269
0.01836
0.01125
0.00861333
0.00322667
0.00219333
0
0.0326933
0.00251667
0
0
0
0.0160467
0.0399933
0.01309
0.0211367
0.0354267
0.00316333
0.0038
8.33333e-05
0.0108433
0.000653333
9.33333e-05
0.00394333
0.0223433
0.00201333
0.00209667
0
0.00501
0.00543333
0.00017
0
0.00840667
0
0.00049
0.000136667
0
0
0.00430333
0
0.0143133
0
0
0
0.000416667
0.00643
0.00012
0.00597
0.00455667
0.00154
0.01893
0.01414
0.000746667
0.000363333
0
0.00715667
0.000113333
0.00330333
0.00667333
0
0
0.00882333
0.000386667
0.03498
0.0365833
0.0363133
0.000536667
0.04768
0.00991333
9e-05
0
0.00666
0.0300967
0
0
0.0297867
0.01496
0.0539567
0.0184967
0.0120367
7.66667e-05
0.01515
0.0246733
0.000403333
0.04461
0.00544
0.0172667
0.0119
0.00450333
0.0280233
0.00353333
0.0191567
0.000906667
0.00401667
0.000513333
0
0
0
0.0119433
0
0.0385633
0
0.0332033
0.01158
0.0147233
0.0032
0
0.0203433
0
0.0119967
0.0297933
0.0203567
0
0
0.01953
0.01986
0.000893333
0.0141367
0.00903
0
0.000133333
0
0.00168
0.00107
0.00175333
0.02341
0.0415533
0.08967
0.000223333
0.0407667
0.00322
0.0321833
0.05819
0.0219033
0.0229367
0
0.06632
0.000213333
0.01406
0
0
0.00251333
0.01001
0
0
0.0344233
0.0349
0.0252267
0.00087
0.00017
0.0297333
0.00369333
0
0.00115333
7.66667e-05
0.06857
0.01301
0.000986667
0.02739
0.00446667
0.00883
0.00635667
7.33333e-05
0.000206667
7e-05
0.00377333
0.000123333
0.0145067
0.112727
0.00199333
0.0258567
0.0286033
0.01231
0.01495
0.01597
0.0127033
0
0.00318667
0.00675333
0
0.031
0
0.00280333
0.0298367
0
0.0828067
0.0107
0.0208067
0
0.00159
0.00159
0.0186233
0.00351
0.00606
0.00524
0.00058
0.00361333
0.00732
0.0267033
0.0135533
0.00910667
0.00443667
0.000726667
0.000366667
0.0119233
0.0177333
0
0.0145167
0.05241
0.00514333
0.00716
0.00144
0.0146067
0.0396267
0.0286133
0
0
0.00181333
0
0.00240333
0.0300233
0
0.0169833
0.00621667
0.0193033
0.0166767
0
0.00035
0
0.00325333
0
0
0
0.0148667
0.00016
0.00464
0.0251267
0.0266367
0.0254367
0
0.00396667
0.01057
0.0261633
0.00417
0.0248733
0.0490967
0
0
0
0.00485
0.00870667
0.000696667
0.04868
0.00023
0.000483333
0.0673467
0.03877
0.01018
0.00317
0.0331267
0.02537
0.01932
0.0109233
0
0.00918
0.0219367
0
0
0
0
0
0.000843333
0.0149667
0.0118367
0.0126567
0.00498667
0.0058
0.0365267
0.00455
0.03926
0
0.04006
0
0.01421
0.0112133
0
0
0.05808
0.00169333
0.04423
0
0
0.00735
0
0.0109933
0.00476
0
0.0108467
0.00014
0
0
0.0120867
0
0.000146667
0
0.0499767
0.0838133
0.08501
0
0.0424733
0.0478433
0.00787
0.02101
0.00346333
0.00149667
0.00148667
0.0364233
0.0126933
0.01844
0.01732
0.00352
0.0143467
0.0355633
0.00669
0.0403
0.0255633
0.02372
0.0269133
0.02576
0.0117233
0
0.00242667
0.000253333
0.00613
0
0.00186333
0.00575333
0
0.0206567
0.00132333
0.05285
0.05645
0
0.0247833
0.00394
0
0.00770333
0
0.0285133
0.00019
0
0.0130467
0.26065
0.0546633
0.00269333
0.05748
0.00099
0
0.00026
0
0.00058
0.32412
0.112393
0.0402533
0.0344133
0.000286667
0.00012
0
0
0.0278667
0.000373333
0
0.0131133
0.00489667
0.221547
0
0.00930333
0.00385333
0.0133133
0.0290033
0.02935
0.000173333
0
0
0
0
0
0
0.00246
0
0.00529333
0
0.0148333
7.33333e-05
0
0
0.00173667
0.00576667
0.00078
0.00078
0.00357
0.0361567
0
0
0
0.01439
0
0
0
0
0
0.0203467
0
0.00659667
0.0126533
0.0207667
0.03215
0.02881
0.0335633
0
0.00035
0.00609667
0.00345
0.00400667
0
0.000366667
0.101993
0.11422
0.0127867
0
0
0
0
0
0.01946
0.0277667
0
0
0
0.0395867
0.397243
0.0512933
0.05247
0.000173333
7.66667e-05
0
0.03714
0.00468333
0
0.00787333
0.0194867
0
0.02085
0.0207833
0.000223333
0
0.0134933
0
0.02076
0.0172867
0.118113
0.0489533
0
0
0.00583667
0
0
0
0.00127
0.00453333
0.00123
0.0252267
0.03543
0
0.01816
0.00573333
0.0127567
0.0419467
0.0162733
0.00832333
0.0022
0
0
0
0.00170667
0
0.00102333
0
0.00462333
0.0276733
0.00361667
0.0256467
0.00604667
9.66667e-05
0
0
0
0
0
0.00026
0.03126
0
0.01375
0.02909
0.00233667
0.02869
0.00201333
0
0.0164167
0.00594667
0.000116667
0.0505967
0
0.00214667
0.0375667
0.0895767
0
0
0.0131233
0.02139
0.000453333
0.00316
0.01219
0.01858
0
0.00405
0.00033
0.00388333
0.00295
0.0607367
0
0
0.00300667
0.0296867
0.01308
0
0.000246667
0.00124333
0.02544
0.0264567
0.0126133
0.679617
0.254967
0.00351333
0.0104867
0.0118067
0.00389333
0.0258667
0.02937
0.00227333
0
0
0
0.0527633
0
9e-05
0
0.00523667
0.00463
0.0308733
0.000873333
0
0.01288
0.02086
0.000573333
0.00899667
0.11165
0.00385667
0.0244233
0.0211633
0
0
0.00745333
0.00342667
0.000216667
0.02189
0.00341333
0.00285333
0.02971
0.304943
0
0.000246667
0.00184667
0.000523333
0.03094
0
0
7.33333e-05
0.0127533
0.03403
0.0223667
0.0450367
0.136373
0.0213467
0.0475167
0.07278
0.01935
0.0454233
0.05332
0.05554
0.0298267
0.0389
0.03187
0.0129333
0
0.00224667
0.380063
0.0176967
0.00017
0.00156667
0.00394
0.00118667
0.0106367
9.66667e-05
0
0.00015
0.000796667
0.000273333
0
0
0.00342333
0.00358667
0
0
0
0.0134767
0.0328033
0.0964467
0.00437333
0.0129167
0
0.03826
0
0.000213333
0.00170333
0.03014
0.0301767
0
0.000846667
0.0133167
0.204187
0.00429333
0.00303667
0.01596
0.379037
0
0.0718367
0.0179467
0
0.0397767
0.0284933
0.000663333
0
0.0560867
0
0
0.00372667
0.00104667
0.00265667
0.000603333
0.00048
0
0.00285
0
0
0.01593
0.000473333
0.0484133
0
0.02618
0.0116167
0.03139
0.0375967
0.000816667
0
0
0.0213167
0
0.00059
0.0174667
0.0068
0
0.0343267
0.0161633
0.0372567
0.00761333
0
0.04788
0
0
0.00106
0.00892333
0.0675333
0.187187
0.00414
0.000406667
0.0227033
0.00115333
0
0.00548333
0.00129
0.00083
0
0
0
0.00410667
0.0268367
0.0003
0.0542067
0
0.02304
0.0135367
0.00832
0.0411333
0.02356
0.0204233
0.0368967
0
0.0107667
0.0401067
0.0236267
0.06297
0.0127967
0.0120567
0.05941
0.0347367
0.0707767
0.00749
0
0.00033
0.04789
0.0283167
0
0
0.0143833
0.01069
0.0536167
0.00678667
0.0291167
0.000976667
0.0323667
0.0238033
0.00730333
0.00674
0.00764333
0.00698667
0.0337667
0.01416
0.00283333
0.0187633
0.0365667
0
0
0.00461
0.00306333
0.01352
0
0.04214
0.00200333
0
0.0104933
0.00235
0
0.00456
0.00629667
0.01775
0.11727
0
0
0.00595333
0
0.00531333
0.00017
0.00551
0.00751333
0.002
0.01722
0.08439
0.0182433
0.0217567
0.02382
0.00795
0.00086
0.00232333
0.00859333
0.0128833
0.00084
0.00246
0
0.0198933
0.000823333
0.0015
0
0.0220033
0.02814
0.0498933
0.02138
0.05911
0.00159
0.00197
0.03234
0.0244567
0
0.00399
0.00947333
0.02653
0
0.06927
0.000116667
0.0208433
0.02711
0.00015
0.0350167
0.0378433
0.000546667
0.0403933
0.0012
0.00124333
0.0306667
0.00055
0.02574
0
0.0172867
9.33333e-05
0.00320667
0.0133833
0.0152867
0.0529567
0
0.0474433
0
0.0138767
0.207407
0.00274333
0
0.0111433
0.0274333
0.00800333
0.00654
0
0.0780467
0.00625667
0.00019
0
0.02495
7e-05
0
0
0.0548867
0.0733267
0.00204667
0
0
0.00334667
0
0.00125
0
0.0160267
0.04965
0.00844333
0.00755
0
0
0.000856667
0.0506267
0
0
0
0
0
0.00274
0.02413
0.0173
0
0.000113333
0
0.00340333
0.0365133
0.00620667
0
0.00551
0.0226033
0.00978333
0.0314633
0.000126667
0.05332
0.00495667
0
0.000973333
0.00783667
0.0245867
0.000976667
0.00499667
0
0.00444667
0.000116667
0
0
0.0332733
0.00880667
0.0475067
0.00889667
0
0.06558
0.0110133
0.0115667
0.00421
0.04226
0.0338067
0.00632333
0.0003
7.66667e-05
0
0
0.01363
0.00104
0.0171033
0.03001
8e-05
0.02649
0
0.04322
0.0574
0.00312333
0
0.000526667
0
0
0
0.000143333
0.0348733
0.000796667
0.00106333
0.00360667
0
0.000506667
0.0012
0.00161333
0.01483
0
0.02494
0
0
0.0165667
0.00052
0
0
0
0.00892
0.0647733
0.00531667
0.01031
0.328883
0.03551
0.0156833
0.03663
0.0408933
0.0630733
0.0424533
0.000143333
0.0697567
0
0.02164
0.0343133
0
0
0
0.00695
0.00284667
0.01332
0.00449667
0.000296667
0.0224733
0.0864967
0.00127667
0.08315
0.00690333
0.0919867
0.00107333
0.0105
0.0743833
0.00064
0
0
0.00643333
0
0.00903667
0.00245667
0.000216667
0
0.00023
0.0106633
0.000653333
0
0
0
0.00212333
0.0463133
0.0407633
0.0452167
0.0144433
0.385387
0.00621
0.00896
7e-05
0.01306
0.000833333
0.00436667
0
7.33333e-05
0
0.01333
0.0189633
0.0321967
0.03552
0.00815
0
0.000336667
0.00842333
0.000446667
0.00108
0
0.000736667
0.02698
0.0214533
0
0.000326667
0
0.00307
0.000173333
0
0.00990667
0
0
0.00184667
0
0
0.00037
0.100553
0.12192
0
0.04043
0.0465233
0.03667
0.00358333
0.0120433
0.01187
0.0240367
0
0
0.0438767
0
0
0.00145
0.03465
8.33333e-05
0.03148
0.0232533
0
0.00195
0
0
0
0.0230133
0.03187
0.00162
0.0314567
0.000113333
0
0.0225333
0.00337333
0.0275633
0.000123333
0.000503333
0.0501833
0.00408667
0.000506667
0.00125
0.02775
0.00113667
0.0413967
0.09617
0.235397
0.0140667
8.33333e-05
0.0286433
0.0250067
0.00588333
0
0
0.00158333
0.00459333
0.00671333
0
0.00046
0.0130433
0.00175333
0
0
0.35336
0.0125433
0.0183667
0.0300067
0
0.0327633
0.0104367
0.152197
0.286787
0.00464
0.00385
0.00133667
0.0251133
0.0160767
0.00150667
0.03165
0
0.0181967
0.01312
0.00517333
0.0211367
0.0104733
0
0.0213733
0.00541667
0.0166633
0.05869
0.00719667
0
0.05924
0.00058
0.01099
0.0174033
0.00183333
0.00793333
0.00401333
0.000773333
0
0.0257733
0.00064
0.0195833
0.0245267
0.0223867
0.00442
0.0151033
0.104973
0.00103
0
0.0547933
0.000183333
0
0
0.00303333
0.000166667
0.0102867
0.0240067
0.01639
0.01447
0.000453333
0.0333433
0.0146933
0.0266533
0.0302533
0.0149433
0.000383333
0.0547733
0
0
0.00622667
0
0.04696
0.141093
0
0
0.0934067
0.00198
0.00768333
0
0
0
0.01893
0
8e-05
0.249333
0.139713
0.06238
0.298893
0.00651667
0.0258
0.00626667
0.0101733
0
0.0171733
0.0532467
0.00416333
0
0
0.00834
0.01431
0.17466
0.381067
0.0301667
0.0014
0.00190667
0.0206533
0.1539
0.0883633
0.01905
0
0.00037
0.01789
0.00780667
0.0128167
0.01893
0
0
0
0.01059
0.00109
0.00608
0.00622333
0.00223
0.0113767
0
0.0005
0.000283333
0.00387667
0.03348
0.00143667
0
0
0.00127333
0.00139667
0.0261333
0.200397
0.00377333
0.0201233
0.0966167
0.00483333
0.0438733
0.00231333
0.00664333
0
0.106327
0.00795333
0.0301633
0.0157467
0.00733
0.00278333
0.0400933
0.00237
0.00248
0.0237567
0.03208
0.0443233
0
0.000336667
0.01462
0
0.00864667
0.00543333
0.0214167
0.0110133
0.00341333
0.00328333
0.0343767
0.00860333
0.00540333
0.140013
0.04076
0.00968667
0.0152733
0.00078
0.0131667
0.00093
0.00129667
0.00951
0.00099
0.02425
0.00103667
0.000973333
0.00147
0.00212333
0.0145133
0.03115
0
0.000153333
0.00264
0.00238667
0.00721
0.00634333
0
0
0.02515
0
0
0
0.0288667
0.0270767
0.01899
0.02917
0.390153
0.00947333
0.12024
0.0673367
0.0209267
0.0896833
0
0.0131767
0.01462
0.0279567
0.000326667
0
0
9.33333e-05
0.021
0.000296667
0
0.02085
0
0.000923333
0.000146667
0.0004
0.02995
0
0.03002
7e-05
0.0258733
0.000313333
0.000113333
0
0.0115833
0.0401367
0.00168667
0.00838
0.00089
0.03402
0.0209667
0.00306
0.000146667
0.0165867
0.0368767
0
0.0164733
0
0.00024
0.00082
0.000336667
0
0.0241633
0.01135
0
0.01166
0.00704667
0.00763333
0
0.00161333
0
0
0.00126333
0
9.33333e-05
0.0238933
0
0.142377
0.214713
0
0.0128167
0.276927
0.0840033
8.33333e-05
0.00619
0.00149333
0.0332567
0.0388733
0
0.00467
0.0274367
0
0
0
0
0
0.000866667
0.00173
0.0122167
0.00197667
0.00145333
0
0
0.0277667
0.0003
0
0
0.00017
0.0108667
0.00491333
0.02286
0.01442
0
0
0.03557
0.02518
0
0.00947667
0.00664
0.0254467
0.0360333
0.00429
0.00286
0.0190367
0.000566667
0
0.0121067
0.00310667
7.33333e-05
0.00323
0
0.0182733
0.0316867
0.09057
0.00271
0
0
0
0
0.0381833
0
0
0
0.0303133
0
0
0.04139
0.00017
0.00189667
0.00243667
0.00608
0.000536667
0.06916
0.000223333
0.0758433
0.130843
0.00576
0
0.00217333
0
0.0208333
0.000436667
0.0164467
0.0141167
0.000403333
0.0444933
0.102547
0.0188667
0.038
0
0.02345
0.00851667
0.000876667
0.00195
0.0163467
0.01177
0.0479467
8.33333e-05
8.33333e-05
0
0.08348
0.00312333
0
0.0169567
0.00157
0.0518833
0.01126
0.0112467
0.01026
0.00572667
0.0251833
0
0
0.00289333
0.00704333
0.02198
0.003
0
0.00179
0
0
0.0326033
0.01198
0.0162267
0.0299233
7e-05
0.02009
0.01627
0.0158533
0.0107467
0.03328
0.0161367
0.209463
0.00250667
0.01857
0.0159133
0.00767
0.02232
0.0282567
0.0164367
0.0647767
0
0.00112
0.0208267
0.00144667
0.03065
0.00874333
0.000716667
0
0.000716667
0.00159333
0.01585
0
0.0170967
0.00601333
0.0395167
0.0159567
0.000826667
0.00116
0.0625933
0.01172
0.0572533
0.0199833
0.01955
0
0
0.01581
0
0.04328
0
0.0237533
8.66667e-05
0
0.42729
0.000246667
0.38157
0.0633433
0.00993667
0.0291133
0.01846
0
0.00022
0.0197767
0.00250333
0.01083
0.0507833
0.00150667
0
0.0193233
0.00527333
0.00400333
0
0.01041
0.05732
0.0132
0.00298
0.0147633
0.0198267
0
0
0
0.0356967
0.04533
0
0.00128
0.0129033
0
0.03335
0.00719
0
0.00105333
0
0.000276667
0.00677667
0.00057
0.0542667
0.00570667
0.0730467
0.01098
0
0.00015
0.0536567
0
0.00294667
0
0.0214667
0.02751
0.00251667
0
0.000576667
0.17403
0.00449333
0
0.0195367
0.0188933
0.0351533
0
0.00717
0.000373333
0.000666667
0.00136333
0.0398333
0
0.0325333
0
0
0.000296667
0.02735
0.0116567
0
0.0565767
0.0442767
0.000143333
9.66667e-05
0.03022
0.0135667
0.0126567
0.02535
0.00180333
0
0.0231067
0.00980333
0
0
0.00232667
0.0115133
0.0221467
0.0109233
7.66667e-05
0.00156333
0.0184133
0
0.0314
0.0219167
0
0.00243667
0.048
0
9e-05
0.00104333
0
0.02262
0.0442333
0.00923667
0.0197767
0.000246667
0.00593333
0.00226
0.00134
0.00077
0.000283333
0.00016
0.00828667
7.66667e-05
0.00165333
0.00567667
0.0498067
0.0034
0.0203567
0
0
0.0595233
0
0.0139467
0.01946
0
0
0
0.000926667
0
0.000436667
0.0103567
0.000146667
0.00027
0.0215533
0.0476267
0.0107767
0.0004
0.0225667
0.02158
0.01966
0.0449967
0.0243767
0.0116767
0.05963
0
0
0.0405767
0.00894667
0
0
0.0211767
0.0163767
0
0
0.00163667
0
0.0284
0.04242
0.0831767
0.000313333
0.0132067
0.00166667
0.0588933
0.00025
0.01308
0.06927
0.02814
0.0116467
0.28245
0.00871667
0.000163333
0.000756667
0.0341367
0.00048
0.0144467
0.0566133
0.0353
0.0116433
0.02277
0.0123433
0.0115067
0.0181567
0
0.01578
0.000426667
0.0108833
0.0334533
0.0392033
0
0.01277
0
0
0.00443333
0
0
0.02281
0
0.04865
0.0672333
0.00062
0
0
0
0.00120667
0.000123333
0.00036
0.02011
0
0.0337767
0
0.000123333
0.0203867
0.0142367
0.0437267
8.66667e-05
0.0369767
0.0274733
0
0
0
0.0182367
0.01825
0.01827
0.0513733
0.05362
0.00756667
0.01492
0.0228067
0.00993667
0.00568
0
0
0.22033
0.00724667
0
0.0435233
0.000623333
0.00114667
0.01051
0.00678667
0
0.00151333
0.03106
0.01309
0.0124333
0.00395333
0
0.0177767
0.00134
0.0144533
0.0141367
0.00714667
0.0163867
0.275827
0.0148967
0.00150333
0.0183967
0.00783667
0.0403367
0.01528
0.000643333
0.00621667
0.0291733
0.00110333
0.02303
0
0.0151633
0
0.0525667
0.0125767
0.0378767
0.02471
0.03215
0.214273
0.05501
0.00817
0.0195267
0.0151533
0.0374167
0.04039
0.02421
0.00676667
0.0185033
0
0
7.66667e-05
0.01675
0
0
0
0.000563333
0.01283
0.00751333
0.0697033
0.0228233
0.00588
0.00723
0.02429
0.0206867
0
0.02928
0.00087
0
0.0131267
0.00236
0.01298
0
0.119937
0
0.00138333
0.000573333
0.000216667
0.00474
0.00988
0
0
0.00691333
0
0.00230667
0.000776667
0.0147067
0.0156833
0
0.00698333
0.00064
0.00182333
0.0519367
0.02734
0.00153333
0
0.000806667
0
0
0.0307133
0.0378467
0.000243333
0.00528333
0.000243333
0.000243333
0.03663
0.01909
0
0
0
0
0
0
0.00823
0.0511033
0.117193
0.0115
0.0749233
0.379987
0.25361
0.00443
8.66667e-05
0.000256667
0
0.02861
0.02097
0.0413
0.00195
0.0798367
0.00817667
0.00735
0.0588833
0.0110033
0
0
0
0.000433333
0.00032
0.0375133
0.02963
0.000786667
0.0191233
0
0
0.00256667
0
0
0.00620667
0.00107667
0
0.00635333
0
0.00579333
0.00157
0
0.0249933
0.00313667
0.0451867
0.0262633
0.000136667
0
0.0314433
0.01491
0.00874667
0.03347
0.0111067
0.01204
0
9.33333e-05
0.06221
0.000793333
0.0418167
0.000696667
0.00104
0
0
0
0
0
0
0
0.00354667
0.000143333
0.00205667
0
0.00526667
0.01245
0
0
0.00591
0.01317
0.0214233
0.0222567
0.0192633
0.01695
0.0265333
0
0
0
0
0
0.0405
0.04184
0.0252033
0.0143567
0.0110667
0.01061
0.0337433
0.0107567
0.278033
0.01488
0.0312533
0.02782
0.01626
0.0196
