0.109263
0.195387
0.27239
0.341963
0.199023
0.12002
0.113433
0.260137
0.526433
0.08257
0.192667
0.520077
0.57343
0.317997
0.121817
0.13197
0.0788567
0.0736167
0.0188
0.11872
0.14863
0.047
0.109773
0.141223
0.148377
0.14749
0.0851633
0.134797
0.15232
0.08391
0.0570933
0.112847
0.138443
0.167747
0.13582
0.0877967
0.1314
0.163907
0.178987
0.107447
0.175067
0.253773
0.166543
0.268527
0.159987
0.15058
0.14041
0.20308
0.13339
0.10428
0.0917967
0.0741933
0.15896
0.09153
0.13898
0.10582
0.130233
0.114997
0.08663
0.118617
0.148577
0.11047
0.25788
0.527167
0.674053
0.704113
0.737283
0.547723
0.33199
0.166047
0.0529033
0.0641433
0.17043
0.0123
0.00122
0.000913333
0.000586667
0.00308
0.00862
0.174777
0.0333067
0.0334233
0.128763
0.0661833
0.0695133
0.107553
0.05561
0.0530133
0.0282433
0.0648633
0.06638
0.00648333
0.0720733
0.0800233
0.08602
0.183817
0.107323
0.136443
0.302813
0.112503
0.157413
0.226727
0.18235
0.300053
0.191117
0.207847
0.10194
0.111657
0.19194
0.212543
0.119113
0.11474
0.119677
0.0855
0.0938233
0.149307
0.09514
0.0883533
0.270577
0.11551
0.08789
0.250917
0.290757
0.22733
0.176497
0.121343
0.260517
0.236307
0.255367
0.398667
0.45516
0.317653
0.416457
0.441267
0.107897
0.20587
0.420413
0.51365
0.4737
0.275623
0.2519
0.1484
0.128867
0.0248667
0.0191367
0.117157
0.101953
0.326383
0.506777
0.293997
0.154277
0.11588
0.0155767
0.10846
0.0716633
0.1202
0.06958
0.08916
0.06576
0.0675267
0.17162
0.141903
0.180423
0.132727
0.15451
0.0858667
0.126387
0.09085
0.10766
0.13966
0.0819567
0.06474
0.113303
0.124517
0.0664933
0.170323
0.0983433
0.06041
0.09834
0.124083
0.0887367
0.0718267
0.128227
0.0466433
0.04115
0.0141
0.12657
0.126197
0.16216
0.291957
0.57869
0.60356
0.261417
0.506227
0.0902233
0.464857
0.216193
0.0584467
0.07024
0.12259
0.000466667
0.0939533
0.145873
0.00900333
0.00612667
0.128337
0.163677
0.0431467
0.0465933
0.0789867
0.03171
0.02575
0.0484933
0.04254
0.0436467
0.00388333
0.0389033
0.0565967
0.05008
0.0755067
0.103667
0.03901
0.125957
0.13012
0.18608
0.136827
0.0567833
0.14832
0.22812
0.167013
0.165957
0.228123
0.0917067
0.208687
0.119003
0.14763
0.21505
0.23388
0.127803
0.187733
0.231563
0.183397
0.42317
0.246193
0.256483
0.207567
0.28105
0.221627
0.18138
0.227097
0.225557
0.197753
0.227827
0.147573
0.0209467
0.0395167
0.0899533
0.258157
0.333627
0.102877
0.03463
0.0618567
0.12298
0.0963433
0.0118267
0.00400333
0.0359533
0.06995
0.0767567
0.0321267
0.0313133
0.0507333
0.0777467
0.0629067
0.04643
0.0955033
0.0465533
0.0523567
0.101753
0.0394533
0.0657167
0.0352967
0.0520933
0.0328433
0.0491467
0.06916
0.0277133
0.0727033
0.02484
0.0394967
0.0483033
0.0391133
0.1031
0.055
0.148257
0.220667
0.28701
0.08057
0.494343
0.336
0.400547
0.415283
0.53921
0.4966
0.34062
0.42278
0.236467
0.40983
0.405897
0.35554
0.15799
0.12994
0.0281867
0.01245
0.000426667
0.0936133
0.0651267
0.10606
0.09595
0.0249933
0.00518667
0.0583933
0.08307
0.06651
0.0524833
0.0573367
0.1236
0.09015
0.0269533
0.0760067
0.0543
0.0891567
0.0470467
0.0350533
0.11019
0.0668667
0.155077
0.108787
0.0944967
0.347337
0.36734
0.179413
0.03445
0.068
0.171413
0.17463
0.0408033
0.08004
0.287327
0.31403
0.116713
0.0605433
0.116003
0.0340433
0.0204133
0.10953
0.00246333
0.0742367
0.0333367
0.08374
0.0258567
0.0267633
0.04421
0.179733
0.162447
0.0525367
0.02895
0.0537433
0.0187
0.05132
0.100917
0.0119333
0.0362333
0.0414367
0.0356667
0.0100133
0.0418967
0.03455
0.04082
0.0330867
0.0578367
0.0342067
0.0655867
0.0414333
0.03437
0.0125933
0.0105367
0.0333433
0.00187
0.0266567
0.07435
0.00566667
0.02793
0.03157
0.0148567
0.0616467
0.0799533
0.04028
0.0310833
0.06198
0.04951
0.0138467
0.0603033
0.0107133
0.0139567
0.0101833
0.02576
0.00271333
0.02607
0.06727
0.0339967
0.114307
0.567207
0.487297
0.0909133
0.19534
0.192283
0.103323
0.286607
0.10508
0.16931
0.17724
0.000903333
0.0320433
0.0744333
0.000823333
0.02452
0.00292
0.02024
0.00537667
0.0224867
0.05682
0.0207567
0.02996
0.0197567
0.03922
0.0107333
0.0288633
0.0177033
0.0144733
0.00258667
0.02455
0.0238767
0.00284333
0.03086
0.0456433
0.0219133
0.0212567
0.0673233
0.04662
0.0477667
0.03515
0.0443633
0.01954
0.0368567
0.01048
0.03157
0.124997
0.0933433
0.162667
0.14767
0.04619
0.0553167
0.03786
0.0605133
0.0317633
0.0480667
0.137373
0.118403
0.05652
0.07742
0.237513
0.216187
0.131513
0.0839833
0.135187
0.146917
0.0692033
0.112523
0.08595
0.154573
0.0980633
0.141387
0.239913
0.17563
0.24802
0.15472
0.0555133
0.10709
0.0733533
0.113807
0.113857
0.04346
0.0351433
0.0365833
0.00155667
0.0174833
0.0140933
0.00443
0.00982333
0.06339
0.0464
0.03932
0.0168633
0.0148433
0.00187667
0.00354667
0.00997667
0.0105067
0.00848667
0.0105967
0.0147633
0.0109433
0.00790333
0.00865333
0.0190833
0.00255667
0.0125567
0.00701
0.0175667
0.00445333
0.00493667
0.0171767
0.0365267
0.00451
0.0389133
0.00451
0.00621
0.00803
0.00859
0.00286333
0.01422
0.00312333
0.0138167
0.0150433
0.01414
0.00348667
0.05312
0.00322667
0.0462633
0.00785
0.00640333
0.00424
0.0838067
0.00236333
0.00216333
0.0332567
0.237313
0.27158
0.333933
0.380907
0.151177
0.12266
0.139793
0.437413
0.258073
0.208187
0.367043
0.44176
0.349703
0.577183
0.510973
0.12267
0.0643133
0.0640567
0.0619233
0.0872367
0.0437167
0.01277
0.0225933
0.0169067
0.00774
0.00117
0.02112
0.00196
0.000903333
0.0379733
0.000426667
0.0135
0.00290667
0.0238133
0.0148567
0.05722
0.00346333
0.0153733
0.0468067
0.00964667
0.00397667
0.02108
0.00725667
0.00725667
0
0.01359
0.00473333
0.00258667
0.00279667
0.01601
0.0065
0.00944667
0.00258667
0.0261133
0.01696
0.00686
0.0631467
0.01039
0.0152433
0.0107033
0.0429
0.02559
0.05741
0.05729
0.00585
0.02144
0.0106733
0.00708667
0.0239267
0.01913
0.08036
0.0753167
0.0440833
0.05356
0.0510667
0.02966
0.02842
0.0163
0.0200833
0.0109067
0.00293
0.10556
0.0962467
0.0335833
0.0467
0.01384
0.00837333
0.0212167
0.00994333
0.0313833
0.0169767
0.00334667
0.0215233
0.0218167
0.00609333
0.00155667
0.00540667
0.0580333
0.0633767
0.00227
0.0108433
0.00240333
0.000713333
0.00117333
0.00046
0.00130333
0.00259333
0.00204
0.00384667
0.000656667
0.00321333
0.00321333
0.00330667
0.00392667
0.000713333
0
0.00690333
0.00492667
0.00929
0.000463333
0.00795667
0.0162133
0.00241
0.0107
0.0159733
0.00424
0.04275
0.000333333
0
0.0507467
0.0102933
0.138927
0.133647
0.12985
0.0237067
0.02604
0.21922
0.176893
0.124053
0.04078
0.0493
0.0439433
0.375857
0.344387
0.05865
0.05463
0.08039
0.03577
0.419413
0.338327
0.206343
0.0713967
0.276747
0.0350267
0.05474
0.280057
0.22311
0.350103
0.0796133
0.00300333
0.0752933
0.00103333
0.0309033
0
0.00196333
0.00144667
0.01063
0.00323667
0.00823
0.01084
0.00104667
0.00286
0.00353
0.00259
0.00322333
0.00327667
0.00174
0.0131633
0.00327667
0.00427
0.00587
0.02552
0.00471667
0.00447
0.000183333
0.00184
0.00831667
0.00307333
0.0110933
0.00238667
0.00107667
0.0159467
0.03754
0.0244033
0.00177667
0.00107333
0.00726667
0.00209333
0.00866333
0.0389133
0.0100267
0.03548
0.0494467
0.02505
0.0111633
0.02021
0.0274867
0.0212767
0.05861
0.04646
0.0649533
0.00276333
0.0161667
0.00482
0.00186333
0.0195667
0.00141667
0
0
0
0.00365
0.00205667
0.00163
0.00159
0.00137
0.000573333
0.00596667
0.00993667
0.00223333
0.000646667
0.00259333
0.000573333
0.00017
0.00017
0.0002
0.00259333
0
0.000656667
0
0
0.00180667
0
0.00467333
0
0
0
0
0.000483333
0
0.000483333
0
0
0.00352
0.00432
0
0.00026
0.00988
0.0008
0.000593333
0.0108667
0
0.00772333
0
0.00546
0
0.00631667
0.102377
0.05191
0.0481133
0.00733333
0.0268967
0.07285
0.0696567
0.153053
0.0146667
0.02579
0.52951
0.15619
0.0637733
0.0539433
0.139803
0.0964367
0.21604
0.0127167
0.0381133
0.55037
0.522577
0.118683
0.01684
0.02888
0.284367
0.0809667
0.180217
0.0548133
0.19108
0.0203167
0.0166433
0.0482267
0.156053
0.0100167
0.01833
0.000266667
0
0.00187333
0.00426333
0.00560667
0.00478
0.00283667
0.00239
0.00983
0.00094
0
0.0119967
0.0180733
0.00074
0.00074
0.000436667
0.000306667
0
0.000303333
0
0.00159
0.00252333
0
0
0
0.0153267
0.00259333
0.00259333
0.0260467
0.00688
0.000603333
0.0252767
0.0144767
0.0189333
0.00428667
0.000603333
0
0.00213333
0.00569
0.00605
0.00544667
0.00147333
0.00073
0.000373333
0.000373333
0.000243333
0.00647
0.00102333
0.00342333
0.00299667
0.00195333
0.0025
0.000243333
0.00843
0.0196567
0.0194367
0.0104
0.00339667
0.00293667
0.0278867
0.02474
0.00576
0.00578667
0.01411
0.0304467
0.01868
0.00015
0.00015
0.00323
0.00141667
0.00512667
0.00310667
0
0
0
0.000426667
0.000426667
0.00596667
0.00596667
0.00458
0.00153
0.00092
0.00315333
0
0
0
0
0
0.00200667
0.00180667
0
0
0
0.000703333
0
0
0.00745
0.00390667
0
0
0.00393333
0.00475
0.000816667
0.000896667
0.000253333
0.000816667
0.00089
0.00161667
0
0.00429
0.00421
0
0.00226333
0.03172
0
0.04617
0
0.154817
0.104737
0.0554433
0.03325
0.00569
0.26422
0.0364767
0.03509
0.0905867
0.0471933
0.04396
0.106327
0.35958
0.0794667
0.153517
0.04302
0.15908
0.178317
0.08101
0.0488167
0.0804733
0.0447
0.00146
0.0240067
0
0.01408
0.00798667
0.00294333
0.0002
0.0002
0
0
0
0.0102733
0.01164
0
0.0113633
0.00186
0
0
0.0256
0.0278367
0
0.00635667
0
0.000286667
0.000203333
0.000603333
0.000603333
0.00047
0.00342333
0.00178667
0
0
0
0
0
0.000386667
0.000236667
0.000236667
0.000386667
0.00178333
0.000496667
0.0117233
0.00179
0.00098
0.0119833
0.00356333
0.00285
0.00841333
0.00654333
0.000176667
0.000176667
0
0.00053
0.00253333
0.00200333
0
0
0.00202
0
0
0
0.00061
0
0
0
0
0
0
0.0002
0
0.0002
0.000313333
0
0
0
0
0
0.00422
0
0
0
0.000253333
0
0.000253333
0
0
0
0
0
0.00194667
0.00194667
0
0
0.000333333
0.0252833
0.000333333
0
0.0859133
0.0655
0.12113
0.000883333
0
0.0116433
0.01655
0.00821667
0.299593
0.03328
0.000196667
0.43918
0.0619967
0.434547
0.497083
0.00048
0.27575
0.0509367
0.0402933
0.000283333
0.10435
0.120317
0.0121933
0.00462
0.181307
0.144587
0
0.0235533
0.09294
0.01148
0
0.0288933
0
0.00239
0.0207433
0
0.00239
0.0231033
0
0.0307333
0
0
0
0.00133333
0
0
0
0.0111067
0.00333
0
0.03867
0.00127667
0
0.0503767
0.00208333
0
0
0
0
0
0
0.00123333
0
0.000203333
0.000203333
0
0
0
0.01336
0
0
0
0.00163667
0.000743333
0.01277
0.00932333
0.012
0.00116333
0
0.00052
0.00052
0.00053
0.00072
0
0
0
0
0
0
0
0
0
0
0.00061
0
0
0
0
0
0
0
0
0
0.000313333
0
0
0
0
0
0
0.0141467
0
0
0
0
0.00266667
0.00598333
0
0.10634
0
0.123353
0.0904633
0.000883333
0.181193
0.00596667
0.00635667
0.01486
0.272847
0.0165267
0.0471967
0.300193
0.000196667
0.0776
0.575447
0.000196667
0.488157
0.0449367
0.000393333
0.09218
0.0923167
0.583927
0.0517833
0.371437
0.346643
0.000196667
0.3131
0.0707467
0.0513133
0.160433
0.108487
0.01169
0.01531
0.123107
0.131763
0.0760633
0
0.145643
0.00119333
0
0
0
0
0.000173333
0
0
0
0.0354733
0
0
0
0.0386
0.0273067
0.0384133
0.00274667
0
0
0
0.07662
0
0
0
0.00459667
0
0.000286667
0
0
0
0.0131767
0.0217333
0.00958667
0.0102467
0
0
0
0.00163667
0
0
0
0
0.00026
0
0.00026
0.0152733
0.00779667
0.00098
0
0
0.00098
0.00098
0
0
0.00019
0
0
0
0
0
0
0
0
0
0
0
0
0
0
0
0
0
0
0
0
0
0
0
0
0.01322
0
0
0
0
0.04742
0.0177667
0
0
0
0.00940333
0.0417567
0
0
0
0.00547
0
0
0
0
0
0
0
0
0.0349267
0
0.0941867
0
0
0.159163
0
0.09722
0.101273
0.00282
0.00134667
0
0.0792467
0.0535367
0.02152
0.00281333
0.000883333
0.00152333
0.159487
0.00919333
0.61465
0
0.241573
0.273253
0
0.03426
0.217283
0.68971
0.27722
0.149423
0.746277
0.139087
0
0.370503
0.0429967
0.19414
0.0357067
0.24149
0.0235033
0.11465
0.0103
0
0.0150933
0.03945
0.00727
0.00903333
0.00932333
0.0124167
0.00119333
0
0.000343333
0.000173333
0.0822167
0.0636767
0
0.000173333
0.0225567
0.000173333
0.0320167
0
0
0.05331
0.0562867
0
0.00133333
0
0
0.00567
0.01942
0
0.0329767
0.00317
0
0
0
0.0620767
0
0.00103
0
0
0.03884
0.0179033
0
0
0.00514
0
0.00113
0
0
0
0
0
0.000903333
0
0
0
0
0
0
0
0
0.0121767
0.04207
0.04454
0.00764333
0.000923333
0.000473333
0
0
0
0
0
0.00019
0
0
0
0
0
0
0
0
0
0
0
0
0
0
0
0
0
0
0
0
0
0
0
0
0
0
0
0
0.00290333
0
0
0
0
0
0
0
0
0
0
0.00505667
0
0.00242
0.00267
0
0
0
0.0161067
0.02228
0
0
0.0824367
0
0
0
0
0.0314633
0.0413767
0.000833333
0.0359467
0.0927633
0.0657567
0.10196
0.0137033
0.00248
0.0023
0.299393
0
0.0799967
0.03779
0.0620933
0.15394
0.185737
0.35571
0.404927
0.03303
0.377537
0.57417
0.0337367
0.206693
0.373613
0.52103
0.125923
0.189527
0.409657
0.533033
0.03298
0.05056
0.148727
0.0761
0.0662967
0.0992567
0.08461
0.04667
0.0108867
0.22133
0.00059
0
0
0
0
0
0
0
0.0522133
0
0
0
0.0566633
0
0
0.02289
0
0
0.0465333
0.000646667
0.07003
0
0
0
0
0
0
0
0.000843333
0
0.0133367
0.0397433
0.04753
0.0146067
0
0
0
0.0011
0
0
0.00380667
0.00805667
0
0
0
0
0
0
0
0
0
0
0
0
0
0
0
0
0
0
0
0.00045
0
0.00304
0
0
0
0.0281633
0
0.0587433
0
0
0
0
0
0
0
0
0.0448067
0
0
0
0.01204
0.000403333
0
0.01216
0
0.107827
0
0.00100667
0.39919
0.31987
0.06625
0.0161933
0.0367233
0.00152333
0.119207
0.00831
0.00512667
0.00831
0
0.02249
0.16961
0.01418
0
0.123583
0.135923
0.105017
0.12952
0.0373967
0.41894
0.0156633
0.0581167
0.0790133
0.0201
0.0122433
0.322963
0.292433
0
0.00059
0.00148333
0
0
0
0.0913433
0
0
0
0
0
0
0
0
0
0.0364367
0
0
0
0.00718667
0
0
0.00433667
0
0
0
0.0554867
0
0
0
0
0
0
0
0
0
0
0
0.000543333
0
0
0
0
0.02717
0.0591467
0.0712933
0
0.000196667
0
0
0
0
0.03844
0.0645267
0.0669967
0
0.00873
0.00201
0.000473333
0
0
0
0
0
0
0
0
0
0
0
0
0
0
0
0
0
0
0
0
0
0
0
0
0
0
0
0
0
0
0
0
0.00580667
0
0
0
0
0.0206133
0
0
0
0
0
0
0
0
0
0.220963
0
0
0.0112233
0.0178
0
0.281027
0
0
0
0.00557333
0.0172133
0.0318367
0
0.0269267
0.0278733
0.0948367
0.09289
0.1299
0.247973
0
0
0.0626567
0.00497
0.09259
0.119083
0.13138
0.12138
0.00375667
0.133193
0.14443
0.00583333
0.00375667
0.0684433
0.152643
0.1041
0.07118
0.00507667
0.00223
0.104763
0.128807
0.20152
0.0583333
0.0482767
0.0062
0.00284667
0
0.000586667
0.000586667
0.228083
0.00284667
0
0
0.0221467
0
0
0
0.0445533
0.0460267
0
0
0
0
0
0
0.00119333
0
0
0
0
0.0292967
0
0
0
0
0.01375
0.000986667
0.00549
0
0
0.01801
0.07835
0.0501167
0
0.00437333
0
0
0
0.00426667
0
0
0
0
0.05479
0.0259433
0.00182
0
0
0
0
0
0
0
0
0
0
0
0
0
0
0
0.0009
0
0.00366667
0
0
0
0
0.0657767
0
0
0
0.0294833
0.0575033
0
0
0
0.00699333
0.0125367
0
0.00025
0
0
0.00184333
0.0162933
0
0
0
0
0
0
0
0
0
0
0.00787333
0.000833333
0.00115667
0
0
0.0319967
0.0690067
0.27651
0.000236667
0
0
0.0346467
0.000236667
0.000153333
0
0.150473
0.06043
0.0708033
0
0.115313
0
0.12365
0.191723
0.1741
0.159417
0.108137
0.115683
0.153663
0.01709
0
0
0.00592667
0.000316667
0.04078
0.02437
0.0116567
0.0138533
0.0422467
0.289153
0.401313
0
0.407787
0.265087
0
0
0
0
0
0
0
0.0575967
0
0
0.0258767
0
0.0113967
0
0
0
0
0.01999
0
0.02152
0.00787333
0.00456
0.000546667
0
0.01945
0.01576
0
0.01718
0
0
0.01485
0
0
0
0
0
0
0.02621
0.00672
0
0
0.000393333
0.000383333
0.000186667
0.00365667
0
0.00021
0.00067
0.00618333
0
0
0.0361067
0.03672
0.05249
0.0195067
0.000283333
0
0
0
0
0
0
0
0
0
0
0
0
0
0
0
0
0
0
0
0
0
0
0
0
0
0
0
0
0
0
0
0.00321667
0
0
0
0
0.00571333
0.02097
0
0
0
0.0355533
0
0
0
0
0
0
0
0.00144
0.00680333
0
0.0737733
0.0445667
0
0
0.18691
0.00243
0.25335
0.370807
0.366917
0
0.01973
0.00322
0.0395167
0.03289
0.07235
0.00411667
0.000853333
0.0683433
0.124297
0.01528
0.000616667
0.00141
0.000903333
0.0113167
0.00147
0.01148
0.05991
0.000306667
0.0011
0.00072
0.000316667
0.00311
0.0310333
0.03425
0.06364
0.237833
0.000556667
0.00239
0.00691667
0
0
0.00239
0.00025
0.00025
0.144627
0
0
0.00859
0
0.01571
0
0
0
0
0
0
0
0
0
0
0
0
0
0
0
0
0
0
0.00207333
0.000393333
0
0
0.0172933
0.01759
0.0502833
0.0454067
0.0613267
0
0
0
0.000603333
0
0.00237667
0
0
0.01994
0
0
0
0
0
0
0
0
0
0
0
0
0
0
0
0.00045
0.00045
0
0
0
0
0
0
0
0
0.0465867
0
0
0.02085
0
0
0.0157
0
0
0
0.266153
0
0.00210333
0.00817333
0.0770533
0.189397
0.389987
0.000236667
0.00297
0
0.000323333
0
0.00021
0.000363333
0.000153333
0
0.00111333
0
0
0.0979733
0.131397
0
0.0753467
0
0.00386
0
0.00918667
0.0372767
0
0.00148
0.41827
0
0.00282667
0.141647
0
0
0.000436667
0
0.02307
0
0
0
0
0
0
0
0
0
0.00188
0.000223333
0.000546667
0
0
0
0
0.00229
0
0
0.00208667
0.000443333
0
0.000443333
0
0
0
0
0.03052
0.01103
0.00207333
0
0.00238667
0
0
0
0.00067
0.00232333
0
0
0.00674333
0.00644333
0.0231233
0.0206733
0
0
0.00225333
0
0
0
0
0
0
0
0
0
0
0
0
0
0
0
0
0
0
0
0
0
0
0
0
0
0
0
0
0
0
0
0.0443833
0
0
0
0.0434967
0
0
0
0
0.00655333
0
0
0
0
0
0
0
0
0
0
0
0.00654667
0.0408733
0.000236667
0
0.0423867
0.03017
0.0122367
0
0.00900333
0.248087
0.368573
0.00546333
0
0
0
0.00608
0.116977
0.0956833
0.0630567
0.000153333
0.01992
0.000153333
0.0154867
0.000153333
0.0774533
0
0.0225433
0.00877333
0.0241133
0
0
0.00898333
0
0.00107333
0.00327
0.0263567
0.0583333
0.232527
0.350513
0.00223
0.00052
0.00052
0.00224333
0
0.00057
0
0.05181
0
0
0
0.00680333
0
0.00151667
0
0
0
0.00133333
0
0
0
0
0.00087
0
0
0.000646667
0
0
0
0
0
0
0
0
0.00199333
0
0
0
0
0.000186667
0.0140867
0
0.00583333
0
0
0
0.00197
0
0
0
0
0
0
0
0
0
0
0
0
0
0
0
0
0
0
0
0
0
0
0
0
0
0
0
0
0
0
0
0.00294667
0
0.0369467
0
0
0
0
0
0
0
0
0
0.0169533
0
0
0.0452767
0.0801733
0
0.184977
0
0.256263
0.36717
0
0
0.01293
0.00021
0.0895133
0.00353333
0.02429
0
0
0
0.00428333
0
0.0241633
0.0658933
0
0.0418133
0.0629767
0
0.0538267
0
0.0166433
0.346543
0.00965333
0.0389167
0.00884667
0.00114
0.0112233
0.32124
0.253323
0.295777
0
0.00517333
0.17545
0.00032
0.00278333
0.00277
0
0.03455
0
0
0
0.00119
0
0
0
0
0
0
0
0
0
0
0.000223333
0.000223333
0
0.000646667
0
0
0
0
0.000646667
0
0
0
0
0
0
0
0
0
0.0105167
0.00895667
0
0
0.0179233
0.000186667
0.00375667
0.00457333
0.00613333
0.0356333
0.0203067
0.02767
0.00796667
0
0
0.00252667
0
0.00202333
0.00298667
0.00197
0
0
0
0
0
0
0
0
0
0
0
0
0
0
0
0
0
0
0
0
0
0
0
0
0
0
0
0
0
0.00339667
0
0.01331
0
0
0
0
0.0653467
0.0685167
0
0.03787
0
0.00269333
0.0167533
0
0.185127
0
0.01049
0.01504
0.00106667
0.0396267
0.02112
0.0107933
0.376713
0.00629333
0
0.00261
0.0626833
0.0894233
0.184293
0.374383
0.01475
0
0.12929
0.11576
0.0271567
0
0
0.08143
0
0
0.05019
0.02504
0
0.00107333
0.472123
0.0468133
0.04232
0.156267
0.285223
0.0200467
0
0.00224
0.0126933
0.0114467
0.02029
0.0900533
0.03899
0.000423333
0
0
0
0
0.00384
0
0
0
0
0
0.000183333
0
0
0
0
0
0
0
0
0
0
0
0
0
0
0
0.00199333
0
0
0
0
0
0
0
0
0.00987667
0.00252667
0
0
0.00141333
0.00101667
0
0
0
0
0
0
0
0
0
0
0
0
0
0
0
0
0
0
0
0
0
0
0
0
0
0
0
0
0
0
0
0.0434567
0
0
0.0605433
0.0637133
0
0
0
0
0
0
0
0
0
0.0102
0
0
0.0955167
0
0
0
0
0.11565
0.07798
0.01335
0
0.00332333
0.00299
0.00812
0.355903
0.355293
0
0.00508333
0.129863
0.328213
0.434227
0.02636
0.0251733
0.01716
0
0.613363
0.0495733
0.0541833
0
0.00038
0.01796
0.08833
0.20297
0.538753
0
0.0733967
0.00145333
0.0196133
0
0.0104267
0
0.06886
0.00211
0.00062
0
0
0.10554
0.0183233
0.0625967
0.00032
0.000746667
0
0
0
0
0
0
0
0
0
0
0
0
0
0
0
0
0
0
0
0
0
0
0
0
0
0
0
0
0
0.00604333
0
0.00156
0
0
0.02158
0
0
0.00100333
0.00100333
0.00256333
0.0506733
0.03309
0
0
0.00100667
0.00100667
0
0
0
0
0
0
0
0
0
0
0
0
0
0
0
0
0
0
0
0
0
0
0
0
0
0
0
0
0
0
0
0.00045
0
0
0
0
0
0
0
0
0
0
0
0
0
0
0
0
0.0632967
0
0
0
0.04031
0.0379833
0.184347
0.00148667
0
0
0.265027
0.298483
0.00854333
0
0.01267
0.0116933
0.0753
0
0
0.102487
0.00573
0.549887
0.461217
0.391193
0
0.461427
0.0681567
0.0343367
0.00414333
0.38825
0.00224
0.0647133
0
0.0328033
0
0.00828
0
0
0.00283333
0
0
0
0
0
0
0
0
0
0
0
0
0
0
0
0
0
0
0
0
0
0
0
0
0
0
0
0.00405
0
0
0
0
0
0.0317467
0
0
0.00156
0
0.0584533
0
0
0
0
0.00212
0
0
0
0
0
0
0
0
0
0
0
0
0
0
0
0
0
0
0
0
0
0
0
0
0
0
0
0
0
0.000803333
0
0
0
0.01982
0
0
0
0.02473
0
0.00381333
0.00269333
0.00269333
0.0102
0
0
0
0
0
0.0937667
0.00042
0
0.0724733
0.20158
0.212243
0.0858333
0.00429
0.0441633
0.0415333
0.09433
0.113383
0.0451767
0.05923
0.01873
0.00149
0
0.0533933
0.01312
0.0197967
0.00322667
0.00544667
0.00102
0.00127667
0
0.000596667
0
0
0
0
0
0
0
0
0
0
0
0
0
0
0
0
0
0
0
0
0
0
0
0
0
0.00405
0.00848333
0
0
0.0206433
0
0
0
0
0.05091
0.0284733
0.00526
0
0
0
0
0
0
0
0
0
0
0
0
0
0
0
0
0
0
0
0
0
0
0
0
0
0
0
0
0
0.000353333
0
0
0.00188667
0.01099
0
0
0
0.03911
0
0
0
0
0.0307733
0
0
0
0
0
0.01943
0
0
0
0
0
0
0.0483933
0.0694633
0.0645667
0.0519633
0
0
0.0435667
0.0530233
0.0703767
0
0.02317
0.00766333
0.00176
0.01328
0.111497
0.00311
0.01183
0.120207
0
0.00190333
0.08061
0.0706233
0
0.0293333
0.00803
0
0.00500333
0.02181
0
0.00242
0
0.00325333
0.0087
0.000426667
0
0
0
0
0.000596667
0
0
0
0
0
0
0
0
0
0
0
0
0
0
0
0
0
0
0
0
0
0.000183333
0.000183333
0.0196267
0
0
0
0
0.00314
0
0
0
0
0
0
0
0
0
0
0
0
0
0.000263333
0.000263333
0
0
0
0
0
0
0
0
0
0
0
0
0
0
0
0
0
0
0
0
0.0192767
0
0
0
0.00985667
0
0
0.00112
0
0
0
0.0103933
0.000366667
0.0124567
0.00344667
0.00271
0
0.0301133
0.00042
0
0
0.000736667
0.000606667
0.000736667
0.01505
0
0.14044
0.0889067
0.0668933
0
0.00662333
0.13021
0.00738
0.00662333
0
0
0.0125567
0.00174667
0.0006
0.00175
0
0.000256667
0.00666333
0
0
0.00471333
0.00869333
0
0
0.00181667
0
0
0.00031
0
0
0
0
0
0
0
0
0
0
0
0
0
0
0
0
0
0
0
0
0
0
0
0
0.00518667
0.00822
0
0
0
0
0.000183333
0.0177133
0.0378933
0.0288733
0.00256333
0.00160333
0.00348333
0
0
0
0
0
0
0
0
0
0.000963333
0
0
0
0
0
0
0
0
0
0
0
0.00334
0
0
0
0
0
0.0166467
0
0
0
0
0.01173
0
0
0
0.0106467
0
0
0
0
0
0
0
0
0.000366667
0.000733333
0.00116333
0
0
0
0
0.00307667
0
0
0.0616333
0.0437067
0.0536533
0.04994
0.08344
0.0215133
0.03798
0.00111
0.0164767
0
0.01556
0
0.01007
0.000373333
0.172873
0.00195333
0.00563
0.00123
0.0150433
0.0126067
0.0803167
0.00183
0.0294833
0.00268333
0
0
0.00897333
0.00896333
0.00234
0
0
0
0.0103967
0.000426667
0
0
0.000426667
0.00224333
0
0.00423667
0.00483333
0
0
0.00031
0
0
0
0
0
0
0
0
0
0
0
0
0
0
0
0
0
0
0
0.000753333
0
0
0
0
0
0.000183333
0
0
0.00396667
0.00538667
0.00600333
0.00096
0
0
0
0.000316667
0.000316667
0
0
0
0.0195133
0.0221867
0.00293667
0.00299
0
0.0322433
0.0139567
0
0
0.000963333
0
0
0
0
0
0
0.00298667
0
0
0
0
0.01855
0
0
0
0
0.0369067
0.0236067
0
0
0
0
0
0
0
0
0.00363333
0.00157
0.01137
0.0407033
0
0.0103367
0.000186667
0
0.0158267
0.1086
0.00993
0
0
0
0
0
0.0344267
0.0180933
0.000426667
0
0.00577667
0
0.00212667
0
0
0
0.00031
0
0
0
0
0
0
0
0
0
0
0
0
0
0
0
0
0
0
0
0
0.00103
0.00406333
0
0
0
0
0.00396667
0.006
0.000503333
0.000343333
0
0
0
0.00152667
0.0104867
0.00896
0
0
0
0
0
0
0.00143667
0
0
0
0
0
0
0
0
0
0
0
0
0
0
0
0
0
0
0
0
0
0
0
0
0
0
0
0
0.00240333
0
0
0
0
0
0.000366667
0.000366667
0
0
0
0
0.00758
0.00116333
0
0.00992333
0
0.01748
0
0.0353033
0.025
0.0420967
0.01316
0.01908
0.000186667
0
0.00436333
0.14838
0.0237267
0.0211433
0.138077
0
0
0
0.000586667
0.0107333
0.10255
0.00665
0
0.00750333
0
0.0229533
0.02716
0
0
0
0.0242767
0
0
0.0245233
0.0458867
0
0.01148
0.0113633
0.01239
0
0.00154
0
0
0
0.00315333
0
0
0
0
0
0
0
0
0
0
0
0
0
0
0
0
0
0
0
0
0.000276667
0
0
0.0132533
0.00331
0
0
0
0
0.0170367
0.00332
0.00376667
0.0356067
0.00331
0.00095
0.0327833
0.00992
0.00016
0.00152667
0
0
0.000316667
0
0.0646
0.0431633
0.00622667
0
0
0.0563533
0
0.01443
0.000473333
0
0
0
0
0.000566667
0
0
0
0
0
0
0
0.00355333
0
0
0
0.01258
0
0.05536
0.0272233
0
0
0
0.0669467
0
0
0
0
0.0262067
0
0.00608667
0
0
0.000493333
0
0
0
0.000366667
0
0
0
0.00721333
0
0
0.0232233
0.000406667
0
0
0.0615933
0.0460767
0.0423433
0.000406667
0
0.04535
0.0862967
0.14885
0.0579467
0
0.00399
0.0383733
0
0.0240033
0.00819667
0.0940967
0.0305633
0.01963
0
0
0
0.031
0
0
0
0.00154
0
0
0
0
0
0
0
0
0
0
0
0
0
0
0
0
0
0
0
0
0.000276667
0
0
0
0.0137133
0
0
0
0
0
0.00519
0.0472567
0.00506333
0.0346933
0.0134333
0.000363333
0.00416667
0.0170433
0
0
0.02715
0.02028
0
0
0.0461033
0.0224667
0
0.00947333
0.000566667
0
0
0
0
0
0
0
0
0
0
0
0
0.0669667
0
0
0
0
0
0.0395267
0
0
0
0
0
0
0
0.00738
0
0
0
0
0.0158333
0.05316
0
0.0482733
0.04302
0.0376333
0
0.162763
0
0
0
0
0.0188867
0.0720867
0
0.14739
0
0.112787
0.0280733
0.09502
0
0
0.0285067
0.0334867
0
0
0.0419533
0.0458367
0.0768067
0.000193333
0
0.0506133
0
0.0585067
0.00928333
0
0
0.01852
0
0.0279
0.00267667
0.02192
0
0
0
0.0126833
0.01205
0
0.000466667
0
0
0
0
0.00609667
0
0
0
0
0
0.00046
0
0
0
0
0
0
0
0
0
0.000723333
0.07508
0.01867
0.04813
0.0144167
0.000203333
0
0.000296667
0.0029
0.0240433
0.0303633
0.000296667
0.00659333
0.00685333
0
0
0
0.0331867
0
0
0.00131333
0
0
0
0
0
0
0
0
0
0
0.01034
0.0245133
0
0
0.05489
0
0
0
0
0.0610933
0
0
0
0
0
0
0.0110633
0
0
0.0276567
0
0
0
0.000493333
0.02077
0
0
0
0
0
0
0
0
0
0
0
0
0.0785567
0.11287
0.0357433
0
0.0522933
0
0.0306333
0.14722
0
0
0.185537
0.202123
0
0
0.0355
0.0815267
0.111437
0.000193333
0
0
0
0.00905
0
0
0
0.0290167
0
0
0.00113667
0.04735
0
0
0.0483333
0
0
0
0
0.0103067
0.01272
0.000466667
0
0.00067
0.00067
0
0
0
0
0.00158667
0.00158667
0
0.00768333
0.00692667
0
0
0
0
0
0
0.00083
0
0
0
0
0
0
0
0
0
0
0.0212433
0.000436667
0.05239
0.0124933
0.0165133
0.0762233
0.0351933
0.0176867
0.00754333
0.00411333
0.0131767
0.0134733
0.00453667
0.0241533
0.0515567
0.01778
0
0.0368333
0.04485
0.0345233
0
0
0.00947333
0
0
0.000473333
0
0
0
0
0
0
0
0
0
0
0
0
0
0
0
0
0
0
0
0
0
0
0
0
0
0.0197833
0
0.01144
0
0
0
0
0
0.000533333
0
0
0.10299
0
0.02163
0
0
0.03982
0
0.0266433
0.232683
0
0.00571
0.06928
0
0.0206067
0.0718633
0.0531733
0.0469333
0.148657
0.0820267
0.182363
0
0
0.0449867
0.0130933
0.0288367
0
0.0285867
0
0
0.06157
0
0
0
0
0
0
0
0
0
0
0
0
0
0
0
0
0.00046
0
0
0.000253333
0
0
0.00799
0
0.06391
0.0707767
0.04936
0.0516433
0.0266767
0.0183533
0.00849
0.04953
0.0180233
0.00948333
0.00493333
0.00105333
0
0
0
0
0.0108867
0
0
0
0.0154867
0.01474
0
0.02997
0
0
0
0
0.01752
0
0
0
0
0
0
0.000533333
0
0
0
0.00845333
0.00898667
0
0.00845333
0.173647
0.0355033
0
0.224797
0
0
0.23839
0.0744833
0
0
0
0.13625
0.206677
0.00423667
0.0363567
0.00507667
0
0.00242
0
0.01363
0.0268067
0
0
0.0131767
0
0.0252267
0.00067
0
0
0.00177333
0
0
0
0.0277833
0.0270267
0.04444
0
0.00046
0
0
0
0
0
0
0
0
0
0.000436667
0.0440733
0.07133
0.0520167
0.0313033
0.02116
0.00799
0.0172567
0.0222933
0.02759
0.0773167
0.0619167
0
0
0
0
0
0
0.000473333
0
0.000746667
0
0.000746667
0
0.01665
0
0
0
0
0
0
0.09415
0.0320133
0
0
0.01901
0
0.0362367
0
0.29462
0.06036
0.108343
0
0.163897
0.00137667
0.211507
0.00542
0.02726
0.00753
0.0323033
0.04347
0.027
0.02245
0.0244067
0
0
0
0
0.0244367
0.0415033
0.183643
0.112773
0.13377
0.166507
0
0
0
0.1693
0.10273
0.0890767
0.282173
0.189467
0.0121733
0.01552
0.292493
0.25778
0.00386333
0.20516
0.0233833
0.04656
0.0692733
0.107363
0
0
0
0
0
0
0.00196333
0.00441667
0.0441333
0.0478067
0
0
0
0
0
0
0.0427933
0.02401
0.145357
0.01069
0.00245333
0.06998
0.0492367
0.0895033
0.07797
0.0556133
0.000253333
0
0
0
0
0.0652533
0.000416667
0.20335
0
0.02622
0
0
0
0
0
0
0
0.0188667
0.0137367
0.000416667
0.08362
0
0.189783
0.125473
0
0.00019
0.00631667
0
0.0451133
0.02128
0.00216
0.00110667
0.00110667
0.0614367
0.0256967
0.0296433
0
0.00188667
0.00158667
0
0
0
0
0
0
0
0
0.000746667
0
0
0
0.00142
0.00972667
0.0316267
0.0151933
0.0444667
0.00360667
0
0.00360667
0
0
0.02021
0
0.0625033
0
0.159993
0.199047
0
0
0.00631667
0
0.0184133
0
0
0
0
0.0525267
0
0
0
0
0.000253333
0
0
0
0
0
0.0247733
0.0296767
0.0247733
0.0193
0.03047
0.02073
0.0206867
0.0211233
0.0427867
0.0467967
0.0415867
0
0
0
0
0
0
0
0.000473333
0
0
0
0
0
0
0
0.00885667
0
0
0
0
0
0
0
0.0411867
0.0238833
0
0
0
0
0
0
0
0
0
0
0
0
0
0
0
0
0
0
0.03111
0.00019
0.00019
0
0.0193267
0.0429767
0
0.0300833
0.07774
0.06303
0.04243
0.0478433
0.0573533
0
0.0569
0
0.000466667
0.000466667
0
0
0
0
0
0
0
0
0.04813
0
0
0.02462
0.0240433
0
0
0
0.000506667
0
0
0
0
0
0.000436667
0.00765
0.01942
0.0374533
0.0633733
0.0757467
0.0507033
0.0118767
0.0355033
0.00606333
0.0327633
0.0248333
0.04967
0.00897333
0.00658
0
0.02112
0
0
0.00570667
0.000346667
0
0
0
0
0
0
0
0
0
0
0
0
0
0
0
0
0
0
0
0
0
0
0
0
0
0
0
0
0
0.00743667
0
0
0
0
0.05295
0.04912
0
0
0
0.00497667
0
0
0
0
0
0
0
0
0
0.00159
0
0
0.0131767
0.0162533
0
0
0.0131767
0
0
0.10022
0
0.16039
0
0.14505
0
0
0
0
0
0.0137
0.0124867
0.00137667
0.02065
0.0663367
0.00437333
0
0.00495
0
0
0
0
0.0725233
0.0192
0
0
0
0.0104533
0.0103067
0
0
0
0
0
0.000186667
0
0
0
0.0739467
0
0.0776367
0.03122
0
0
0
0.00768333
0
0
0
0
0
0
0
0
0
0
0
0.0174533
0.0304567
0.02906
0.00110667
0.0774933
0.0587267
0.07264
0.0402433
0
0
0
0
0
0.000173333
0
0
0
0
0
0
0
0
0
0
0.0264733
0
0
0
0.0546833
0
0
0
0
0
0
0.00137
0
0
0
0
0
0
0
0
0
0
0
0
0
0
0
0.119397
0
0.04792
0.000586667
0.0563667
0.02218
0
0.06178
0
0
0.00137667
0
0
0.0659333
0
0.03807
0.00674333
0.0236467
0.0466767
0
0
0
0
0.0310933
0.0611767
0.0369
0
0
0.07185
0.01011
0
0.05711
0.0390667
0
0
0.02656
0
0
0.00134
0
0
0
0.00067
0
0
0
0
0.0251033
0.00061
0.00061
0.00061
0
0
0.00106333
0
0
0.0613033
0.000453333
0
0.000253333
0
0
0.00127667
0.00807
0.0173033
0.0349167
0.0143967
0.0518467
0.0231633
0.02272
0.01484
0.0461167
0.00796667
0.00442667
0.00771333
0.00693333
0.0296533
0.03394
0.0567333
0.01509
0.0328667
0
0
0
0.00576333
0
0.000403333
0
0
0
0
0
0
0
0
0
0
0
0
0
0
0
0
0
0
0
0.0254633
0.00642667
0
0
0
0
0.05654
0.0783233
0
0
0
0
0
0
0
0
0
0
0
0.00159
0
0.02675
0.0120867
0
0
0
0
0.0684233
0
0
0.00172
0
0
0
0
0.00477
0
0
0
0
0.000763333
0.000563333
0
0
0.00586
0
0
0.00749667
0.00459
0.0348667
0.00171667
0
0
0
0
0.0427667
0.00136333
0
0
0
0
0.05689
0.000613333
0.000613333
0
0.01518
0
0.00519
0.0507433
0.0776633
0
0
0.00173
0
0
0
0.00127667
0
0
0
0
0
0
0
0
0
0
0
0
0
0.0251767
0.01679
0.0307967
0.00553333
0.0207767
0.0124467
0.00288333
0.0509033
0.08236
0.0730167
0.0452433
0.03749
0
0
0
0
0.00023
0
0
0
0
0
0
0
0
0
0
0
0
0
0
0
0
0
0
0
0
0
0
0
0
0.09091
0
0
0.0435733
0.07159
0
0
0.0167333
0
0.0133967
0
0.00164
0
0.00027
0
0
0
0
0
0
0
0
0
0
0
0
0
0.0573833
0
0
0.07384
0
0
0
0.0248
0.0396967
0
0
0
0
0
0
0
0.06627
0
0
0
0
0
0.000563333
0
0.00795667
0
0.0301333
0.0287867
0
0.01655
0.00138333
0.00075
0.0289967
0
0
0.01671
0
0
0
0
0.00524333
0.0322833
0.00474667
0
0.0653633
0.0052
0
0.0453133
0
0.00743
0.000253333
0.00312667
0
0
0
0
0.000856667
0
0.00151333
0.0107467
0
0
0.0130933
0.00669333
0.0296633
0.00188667
0
0.0195033
0.0414333
0.0198067
0.000183333
0
0
0.00559
0.00023
0.00023
0
0
0
0
0
0
0
0
0
0
0
0
0
0
0
0
0
0
0
0
0
0
0
0
0
0
0.0522667
0
0
0
0
0
0
0
0
0
0
0.00027
0
0
0
0
0
0.0107
0
0
0
0.0143233
0
0
0
0.0391567
0
0
0.03889
0
0
0.0601
0.01264
0.00984667
0.0520633
0
0.0276533
0
0
0
0.0103233
0.00741667
0
0
0.00359333
0
0
0
0
0
0
0
0
0.000186667
0
0.00067
0
0.00182667
0
0
0
0.00413667
0.03076
0.03692
0
0.00922667
0
0
0
0.0106233
0
0
0
0
0
0
0
0.00185
0
0
0.00386
0.00320333
0.00405
0.000846667
0.00204333
0.0044
0.00188667
0
0.0232533
0.0433967
0.0445733
0.0322467
0.00196
0.0193333
0.0275833
0.00575667
0
0
0
0
0
0
0
0
0
0
0
0
0
0
0
0
0
0
0.00156667
0.00799333
0
0
0.0227567
0
0
0
0
0.0586867
0.0774633
0
0.0482333
0.0487767
0.01221
0.0167933
0
0.000453333
0
0
0
0
0
0
0
0
0
0.000203333
0
0
0
0.00385667
0.01104
0
0
0.02364
0.0269633
0
0.02102
0.03513
0.00027
0.00109333
0
0.01454
0.00027
0.04346
0.000493333
0
0
0.00259
0.00273
0.000633333
0
0.00356
0
0
0.000633333
0
0
0
0
0.0155
0
0
0.00254333
0
0.00287
0
0.00067
0
0
0
0
0
0
0
0.0190933
0.00535667
0.0183267
0
0
0.0149767
0.0216867
0
0.00717667
0
0
0
0
0
0.00185
0
0
0
0
0.000656667
0
0
0
0.0148533
0.01617
0.0596567
0.03153
0.0108067
0.0189367
0.0223933
0.000183333
0
0
0.000396667
0
0
0
0
0
0
0
0
0
0
0
0
0
0
0
0
0
0
0
0
0.0310933
0
0
0
0
0
0
0
0
0
0
0
0
0
0
0
0.00133667
0
0
0
0.0112367
0.00519333
0.00081
0
0
0.00137
0
0
0.00800667
0
0
0.0574733
0
0
0
0
0
0.00520667
0.000583333
0
0.0167933
0.00545667
0
0.000493333
0
0
0.000493333
0
0.000493333
0
0
0.00356
0
0
0.000633333
0
0.0158833
0
0
0
0
0
0
0
0
0.00164
0.00122
0
0
0.00353333
0
0.00969333
0
0.0227933
0
0
0
0
0
0
0
0
0
0
0
0
0.000656667
0
0
0
0.00119667
0.00251333
0.00251333
0.07465
0.05431
0.00536
0.01484
0
0
0.000396667
0
0
0
0
0
0
0
0
0
0
0
0
0
0
0
0
0.00156667
0.00156667
0
0
0.00177333
0
0
0
0.0165367
0
0
0.019
0
0
0
0.01777
0
0
0
0.0185933
0
0
0
0
0
0.00503667
0
0
0
0.000183333
0.000183333
0
0
0
0
0
0
0.00041
0.00031
0.00229667
0
0.01848
0.00615333
0.00112
0.05206
0.0247033
0
0.01504
0.05323
0.0137133
0.02406
0.0894167
0.02188
0
0.0537867
0.00140667
0
0
0.00904333
0
0
0
0
0.000976667
0
0
0.00292667
0
0
0
0
0.000343333
0
0
0
0
0
0
0.00164
0.00189333
0.00189333
0.01777
0
0
0.0523167
0
0
0
0
0.0520267
0
0
0
0.00584333
0
0
0
0
0
0
0
0
0
0.00251333
0
0.00951667
0.00067
0.00496333
0.00645333
0
0
0
0
0
0
0
0
0
0
0
0
0
0
0
0
0
0
0
0
0
0
0
0.00567667
0
0
0
0
0
0
0
0
0
0
0
0
0.00116667
0
0.00687
0
0.0140733
0
0
0.0470933
0
0
0.0342533
0
0.0309467
0
0
0.08403
0.00605667
0.0227433
0.0568067
0.0177933
0
0
0.00260333
0
0
0
0
0
0
0.000343333
0
0
0
0
0.000343333
0
0
0
0
0
0
0
0
0
0.00122
0
0
0
0.00403333
0
0
0
0
0.015
0.0244533
0.0536867
0
0
0
0
0
0
0
0
0
0
0
0
0
0
0
0
0
0
0
0
0
0
0.0264667
0.0541633
0.0703333
0.04811
0.0403667
0.0162967
0
0
0
0
0.00175667
0
0.00175667
0
0
0
0
0
0
0
0
0
0
0
0
0
0
0
0
0
0
0
0
0
0
0
0.000206667
0
0
0
0
0
0
0.00629333
0.00144
0.00485333
0
0
0.00485333
0
0
0
0
0
0.00325
0.00325
0
0.0120033
0.00356
0.00311667
0
0.0165733
0
0
0
0.00897333
0.0544367
0
0.000383333
0
0.0223333
0.0890033
0.000383333
0.0686733
0.148463
0.03199
0.0673933
0
0.146763
0
0.01392
0.00625333
0
0
0
0
0
0.00322333
0
0
0.000976667
0
0
0
0
0
0
0
0
0
0
0
0
0
0
0
0
0
0
0
0
0
0
0.01023
0.0239667
0
0.06121
0.0375433
0
0
0.05663
0
0
0
0
0
0
0.00399333
0.01315
0
0
0
0
0
0
0
0
0
0
0
0.0190367
0
0
0.00244667
0
0
0
0
0
0
0
0
0
0
0
0
0
0
0
0
0.00164667
0
0.00144
0
0
0
0
0
0
0
0
0
0
0.00325
0
0
0
0
0.00770667
0.0122167
0
0
0.06239
0.0585467
0.00456333
0.14922
0.0536467
0.0307967
0.00418
0.139307
0
0
0.0486467
0.08153
0.0617633
0.0378533
0.0234567
0
0
0
0.00159667
0
0
0
0
0
0
0
0
0
0
0
0
0
0
0
0
0
0
0
0
0
0
0
0
0
0
0
0
0
0.0261367
0
0
0
0
0
0
0
0
0
0
0
0
0
0
0
0
0
0
0.02481
0.0308167
0.00745
0.000486667
0.000486667
0
0.000956667
0
0.00521
0.00416667
0.00592333
0.0146933
0.0105267
0.00877
0
0
0
0
0
0
0
0
0
0
0
0
0
0
0
0
0
0
0.000206667
0
0
0
0
0
0
0
0
0
0
0
0
0.0122967
0
0
0.01179
0
0.0199033
0
0.0166067
0.0867
0.0428467
0.000383333
0
0.07334
0
0
0.11066
0.168453
0.146927
0.1075
0
0.0969567
0.00831667
0
0.00594
0
0.01087
0
0
0
0
0
0
0
0
0
0
0
0
0
0
0
0
0
0
0
0
0
0
0
0
0.00741667
0
0
0.0260967
0
0.01927
0
0
0
0
0.00974667
0
0
0
0
0
0
0
0
0
0
0
0
0
0
0
0
0
0.0142267
0.00696333
0.000956667
0.000956667
0.00822
0
0.00104333
0
0
0
0
0
0
0
0.00954
0.00077
0
0
0
0
0
0
0
0
0
0
0
0
0
0
0
0
0
0
0
0
0
0
0
0
0
0
0
0
0
0
0
0
0
0
0
0
0.0298233
0
0.02922
0.0468633
0.02372
0
0.0394433
0.0194867
0.0735667
0.0219767
0
0
0.00531
0
0.1405
0.00949
0.05364
0.156153
0.0346333
0.128247
0.00486667
0.06637
0.000686667
0
0.08825
0.0479533
0.0156
0.03777
0.0398567
0
0
0.00314
0
0.00159667
0.00159667
0
0
0
0
0
0
0
0
0
0
0
0
0
0
0
0
0
0
0.00758667
0
0.00987667
0
0
0
0
0
0
0
0.00059
0
0
0
0
0
0
0
0
0
0
0
0
0
0
0
0
0
0
0.00743333
0
0.00743333
0
0
0
0
0.00119333
0.0113433
0.0291333
0.03177
0.0472033
0
0
0
0
0
0
0
0
0
0
0
0
0
0
0
0
0
0
0
0
0
0
0
0
0
0
0
0
0.000146667
0.00919333
0
0
0
0
0.0197033
0
0
0
0.0367067
0.0270333
0
0
0.03794
0.0704067
0.167017
0
0.105227
0.02674
0.0536367
0.00645333
0
0
0
0
0
0
0
0
0
0
0
0
0
0
0
0
0
0
0
0
0
0
0
0
0
0
0
0
0
0
0.00246
0
0
0
0.00288
0
0
0
0
0
0
0
0
0
0
0
0
0
0
0
0.00017
0
0
0.00015
0.00732667
0
0
0
0.02914
0
0
0
0
0
0
0.00077
0
0
0
0
0
0
0
0
0
0
0
0
0
0
0
0
0
0
0
0
0
0
0
0
0.000146667
0
0
0.0147267
0
0
0.0321067
0
0.03832
0
0.06422
0.118513
0.00334667
0
0
0.00827333
0
0.0349867
0
0.15561
0
0
0
0
0.0279967
0.0538033
0.0260733
0.0107167
0.01341
0.000686667
0
0
0
0
0.00522667
0
0
0
0
0
0
0
0
0
0
0
0
0
0
0
0
0
0
0
0
0
0
0
0
0
0.00017
0
0
0
0
0
0.00059
0
0
0.00059
0
0
0
0
0
0
0
0
0
0
0
0
0
0
0
0
0.00017
0
0.00017
0
0
0.00015
0
0
0.0536933
0.06716
0
0
0
0
0
0
0
0
0
0
0
0
0
0
0
0
0
0
0
0
0
0
0
0
0
0
0
0
0
0
0
0
0
0
0
0
0.0362467
0
0
0.0616467
0
0.02492
0.0633233
0.0591967
0.00524
0.00334667
0
0
0.101747
0.01154
0.158163
0.0294567
0.04996
0
0
0.0660267
0.05549
0.0239033
0
0.1765
0.0645867
0.129037
0.05189
0.0196633
0
0.0535933
0
0.0254333
0.0158267
0
0
0
0
0
0
0
0
0
0
0
0
0
0
0
0
0
0
0
0
0.00017
0.00017
0
0
0
0
0
0
0
0
0
0
0
0
0
0
0
0
0
0
0
0
0
0
0
0
0
0
0.00324
0
0.00937333
0
0.03795
0
0
0.0216267
0
0
0
0
0
0
0.00202667
0
0
0.00077
0
0
0
0
0
0
0
0
0
0
0
0
0
0
0
0
0
0
0
0
0
0.00772333
0
0
0
0
0.0207633
0
0.0376833
0.19176
0.147583
0.02307
0
0.0195033
0
0
0.221503
0
0
0
0.06117
0.04848
0.08674
0.07054
0.00279333
0
0.00386667
0.04591
0.00368333
0.00209667
0
0
0
0
0
0
0
0
0
0
0
0
0
0
0
0
0
0
0
0
0
0
0
0
0
0
0
0
0
0
0
0
0
0
0
0
0
0
0
0
0
0
0
0
0
0
0
0
0
0
0
0
0
0
0
0
0
0
0
0
0
0
0
0
0
0.00309
0.06216
0
0
0
0
0
0
0
0
0
0
0
0
0
0
0
0
0
0
0
0
0
0
0
0
0
0
0
0
0.000146667
0.00219
0
0.00152667
0.0002
0.00152667
0
0.05692
0.03478
0
0.05788
0.0352867
0.01662
0.00016
0
0.0434233
0.00016
0
0.108077
0.04777
0.0547967
0.0607833
0.0664067
0.0606567
0.0646667
0.12977
0.08206
0.03604
0.05993
0
0.0472067
0.00420333
0
0
0.00377
0
0
0
0
0
0
0
0
0
0
0
0
0
0
0
0
0
0
0
0
0
0
0
0
0
0
0
0
0
0
0
0
0
0
0
0
0
0
0
0
0
0
0
0
0
0
0.00659333
0.01509
0
0
0.0403133
0.0510567
0
0.0378433
0.0252667
0
0
0
0
0
0
0
0.00125667
0
0
0
0
0
0
0
0
0
0
0
0
0
0
0
0
0.011
0.0240233
0.0002
0.00289667
0.0290067
0.00472667
0
0.0490267
0.00787333
0.00153
0.0447867
0.0375
0.181877
0.00016
0.181207
0
0.00895
0
0.03913
0.197267
0
0
0
0
0.00384
0.06254
0
0
0.000183333
0.08041
0.11504
0.01895
0
0
0.000176667
0
0.000176667
0
0
0
0
0
0
0
0
0
0
0
0
0
0
0
0
0
0
0
0
0
0
0
0
0
0
0
0
0
0
0
0
0
0
0
0
0
0
0
0
0
0
0
0
0
0
0
0
0
0
0.02674
0
0
0.00592667
0
0
0.00151667
0
0
0
0
0
0
0
0
0
0
0
0
0
0
0.00668
0
0
0.00668
0
0.00271333
0.00247333
0
0
0
0
0.00024
0.00024
0
0
0
0
0
0.00204333
0.00220667
0
0
0.0231333
0.0667733
0.00968333
0.0196333
0.00750333
0.0485233
0.0522367
0.0651867
0.0463733
0.03153
0.0710433
0.14475
0.2033
0
0.0138533
0.0331433
0
0.251127
0
0.206857
0.249927
0
0.12789
0
0.000366667
0.0829133
0.0922267
0.143657
0.0330333
0
0.01996
0
0
0.00185
0.00242667
0
0
0
0
0.000753333
0
0
0
0
0
0
0
0
0
0
0
0
0
0
0
0
0
0
0
0
0
0
0
0
0
0
0
0
0
0
0
0
0
0
0
0
0
0
0
0
0
0
0
0
0
0
0
0
0
0
0
0
0
0
0
0
0.00350333
0.00421333
0.01271
0
0.00953333
0.0132333
0
0
0
0
0
0
0
0
0
0
0
0
0
0
0
0
0
0.00021
0
0
0
0.00915333
0
0
0
0
0
0
0
0
0
0
0.000163333
0
0
0.00027
0.00965
0.00515333
0.00389667
0
0.0110267
0.00515667
0.0139067
0
0.01224
0.02225
0.00068
0.00596333
0.0467033
0.00547667
0.0300933
0.00052
0
0.0489533
0
0.000183333
0.25532
0.0387
0
0.201217
0.0344233
0
0.000183333
0.03773
0.01755
0.126677
0.17291
0.0730933
0.07541
0
0
0.110963
0
0
0.000576667
0
0
0
0
0
0
0
0
0
0
0
0
0
0
0
0
0
0
0
0
0
0
0
0
0
0
0
0
0
0
0
0
0
0
0
0
0
0
0
0
0
0
0.00026
0
0
0
0
0
0
0.00021
0.00233
0
0.0088
0.0335567
0
0.03391
0
0
0
0
0
0
0.00289333
0.00042
0
0
0
0
0.000626667
0.000693333
0.000856667
0.000693333
0.00223333
0.00652333
0
0.11223
0.0816
0.0157067
0.00221
0.00154
0.110127
0.0715133
0.10954
0.01989
0.00720333
0.0272133
0.0287333
0.453217
0.241367
0.01139
0
0.260493
0.05245
0.0338767
0.000866667
0
0.0681267
0.03282
0.64456
0.06838
0.440147
0.463277
0
0.26421
0.0631933
0
0.000346667
0.225583
0.226567
0.00783667
0.193977
0.173903
0.0832633
0.03076
0
0
0
0
0.0151467
0
0
0
0
0
0
0
0
0
0
0
0
0
0
0
0
0
0
0
0
0
0
0
0
0
0
0
0
0
0
0
0
0
0
0
0
0
0
0
0
0
0
0
0.000203333
0.00059
0
0
0
0
0
0
0
0
0
0
0
0
0
0
0
0
0
0
0
0
0
0.00119667
0.00152333
0
0.00499667
0.000586667
0
0
0
0
0
0.00026
0
0
0
0
0.00021
0
0
0
0
0
0
0
0
0
0
0
0
0
0.000626667
0
0.00027
0.00957667
0.00054
0
0.00416667
0.0122067
0
0.146577
0.11944
0.08872
0.0354967
0.222157
0.00649333
0.00567
0.46993
0.03323
0
0.00117667
0.00117667
0.00933667
0.03871
0.13827
0.30568
0.381327
0.595733
0.0228667
0.438873
0.0794267
0.15361
0.701273
0
0.440843
0.02629
0.0718667
0.247123
0.390947
0.572133
0.000506667
0.534713
0.49229
0.000506667
0.412183
0.04416
0.0326133
0
0.37883
0.0419367
0.21968
0
0.00601667
0.0276467
0
0.0247233
0.122217
0
0
0.09064
0
0
0
0
0
0.0205067
0
0
0
0.00761
0
0
0
0
0
0
0
0
0
0
0
0
0
0
0
0
0
0
0
0
0
0
0.000203333
0
0
0
0.000166667
0.000166667
0
0.000406667
0.000793333
0
0
0
0
0
0
0
0
0
0
0
0.000486667
0
0
0
0
0
0
0
0
0
0
0
0
0.00239667
0
0
0.0201367
0.00451667
0.0427067
0
0
0
0.0340867
0
0
0
0.00951
0
0
0.00018
0
0
0
0
0
0
0.02637
0
0
0
0.00154
0.15556
0.0226467
0
0.190483
0.163347
0.00357
0.00134
0.251037
0.268167
0.00335
0.292257
0.325617
0
0.00701667
0.0154567
0.0693767
0.00490333
0.0349533
0.0423967
0.07974
0.10536
0.239153
0.21342
0.30866
0.00103667
0.01658
0.250613
0.00103667
0.125713
0.0217067
0
0.0303167
0.07998
0
0
0.00703333
0
0
0
0
0
0
0
0
0
0
0
0
0
0
0
0
0
0
0
0
0
0
0
0
0
0.000203333
0
0
0
0
0
0
0
0.000166667
0.000376667
0
0
0
0.00240333
0.00181333
0
0
0
0
0
0
0
0
0
0
0
0
0
0
0
0
0
0
0.000486667
0.000486667
0
0.000813333
0.000326667
0
0
0
0
0
0
0
0
0
0
0
0
0
0
0
0
0.00218667
0
0
0
0
0
0.07048
0
0
0.00067
0.00703667
0
0
0.00067
0.000733333
0
0
0.00136
0
0
0.0181533
0
0.00027
0
0.00858
0.10466
0
0.0505067
0.00278667
0.2079
0.00439667
0.0401633
0.0641967
0
0.02253
0.42432
0.51344
0.00382333
0.00486
0.02024
0.621863
0.00261333
0.02545
0.01911
0.0210333
0.02329
0.01667
0.256307
0.00134333
0
0.0171867
0.00632667
0.00501667
0.00641667
0.24095
0
0
0.1345
0.000306667
0
0
0
0.00703333
0
0
0
0
0
0
0
0
0
0
0
0
0
0
0
0
0
0
0
0
0
0
0
0
0
0.00021
0
0
0
0
0
0.00390333
0
0
0.00563333
0.00602
0
0
0
0
0
0
0
0
0
0
0
0
0
0
0
0
0.000206667
0.000206667
0
0
0
0
0
0
0
0
0
0
0
0
0.0224
0
0
0
0
0
0
0
0
0.0615067
0
0.00774667
0
0
0.00685667
0.000733333
0
0
0
0.00027
0.0134267
0.210977
0.00123667
0.00123667
0.0252167
0.00653333
0.00292
0.00236333
0.350073
0.339233
0.06826
0.0407733
0
0.00283333
0.09141
0.09737
0.157553
0.329457
0
0.16224
0.0978733
0.08088
0.34777
0.538713
0.360573
0.32546
0.00263333
0.146097
0.0549467
0.0551
0.0576167
0.07343
0.137297
0.205467
0.30707
0.000663333
0.02228
0.000526667
0.000663333
0.0778933
0.00718667
0
0
0
0
0
0
0
0
0
0
0
0
0
0
0
0
0
0
0
0
0
0
0.00061
0.000776667
0
0.00543
0.00763
0
0
0
0
0
0
0
0
0
0
0
0
0
0
0
0
0
0
0
0
0
0
0.000206667
0.00038
0.000173333
0
0
0
0
0
0
0.00218667
0
0.00657
0
0
0.0315267
0
0.0570367
0
0.00941667
0.0164933
0.04701
0.01874
0
0
0.00848
0
0
0.00143
0.00350333
0
0.00015
0.00015
0.0202967
0.05288
0
0.165377
0
0
0.00630667
0.03468
0.0449133
0.0639967
0.01667
0.01994
0.00563333
0.00382333
0.03633
0.39699
0.0249333
0.03323
0.22826
0.01613
0.01141
0.00836333
0.00856333
0.0588767
0.0428733
0.00362
0.0469567
0.02514
0.262427
0
0.00171333
0.000306667
0.00420333
0.15389
0.00105
0
0
0.0179967
0
0
0
0
0
0.000166667
0
0
0.00144333
0
0
0
0.00144333
0
0
0.00323333
0
0
0
0.000676667
0.000676667
0
0.00175
0
0
0.00107333
0
0
0.00163
0.00435333
0.00054
0
0.00430333
0.00515667
0.02718
0.0280533
0.000163333
0
0
0.0319633
0.00925333
0.00744
0
0
0
0
0
0
0
0
0
0
0
0
0
0
0
0
0
0.00699333
0.00716667
0.000746667
0
0
0
0
0
0
0
0
0
0
0
0.00742333
0.0187367
0
0.00958333
0.0514667
0
0
0.00091
0
0
0
0.000306667
0.000306667
0.04541
0
0
0.00511667
0
0.292653
0.00052
0.393493
0.43761
0.384413
0.00052
0.0152867
0
0.0519933
0.0465733
0.122713
0.10432
0.05198
0.00382333
0.2363
0.0652933
0.24571
0.0644833
0.101997
0.0143367
0.0497733
0.00084
0.00980333
0.02967
0.0590033
0.0856133
0.18434
0.349563
0.000313333
0.320277
0
0.111837
0
0
0
0
0
0
0.000166667
0
0
0
0.00170667
0
0
0
0
0
0.000476667
0.000476667
0.00523667
0
0
0.00391
0
0
0
0.00978333
0.0101033
0.000646667
0.00217333
0.000753333
0
0.00213
0.00267
0.00054
0
0.000163333
0.00109333
0.00154
0
0
0.0529767
0.0341767
0
0
0
0
0
0
0
0
0
0
0
0
0
0
0
0
0
0
0
0
0
0.00063
0.00741667
0.00753333
0
0.000146667
0.000573333
0
0
0.00017
0.00017
0
0
0
0
0.00039
0.00039
0.000166667
0.00117333
0.00210667
0.00132333
0.00132333
0.0259767
0
0
0.00162333
0
0.01966
0
0
0.00633667
0.00277
0.00015
0.0120933
0.000156667
0.212713
0.10677
0.06573
0.11643
0.136627
0.177393
0.256127
0.370417
0.0328633
0.05514
0.00380667
0.00491667
0.0187733
0.09366
0.0508967
0.00351667
0.0523867
0.169053
0.11809
0.0657733
0.00093
0.01934
0.0237367
0.02359
0.00715667
0.0114167
0.08045
0.07297
0.07865
0.107297
0.27288
0.3365
0.0286233
0.229513
0.0115633
0.00768667
0.12961
0.00105
0.00220333
0.02896
0.00032
0.01815
0.000153333
0.000153333
0.000576667
0.00211667
0
0
0.00078
0
0
0.00298333
0
0
0.00078
0
0
0
0.0111067
0
0.01078
0.0169033
0
0
0.000903333
0.00155
0
0.00277667
0.00073
0.0209067
0.000353333
0
0
0
0
0
0
0
0
0
0
0
0
0
0
0
0
0
0
0
0.00147333
0.0359133
0.0358567
0
0
0
0.00102
0.000873333
0.00124
0
0
0
0.000146667
0
0.00122
0
0.005
0.00426
0.000166667
0
0.0150933
0
0
0.02176
0.04328
0
0
0.01207
0.00189
0.0520933
0.000566667
0.000566667
0.0244167
0.00142
0
0.000306667
0
0.00047
0.000626667
0.000313333
0.00539333
0.000676667
0.00123667
0.00239667
0.00801333
0.0404533
0.444787
0.42523
0.0283067
0.16263
0.152207
0.0442167
0.0453133
0.0313533
0.0293267
0.0057
0.161383
0.156143
0.00454333
0.18564
0.0101567
0.0783
0.0189
0.00878333
0.218033
0.28489
0.340057
0.00886333
0.0705733
0.0465633
0.000313333
0.00567333
0
0.0148833
0.00503333
0
0
0
0
0.00713
0.00682667
0.01011
0
0.01067
0.000476667
0.0238033
0
0.0289967
0.00016
0
0
0.00712333
0.0217167
0.0254
0.00938333
0.0282333
0.0202
0.01831
0
0
0.0312633
0.06069
0.07823
0.0628433
0.0140633
0.00662333
0
0
0
0.000396667
0
0
0
0
0
0
0
0
0
0
0
0
0
0
0
0
0
0
0
0
0.000843333
0.02997
0.04586
0
0.000873333
0.000666667
0.00017
0.000386667
0.00168333
0.00146
0.00457667
0.00113333
0.0134367
0.0103433
0.00694
0.0128833
0.00787333
0.01055
0.03717
0.00522
0.00181
0.00171
0.00114333
0.00172667
0.00557667
0.00843667
0.00015
0.00219
0.000783333
0.00175333
0.00216
0.0887533
0.00175333
0.192687
0.00574667
0.00246667
0.00175333
0.00418667
0.00193
0.00516
0.315727
0.0481767
0.0108633
0.0911533
0.225113
0.0476133
0.240607
0.195893
0.220343
0.13868
0.13855
0.0780233
0.0690733
0.00645
0.0394233
0.03417
0.05637
0.17154
0.270233
0.346483
0.264067
0.02982
0.00092
0.03147
0.176777
0.01909
0.0390433
0
0.0472567
0.0357067
0
0.0186733
0
0.0179967
0.000563333
0.0101367
0.000653333
0.0211067
0.01175
0
0.0181
0.0368133
0.04394
0
0
0.0248767
0
0.0347767
0
0
0
0
0.00146333
0.0536633
0
0.00162333
0.0441267
0.00086
0.00160333
0
0.00225
0.0246733
0
0.00105333
0.00540667
0.0145933
0.0144867
0.01875
0.0228533
0
0.02643
0.03587
0.0169533
0.0407767
0.0651233
0
0.0445433
0
0
0.000486667
0.000883333
0.000216667
0
0
0
0
0
0
0
0
0
0
0.01803
0
0.00168333
0
0.00499667
0.00532
0
0
0.00799333
0.0183133
0.000966667
0
0.0184767
0
0.0296933
0
0.00794
0.0655433
0
0.00575333
0.0441833
0.0289633
0
0.0240767
0.0111533
0.00183
0.02454
0.00175333
0.0264533
0.01356
0.187517
0.00843667
0.398753
0.0164667
0.0154633
0.117143
0.165273
0.398647
0.373837
0.472607
0.540757
0.00481
0.0335
0.0973767
0.0656533
0.0210533
0.03266
0.190483
0.01883
0.20466
0.0241533
0.113917
0.121407
0.354363
0.21822
0.597787
0.392583
0.410167
0.0566367
0.316133
0.05268
0.000606667
0.0595533
0.00535333
0.00668333
0
0.0128367
0
0
0.01414
0.0154367
0
0.0488567
0
0
0
0.0204533
0.0747467
0.01509
0.0141033
0
0.08844
0
0.06806
0
0
0
0.05505
0.0151733
0.02629
0.03547
0
0.07291
0.0398667
0
0.0643633
0
0
0.00681333
0.000676667
0.000396667
0.000216667
0
0
0
0.000216667
0
0
0
0.00104333
0
0.000176667
0.000176667
0
0
0
0
0.0185933
0.0107033
0.0417867
0.0604233
0.120907
0.106613
0.0237133
0
0
0.00563
0.0142167
0.00960667
0.00845
0.00219333
0.00304
0
0.01
0.01581
0.00661
0.0213367
0
0.0270133
0.0346533
0.0347767
0.0272
0.0243367
0.0184867
0.0385967
0
0.02468
0
0
0.00582333
0.00901333
0.01423
0
0.00479667
0.0101867
0.0271467
0.0111367
0.00256333
0.00301
0.00183
0.00272
0.0117533
0.01713
0.00461
0.0212733
0.07426
0.08103
0.00308
0.00345667
0.00244667
0.0243733
0.00156667
0.389753
0.21554
0.0618767
0.06897
0.0198833
0.200153
0.711437
0.634287
0.107563
0.0209
0.0243967
0.101817
0.355887
0.48144
0.67693
0.589597
0.52748
0.25428
0.09607
0.0901067
0.106947
0.0798933
0.0318567
0.0316467
0.0400667
0.01845
0
0.00135333
0.000676667
0.0208933
0
0.00237333
0.00528
0.0228967
0
0.01554
0
0.0576167
0.106153
0.0908833
0.05383
0
0.08594
0.13611
0
0.0564867
0.0663167
0
0.00102667
0.116163
0.00102667
0.00386
0.10532
0
0.0165467
0.00309667
0
0
0.0734333
0.00105333
0.0281367
0.0628967
0.0554633
0.0903167
0.0830267
0.0796267
0.0556733
0
0.121123
0.0903133
0.119513
0.0879833
0.109347
0.145317
0.00843667
0
0.0350333
0
0.00796333
0
0
0
0
0.00518
0.00518
0.00104333
0
0
0
0.00193333
0.00089
0
0.000176667
0
0
0.000176667
0
0
0
0.000563333
0
0.00093
0.000563333
0
0.000366667
0
0.00747
0.0003
0
0.0003
0.0011
0.00176667
0.0788667
0.00370667
0
0.0356967
0.06255
0
0.0244167
0.0465667
0.0659233
0.05933
0.000176667
0.0357733
0.000176667
0.0246767
0.00612
0.05239
0.03249
0.0223533
0.0400867
0.00534333
0.04918
0.00810333
0.0131167
0.0307167
0.01534
0.607723
0.05428
0.0556367
0.527233
0.0799933
0.108617
0.0852
0.0793033
0.11556
0.0899567
0.11823
0.000606667
0.08321
0
0
0.02697
0.00718333
0.000393333
0.0690233
0
0.000393333
0.0338567
0
0.0907067
0.000503333
0.000503333
0
0.0999333
0.10528
0
0.00137667
0.10381
0
0.0401767
0.157387
0.00240333
0.0287867
0.156047
0
0.07871
0.102353
0.115817
0.00105333
0.182317
0.19967
0.143583
0.164037
0.00738333
0.00046
0.00046
0.00954333
0.0368033
0
0.03057
0.00190667
0.00661333
0.00227333
0.00178667
0.00129667
0.00210333
0.00102333
0.00139
0.00286333
0.00742333
0.0126033
0.00089
0.00465333
0.0059
0.00142333
0
0.06048
0.08283
0.0997733
0.0447033
0.0359233
0
0.06152
0.0535733
0.09085
0.0589
0.03519
0.02644
0.0226533
0.02203
0
0.06379
0.0534133
0.0500467
0
0
0.07139
0.0866267
0.0709767
0.114427
0
0.0940667
0.116013
0.0466667
0.04509
0.0336833
0.000176667
0.0618033
0.0254933
0.134747
0.00726
0
0.00054
0.126827
0.000823333
0.00486333
0.0154633
0.101557
0.00836333
0.01525
0.0178167
0.0991867
0.0140567
0.22179
0.111797
0.16651
0.36944
0.155183
0.181103
0.150323
0.12327
0.113257
0.00156333
0.0313267
0.0628033
0.000393333
0.000676667
0.03477
0.0201333
0.00149333
0.00149333
0.00149333
0.0187667
0.0351033
0.00265667
0.103023
0.000213333
0.129527
0.11799
0.00276667
0.162393
0.000213333
0.135263
0.165243
0.00083
0.15088
0.00187667
0.121493
0.135547
0.000326667
0.00325333
0.0967833
0.184843
0.0132233
0.03437
0
0.0190767
0.00825667
0.10156
0.0228667
0.02943
0.00723
0.0826833
0.0841833
0.000556667
0.18354
0.200393
0.21636
0.171947
0.00101667
0.00460333
0.000933333
0.00301
0.00071
0.00164333
0.000933333
0.00669333
0.00781333
0.01842
0.00403667
0.0199867
0.00032
0.00185
0.00153
0
0
0
0.13103
0.121643
0.12491
0.115483
0.0560533
0
0.152723
0.04971
0.0371867
0.00815667
0.104237
0.11576
0.15101
0.00792333
0.01304
0.0887567
0.157177
0.0398333
0.03391
0.000723333
0.0774767
0.1082
0.113567
0.07629
0.01516
0.06796
0.178603
0.0535
0.0486467
0.0679367
0.0581667
0.111923
0.04504
0.0242533
0.14174
0.0203
0.0796567
0.265883
0.0133333
0.102373
0.0999367
0.254693
0.14365
0.07119
0.173807
0.00729333
0.0571133
0.17434
0.164253
0.00198
0.129623
0.00557333
0.0768533
0.0042
0.000676667
0.0402267
0.108533
0.02525
0.16032
0.0738867
0.16045
0.0072
0.00128333
0.00526333
0.141143
0.000923333
0.09012
0.181543
0.158403
0.000923333
0
0.00024
0.0118267
0.0429567
0.0806467
0.0572833
0.138243
0.185363
0.000796667
0.000233333
0.243717
0.22521
0.21846
0.213973
0.1883
0.000233333
0.00333
0.00462333
0.00863
0.00606
0.00574667
0.0172867
0.0411333
0.0500967
0.0215667
0.01743
0.03726
0.0217633
0.02403
0.00898
0.00866
0.0185233
0.0042
0.00778667
0.00194333
0.00347333
0.00332333
0.00463
0.00662
0.00264
0.00268667
0.00491
0.170553
0.10183
0.0654267
0.00574333
0.000506667
0.15066
0.0103267
0.00567667
0.0689667
0.0364467
0.0715267
0.00101667
0.00152333
0.07589
0.0120067
0.00101667
0.09409
0.108193
0.00206667
0.18412
0.180073
0.00105
0.163897
0.00177333
0.171257
0.0638167
0.146703
0.0009
0.00356333
0.02616
0.0218833
0.0573033
0.00284
0.0091
0.117873
0.0210767
0.0221833
0.00697667
0.0114867
0.0813167
0.0391867
0.141807
0.0318533
0.00358667
0.0251167
0.03418
0.0544933
0.132097
0.0966267
0.104867
0.0402667
0.170147
0.163247
0.0199
0.0416067
0.117367
0.173933
0.19933
0.01386
0.00309333
0.0140767
0.147213
0.000886667
0.131817
0.0714333
0.0542167
0.01067
0.0278833
0.00741
0.0702067
0.0252767
0.00360333
0.0121633
0.00586667
0.06697
0.0058
0.09927
0.00452
0.130173
0.01984
0.00559
0.149193
0.18127
0.128703
0.0930333
0.12754
0.00294667
0.190383
0.12056
0.145517
0.0589633
0.0679067
0.0850333
0.07376
0.03881
0.0323933
0.11476
0.08111
0.04111
0.0407733
0.00483
0.219317
0.126533
0.0765433
0.0568633
0.00626667
0.00162667
0.00682333
0.0120733
0.00256333
0.0108033
0.00901
0.02012
0.00537333
0.0168
0.01082
0.0204933
0.01639
0.02705
0.0240267
0.03952
0.0233867
0.02473
0.0125867
0.04325
0.05286
0.0297067
0.04544
0.0781233
0.09679
0.132097
0.02188
0.02261
0.00976333
0.00736333
0.00972333
0.00773
0.18144
0.122103
0.0743333
0.09467
0.19315
0.2061
0.0574633
0.122703
0.13617
0.1274
0.08219
0.16003
0.08858
0.06541
0.0554467
0.04521
0.03967
0.0740133
0.0332667
0.0628933
0.115713
0.18998
0.203787
0.160887
0.13218
0.144553
0.0724133
0.151883
0.0768033
0.12952
0.115783
0.08698
0.07737
0.0998267
0.0496333
0.210237
0.19524
0.0887033
0.0963233
0.129127
0.11152
0.0613233
0.158733
0.122893
0.119607
0.16304
0.273577
0.129883
0.0317933
0.107
0.19055
0.07839
0.299343
0.0760767
0.0907167
0.114257
0.160783
0.0329
0.0453733
0.10456
0.02655
0.0322867
0.0244533
0.206143
0.16658
0.0622533
0.0544367
0.0918
0.121697
0.111973
0.05753
0.114583
0.22181
0.0888267
0.137003
0.0593567
0.09496
0.0940533
0.2392
0.21986
0.153363
0.18222
0.0753633
0.09283
0.0341967
0.05111
0.09452
0.00781333
0.210323
0.193127
0.06663
0.0980233
0.135413
0.1634
0.165543
0.126213
0.181803
0.133603
0.243813
0.12917
0.0578
0.115403
0.08897
0.07798
0.0954733
0.114113
0.02722
0.103387
0.114477
0.07976
0.101233
0.0924667
0.111267
0.10551
0.0743867
0.14445
0.137877
0.13889
0.137727
0.173087
0.118603
0.0898567
0.15798
0.173143
0.16575
0.17782
0.14425
0.14475
0.0669367
0.112437
0.0310133
0.141737
0.114947
0.124467
0.05595
0.139047
0.0721267
0.169817
0.00969333
0.0862167
0.0933667
0.0480533
0.0006
0.0578833
0.139437
0.00967
0.0410233
0.0470833
0.0510233
0.03603
0.0135467
0.0176233
0.130077
0.101497
0.115737
0.197167
0.140237
0.07907
0.0567867
0.168403
0.143843
0.09623
0.0186167
0.0255867
0.18619
0.195703
0.159447
0.163873
0.153763
0.202823
0.169987
0.155297
0.133573
0.17473
0.138473
0.206007
0.105533
0.0973033
0.124423
0.16265
0.17646
0.148153
0.0732767
0.0734
0.0670767
0.202643
0.253463
0.315093
0.0365733
0.06217
0.02553
0.198573
0.197863
0.00919333
0.0185533
0.135347
0.128923
0.24226
0.226143
0.29357
0.14318
0.0464767
0.124313
0.01061
0.08017
0.121077
0.183593
0.02762
0.00447333
0.00845333
0.0202633
0.0833967
0.140187
0.0323567
0.0833267
0.10761
0.09289
0.0781533
0.0552933
0.0451733
0.121587
0.07909
0.0955967
0.0818533
0.0743833
0.06256
0.0295467
0.0113767
0.0476833
0.0237567
0.00750667
0.08848
0.116083
0.11802
0.09815
0.0136767
0.0168467
0.00682333
0.03443
0.0953067
0.12926
0.135057
0.0567433
0.0315
0.178317
0.20081
0.14741
0.184317
0.17314
0.11376
0.0304833
0.0254733
0.00626667
0.00306333
0.00911
0.0518133
0.110613
0.113107
0.130123
0.176547
0.0779467
0.0372333
0.0158733
0.0386933
0.0484067
0.0460533
0.03675
0.0493533
0.0705667
0.0626133
0.0202233
0.0852
0.0140167
0.0344067
0.0229633
0.0280933
0.0511667
0.0432933
0.02751
0.03662
0.05457
0.120343
0.0793833
0.101853
0.0270433
0.14399
0.0645033
0.152577
0.18571
0.135707
0.155323
0.1037
0.0294067
0.01127
0.0227767
0.05948
0.03195
0.03172
0.0538233
0.0768333
0.04086
0.0122
0.0939267
0.0136267
0.0435367
0.0304767
0.259413
0.0292533
0.0691033
0.0550267
0.01456
0.04595
0.0496567
0.05485
0.0964633
0.0798367
0.0869367
0.0657767
0.08044
0.05439
0.147093
0.231993
0.15243
0.19445
0.171913
0.104563
0.0329733
0.0920767
0.0870233
0.118843
0.0697833
0.02319
0.0456533
0.02855
0.0389733
0.0479133
0.0713867
0.08895
0.0715067
0.0205367
0.0473767
0.117943
0.0482667
0.105153
0.0722567
0.0927167
0.0958267
0.219633
0.271233
0.306667
0.307347
0.0865933
0.172197
0.0877667
0.0578333
0.0707133
0.155883
0.278357
0.179203
0.301657
0.16246
0.0958
0.07705
0.0642633
0.0365833
0.02945
0.08925
0.0689333
0.113043
0.03263
0.0773167
0.107943
0.08293
0.153807
0.205687
0.136717
0.0999833
0.240703
0.258213
0.32633
0.377103
0.141277
0.0781233
0.144773
0.07284
0.100233
0.0951833
0.108857
0.149113
0.122683
0.10636
0.07403
0.0933233
0.149437
0.207567
0.194273
0.187253
0.120633
0.263407
0.227477
0.0749267
0.257017
0.22503
0.258163
0.3317
0.434523
0.29887
0.23371
0.0360767
0.0386633
0.0941033
0.0868167
0.07921
0.10539
0.14259
0.0863667
0.09296
0.0629333
0.0783833
0.0430267
0.113793
0.119617
0.135393
0.0833867
0.12618
0.166477
0.153243
0.12304
0.03894
0.03701
0.110693
0.0653867
0.118663
0.209513
0.11657
0.35067
0.22137
0.19997
0.232047
0.09476
0.211373
0.19383
0.166957
0.0862933
0.166457
0.07824
0.147047
0.0659867
0.0896267
0.122447
0.12814
0.10725
0.138793
0.14413
0.14554
0.14774
0.0963967
0.123597
0.11399
0.163253
0.15838
0.18644
0.125207
0.265017
0.137897
0.10369
0.25128
0.33198
0.400103
0.278397
0.400783
0.327147
0.08769
0.02483
0.173997
0.0455533
0.123017
0.107347
0.122157
0.116803
0.185037
0.150287
0.12271
0.0468233
0.129923
0.102733
0.153133
0.155297
0.28457
0.243693
0.24501
0.30625
0.229507
0.192887
0.12536
0.0679733
0.131527
0.147003
0.0620333
0.10296
0.137613
0.139113
0.189357
0.25843
0.164723
0.15504
0.372183
0.312053
0.350717
0.400623
0.31997
0.32079
0.103283
0.127667
0.271737
0.221
0.10913
0.148623
0.12068
0.16274
0.131683
0.160027
0.154193
0.1591
0.14085
0.0773133
0.134463
0.126383
0.0896233
0.10757
0.0866467
0.0820867
0.0890333
0.0853567
0.29594
0.470457
0.26237
0.420197
0.245487
0.23512
0.105017
0.146643
0.0643567
0.266707
0.441223
0.225557
0.171483
0.11949
0.0680333
0.0809967
0.0893767
0.23149
0.07036
0.0840133
0.415763
0.0614567
0.16814
0.105737
0.26199
0.05093
0.10327
0.11218
0.168643
0.23868
0.04377
0.0468967
0.0717367
0.08468
0.109593
0.108003
0.11497
0.110673
0.102967
0.09116
0.276447
0.0838433
0.10119
0.137693
0.253913
0.110143
0.15028
0.1684
0.0845333
0.0798533
0.20081
0.161777
0.24097
0.139307
0.171517
0.0800967
0.145523
0.12367
0.06097
0.161643
0.243727
0.0749567
0.0703833
0.07005
0.13793
0.0602633
0.08064
0.210557
0.0984767
0.238487
0.24378
0.17173
0.336183
0.217587
0.422
0.215337
0.28378
0.260883
0.258083
0.08371
0.258563
0.43491
0.499133
0.18672
0.386887
0.252993
0.321437
0.289157
0.249193
0.407843
0.0593133
0.07549
0.0764433
0.100977
0.25272
0.221917
0.06454
0.23812
0.0611033
0.09244
0.157557
0.0284167
0.242527
0.0980867
0.0761533
0.0645367
0.0592167
0.112223
0.0986367
0.125757
0.08029
0.0216467
0.164603
0.0580967
0.0118967
0.102733
0.0618067
0.0274467
0.204803
0.07918
0.00559
0.04482
0.06803
0.04249
0.0259967
0.113753
0.0780333
0.08522
0.119443
0.06022
0.0566133
0.0207933
0.205297
0.245613
0.06702
0.103397
0.128617
0.164097
0.117153
0.0382967
0.152043
0.174893
0.161727
0.148753
0.105717
0.0247667
0.00565333
0.203687
0.118943
0.0543
0.300027
0.13531
0.14095
0.173283
0.191353
0.21567
0.151743
0.165553
0.0410133
0.0311767
0.0427133
0.0291733
0.236577
0.31637
0.149653
0.0450233
0.0496267
0.07765
0.0781033
0.27225
0.185957
0.163307
0.0934767
0.0886033
0.0885133
0.11078
0.16996
0.196987
0.195537
0.172797
0.125007
0.116383
0.217267
0.31018
0.20975
0.184487
0.16616
0.18779
0.0880167
0.10698
0.183503
0.164487
0.270783
0.166993
0.110783
0.00603667
0
0
0.00603667
0.00622333
