0
0
0
0.00610333
0
0
0.0266733
0
0.0047
0
0.000693333
0.00367333
0
0
0.00117
0.0225233
0
0
0
0.00109
0
0.0158467
0
0.00023
0
0.0119467
0.00017
0.0247133
0.02436
0
0.0192433
0.00012
0.000693333
0
0
0.00203667
0.0113333
0
0
0
0.000333333
0.000366667
0.00129333
0.0250967
0.0381033
0
0.000693333
0.000206667
0
0.00478333
0
0
0
0.00548333
0.000343333
0.0180033
0.00239667
0.000416667
0.00441333
0.0405933
0
0.00190667
0.00366333
0
0
0
0
0.0114533
0
0
0
0.0237967
0.00176333
0.00381
0
0.00176
0.00732667
0.000916667
0.03129
0.00702333
0
0.00422667
0
0.0148133
0.04067
0.0154433
0
0
0
0.00110333
0.00302667
0.00558667
0.00151333
0.0136167
0.000333333
0.0355533
0.000333333
0
0.01746
0
0.00233
0.02073
0.00106
0
0
0
0
0.00841
0
0.0320733
0
0
0.00146
0
0
0.00019
0
0
0
0
0.01819
0.0364867
0.00659667
0.0188767
0
0
0.00171333
0.00115667
0
0
0
0.00564667
0.00016
0
0
0.000613333
0.00379333
0
0
0
0
0
0.0212567
0.00011
0
0
0.00012
0.0104233
0.03543
0
0.0183533
0
0.00199333
0
0.00147
0.0127767
0
0
0
0
0.0156833
0
0.00115
0.00343333
0
0.00132667
0
0.000693333
0
0
0
0
0
0
9.66667e-05
0.00379333
0
0
0.000986667
0
0.00117
0
0.000613333
0
0.0178467
0.00615333
0.00257667
0.0144167
0
0
0
0.0133633
0.0150067
0.0194533
0
0.0602333
0.00014
0
0.00733
0
0
0.00029
0
0
0
0.00012
0
0.00761667
0
0.00187
0.00371
0.0202233
0.00105
0.04583
0.08447
0
0.000406667
0
0
0.00015
0.0135167
0.0158633
0.00322667
0.0188133
0
0.0255667
0.00026
0.00352
9e-05
0.0083
0.00107
0
0.00027
0.00024
0.00338333
0.00647667
0
0.02186
0.0002
0.000686667
0
0
0
0.00154333
0
0.000106667
0
0.00989333
0.000856667
0
0
0
0
0
0.000433333
0
0.000396667
0.0314667
0.0143233
0.00183667
0.00101333
0.00188
0.00432667
0.0436
0.0416433
0.0173433
0
0
0
0.00512
0.00027
0.00332333
0.00445333
0
0.0193867
0.00108
0.02354
0
0
0.0253833
0.00147333
0.00875333
0.00109667
0.0361767
0
0.00188667
0
0
0
0.000573333
0.0199467
0.00230333
0
0.01595
0
0.00138667
0.0195167
0.00462667
0.00253667
0
0.0147833
0.0209167
0.00626
0.00992
0
0.0001
0.0122033
0.0336233
0.000106667
0.00428667
0.00640333
0.0190667
0.0277233
0.01945
0.000206667
0.00201333
0
0
0
0.000473333
0.0283667
0
0
0
0.00879333
0
0.00104
0.00150333
0.00081
0.00974
0.00550667
0
0.00442
0
0
0.0002
0
0.000796667
0.02465
0
0.0220033
0
0.00184
0
0
0.00121
0
0.00057
0
0.0504767
0.0152167
0.0111733
0.000253333
0.00306
0.0271733
0.00109667
0
0.03588
9e-05
0.00364333
0.00218
0.00135667
0.02246
0
0
0.0201633
0.0250733
0
0
0
0
0
0
0
0.0055
0.0150833
0.0159
0
0
0
0
0
0
0.00463333
0
0.00472
0.000413333
0
0.0041
0
0.0193667
0
0
0
0
0
0.00011
0.00166
0.000696667
0
0.0115133
0
0.0308867
0
0
0
0
0.0198533
0
0
0
0.0271633
0.000133333
0.0156067
0
0.0189033
0.0197667
0.00101333
0
0.0145
0.0134767
0
0
0
0
0.00387667
0.00268333
0.00514667
0.0116867
0.00592
0.01268
0.000426667
0
0.0517367
0.00261667
0.0027
0.03589
0.00409
0.0246
0.000983333
0
0
0.01285
0
0.00133
0
0
0
0
0
0
0
0.000106667
0
0
0
0.0260733
0.0145267
0.00572667
0.01685
0.00012
0.000103333
0
0
0.00176333
0
0.00144333
0.00387667
0.0349067
0
0.000986667
0.00179333
0
0
0.000106667
0.0021
0
0.0328133
0.02124
0
0.0392567
0.00032
0
0.00429333
0
0
0.0190167
0.000383333
0
0.0113533
0.00315
0.000706667
0
0.07011
0
0.05416
0
0.00857
0
0
0
0
0.03765
0
0.02567
0
0.0154667
0
0.0171267
0.0129667
0.00370333
0.0100433
0
0.0381733
0.0001
0.00262
0
0
0.01664
0.00078
0.0151467
0.000886667
0.000986667
0.0061
0.000103333
0
0.00254
0.0185733
0.00769667
0.00236667
0
0
0
0
0
0
0.00029
0
0.00459333
0.00829333
0.00018
0
0.01892
0
0
0
0.00886333
0
0
0.000326667
0.0164
0.0415867
0.00382
0.0170733
0.0164633
0.00173667
0.00202667
0.0234367
0.00422667
0
0.00022
0.00131667
0.000573333
0.000673333
0
0.0123133
0
0
0.00385
0.0268333
0.00472333
0
0
0.000693333
0
0
0.02926
0
0
0
0
0
0
0
0
0
0.00131333
0.00943333
0
0
0
0
0
0.00328
0.0278867
0.00133333
0
0.00026
0
0.00427
0
0.000933333
0.00534667
0.0279067
0.06733
0.0808467
0.00201
0.00865
0
0
0
0
0.0135433
0
0
0
0
0
0
0
0
0
0.01668
0.00299
9e-05
0
0.0176867
0
0.0209667
0.00483333
0.00347333
0
0
0.00016
0
0.01716
0.0425433
0.00109667
0.00733333
0
0.000726667
0.00275333
0
0.00802
0.00015
0.00424
0
0.00205333
0.00106
0
0.00201
0
0
0
0
0.00164667
0
0
0
0.00886667
0.00419667
0.01616
0.00169667
0.00266333
0
0
0
0.00569667
0
0
0.00366333
0
0
0
0
0
0.00224333
0.00022
0.00979333
0.0358967
0
0.000936667
0.00236
0
0
0.0397467
0
0.00452667
0
0.000476667
0.00632667
0.00218667
0.000936667
0.01406
0.0228833
0.000143333
0
0
0
0
0
0
0.06962
0.000403333
0.0176133
0.0213167
0.00201667
0.0185267
0.00488
0.0259633
0.00955667
0
0.000573333
0
0
0.00062
0.00682333
0.0149067
0.02551
0.0108067
0.00114
0.0324267
0.0662767
0
0
0
0.01075
0
0
0
0
0.00934667
0
0
0
0.0401367
0.00856333
0
0
0.000656667
0
0.00136667
0.02386
0
0.00033
0.02738
0.000136667
0
0.00834333
0.0279067
0.00628333
0.00365
0
0.00026
0.00819667
0.01907
0.00828667
0
0.00141667
0.00421667
0.00705333
0
0
0
0
0
0
0.0211
0
0.02251
0
0
0.0222133
0.00051
0
0
0
0
0.0196067
0.0196533
0.0402533
0.00109333
0
0.00224667
0.00175
0.01372
0.01305
0
0
0
0.000103333
0
0
0.00631
0.00181
0.0183133
0.00811333
0.00670667
0.0179067
0.0166133
0.04451
0.00027
0.00383
0.00482
0.00533667
0
0
0
0
0.0229233
0
0.000696667
0.0553267
0.00442333
0.00459333
0.0645833
0.06018
0.00231
0.02559
0.0405533
0.0439133
0
0
0.03424
0
0.00114667
0.05415
0
0
0
0.00371333
0.0494067
0.000896667
0
0
0
0
0.0143933
0.000576667
0.0207767
0.0121967
0
0
0.00333
0.00700667
0
0.00019
0
0
0.0758733
0.0132467
0
0.0162867
0.0694933
0.01296
0.00975667
0.00414667
0.00758
0.0406833
0.00285333
0.03862
0.00125667
0.000403333
0
0.00011
0
0.0147567
0.0742
0.03917
0.0529133
0.07245
0
0.0132967
0
0.00138333
0
0
0
0.00564667
0
0.00104
0.0100133
0
0.0418033
0.0439133
0
0.0206033
0.00596
0.00291
0.00658
0.02281
0.00335
0.00549
0.0208533
0.00981
0.0393933
0.0201967
0
0
0
0.00068
0.00569
0
0.02269
0
0
0
0.000586667
0
0
0.00593
0.0282433
0
0.02285
0
9.66667e-05
0.0164933
0.00934
0.0047
0.00105
0.04163
0.00391333
0.0308867
0.02101
0.00271667
0.00243667
0.0150767
0.0712767
0.07106
0.0217833
0.00176333
0.0224267
0.0158533
0.002
0.03838
0
0.00247667
0.0001
0.0197
0.000343333
0.00048
0
0
0.00106667
0.00655667
0.0380033
0
0
0.01774
0
0
0
0
0.0756
0.02936
0.0255533
0.00065
0
0.06007
0.00143667
0.0419867
0.0156567
0.00369667
0.00421333
0.00886667
0
0
0
0
0.00338667
0
0.0290267
0
0
0.0124667
0.00022
0.0386067
0
0.01537
0.000473333
0
0
0
0.0008
0
0
0
0.00481
0
0
0
0
0.00137333
0
0
0
0
0.00579333
0
0
0
0
0
0.03613
0.0371767
0
0.03626
0.0307933
0.07586
0.01787
0
0.000883333
0.0144467
0.0323833
0.00659
0.0448567
0
0.0146133
0
0.0132533
0.00031
0.01741
0.00305667
0
0.000306667
0.00285333
0.00152667
0.0171033
0.0473933
0.00191667
0.00584667
0
0.00268
0
0.0161033
0.000336667
0.00046
0.0185833
0.0106533
0.00856
0
0.01109
0.0417067
0.00265667
0.03534
0.03097
0
0
0
0
0
0
0.00031
0.0287267
0
0
0
0
0
0
0.0178033
0
0.00993
0
0
0.0215
0.0525
0.0131567
0.01193
0.000376667
0.01776
0
0.00121
0.00578
0.0311233
0.0161867
0.0326733
0.00120667
0
0.01135
0
0.0333633
0.01051
0.0254267
0.0139
0
0
0
0.00480333
0.00725
0.000436667
0
0
0.00287333
0
0
0.0408533
0.00573333
0.08325
0
0.00935333
0.000646667
0
0
0.00371
0
0.00443667
0.000703333
0
0
0
0.00448
0.00227667
0.00225333
0
0.00375667
0
0.00187667
0
0
0
0.0102567
0
0
0.0417033
0.0143333
0.00147333
0.03494
0
0
0
0
0.00757
0
0.0131733
0
0.000366667
0
0
0
0.000206667
0.00249667
0
0
0.000613333
9e-05
0
0
0
0.0164167
0
0.00218667
0.0306367
0
0.0269067
0
0.00673333
0.0446433
0.00017
0.02743
0.00620333
0.03161
0.00121
0.00657667
0.03299
0.000213333
0.000116667
0.0283033
0.0411367
0.000883333
0
0.00631
0.000143333
0.0202867
0.00364333
0
0.04745
0.00144333
0.03859
0.0263633
0
0
0
0
0
0.00138333
0.00286667
0.00324333
0.00536
0.0504867
0.00671667
0.00517667
0.00533333
0.00011
0.00384
0.00041
0
0
0
0.000283333
0
0.00319
0
0
0
0.000226667
0
0
0
0
0
0
0
0
0
0.01887
0.00487667
0.00328333
0.000863333
0.00756667
0.000986667
0
0
0.00026
0.00104
0.00014
0.0476533
0.000136667
0
0
0.0355833
0.0311
0.01597
0.0275367
0.000103333
0
0.00876667
0.00107333
0.0682433
0.000143333
0
0
0
0.0230967
0.0753
0.000746667
0.02814
0
0.00592667
0.00662333
0
0.00575667
0.0184533
0
0
0
0.0164667
0
0.02935
0.0201367
0
0
0
0
0
0.01954
0
0.00406333
0.02431
0.000453333
0
9.66667e-05
0
0.00209
0.02545
0
0.0153267
0.04633
0.0280533
0.0162067
0.000526667
0.00867667
0
0.00133333
0.01083
0.0215267
0
0.00548333
0.00815333
0
0.00675667
0.0127767
0.00713667
0.0298933
0
0.00191333
0.0369533
0.002
0.0348333
0.07308
0.0104833
0
0.00790333
0
0
9e-05
0
0
0.000896667
0.0319033
0
0.0437133
0.0153933
0
0.000896667
0
0.000383333
0
0.000536667
0
0.03266
0
0
0
0
0.0291133
0
0.01275
0.0133233
0.01339
0.0303733
0.0279333
0.00773667
0.0296767
0.0244
0.00113667
0
0
0.02743
0.00523
0.0195267
0.00611333
0.05152
0.00156
0.00189333
0.00982667
0.00682333
0.00493667
0.0173767
0
0.000543333
0
0.00348333
0.0235033
0.01016
0.00541333
0
0.00398
0
0.00171
0.01629
0.00126333
0
0.01777
0.000476667
0
0
0
0
0
0.00142667
0.0112233
0.03196
0.00937333
0.000396667
0.0341967
0
0.02109
0
0
0.00858
0.0239233
0
0
0
0.0279633
0
0
0.00148333
0.0227867
0.0143167
0.0150433
0.00971
0
0.03528
0.00221
0.0216367
0.0062
0.00323
0.00828
0.00467333
0.00233667
0.01489
0.00357
0.00191333
0.0001
0.01334
0
0.0854667
0.00422667
0
0.00516
0
0.00523
0.00169667
0
0
0.01564
0
0.00697333
0
0.00904667
0.0204067
0.00230333
0.000856667
0
0
0
0
0.00295
0.02606
0.01773
0.0210233
0
0.0398833
0.00127
0.00622
0
0.00916667
0.00597333
0
0
0
0.02909
0.00113333
0
0.000456667
0.00273667
0
0.00955
0
0.01012
0
0.00011
0
0
0.00875
0.0239433
0.000693333
0.00135
0.0351
0.0278333
0
0.005
0
0.0386533
0.0298433
0
0.0327667
0
0.0105467
0.0005
0.00915333
0.0393733
0
0.000476667
0.0265933
0.0266033
0
0.00311333
0
0
0.0387367
0
0
0.0120167
0
0.0311633
0
0
0.00143
0.102007
0.08489
0.0012
0.01174
0.00422667
0.0348533
0.0400533
0
0
0.00554333
0
0.0285367
0
0
0
0
0.000456667
0.00891
0
0
0.0293267
0.00464667
0.00201
0.000773333
0.0316633
0.00022
0.00551333
0.0021
0
0.00236
0
0.0202133
0.0572567
0.05861
0.0482933
0.0115733
0.0913167
0.00109667
0.0238567
0
0.00152667
0
0.0283633
0
0.00524333
0.0011
0.0258467
0
0
0.00275333
0.0311933
0.0117967
0.0156067
0.0259
0
0.00139
0
0.00230333
0
0.00327
0.00560333
0.0204733
0.0122333
0.0014
0
0
0
0.0127733
0.000406667
0
0
0
0
0.0180133
0.000143333
0
0
0
0.0002
0.0154867
0
0.00103333
0.02132
0
0.0119267
0.00982667
0.0450433
0.00213333
0.0173933
0.03805
0.0205933
0.0410133
0.000333333
0.00335
0.0229967
0.03594
0.0263733
0.00041
9e-05
0
0.0159567
0.00309333
0.00177667
0.0295533
0.06165
0
0.00119333
0.0183767
0
0
0.00384333
0.00709333
0
0.00728333
0
0.00293333
0.00162333
0.03048
0.0212233
0.0004
0
0
0.0014
0.000603333
0.00858
0.01874
0
0.0283367
0.03175
0
0.0124567
0.00859667
0.00150333
0.0407733
0
0.0307267
0
0.0355333
0.00896333
0.02328
0.0355967
0.0329167
0.0223867
0.0156067
0
0.000723333
0.0177967
0.0132333
0.0244267
0.07274
0.0739
0.00961667
0.00470667
0.00387333
0
0
0
0.00432
0
0.00992
0.00054
0
0.0184333
0
0
0.0184067
0.0243633
0.01122
0.000373333
0
0
0.000453333
0
0.03558
0.00052
0.00109333
0.000763333
0.00196667
0.000296667
0.00718333
0
0.000403333
0.000193333
0
0.01187
0.03352
0.00297667
0.00264667
0.0437967
0.00285667
0.01319
0
0.0232367
0.0138333
0.04356
0.000213333
0.04074
0
0.0256733
0
0.0375967
0
0.000403333
0
0.0140933
0.00082
0
0
0.00909333
0.00017
0.00114667
0.00114
0.0560367
0.0644133
0.00147
0.00439667
0.00196333
0
0.00509667
0.00154667
0
0.00205667
0.00843667
0.01376
0.00192
0
0
0
0
0.00210333
0.00854333
0.00436
0
0
0
0
0.000173333
0.00298333
0.0250267
0.0165633
0.00257333
0
0
0.000653333
0.00233333
0.03342
0.0395567
0.00231333
0
0
0
0
0
0.000193333
0.00168
0.0130033
0.01181
0.0197767
0.00111333
0.000133333
0
0
0
0.00245333
0.02375
0.0320467
0
0
0.000966667
0.0384667
0.0309967
0.0025
0
0
0
0
0
0
0.0227133
0.0262633
0
0
0
0
0
0.0405233
0.04302
0.0275233
0
0
0
0.000733333
0.03309
0.01541
0.00458
0
0
0.000733333
0.03356
0.00216667
0
0
0
0
0
0
0
0.00054
0.0188967
0
0
0
0.00175667
0.00201
0.00707333
0
0
0.000176667
0.00246
0.000653333
0
0
0
0.00155
0.01703
0.000113333
0.000113333
0.00315
0.00820333
0.02714
0.04144
0
0.00156667
0.01226
0.02095
0.0378567
0.0335033
0.0108367
0.00114
0.00263667
0.00483
0.00357
0.00419667
0.0342033
0
0.000193333
0.0421367
0.000256667
0.0160333
0.00682
0.0115267
0
0.000193333
0.0004
0.00828667
0.0425933
0.03169
0.0224567
0.0157967
0.00737667
0.02175
0.00300667
0.0271467
0.0342233
0.0197033
0
0.00193667
0.01345
0.00089
0.00183333
0
0
0.00227667
0.00101667
0.00951
0.0265633
0.02922
0.01739
0.00393667
0.0001
0
0
0
0
0
0.00474667
0.00865667
0.00689333
0.00318333
0.000943333
0.000843333
0
0
0
0
0
0
0
0.0458967
0.00192667
0.00024
0
0
0
0
0
0.0142267
0.02208
0
0
0
0
0
0.0480767
0.0495833
0.0147833
0.00101667
0
0
0.0335233
0.00704333
0
0
0
0
0
0.0285
0.00223667
0.0104
0.0211133
0.000776667
0
0
0
0
0
0
0
0
0
0.0128467
0.0247033
0.00298667
0
0
0
0
0
0
0.03396
0
0
0
0
0
0
0.00298667
0
0
0
0
0.01112
0.0112933
0
0
0
0
0
0
0
0.00250333
0
0
0
0
0
0.01202
0.000286667
0
0
0
0.0205
0
0
0
0
0
0
0
0.00185
9.33333e-05
0
0
0
0
0
0
0.0385067
0.0268267
0.00352667
0
0
0
0
0
0
0
0
0.00236667
9e-05
0
0
0
0.0177133
0.00987
0
0
0
0
0
0
0
0
0.000163333
0.0229433
0.00223333
0
0.000676667
0.00084
0.0241567
0.04204
0
0
0
0
0
0
0
0
0.000676667
0.03572
0.0102333
0.00529333
0.00206
0.00576333
0
0
0.000676667
0.00239
0.00427333
0.00056
0
0
0
0.000663333
0.00237667
0.01131
0.0455767
0.0368767
0.01756
0.03587
0.0411167
0.0187267
0
0.00169667
0.00198667
0.00658333
0.13785
0.0872267
0.00256333
0.00013
0.00882667
0.01865
0.0161167
0.05359
0.0709667
0.0579933
0.000333333
0.0307667
0.000333333
0.171257
0.18819
0.0878867
0.00209667
0.0220567
0.12553
0.120957
0.04856
0.07374
0.00222
0.00402333
0.03865
0.0966033
0.0151133
0.0044
0.00752333
0.02777
0.0912
0.08505
0.0206933
0.00118
0.000663333
0.02644
0.13581
0.13732
0.2374
0.0600033
0.00425
0.00231
0.02171
0.0157433
0.01007
0.00029
0.0204767
0.0242733
0.118927
0.0440633
0.00550667
0.00058
0.00098
0.00448667
0.00891333
0.0124433
0.00263
0.07799
0.0456833
0.00429333
0.0128267
0.03247
0.00453
0.00036
0.0475833
0.0521967
0.02341
0
0.000103333
0.00928
0.00504
0.01743
0.0334467
0.0451667
0.00798667
0.00645667
0.03251
0.05224
0.00231667
0.00389333
0
0.000773333
0.01389
0.0726233
0.08447
0.0833533
0.0165933
0.00158333
0.07375
0.0294567
0.0132067
0
0
0
0.00199
0.10168
0.104043
0
0
0.00118
0.00118
0.0358167
0.0137933
0
0
0
0
0
0
0.09434
0.01812
0
0
0
0
0
0
0
0.01861
0.0131033
0.00214667
0.00972667
0
0
0
0
0
0
0
0.00548667
0.00980333
0.0109333
0.000143333
0.00137667
0.00775333
0
0
0
0
0
0
0
0
0.00992667
0.0142433
0.0179833
0.00283333
0.00236
0.000283333
0
0
0.000533333
0.000533333
0
0
0.000806667
0
0
0
0
0
0
0
0.03986
0.0290267
0.0303167
0.01194
0.00186333
0.00239667
0.00198
0.00382667
0
0
0
0.0120133
0.0746833
0.0728333
0.05142
0.0082
0.00835
0.00254667
0.00015
0.00192667
0.0105467
0.0104033
0.00088
0
0
0.00647
0.0282633
0.0293767
0.0151633
0.00672333
0.000113333
0
0
0.0344167
0.0606633
0.00603333
0.00316667
0.00047
0.00161333
0.0684
0.135877
0.0844967
0.1218
0.131573
0.0967967
0.1564
0.141417
0.155723
0.0384333
0.0258433
0.110233
0.0597567
0.0189367
0.0201367
0.0432733
0.0313433
0.0290033
0.00432
0.02179
0.00104667
0.0161967
0.03453
0.07973
0.0772067
0.00947667
0.00947667
0.0383933
0.0260933
0.0288833
0.0164
0.0156333
0.0389133
0.00736
0.04159
0.0688967
0.000603333
0
0.00173
0.000566667
0
0
0.000156667
0.000203333
0.19563
0.188437
0.106523
0.0351833
0.02149
0.00147333
0.0166667
0.0767933
0
0.00012
0.01368
0.0423
0.04211
0.00012
0.00411333
0.0678967
0.0270933
0.0145133
0
0.02852
0.05196
0.03977
0.0402133
0
0
0
0.00282333
0.03115
0.0393333
0.04684
0.0630633
0.0365233
0.0207033
0.0194833
0.00302
0.0124633
0.0208333
0
0
0
0
0.00018
0.01086
0.0521433
0.0827533
0.0472667
0.0353767
0
0
0.000573333
0.0143
0.0548767
0.07731
0.06923
0.05665
0.0670967
0.101753
0
0
0.000106667
0.0270067
0.0893
0
0.000286667
0.000213333
0.0249933
0.0429967
0.116493
0.125027
0.171357
0.160053
0.000116667
0.000116667
0.000116667
0.00200667
0.00128667
0.00207
0.06195
0.12277
0.15073
0
0.000116667
0.00347
0.0107133
0.01028
0.00183667
0.0233967
0.0683833
0.113507
0.127737
0.0778433
0.0991933
0.0765433
0.01646
0.0108033
0.0150333
0.02852
0.0113733
0.02823
0.0794767
0.154527
0.107123
0.0634767
0.0143633
0
0.00944333
0.0220867
0.04986
0.0545
0.0321567
0.02425
0.0394367
0.0707967
0.0994233
0.0709067
0.0246933
0.0240133
0.03536
0.0705133
0.06747
0.0653733
0.064
0.0841367
0.11757
0.0814
0.04503
0.00606333
0.01279
0.02922
0.0163433
0.0222067
0.0318533
0.0657833
0.0583367
0.0199367
0.00860333
0.0210567
0.0226133
0.0396767
0.05511
0.06122
0.06269
0.0857967
0.04734
0.109517
0.161157
0.0238467
0.0263833
0.0284767
0.0113733
0.00213
0.00258
0.0454167
0.0368967
0.107043
0.15314
0.20016
0.0294367
0.0507267
0.01307
0.000693333
0.00212667
0.0126033
0.0297533
0.0359267
0.0386967
0.0469967
0.0482367
0.0731567
0.179943
0.104317
0.0277067
0.05715
0.0777067
0.0491533
0.0110067
0.00142667
0.000693333
0.120823
0.07741
0.112157
0.113923
0.09176
0.0793867
0.0441167
0.01067
0.00543333
0.00108
0.000346667
0.00013
0.00269333
0.0177
0.0175333
0.0155533
0.0283233
0.0229133
0.0695233
0.0148767
0.0162033
0.158913
0.141643
0.0821
0.0261867
0.00013
0.00039
0.00119
0.03589
0.03154
0.128323
0.0942833
0.01904
0.06269
0.0492667
0.0247767
0.0238767
0.0345633
0.00625333
0.00235667
0.00117333
0.11506
0
0.00026
0.0147933
0.04482
0.124353
0.180757
0.125663
0.07411
0.0616733
0.10789
0.00837333
0.0302767
0.00908667
0.0434267
0.0618967
0.00015
0.161913
0.425537
0.175977
0.0970633
0.11969
0.0854133
0.261377
0.02945
0.0533533
0.000976667
0.0390733
0.04246
0.104377
0.605197
0.63196
0.630383
0.0986633
0.0536833
0.200513
0.22218
0.0346933
0.0335267
0.0404033
0.0488933
0.08832
0.29744
0.192673
0.0532267
0.0548567
0.04564
0.0380667
0.0357967
0.03937
0.110113
0.300303
0.81243
0.645387
0.0348567
0.110383
0.0533367
0.07192
0.0552533
0.04974
0.10477
0.160257
0.43813
0.52245
0.410837
0.01333
0.06971
0.0784367
0.146003
0
0.00255667
0.146573
0.270777
0.26246
0.0814933
0.05771
0.0237267
0.0875733
0.0860433
0.146417
0.00055
0.00267
0.00950667
0.05129
0.11134
0.0879833
0.0345833
0.00730667
0.00238
0.0164833
0.08722
0.06886
0.07514
0.136317
0.147173
0.00856667
0.00858333
0.00877333
0.00133333
0.0214867
0.161757
0.0562867
0.162753
0.00301
0.0425767
0.0512933
0.0248367
0.0172967
0.00777
0.00500667
0.181897
0.0608567
0.13013
0.0699767
0.03683
0.0376733
0.0511267
0.0346267
0.0655367
0.277577
0.416507
0.108943
0.0161633
0.0448767
0.0768267
0.03051
0.0124
0.05953
0.0495033
0.07436
0.0539333
0.16603
0.575757
0.414783
0.02302
0.05184
0.0708267
0.04957
0.0593233
0.345287
0.34478
0.299483
0.0135233
0.0225633
0.0672767
0.04667
0.0408767
0.06794
0.153933
0.26723
0.209443
0.00109667
0.00126333
0.00125
0.0224767
0.0540267
0.0532833
0.06386
0.0841767
0.272587
0.0983133
0.0146133
0.0271267
0.0884267
0.102477
0.130563
0.203343
0.219807
0
0
0.00033
0.00185
0.03819
0.202453
0.4086
0
0
0.00862333
0.0287433
0.0760233
0.152947
0.28688
0.41031
0.551473
0.52036
0.3568
0
0.00446333
0.07078
0.0988867
0.1038
0.121467
0.384323
0.542717
0
0
0.01214
0.0669433
0.101927
0.118377
0.180707
0.00165333
0.00381
0.04622
0.09668
0.0950067
0.105893
0.158643
0.220677
0.363923
0
0
0.0467633
0.0606633
0.0661267
0.09545
0.15252
0
0
0
0
0.00246
0.0124733
0.0144867
0.0633733
0.0843533
0.0240167
0
0
0
0.000303333
0.000933333
0.00672333
0.0202567
0
0
0
0
0
0
0.000163333
0.00411
0.00565333
0.0242833
0.00067
0
0.000163333
0.00222333
0.00781667
0.02037
0.0154333
0.04437
0.05638
0.0677033
0.00242
0.00248667
0.04638
0.0816733
0.140933
0.208627
0.178283
0.00453667
0.0343533
0.107427
0.115423
0.120097
0.24409
0.0130667
0.0184933
0.0556133
0.104543
0.100903
0.10062
0.192337
0.02455
0.0311433
0.0466267
0.0308333
0.0255833
0.02894
0.0744467
0.0782267
0.06687
0.02523
0.02678
0.0415833
0.0250533
0.0101467
0.0246867
0
0.00236667
0.00557
0.00112667
0
9.33333e-05
0.0137967
0.0116933
0.01077
0.00441333
0.00317
0.0515233
0.04171
0.0327933
0.00937
0.0232133
0.00245667
0
0.000353333
9.33333e-05
0.000186667
0.00045
0.003
0.0235
0.00839667
0.00985333
0.0316667
0.0376567
0.0204533
0.03054
0.0151767
0.01205
0.01394
0.0118567
0.00213667
0.000353333
0
0.000196667
0.000196667
0.00538667
0.04147
0.0375067
0.00495333
0.0011
0.0197833
0.0272933
0.0385233
0.0176133
0.0118867
0.0221133
0.00439333
0.00816
0.0178767
0.0330533
0.0269267
0.00387333
0.000803333
0.00073
0.00104667
0.00384
0.0142733
0.0300433
0.0235
0.05975
0.0428633
0.03065
0.00398667
0.01827
0.0394
0.0239267
0.00496667
0.0102233
0.0223833
0.0354967
0.0308067
0.0204867
0.0140967
0.0199867
0.00991333
0.0100533
0.00136333
0.00145
0.0114633
0.0315367
0.04586
0.0140867
0.07322
0.09663
0.102813
0.0649333
0.0756267
0.00152333
0.00015
0
0
0.00087
0.00838333
0.02512
0.0395867
0.0283033
0.00536667
0.00274333
0.00467667
0.0179267
0.0122933
0.0207933
0.0341233
0.0343633
0.0182333
0.00140667
0.01023
0.0403567
0.08524
0.06478
0.02118
0.02704
0.0869167
0.113027
0.11921
0.00420333
0
0
0
0.0189733
0.0214067
0.03398
0.03041
0.00160333
0.00157
0.00120667
0.00229667
0.000876667
0.01501
0.03097
0.0238267
0.0103467
0.00849333
0.0538267
0.111677
0.110827
0.0287533
0.0127167
0.0336633
0.04122
0.0750233
0.0610167
0.0707733
0.0382967
0.0349733
0.00645333
0.00283
0
0
0
0.00666667
0.00726
0.00960333
0.00242667
0.00301667
0.00118
0.00144667
0.00754333
0.00164333
0.00239667
0.0276733
0.0475067
0.0837533
0.0875533
0.06279
0.0288833
0.0468633
0.063
0.0248633
0.00976
0.00373
0
0
0
0.00564333
0.0133667
0.00875333
0.000656667
0.0234233
0.00684667
0.00482667
0.000266667
0
0.000333333
0.00401667
0.0250733
0.0260567
0.0416333
0.0454333
0.0471933
0.0494967
0.0109933
0.00296
0.000556667
0.000106667
0.000106667
0
0
0
0
0
0
0.000116667
0.000366667
0.00025
0.0338467
0.0260867
0.00262333
0
0
0
0.000446667
0.000446667
0.00295667
0.00314333
0.00736333
0.0101733
0.0400033
0.0318533
0.0465967
0.0329
0.01151
0.00302667
0
0
0
0
0
0.000103333
0.00225667
0.0113333
0.0104867
0.00486667
0
0
0
0
0.00011
0.000743333
0.00122667
0.00877333
0.01397
0.0243833
0.02435
0.0415633
0.0221033
0.00291
0
0
0
0.000103333
0.00172333
0.00388
0.00277333
0.02976
0.0279133
0
0.000243333
0.000243333
0.000243333
0.000853333
0.00144667
0.00121333
0.000863333
0.00327
0.0136833
0.0138233
0.0154433
0.00503
0
0
0
0
0
0.00162
0.0137533
0.0173767
0.0196367
0.00963333
0.0115467
0.00628667
0.01161
0.00582667
0.000736667
0.000346667
0.00530333
0.00701
0.00791
0.00249333
0
0
0
0
0
0
0
0
0.00517667
0.01479
0.0491633
0.05154
0.0225267
0.0112
0.000526667
0
0.00011
0.00707667
0.00257
0.0002
0
0
0
0
0.000143333
0.00057
0.00101667
0.0154567
0.04734
0.0321167
0.02915
0.0415267
0.0203067
0.0175267
0.00389
0.000303333
0.00135667
0.125427
0.142557
0.147523
0.0445833
0.16267
0.121003
0.155937
0.07214
0.0637833
0.0961533
0.0383433
0.0927633
0.0350533
0.0446733
0.104947
0.16399
0.134247
0.0342367
0.0353967
0.00081
0.01534
0.0362167
0.02885
0.0271933
0.04255
0.03082
0.00820667
0.00357333
0.00762333
0.0205733
0.02502
0.01541
0.00283
9.33333e-05
0.00163667
0.00154333
0.00517
0.00518
0.00175667
0.000496667
0.000746667
0
0.000256667
0.00046
0.00046
0.000406667
0.00065
0.00406333
0.00170333
0.00188333
0.000513333
0.00048
0.00223
0.03746
0.00582667
0.00909
0.00273667
0.00351667
0.01568
0.06068
0.0473433
0.0292233
0.0649133
0.0398167
0.06815
0.09017
0.0760267
0.0519033
0.0280133
0.0228233
0.00847667
0.00269
0.00432667
0.00219
0.01875
0.03387
0.0181867
0.000353333
0.03539
0.0122667
0.0252933
0.0730433
0.0784767
0.000356667
0.000243333
0.04595
0.01272
0.02021
0.04047
0.08193
0.09149
0.0547867
0.00367333
0.000466667
0.0604033
0.0317333
0.04113
0.0621433
0.0781333
0.0904267
0.0967067
0.0340267
0.000626667
0.0948767
0.107817
0.08422
0.0153333
0.00713667
0.0261733
0.06583
0.02628
0.0231067
0.0195767
0.00336
0.00715667
0.00199
0.0163067
0.01756
0.0218733
0.0200867
0.00968667
0.0254733
0.01695
0.0482267
0.0110767
0.02078
0.00492333
0.000366667
0.0148133
0.0359
0.01362
0.00508667
0.0165633
0.00897
0.00824
0.00158
0.00158333
0.0523933
0.0589233
0.0471733
0.00486667
0.04045
0.0300867
0.00245
0.05383
0.0374867
0.0213167
0.0160567
0.0428
0.0517333
0.0386567
0.00405333
0.0871333
0.09385
0.0575533
0.0237033
0.0499867
0.0583033
0.0217833
0.150767
0.113967
0.09328
0.0881
0.0221033
0.232277
0.08746
0.0668767
0.09528
0.08342
0.05179
0.124627
0.05714
0.064
0.0600333
0.0378533
0.0175733
0.0159267
0.00965667
0.01317
0.0212533
0.02222
0.02096
0.04479
0.0204867
0.0232967
0.0133167
0.00639
0.00562
0.101253
0.0195333
0.0329833
0.04153
0.0313533
0.0159267
0.0181767
0.0457667
0.0536933
0.0214
0.00177333
0.0450433
0.130463
0.116793
0.0604033
0.01126
0.0332067
0.0201133
0.0193067
0.0365733
0.122957
0.0800533
0.0334067
0.160617
0.0769867
0.03656
0.00675667
0.04273
0.0480033
0.0207067
0.0046
0.08847
0.0795033
0.108357
0.14111
0.0969167
0.04568
0.0123767
0.00182667
0.05373
0.0354867
0.00280667
0.07363
0.106383
0.0441467
0.10706
0.0500833
0.0114133
0.01848
0.05417
0.0682867
0.0927833
0.0985467
0.09099
0.04263
0.03201
0.0361767
0.0383567
0.102727
0.119447
0.120097
0.0147633
0.00497333
0.0530333
0.0408367
0.04524
0.0382067
0.0712667
0.0382833
0.00971667
0.35062
0.192843
0.11034
0.0117567
0.03565
0.06516
0.0119067
0.00319
0.00034
0.246473
0.162637
0.0373367
0.0293533
0.00709
0.0193233
0.01524
0.343413
0.0528767
0.0227767
0.01114
0.0347567
0.0219867
0.14429
0.1281
0.08355
0.0771233
0.02759
0.00642
0.0307267
0.02104
0.0101267
0.21289
0.132157
0.0675433
0.08719
0.0762533
0.0687467
0.00857667
0.00825667
0.01351
0.09677
0.0337067
0.06553
0.0326433
0.00618667
0.00135667
0.00032
0.00149667
0.0146633
0.0333167
0.0490767
0.0119967
0.001
0.0130667
0.00334
0.00333333
0.00306667
0.00202333
0.00436333
0.00838
0.0085
0.00169333
0.00650667
0.0195067
0.02429
0.006
0.00400333
0.00537333
0.0233233
0.0237767
0.04008
0.02439
0.0390933
0.01639
0.0166433
0.02516
0.02183
0.03459
0.0180933
0.0222767
0.02279
0.0466033
0.0320367
0.00529333
0.02126
0.02359
0.0351567
0.0162167
0.00604667
0.00417333
0.00510667
0.0173333
0.12207
0.05156
0.00302333
0.000823333
0.000343333
0.00295333
0.00504
0.168047
0.0909967
0.0387333
0.00964
0.00036
0.00036
0
0.000506667
0.0160833
0.00953
0.00953
0.00388667
0
0
0.00404
0
0.04353
0.0469633
0.079
0.00793
0.0465033
0.0317633
0.0107633
0.00588
0
0
0
0.0215267
0.00674667
9.33333e-05
0
0
0
0.0585967
0.0170167
0
0
0
0.0518267
0
0
0.0124133
0.00106
0.000996667
0.00475
0.000306667
0.00256667
0.00344333
0.0124567
0.0131367
0.0158933
0.00012
0.0592167
0.0415267
0.0366467
0.00171
0.0199867
0.00594
0.00814
0.00843333
0.0466467
0.00232
0.119763
0.22275
0.202853
0.18094
0.102863
0.06519
0.0150567
0.01348
0.01348
0.00974667
0.00802667
0.00229667
0.00013
0.09322
0.00947667
0.06794
0.00153667
0.00923333
0.02374
0.0189567
0.0263967
0.02467
0
0
0.00461667
0.0144067
0.0143167
0.00243667
0.00196
0.00392
0.00794333
0.00888
0.0039
0.00107667
0.00012
0.00012
0.0016
0.0174567
0.0353133
0.02615
0.00241667
0.000416667
0.00237667
0.00945667
0.0199133
0.00538333
0.000403333
0.00309
0.00012
0.00184
0.00973
0.00829333
0.0106833
0.0222367
0.02983
0.0160933
0.00260667
0.00481
0.00857667
0.01497
0.02097
0.01428
0.00914
0.02096
0.0212067
0.01294
0.0118
0.01583
0.01126
0.0298467
0.0432233
0.0180733
0.0132867
0.0151667
0.0210833
0.0208533
0.0270233
0.0375467
0.0163567
0.00964
0.0596667
0.0446467
0.0147367
0.0348567
0.12642
0.0235367
0.0509567
0.26567
0.0549433
0.25054
0.0418133
0.0385567
0.0274167
0.0426
0.21934
0.211087
0.06933
0.05177
0.04675
0.04872
0.0939667
0.06779
0.0854233
0.09172
0.02406
0.0898233
0.0496133
0.04635
0.0512433
0.02697
0.0480567
0.0532367
0.0179033
0.0621033
0.09553
0.0378733
0.0457233
0.01128
0.0301667
0.0344467
0.13777
0.270647
0.610767
0.155303
0.486893
0.19583
0.28967
0.0319633
0.142507
0.12933
0.26253
0.151013
0.0461633
0.0520633
0.02229
0.06535
0.07302
0.0482967
0.1212
0.0662533
0.104857
0.126897
0.11267
0.07319
0.18204
0.0635433
0.04758
0.06411
0.0322
0.0193067
0.0756333
0.0415467
0.00438667
0.00272667
0.0217133
0.05343
0.0500167
0.01741
0.0564633
0.05663
0.03504
0.00764667
0.0471533
0.000403333
0.00522333
0.00875
0.02254
0.0213367
0.0508767
0.0348367
0.0185233
0.00579667
0.0132367
0.0486
0.00993333
0.00438333
0.01566
0.0323867
0
0.00111
0.01266
0.0147667
0.0299067
0.02806
0.0168267
0.0246467
0.0443867
0.0101267
0.00101333
0.0152867
0.0232733
0.0370067
0.0345
0.0193967
0.01252
0.00587667
0.0212833
9e-05
0.0003
0.0147767
0.0383433
0.00067
0.00222333
0.0308133
0.01474
0.00903333
0.0009
0.00366333
0.00317333
0.04124
0.0794167
0.03806
0.00987667
0.00662
0.00082
0.000806667
0.00171
0.01879
0.00925667
0.0106833
0.0303967
0.0697667
0.0692733
0.07591
0.01503
0.0337367
0.0500033
0.000106667
0.00045
0.00120667
0.03778
0.07078
0.0489767
0.0353833
0.0489867
0.02456
0
0.000306667
0.0456833
0.0255633
0.0125367
0.01222
0.00512333
0.00155
0.00238
0.00202333
0
0.00037
0.00095
0
0.00089
0.00052
0.00316667
0.00386333
0.00106667
0.0108533
0.0161633
0.00411
0.00809333
0.00612333
0.12636
0.07381
0.0591467
0.0431033
0.02879
0.12726
0.125317
0.107427
0.07875
0.0806933
0.00724
0.0137767
0.0808367
0.02638
0.0196567
0.0051
0.04098
0.0256333
0.0801767
0.06338
0.0523733
0.0379467
0.00847667
0.00725
0.03701
0.0477433
0.09005
0.113197
0.12806
0.0923233
0.00123333
0.0315367
0.0356267
0.00564
0.04517
0.09842
0.0951167
0.00307667
0.0341133
0.0480133
0.0112133
0.03621
0.0647067
0.0300867
0.00320333
0.04569
0.0715367
0.0557633
0.0384
0.0287833
0.01115
0.02529
0.0698433
0.03148
0.00664667
0.00933333
0.02165
0.0505167
0.0496367
0.0425967
0.02751
0.00882667
0.00462333
0.0104
0.0506533
0.0619467
0.01993
0.03234
0.03832
0.0565233
0.0256867
0.0303133
0.00306667
0.00711667
0.0244867
0.04499
0.0641967
0.0491267
0.0391833
0.007
0.01076
0.0109433
0.00364333
0
0.0545633
0.02106
0.00620333
0.0456633
0.03554
0.0113667
0.01633
0.00771
0.00895333
0
0
0
0.0129033
0.0485
0.03735
0.0330367
0.0311967
0.00778
0.0115067
0.01915
0
0
0.0445933
0.0111633
0.03488
0.0463567
0.04604
0.0347633
0.0286167
0.02453
0.0110967
0.0158233
0.0399967
0.00209
0
0
0
0.0606333
0.03923
0.0310067
0.0401267
0.02236
0.01433
0.00436333
0.00300333
0.00739333
0.0271233
0.0126133
0.0109433
0.03841
0.0509033
0.00209
0
0.0205133
0.0483433
0.0140167
0.00574
0.0130533
0.00294667
0.01287
0.0102367
0.03054
0.0250633
0.0027
0.00879333
0.0257567
0.0439933
0.01102
0.03842
0.0517567
0.000826667
0
0
0.00592333
0.00256667
0.00272333
0.00132667
0
0.00025
0.0025
0.0517733
0.04563
0.00864
0.00276333
0.0119367
0.0437667
0.0448733
0
9.66667e-05
0
0
0.00025
0.01582
0.0230167
0.0303633
0
0
0.00023
0.00143
0.0139767
0.0137333
0.0145333
0.00191333
0.02184
0
0
0
0
0
0
0
0.00270667
0.00172
0.00202
0.00141333
0.0444233
0.0213667
0.00199333
0
0.000223333
0
0
0
0.0024
0.00973333
0.00093
0.000836667
0
0
0.00226333
0.00822667
0.00106
0
0
0
0
0
0
0.01913
0.0279333
0.0313033
0.00437333
0.0220367
0.000946667
0
0.00077
0.00456333
0.0304533
0.0587667
0.000546667
0
0
0
0
0.00273333
0
0.000206667
0.01791
0.0244767
0.02058
0.0568267
0
0
0
0.00293
0.00873
0.05526
0.00165333
0.00097
0.01193
0.03175
0
0
0.00309333
0.00036
0.00048
0.00305
0.0262867
0.0616967
0.000726667
0.0123033
0.0576467
0.0733333
0.0198533
0.00341333
0.0210567
0.06659
0.0272467
0.00174667
0.0426233
0.0116733
0.00632
0.04048
0.03242
0.0122967
0.0012
0.0304133
0.0304133
0.0124433
0.01179
0.00784667
0.000226667
0
0.00452333
0.01327
0.00522667
0.00299333
0.00208667
0.00417
0
0.00153333
0.00316667
0.00217
0.0103867
0.0204033
0.0388933
0.05551
0.0139333
0.0199667
0
0
0.00485667
0.0322067
0.0448867
0.0497433
0.0224633
0.00984667
0.00893667
0.03235
0.00862333
0.00794333
0.000226667
0
0.0436467
0.0374867
0
0.0186633
0.03969
0
0
0.00116
0.000636667
0.0764367
0.0486067
0.00158
0.02769
0.0870833
0.0327867
0.0109767
0
0
0
0.0168867
0.0149767
0.0118933
0.0286833
0.0349567
0.03612
0.00313667
0
0
0
0.0152333
0.00343
0.00104667
0.00054
0.00305
0.0134333
0.00789
0.00329
0.00636
0
0.00160333
0.01135
0.00250667
0.00811
0.0157133
0
0
0
0.0258133
0.000356667
0.00243
0.0339267
0.000196667
0
0.008
0.00312333
0.00018
0.0376233
0
0
0
0
0.00136667
0.00132
0.00472333
0.00299667
0.000576667
0
0
0.01902
0.0177433
0.0168167
0.0119333
0.000226667
0.00136667
0.0384833
0.0280233
0.01251
0.0287867
0.00981
0.000666667
0.0332667
0.03694
0.03877
0.00312667
0.00262333
0.00133667
0.0259
0.0249067
0.0280433
0
0
0.03552
0.0214567
0.01516
0.0101233
0.01562
0.00744333
0.0218167
0.01626
0.0286833
0.0142633
0.0124467
0.02218
0.00614333
0.02234
0.00140667
0.00380667
0.00888667
0.13245
0.00013
0
0.00750333
0.00625333
0.0304067
0.03737
0.0577633
0.0372967
0.01511
0.000103333
0.0024
0.00143
0.05845
0
0
0.00778
0.00232
0.01201
0.02296
0.0306233
0.0202433
0.04818
0.0532133
0.0368533
0.01868
0.00217
0.00607667
0.161617
0.00013
0.000546667
0.00324
0.01384
0.01913
0.0514467
0.0253167
0.02209
0.00468
0
0.00065
0.00538
0.000356667
0
0.00368
0.0415267
0.0360733
0.0148867
0.01914
0.01777
0.000123333
0
0
0.000946667
0.00458
0.0261933
0.0402767
0.0379567
0.0105433
0.00342
0.00311
0.000213333
0.000393333
0
0
0.00784333
0.0284333
0.0343967
0.01028
0.000956667
0.00095
0.0209467
0.00696
0.00552667
0.000206667
0.000496667
0.00612333
0.00096
0
0
0
0
0.00547
0.00697667
0.0102367
0.0152733
0.00752667
0.0004
0.000366667
0.00014
0
0
0
0
0.00432667
0.00163333
0.0132633
0.00714
0.000136667
0.0131433
0.0251333
0.00743667
0.00236
0
0.000676667
0.000676667
0.00221
0.00303
0.0229833
0.00758333
0.0176933
0.04447
0.0380533
0.0005
0
0
0
0.03001
0.0385333
0.0385233
0.03234
0
0
0
0.0037
0.0186133
0.0323533
0.0321667
0.0220233
0.0159667
0.01333
0.05231
0.0451367
0.0241167
0.0126433
0.000943333
0
0.00126333
0.00723
0.0107733
0.00314333
0.00113333
0
0
0.0235167
0.05048
0.0408333
0.0283433
0.0418133
0.0182633
0.03886
0.02241
0.01629
0.00549667
0.00305
0.00015
0.0148467
0.0834233
0
0
0.0110333
0.00214667
0.00334
0.00353333
0.00256
0.00130667
0.01862
0.0615133
0.10578
0
0.000206667
0
0.00564333
0.0462067
0
0
0.0156767
0.0801
0.0738167
0.0588233
0
0.0742833
0.00835333
0.0133333
0.0520033
0.0295067
0.000103333
0.000103333
0.00012
0.0143967
0.00969333
0.0012
0
0
0
0.00102333
0
0
0
0
0
0.00012
0.0005
0
0
0.00556333
0.0154867
0
0
0
0
0
0
0
0
0
0
0
0
0
0
0
0
0.00035
0.00019
0.000473333
0.00167667
0
0.00014
0.00168
0.00154
0.00448333
0.00294333
0.000933333
0.00318
0.000473333
0.01459
0.00506667
0.00241667
0.0186867
0.0138167
0.0298933
0.0227833
0.0163933
0.00084
0.0107533
0.01681
0.0617933
0.00473
0.000123333
0.000123333
0.000423333
0.000633333
0.00165333
0.00111
0.06915
0.00469
0.03274
0.0586833
0.0213433
0.00226
0.00481667
0.00559
0.000686667
0.01095
0.00187667
0.0483333
0.0592533
0.0255367
0.00920667
0.00032
0.0316033
0
0.01394
0.02004
0.0155167
0.0329933
0.0126667
0.01304
0.0136767
0.0343933
0.0314433
0
0
0.00184
0.00163333
0.0113333
0.0254467
0.00952
0.00458
0.115297
0.000333333
0.00255333
0.0449533
0.02487
0.0244933
0.0326467
0.0067
0.0264967
0.0124467
0.00842333
0.00580667
0.00029
0.00123333
0.00993
0.0110333
0.03773
0.05888
0.03548
0.02677
0.0140833
0.00274333
0.00148667
0.0190033
0.0106267
0.0124767
0.0370067
0.0142733
0.0108633
0.000253333
0
0.00153667
0.00509667
0.000126667
0
0
0
0
0
0.01608
0.01582
0.02166
0.00967333
0.000126667
0
0
0
0
0.0339667
0.0395867
0.00034
0
0
0
0.0367833
0.00996333
0.000213333
0
0
0.00286
0.01303
0.00391
0.00233667
0.000613333
0.00216
0.00412
0.00796
0.0185467
0.0176667
0.00131667
0.00111
0.00404333
0.0005
0.0225633
0.0125567
0.00242
0.0130267
0.00037
0.00626
0.0116633
0.03228
0.000716667
0.00144333
0.00272667
0.03754
0.02316
0.01168
0.00264
0.000316667
0.00045
0.02011
0.0147133
0.01248
0.02503
0
0
0.00676667
0.0259167
0.0169333
0.0145833
0
0
0.03621
0.01187
0.00996667
0.00525
0.00054
0.00679333
0.0270833
0.03856
0.0354267
0.02589
0.00371
0.00066
0.000463333
0
0.0196633
0.0166967
0.02038
0.000196667
0
0.00449667
0.000123333
0.00114
0.00798667
0.000656667
0
0.000873333
0
0
0.00216
0.00322333
0.00268333
0
0
0.00384333
0.00032
0.00288667
0.000716667
0.00088
0.00719667
0.00654667
0.0183633
0.01757
0.000186667
0.00823333
0.00829
0.00479333
0.00768667
0.0275933
0.000166667
0.00072
0.00012
0.000306667
0.0125333
0.0286367
0.00427667
0.00405
0.03563
0.04742
0.0189
0.00258667
0.0211467
0.0354833
0.000346667
0.02819
0.0564467
0.00672667
0.00209667
0.00893333
0.00021
0.05704
0.01951
0.00316667
0.0120167
0.0118633
0
0
0.00462667
0.0194333
0.00033
0.00153333
0
0
0.0370233
0.0173233
0.00596
0.00088
0.00033
0
0
0
0.000116667
0
0.00833
0.0126567
0.00129333
0.00088
0
0
0.000116667
0.00396
0
0
0.00012
0.00370667
0.000413333
0
0
0
0.00012
0
0
0
0
0
0
0.00188333
0.0362567
0.01661
0.0363633
0.03991
0
0
0
0
0.00066
0.0342833
0.0291833
0
0
0
0
0.0015
0.00173333
0.00209333
0.00177
0.03246
0.000216667
0.00319667
0.00393333
0.000953333
0.00145333
0.00295333
0.00804333
0.00368667
0.000773333
0.00066
0
0.00907667
0.00113333
0.00811333
0
0.01486
0.0261733
0.00696667
0.00636333
0.0346167
0.02446
0.0064
0.000723333
0
0.000676667
0.00162333
0.0111233
0.0346333
0.01546
0.0115833
0.00569667
0
0.0183133
0.0370467
0.0143167
0.0254767
0.02564
0.00703333
0.00210333
0.00258333
0.0289333
0.04464
0.04379
0.02317
0.00202
0.00605
0.0300333
0.0663933
0.0767967
0.03335
0.0181133
0.102957
0.0750767
0.0634033
0.0570067
0.0128933
0.0140367
0.0371533
0.0447967
0.0908067
0.06036
0.08336
0.0524167
0.0362
0.0385533
0.0416
0.0520533
0.0310733
0.04023
0.0225933
0.01734
0.03206
0.0167733
0.00728333
0.0185167
0.0337967
0.0435567
0.0355067
0.03836
0.0194133
0.00194
0.0327367
0.0486367
0.0390333
0.04042
0.03913
0.0735933
0.0260033
0.0216067
0.0355633
0.0742133
0.07249
0.0654633
0.00236667
0.00462333
0.00451
0.01811
0.170377
0.0169833
0.133047
0.132967
0.000703333
0.00132333
0.00287333
0.254263
0.243637
0.0774733
0.0245767
0.14637
0.12437
0.10315
0.0139433
0.0347067
0.03149
0.0972067
0.16631
0.00709
0.256397
0.0799633
0.0341033
0.03272
0.0352667
0.0235533
0.0247267
0.04424
0.0586133
0.00955667
0.0632967
0.0841433
0.01433
0.0164767
0.0229733
0.0271
0.01011
0.02543
0.0117667
0.01015
0.00880333
0.03971
0.0991533
0.120343
0.0555667
0.00144667
0.00559667
0.00442667
0.00036
0.00635333
0.0644833
0.169307
0.22088
0.00163667
0.04952
9.33333e-05
0
0.00825667
0.190783
0.18899
0.00736
0.0029
0.02568
0.0881467
0.08411
0.00305667
0
0.00450667
0.0103333
0.01394
0.0408267
0.03919
0.03391
0.01102
0
0.06337
0.139397
0.11925
0.000493333
0
0
0.0449967
0.0420967
0.0457033
0.02543
0.0357333
0.0188933
0
0.10055
0.0429333
0.131457
0.15866
0
0.07225
0.0398
0.108343
0.00033
0
0
0.08579
0.113487
0.0870167
0.0613767
0.04212
0.0787367
0.10207
0
0.02077
0.0682367
0.0645133
0.00805
0.00342
0.01369
0.00230667
0.00197667
0
0.04986
0.0607567
0.0438933
0.0169667
0.0128467
0.00502667
0.02708
0.000666667
0.00836667
0.000696667
0
0.04341
0.0407767
0.0113933
0
0
0.0164667
0.0130967
0
0
0.0327067
0.012
0.0345633
0.00263
0.00622667
0.00812333
0.00487667
0.0129467
0
0
0
0
0.0145367
0.0507433
0.04473
0.03071
0.0858433
0.08986
0.0641533
0.0362233
0
0.00154667
0.0102967
0.00340667
0.08561
0.000173333
0.0685
0.0176733
0.00949333
0.0008
0.00149333
0.00809333
0.0314167
0
0.000626667
0.00250333
0.0124733
0.00816
0
0
0
0
0.00678667
0.02908
0.03933
0.0673367
0.0652467
0.0167
0
0
0
0
0.00235333
0.00150667
0.00276333
0.0200467
0.00904667
0
0
0
0
0
0.00125667
0.00125667
0.00125667
0.000506667
0
0
0
0
0
0.00125
0.000353333
0
0
0
0
0
0
0.000383333
0
0.00784667
0.000493333
0
0
0
0
0
0
0.00697
0.000743333
0.01812
0.0201733
0.00284333
0.0119733
0.0209267
0.0035
0.02708
0.0364667
0.0272933
0.00419
0.00014
0
0.00295333
0.0112633
0.01991
0.0290233
0.0473967
0.0322033
0.0216233
0.0341633
0.0285067
0.00405
0
0.00137333
0.00968333
0.0337967
0.0234
0.00452
0.01115
0.0136567
0.0114767
0.00797667
0
0
0
0.00089
0.00313333
0.02773
0.0229733
0.00222
0.00565667
0
0
0.0128333
0.00497667
0
0.00083
0.00177667
0
0
0
0
0.000276667
0.01081
0.0409267
0.0118267
0
0
0.00038
0
0
0
0
0.00297
0.0301633
0.00825333
0
0
0
0
0
0
0.000506667
0.00280667
0.00614333
0.0313533
0.02746
0.02457
0
0
0
0
0.00402667
0.00203333
0.0172533
0
0
0.000176667
0.00957667
0.00103667
0.0252833
0.03099
0
0
0
0.00021
0.000603333
0.000553333
0.00402667
0.00484
0.00150667
0.0149367
0.01113
0.00089
0.0018
0.00593
0.00575333
0
0.0158933
0.00268
0.0336533
0.00196667
0.000503333
0.00929667
0.0102067
0.00180667
0.00144667
0.00149
0.0207
0.0211767
0.0127767
0.0212367
0.03457
0
0.0141067
0.04846
0.0517767
0.06419
0.0292
0.00253
0
0.000393333
0.00055
0.00201667
0.00379333
0.0121833
0.03506
0.04686
0.05919
0.0410167
0
0.03072
0.03751
0.05328
0.0278733
0.00372
0.00942667
0.0012
0.00053
0
0
0.000346667
0.00362667
0.00673333
0.0255433
0.02057
0.0306867
0.00521
0.00574333
0.0174267
0.0233033
0.00748333
0.00026
0
0
0.00017
0.0033
0.00200667
0.0325333
0.0334433
0.0427067
0.000103333
0.000103333
0
0.00022
0.0201467
0.03875
0.0145067
0.01668
0.00732333
0.00972667
0.01943
0.000613333
0
0
0
0.000106667
0.000213333
0.00146
0.0106733
0.0319633
0.0231067
0.01111
0.0112133
0.00778333
0.00246667
0
0.000293333
0.0128467
0.00287333
0.00466667
0.00718333
0.00389667
0.0148867
0.02953
0.0202733
0
0
0.000173333
0.000173333
0.00370667
0.000733333
0.00212
0.0299633
0.00523333
0.0162233
0.0515633
0.04269
0.00304667
0.000323333
0.0134767
0.00676333
0.0002
0.0002
0.000276667
0.0171933
0.04519
0.0468533
0.05023
0.00177333
0.00166333
0.00721
0.00079
0.0215367
0.044
0.00318667
0.0231633
0.01342
0.00965667
0.00537667
0.00058
0
0.000443333
0.00921333
0.0257233
0.00428
0.0007
0
0.00508667
0.0129167
0.000286667
0.000243333
0.00906333
0.0115733
0
0
0
0.00399333
0.00057
0.000136667
0
9.33333e-05
0.00026
0.00267667
0
0
0
0
0.000183333
0.00140667
0.00280667
0.00238333
0.00183333
9e-05
0
0.000166667
0.000166667
0
0
0
0.000183333
0
0.00341
0.0219533
0.02143
0.0222733
0.0178967
0.00841333
0
0.00062
0
0.00182
0.0233
0.0417033
0.06384
0.05207
0
0.0464667
0.0361867
0.0393267
0.05565
0.0697233
0.0164733
0
0.01957
0.00829333
0.01458
0.0548167
0.0142333
0.00082
0.00118333
0.0182967
0.01299
0.0381
0.01021
0.00112667
0.0707533
0.0640933
0.07718
0.0379767
0.00551667
0.00142333
0.0278233
0.00570333
0.0769833
0.0137733
0.0107167
0.00146667
0.00078
0.000586667
0.00245333
0.0124367
0.01913
0.00149667
0.000406667
0.00309333
0.05344
0.00169667
0
0.0342333
0.0292333
0.00193
0.04765
0.02856
0
0.00526333
0.0233733
0.04035
0.0514433
0.0308467
0.0519867
0.05787
0.00314667
0.105233
0.06541
0.0157433
0.00019
0.0364167
0.04554
0.0243933
0
0.00383333
0.00914667
0.0171367
0.00222333
0.00145
0.000633333
0.118613
0.0632667
0.00418333
0.000583333
0
0.0231067
0.0791533
0
0
0
0
0.00086
0.000556667
0.0647433
0.0786267
0.00150333
0.0510567
0.07034
0.000323333
0
0.03593
0.0469533
0
0
0.00174333
0.01801
0
0.000796667
0.00949333
0
0.00097
0
0.000173333
0
0
0
0.01128
0.00035
0
0
0
0
0
0.02148
0
0
0
0.0133067
0.00276667
0.00032
0.000166667
0.00023
0
0.06236
0.01646
0.00268
0.000523333
0.00285
0.00275667
0.00294
0.00294667
0.00538
0.00353
0.00034
0
0.00312333
0.0136867
0.0158367
0.0158633
0.0250633
0.00516667
0.000533333
0.000193333
0
0.0114567
0.00467333
0.0339467
0
0.0619533
0.0475167
0.05949
0.0119
0
0
0.0122067
0.0267633
0.02318
0.00431
0
0.00224
0.00224
0.000643333
0.0678933
0.0311367
0.000843333
0.00035
0.000893333
0.00044
0.00044
0.00350333
0.05112
0
0
0.01127
0.00403667
0.0375233
0.0189267
0.00406667
0.00153667
0.00153667
0
0
0
0
0
0
0
0.00852333
0.0202233
0.00222667
0
0
0
0
0
0
0
0.00239
0.00114333
0
0
0
0
0
0
0
0.0018
0.00065
0
0
0
0
0
0
0.00102333
0.00103333
0.000383333
0
0
0
0
0.00110667
0.0022
9.33333e-05
0
0
0
0
0
0
0
0
0
0.00248333
0.00096
0
0
0
0.0210867
0
0
0
0
0.00399667
0.00619667
0.0221767
0.00361333
0
0
0
0
0
0
0.00018
0.0028
0.0308467
0.01259
0.00106
0
0
0
0
0
0.00018
0.00609
0.01937
0.0339733
0.0307967
0
0.000163333
0.000716667
0.00646333
0.01647
0.00984333
0.00106
0
0
0.000113333
0
0
0
0.000553333
0.0142067
0.00478333
0
0
0
0
0
0
0
0
0.000553333
0.000553333
0.000553333
0.00214667
0
0
0
0.00187333
0
0
0
0
0.000423333
0
0
0
0.00212667
0.000366667
0
0
0
0
0
0
0
0.000516667
0
0.000506667
0.00453333
0.000366667
0
0
0
0
0
0
0
0.00385
0.00333333
0
0.000506667
0
0
0
0.000976667
0
0.00547
0
0
0
0.00203667
0.00713
0.00130333
0.0288333
0.0260067
0.00368
0
0
0
0
0.000943333
0.00298
0.00780333
0.00108667
0.00208333
0.00146
0.03258
0.1066
0.00755333
0
0
0
0
0
0.000943333
0.00011
0.00208333
0.00350667
0.0217633
0.00410667
0.0948267
0.03231
0
0.00999667
0.00641
0.00214
0.000516667
0.00387333
0
0
0.00415
0.00363
0
0.00320667
0.0425233
0.00652
0
0.00161333
0.00362
0
0
0
0.0134433
0
0
0
0.000773333
0.000773333
0.00041
0
0
0.00145
0.000546667
0
0.000723333
0
0
0.01143
0.00037
0.000246667
0.02139
0.0115
0.000483333
0.00915667
0.02403
0.02208
0.00242
0.000493333
0.00015
0.0454667
0.04067
0.00825667
0.0153
0.0197533
0.0366433
0.0306267
0.00242
0.00352667
0
0.00015
0.0362667
0.0373367
0.01144
0.00712333
0.0378767
0.0134967
0.00229667
0
0.00149
0.0359667
0.0242467
0.04822
0.01688
0.00952333
0.00694333
0.00978667
0.00230333
0.00274333
0.00583667
0
0
0
0.00134
0.0686667
0.0451067
0.02394
0.01973
0.00976
0.0232767
0.00259333
0.0387867
0.0325867
0.0153367
0.00703333
0.0267367
0.000303333
0.000516667
0.02375
0.0264533
0.00375
0.00055
0.00532333
0.0100933
0.0117
0.00722
0.0350733
0.11165
0.03018
0.000126667
0
0.000806667
0.00207
0.00623667
0.00236667
0.000843333
0.000636667
0.000773333
0.000943333
0.00017
0.00155
0.0331567
0.05104
0.0646133
0.0147167
0
0
0
0.00874
0.0386867
0.00018
0.000323333
0
0
0
0
0.000323333
0.0173367
0.00257333
0
0.000323333
0.000976667
0.000676667
0
0
0
0.00142
0
0
0.0346767
0.0189333
0.0592167
0.0151167
0
0
0
0.00109667
0.000996667
0.0151733
0.0119033
0.000366667
0
0.0401733
0.0150033
0
0.01383
0.0245667
0.04561
0.0308067
0.00327333
0.0254333
0.0835967
0.0290167
0.0086
0.00683333
0.01387
0.00482333
0
0
0
0
0
0.01195
0.00962
0.02454
0.0319067
0.03097
0.0248733
0.0492367
0.0014
0.00014
0
0.0233767
0.0491467
0.0145667
0.0102367
0.0388267
0.02833
0.01149
0.0268867
0.0153167
0.00332333
0.00421667
0.00148
0.00057
0.00014
0
0
0
0
0
0.0377067
0.0304767
0.0371767
0.0340133
0.0161433
0.02791
0.0202767
0.0325567
0.00831333
0.000586667
0
0
0
0
0
0
0.0338767
0.0258033
0.00748
0.0234067
0.0427567
0.0304733
0.0387433
0.0406233
0.0182667
9.66667e-05
0
0
0
0
0
0
0.0301467
0.00985333
0.01532
0.01836
0.01159
0.00609333
0.0274067
0.02627
0.02612
0.0224033
0.01637
0.01209
0.000193333
0
0
0
0.06361
0.0189833
0.000513333
0.000563333
0.00095
0.01192
0.0152533
0.0319867
0.0358167
0.0162
0.00731667
0.00155
9.66667e-05
0
0
0
0
0
0.07115
0.00402
0.00372333
9e-05
9e-05
0.000163333
0.000163333
0.00153
0.0212067
0.0352067
0.01748
0.0123233
0.00427667
0
0
0
0
0
0
0
0.04922
0.0288433
0
0
0
0
0
0.00144
0.0248267
0.00414
0.000106667
0
0
0
0
0
0
0
0.00882333
0.00404667
0
0.00287
0.000206667
0.00056
0.00015
0.00176333
0.02266
0.0303433
0.0223567
0.01508
0.000503333
0
0
0
0
0
0
0
0
0
0
0.03111
0
0
0.00314333
0.00580667
0.00553333
0.00665
0.0019
0.00459667
0.00502
0.0244767
0.0404667
0.000456667
0
0
0
0
0
0
0.00860667
0.0049
0
0.00281
0.0223433
0.0208133
0.03848
0.0379833
0.0383967
0
0
0
0
0.00062
0.00045
0
0.00223333
0.000123333
0
0.0206567
0.0310133
0.0184067
0.00248333
0.01101
0.0246867
0.0260633
0.04272
0.0307633
0
0
0.00103333
0.00208
0.00619
0.00621333
0.00067
0
0
0.000216667
0.00470333
0.0083
0.00322
0.0104933
0.00241
0
0
0
0.00103333
0.0126867
0.01681
0.02127
0.00267333
0
0
0
0.000216667
0.0245767
0.01127
0.00244
0.00332333
0.00932667
0
0
0.0159867
0.04074
0.0344567
0
0
0.00414
0.01528
0.01296
0.00063
0.0002
0
0
0.02557
0
0
0
0.00106333
0.00601
0.02834
0.0564
0.04275
0.000296667
0.000283333
0.00058
0
0
0
0
0.00208667
0.0174933
0.0487967
0.0572967
0.0381167
0.0174867
0
0
0
0.00300667
0.00286333
0
0
0
0.0271667
0.0251933
0.00148
0
0
0
0
0.00236333
0.0177267
0.000703333
0
0.00251667
0.00538
0
0
0.00079
0.00402667
0.00705
0.0212067
0.00133667
0.00371
0.00246667
0.0220067
0.0458067
0.00217667
0.00119333
0.00906
0.00819
0.00126333
0.0132967
0.0386333
0.0306133
0.0212733
0.0239133
0
0.00189
0
0
0.03117
0.0316767
0.00160333
0
0
0.00102
0
0.03199
0.0196467
0.0325367
0.0259267
0.01272
0.0123633
0.0371633
0.0181933
0.0251133
0.0388733
0.0169767
0
0.01101
0.00719
0.000323333
0
0
0.00321333
0.00838
0.0230533
0.02308
0.00840667
0.00324
0.00739
0.00324
0.00410667
0.0533533
0.00087
0
0
0.00819333
0.02291
0.03515
0.0428167
0.0375333
0.0100333
0.00705667
0.00818333
0.0795867
0.03603
0
0
0
0
0
0
0
0
0.0131667
0.0149767
0.0300967
0
0.0047
0.0302367
0.0317867
0.0150933
0.00542333
0.0245067
0.0282667
0.0226567
0.03759
0.01083
0.0041
0.00123667
0.00123667
0.00123667
0.00123667
0.0131967
0.01294
0.00103333
0
0
0
0
0
0
0.0018
0.000383333
0
0
0
0.00762
0.01882
0.00572
0.00580667
0.00226667
0.01934
0.0277233
0.03875
0.0389433
0.00484333
0.00196333
0.02078
0.0361333
0.04926
0.03698
0.00174667
0.00154333
0
0.00607333
0.000403333
0.00884
0.000416667
0.00859333
0
0.0003
0.0658067
0.0343167
0.00491333
0.0238367
0.00351
0.00304
0.0206833
0.0250167
0.03357
0.0192467
0.00154667
0.00154667
0
0.00398667
0.01388
0.0105733
0
0
0
0.00193
0.00655333
0.00678
0.00244
0
0
0
0
0.000826667
0.00585667
0.00418333
0
0
0
0.000846667
0.00518667
0.0150833
0.000133333
0
0
0
0.0207
0.000543333
0
0
0.00148667
0.00285333
0
0
0
0
0.000966667
0.00119333
0.0254433
0.0104733
0.00041
0
0
0
0
0
0.0338333
0
0
0
0
0.00533
0
0
0
0
0
0
0
0.000733333
0.02373
0
0
0
0
0.00127333
0.0283733
0.0129967
0
0
0
0
0
0.01428
0
0.00120667
0.00353
0
0
0.000176667
0.00198333
0.000653333
0
0.00137333
0.0104333
0.0108667
0.0088
0.000673333
0.00466
0
0
0.000193333
0.0284633
0.00301
0.00450333
0.0300267
0
0.0187733
0.0489867
0.0172833
0.00712667
0.00828
0.0135967
0.0304667
0.0245767
0.00242333
0.0189733
0.02086
0.01878
0.0138367
0.00982333
0.0215033
0.0329167
0.000903333
0.00717333
0.0287733
0.03195
0.0335367
0.00784667
0.000986667
0.000206667
0.0141633
0.00173667
0.03762
0.02474
0.0142367
0.00139333
0.00173
0.00156333
0.00012
0.00533
0.01478
0.00149333
0
0
0.000546667
0
0.00012
0.0393133
0.00478333
0
0
0
0.00416667
0.00132333
0.00024
0
0
0
0.03429
0.0307733
0
0
0
0
0
0
0.05273
0.0327633
0.0021
0.000776667
0
0
0
0
0
0
0.0158267
0.000776667
0
0
0
0.00708333
0.00819
0
0
0
0
0
0
0
0.0261
0.02098
0.0104
0
0
0
0
0.01498
0.0220267
0.00298667
0
0
0
0
0
0.0247933
0.01793
0.00362667
0
0.0126867
0.00144333
0.00064
0.00064
0
0
0
0
0
0
0.00297
0
0
0
0
0
0
0.00198667
0
0
0
0.0300667
0
0
0
0
0
0
0
0
0.0203633
0.00165667
9.33333e-05
0
0
0
0.0219467
0
0
0
0
0
0
0
0.000946667
0.00414667
0.000183333
0
0
0
0
0.01413
9e-05
0
0
0
0
0
0
0.000546667
0.0266167
0.00441667
0
0
0.000676667
0.00473
0.0127533
0.03631
0.00214333
0
0
0
0
0
0.0463267
0.02776
0.00420333
0.00411
0.00371333
0
0
0.00628
0.00056
0.00056
0
0
0.0346267
0.0393067
0.0584233
0.0202167
0.000373333
0.0141933
0.15425
0.0170167
0.00213333
0.0514633
0.0608
0.000456667
0.0769233
0.0889367
0.13213
0.0164067
0.00213333
0.05617
0.00742333
0.0398533
0.0945
0.0502567
0.02555
0.0661433
0.01397
0.08098
0.0785367
0.00135
0.000633333
0.06645
0.235687
0.0131567
0.00518667
0.00273333
0.01562
0.0670267
0.0806
0.04085
0.02129
0.0140933
0.00511667
0.00442667
0.0474833
0.00347
0.0400667
0.0235967
0.00259
0
0.0108367
0.0304133
0.00259
0.00036
0.00684333
0.05875
0.0270533
0
0.0507433
0.000876667
0.0362233
0.0603733
0.0501067
0.00685667
0.00146
0.00716333
0.102423
0.03914
0.000773333
0.00949
0.102657
0.0664433
0.0142167
0.0110433
0.01262
0.00081
0.107113
0
0
0.00118
0.0814967
0.0728033
0.02003
0.0216067
0
0.0786533
0.05651
0.0525567
0.0282733
0.0183533
0.0397067
0
0
0
0.02941
0.0377333
0.00203667
0.00202333
0
0
0
0.0136767
0.00754333
0.000926667
0.01519
0
0
0
0
0
0
0
0
0.00718333
0.02455
0.00493333
0.000966667
0.000683333
0
0.000533333
0
0
0
0.0439867
0.0629967
0.05173
0.01269
0.00171667
0.00289667
0.00015
0.00263667
0
0.00483
0.02757
0.0474767
0.0556733
0.03632
0.01097
0.01574
0.00201333
0.00375667
0.0111333
0
0
0.00164
0.0143467
0.0294567
0.00119
0.03803
0.02605
0.00283
0.11356
0.0743733
0.14159
0.0903
0.0357833
0.04106
0.0343667
0.01058
0.0172567
0.0347267
0.109823
0.0423067
0.0203867
0.0351767
0.0260667
0.00684333
0.0132167
0.00947667
0.0227233
0.0418
0.03617
0.114047
0
0.00112667
0.128783
0.12082
0.02873
0.00541667
0.0673133
0.0198867
0
0.000416667
0.0562133
0.0303167
0.0236133
0.00652
0.0597867
0.0437033
0.04139
0.000296667
0.0267133
0.05137
0.05401
0.0596233
0.0342367
0.01519
0.00270667
0.00473
0.0191133
0.0675167
0.0220533
0.0260367
0
0
0.00078
0.0244533
0.0935967
0.0574433
0.0363133
0
0
0.000286667
0.0864667
0.07955
0.0835667
0.08624
0.08615
0
0
0.01412
0.0693
0
0.000286667
0.000106667
0.0150633
0.0849067
0.112
0.101833
0.00172
0.00157333
0.000106667
0.06224
0.00186667
0.00312333
0.01336
0.0985033
0.09879
0.0656833
0.00752333
0.02199
0.0182433
0.0130433
0.02842
0.109403
0.0238733
0.0438333
0
0.0198633
0.0244733
0.04695
0.0292
0.05066
0.104523
0.0171133
0.0338533
0.05712
0.0708033
0.0541233
0.103197
0.12389
0.0149667
0.0452467
0.01743
0.0315933
0.03172
0.0608033
0.05795
0.07198
0.0372467
0.103773
0.01341
0.0547233
0.0514333
0.0911367
0.05972
0.0557433
0.184207
0.04586
0.0100967
0.00583667
0.02507
0.01411
0.00846
0.00365333
0.0282667
0.06261
0.16319
0.0296833
0.0337667
0.00071
0.00555333
0.03132
0.03999
0.0351233
0.05294
0.0400633
0.193863
0.06212
0.0660667
0.03001
0.00945333
0.000346667
0.0736833
0.0306833
0.0678533
0.0734967
0.0949
0.0257067
0.00733333
0.000346667
0
0.00189333
0.0115433
0.02327
0.0190833
0.0305533
0.0106467
0.08247
0.06906
0.0162033
0.153483
0.142883
0.104023
0.0417967
0.0234733
0.0794767
0.152067
0.134797
0.05944
0.01138
0.0425967
0.0415767
0.0216933
0.00973333
0.02535
0.03827
0.0192367
0.000703333
0.0993067
0.00447333
0.0649633
0.12448
0.126657
0.0513567
0.107387
0.152273
0.01196
0.00338
0.07329
0.03288
0.0964167
0.368337
0.387053
0.218247
0.185153
0.07545
0.247287
0.09404
0.04788
0.0392433
0.000976667
0.31011
0.855523
0.186753
0.06313
0.133223
0.03166
0.0457567
0.03446
0.467953
0.158357
0.175937
0.0468067
0.0513967
0.0385533
0.03975
0.452663
0.73675
0.90444
0.01454
0.0536333
0.0605533
0.145393
0.309823
0.66499
0.127063
0.0863333
0.115833
0.0735133
0.119113
0.0996267
0
0.161917
0.303907
0.00374
0.0383233
0.107667
0.117107
0.155333
0.00467667
0.0569233
0.0705367
0.0327567
0.0117067
0.00246333
0.03736
0.0505
0.102307
0.165147
0.00428667
0.00928333
0.0131733
0.00465333
0.000806667
0.18282
0.114657
0.163233
0.0973167
0.0360033
0.0704233
0.117637
0.10332
0.11744
0.00811667
0.00773667
0.0342433
0.0213467
0.0174067
0.182703
0.53027
0.314773
0.09502
0.0475567
0.0701767
0.0594167
0.0219633
0.05288
0.02795
0.06389
0.0638867
0.0689767
0.320143
0.58951
0.216567
0.0379567
0.0496833
0.05541
0.29614
0.366783
0.235553
0.0137
0.04829
0.06302
0.0483333
0.0763333
0.263123
0.00144
0.00092
0.0106333
0.0538967
0.05884
0.0603167
0.09131
0.22379
0.155273
0.0783967
0.0134733
0.0269967
0.0465033
0.14133
0.28344
0
0.00033
0.00071
0.01807
0.184553
0.3773
0.229973
0.1463
0
0.00491667
0.04346
0.112417
0.206567
0.297477
0.48321
0
0.00101667
0.0273433
0.0663233
0.28292
0.512533
0.00165333
0.00267
0.0333667
0.10071
0.127957
0.43159
0
0.01328
0.09061
0.163087
0.34684
0
0.0404833
0.0729067
0.17729
0
0.00215667
0.00619333
0.00950667
0.0537767
0.0402567
0.09251
0.02459
0
0
0.000303333
0.00107
0.00621667
0.0217667
0.000166667
0.00336667
0.00464
0
0.0372633
0.000163333
0.00142333
0.00285
0.00600333
0
0
0.0615533
0.00162
0.00636
0.03321
0.0300833
0.05877
0.0967667
0.138167
0.17568
0.00492
0.0704833
0.106227
0.213897
0.0126367
0.0398267
0.0870833
0.0758867
0.07003
0.157
0.1569
0.0344067
0.0307067
0.0300967
0.0438567
0.08934
0.0265233
0.00743333
0.0148233
0
0.00681333
0.00807667
0.00112667
0
0.00246
0.0116567
0.0260233
0.00761
0.01052
0.0306067
0.0322433
0.00816667
0.0121433
0.00113333
0.000353333
0
9.33333e-05
0.000413333
0.00219
0.00629
0.02719
0.0179333
0.0243667
0.0283533
0.0263033
0.01269
0.01175
0.00213667
0.000103333
0.0003
0.00206
0.03127
0.00743
0.0100733
0.000696667
0.0196633
0.0215267
0.0156867
0.00812
0.01371
0.0101
0.0218733
0.00806667
0.01905
0.00237
0.000626667
0.000523333
0.00602
0.0413267
0.0432067
0.0359267
0.0238067
0.01212
0.00455333
0.00394333
0.03538
0.03532
0.00704667
0.01148
0.00321
0.0185267
0.0442633
0.0235933
0.0471467
0.08793
0.08182
0.04828
0.0156067
0.0129267
0
0.00121333
0.01521
0.0355667
0.0315733
0.0360867
0.0221333
0.00508
0.01677
0.00580333
0.0344467
0.0095
0.0177367
0.0744267
0.105663
0.0168833
0.0255733
0.05581
0.00137333
0.01603
0.0322233
0.0120933
0.00306333
0.00261333
0.00258333
0.00966333
0.0268967
0.00908
0.0105133
0.0706533
0.114703
0.0669167
0.01249
0.03536
0.0991533
0.00752667
0.00331667
0.00649
0.00191
0
0.00273
0.0285133
0.09061
0.0905333
0.04492
0.0418567
0.07958
0.0615033
0.0120467
0.0129333
0.000106667
0
0
0.00552
0.00821333
0.000906667
0.0209667
0.00839
0.00423667
0.000266667
0
0.00078
0.00619333
0.0328167
0.05228
0.0164033
0.000566667
0.000106667
0
0
0
0
0.000116667
0.00025
0.00089
0.03434
0.0301533
0.0272933
0.00659333
0
0.00533667
0.0272433
0.0381533
0.0398633
0.0302833
0.000116667
0
0
0
0
0.000103333
0.000103333
0.00136667
0.0164367
0.02436
0.00224333
0
0
0.00608
0.00365
0.01247
0.0325167
0.0218
0
0
0
0
0.00172333
0.00598333
0.00824333
0.00528667
0.0164833
0.02424
0
0
0
0.000963333
0.00194
0.00112
0.00202333
0
0
0
0
0
0.00236
0.00473667
0.00376333
0.00567667
0.00678
0.01076
0.00522333
0.000346667
0.00011
0.00170333
0.00431
0
0
0
0
0.00059
0.00532667
0.0215967
0.0271133
0.0277767
0.0347133
0.02357
0.00689333
0.000686667
0.00405333
0.00486333
0.0002
0.000143333
0.000426667
0.0112967
0.0481567
0.00963667
0.0300233
0.04914
0.0156767
0.0610367
0.0331967
0.04395
0.0337
0.04028
0.02502
0.0156033
0.0130967
0.00148
0.00383
0.00175667
0.00172
0
0.000256667
0.000406667
0.000426667
0.000553333
0.00095
0.000203333
0.00157333
0.00162667
0.000816667
0.00211667
0.00818667
0.0101233
0.00956333
0.00701667
0.00912667
0.01554
0.0485433
0.07494
0.0544433
0.0417
0.0906833
0.0619533
0.0718333
0.0553067
0.0919667
0.0800533
0.03449
0.0137033
0.04625
0.03254
0.00533333
0.00359
0.0147767
0.00502667
0.003
0.0185433
0.01739
0.00491333
0.0462167
0.06804
0.04351
0.0267167
0.03439
0.0189567
0.0213267
0.0570267
0.09108
0.08666
0.02981
0.0584433
0.03048
0.03074
0.07311
0.0410367
0.0405867
0.00325667
0.00085
0.0941133
0.103497
0.0250933
0.01152
0.0105
0.0408767
0.0463233
0.01925
0.04492
0.0578267
0.03413
0.0376033
0.0242867
0.0303333
0.00724333
0.01036
0.00114
0.01329
0.0390233
0.00953667
0.02634
0.0233967
0.01054
0.02189
0.0436567
0.0272433
0.00892333
0.0157733
0.0172033
0.00257
0.0208633
0.03758
0.0404267
0.00146333
0.0388067
0.0111033
0.00640667
0.0232133
0.05791
0.0211733
0.00299333
0.108533
0.0682533
0.0757033
0.00895333
0.00690667
0.12865
0.0863267
0.0752033
0.0998167
0.0656167
0.20812
0.06186
0.0876633
0.09954
0.0797967
0.0436133
0.03103
0.23934
0.03764
0.0332333
0.02152
0.0192633
0.00287333
0.01977
0.0214
0.02184
0.0483467
0.0639167
0.0213233
0.0139533
0.0144933
0.0319
0.0224467
0.0201433
0.0188133
0.01932
0.0460633
0.0480367
0.0283167
0.0227667
0.0797233
0.107333
0.0485667
0.00217
0.0395067
0.0185067
0.0208467
0.02918
0.0722167
0.136677
0.00555667
0.144963
0.135363
0.0445967
0.01627
0.0457433
0.0290933
0.01821
0.000646667
0.144517
0.05464
0.03101
0.00734
0.0107567
0.0283033
0.04925
0.0511967
0.0166133
0.0835133
0.0387733
0.00477667
0.11032
0.0640033
0.04174
0.0170467
0.00209667
0.0357567
0.0679733
0.0283867
0.0137133
0.09425
0.0626733
0.05631
0.0185533
0.05911
0.0969633
0.181827
0.0325567
0.0221467
0.0508033
0.06935
0.0390467
0.00034
0.25932
0.197403
0.00697333
0.00815667
0.0371967
0.07284
0.338497
0.2497
0.00848
0.01477
0.01819
0.0144567
0.17937
0.0483933
0.0107267
0.0118767
0.225023
0.04164
0.00733667
0.02892
0.0119267
0.0630533
0.08255
0.0833367
0.07956
0.00537667
0.02139
0.0349433
0.0730367
0.0473067
0.0274833
0.000226667
0.00127
0.0134967
0.0393633
0.0599233
0.02756
0.01109
0.0011
0.0202833
0.0179367
0.00308333
0.00195333
0.0045
0.0106867
0.00804667
0.00368667
0.01917
0.0142267
0.00212667
0.0315233
0.0151867
0.0214233
0.0238933
0.0212467
0.01784
0.0292067
0.0181067
0.0120467
0.0326967
0.0396733
0.02067
0.02761
0.0289533
0.0327967
0.0262667
0.00214
0.00297667
0.00689333
0.0173533
0.160473
0.105483
0.05172
0.0237467
0.0106733
0.00059
0.000823333
0.00286667
0.0398833
0.00824333
0.00036
0.000113333
0.0662167
0.0123767
0.00564333
0
0
0.000393333
0.000153333
0.0591533
0.0266567
0.0333533
0.00518667
0.00926667
9.33333e-05
0
0.0245833
0.00336
0
0
0
0.0349467
0.01375
0
0
0
0.0258567
0.0146967
0.000946667
0
0
0
0.00125333
0.00106
0.00111
0.00407
0.00167667
0.00012
0.000233333
0.0117167
0.02089
0.00410333
0.0275033
0.03424
0.0465233
0.0436
0.00146
0.0129367
0.0132467
0.0960867
0.0631367
0.0310933
0.00847
0.00169333
0.00615333
0.02764
0.0397433
0.0444533
0
0.01369
0.0209533
0.00196
0.00757
0.00755
0.00100333
0.00269
0.00172
0.00998333
0.0423167
0.0450967
0.0577367
0.00443667
0.00754
0.0162867
0.01402
0.00787667
0.00107667
0.0112533
0.00024
0.0634633
0.00513
0.00874
0.01861
0.0295067
0.02995
0.00758667
0.00299667
0.00603
0.00663333
0.00913333
0.02961
0.0338633
0.00676667
0.0293367
0.00596333
0.01415
0.01126
0.0177733
0.04398
0.0359767
0.00989667
0.0180033
0.0380767
0.01246
0.02185
0.01392
0.0363867
0.045
0.0269
0.0220867
0.0129367
0.00558667
0.0161367
0.02714
0.16886
0.05509
0.0310467
0.0232233
0.0187433
0.0261933
0.0646033
0.2646
0.259863
0.0583667
0.0889467
0.0666467
0.0943767
0.0616533
0.05355
0.0183133
0.01558
0.0666167
0.105973
0.08556
0.0632033
0.0128067
0.07931
0.02618
0.04399
0.0693067
0.0206
0.0353967
0.0693067
0.0394567
0.0704233
0.0364933
0.0683
0.200543
0.420757
0.651053
0.568207
0.524213
0.282053
0.32306
0.505657
0.543773
0.148817
0.197203
0.0842533
0.178093
0.228097
0.10042
0.0478167
0.0123033
0.0857033
0.103343
0.108487
0.04156
0.109637
0.0606033
0.0660567
0.0496367
0.0280667
0.00407
0.00747
0.0362967
0.0575433
0.03591
0.0574
0.0243133
0.0211767
0.00343333
0.00203
0.01085
0.0245767
0.0359067
0.02323
0.0337433
0.03981
0.0152033
0.000396667
0.000533333
0.0556
0.04024
0.0191067
0.0158133
0.01126
0.00500333
0.0262567
0.0009
0.00236333
0.03515
0.0316267
0.023
0.0463567
0.01301
0.00258333
0.05025
0.0116433
0.0161733
0.01174
0.0003
0.0218667
0.00454
0.0533533
0.0183667
0.0104
0.00128667
0.00231667
0.00125667
0.00291
0.00174667
0.00172667
0.0633967
0.0524667
0.0188533
0.00057
0.00116333
0.000863333
0.0123033
0.0129867
0.0443667
0.0833267
0.06722
0.0388933
0.000213333
0.000806667
0.00802
0.02037
0.0527633
0.0676133
0.0383833
0.05559
0.0333433
0.0314633
0.0325433
0.00435667
0.00185667
0.0502367
0.04488
0.0103767
0.00500333
0.00262333
0.00208667
0.00345333
0
0.00095
0
0.00141
0.00368667
0.00193667
0.02586
0.0817633
0.0317833
0.00675
0.01514
0.100543
0.162977
0.137577
0.0317367
0.00529333
0.0656533
0.105453
0.0679867
0.00361
0.0659167
0.01807
0.01194
0.0550367
0.09229
0.10623
0.09206
0.0592167
0.07773
0.0677
0.00567333
0.03283
0.0698333
0.0875167
0.0958033
0.01567
0.0480033
0.0612333
0.01054
0.0510433
0.0168733
0.0245567
0.0439133
0.0543
0.0510967
0.0411533
0.0355533
0.0318967
0.0232733
0.05979
0.0587133
0.0198633
0.00826333
0.00148333
0.00193667
0.00176667
0.00948
0.0122233
0
0.00215333
0.05337
0.04044
0.02286
0.0100067
0
0.02398
0.00751
0.0181633
0.0383633
0.0458433
0.03199
0.01349
0.000843333
0.00101667
0.01073
0
0
0.08368
0.06741
0.0206067
0.0168233
0.0259467
0.0180267
0.03862
0
0.05214
0.0138467
0.0254433
0.0225933
0.00601
0.00622
0.0186967
0.05141
0
0
0
0.04015
0.0299567
0.00591
0.0137
0.0128267
0.00382333
0.0413067
0.02429
0.01207
0.0023
0.00469667
0.00045
0.00440333
0.00863333
0.0187067
0.05065
0
0
0.00248
0.000423333
0.00272333
0.00405
0
0.0335367
0
0
0.000336667
9.66667e-05
0
0
0
0.00345
0.02635
0.0147267
0.0328467
0.000826667
0
0
0.00048
0.00158667
0.0306567
0.009
0.00176
0
0
0
0
0.0023
0.00288333
0.00142
0.0343
0.00876
0.000933333
0
0
0.00033
0.01161
0.00120667
0.00144333
0.00013
0
0
0
0.00033
0.0119467
0.02075
0.000653333
0.00046
0.00146
0
0.000893333
0.0101467
0.0367067
0.0131767
0.0111633
0
0
0.000206667
0.02344
0.00550333
0.0110633
0.01958
0.0532167
0
0
0
0.00273333
0
0.00636333
0.02157
0.0216933
0.07753
0.08308
0.00273333
0
0.00313667
0.0556867
0.05898
0
0
0.0206267
0.00127333
0.0227167
0.07694
0.0767333
0.0611367
0.0129167
0.0425533
0.0124067
0.0202133
0.0268867
0.0012
0.0314533
0.03499
0.00266667
0.0120933
0.000226667
0.000226667
0.00016
0.00016
0.00625667
0
0
0
0.00153333
0.00252667
0.01259
0.0279133
0.01114
0
0.00036
0.00603
0.00766333
0.0167933
0.0361067
0.0062
0.01334
0.0379233
0.000226667
0.0313233
0.0339467
0.03988
0.000226667
0.000636667
0.000996667
0.0225233
0.000933333
0.07248
0.08309
0
0.00647667
0.04046
0.07711
0.0891067
0.0576233
0
0
0.00584333
0.0124667
0.02894
0.0544367
0.00847333
0.0163733
0.000883333
0.000163333
0.00267333
0.00836
0.00636
0.00767333
0.00873667
0.01062
0.000196667
0.01496
0.000613333
0.00280667
0
0
0
0
0.0042
0.00624
0.00172
0.000196667
0.02662
0
0.00602333
0.0114033
0.0227033
0
0
0
0.00637333
0.00349333
0.00113
0.000576667
0
0
0.0123133
0.0225967
0.000803333
0
0.00250333
0.0110667
0.0225767
0.00511
0.0288567
0.000226667
0
0.000666667
0.0296733
0.02611
0.0101767
0.00218333
0.000866667
0.00253333
0.0192167
0.01188
0.04116
0.0255567
0.0334
0.0314667
0
0.00669
0.0138667
0.0125867
0.00807667
0.0115333
0.0524033
0
0
0
0.000373333
0.00753
0.0382433
0.00250333
0.00337333
0.00999333
0.00013
0
0.00065
0.01251
0.00200333
0.0142067
0.0382467
0.0244933
0.01122
0.0331267
0.0611667
0.00250333
0.0141833
0.0882467
0.000506667
0.01294
0.0162367
0.03383
0.0499967
0.0416767
0.0207533
0.0306667
0
0
0.00065
0.00596333
0.00273333
0.0315567
0.0352667
0.028
0.000123333
0
0
0
0.000946667
0.00477667
0.0146567
0.0155533
0.03412
0.02064
0.00307
0.0112267
0.000336667
0.000103333
0
0.00174667
0.01177
0.03103
0.0168167
0.00077
0.00032
0.00035
0.00024
0.000683333
0.00708333
0.00118667
0.00488667
0.00879
0.00935
0.00014
0
0.02463
0.00812333
0.00174333
0.00631667
0.000343333
0.00245
0.00343
0.0151833
0.03155
0.00967
0.00548333
0.00031
0
0
0.000676667
0.00176
0.00672333
0.0345867
0.0195133
0.00547667
0.0222733
0.0372333
0.0235833
0.00674333
0.00379667
0.000136667
0
0.0247933
0.0145033
0.0395733
0.000363333
0
0.00116
0.00321667
0.01849
0.0198067
0.01075
0.0222867
0.00402667
0
0.000103333
0.0200967
0.0143733
0.0108333
0.00172667
0.0101133
0.000553333
0
0.03978
0.04764
0.04263
0.00169667
0.01182
0.0318833
0.0269067
0.01593
0.00504333
0.00163667
0.00599
0.0463367
0.000553333
0.0045
0.00350333
0.00334
0.00546667
0.00968
0.04117
0.107777
0.000206667
0.00308333
0.0210033
0.04556
0.0989033
0.000206667
0.000206667
0.00130667
0.02118
0.04201
0.05036
0.03443
0
0
0.04114
0.03339
0.0215133
0.000103333
0
0.00520333
0.00981333
0.0103933
0
0
0
0.000343333
0
0
0
0
0.00012
0.00062
0
0.00607333
0
0
0
0
0
0
0
0
0
0.00035
0
0.00019
0.00014
0.00154
0.00352667
0.00411333
0.00353
0.00019
0.00361667
0.000876667
0.00913333
0.0147733
0.03654
0.00349333
0.00164
0.00943333
0.00683333
0.0289633
0.00449667
0.000126667
0
0.00153667
0.02911
0.00328667
0.00202333
0
0
0.00790333
0
0
0
0
0.00811667
0.000126667
0
0
0.000896667
0.0191467
0.00799
0
0.00196333
0.000613333
0.00489667
0.00941
0.00695667
0.00655
0.00193
0
0.0149667
0.00142667
0.0169767
0.0107567
0.00171667
0.00131
0.000716667
0.0185767
0.0149033
0.00045
0.01447
0.00270333
0.0381533
0.02708
0.00764333
0.000463333
0
0.00054
0.01523
0.00881667
0
0
0.00727
0.01503
0.000853333
0
0
0.00384333
0.000123333
0.00596
0
0.00023
0.000643333
0.000643333
0.00384333
0.00484333
0
0.00456333
0.000186667
0.000256667
0.00288667
0.000716667
0
0.00088
0.01269
0.000166667
0.00642333
0.00137
0.0162667
0.0305033
0.00835333
0.03998
0.0310033
0.000513333
0.0295067
0.0375533
0.00405
0.0120467
0.0377533
0.00021
0.0644467
0.01799
0.00356
0.0183133
0.00174333
0
0.0386967
0.00824667
0.00242667
0.01066
0.0556233
0
0.00227333
0
0
0.0191767
0.00033
0.00107
0.00074
0
0
0.00448667
0.0410833
0.00088
0
0
0
0.00515333
0.02653
0
0
0
0.000116667
0.000783333
0
0.00329333
0.000413333
0.000413333
0
0
0
0
0.000546667
0.0131267
0.02391
0
0
0
0
0
0
0.000233333
0
0
0
0.0015
0.00099
0.00188333
0.01133
0.000216667
0.000216667
0.00298
0.00926333
0.0162833
0.0130967
0.00368
0
0.00834
0.00173667
0.00180333
0.000443333
0.000676667
0.000893333
0.0103933
0.0260867
0.01668
0.0343367
0.03115
0.00377333
0.000496667
0
0.0351
0.0114433
0.0172867
0.0234867
0.000496667
0.0120833
0.0366667
0.0181433
0.0263267
0.03351
0.00708
0.0026
0.02906
0.0414367
0.04707
0.0117867
0.00272333
0.0128433
0.0380067
0.04876
0.0369833
0.04478
0.0443067
0.00457667
0.0276067
0.0150933
0.0305
0.04744
0.0755267
0.0667567
0.0748167
0.0676333
0.0279067
0.0428033
0.0558267
0.0634833
0.0720267
0.03084
0.0243433
0.0180333
0.02525
0.0449667
0.0450767
0.00859
0.0190433
0.0565033
0.03921
0.04076
0.0377733
0.01143
0.0185733
0.0209
0.02833
0.03053
0.0195133
0.103657
0.0202233
0.0180067
0.05215
0.0359367
0.0203433
0.0123567
0.0239433
0.129687
0.01648
0.0282833
0.11225
0.167267
0.14739
0.00824667
0.0920667
0.03719
0.14557
0.14414
0.181783
0.00101333
0.0318133
0.0388733
0.05395
0.15704
0.0449767
0.06572
0.13545
0.0150767
0.0688133
0.100917
0.0389633
0.08587
0.0439033
0.02242
0.0164367
0.02645
0.0226833
0.0238333
0.01829
0.03834
0.0884
0.00602333
0.0141733
0.0366733
0.204433
0.000416667
0.0160767
0.185197
0.00103333
0
0.0860367
0.20008
0
0.00936667
0.0685467
0.114933
0.00501667
0
0.0244267
0.06168
0.05888
0.0587167
0.01298
0
0.0896333
0.00845667
0.05353
0.0296467
0.135967
0.0814367
0.0678867
0
0
0.0956233
0.0232367
0.0816933
0.134003
0
0.08833
0.03152
0.14433
0.0706167
0
0
0.112233
0.0383033
0.0439733
0.00033
0
0.01984
0.00765
0.0135167
0
0
0.08104
0.08722
0.0447167
0.0135433
0.01635
0.00596667
0.0183233
0.00264333
0.01946
0.00505
0.000696667
0
0.04494
0
0.08901
0.0438367
0.0294
0.02393
0.00366333
0.00998333
0.00166667
0.00272
0.0146533
0
0.00125333
0.00811667
0.0292133
0
0.000626667
0.00187667
0.00180333
0.00733667
0.08637
0.00816
0
0
0
0
0.000553333
0.0130133
0.0103033
0.000506667
0
0
0
0.00176333
0.000506667
0
0
0.000353333
0
0
0
0.00623667
0.00548
0.00014
0
0.00733
0.00247
0.0100867
0.00275667
0.0424033
0.00917667
0
0.000483333
0.0378433
0.00275667
0.0388867
0.01025
0
0
0.000483333
0.0167367
0.0385933
0.0073
0.0194067
0
0.00089
0.01067
0.00387
0.00433
0.00177667
0
0.0133133
0.0228433
0.01666
0.0176533
0.00215667
0
0
0
0.00252
0.04026
0.0245033
0.01083
0
0.00038
0
0
0
0.000276667
0.01126
0.0168433
0
0
0
0.000506667
0.00304
0.02509
0.02455
0.03658
0.02261
0
0
0
0
0
0.00442
0.000486667
0.00511
0
0
0.000176667
0.000693333
0
0.00481
0.0181967
0.0392
0.0142167
0
0
0.00021
0.000436667
0.000376667
0.01931
0.000923333
0.00177
0
0.00021
0.00487
0.01491
0.00601333
0.00215
0.0354
0.00011
0.00466333
0.0133
0.00691667
0.00911333
0.0133033
0.00868667
0.0314633
0.00186
0.00180667
0.0235567
0.0193667
0
0.000393333
0.00920667
0.00472667
0.0193933
0.0394367
0.0359967
0.0714233
0.0139967
0.00067
0
0.0150533
0.06474
0.05828
0.0109
0
0
0.000346667
0.00345
0.02531
0.00653333
0.00681667
0.0158467
0.0151733
0.0190467
0.00079
0.00107
0
0.00017
0.00325
0.00222667
0.00221333
0.0337367
0.000103333
0.000103333
0.00022
0.00022
0.0332933
0.0236467
0.0351567
0.0298367
0.0106667
0.0111433
0.000716667
0.000613333
0
0.00154
0.0044
0.00473333
0.0134033
0.01828
0.00953333
0
0.000106667
0.01016
0.00360667
0.00393667
0.00544667
0.00587333
0.00509
0.0295767
0.00185333
0
0.000173333
0.00297333
0.00352
0.000276667
0.0172167
0.0326733
0.0144
0.00185333
0
0.00587
0.0163867
0.0174533
0.00417667
0.01465
0.0292533
0.0271833
0.03134
0.00437667
0.00059
0.000666667
0.00939667
0.0388267
0.0688067
0.00058
0.0270133
0.03695
0.00525667
0.00058
0.00959333
0.000683333
0.0289733
0.00498
0
0.00184667
0.0250633
0.00981333
0.00953
0.00899
0.00832667
0
0
0
0
0.00356
0.00284333
0.00284667
0
0
0.000183333
0.00159
0.00389333
0.00215333
0.00149
9e-05
0.000166667
0.000333333
0
0
0
0.00347
0
0
0
0.00200333
0.0212867
0.0388267
0.0241467
0.01847
0.02482
9e-05
0
0
0
0
0
0
0.00524
0.03406
0.0358733
0
0.00094
0.00094
0
0.00015
0.00357
0.0316067
0.0421233
0.0439367
0.0431267
0.00901
0.000686667
0.00797333
0.00460333
0.0696433
0.0417167
0.0427433
0.0209167
0.00161
0.00082
0.01155
0.00856
0.0258667
0.05557
0.0295367
0.00318667
0.00131333
0.0667567
0.0600733
0.0298767
0.000993333
0.00103333
0.0305833
0.0110133
0.04366
0.0279033
0.00179
0.00039
0.00707667
0.00163
0.0615567
0.01209
0.00316333
0.000196667
0.0259233
0.0252467
0.00322667
0.00213667
0.00166333
0.04081
0.0445233
0.0480067
0.00169667
0.000196667
0.00339667
0.0353333
0.0210833
0.0295433
0.0390433
0.0140033
0.0541467
0.0412567
0.0213133
0.00145
0
0.0032
0.01187
0.00969
0.0591767
0.0340133
0.000583333
0.05675
0.00337667
0
0.08288
0.02106
0.00105
0.0697133
0
0.000633333
0.04015
0.00095
0.0772533
0
0.00636333
0.00118333
0.000556667
0.0671067
0.04387
0.04372
0.000946667
0.0160567
0.0180567
0.02595
0.00391667
0.00654667
0
0
0
0
0.000173333
0
0
0
0
0
0
0.00035
0
0
0
0.000503333
0.00023
0.00023
0
0.00603
0.00291
0.0053
0.00376667
0.00305333
0.0059
0.00057
0.00034
0.0326667
0.02422
0.0024
0.01339
0.0113
0.00327
0
0
0
0
0
0
0.0247133
0.0269067
0.01065
0.00173333
0
0
0
0.00354
0.00288333
0.000493333
0
0
0
0
0.0018
0.00065
0.00065
0
0
0
0
0.000373333
0.000383333
0
0
0
0
0.00110667
0.00330667
0.00229333
0
0
0
0
0
0.00137667
0.00468333
0.00316
9.33333e-05
0
0.0126067
0
0
0
0
0
0.00262
0.02205
0.00581333
0
0
0.00018
0.00542667
0.0162433
0.02876
0.00380667
0
0
0
0
0
0.000343333
0.00855333
0.0319767
0.0310133
0.00106
0
0
0
0
0.00802333
0.0135667
0.00106
0
0
0
0
0
0
0
0
0.0111467
0.00520667
0
0
0
0
0
0.000553333
0.00227667
0.000423333
0
0
0
0
0
0.000113333
0
0
0
0
0
0
0.000423333
0
0
0
0
0
0
0
0
0
0
0
0
0
0
0
0
0.00566333
0.00416667
0
0.00203667
0
0
0
0
0
0
0.00197333
0.0253867
0.0288333
0.05116
0.00368
0
0
0
0.00674
0.08802
0.02988
0
0
0.00534
0.00576333
0.000516667
0.0397467
0.0838767
0.00387333
0.000606667
0.0388467
0.09719
0.00998333
0
0
0
0.00415
0.00151667
0.00378333
0.00036
0.03926
0.00729333
0
0
0.00444
0.00284667
0.00041
0.00516667
0
0.0105167
0
0
0
0.00118333
0
0
0.0110033
0
0
0.000193333
0
0.000546667
0.000176667
0.000246667
0.00015
0.02227
0.0162433
0.00633333
0.00104333
0.00135
0.00746
0.02389
0.0400633
0.0295767
0.00289667
0.00266667
0.000246667
0.00232333
0.0147433
0.0230333
0.0347033
0.0135533
0.00428333
0.00352667
0
0.04481
0.0349133
0.03149
0.02772
0.02387
0.00441333
0
0
0.00015
0.00958333
0.0324133
0.04623
0.0143833
0.00740667
0.0160367
0.0113867
0.000186667
0.00274333
0.0338367
0.0160233
0.0135267
0.00685667
0.0102033
0.00174
0.000693333
0
0.0243333
0.0181933
0
0.00596667
0.00193
0.01697
0.0474633
0.08228
0.00231333
0
0.00193333
0.00701
0.00632667
0.01579
0
0.00139333
0.000636667
0
0.000773333
0.00017
0.00181
0.00314667
0.01319
0.0329367
0.0217867
0.00018
0
0.00187333
0.01872
0.00129333
0
0.00116667
0
0
0
0.03993
0.0115467
0
0
0
0.0110833
0.0003
0.000676667
0.000323333
0.00146
0
0.000323333
0
0.0358433
0.0450733
0.03774
0.0417267
0.0227033
0.00614333
0.00146
0
0
0
0.00443667
0.0118367
0.00104333
0.000366667
0.0231967
0.0794067
0.0781067
0.01034
0
0.00826
0.01708
0.0382633
0.0141333
0.00514333
0.0466
0.0638667
0.0104467
0.00961667
0.00496333
0.00468333
0
0
0
0
0
0
0.0255833
0.0386167
0.02821
0.00661333
0.0676667
0.00245
0.00028
0
0
0.0425033
0.04115
0.0269233
0.0253533
0.0295
0.0184033
0.0128333
0.03288
0.0358967
0.01059
0.00043
0.00014
0
0
0
0
0.03125
0.0313433
0.0320433
0.02936
0.0333933
0.0157767
0
0
0
0
0
0.0227633
0.00854667
0.0158333
0.0371567
0.0397367
0.02674
0.0355367
0.00782333
0
0
0
0
0
0.00562
0.0166433
0.00570667
0.03299
0.0176733
0.0276333
0.0106367
0
0
0
0
0.0409067
0.000603333
0.000973333
0.01111
0.0110367
0.0239833
0.0213533
0.01253
0.00592667
0.00164667
9.66667e-05
0
0
0
0
0.01931
0.00018
9e-05
0
0.000163333
0.00144
0.02855
0.03582
0
0
0
0
0
0
0
0
0
0.00372333
0
0
0
0
0
0
0.01817
0.01213
0.00144333
0
0
0
0
0
0
0.0387067
0.01833
0
0
0.000333333
0.00299667
0.000206667
0.000766667
0.00071
0.00305333
0.0289567
0.02614
0.00330667
0.00061
0
0
0
0
0
0
0
0
0.0051
0.000323333
0
0
0.00281
0.00566
0.00875333
0.00763333
0.0194067
0.00798333
0.00096
0
0
0
0
0
0
0.00713333
0
0
0.01927
0.03342
0.00557333
0.0301733
0.0334133
0.0459133
0.00989
0.00286667
0.000456667
0
0
0
0.00062
0.00107
0.00045
0.00235667
0
0.00324667
0.00729667
0.0213233
0.00483333
0.00482667
0.0324267
0.01368
0.00241
0
0
0
0
0.00103333
0.00104667
0.00576333
0.00112
0
0
0
0
0.000653333
0.00504
0.00294333
0.0081
0.0131333
0.00685667
0.00261
0
0
0
0
0.00206667
0.0127
0.03144
0.01768
0
0
0.0158967
0.0130967
0.0116633
0.00926667
0
0.0260967
0.0473467
0.00128
0.00385
0.0434333
0.0220667
0.0114533
0.00064
0.0002
0.0002
0
0
0
0
0
0.00315
0.01878
0.0479
0.01126
0.00014
0.00044
0
0
0
0.00366
0.04429
0.0396667
0.000153333
0
0
0
0.000143333
0.00286333
0
0
0.0161967
0.01657
0.00785
0
0
0.00157333
0.0139967
0.01713
0.0177467
0.00203
0
0.000143333
0.00251667
0
0.00079
0.00570333
0.02916
0.0198333
0.00119333
0.00711
0.0146433
0.0378333
0.01998
0.00147333
0.00246667
0.0471133
0.00209667
0.00087
0.00102
0.00024
0.00102
0.00806667
0.00025
0.00208333
0.00352
0.0111767
0.00927667
0.00444667
0.00585
0.10612
0.036
0.191443
0.213707
0.0120433
0.0240467
0.0008
0.04886
0.168297
0.00315333
0.0191233
0.0354033
0.06124
0.0326267
0.188307
0.03618
0.0289233
0.00760667
0.00235333
0.0344167
0.12498
0.05676
0.0567067
0.07299
0.09827
0.08898
0.0353933
0.0797267
0.10123
0.163027
0.0168067
0.05098
0.05855
0.08898
0.0160067
0.0160067
0
0.05729
0.0412833
0.12828
0.125663
0.1201
0.0876333
0.04309
0.03248
0.0323533
0.03389
0.0614633
0.08983
0.176613
0.162033
0.177463
0.22516
0.171273
0.11239
0.110997
0.108473
0.0315033
0.0024
0
0.0025
0.0160667
0
0.06342
0
0
0
0
0
0
0.000103333
0.00835333
0.0155433
0.0429067
0.0336167
0
0.05543
0.0604833
0.03533
0.04621
0.00161667
0.00928333
0.0012
0.0672067
0.0012
0.0115067
0.0333267
0.0189533
0.0103867
0.0232833
0.00417
0.00331333
0.0428033
0
0
0.00873
0.0217833
0.0115633
0.01564
0.00442
0.00331333
0.00297
0.0117
0.0240467
0.0551633
0.06692
0.0768133
0.0213033
0.0531033
0.03448
0.0435633
0.0534267
0.00992333
0.0233967
0.04319
0.0472767
0.0453
0.0515833
0.00224333
