0.01269
0
0
0
0
0.0154733
0.0561433
0.000273333
0.00104
0
0
0
0
0
0
0.0358767
0.0166833
0
0
0
0.00130333
0
0.000196667
0
0
0
0
0
0
0.00124
0.000376667
0
0
0.00767333
0
0.0170067
0.00169667
0.000216667
0.000263333
0
0.0128167
0
0.00182
0.00305333
0
0
0.0299467
0
0
0.000113333
0.000903333
0.00088
0.01668
0
0
0
0.0226033
0.0273267
0
0
0
0
0.0186
0
0
0.00342333
0
0.0295067
0.0347533
0
0
0.00111
0
0
0
0.00157333
0
0.00557333
0.0364267
0.0181767
0.00762333
0.01308
0
0
0.000433333
0.0345733
0.00868333
0.0288433
0
0.00130333
0.0181333
0.000213333
0
0.0322333
0
0.00649667
0.000273333
0.000563333
0.0342967
0.0159267
0.0350833
0
0.0216533
0.03472
0.00812
0
0
0.00041
0
0
0
0
0.00130333
0.01019
0.04881
0
0.01717
0
0.00658333
0.0961967
0
0
0.0208933
0
0.000643333
0
0.0204433
0
0
0.000156667
0
0.02396
0
0.00668667
0.0372367
0.0169667
0
0
0
0.00359
0.0123033
0
0
0
0
0
0
0
0.02279
0.110637
0.000426667
0.000173333
0.05075
0.00956333
0.00180667
0.0150833
0
0.000213333
0
0
0.00142667
0.00191333
0
0.000103333
0.00467333
0
0.0260567
0.00518
0.00173333
0.00465
0
0.0380933
0
0
0
0.00738333
0
0
0.04306
0
0
0.00459333
0
0.00162
0
0
0
0
0.000103333
0
0
0.000996667
0.02302
0.000113333
0
0.00260333
0
0.01656
0.000113333
0.000433333
0.000273333
0
0.02218
0.0219767
0.0138467
0
0.0212267
0.000186667
0.0408167
0.05681
0
0
0
0.0112833
0.0306733
0
0
0
0.0339833
0.00666
0.0306633
0
0.00067
0
0
0.07816
0
0.00191333
0.00861667
0.00931333
0.00229
0
0
0.0236467
0.00103
0.00192333
0.01979
0
0
0
0
0.00801667
0
0.0277767
0
0
0
0
0
0.00120667
0.0146933
0
0.01666
0
0
0
0
0.00032
0.02502
0.00643667
0.00471
0
0
0.000633333
0.00015
0
0.00101667
0.000196667
0.00079
0
0
0.00470667
0.00523333
0.000493333
0.0157667
0.00756
0.0410867
0
0
0
0.0179733
0.00157667
0
0
0
0
0.00551
0
0.00037
0.0332767
0.0776967
0
0.0355033
0
0
0.000273333
0.000403333
0
0.000226667
0.0005
0.04352
0.02048
0.00390333
0.00247667
0.00146333
0
0.0170033
0.0014
0.0314133
0.0110333
0.000306667
0
0
0.00082
0
0.00112333
0
0
0
0
0.0110433
0
0
0
0
0
0
0.00957
0
0
0
0
0.00336333
0.0573067
0.0337267
0
0
0
0
0
0
0
0
0.00016
0.00532667
0
0.0193333
0.01279
0.00104
0
0
0
0
0.000166667
0
0.0338533
0
0.04591
0.00148
0
0
0
0.00184667
0.0300967
0.00860333
0
0.00274
0.00165
0.00513333
0
0
0.000533333
0
0
0
0.000633333
0
0
0.00737333
0.0476
0
0.0346833
0
0
0.0314433
0
0
0
0.00808667
0
0.01026
0.00694667
0.00103
0.000386667
0
0
0
0.0117767
0.000226667
0
0
0.01551
0.00374
0
0.00492
0.00281667
0
0
0.0251467
0.03882
0.0195467
0
0
0.04924
0
0
0.00120667
0.03574
0
0.0460533
0.01073
0.0333767
0.00327333
0.00539333
0
0
0.0152133
0.00298667
0.01377
0
0
0.01343
0.00251
0.000196667
0.02005
0.0139533
0
0.05785
0.0232033
0.00191333
0
0.000546667
0
0
0
0.0239033
8e-05
0
0
0.0400167
0.0266767
0
0
0.000216667
0
0.0271333
0.000116667
0.00708667
0.00276
0
0
0.00469
0.00167333
0.00017
0
0.0359933
0.0270667
0
0
0.01322
0.00380667
0
0.000313333
0
0.00119667
0
0
0
0.0405167
0.00110333
0.00016
0
0.0190667
0
0.0008
0.000973333
0
0.00923
0
0
0.01634
0
0
0
0.00373
0
0.000273333
0.03033
0
0
0.0141633
0
0
0
0
0
0.000116667
0.00698
0
0
0.000223333
0.000373333
0.00303
0.0664233
0
0.01301
0
0.0246067
0.00521333
0
0.0275167
0
0.0153233
0.00203333
0.00932333
0.00411667
0
0
0.0375667
0.00336333
0.000623333
0.00279
0.01697
0
0
0.00148
0
0.00329
0
0
0
0.00593667
0.00094
0.00783333
0
0
0.000306667
0.00011
0
0
0.00333667
0
0.02444
0.00217
0.00202
0
0.0023
0.000273333
0
0
0.01036
0.0139567
0.000746667
0
0.000206667
0.0129767
0.00725667
0
0
0
0
0
0.01211
0
0.00796667
0
0
0.00075
0
0
0
0
0
0
0
0
0.00269667
0
0
0
0
0
0
0
0
0.00455333
0.00094
0.00171
0
0.00861
0.0320433
0.000313333
0
0.0253133
0.00657
0.05695
0
0
0.00836
0.00789333
0.11343
0.02219
0
0.0326967
0.0329767
0.00107333
0
0.0138733
0
0.01285
0.00156
0.00744667
0.000223333
0.0554867
0
0.0247167
0
0
0
0.00737333
0.00021
0.00111333
0.0114333
0.00132667
9.33333e-05
0.00120333
0
0
0.00199667
0
0.0370667
0.00088
0
0
0.00174
0
0
0
0
0
0
0.0488533
0.000466667
0
0
0
0.0241567
0.000393333
0
0.00207667
0
0
0.0159367
0.00114333
0.03108
0.09367
0.0137933
0.00834667
0.03267
0
0.00248333
0.03381
0.00828333
0
0
0
9.66667e-05
0
0
0.02164
0
0.000436667
0.000653333
0
0.00109667
0.0328
9.33333e-05
0
0.00339667
0
0.00381333
0.00048
0.00289667
0
0
0.03792
0
0
0.0144533
0.02418
0
0.01595
0.0422267
0.00017
0.0324
0.0102167
0
0
0
0
0.00430667
0
0
0.0188333
0
0.0259033
0
0
0
0.0327633
0
0
0.000556667
0.0107
0
0.00013
0.0280967
0
0.00852333
0.00647333
0
0
0
0
0.0520167
0.00574667
9.33333e-05
0.0115033
0.111393
0
0
0
0.000123333
0
0
0
0.0284567
0.0205467
0
0
0
0
0.00130333
0.0175567
0
0
0
0
0
0.00373
0.0321967
0
0
0
0.00227333
0.02141
0
0.0325333
0.01416
0
0
0.000503333
0
0.0402867
0.01293
0
0.00420333
0
0
0
0
0
0
0
0
0
0.02849
0
0
0
0
0.000436667
0.0390267
0.000423333
0
0
0
0
0
0.0286933
0
0.02333
0.01352
0.00811333
0
0.0159267
0
0.00492333
0.0314167
0.0192433
0.02872
0.0393
0.0192367
0.0154167
0
0.00685333
0
0
0
0.0347
0
0.00348
0
0
0
0.0013
0
0
0.00632333
0.00503667
0
0.01359
0
0.0223567
0
0
0
0
0.0540033
0.000343333
0
0.03649
0
0.0174667
0
0.0179733
0.0308433
0.04561
0.00437667
0.000633333
0
0
0
0.00521667
0
0
0.0293967
0
0
0
0
0
0
0
0.0186267
0
0.00288667
0.00835667
0.00120333
0
0.00215333
0.00057
0.00256667
0
0
0
0
0
0
0
0.00316667
0.00826667
0
0
0.00194667
0.01615
0
0
0.00011
0
0.03706
0
0.000273333
0.0283033
0
0.00141
0.00923
0.01173
0.00260333
0
0.000246667
0
0
0.0223567
0.0282167
0
0
0.00412333
0
0
0.00181667
0.0176133
0.00141
0
0.000103333
0.00048
0.0194867
0
0.0595133
0
0
0
0.01595
0
0
0.0275367
0
0
0
0.01005
0
0.02908
0
0.00737333
0
0
0.0122067
0.00882
0
0.0106567
0
0.00183
0
0.000723333
0.15076
0
0.0044
0
0
0
0.0188467
0
0.0268767
0.0237033
0.00142333
0.00168667
0
0.00021
0.04995
0
0.111743
0.00024
0.0367267
0
0.0140567
0.0116267
0.0112167
8.33333e-05
0
0
0
0.000113333
0.0118867
0
0.00446
0.0294
0.00371
0.00337
0.0145767
0
0.0297367
0.00435667
0.00076
0
0.019
0.000683333
0
0
0
0.0265933
0.03413
0.0572667
0
0.00042
0.03048
0.00161
0.00032
0.00014
0
0.0225233
0
0.00567667
0
0.0735733
0
0
0
0.00960667
0.00809667
0.0487567
0
0
0
0
0.0114167
0.0690467
0.0465033
0.0408633
0.000293333
0
0
0
0.00150667
0
0.0328633
0
0
0.03217
0
0
0.000213333
0.04655
0
0.0661767
0
0
0.00366
0.03528
9.33333e-05
0
0
0
0.03128
0.02366
0.00037
0
0
0
0.0101167
0.00655667
0
0
0.00139333
0.00991667
0
0.0368367
0
0
0
0.000466667
0.00212333
0
0
0.0587
0
0
0.0367033
0.00379333
0
0
0
0
0
0.00017
9.33333e-05
0.01479
0.0390833
0.00016
0.000253333
0
0.000683333
0
0.000763333
0.0435167
0
0
0
0.0304733
0.0278333
0
0
0
0.0181467
0
0
0
0
0
0
0
0
0.00544667
0
0
0.0492667
0
0.01877
0.00442333
0.00604667
0
0
0
0
0
0.0307633
0.0127567
0
0
0
0
0
0.0290367
0.03256
0.00547667
0.06173
0
0.0177767
0.0353033
0
0
0
0.02966
0
0
0
0.00458
0
0.00488667
0
0.00114667
0
0.00196
0.00593667
0.00184
0.03429
0.00061
0
0
0
0
0.00032
0.05246
0.02821
0.03945
0
0.06531
0.0483433
0
0
8.33333e-05
0.0360233
0.0194967
0.00682667
0
0
0.01049
0
0
0
0
0
0
0
0.00534667
0
0.00125667
0.0213067
0.0192767
0
0
0.00809
0
0.00412
0.01318
0
0
0.0104267
0.00548667
0
0.00157333
0.0136567
0
0.03781
0
0
0
0.00341
0.0043
0
0.00387667
0.0102567
0.00292667
0.01473
0.0442867
0
0.000976667
0.00468333
0.05479
0
0
0.0411533
8.33333e-05
0.0295633
0
0
0
0
0
0
0.00102
0
0
0.0157733
0.00152
0.00519667
0.03875
0.000913333
0.000213333
0
0.01903
0.000206667
0.00562
0
0
0.00035
0.05005
0.000296667
0.00307
0.0197867
0.00912333
0
0.0180267
0
0
0.00191667
0
0.00599
0
0
0.0323467
0.00554667
0
0.144743
0
0.000393333
0
0.00722667
0
0.0445833
0
0.0008
0.00106333
0.0351333
0
0.00665333
0
0.06331
0.05675
0.0335533
0.0490167
0
0.00480333
0.01412
0
0.0361767
0.0125367
0.00524667
0
0
0
0.00790667
0.00213
0.000256667
0.000253333
0.00120667
0.00017
0
0.00198333
0.0272667
0
0.000306667
0
0
0.01714
0.0542033
0.03889
0
0
0.0172133
0.0334833
0.0415533
0.00475333
0
0.00948667
0
0.0245267
0
0
0.00252
0
0.00181667
0
0.00119333
0.00280333
0.000716667
0.0014
0
0
0.0141333
0.01112
0.0276867
0.00721333
0
0
0
0.08048
0
0.0182967
0
0
0.0129533
0
0
0.00350667
0
0.00013
0.000103333
0
0
0.000293333
0
0
0.0964667
0
0
0
0.0302467
0.0499233
0.00851667
0.0140433
0
0.0710333
0.00102667
0
0.00283
0
0
0.0202633
0.0302867
0.0085
0
0
0
0.000353333
0.00186333
0
0
0
0.02443
0
0
0
0.000336667
0
0
0
0
0
0.0379733
0.0261167
0.00161667
0
0
0.0014
0.00342667
0.0213867
0.00525
0.000296667
0
0.00592
0.00419333
0.0131533
0
0
0
0
0
0.01745
0
0
0.0247033
0.0131833
0.00115667
0
0.00185
0
0
0.0398833
0.0287333
0
0.0223
0
0.0100267
0.0392433
0.01429
0.0112067
0
0
0
0
0
0
0.0386167
0.01873
0.000326667
0
0
0.00195667
0
0.0294867
0.05102
0.0416667
0.02414
0.0153267
0.0116533
0.00276
0.02448
0
0.00026
0.02936
0.0421233
0.0209267
0.0339167
0
0
0
0.0108367
0.0342767
0.000293333
0
0
0.0141533
0
0
0
0.05408
0
0.00252
8.33333e-05
0
0
0
0
0.000376667
0
0.0314433
0
0.000543333
0
0.000116667
0
0
0.000113333
0.111983
0.0494033
0.00035
0
0
0
0.01038
0
0.00370667
0
0
0
0.0122533
0.00563333
0.00227333
0.01547
0.0356933
0
0
0
0
0
0
0.000723333
0.0343467
0
0
0
0.00181
0.000633333
0.00754667
0
0
0
0
0
0
0
0.00625333
0.0014
0
0
0.00013
0
0.00249333
0.01104
0.0021
0
0.01489
0
0
0.0336967
0.02672
0
0.0447867
0.0382733
8e-05
0.0288067
0.000166667
0
0.01372
0
0.00286
0
0
0.0506033
0
0.00032
0
0.000386667
0
0
0
0
0
0.00503
0
0.000206667
9.66667e-05
0
0
0.02896
0
0
0.00274333
0.00194
0
0.03082
0.00327333
0
0
0
0
0
0
0
0.0114833
0.005
0.0478367
0
0
0
0.0546267
0.00998
0.0207367
0.0516133
0.0762533
0
0
0
0
0
0
0
0.00184667
0
0.00208667
0.00574
0
0.00289333
0.000796667
0.0848333
0.0435433
0
0
0.00205667
0
0.00217
0
0.00236667
0.0289267
0
0.0146367
0
0
0
0.0196633
0.0103633
0.00024
0.03132
0
0
0
0.00579333
0
0
0
0
0.02818
0.00161
0.01285
0
0.00199333
0.000816667
0
0
0
0
0
0
0.00256333
0.000303333
0
0
0.0692667
0
0.0134167
0
0.03586
0.0187333
0.0184633
0.0185667
0
0.0240867
0.0425733
0
0.000136667
0
0
0
0
0
0
0.00213
0.0660267
0
0.00872
0.00663667
0.00138333
0
0.00796
0
0
0
0
0
0
0
0
0.0189367
0
0.0251567
0.03165
0.000626667
0.00305
8.66667e-05
0.000513333
0.0153033
0
0.02734
0
0.000353333
0
0
0
0.00127333
0
0.00028
0.000163333
0.00226
0
0
0
0.0135167
0.0144633
0
0
0.00366333
8.33333e-05
0
0.01754
0
0.000903333
0.00287
0
0
0
0.03114
0
0
0.00115
0.000683333
0.00017
0.00240667
0
0
0
0
0.000216667
0.00138
0.04017
0
0.01323
0
0.00322
0.04195
0.0162467
0.0188333
0.03879
0.03755
0.0126467
0.03912
0
0
0
0.00544333
0
0.0018
0
0.0182167
0
0
0.0650633
0.00259
0.00199333
0
0
0
0.05319
0
0
0.0258067
0
0
0.04025
0
0.0343333
0.000116667
0
0
0
0.00633
0.0520633
0.000123333
0.0123867
0.0472767
0.0516733
0.02856
0.0247
0.01329
0.0364633
0.00193667
0.0470933
0.0523967
0
0
0.02004
0
0
0.03687
0.01926
0
0
0
0.00318333
0.02636
9.66667e-05
0
0
0.000166667
0.0626333
0
0.0206367
0
0
0.00087
0
0.0102767
0
0
0.00695667
0
0.00805
0
0.000303333
0.000343333
0
0.02145
0
0.00714667
0.0112533
0
0
0.0181667
0
0
0.00727333
0
0
0
0
0.0637033
0
0.01215
0.02063
0
0.02419
0.0199267
0
0
0
0
0
0
0.00534333
0
0
0.0156967
0
0
0
0
0.0008
0
0
0
0
0
0
0
0
0.0123833
0.10813
0
0.03821
0
0.02727
0.0260167
0.0388033
0.00268667
0
0
0.0462867
0.000246667
0
0.00321667
0.00102
0.00420667
0.000893333
0.00187333
0.00141
0.0419033
0.0264133
0.03842
0.00038
0.0407
0.00659667
0.00117
0
0
0.03136
0.00457333
0
0.0577767
0
0
0.00668333
0
0
0.0671867
0.03282
0.00521
0.0217033
0
0.00969667
0.000606667
0.03392
0
0
0
0.0709767
0
0
0
0
0
0
0.02256
0.124143
0.02272
0
0.0185833
0.00471
0.02887
0.00516333
0.0126867
0
0.00199667
0.0225767
0
0.00279
0
0
0.00588333
0
0
0
0
0
0.00862333
0.0005
0.00189
0.03581
0
0
0
0.0473333
0.05353
0.0055
0
0.0454767
0
0.0139133
0
0.000606667
0.0391333
0
0.00512667
0.0426933
0.00078
0.0141167
0
0.03277
0
0.0261933
0.00914667
0.00174333
0
0.000493333
0
0.00721667
0
0
0
0
0.00551667
0
0
0
0.0171667
0.00966667
0
0
0
0.02038
0
0
0
0
0.00022
0
0.0178567
0
0.0238633
0.0272867
0
0
0.000286667
0.00755667
0.00672
0.01506
0
0.0297467
0.01116
0.00101
0.00462333
0
0
0
0.0114367
0
0
0
0.000423333
0.000103333
0.000303333
0
0.00289333
0.0159733
0
0.0718267
8.33333e-05
0.0106
0
0.0145867
0.06913
0
0.00461
0.0533433
0.0376967
0
0.0286967
0.000893333
0.01856
0
0
0
0.0277967
0.0101767
0
0.0264133
0.0250633
0
0
0.00532
0.0400533
0.0471233
0
0.00163
0
0
0.0474233
0.05883
0.0302967
0
0
0.0216533
0.0642433
0
0
0
0.00156667
0.00605333
0.0213033
0.03323
0
0
0
0
0.01989
0
0.00989
0.0623433
0.04793
0
0.00614
0.0578267
0.0462533
0.00515333
0
0.0150767
0.00109667
0.0349333
0.00527333
0.00189
0
9.33333e-05
0
0
0
0.00597333
0
0.000703333
0.000433333
0
0
0.00493
0
0.00159
0.00087
0.01365
0
0.0214167
0
0.000716667
0.00778333
0.00924333
0
0
0
0.00842667
0
0
0.00783
0
0.01322
0.00297333
0
0
0
0.00571333
0
0.0105233
0.0131867
0
0.000876667
0.000263333
0.00241
0.0340933
0.0122033
0.0129567
8e-05
0
0.00298
0
0
0
0.0255633
0.0144333
0.00219
0
0.00111
0.0055
0
0
0.03297
0.02024
0
0.0250467
0.0247333
0.00401333
0.0187967
0.0328
0
0.0112667
0.00017
0
0
0.0279533
0
0
0
0
0
0.0157267
0.0157033
0
0.0127133
0.00835667
0.00053
0
0
0
0.01622
0
0.02714
0
0
0.0550167
0
0
0
0
0.0127533
0
0
0
0
0.000206667
0.0288
0.00424
0.00174333
0.01943
0
0.0195767
0
0
0
0
0.00536667
0
0
8.66667e-05
0.00734
0
0
0
0.000973333
0.00141
0.0276
0.0392667
0.00983333
0
0
0.00133
0
0.00203
0
0.03938
0
0
0
0.00919
0
0.00553333
0
0.00551667
0
0.0494933
0
0.0480667
0.00165
0.00120333
0.0658567
0.00493667
0.00064
0
0
0.00188667
0
0
0.0447367
0.0290633
0
0.00932667
0
0.00103667
0
0.00717333
0.0523333
0.00663667
0.05765
0.0379467
0
0
0
0
0.00159
0
0.0185033
0.00163
0
0.00120667
0.00424667
0
0
0
0
0.01629
0.00138667
0
0
0
0
0
0
0.0196267
0.0145
0.00344
0.0419467
0.01268
0.0457433
0
0.0245367
0
0
0.00814333
0.0125567
0.00418667
0.00102
0
0
0
0.0211233
0
0
0.00549333
0
0.00516667
0
0
0.0394533
0
0.10021
0.02359
0
0
0.00781333
0.00519333
0
0
0.0115867
0.0353633
0
0
0.0123567
0.00514333
0.02202
0.02387
0
0.000803333
0.0121967
0
0
0
0
0.037
0.02301
0.00840667
0
0.000123333
0.00874333
0.02539
0.0219233
0
0
0
0.00110667
0
0.0350067
0.000456667
0
0
0.00422
0.00568
0
8.33333e-05
0
0.0483533
0.000513333
0.00757
0
0.0274433
0
0.0191133
0.00452
0.0122033
0.02212
0.00468667
0
0.03537
0.0336067
8.66667e-05
0
0
0.00841
0
0.0607533
0.0163733
0.04199
0
0
0.02193
0.03877
0.07164
0
0
0.0322267
0
0.0157133
0
0
0.00159667
0
8.66667e-05
0.115407
0
0
0.0514
0.0782
0
0.06435
0.03874
0
0
0.000656667
0.0262833
0.0111933
0.000433333
0
0
0
0.01625
0.00338333
0
0
0.0412233
0.00766667
0
0.02647
0
0
0
0
0.000356667
0.00019
0
0
0
0.0100967
0.00893
0
0.0114133
0.00589333
0
0.01616
0
0.0477933
0.05379
0.0456833
0.00376667
0.0251933
0
0.0607067
0
0
0.00261667
0.04773
0.00017
0
0
0.01401
0.0310667
0
0.02538
0
0.00542
0.0855267
0
0.0270133
0.00028
0
0
0
0.02204
0
0
0.0150433
0
0
0.0023
0.00678333
0.01221
0
0.0163833
0
0
0.0161267
0.00143667
0
0.002
0.000103333
0.00550333
0
0.0359467
0.0365333
0.0229867
0.00331333
0
0.03075
0.0364033
0.05987
0.0242667
0
0
0
0.04023
0
0
0
0
0
0.0197933
0.000733333
0
0.05003
0.0315367
0.00252333
0
0
0
0.0119333
0
0.0266667
0.00130333
0
0.0256767
0
0
0.000973333
0
0
0
0.00866333
0
0.00381
0.03162
0.01938
0
0
0.0236633
0
0
0
0
0.000723333
0
0
0.0147633
0.000256667
0.000116667
0
0
0
0
0.000123333
0.02177
0.0568
0
0
0
0
0
0.05958
0
0.0129733
0
0.00656667
0.0181567
0.0163167
0.0120267
0.00023
0.00895
0.08914
0
0
0
0.00303333
0.00111333
0.000416667
0.01307
0
9.33333e-05
0
0.00160667
0.000206667
0.000606667
0.00448
0.00110333
0.00400667
0
0
0.0179
0.00024
0
0.03972
0
0
0.0463267
0
0.00082
0
0
0
0
0
0
0.00309333
0.000123333
0
0
0
0
0.000216667
0.00216333
0
0
0
0.00660333
0.0364367
0
0.0346267
0
0
0
0
0.0335133
0
0
0
0.0297833
0
0
0
0
0.00193
0
0.03357
0.00298667
0
0.00018
0.00248667
0
0.00163333
0
0.03755
0
0.00231
0.000693333
0
0
0.000733333
0.01246
0
0
0
0
0.03616
0.0725267
0
0.0692167
0.0139533
0.03805
0.02458
0
0
0.00117333
0.02254
0.00513333
0.000656667
0
0
0
0.00270667
0
0.0355967
0.0334133
0
0.0410333
0.00903333
0.0527167
0.0568733
0.03904
0.03718
0.03822
0
0
0.0401233
0.0431833
0.0488
0
0.02401
0
0.0410033
0.000403333
0
0
0.000116667
0
0.00963333
0
0
0
0
0
0.00211667
0.05418
0.0186933
0
0.00128
0.01844
0
0.02582
0
0.00181333
0.0256933
0.0741733
0.04077
0.00602333
0
0.00373667
0.0186067
0
0
0.03432
0.0261367
0
0.0342633
0.00019
0.00661333
0.00383
0
0.0545967
0.0328667
0.04327
0.000606667
0.02462
0.00729667
0.00210333
0
0
0
0
0
0
0.02584
0.00154667
0
0.0760367
0
0
0
0
0
0.01417
0.00525
0
0.0386867
0.00457333
0.00885667
0.05168
0
0
0
0.0177533
0
0.127753
0
0
0.00022
0
0.00013
0
0.00687
0.04971
0.0366
0.00513
0.00327
0.03385
0.0342067
0.000166667
0.00561333
0.03262
0.01615
0
0.00127333
0.00755667
0.0421367
0
0.0479833
0.02554
0.00226667
0.00358333
0.000323333
0
0.0476467
0
0.03129
0
0.0188
0.00200667
0
0.00503667
0.0114633
0.186617
0.0096
0
0
0
0.0177033
0
0
0
0.06566
0.00147
0.0432867
0.00172333
0.00885
0.0119933
0
0.08986
0
0.00078
0
0
0.0308667
0.01986
0.00719
0.00917333
0.02285
0.00595
0.0250567
0.0169233
0.00911667
0.000216667
0
0
0
0
0.000226667
0.01116
0.000113333
0.000203333
0.0328933
0.0583633
0.00205
0.00329667
0
0.0277233
0.1929
0.00128
0.00479667
0
0
0.03472
0.00570333
0.0179
0.0533133
0
0.03397
0.000166667
0
0.0427667
0.0631333
0
0.0446533
0.00167
0.00501333
0.00195
0.0334467
0
0
0
0.0625867
0.02274
0.0400033
0.00209333
0.0552767
0
0.00195667
0
0
0
0
0.000253333
0.0247933
0.0234733
0.0159667
8e-05
0.0001
0
0.0472233
0
0.0298533
0.00216333
0
0.0194733
0
0
0.00168333
0.00211667
0.00395
0.0170333
0.0154133
0
0.0298667
0
0
0
0.0362733
0.00634
0.0267733
0.000656667
0.03919
0.0479933
0
0.0125367
0
0
0.000253333
0.00017
0.00287
0
0
0.0447067
0.0673267
0.00366667
0
0.0319133
0.0542767
0
0.00580667
0.0499967
0.0405567
0.172813
0.00071
0.00250333
0.0246833
0.000873333
0.222867
0.05363
0.00304333
0.0822967
0.0293233
0.00176333
0
0
0
0.00011
0.11719
0.00858
0.00961333
0.0298667
0.00958333
0.00324667
0.00288333
0.0285933
0.01185
0.00218
0.0180967
0
0.000356667
0.00031
0
0.0475467
0.0222533
0
0.0229033
0
0
0.00031
0
0.00323
0.04373
0.0270733
0.02873
0.0190267
0.128903
0.03337
0.0383167
0
0
0.0119833
0.0686633
0
0.00997667
0.00307667
0.0310667
0.145267
0.02568
0.00012
0.00159333
0.00611
0
0.06624
0.22144
0.0465133
0.128623
0
0.00613
0
0
0.0736033
0.0630833
0.0397267
0.0188267
0
0.00686333
0.0164833
0.06815
0.00526333
0.0082
0.0910367
0.0616467
0
0.0244167
0.0207267
0.02327
0.171613
0.00519667
0
0.00683
0.000436667
0
0.00171667
0.0180333
0.03312
0.00166667
0.0549267
0.00785667
0
0.0384767
0.0206233
0.00972667
0.000196667
0.0121033
0.00334667
0.00111
0.00476333
0.00011
0.0001
0.00338667
0.000433333
0.00611667
0.00495333
0.00634
0.00175
0.0186833
0.00084
0.00235
0.00864667
0
0
0.00157
0
0.00041
0.01468
0.000436667
0
0
0
0.0380933
0.02957
0.00120667
0.0230533
0
0
0
0
0.0183367
0.00146667
0.0368767
0.00143667
0.00041
0
0.0142967
0.0256967
0
0
0
0
0.00764667
0
0.00017
0
0.000446667
0.00021
0
0.00406667
0
0.0407433
0.00167
0.00012
0
0
0
0
0.02574
0.00107333
0.00810667
0
0.0101133
0
0.00230667
0.00353
0.00242333
0
0.0220367
0.0229833
0.00233
0
0.00142
0.0187733
0.00347667
0.00619667
0.000426667
0.00311333
0
0.00216
0.04003
0.00652667
0
0.0272233
0
0
0.00219333
0.00260333
0.01974
0.00437
0
0.00572667
0.00920333
0.00859667
0.02639
0.00104667
0.00746667
0.00694333
0.0126033
0.0244933
0.0281033
0.0156533
0
0.0240467
0.00957333
0.00609333
0.01439
0.0331133
0.000426667
0.0032
0.00952
0.02917
0.0114533
0.00528667
0
0.0198267
0.00453
0
0.00291333
0.01
0.00272
0.0283933
0.01539
0.00717333
0.000866667
0
0
0
0.00516
0.0183667
0
0.00354
0.01526
0.00201667
0.0049
0.00303333
0.01837
0.00962
0.00172333
0.0298333
0.00184
0.000783333
0.00184
0.00368667
0.00845
0.00026
0.00562
0.01335
0.0244867
0.01222
0.02569
0
0.00138333
0.02033
0
0.0350633
0.00238667
0.0210167
0.00069
0.00211333
0.0457667
0.00264
0.0162767
0.00167
0
0.00716667
0
0
0
0
0.0233633
0.0164367
0
0.0293567
0
0.0440567
0
0
0
0
9.33333e-05
0
0
0
0
0.03198
0
0
0
0.01151
0.00220333
0.0162033
8.33333e-05
0
0.0305
0.00147
0
0.000713333
0.00672667
0.00333
0.00381333
0
0.522533
0.01636
0.00385667
0.0398233
0.00032
0.02628
0
0.137367
0.00938333
0.00897
0.0353167
0.00098
0.0180933
0.03377
0.00165667
0
0.00513667
0.0102467
0.00104667
0.00177333
0.0018
0.0165333
0.000896667
0.0179333
0.00555667
0.00440333
0
0
0.000573333
0.0118167
0.00178
0
0.02323
0.03645
0.00810667
0.00466333
0.00447333
0.0602733
0.00387
0.00231
0.000833333
0.0303533
0.03293
0.01678
0.0275767
0.02652
0.00460333
0.0243367
0.01362
0.02669
0.0297967
0.0537067
0.03042
0.0197633
0.00268333
0.0307
0.00083
0.0362733
0.0193867
0.0196367
0.03822
0.0229033
0.00709
9e-05
0.00649333
0
0.00115667
0.00944333
0.0322933
0.00765
0.00649667
0.02867
0
0.0114967
0.08873
0.00335667
0.04416
0.0118933
0.00303667
0.0324833
0.06876
0.00646333
0
0.0266533
0.0182533
0.00161
0.02682
0.0136333
0.00213
0
0.0324467
0.02623
8.33333e-05
0
0
0.00812333
0.00570667
0.00820667
0.139787
0.0079
0
0.00024
0.000273333
0.07179
0.01257
0.0176133
0.0985267
0
0.02152
0.04221
0.0319533
0.00548
0.0718
0.0281133
0.0131867
0.0544733
0.0215967
0.0351533
0.02492
0.0273633
0.0360267
0.00167
0
0
0.0198267
0.00243333
0
0.000763333
0
0
0.00694
0
0.0233833
0.0333967
0
0
0
0.04628
0
0.00311333
0
0.00109667
0.000713333
0.0486967
0
0.0796733
0.01692
0.00253
0
0.00171667
0
0.00250333
0
0.0085
0.0225933
0.0175433
0.00397667
0.12816
0.02047
0.0216867
0.0703033
0.0565533
0.00205667
0.0224267
0.0176167
0.0476967
0.0588133
0.0186167
0.00656333
0.02532
0.02868
0.04718
0.0351067
0.00245
0
0
0.0317333
0.300163
0
0.0186133
0
0
0.00045
0.0352867
0.08339
0.04782
0.0441833
0.0316433
0.00185667
0.01115
0.00155
0.0380667
0.00311667
0.04737
0.01904
0.00176
0.00176
0.00984333
0.0761367
0.187217
8.33333e-05
0.0770667
0.00131
0.00511333
0.00132333
0.03074
0.07329
0
0
0.00569667
0.00378667
0
0.00168
0.06722
0.0141533
0
0.168797
0.00685667
0.0976467
0.0719467
0.04532
0
0.0513467
0.0107167
0.0623133
0.0942767
0.000136667
0.00235667
0.238143
0.0100333
0.03084
0.04965
0.0244767
0.154287
0.04135
0.0596133
0.135703
0.0744533
0.0645333
0.0697667
0.0102333
0
0
0.0465733
0.0404233
0.000303333
9.66667e-05
0.00609
0.0173467
0.203947
0.00016
8e-05
0.0554367
0.02211
0.0304967
0
0.00048
0.146003
0.0247
0.000253333
0
0.000253333
0.00439
0.0230067
0.0220533
0.0111167
0.0222067
0.00568667
0.00617667
0.0233467
0
0.0183233
0.205887
0.00995
0.0133533
0.00480333
0.00069
0.04451
0.02129
0.0247867
0.0158267
0.0174167
0.0378833
0.0355033
0.02834
0.00469333
0.0213967
0.0175833
0.000666667
0.000573333
0.0117767
0.01588
0.02944
0.00214667
0
0.0389467
0.0141367
0.00497
0.01075
0
0.00197
0.00606333
0
0.00798333
0
0
0
0.0922533
0.0218367
0.00954667
0
0.08977
0.0794367
0.0327067
0.00337333
0.0844467
0.0480367
0.00150333
0.02797
0.00241333
0.0213033
0.00521
0.00524333
0.0239667
0.236177
0.0206867
0.00069
0.0104733
0.0118967
0.02661
0.23903
0.0593333
0.06315
0
0.000176667
0.03668
0.02521
0.05157
0.36521
0.0354067
0.0625167
0.03442
0
0
0.01155
0
0.0488067
0.00529333
0
0.02806
0.03
0.09616
0.11284
0.09024
0.112227
0.0794567
0.211217
0.0398
0.01328
0.0172767
0.0269633
0.02314
0.0934467
0.26076
0.0210033
0.363653
0.175593
0.0597133
0.0143267
0.0399433
0.333823
0.0191867
0.0460767
0.0772933
0.137593
0.227377
0.0179133
0.0555933
0.185873
0.00306667
0.206307
0.00978
0.119073
0.0779567
0.106897
0.0667533
0.0301133
0.00489667
0
0.10573
0.00119
0.06615
0.00197
0.0711033
0.0278233
0.01012
0.00426667
0.00299333
0.0294
0.0636533
0.04146
0.06683
0.000873333
0.0260933
0.204047
0.0282
0.0354867
0.0601167
0.06051
0.0480067
0
0.04586
0
0
0.00187333
0
0
0.0233033
0.261173
0
0.0767467
0.0188767
0
0
0
0.0139633
0.00271
0.0542733
0
0.06466
0.138157
8.33333e-05
0.01307
0.01261
0.03124
0
0.0359467
8e-05
0.00501
0
0.0295667
0.111357
0.000186667
0.00488667
0
0
0.00255333
0
0.00321333
0.0217533
0.0161267
0.179787
0
0.00722333
0
0.00392667
0.0285833
0.00897667
0.0788867
0
0.0288333
0.0553767
0.0241333
0.00376
0.0298133
0.0332733
0
0
0.0147733
0.00712333
0.00995667
0.00157667
0.02479
0.00228
0.00025
0.00883
0.00356
0.0244667
0
0.00134
0.000943333
0.0748333
0.00025
0.0225233
0.00034
0.00127333
0.0494033
0.00130333
0
0.00404
0.000963333
0
0.000196667
0
0.0429567
0.00113
0.0549967
0.0127
0.04981
0.00682667
0.00306667
0.0595867
0.00306667
0.00282333
8e-05
0.266603
0.09259
0
0.04077
0.0633933
0
0.06953
0.0606233
0
0.0031
0.000106667
0.0348967
0.000273333
0
0.0316567
0.0078
0.129073
0.000583333
0.0466233
0.0288267
0.123537
0.0142567
0.0143033
0.0520033
0
0.342563
0.00516667
0.0170233
0
0
0
0.00371333
0
0
0.0395733
0.000356667
0.456663
0
0.0122167
0
0
0.00905667
0
0.0148533
0.05576
0.00206333
0.0482367
0
0
0.04217
0.02886
0
0.000476667
0
0
0
0
0.00798333
0.02369
0.00227667
0.0288267
0.00686
0.21614
0
0.0242233
0.0144333
0.03145
0.00253333
0
0.00303667
0.00291
0.00160667
0
0.00319333
0.0335733
0.0384
0.120243
0.01641
0.00697667
0
0
0.0140333
0.171707
0.0257633
0.0611133
0.00291
0
0.0226067
0.0753633
0
0.00672
0.00720667
0.00034
0
0
0.0381133
0.0599367
0.00831333
8e-05
0.266083
0
0
0.0214167
0.0185933
0
0.00382
0
0.00694333
0.0148467
0.0284
0
0.02421
0.01046
0.00823
0
0.03522
0
0.00626
0
0.0309067
0.00165
0
0.0116033
0
0.00165
0
0.382597
0.0789767
0.125097
0.000143333
0.0279433
0.00827
0.00724
0.00769
0.00468667
0.0460067
0.000733333
0
0.03928
0.000143333
0.00461667
0
0.0907867
0.00025
0.07332
0.00570667
0
0.0260067
0.00184333
0.00394333
0
0.00512
0.51073
0
0.00560333
0
0.0245567
0
0.0466967
0.000186667
0
0.00624333
0.00294333
0.02444
0.02835
0.162357
0.0222667
0.0624833
0.05194
0.04318
0.042
0.0433333
0.0412233
0.01976
0.0424467
0
0.0340167
0.0283733
0.0093
0
0.0169667
0.0144367
0
0.0359367
0.112437
0
0.0156033
0.0740033
0.05999
0
0.104233
0.0685033
0.0130633
0.0335033
0.00142333
0.0617133
0.00833667
0.0121767
0.00151333
0.0325933
0.0486067
0.07119
0.04287
0.00331667
0.10939
0.0201167
0.02265
0.00288333
0
0.04365
0.000913333
0.01225
0.00114333
0.00513
0.00508667
0.0127567
0
0.05787
0.00867333
0.0406067
0.05348
0.0232333
0.03086
0.00029
0.000233333
0.00666667
0.04208
0
0.0134933
0
0.0182867
8e-05
0.0338333
0.03058
0.00271333
0
0.0336567
0.000743333
0.000373333
0
0.01615
0.00115
0.0136967
0.03116
0.0246333
0.00408
0
0
0.00758667
0
0.00439333
0.000996667
0
0
0.000743333
0.00214333
0.01843
0.00824333
0.05505
0.03167
0.0162733
0.00542333
0.00298
0.09572
0.04804
0.07765
0
0.0644267
0.023
0.136977
0.07559
0
0.0678267
0
0.00527
0.00052
0.06168
0
0.0630333
0.00556
0.0362967
0.0613167
0.0849133
0.0344267
0.08039
0.0183567
0
0.0568867
0.0370767
0.01255
0.0142067
0.0226967
0.0196833
0
0.08724
0.05132
0.00213333
0
0
0
0.000106667
0.116187
0
0.00782
0
0.000856667
0.00740333
0.00399
0.00280667
0
0.00403
0.00016
0.0357733
0.0266233
0.00192667
0.00218667
0.00114667
0.00765333
0.00061
0
0.06711
0.00473333
0.01229
0.0214333
0.00791667
0.00052
0
0.0320067
0.000316667
0.0377167
0
0.00346
0.00349333
0.00315333
0.0261367
0
0.00036
0.000356667
0.00472667
0.00329667
0.03724
0.00141333
0.0406
0.00939
0.00535
0.0260633
0.0256333
0.04252
0.0178167
0.0134467
0.00862333
0.00173667
0.00499333
0.00634333
0.000913333
0
0
0.000826667
0
0.0066
0.00324667
0
8e-05
0.0236967
0.00049
0.01791
0.0281
0.00150333
0.000316667
0
0
0.01607
0.00229333
0.00049
0.01093
0
0
0.00633667
0.0167267
0.00603
0.000233333
0.00031
0.00031
0.0436767
0.0133033
0.0239333
0.0314567
0.0238167
0.00572667
0
0.0417967
0.02719
0.000406667
0.00584
0.0387067
0.00114
0.000996667
0
0.00301667
0
0.00604333
0
0.000233333
0.0257467
0.000973333
0.00295667
0.00189667
0.00351
0.0149633
0.00348
0.0199133
0.0866333
0.0288933
0
0.0177133
0.00764333
0.07042
0
0.0233133
0.00164
0.0895333
0.00236333
0.0299333
0.00389667
0
0
0.0298867
0.00014
0.00464667
0
0.00014
0
0.00167
0.000656667
0
0
0
0.115963
0
0.0004
0.000523333
0
0.0167767
0.12855
0
0.00022
0
0
0.00642333
0
0.00081
0.00133333
0
0
0.00657
0.0339867
0.0353933
0.07906
0.00377333
0.104803
0.00504667
0
0.00317
0.00485667
0.0232767
0.07839
0.00851
0.00643
0.00513
0.0227433
0.000896667
0.04685
0.00240667
0.0139467
0
0
0.000146667
0
0
0.03261
0.07447
0.00186
0
0.00203
0.0277167
0.00250333
0.02011
0.00016
0
0.00539
0.00083
0.00606
0
0.00147
0.0704867
0.0360333
0.00107667
0.0391433
0.01955
0.000813333
0.0557867
0.00540333
0.0110867
0.00508667
0.00903
0.01479
0.00013
0.03407
0.0125533
0.00013
0.0142867
0
0.145
0.00530333
0.00255667
0.0106033
0.0828567
0.000316667
0.000933333
0.0207
0.0061
0.0133933
0.01281
0.00149333
0
0.00214
0.01537
0.0269433
0.00412333
0.02416
0.00678333
8e-05
0.00279333
0.0258133
0.00521667
0.0286333
0.00524
0.00150333
0.0237933
0.00526667
0.00420333
0.00304667
0.00172333
0.00016
0.0198167
0.00693333
0.000973333
0.0197933
0.0221533
0.00646667
0.0139233
0
0.02814
0.00782333
0.0232067
0.02472
0.00114
0.00660667
0
0
0
0.00174333
0.00508333
0.0166633
0.00384333
0.00483
9e-05
0
0.00401667
0.01391
0.00688
0
0.00328667
0
0
0.00280333
0.00095
0.02475
0.000233333
0.0148233
0.00152667
0
0.00095
0.00095
9.33333e-05
0
0
0.01051
0
0.0391467
0
0.000123333
0
0.0197967
0.00035
0.00035
0.00445333
0.0267733
0
0.0117033
0.0158833
0.00254333
0
0.00659667
0.000123333
9.33333e-05
0.00637
0.000123333
0
0
0
0.12497
0.00043
0
0.01046
0.00194333
0.00907
0.000553333
0
0
0.140063
0.10235
0.00310333
0.03527
0
0
0.0345633
0.02779
0.00919
0.0127733
0.0130733
0.0179233
0.00739667
0.0216467
0.0253967
0.0694967
0
0
0.00470667
0.00445333
0.00467
0.0656867
0.000253333
0.0132333
0.000823333
0.1078
0.00204667
0.00638
0
0.00134667
0.00424
0.0235233
0.0346
0.00579667
0.00101
0.00148667
0.0503433
0.0411733
0.00259
0.00453667
0
0.00466667
0
0
0
0.00147667
0.0279633
0
0.02012
0
9.66667e-05
0
0.07668
0.03528
0.000343333
0.00821333
0.04557
0
0.000246667
0.0300133
0.0373067
0.0337767
0
0.0258467
0.0273767
0.02641
0
0.01261
0
0
0
0
0
0
0.03039
0.0286967
0.00016
0.04157
0.01447
0.0480167
0
0
0
0
0.00270333
0.01207
0.0374333
0.0121533
0.0004
0.00038
0
0.000776667
0
0.0124033
0.0350967
0.0390367
0.109847
0.0131067
0
0.00038
0
0.01898
0.04887
0
0
0.0197867
0.141133
0.0558767
0
0.0342667
0
0.01594
0.00218667
0.0127967
0.134073
0.0249433
0.00053
0.00234
0.0219967
0.000826667
0.0424233
0
0.00650333
0
0.01357
0.0334
0.00013
0
0.00703
0.0561067
0.00186667
0.0196767
0.00825333
0.01224
0.00027
0.0156367
0.05454
0.00832
0.00587333
0
0.00386
0.0267433
0.0171733
0.00333
0.00976
0.00139667
0
0.00536667
0.0120167
0.00768333
0.131447
0
0.0100067
9.33333e-05
0.0214833
0
0.111517
0.0366933
0.02333
0.124673
0
0.00013
0
0.02132
0.0103233
0
0.00319333
0.112183
0.0299067
0.05411
0.00622
0.05528
0.0160733
0.00166667
0.0159267
0.0249133
0.000316667
0.02996
0.000323333
0.00255
0.0103633
0.00371333
0
0.0048
0.00919333
0.02402
0.00876667
0
0
0
0.00902333
0.00404333
0.0188033
0.000426667
0.01351
0.03521
0.00672667
0
0.0419867
0.00102667
0.03257
0
0
0.0178067
0.0268233
0.0204667
0.00675667
0.0184833
0.00670667
0.00301667
0.00351333
0.0256267
0.03058
0.000853333
0.0246667
0.00241667
0.00115667
0.00932667
0.000866667
0.0049
0.0199
0.00166333
0
0
0.00297667
0
0.05601
0
0.00166667
0.000866667
0.07303
0.00173333
0.0186633
0.00104333
0.0209633
9e-05
0.00029
0.00179667
0.02963
0
0.00904
0.0325033
0.0272433
0.04106
0.00232
0.00097
0.0281167
0.01324
0.000983333
0.00236667
0.00126
0.0247033
0.00368
0.01433
0.02189
0.02005
0.0462333
0.0133533
0.03783
0.0445567
0.00139667
0.0148867
0.0213033
0.01311
0.0399167
0.00349333
0.0153867
0.01486
0.000426667
0
0.01485
0
0.0261667
0.0143467
0.02185
0.000546667
0
0.00410667
0.00731333
0.00191667
0.01627
0.00186667
0.00278333
0.0207967
0.0075
0.00162333
0.0292567
0.0322367
0.000216667
0.07429
0.12512
0.0220133
0
0.00460333
0.0190667
0
0.0166167
0.09634
0.00731667
0
0.18095
0.0248933
0.00212
0.04793
0.11844
0.07193
0
0.0389167
0.0769867
0.00342333
0.0114267
0
0
0
0.00356667
0.149993
0.0166767
0.0337033
0.00233333
0.00296667
0.0858967
0.0354133
0.0234967
0.07261
0
0.09386
0.00559
0.0107767
0.0140867
0.0117833
0.00477667
0.00748
0
0
0.00104333
0
0
0.01423
0.00104333
0
0.00491667
0.000493333
0
0.000313333
0.02552
0.00183333
0.000313333
0.03801
0.000426667
0.00330333
0.103633
0.0220267
0.0180067
0.0416933
0.00348333
0.00670667
0.0345967
0.03264
0.00637333
0.04762
0.000186667
0.00689
0.0261233
0.0347633
0.03815
0.0275067
0.0341067
0
0.00510333
0.04871
0.0102
0.0627067
0.00024
0.0471933
0.01567
0.0104633
0.0586233
0.00655
0.0179633
0.0218
0.0157033
0
0.03905
0.0934367
0.12016
0
0.0440367
0.02254
0.0447133
0.0667733
0.03492
0.0253533
0.05785
0
0.0312633
0
0.000666667
0.0629733
0
0.05674
0.00172333
0
0.0211067
0.00027
0.00136667
0
0.01567
0.0248433
0
0.00439
0
0.0245433
0.00245667
0
0.02542
0.000113333
0.0223533
0.00945333
0.04434
0.00419333
0.00136
0.00313667
0
0.01767
0.00318
0.00308
0.01172
0
0
0.0136767
0
0
0
0.0251233
0.00203667
0.00301333
0.0418667
0.0230767
0
0
0.00200667
0.0501267
0.0356067
0.0312533
0.0464633
0.02999
0.0144167
0.00789667
0.00573333
0.0167233
0
0.0239567
0.0142867
0.023
0
0.0308167
0.01242
0.0274167
0.0144467
0.0246767
0.000353333
0.0250967
0
0.00564667
0.01437
0
0.00537667
0.0143433
0
0
0.03078
0.0029
0.000213333
0.0322733
0.02132
0.06432
0
0
0.01028
0.02387
0.00192333
0.0133367
0.00950333
0.04916
0
0.0264233
0.00645667
0.0943933
0.02273
0.00382
0.00317333
0.05352
0.02912
0.0310867
0.00220667
0.0477667
0.0419067
0
0.15384
0.00154333
0.02983
0.0854933
0.0135867
0.137853
0.111013
0.18379
0.00031
0.01829
0
0.00367333
0.00484
0.05354
0.0476867
0.0995267
0.0925733
0.0105133
0.00053
0.0636033
0.0291967
0.0324767
0.00562333
0.0379533
0.01281
0.0131667
0.02638
0.0221967
0.0251033
0.117217
0.02233
0.02074
0.07875
0
0.0247967
0.046
0.0349433
0
0
0
0
0
0.03651
0
0.0056
0
0
0.01243
0.0139967
0.00207333
0
0.0106733
0.00885
0.0309667
0.00645667
0.00107
0
0.00746667
0.01542
0.00262
0.00231
0.00813667
0.0147467
0.03296
0.02897
0.0110667
0.03132
0.00306
0.00595333
0.192137
0.01915
0.0449867
0.0316133
0.03525
0.0582733
0.04041
0.0377133
0.134573
0.04518
0.138363
0.04348
0.00774333
0.01555
0.0613533
0
0.000663333
0.00639
0.00687333
0
0.05191
0.0666167
0.150317
0.133523
0.0267367
0.0617833
0.110843
0.0273067
0
0.000356667
0.00034
0.01675
0
0
0.0261467
0.00038
0
0
0.000593333
0.0322333
0.00313667
0
0.03284
0.0229167
0.02302
0.000113333
0.02683
0
0.00802
0
0.0420233
0
0
0.0192467
0
0
0.00306
0
0.00351667
0.00336667
0
0.0289967
0
0.0204167
0.0310567
0.0681633
0.0710767
0
0.00336667
0.00643667
0.0463867
0
0.0317367
0
0.01221
0
0.0168533
0.0683467
0
0.00306
0.00307
0
0
0.0390467
0.00147
0.0586933
0
0.0202967
0.00166667
0.00874333
0.00656
0
0
0
0
0
0
0
0.01309
0.00034
0
0
0.10742
0.02316
0
0
0
0
0.03713
0.000356667
0.00658
0.0348333
0
0
0.0392933
0
0
0
0
0
0
0
0.00498333
0
0
0
0.00205
0
0.00171
0
0.000236667
0
0.00601667
0
0.0153033
0.0771667
0.169477
0.1561
0.174577
0.01361
0
0
0
0
0
0
0
0
0.00135333
0
0
0.0119933
0.00695
0.00180333
0.000213333
0
0.03581
0.00552
0.00718667
0.00035
0.00795333
0.00452333
0.00035
0.00017
0.0113033
0.0116933
0.00583333
0.0398333
0.00962
0
0
0.0155767
0.00373
0.00035
0
0
0.00598667
0.00470333
0.0331067
0
0.00171333
0
0.0295567
0.00454667
0
0
0.0305867
0
0.02786
0
0
0
0.0231633
0
0.000423333
0.00045
0.0280533
0
0
0.02009
0
0.00013
0
0
0
0
0.00016
0
0
0.00823333
0
0
0.0275767
0
0
0
0.00202
0
0
0.00017
0
0
0.00045
0.000696667
0
0.000663333
0.000253333
0
0.00293
0
0.0015
0.0068
0
0
0
0.00257333
0
0.00107333
0
0
0
0
0.0248033
0.0148567
0.0140233
0
0
0.0356633
0
0.0321467
0.00121
0
0.03083
0
0.00103667
0.00125667
0
0.02941
0.0015
0.0527967
0.000566667
0.000173333
0.0314533
0.00388
0.0296233
0
0
0.0249733
0.00200667
0.0343467
0
0.00877
0
0.00216667
0
0
0
0
0.0248033
0
0.0619367
0
0
0
0.00337667
0
0.00246667
0
0
0.00733
0.00812
0.00787667
0.000253333
0.03449
0
0.00167667
0.00363333
0.00184333
0
0
0.000576667
0.0161633
0.03096
0.03672
0.0278833
0.00901667
0.00729333
0.08318
0.03991
0.00813667
0.00896667
0.0161533
0.0303933
0.0119667
0.04427
0.0293033
0.0648533
0
0.0284367
0.131143
0.02747
0.0394067
0.0202133
0.0902933
0.0168733
0
0.01992
0.0165133
0
0.0161
0.0177133
0.0204467
0.02992
0
0
0.07542
0.0355267
0
0.01168
0.00835
0.00336667
0.04557
0.02652
0.00211
0.00109
0.07469
0.03093
0.0472067
0.00134333
0.0715567
0.02443
0.0303033
0.00468333
0.0408233
0.02734
0.0200333
0.03352
0.0571833
0.05608
0.03374
0.0095
0
0.01108
0.00933667
0.0369433
0.00022
0.00329667
0.15791
0.0102233
0.0426267
0
0
0.0188867
0.02965
0.00022
0.0121433
0.0193033
0.00715
0.0215733
0.0216333
0.0112967
0.11323
0.000206667
0.00533333
0.114777
0.02394
0
0.000636667
0.0379767
0.0224033
0.0119333
0.000113333
0.00575333
0
0.0399867
0.0195233
0
0.0194967
0.02218
0.0284633
0.0449833
0.0130133
0.0767933
0
0.0303067
0.00641667
8.33333e-05
0.0178033
0.02658
0.0320467
0
0
0.0972733
0.00104667
0
0.00013
0
0
0.0280867
0.0228667
0.02498
0
0.00208667
0.0184467
0.0277367
0.0342133
0
0
0.03224
0.0555433
0.0650967
0.0303767
0.0105467
0.00137667
0
0
0
0
0.000113333
0.0195367
0
0
0
0.00029
0
0.0145333
0
0.01048
0.00194
0
0
0
0
0.0142367
0.0381733
0
0.00158333
0.04432
0
0.01111
0
0.000346667
0.00029
0
0.04894
0
0.01287
0
0.02104
0.000163333
0
0
0
8e-05
0
0
0.0276433
0
0.00031
0
0
0.00017
0.0101967
0
0
0.000663333
0
0
0.0367633
0
0
0
0
0
0.00266667
0.000743333
0
0
0
0
0
0
0
0.0185967
0.03898
0.00042
0.05811
0
0.136827
0.0468633
0.138403
0.0377467
0.0380867
0.0566467
0.00431
0.00563
0
0.0313767
0.0153067
0.0397067
0
0.07147
0.0381733
0.0195333
0.00132
0.000506667
0.138037
0
0.02764
0.00565667
0.00153667
0
0.000416667
0
0.00140667
0
0.00122667
0
0.01984
0.0130567
0.0738833
0.00713667
0.01602
0
0
0.00976333
0.00906333
0.00833
0.00811
0.02584
0.0301867
0
0.0138367
0.05212
0.0368667
0.000126667
0
0.0362933
0
0
0
0.01716
0.0432033
0.00197333
0.00791333
0
0.0190367
0.0370867
0.000463333
0.0321667
0.00839
0.03879
0.00997
0
0
0
0
0
0
0
0.0128967
9.33333e-05
0.00556667
0
0.00682667
0.0374533
0
0
0.00263
0
0
0.00412
0.00119333
0
0
0
0
0
0.00135333
0
0.00124333
0
0.000106667
0.00024
0.000173333
0
0
0
0.00805333
0
0
0
0
0.00119333
0
0
0.00914
0
0.0266733
0
0.00472667
0
0.00108333
0.0249467
0
0.00197
0.000376667
0
0.00105
0.000366667
0.00478
0.00301
0.000173333
0.00027
0
0.00022
0
0.02643
0.00546333
0
0.00169
0
0
0.000396667
0.00730333
0.00990667
0.000133333
0
0.00028
0.00109667
0.00027
0
0
0
0
0
0.000683333
0.00011
0.00398667
0.0442033
0
0.0617267
0
0.00249333
0.05743
0.10073
0
0.11111
0.0597267
0
0
0.02342
0
0
0.0312233
0.0483033
0.0455233
0.0241433
0.000146667
0
0.00495
0.0168633
0
0.000796667
0
0.0333967
0.00179
0.0149333
0.00240333
0.00604
0
0.00957
0.0196667
0.00131667
0.0294633
0.0127467
0.00979667
0
0
0.0132633
0.00144333
0
0
0.0150267
0.00077
0
0
0.01614
0.0101767
0
0.0157533
0
0
0.0103133
0.01987
0.0674733
0.0741067
0.0484867
0.0638133
0.0390367
0.00632
0.00228333
0.00101
0.0223833
0
0
0.0754367
0
0
0.02684
0.0366767
0.0260533
0.00255333
0.0001
0
0.0242433
0.06049
0.000123333
0.00181
0.0492167
0.01556
0.000323333
0
0.0043
0.0206067
0.03268
0
0.03161
0.00148333
0.02757
0.0381733
0.0259633
0.0004
0.06385
0
0.02425
0.0349933
0
0
0.0395567
0.0365567
0.0279767
0.0189433
0.00224333
0.000103333
0.00021
0
0.0814067
0.0001
0.01685
0.02729
0.00785
0.0123133
8.33333e-05
0
8e-05
0
0
0.00261
0
0.0193467
0.01098
0
0
0.000736667
0.000413333
0.00267333
0.00011
0
0.000323333
0.000916667
0
0
0.00363667
0.0122333
0.00485667
0.0165633
0
0.0337533
0.00131333
0.00878
0.00893667
0
0.01265
0
0
0
0.00778
0.000406667
0
0
0
0.00173333
0.07498
0
0.000976667
0
0.03399
0.0439267
0
0.0256533
0.0204233
0.000743333
0.0225567
0.0288633
0
0.0621667
0.000123333
0
0.000326667
0
0
0.0386567
0.00684667
0
0.0827533
0.00693
0.00017
0.01404
0.0174967
0.01227
0
0.0480767
0.03964
0.00226667
0.00068
0
0.00821667
0
0.00017
0.000326667
0.0235067
9.66667e-05
0.01352
0
0.0479567
0.0603567
0.00017
0.00173333
0.0314333
0.001
0
0
0.00651
0.00299
0
0.0267333
0
0.01452
0
0.00302333
0.0331133
0.00572667
0.00210333
0.00337667
0.0404367
0
0.00173667
0
0.01339
0.00562333
0
0.00467333
0
0
0
0
0.00082
0.00025
0
0.02246
0
0
0
0.00025
0.00228333
0.0597033
0
0
0.00089
0.00672
0.0329233
8e-05
0
0.03337
0.0257533
0
0.0294333
0
0.00121333
0.000676667
0
0
0.0386167
0.00284333
0.0001
0.000103333
0.000103333
0.0194933
0
0.02736
0.00137333
0.0129633
0
0
0
0.0297533
0.00538333
0
0.01403
0.00879333
0.02161
0.000613333
0.0346633
8e-05
0.03583
0
0
0
0
0.0170267
0.0002
0.00371667
0
0.03459
0
0
0.000103333
0.0308033
0
0
0
0
0.0419267
9.66667e-05
0.000686667
0
0
0
0.0201267
0.0135133
0.000943333
0.00803667
0.00121333
0.0182867
0
0.0100667
0
0.02865
0.0206733
0
0.0287733
0.00174667
0.02638
0
0.000173333
0
0.00146
0
0
0
0.02185
0
0.00021
0
0
0.00036
0
9e-05
0.03292
0
0
0
0.00137
0
0
0
0.0136633
0
0.0159133
0.0100733
0.0297233
0.00457667
0
0
0.0230933
0.0289967
0
0.02003
0.01393
0
0.0123367
0.00141667
0.00034
0.00058
0.00976667
0
0.00273
0.00499667
0.00365667
0
0.01223
0.00376333
0
0.000306667
9e-05
0
0.0265767
0.00867
0.0002
0.00467
0
0.00239
0.00471667
0.03575
0.0320367
0.01435
0.00617667
0.00716
0.00389
0.00507333
0.0106833
0.0246167
0.00032
0.00263
0.01548
0.04828
0.02618
0.01969
0
0.0117733
0.000403333
0.00894
0.00306
0.00131667
0.0411967
0.00028
0.0401333
0.00530667
0.00246
0
0.000113333
0
0.04535
0.00457667
0.00979
0.0166767
0.0101867
0
0
0.00133
0
0
0
0.00032
0.000213333
0.01171
0.0481967
0.02974
0.0161767
0.0203567
0.00518667
0.04672
0.00270667
0.0238
0.00385
0
0.0348567
0.00066
0.00765333
0.0314633
0.000943333
0.0279667
0.0132867
0.00685
0.00115
0.0492067
0
0.00105333
0.00481667
0
0.00268333
0.00328333
0.00946333
0.0352167
0.0111967
9e-05
0.0005
0.0356267
0.01212
0.00222333
0.00267
0
0
0
0.02216
0.0215433
0
0.0113767
0.00389
0.01639
8.66667e-05
0.00232
0.0263
0.00511
0.00251
0
0
0
0.00615
0
0.00094
0.0105233
0.00112667
0.0163833
0.0123367
0.000353333
0.0135667
0.00421333
0.00072
0.00359667
0.0588933
0.00186333
0.04822
0
0.00199333
0.0204567
0.00901
0.00181333
0.06699
0.000216667
0.00796333
0.0506333
0.00219333
0.00112667
0.00158
0.0293233
0.00580667
0.05585
0.00867
0.0324267
0.0124733
0
0.0468667
0.00819
0.01279
0.0144433
0.0333333
0.0243233
0.00520667
0
0.00829
0.000246667
0.00011
0.0137467
0.000586667
0.00954333
0.00499333
0.00861667
0
0
0.00102
0.0403
0.00552667
0.0298233
0.0007
0.03394
0.0315867
0.00468
0
0.01008
0.0217467
0.00112667
0.01785
0.00059
0.00725667
0
0.01651
0.0205767
0.04673
0.0195467
0.0144933
0.00061
0.00485667
0
0
0.0212733
0
0.0175733
0.00535
0.0534967
0.03988
0.000353333
0
0
0.00480667
0.02642
0.01851
0.08922
0
0.0287
0
0.0407467
0.0052
0.03946
0.00163333
0.000446667
0
0.0016
0.0210533
0.00802667
0.03315
0.0123067
0.0428767
0.0363033
0.0412533
0.0001
0.0412933
0.111907
0.0546533
0.000156667
0.00738333
0.00941
0.00627333
0.02776
0.00499667
0.00062
0
0.000586667
0.12189
0.00400667
0.0839833
0.0279033
0.0215533
0.09354
0.0834767
0
0.04191
0.00485667
0.0262633
0.00102
0.0359
0.00964333
0.05129
0.00362667
0
0.01052
0.000446667
0.01832
0.0262733
0.00952333
0.00322667
0.01825
0
0.00814333
0.0483733
0.02427
0.00563
0
0.000403333
0.000646667
0.01037
0.01228
0.0001
0
0.000996667
0.0277067
0
0.00404667
0
0
0.0332133
0.0278567
0.000316667
0.000293333
0.00239
0.02558
0.103557
0.000153333
0
0.01389
0.0231733
0.00368333
0.0255767
0.00705667
0.00578
0.02513
0.00974
0
0.0242767
0.02085
0.06122
0.03228
0.0548367
0.0269367
0
0.02508
0.0600233
0
0.00047
0.13254
0.0005
0.0156167
0.00179667
0.00243667
0.142257
0.00346333
0.0594033
0.0162133
0.00858
0.000483333
0.00223333
0.0129767
0.00655
0.00037
0.01053
0.00752333
0.04988
0.0186033
0.00448
0.00951667
0.06489
0.0119367
0.00708667
0.0222133
0
0.00934
0.00202333
0.0122067
0.02937
0.00207667
0
0.00306333
0.000106667
0.03435
0.00128667
0.00535333
0.0257633
0
0.00665667
0.00611
0.00834
0.00142
0.0151133
0.00112333
0
0.00914667
0.00799333
0.0155967
0.000996667
0
0.00171333
0.00011
0.0116033
0.00359333
0.114747
0.0255267
0.0172133
0
0.0863033
0.112977
0.02089
0.00393333
0
0.09968
0
0.00595
0.00128667
0.141267
0
0.0610567
0.03469
0.0349867
0.03019
0.04544
0.0193567
0.0389767
0.0380333
0.000316667
0.02098
0.0004
0.06712
0.0286067
0.0496667
0.0382867
0.0109833
0.08356
0.0235433
0.0155167
0.0377
0.02751
0.0554733
0.00305
0.0284533
0.03748
0.0521667
0.02563
0.0236267
0.0139067
0.0788767
0.00209667
0
0.01844
0.0361433
0.0340033
0
0
0.00011
0.00234
0.0305967
0.00318333
0.0001
0.0181867
0.0262867
0.00580333
0.00735667
0.01295
0
0.0156767
0
0.0393633
0.0373367
0
0
0
0
0.0127233
0.00430667
0.00011
0.00874667
0
0.117597
0
0.000616667
0.0251733
0.00395333
9e-05
0
0.00752667
0
0.00706333
0
0.00178
0.00225333
0.0355567
0.00532333
0.0208567
0.000346667
0.0177333
0.0346067
0
0.00352333
0.00125667
0
0.000543333
0.00131667
0.0173133
0
0.02257
0.00018
0.0326033
0
0.02232
0.00172667
0
0.0103933
0.000626667
0.0242767
0.00262667
0.00334333
0.05752
0.01473
0.00292667
0.01757
0.0335433
0.00118
0
0
0.0403867
0
0
0.0278967
0
0.00183
0
0
0
0
0
0
0.0140767
0.000656667
0.019
0
0
0.00550667
0.0291033
0.00389
0
0
0.00172667
0.0174267
0.000156667
0.0340033
0
0.00446333
0
0
0.00092
0
0
0
0.0485833
0.0001
0
0.00168667
0.000543333
0
0
0.0550533
0.000643333
0
0
0.0230433
0
8.33333e-05
8.33333e-05
0.04268
0
0.0288833
0
0
0.00290667
0
0.01933
0
0
0
0.0137133
0.04328
0.00867
0.06377
0
0.0406367
0.0459067
0.0175133
0
0
0.06379
0.00261
0.0470467
0.0168867
0.00156667
0
0
0.0238433
0
0.0094
0.000503333
0.00787
0.0351867
0
0
0.00029
8e-05
0.000136667
0
0.00511
0.0132533
0.000966667
0.0375767
0.00037
0.00051
0.02489
0.02831
0.02202
0.0103833
0.05718
0.03599
0.06618
0
0.0591667
0.15642
0.0785333
0.0450233
0.0703133
0.04263
0.03787
0.436173
0.0759867
0.206623
0.00316667
0.13632
0.06664
0.00585667
0.213757
0.0301733
0.04227
0.00119
0.0278967
0.0179467
0.07681
0.0162833
0.00881
0.00671667
0.0197033
0.0353767
0.00686
0.00585333
0.00331667
0.00971667
0.0408067
0.00191333
0.00334
0
0.01627
0.00744667
0.00432333
0.00611
0.02125
0.00238
0.0266433
0.0254767
0.00225333
0.00425
0.000316667
0.00738
0.000216667
0.0365033
0.00678333
0.00151333
0
0
0.00475
0.0505633
0.0272
0.0481167
0.02452
0.0353267
0
0.0147633
0.00973
0.00506667
0.00428
0.00541667
0.00175333
0.02555
0.000136667
0.0051
0.00506667
0.0067
0.00047
0
0.05521
0.00182333
0.00047
0
0
0
0.00479667
0.000156667
0
0.00639667
0.00109
0.000156667
0.00109
0.0163667
0.0110633
0.00617667
0
0.00223333
0
0
0.000556667
0.000403333
0
0.00047
0.00047
0.000156667
0
0
0
0
0
0
0
0.0169133
0
0.01369
0
0.00259333
0
0
0
0
0.0255667
0
0
0.0337967
0.000416667
0.000633333
0
0
0.00159667
0.00200333
0
0
0.000106667
0.0140733
0.00109
0
0.00481667
0.0131233
0.01155
0.000263333
0.00293667
9.33333e-05
0.00258333
0
0.0240567
0.00306333
0
0
8.66667e-05
0.00323
0.000483333
0.00318333
0
0
0.00486
0
0.00176333
0.00122333
0.01339
0
0.03639
0.03602
0.0330233
0.01073
0.000313333
0.0398633
0
0.01002
0.0159967
0.0216833
0.01367
0.04742
0
0.00657667
0
0.00162
0.00325
0.02235
0
0
0.000453333
0.00029
0.240877
0.00012
0.00144667
0.01341
0.00250667
0.11597
0.189547
0.00601333
0.00502667
0.00143333
0
0.00172333
0.09683
0.0116767
0.0724267
0.0142833
0.000196667
0.273933
0.0156067
0.03224
0.07944
0.05991
0.0126267
0.0382933
0.00178667
0
0.00905667
0.0314033
0.0550367
0
0.0172733
0.00602
0.0365867
0.143293
0.00597
0.0267033
0
0
0.00054
0.0264767
0.107423
0.00159333
0.199573
0
0.0736833
0.12374
0
0
0.00477
0.01475
0.00520333
0.0102633
0.00737333
0.0189133
0
0.0100967
0.0218033
0.00578667
0.10919
0.0129367
0.00074
0.204633
0.0253967
0
0.0021
0.0219533
0.00107333
0.06375
0.11792
0
0.143337
0.00394
0.02421
0
0.05999
0.206767
0.218887
0.0276133
0.04536
0.00391667
0.0257933
0.0388
0.0116633
0.01186
0.00887333
0.00395
0.00683333
0.0402267
0.0427
0.0946567
0.01039
0.0335533
0.00767667
0.0399267
0.0395567
0.00085
0.02525
0.0150033
0.116533
0.02849
0.01726
0.00085
0.0663733
0.0509133
0.00844667
0.0635233
0.0386167
0.244613
0.01539
0.1467
0.00468667
0
0.200117
0.0170033
0.00103
0.136233
0.0703367
0.114927
0.194263
0.00137
0.0251433
0.00346667
0.0376533
0.0749
0.133
0.141363
0.247437
0.121043
0.07262
0.00830333
0.00137
0.00358333
0.208197
0.0782667
0.0383733
0.0623133
0.00176
0.00119333
0.01959
0.0396133
0.03343
0.0897967
0.0192767
0.0017
0.0714433
0.01643
0.163743
0.0883833
0.07141
0.02451
0.0500067
0.0336067
0.00277333
0.15613
0.0629733
0.17149
0.0637233
0.0614367
0.0555733
0.0293533
0.03534
0.0764767
0.145023
0.06039
0.0629467
0.00151
0.228597
0.134633
0.0247067
0.137977
0.28704
0.0219467
0.103823
0.0925267
0.04316
0.00181
0.0984367
0
0.372583
0.03616
0.00616
0.0165933
0.02334
0
0.0944567
0.00708333
0.0223733
0.01165
0.0004
0.126813
0.06482
0.0837767
0.0440333
0.0506233
0.08002
0.00103333
0.118857
0
0.000356667
0
0
0
0.53545
0.0182133
0.00171333
0.000143333
0.00777333
0.0017
0
0.000713333
0.0301333
0.0804567
0.0142133
0
0.0123933
0.0311767
0.0116833
0.241533
0.168477
0.129403
0.234543
0.00358333
0.00433667
0.0529033
0.0871333
0.0620833
0
0.00453
0.00602667
0.257293
0.41599
0.03275
0
0.308403
0.0394833
0.00649667
0.000163333
0.00218
0
0.0870267
0.000176667
0.0253933
0.00800333
0.298117
0.05164
0.0562467
0.11122
0.0451233
0.00468667
0.0193033
0.00111333
0.0445
0.0654
0
0.01172
0.00433333
0.141243
0
0
0.0907033
0.0712433
0.0518733
0.0496733
0.0176633
0.04503
0.01149
0.0447233
0.00185667
0.00558
0.00034
0.01958
0.0352233
0.01638
0.00142
0.0206867
0.0344033
0.0668767
0.0730133
0.0455867
0.07331
0.0503633
0.0226667
0.0112933
0.0129167
0.01248
0.171157
0.0663833
0.235627
0.001
0.0227933
0.0291067
0.19541
0.217423
0.0737067
0.0823467
0.128033
0.05303
0.0445667
0.0003
0.04021
0.0737
0.03885
0.15552
0.0253233
0.0928633
0.04586
0.0197933
0.0562733
0.300043
0.01375
0.01738
0.00420333
0.0377667
0.00289
0.00176333
0.0903833
0.0215433
0.13836
0.03358
0
0
0.00454333
0.0328467
0.00051
0.00487
0.155527
0.00208333
0.07114
8e-05
0.00880667
0
0.182797
0.0561
0.0210067
0.00716333
0.0314067
0.0290667
0.141133
0.0191333
0.00076
0
0.00385
0.0188067
0
0.0004
0.0418
0.07076
0.308153
0
0
0
0.0141
0
0.00238667
0.0233767
0.02776
0
0
0.600327
0.00033
0.00573333
0.0259767
0.0314233
0
0
0.00907333
0.00797667
0.22806
0
0
0.00062
0.00203667
0
0.00561333
0
0
0
0.0456767
0.05584
0.03072
0
0
0
0
0.135763
0.0306367
0.119583
0.03849
0
0.03567
0.0111167
0
0
0.00263667
0
0.0903533
0.03294
0
0.132837
0
0.0152633
0
0.595913
0.00572
0.000396667
0.0271667
0.00601667
0.0550867
0.0123967
0.00679333
0.607337
0.00940667
0.03251
0.0727233
0.103907
0
0
0.00482
0.0218133
0.0507333
0
0.0157233
0
0.0623467
0.01213
0.0704167
0.0133933
0.000836667
0.0811133
0.0834233
0
0
0.00114
0.00895
0.169567
0.09101
0
0.00180333
0.0881067
0.0653333
0.0573733
0.0216433
0.107903
0.0158633
0.00324667
0.00103333
0
0.00485667
0.02675
0.00898667
0.00152333
0.0837233
0.3382
0
0.00640333
0.0577467
0.23193
0.0182433
0
0.00978
0
0.01682
0.0209667
0.02749
0.00156333
0.02267
0.0993667
0.0283267
0
0.00453
0.00302333
0.00128667
0
0.00693333
0
0
0.01925
0.0350567
0.0339433
0.01659
0.12521
0
0
0.0377733
0.0869033
0.10622
0.000106667
0.0471667
0.163013
0.105473
0.0410533
0.08962
0.04524
0.05149
0.000186667
0
0.00306667
0
0.0834967
0.05633
0.0400667
0.00338333
0.01021
0.00087
0.00495333
0
0.02675
0.02871
0.228003
0.00616333
0.000313333
0.0359833
0
0.00243
0
0.3004
0.00297333
0
0
0.185527
0
0.00032
0.0102033
0.000243333
0.267577
0.00704667
0
0.00992
0.00667667
0.181643
0
0.62553
0.02641
0.175763
0.00189667
0.0233867
0.02184
0.0377
0.0394433
0.0412733
0.0394
0.0192933
0.0478667
0.209593
0.00013
0.17166
0.01422
0.0313633
0.03301
0.00192667
0.03395
0.00193
0.0169133
0.0953867
0
0.0497533
0.0502867
0.00907667
0.0452833
0.03845
0.0162567
0.0320933
0.000466667
0.21833
0.0119267
0.0697433
0.00668333
0.00216667
0.05859
0.04951
0.00286667
0.05765
0.03845
0.00032
0.09465
0
0
0.00104
0.00214333
0.0602967
0.0198533
0.00282
0.00666
0.00979333
0.0188633
0.0420267
0
0
0.0135767
0.02655
0.000166667
0.01598
0.0421167
0.0149133
0.0845733
0.0412867
0
0.00216667
0
0
0.00332333
0.000276667
0.00826667
0.19144
0.0110367
0.0487567
0.0275733
0.01331
0.0873933
0.0113867
0.265107
0.05773
0.158883
0.0167567
9e-05
0.00048
0
0
0
0.154333
0.06749
0.00197
0.00306
0.0409033
0.00574667
0.0645533
0.00197667
0.05727
0.00238667
0.511753
0
0
0.0572967
0.0377033
0.00775
0
0.113273
0.000733333
0.0104967
0.000203333
0.0113667
0.00210333
0.00084
0.55103
0.00515333
0.00596667
0.0645733
0.0166133
0.01776
0.0136433
0.0343167
0.0294133
0.000636667
0.0236033
0.00215667
0.05738
0.06106
0
0.0163833
0.00694333
0.00758
0
0.00027
0.401
0.0688033
0.0145367
0.09284
0.0124833
0.247173
0.0418967
0.000276667
0.175427
0.0176767
0
0.059
0.0171667
0.000276667
0.000793333
0.01905
0.00773667
0
0.0151567
0.00265667
0.00027
0
0.01278
0
0.126797
0.0333733
0
0.02839
0.0225033
0
0.0213633
0
0.120397
0.00242333
0.00287667
0.02549
0
0.01453
0.0886667
0
0.00337
0
0
0.216297
0
0.0938
0
0.03663
0.0310233
0.00745667
0.465737
0.06041
0.115097
0.0189667
0.00426333
0.0239467
0
0.000676667
0.0264167
0.0420367
0.169103
0.00058
0.000116667
0
0.0677633
0.0303933
0.0138633
0.0272733
0.03039
0.00546333
0
0.0100733
0.00032
0.0934867
0.0937033
0
0
0.1123
0.0418033
0
0.0555067
0
0.00829
0.00901667
0.000143333
0.00835
0.03117
0.00117667
0.000143333
0.00340333
0.00354
0.0786533
0.06911
0.01728
0.0698367
9.33333e-05
0
0.00383
0.000143333
0
0.0166767
0
0
0.00958333
0.0114233
0
0
0
0.0271933
0.00765333
0.119127
0.0580667
0
0
0.12106
0
0
0.00865667
0.0149467
0.0395267
0.04741
0
0.00168333
0.00423667
0.0249133
0.000223333
0.0667233
0
0.00969667
0.0547033
0.000223333
0.000466667
0.0535367
0
0.0681567
0
0
0.0316567
0.00841333
0.07095
0.0117867
0.0686267
0.07242
0.0136067
0.06447
0.0439767
0
0.0793267
0.0230633
0.04433
0.04933
0.01338
0.0169067
0.0292067
0.000983333
0.0383333
0.00733333
0.0148167
0.0376267
0.0244033
0
0.000993333
0.30176
0
0
0
0.411833
0
0
0.00249667
0.0318933
0
0.00032
0
0
0
0
0
0
0.00438667
0
0.00252333
0.00712
0.0567767
0.146513
0.02222
0.00573333
0
0.00798333
0
0
0
0.0311867
0
0.0667067
0.0244367
9.33333e-05
0.0170833
0.00423333
0.0299633
0
0.38275
0.0281133
0.0638633
0
0.264797
0
0.00106667
0.000463333
0.000276667
0.132653
0.00753333
0
0.57586
0.390207
0
0.0544233
0.06897
0
0
0.02178
0.03718
0.00327
0.202467
0.08372
0.000276667
0.00182667
0.00046
0.0723967
0.000733333
0.0153833
0
0.000733333
0.00287333
0.000416667
0.00128333
0
0.000333333
0
0.0280867
0.437543
0
0.0226167
0.003
0.389563
0.0253967
0.00752
0.272457
0.00759667
0.182827
0.0174167
0.633733
0.00933333
0
0.0197867
0.0014
0.110923
0.0726733
0.00858
0.00011
0.03009
0.186553
0.02535
0.0228667
0.0372067
0
0
0
0.0233233
0.00213333
0.0211
0.02785
0
0.330437
0.000333333
0.0152733
0.02115
0.00630333
0.0358367
0
0.00303
0.0381033
0.003
0.0228
0.00518667
0.0243467
0.0184967
0
9.33333e-05
0.0312833
0
0.0297767
0.0198333
0.00405
0.02047
0.0117033
0.0107667
0.0372567
0
0
0
0.00248667
0
0.00224667
0
0
0.0998
0
0
0.0175333
0.00210333
0
0.00336
0
0.0180633
0
0
0
0
0.00132667
0
0
0.00352333
0.00415333
0
0
0.0967467
0
0.00197
0.09895
0.0640833
0.00955
0
0
0.00867
0
0.02184
0.00659333
0.03178
0
8.66667e-05
0
0.0107533
0.0887367
0.00557667
0.118437
0.0465467
0.00376333
0.0432567
0.00016
0
0.000136667
0.0378767
0.00243
0.0382033
0
0.00359667
0.0313133
0.05692
0.01363
0.0277967
0.000733333
0.00563333
0.06123
0.00972667
0.01784
0.03284
0.0329967
0.0350933
0
0.13389
0.07436
0.0346233
0
0.0225433
0.00435667
0
0.258857
0.01696
0.00787667
0.00575
0.02918
0.00067
0.0881
0.0124133
0.055
0.0308967
0
0
0.0564167
0
0.00108667
0.00308
0.00356
0
0.01002
0
0.00559667
0.0336133
0.00421667
0.00331333
0.00930667
0.0593767
0.000353333
0.00224667
0.0302767
0.00226333
0.0222033
0.00278667
0.0383533
0.0326867
0.02741
0.00548
0.0185767
0.0725367
0.0238533
0.0437733
0.0181533
0.00017
0.0156367
0.0662267
0.0234367
0.0159667
0.0396333
0.00220333
0.0100767
0.0318333
0.0178633
0.00354667
0.00342
0.01378
0.07984
0.00686
0.0163233
0.0361167
0.0289067
0.0361433
0.00216333
0.00590333
0
0.02032
0
0.00157333
0.000616667
0.0851767
0.02376
0.02375
0.0446467
0.0543533
0.0191033
0.0400233
0.0527967
0.0421
0.0479367
0.01904
0.0617767
0.0220933
0.0129
0.12425
0.0675533
0.119977
0.0362667
0.0425067
0.0699933
0.0339867
0.0383
0.0914433
0.0374733
0.03155
0
0.00212
0.147867
0.17998
0.0230333
0.14986
0.0273
0.0301833
0.0179867
0.000623333
0.0684433
0.0236167
0.0257233
0.0168333
0
0.11352
0.00656
0.106583
0.00032
0
0.0917433
0
0
0
0.0738967
0.00294
0
0.0485567
0
0.0959433
0.00308333
0.02547
0.00485
0
0.0219733
0.000236667
0.00721667
0.00169333
0.0935267
0.0608867
0.0190033
0.00054
0
0
0.000376667
0.0386067
0
0.000843333
0.0123067
0.00797
0.12608
0
0
0.07718
0.00231667
0.0443733
0.0105833
0
0.00948
0.00345667
0.00285333
0
0.02247
0.0808467
0.0265367
0.129887
0.00758
0.0201633
0.00333667
0.00868667
0.00724
0.000803333
0.00063
0.06388
0.00232
0.0272267
0.0109033
0.08819
0.0284367
0.0310633
0.0230733
0.00383
0.03548
0.0363267
0.116327
0.12416
0.0319167
0.0528867
0.03369
0.0285667
0.0441267
0.0783733
0.136367
0.00032
0
0.0130567
0
0.08673
0.02358
0.0544333
0.041
0.0634433
0.00055
0.00232
0
0.101077
0.267757
0.0513567
0.0156133
0.128653
0.00119
0
0
0.0298967
0.00632667
0
0.00182667
0.00108667
0.0106867
0.000276667
0.0315333
0.00919
0.07175
0.0289667
0.0535367
0.141467
0
0.00031
0
0.159213
0
0
0
0.0184733
0.03803
0.02314
0.01646
0.0880633
0.000363333
0
0.00013
0
0
0.000273333
0.00803
0
0.05642
0
0
0.07394
0
0.0469
0.0419833
0
0.00902667
0
0.00031
0
0
0
0
0
0.0698
0.02959
0.00945667
0
9.66667e-05
0.0818367
0
0.06088
0.00319333
0.0532467
0
0.01044
0
0
0.01861
0.08236
0.000146667
0.0666367
0.0265567
0.126197
0.00941
0
0.00031
0
0.002
0.00064
0.000703333
0.0395633
0.000123333
0.00121
0
0
0.00983333
0
0.11795
0.223807
0
0
0.0767967
0.03387
0
0
0
0.0822033
0
0.0444
0
0
0.0259133
0.0154733
0.000803333
0.03553
0.0522033
0.0784933
0
0.04701
0.00741
0.05931
0
0
0.112433
0.0224333
0.0180267
0.0171733
0.05339
0.05044
0.06731
0.0133533
0
0
0.0172267
0.03254
0.0422133
0.122783
0.00555667
0.00530333
0
0.00664333
0
0.02942
0.00268
0.00411
0
0.0103033
0.02853
0
0.0147
0.0967867
0.08791
0
0
0.0185867
0.00379
0.0500333
0.0317233
0.150953
0.00782667
0.0133433
0.0216233
0
0
0
0.103103
0
0
0
0.112353
0.02283
0.000136667
0
0
0.0281367
0.06618
0
0.01717
0.00515667
0
0.0637533
0
0.275633
0.101503
0.00437333
0
0.0341833
0.08946
0.0628967
0
0
0
0.00493333
0
0
0.00143
0.0311867
0.0536567
0.00014
0
0.13291
0.0499133
0
0.00270333
0.0251267
0
0
0.0667167
0.0100167
0
0
0.0739133
0
0.08995
0.00493333
0.0424333
0.02353
0.06111
0.01466
0
0
0.0126333
0
0
0.00711
0
0
0
0.000133333
0
0
0.000583333
0
0
0
0
0.0008
0.0278167
0
0.01997
0.147007
0.0263933
0.00117667
0
0.00555333
0
0.00897
0
0.000356667
0
0
0.00012
8e-05
0
0
0.0902633
0.000106667
0.00471667
0
0
0.09544
0.0324933
0
0.000106667
0
0.00065
0.0310067
0.06076
0.07473
0
0
0.1251
0
0
0
0
0
0
0
0.0350233
0
0.00479667
0
0.00713333
0.0204167
0.00104
0.00858333
0.000216667
0.0281
0.00430667
0.0137233
0
0.0527933
0
0.0664067
0
0
0
0
0
0
0.00480333
0.0188
0.04843
0
0
0
0.0210867
0
0.13756
0.01786
0
0
0
0
0.0462333
0.0447067
0
0.00212667
0.0005
0
0.08944
0.0504633
0
0
0.0042
0.0111467
0
0
0.152707
0
0.229063
0.0110567
0
0.000756667
0.09297
0.000123333
0.107867
0.262313
0
0
0.00366
0.00473667
0.0287633
0.03328
0.00138
0
0
0
0
0.00808333
0
0.00022
0
0
0
0
0.0303633
0
0.0201733
0
0
0.00274333
0.0114433
0
0.0129533
0
0.00011
0
0.000186667
0.16675
0.00506667
0
0
0.00795
0.0746933
0.00591667
0.0197667
0.27894
0.0105933
0.07006
0
0.03007
0
0.00022
0.0213533
0.181333
0.00104
0.000616667
0.000506667
0.2345
0.0143967
0
0.00564333
0
0.03215
0.241487
0.000116667
0.00884
0
0.00920333
0.00730333
0
0.07604
0
0.00115
0.0857367
0.0731633
0
0.00254667
0
9.66667e-05
0
0
0.000616667
0.00505
0.01573
0
0
0
0.129853
0.00401
0.0153267
0
0.0226533
0.00022
0.0103567
0.0122733
0.104407
0
0
0.00203667
0.0315933
0.00119333
0
0
0.0988167
0
0
0.0300467
0.00025
0.0283367
0
0.000323333
0
0
0.00509333
0
0
0.039
0.0100333
0.000323333
0
0.0250867
0
0.00298333
0
0.04267
0.00167667
0
0
0.00203333
0.02169
0
0.00633
0.0157267
0.0173267
0.00495333
0.0859133
0
0
0
0.03448
0.01336
0.01489
0.0417133
0
0.000613333
0.0595267
0.0104133
0.00252333
0.00233333
0.00705333
0.00478667
0.00386667
0
0.000323333
0.000273333
0.00671333
0
0
0
0.00182
0.00101
0.00291
0
0
0.00584667
0.03136
0.05603
0.000843333
0.00066
0.0234033
0.0112967
0
0
0
0.0231267
0.0232567
0.0270233
0
0
0.02689
0
0.00203333
0.06091
0.0971067
0.0822067
0
0.01327
0
0
0
0.00025
0.0320533
0
0
0
0.00391667
0
0
0
0.0104933
0
0.00393333
0.00556
0
0
0.00031
0
0.0255467
0.0048
0.0269867
0.00258667
0
0.00398
0.0757667
0.000683333
0.0269467
0
0
0.00395667
0.0347233
0
0.00193
0
0.172913
0.000393333
0
0.000323333
0.0107367
0
0
0
0.00161333
0.22334
0
0.0406867
0.00101
0.0222967
0
0.00476
0
0.0915933
0
0.00253667
0.00117
0.000313333
0
0.00022
0
0
0
0.01243
0
0
0
0.00161333
0
0.000616667
0
0
0.00039
0.00510667
0
0
0
0
0.000313333
0
0
0
0.00328
0.00901333
0
0
0
0
0.00315333
0
0.0340733
0
0.00146
0.00622667
0
0.00037
0.140757
0
0
0
0.0541833
0
0
0
0
0
0.00230667
0.0111367
0.000116667
0
0.000273333
0
0
0
0.0115333
0
0
0
0
0.00984333
0
0
0
0.01803
0.19281
0
0.0348267
0
0
9.33333e-05
0.00263
0
0.00742
0
0
0
0
0.0254267
0.00135333
0.05073
0
0
0.0183
0
0.00660333
0
0.0170933
0
0
0
0
0.0166367
0
0
0.0490867
0
0
0
0
0
0
0.10452
0.00225667
0
0
0
0.02418
0.04127
0
0.000313333
0
0.0210767
0.00066
0.00498
0.01713
0.00754667
0
0.00153333
0.00022
0
0.02844
0.0245833
0.00022
0
0
0.517673
0
0
0
0.00143333
0.01559
0
0
0.00035
0
0.00065
0
0.0289433
0
0
0.0381633
0.0201133
0.00308667
0
0.0223533
0.0424467
0
0.000943333
0.00043
0.00293667
0.00114333
0
0.00677333
0.000943333
0.00035
0
0.00165
0.00820667
0
0
0
0.00114333
0.01226
0
0
0.02843
0.0253
0.0274367
0
0.0163133
0.00554667
0.00658
0.0130633
0
0.002
0.00599667
0.0100533
0.0190267
0.01638
0.00037
0.00388667
0.00223
0.00117333
0.00025
0.03753
0
0
0
0
0
0.00374667
0
0
0.00012
8e-05
0.0393333
0
0.00774333
0
0
0.03341
0
0.00032
0.0133467
0.00217667
0.0334367
0.00032
0
0
0.0210367
0.0256467
0.00476
0.00352333
0
0
0
0.00654667
0
0.0306767
0.0171433
0.0133933
0.0150333
0
0
0.00722667
0.0179433
0
0
0.00031
0
0
0
0.00126
0
0.0185767
0.000613333
0
0.00122333
0
0.00374
0.00476
0
0.00506
0.000566667
0
0.01827
0.0306033
0.0507167
0.00191333
0.0003
0.000853333
0.00815
0.00747
0
0.0003
0
0.00031
0
0.0157833
0.00071
0
0.0108867
0.01369
0
0.00863333
0.0195733
0.00435333
0
0.0102767
0.0161533
0
0.00580667
0.00529333
0
0
0.00108333
0.00268
0
0
0.00626333
0
0
0
0.000303333
0.0186833
0.213137
0.000183333
0.00655667
0.0177167
0.00135
0.00172667
8.66667e-05
0
0.00738667
0.0384
0.00174333
0.00089
0.03282
0.0156167
0.0349433
0
0.000853333
0.000346667
0.02739
0
0.0290533
0
0.01001
0.00410667
0.000423333
0.00593
0.00767333
0.01162
0
0.00268333
0.00107
0
0
0.0131167
0
0.00761
0.00055
0.00456333
0.0179233
0.00249333
0.0243033
0.00918
0.00618333
0
0.0183633
0
0.0348333
0.000623333
9e-05
0.08288
0.0318133
0
0.01901
0.0300867
0.0152333
0.0204333
0.03151
0.00914667
0
0
0.00406
0.03413
0.00543
0.00155333
0
0.0344467
0.0114133
0.00895333
0.00267333
0.0189133
0
0.0302567
0.0278967
0.0226133
0.00018
0.0263367
0.01469
0.00340667
0.0366967
0
0
9e-05
0.0198
0.00564333
0.0533533
0
0.0165433
0.00172333
0.00142
0.0267033
0.000603333
0.04819
0.0131267
0.0212633
0.00880333
0
0.0541867
0.00367
0.0146033
0.0163133
0.00471667
0.0270633
0.01625
0.0224533
0.00168667
0.00355
0.00164667
0.0134333
0.00251
0.0154033
0.0478733
0.00297333
0.02103
0
0.01056
0
0.0488233
0
0.00033
0.00607667
0.0203267
0.00185
9e-05
0.00069
0.0374267
0
0
0.0526633
0.0166567
0.07206
0.00422333
0.0165733
0.01235
0.00127333
0
0.00404333
0.0220167
0.0107267
0.0247067
0.00202667
0
0.0855567
0.0218633
0.00012
0.03042
0.00259667
0.01378
0.00374333
0.0324067
0.00234333
0.00266
0.0102533
0.0503667
0.0288633
0.01479
0
0
0.00012
0.0317467
0.00459667
0.01295
0.0248933
0
0.0329267
0.0129433
0.000103333
0.00811
0.0122967
0.000643333
0.04238
0.00273667
0
0
0.03027
0.000236667
0.0142567
0.0405133
0.000106667
0.0155433
0.00996667
0.0433833
0.00530333
0.00436
0
0.00053
0.0187233
0.02507
0.00442333
0.00382333
0.00524
0.00155
0.00691
0.0166633
0
0.04402
0.0793933
0.00765667
0.00418667
0.0315267
0
0.0119133
0.0505167
0.02474
0.0225933
0.000153333
0.0532833
0.00172333
0.0001
0.0164833
0.00874667
0
0.00967
0.01638
0
0.00803333
0.00453667
0.00602
0.0281133
0.00268333
0.217043
0.00222667
0
0
0.0249667
0.0274933
0.00141667
0
0.000436667
0
0.00219333
0
0.00665
0.01628
0
0
0
0.0163133
0.00556
0.0394667
0.0172433
0.000743333
0
0.000306667
0.0510367
0.01336
0
0.0027
0.03193
0.00601333
0.00445
0.000886667
0.00754333
0.00228333
0.00473333
0.0119
0.00621333
0.00280667
0.00855667
0
0
0
0.0412667
0.0275067
0.01281
0.00989
0.01828
0.00136
0.0219567
0.0086
0
0.0174533
0
0.00039
0.0128533
0.0842767
0.0278467
0
0.00335333
0
0.03755
0
0
0
0
0.00456
0.0159233
0.0219067
0.07206
0.19834
0.000306667
0.00086
0.00451
0.00678667
0.0035
0.03556
0.00210667
0.00448667
0.0178667
0.0116867
0.00091
0
0.11184
0.00086
0
0.03576
0
0
0
0
0
0.00315667
0.00917333
0.000566667
0
0
0.00125667
0.0857633
0.01242
0.0269933
0.00935333
0.00015
0
0
0.0242867
0.0919467
0.0193333
0.0503367
0.00198333
0.00172333
0.0115
8.33333e-05
0.00327667
0
0.00158667
0.000123333
0.228863
0.02416
0
0.00557667
0
0.02975
0
0.00324333
0.08698
0.03432
0.00153
0.00438667
0.04612
0.00466
0
0.01349
0
0.000123333
0.00210333
0.0190233
0.000123333
0.0191967
0.0103033
0
0.18656
0.13782
0.0026
0.0471833
0
0.00214333
0.000306667
0.00397
0.00777333
0.00218667
0.0601833
0
0.191773
0
0.19566
0.0104667
0.0458733
0.135007
0.00092
0.0488533
0.00337667
0.0274167
0.0370733
0.00775
0.00138
0.0240767
0.00107667
0.0116567
0.0113133
0.0170733
0
0
0.0684
0.100263
0.00189333
0.00484333
0
0.03599
0.03326
0.0572733
0
0.0101433
0.02776
0.0195267
0.0321333
0.00642667
0.0111067
0
0.0183433
0.00313333
0.00107667
0.0613433
0.00985333
0.0319467
0.0744167
0.0292
0.0511733
0.000556667
0.0260567
0
0.0064
0.00295333
0.00887
0.0305267
0.00383667
0.0433467
0.04613
0.00322
0.00228
0.0348
0.00045
0
0.00178
8.33333e-05
0
0.00175667
0
0.0198133
0
0.100587
0.0410567
0.0139833
0.0885967
0.00012
0
0.02694
0.01054
0
8.66667e-05
0.03327
0.0122433
0.0365767
0.00869333
0.000103333
0.0187567
0.05977
0
0
0.0309167
0.035
0.00509333
0.00834667
0.0396933
0.0408067
0.00675333
0.01413
0.00645667
0.00574667
0.0515033
0.01948
0.000156667
0.01561
0.00186
0.07346
0.02104
0.04965
0.0684767
8e-05
0.000103333
0.00012
0
0.00509667
0.00301667
0
0.00069
0.0224367
0.00683667
0
0.02461
0.0104633
0
0
0.00012
0.0311733
0.03835
0
0.0527
0.00368667
0.00127333
0.00276
0.0195
0.02381
0.01421
0.00807
0.127377
0.0573967
0.00925667
0
0.0970567
0
0.00580667
0.0812233
0.00805667
0.0113767
0.000283333
0.000236667
0.0506333
0.0391967
0.00862667
0.00768667
0.00550333
0.07403
0.00615333
0.0205967
0.0169367
0.00259333
0.0191333
0.09139
0.0192567
0.01285
0.01727
0.0551767
0.00065
0.00477
0.0169
0.00299667
0.0257467
0.00116667
0.0335067
0.0207667
0.00012
0.00734
0.00571333
0
0.10501
0.09748
0.02655
0.0117733
0
0.0371267
0.0207833
0.00489
0
0.00101667
0.00682667
0.0415833
0
0
0.00982667
0.00581333
0.00342
0.02813
0.0211067
0
0.000316667
0.0034
0.000113333
0.0308133
0.00889
0
8e-05
0
9e-05
0
0
0.000326667
0.00189333
0.00749333
0
0.0867467
0
0.000806667
0
0.000756667
0.00279333
0
0.00859667
0.0762333
0.00649333
0.00172333
0
0.000456667
0.000236667
0.0814467
0.0185233
0.0247467
0.0160667
0
0.00015
0.00745667
0
0.000613333
0.00757667
0.0156533
0.03658
0.0125633
0.000586667
0
0
0.000173333
0.115787
0.0193367
0.00417
0.00927
0.00836667
0.000676667
0.00058
0.01683
0
0
0
0.19002
0.000676667
0.00323667
0
0
0
0.00918
0.00751333
0.0174133
0.02746
0.000923333
0.000486667
9e-05
0
0.00012
0
0.0153933
0.00259667
0.00358
0
0.00043
0.00234333
0
0.00120333
0.00233667
0
0.0717167
0.00011
0.03455
0.0239433
0.0026
0.0215233
0.299417
0.0784933
0.0322633
0
0.0401567
0.00249333
0
0.0254067
0.00466667
0
0
0.03483
0.03135
0
0.02836
0.01925
0
0.0262267
0
9e-05
0.0206633
0.00195333
0.00377333
0
0.00607
0.0947067
8e-05
0.0391567
0.00318333
0
0.0336
0.00104
0.00320667
0.0403867
0.00107667
0.0460767
0
0.07793
0.0123833
0.00262333
0.00883667
0.00026
0.0131167
0.0415167
0.0341267
0.0115933
0.0670733
0
0.0358367
0.0179367
0
0.0267
0.17704
0
0.000133333
0
0
0.00451333
0.00824
0.0378967
0.02199
0.00804
0
0.00385667
0.00170333
8.66667e-05
0.0264933
0
0
0.01583
0
0
0
0.00759
0.00474333
8e-05
0.00196333
0.000133333
0
0
0.00241667
0.0239867
0
0.00107667
0.0103667
0.0128867
0.0152867
0.0314667
0
0
0
0.0230833
0
0.00920333
0.0120733
0.03169
0.00279667
0.01247
0
0.00362333
0.00419
0.19207
0.02016
0.0356767
0.00215667
0
0.0808667
0.00791333
0
0
0
0
0.00194
0.000833333
0.00171
0.00598667
0.0819367
0.00179667
0.0914567
0
0.00672
0.0114867
0.000586667
0.000266667
0.00478333
0
0
0
0.000306667
0.01355
0.0128733
0
0
0.00455
0.00518333
0.00761
0
0
0.0322633
0.00271
0.00132667
0.281993
0.000113333
0
0
0.00818333
0.00064
0.171253
0.0239967
0.00417333
0
0
9.33333e-05
0.00694333
0.000796667
0.00029
0
0.000613333
0.02075
0.0233267
0
0.0257467
0.233553
0.0130267
0
0
0.0102233
0
0.000613333
0.01263
0
0
0.00180333
0
0.00171333
0.01106
0.00882
0.03193
0.0385233
0.00015
0.01614
0.00691333
0.00257
0
0.0027
0.00119333
0.0204767
0.00244667
0.0011
0
0
0
0
0.00300333
0
0.00777
0
0
0.0168467
0.0152733
0.02347
0.00128333
0.0329133
0.02784
0.000126667
0.00159
0
0.000833333
0.00273667
0.01308
0
0.00859
0.0206933
0
0.00201667
0
0
0
0.0011
0.000756667
0.00987667
0
0
0
0.000833333
0
0
0
0.000553333
0
0
0.0313333
0
0.0273267
0.0221867
0
0.0257133
0
0
0.00128667
0.0211233
0
0
0
0.0358767
0.00284333
0.107717
0
0.03992
0.0115
0
0.0233433
0.0192633
0.04677
0
0.00078
0
0.000106667
0
0.00187
0.0035
0
0.00017
0
0
0
0
0.00134
0
0
0.04309
0.00947333
0.0398867
0.00475333
0.00951667
0
0.0214567
0
0
0.00134
0
0.0203133
0.0103533
0.000136667
0
0.00151667
0.0162433
0
0.0278733
0.0716067
0.000163333
0
0
0.00023
0.0136467
0.00564
0.0204433
0.000713333
0.0210233
0.0178467
0.00054
0
0.0343033
0
0.0165667
0
0.0011
0
0.0198833
0.0122967
0.00449333
0.01369
0.00128333
0.01375
0
0
0
0.0558333
0
0.02301
0.00014
0.0003
0
0
0
0.03244
0.00919667
0.00017
0.00348667
0.00205
0.03502
0.0120967
0
0.0124933
0.0330767
0.00012
0.0336267
0
0.00367667
0
0.0294467
0.00879
0.000936667
0.03566
0.00191667
0
0.0311667
0.00229
0
0.0137667
0
0.0157367
0
0.01519
0.00141
0
0.0370267
0.00267667
0.0146333
0
0
0.0220467
0.00105
0.000536667
0
0.00276333
0.00158333
0.00095
0.04253
0
0
0
0
0
0.00093
0
0
8.66667e-05
0.00156333
0
0.02451
0.0158133
0
0.000436667
0.03476
0.0356367
0.0413633
0
0.00986333
0.0263867
0.00556333
0.0154833
0.000306667
0.000963333
0
0.0124533
0
0.000963333
0
0.0011
0
0.00308
0
0.0348133
0.0137433
0.000146667
0
0.0142133
0.00809333
0.00257667
0
0.000536667
0
0.00272667
0.0381867
0
0.00547667
0.000146667
0.00641
0.146687
0.00264
0.0446267
0.0272
0
0.00216
0.00598333
0.03155
0.00392667
0.00419333
0.01487
0
0.000866667
0.00175667
0.00247333
0.0323533
0.000383333
0.00534667
0.00011
0.000493333
0.00983667
0.00226333
0
0
0
0.00351333
0.00490667
0
0
0.00230667
0.0136733
0.00497
0.0141033
0.0390633
0.04241
0.0453267
0.00034
0.0376333
0.0544933
0.0121
0.03126
0.0321
0.00214333
0.00043
0
0.0123633
0.00605667
0.0272967
0.0186667
0
0
0
0.00160333
0.0275
0.000536667
0.01497
0.0448667
0.0551333
0.0371667
0.0408567
0.00177333
0.00403
0.0499567
0.0946667
0
0.00287667
0.02839
0.00512
0.000253333
0.0890433
0
0.0508633
0
0
0.0241867
0.00273
0.00559
0.00014
0.00059
0.00821
0.0331133
0
0.0162367
0.0196033
0.01418
0
0.01063
0.00024
0.0278967
0.0156333
0
0.01686
0.000216667
0.0338867
0.0462333
0.04438
0.0329067
0.00337667
0.0728733
0.00129
0.0156433
0.00772333
0.03704
0.00238333
0.0204033
0.00174
0
0.0293067
0.04943
0.04192
0.0507667
0.00128333
0.00836
0.0289933
0.02286
0.0596267
0.00055
0.03244
0.000196667
0.16391
0.0366967
0.0185633
0.00138
0
0.0344733
8e-05
0.0149833
0.00368
0.03464
0.0269667
0.0381833
0.05588
0.00911333
0.00574667
0.0163133
0
0.04421
0.01719
0
0
0.0140167
0.0169067
0
0.0308033
0.01167
0
0.000216667
0.0101067
0.0274733
0.0196
