0.01925
0.0592633
0.44596
0
0
0
0.00154
0
0.000153333
0.00064
0.01922
0.000283333
0
0
0
0
0
0.00114333
0
0
0
0.000406667
7.33333e-05
0
0.00654667
0.00041
0
0.000646667
0
0.0421467
0
0
0.06356
0
0
0.00077
0
0
0.00696
0.00314
0.00257667
0
0.00336667
0
0
0
0
0.00745333
0
0
0
0.000163333
0
0
0
0
0
0
0
0
0.000386667
0
0
0
0.00121
0.000186667
0
0.0258867
0
0
0.107373
0.000363333
0.000153333
0.0159433
0
0.0163467
0.0892667
0.00211667
0
0
7.66667e-05
0.0722167
0.01004
0.00118667
0.03487
0
0
0
0
8.66667e-05
0.03511
0.00542333
0.00606333
0.03126
0
0
0.02308
0.000193333
0
0.00902
0
0
0
0.000693333
0
0
0.01448
0.0014
0
0.0149067
0.00025
0.0176833
0
0
0
0
0
0.00053
0
0
0
0
0
0
0
0
0.0174467
0
0
0.0266667
0
0
0.00185667
0
0
0
0
0
0
0
0
0.00158333
0
0.0781233
0
0
0
0
0.00154333
0
0
0.00944
0.00145333
0.000443333
0.0784167
0.03738
0.00526
0
0.02076
0.00809667
0
0.00834667
0.474543
0.31178
0.0140033
0
0.0118167
0
0
0.0256533
0
0
0
0
0
0
0.000173333
0
0
0
0
0
0.00053
0
0.00169333
0
0
0
0.00680667
0.0186
0.00073
0.00108667
0
0
0
0
0
8.66667e-05
0
0
0
6.33333e-05
0.00104667
0
0.0287133
0
0
0.0002
0.00132
0.00258
0
0
0.00442333
0
0
0
0
0
0
0
0
6.66667e-05
0.000506667
0.00812333
0
0.00476
0
0
0
0
0.000873333
0.0105
0
0
0
0
0
0.00026
0
0.00198
0
0.00028
0
0.0406933
0
0
0
0.00252333
0
0
0
0
0
0.0549167
0
0.00015
0.0101767
0.00234333
0
0
0
0
0
0.00201667
0
0
0.0817867
0.0054
0
0
0
0
0
9e-05
0
0
0
0
0
0.00706667
0
0
0
0
0.00571667
0
0.00729667
0
0
0.000526667
0
0
0
0
0.0242433
0
0.01396
0.00033
0
0.0412367
0.01358
0.00110333
0.0193633
0.00301667
0
0.000256667
0.00012
0
0
0
0.03525
0.00894333
0.000133333
0
0.00363667
0
0.01242
0
0.000286667
0
0.00648
0.0270667
0
0.0184633
0.0125567
0.00227333
0.000773333
0.0047
0
0.06343
0.0140467
0.00771333
0.0125567
0.0126733
8.33333e-05
0.0227133
0.00183
0
0.00277667
0
0.000106667
0.0183333
0
0
0.0639433
0.0004
0.000456667
0.0158067
0.0187933
0.0114
0.000966667
0.000803333
0.0313133
0.03367
0.00328333
0.03523
0.0275667
0.00320667
0
0
0.000563333
0
0
0.000246667
0.0008
0.0105367
0.000686667
0.0277467
0.01254
0.0133933
0
0
0.000506667
0.0295933
0.00151333
0.0173367
0
0.0437967
0.00033
0
0.00355
0
0.000506667
0
0
0.50608
0.0001
0.00179
0
0
0
0
0
0
0
0.00723333
0
0.000476667
0
0.000123333
0
0
0.00427667
0.00674
0.00227667
0
0.00031
0.000263333
0
0
0.00910667
0
0
0.0202667
0.00697333
0
0
0
0
0.01571
0
0
0
0
0
0
0
0.03143
0.0015
0
0.000193333
0
0
0
0.00322
0
0
0.00202333
0.00759667
0
0
0
0
0.01142
0.0221433
0.00129
0.0301
0.00144
0
0
0
0
0
0
0
0
0
0
0
0.000356667
0
0.00552667
0
0
0.00136667
0
0
0
0
0.02037
0
0
0
0
0
0.0311033
6.33333e-05
0.00462
0.000436667
0
0
0
0.0333467
0
0.00411
0
0
0.000366667
0.00708333
0.0031
0
0
0.00097
0
0
0
0
0
0
0
0
0.00022
0
0
0.0332633
0
0
0
0.18781
0
0
0
0
0
0
0
0.0402633
0
0
0
0
0
0
0
0.03033
0
0
0
0
0
0
0.00065
0.00436667
0
0
0.0183667
0
0.00417667
0
0
0
0
0
0
0.00034
0
0
0.000226667
0
0.000243333
0.000266667
0.00204333
0
0
0
0
0
0
0
0
0.0195567
0
0
0
0
0.15354
0.0172433
0
0.00981667
0
0
0.00728
0.00537333
0.0274
0
0
0
0
0
0
0
0.00918333
0.000133333
0
0.0400633
0
0
0.02966
0
0.00192333
0
0
0
0
0.0498633
0
0.0161133
0.000273333
0
0
0
0
0
7.33333e-05
0.000616667
0
0
0
0
0
0.00563667
0
0.00388333
0
0
0.000796667
0
0
0
0.00035
0
0
0
0
0
0
0.000136667
0
0
0
0
0.00214667
0
0.0236933
0.01693
0
0.0003
0.00086
0
0.0005
0
0.00222333
0
0.06156
0
0.00017
0.185493
0
0
0.00556
0.00615333
0
0
0
0.000163333
0.00410333
0
0
0
0.00827333
0.00121
0.00346333
0.00998
0.00903
8.66667e-05
0
0.000816667
0.0393667
0.00143
0.0159433
0
0.03152
0.0159767
0.00441
0
0.226057
0
0
0
0
0
0
0
0.000603333
0.00155667
0.0214233
0
0
0
0
0
0.000123333
0
0
0
0
0.542353
9e-05
0
0.000593333
0
0.000143333
0
0
0.000593333
0
0
0
0
0.000256667
0
0
0.000323333
0
0.0107067
0
0.0149433
0.000103333
0
0
0
0
0.0114167
0
0.01424
0.00507667
0
0
0
0
0
0
0
0
0
0.00202333
0
0.0215633
0
0
0
0.00691
0
0.00885333
0.0164333
0
0.00160667
0.00166333
0
0.000323333
0
0
0
0
0
0
0
0.0173533
0.00609
0
0
0
0.00983667
0.0173467
0
0.0126967
0
0
0
0.0117133
0.09154
0.000173333
0.00285
0
0.02336
6.33333e-05
0
0
0.0045
0
0
0
0.03264
0
0.03241
0
0
0.00119667
0
0
0.00013
0.00910333
0
0
0
0
0
0.00056
0.55404
0.0001
0
0
0.000923333
0.00600333
0
0
0.0538533
0
0
0
0
0
0
0
0
0
0.00104
0
0
0
0
0
0.00298
0
0.0156533
0
0
0
0
0.00305333
0
0
0
0.000363333
0
0
0.00663
0.00322333
0.0203967
0
0
0.0017
0
0.0253167
0
0
0
0
0
0
0.00643
0
0
0
0
0
0
0.00977333
0
0
0
0
0.00707667
0
0
0
0
0
0
0
0.00793667
0
0
0.000273333
0
0
0.01434
0
0
0.140307
0
0.360307
0.04959
0
0
0
0
0
0
0
0
0.000253333
0
0
0
0.000333333
0
0
0.0591933
0
0.0101333
0
0.0309233
0.00301667
0.01066
0.00183
0
8e-05
0
0
0
0
0
0
0
0
0
0.000466667
0
0.02575
0.00210333
0.06665
0.00342333
0.00292333
0
0
0
0
0
0
0
0.00938667
0
0
0
0
0
0
0
0
0
0
0
0
0.00679
0.000673333
0
0
0.00346667
0
0
0
0
0
0.0163433
0
0
0
0
0.00041
0
0
0
0
0.0294533
0.0227433
0
0.0118333
0.00702333
0
0
0
0
0
0
0
0
0
0
0.00646
0.184537
0.41807
0.000686667
0
0
0
0.0077
0
0.00219667
0
0
0.0001
0
0
0
0.000613333
0
0
0
0
0.07324
0.00475333
0
0
0.00128667
0.0176067
0
0
0
0
0
0
0
0
0
0.49725
0
0
0
0
0
0
0
0
0.0135833
0
0
0
0
0.00441
0
0
0.0223933
0
0.00635333
0
0
0
0
0.0215267
0
0
0.00619
6e-05
0
0
0
0.0122667
0
0
0.000543333
0.00057
0
0.00606667
0
0
0
0
0
0
0
0.00222667
0
0
0
0
0
0
0
0
0
0.0151367
0.0113467
0.00464667
0
0.000193333
0.00219667
0
0.00029
0
0.0108867
0
0
0.000113333
0
0.0354833
0.00165667
0.00220667
0.000116667
0
0.00165
0
0
0
0
0.000133333
0
0.01556
0
0.000393333
0.00643333
0.00015
0
0
0
0
0
0
0
0
9e-05
0
0.00977333
0
0
0
0
0
0
0.00043
0
7.33333e-05
0.00133667
7.33333e-05
0.00190667
0.02342
0
0.04943
0
0.00397667
0
0.00107
0
0
0
0
0
0
0
0
0.0203433
0.0135033
0.00729
0.000873333
0
0
0.000146667
0.00114333
0.00978333
0.0181133
0
0.01901
0.0125733
0
0.000493333
0
0
0
0.00345333
0
0.000343333
0.00567333
0.0154667
0
0
0
0.00091
0.0233333
0
0
0
0
0
0
0
0
0
0
0.02734
0
0
0
0.000103333
0.000356667
0
0
0
0
0
0.000253333
0.0129533
0.000386667
0.000253333
0
0
0.14322
0
0.00811
0.0019
0
0
0.02463
0
0
0
0.00209667
0
0
0.02068
0
0
0
0.00492
0.0398767
0.0024
0.00256667
0
0
0
0
0
0.00012
0
0.03421
0
0.0783367
0
0.0005
0.00269333
0.0130133
0
0
0
0
0
0.00279
0.17137
9.33333e-05
0.0240267
0
0.44143
0.02415
0
0.000246667
0.000203333
0
8e-05
0.083
0.00051
6.33333e-05
0
0.00327333
0.0272033
0
0.000326667
0
0
0.0558533
0.00427333
0.416607
0.0333867
0.0133667
0.01245
0
0.0932567
0
0.00287333
0
0.0522833
0.000366667
0.000343333
0.00142
0
0
0.0889733
0.000153333
0.00573667
0
0.00654
0.00647667
0.0103267
0
0.0203233
0.04488
0.000156667
0
0.00166333
0
0.000106667
0.0013
0.00624667
0.00073
0.00514333
0.00677333
0
0.0465867
0.00316333
0.251323
0.00873
0.558127
0.00116
0.06317
0.00326333
0.000796667
0.0282933
0.0701233
0
0.0534233
0.00675667
0.0209467
0.01511
0
0.00013
0
0
0.00111
0
0
0.013
0
0
0
0.00197333
0.00186667
0
0.00320333
0
0
0
0.02158
0.00267667
0.000156667
0
0.02271
0
0.00218333
0
0
0.0470267
0
0
0
0.04903
0.06855
0.0115633
0.000143333
0.00128667
0
0.00174
0.148087
0.260463
0.0447033
0.04057
0.00300333
0
0.000146667
0.00474
0.000726667
0
0.00748667
0.04099
0.000456667
0.0167167
0.02103
0
0.03452
0.00616333
0.0073
0.01097
0.0312967
0.0547833
0.0003
0
0.00462667
0.000746667
0
0.00208667
0.0005
6e-05
0.0291033
0
0.13882
0.00619333
0.000526667
0.000123333
0
0.120403
0
0.132297
0.000283333
0.000916667
0
0.000706667
0
0.000353333
0.02515
0.00831333
0
0
0.341433
0.0173433
0.0976867
0
0
0.000456667
0.00135333
0.0399667
0.0136233
0
0.000173333
0.000533333
0.0136067
0
0
0
0.000993333
0
0.0686467
0.00878
0
0
6e-05
0.00406667
0.00558
0.00225
0.0154167
0
0.000433333
0
0.0212833
0.00335
0
0
0.0603667
0.00411
0.0221733
0.00524333
0.000436667
0.00645
0
0.00522
0
0
0
0.04709
0
0.0238833
0.000486667
0
0
0
0.00824667
0
0.03304
0.03219
0
0.00107333
0.00988667
0.0351233
0.356143
0.60388
0
9e-05
0.00105
0
6.33333e-05
0
0
0.00449333
0
0
0
0
0.00476333
0
0
6e-05
0
0
0
0.00149667
0
0.0102833
0
0
0
0
0
0
0
0.0103067
0
0
0
0
0
0.0109767
0.000166667
0
0
0
0
0
0
0
0.00469667
0
0
0.00364
0.01379
0.000363333
0
0
0.0227
0.00763667
0
0
0
0
0
0
0
0
0.000436667
0
0.00811333
0
0
0
0
0
0
0.0433367
0.0311133
0
0
0
0.00125333
0
0
0
0
0
0.00223667
0
0.04046
0
0
0.000393333
0.0110733
0
0
0.0131633
0
0
0.00782
0.00521
0.00055
0
0
0
0.00266667
0
0
0.000133333
0
0.000236667
0.00602667
0.0168867
0
0
0.456357
0
0.01937
0
0
0.00187667
0
0
0.0294733
0
0.00100333
0.00201667
0.00772667
0
0
0
0
0.00934333
0.00018
0.00782333
0
0.00315333
0
0.00508
0
0
0.000203333
0.000586667
0
0
0
0.0174733
0
0.14259
0.00190333
0
0.02227
0
0
0
0
9.66667e-05
0.00248667
0.00315
0
0
0
0
0.0129067
0.00432
0.000136667
0
0
0.01273
0.01544
0
0
0.00382
0.00173667
0
0
0
0
0
0.0101867
0
0.000923333
0.000336667
0.0131933
0
0.00779
0
0
0
0
0
0.00011
0
0
0.00034
0
0
0
9.66667e-05
0
0.00052
8.66667e-05
0
0
0
0
0.00367333
0
0
0.00261
0.00460667
0.0118867
0.000296667
0.000293333
0.00888
0.00366333
0
0
0
0
7e-05
0.01676
0
0.000746667
0.000333333
0
0
0
0
0
0
0
0
0.00377667
0
0.00361667
0.00374667
0
0.000316667
0.0289033
0
0
0
0
0
0
0.00026
0
0
0
0.00409667
0
0.000146667
0
0
0
0.02869
0
0
6.33333e-05
0
0
0
0
0.00394333
0.000693333
0
0.00145667
0
0
0
0
0.00365667
0
0.00155
0
0
0.00980333
0
0
0
0.0164733
0
0
0
0
0
0
0.00344333
0
0
0.0001
0
0.00196667
0
0
0
0
0
0
0.01701
0
0.000356667
0
0
0.19552
0.0176767
0
0
0
0
0
0.00194
0.01845
0.00551333
0.00266667
0.00028
0
0.000116667
0
0
0
0
0.00106
0
7.33333e-05
0
0
0.00615333
0
0
0.0254467
0
0
0
0
0
0
0.00206667
0
0
0
0.0074
0
0
0
0
0
0.000253333
0
0.00056
0.00793667
0
0
0
0
0
0
0
0
0
0
0
0
0.00663333
0
0
0.000103333
0.159773
0
0
0
0
0
0
0.00903
0
0.48786
0
0.00506333
0.0283833
0
0
0
0
0
0.00135333
0
0
0
0
0.0788267
0
0
0.00026
0
0.0460833
0
0.14969
0.00193
0
0
0
0
0
0
0
0
0
0
0
0
0.0213167
0
0
0.000293333
0.000443333
0
0.01843
0
0.0198833
0
0
0
0
0.00453333
0
0.00404333
0
0
0
0
0.0301167
0.00788333
0
0
0
0.0220267
0
0.00187333
0
0.00417333
0
0
0.00027
0
0.254753
0.00536333
0.0135633
0
0.0145133
0.00179333
0
0
0
0
0.00173667
8e-05
0
0.000923333
0
0
0
0.00992333
0
0
0.000733333
0
0.0001
0.0197633
0.00505667
0
0
0.000773333
0.000456667
0.07429
0.02945
0.00148333
0
0
0
0
0
0
0
0.0222067
0
0
0.00546333
0
0.000366667
0.0250833
0.00025
0.000203333
0.00100667
0
0
0
0.00667333
0.00291667
0
0.00276
0
0
0.000556667
0
0.00739667
0
0
0
0
0.00784667
0
0.0161967
0.00762
0.00951333
0.02093
0.00275
0.0001
0.00274667
0
0
0
0
0.00427333
0.000736667
0
0.00160667
0
0
0.00336
0.00594333
0.0289333
0
6e-05
0.00103333
0
0
0.0308867
0.20871
0.02476
0
0.00793
0
0
0.01795
0
0
0
0.00112333
0.00539333
0.00149667
0.00013
0
0
0.00081
0
0
0.000186667
0
0
0
0
0
0
0
0
0
0.0178667
0
0
0
0
0
0
0
0
0
0
0
0
0
0
0.123057
0
0
0.000996667
0
0.0463333
0.0169567
0.00026
0
0.00223
0.100193
0.00105
0.0118667
0
0
0
0
0
0.0334467
0.0219033
0
0
0
0
0
0
0
0
0
0
0
0
0
0
0
0
0.00447333
0
0
0
0
0
0
0.0195767
0.000316667
0.00518667
0.04426
0.02225
0
0
0.00589
0
0
0.0204733
0
0
0.0243833
0.04172
0.03047
0
0.02362
0
0
0
0
0
0.0241
0.000253333
0
0
0
0
0
0.00118
0
0.00014
0.000253333
0
0
0
0.08477
0
0
0.00180667
0
0
0.00153333
0.00505333
0.00115667
0
0
0
0.0166467
0.00183667
0.00545333
0.0411133
0
0
0
0.000666667
0
0.0397733
0
0.02894
0.0235567
0.00953667
0
0
0
0.0206733
0.00383667
0
0
0.0149433
0.000586667
0
0.293217
0.00188333
0
0.000376667
0
0
0
0
0
0
0.0209933
0.0513333
0.00702
0.0149267
0
6.66667e-05
0
0
0
0
0
0.00234667
0
0
8e-05
0
0
0
0
0
0
0.000153333
0
0
0.00036
0
0
0
0.00483667
0.0120533
0
0
0
0
0
0.00028
0
0.000266667
0
0.00083
0.0125367
0.00554
0.00066
0
0
0
0.130773
0
0.00114333
0
0.00195667
0
0
0
0.000476667
0.00159333
0
0
0
0.00136333
0.00748333
0
0
0.00154333
0.00671333
0
7.33333e-05
0
0.00747
0
0
0
0
0
0.02022
0
0
0.00134
0
0
0
0
0
0
0
0.000323333
0.00438333
0
0
8.33333e-05
7.66667e-05
0.02267
0
0.000103333
0.00764
0
0
0
0
0.00862333
0
0
6e-05
0
0.00245
0
0
0.000333333
0
0
0.00511
0
0
0
0
0.00731333
0
0
0.01236
0
0
0
0.0429167
0
0.000546667
0.00015
0.00187333
0.00314
0.00930333
0.00676
0.00516333
0.0215667
0.000103333
0
0
0.00669667
0
0.00706667
0.00192
0
0.00646333
0
0.00505667
0.00550333
0
0
0.000333333
0.00963333
0.0262167
0
0
0
0.00606667
0
0.000733333
0
0
0.00053
0
0
0
0
0.0006
0
0
0
0
0
0.00695
0.00844667
0.00693667
0
0
0
0
0
0
0
0
0
0.000333333
0.07513
0
0
0
0
0.00035
0
0.0136633
0.00497667
0
0
0
0
0
0
0
0.0208267
0
0
6e-05
0
0.14246
0
0
0.00667333
0.01987
0.0152233
0.00675667
0
0.00178
0.00953333
0.00225
0
0
0
0
0
0
0
0
0
0.0167733
0
0
0
0.275813
0
0
0
0
0.000783333
0.00522667
0.0218333
0
0.00206
0.00318333
0.0176367
0.00411667
0
0
0.00195333
0
0.0114467
0
0.0110033
0.04278
0
0
0
0
0
0
0
0.01315
0.0455833
0.000236667
0
0.0218
0
0
0.01295
0
0
0
0
0
0.00151
0
0.0014
0.0143633
0
0.00309333
0
0
0.00316667
0
0
0
0
0
0
0
0
0
0
0.00765333
0
0
0
0.000273333
0
0.0303433
0
0.0143967
0
0.0314333
0.00579
0.0297433
0.0189433
0.00294667
0
0.000876667
0
0
0
0
0
0
0.02115
0
0.01032
0.0231367
0
0.00437
0
0
0
0
0
0
0
0
0.00163
0.00208333
0
0
0
0.00439667
0.00206
0
9.66667e-05
0.00200333
0
0
0.00451333
0
0
0
0
0
0
0
6.33333e-05
0.00255333
0.0365167
0
0
0.00150667
0.00764
0.03046
0.00059
0.00146667
0
0
0
0.0201467
0
0
0
0
0
0
0
0
0
0.00459667
0.00371667
0.00927333
0
0
0
0
0
0.00982
0.00809333
0.000106667
0
0
0
0
0
0.1136
0
0.10169
0.0344667
0
0.00379333
0.00508667
0.09436
8.33333e-05
0.01931
0.00639
0.0101733
0
0
0.00085
0.0109533
0.00383
0
0
0
0.000343333
0
0
0.00017
0.00128
0.00630667
0.00538
0
0
0
0
0
0.0981833
0
0.0354267
0.01405
0
0.0201833
0
0.05239
0.0260733
0.02513
0.0132333
0.00976667
0
0.0545667
0.000486667
0
0.02232
0
0.0673567
0.11028
0
0.0319467
0.00120667
0
0.00089
0
0
0.0155333
0.0239933
0.0307333
0.00120667
0.000233333
0.01126
0.00388333
0.000283333
0.0180633
0.00709333
0
0.000403333
0.00271667
0.00095
0.00636
0
0.01225
0.00510333
0.00638333
0.00248333
0.06864
0.0106133
0
0.00484667
0.000946667
0.00164667
0
0.00659
0.0339833
0.0195733
0
0.02995
0.03435
0.00106667
0.00456667
0.00212333
6.33333e-05
0.00261333
0.0253267
0
0
0.000316667
0
0.00652333
0
0.00433333
0.00381
0
0.0188767
0.00905
0.0242233
0
0
0
0.000383333
0.00356667
0
0.0421067
0.0259033
0
0
0
0
0
0.00449333
0
0.0153233
0.00291
0.00167
7e-05
0.0001
0.00167
0.00136333
0.00158
0
0
0
0
0.0005
0.0150033
0
0
0.0201233
0.00813667
0
0.00017
0.0200633
0.0308
0.0003
0.000283333
0.00127667
0.0013
0
0.00099
0.01706
0.00016
0
0.00126333
0
0.00108
9.66667e-05
0.00945
0
0
0.000756667
6.33333e-05
0.409807
0.000123333
0
0.0649967
0.00191667
0.01927
0.50127
0.00636
0.00110333
0
0
0
0.00532
0.01127
0.00583667
0.000626667
0.00037
0.00813667
0.0138867
0.19572
0.00441
0
0.0108367
0
0.00011
0
0.00234667
0
0.264977
0
0.00890333
0.00017
0
0
0.00195
0.0302567
0.000506667
0
0
0
0
0
0
0
0
0
0
0.0141267
0.000836667
0.1451
0
0.02938
0
0.04031
0.0130067
0.0035
0.0882267
0
0.03852
0.0071
0.000256667
0.00538667
0
0.0424133
0.000346667
0.00845
0
0.0171567
0.00032
0.002
0
0.00301
0.000963333
0.000423333
0.00222
7e-05
0.00437333
0
0
0.000946667
0
0.04425
0
6.33333e-05
0.00127
0.00151333
0
0
0
0.00011
0
0.02875
0
0
0
0
0
0.0107167
0
7.33333e-05
0.09752
0.00446333
0
0.000273333
0.000386667
0
0
0
0.00015
0.02869
0
0
0
0.000283333
0
0.00638
0
0.00336333
0
0.0235167
0
0
0
6e-05
0.180283
0
0.00178333
0
0
0
0
0
0.00255
0
0.000516667
0
0
0
0.0153633
0
0
0.00215667
0
0.000903333
0
0
0
0
0.00011
0.0285967
0
0
0.00405
0
0
0
0
0
0
0
0
0
0
0
0
0
0
0
0.01122
0
0.00150333
0.00924
0
0.000983333
0
0
0
0
0.0112267
0
0
0
0.000573333
0.00281667
0
0.00309667
0.00156
0
0.01757
0
0
0.000133333
0
0
0
0
0
0.0132933
0.00349
0
0
0.00148333
0.37651
0
0
0
0
0
0
0.000226667
0.00850333
0.00071
0
0
0
0
0.000626667
0
0
0.000366667
0
0
0
0
0
0
0
0.0324733
0
0
0.00032
0
0
0
0
0.00446
0.0181933
0
0
0.01147
0
0
0.00719333
0.0243
0
0.00014
0
0
0
6.66667e-05
0
0
0
0.000853333
0
0.00083
0
0
0.00196667
0.00863667
0.03745
0
0
9e-05
0.00352667
0
0
0
0.000433333
0.0113567
0
0.0114267
0.00174667
0
0.00119667
0.000423333
0
0
0
0
0
0
0.00764667
0
0.00539667
0
0
0
0.000103333
0
0
0.00249
0.00616
0
0
0
0
0.0188833
0.01843
0
0
0
0
0
0
0
0
0
0
0.000396667
0
0.0004
0.00131667
0.00559
0.00013
0
0
0.00702333
0
0
0
0
0
0
0
0
0
0.00790333
0.0300933
0
0
0
0
0.00932
0.00111333
0
0
0
0
0
0
0
0.0143
0
0
0
0
0
0
0
0.00378667
0.000203333
0.0205567
0.0313133
0
0
0
0
0.00408333
0
0
0.00949667
0
0
0
0
0
0
0.0014
0
0
0
0.00547
0
0.00698667
0
0
0
0
0
0.00330333
0
0.000136667
0.00408
0.101653
0.00125667
0.00125667
0
0
0
0
0
0
0.03251
0.00278
0
0
0.0192167
0.0001
0.01314
0
0
0.00275333
0
0
0
0
9e-05
0
0.0143567
0
0
0
0
0.00256667
0
0.00118667
0.000876667
0
0.00736667
0.00103
0
0.000883333
0.000203333
0.00671333
0
0.0191867
0
0
0.000273333
0.000923333
0.00132667
0
0
0.0111
0.000453333
0.00947667
0
0
0.0264167
0
0.407947
0.00751
0.18391
0.00156667
0.0329
0
0.01263
0.00749667
0
0
0
0
0.0077
0
0
0
0.00031
0
7.33333e-05
0.000233333
0.0179933
0.000196667
0
0
0
0
0
0.00782333
0
0.00484
0.000233333
0.00218
0.0183867
9.66667e-05
0.000956667
0
0.01795
0
0.0129733
0
0.0216567
0.03311
0
0
0
0
0
0
0.00108667
0.00418
0
0.000786667
0.00225333
0
0
0.00367333
0.00116667
0
0.00869333
0
0
0.01579
0.00819
0
0.0146867
0.00133333
0.0179233
0
0
0
0
0.00417667
0.00751667
0.00012
0
0.0198333
0
0
0
0.00985
0.00836667
0
6.33333e-05
0.0863167
0.01748
0.00716667
0.01236
0.00267667
0.000443333
0.00251
0
0.000826667
0
6.33333e-05
0
0
0
0
0.00026
0.02338
0.01019
0.000103333
0
0
0
0
0
0
0
0
0
0
0
0.0576367
0
0
0
0.00255
0
0
0
0
0
7e-05
0.08654
0.000243333
0
0
0.000206667
0
0
0
0
0
0
0
0
0
0
0
0
0
0
0.000943333
0
0
0.00054
0.04603
0
0
0
0
0
0
0
0
0
0
0.0069
0.02802
0
0
0.000206667
0.0216
0
0.0209233
0
0
0
0
0
0
0
0
0
0
0
0
0
0.000826667
0
0
0
0
0
0
0
0
0
0.00986333
0.00360333
0.00108667
0
0
0
0
0
0
0
0.000206667
0
0
0
0.00013
0.00013
0.00630333
0
0
0
0
0
0
0
0.00486333
0.0731533
0.04034
0
0
0.00150333
0.000123333
0
0.00115667
0
0
0
0
0
0
0
0
0
0
0
0.000143333
0.00522333
0
0
0
0
0.0262733
0
0
0.00758
0.000436667
0
0.00544
0.627797
0.0003
0.00021
0
0.000306667
0
0.000976667
0.0170167
6.66667e-05
0
0
0
0.00765667
0
0.00166333
0
0
0
0
0
0
0
0
0
0.000273333
0
0
0
0
0
0
0
0
0
0
0
0.000776667
0.0265633
0
0.04911
6.66667e-05
0
0
0
0
0
0
0.00092
0.00136
0.01067
0
0
0.00015
0
0.0171033
0
0
0
0
0
0
0
0.00245
0.02168
0.0257467
0
0.00449333
0.00086
0.00278333
0
0.000986667
0.0129167
0.00291667
0
0
0
0
0
0
0
0.38206
0.00907
0.02514
0
0
0
0
0
0
0
0
0.0107133
0
0
0
0
0.0154033
0.00605667
0
0
0
0
0.00036
0
0
0
0
0
0
0.000566667
0.00342
0
0
6.33333e-05
0
0.02594
0
0
0
0
0
0
0.00134667
0
0.000646667
0.000276667
6.33333e-05
0
0
0.0484267
0
0
0
0
0.548507
0.00109333
0.2203
0.00445
0
0
0
0.000936667
6e-05
0.00344333
0.0174367
0.000163333
0
0
0
0.000366667
0.00650667
0.00499333
0
0
0
0
0
0
0.0202433
0
0.0214867
0
0
0
0
0.0592233
0.000616667
0
0.00465
0
0
0
0
0
0.00185667
0
0
0
0
0.000206667
0.00275
0
0.00335
0
0
0
0
0
0
0
0.00583667
0
0
0
0
0
0
0
0.00036
0
0
0
0
0
0
0
0
0
0
0
0
0
0
0.0376767
0
0
0.000213333
0
7.66667e-05
0
0.00019
0.04099
0
0.00573
0
0.0100567
0
0
0.00107
0.00571
0
0
0
0
0
0
0
0.372003
0.00328667
0
0
0
7e-05
0
9.33333e-05
0
0.0208867
0
0.0222733
0
0
0
0.00741333
0.0197867
0
0.04912
0
0.00370333
0
0
0
0
0
0
0
0
0
0
0
0.000393333
0
0
0
0.00811333
0
0
0.00206667
0.0132733
0.00521
0
0
0
0.02755
0
0
0.000736667
0
0
0
0
0
0
0
0.00112333
0
0
8.33333e-05
0.000483333
0
0.000336667
0
0.00292
0.00436
0
0
0
0.000443333
0
0
0.000593333
0
0
0.00878
0.01115
0
0
0
0.0207967
0.00411
0
0
0
0.00057
0.327977
0
0
0
0
0
0
0.00124667
0
0
0
0.0250967
0
0.00012
0
0
0.000496667
0
0
0
0
0.00294
0.0144867
0.0326767
0
0
0.000463333
0.00633667
0.0392367
0
0
0
0
0.0152733
0
0
0
0
0
0.19119
0.54839
0
0.00195333
0
0
0
0.000746667
0
0
0
0
0
0
0
0.00347667
0
0.00189333
0
0
0.000176667
0.00933333
0
0.02362
0
0
0
0.0006
0.0031
0.00028
0.000546667
0
0
0
0
0.00813
0
0
0
7.33333e-05
0.00063
0.00022
0
0
0
0
0
0
0.0232167
0.00349667
0.00564667
0
0
0.0135533
0
0.000863333
0.00223333
0
0
0
0
0
0
0
0
0.01116
0.00777667
0.00240333
0
0
0
0.00043
0
0
0
0.00404
0
0
0.00641667
0
0.000126667
0
0
0
0
0
0
0
6.33333e-05
0.000113333
0.000113333
0.00203
0
0
0
0
0.000803333
0
0
0.000293333
0.000293333
0
0
0
0
0
0
0
0
0
0
0
0
0.00365
0
0
0
0
0
0
0.000773333
0.000336667
0
0
0
0
0.0682267
0
0.00446
0
0.00012
0
0
0.00185
0
0.00454667
0.00475
0.00047
0.00159
0.03374
0
0
0.0171067
0
0.00923333
0
0
0
0
0
0
7e-05
0.02124
0
0
0
0
0
0
0
0
0
0
0.0107467
0
0
0
0
0
0
0
0
0
0
0
0
0.00014
0.0007
6e-05
0
0.00516
0
0
0
0
0
0.00521667
0.02905
0.0262433
0
0
0
0
0
0
0
0
0
0
0
0.0100467
0
0.00211667
0
0
0
0.000393333
0.00913667
0
0.00496333
0.06101
0.09045
6.66667e-05
0.0253533
0
0
0
0
0
0
0.00061
0
0
0
0
0
0
0
0
0
0
0
0
0
0
0
0
0
0
0.00104
0
0
0
0
0.0280833
0.0006
0
0
0.0127667
0.00084
0.00022
0
0
0
0
0
0.117707
0
0
0
0.01894
0.0225133
0.0014
0
0.00339333
0.0001
0
0
0
0.0339633
0
0
0.00149333
0.00304333
0
0.00395667
0.00819333
0.00169333
6e-05
0
0
0
0
0
0
0
0
0
0
0
0.00348333
0.00262667
0
0.000176667
0
0
0.000643333
0.0184933
0.00136667
0
0.000456667
0
0
0
0
0
0.0143467
0
0.160953
0
0
0.00027
0
0
0
0
0
0
0
0
0.00220667
0.00764333
0.00228667
0.00315
0
0
0.00134667
0
0
0.00566
0
0
0
0
0
0
0
0
0
0.0015
0
0
0
0
0
0
0
0
0
0
0.00027
0.455487
0.0390967
0
0
0
0
0.000126667
0
0.0190533
0
0
9.33333e-05
0.00213667
0
0
0
0
0
0
0
0
0.000366667
0
0.0208467
0.01714
0
0
0
0
0
0
0
0.00016
0
0
0
0
0
0
0
0
0
0
0
0.00029
9.33333e-05
0.00577667
9.33333e-05
0
0
0
0.0193067
0.000196667
0
0
0
0
0.124637
0
0
0
0
0
0.00132667
0
0
0.000186667
0
0
0
0.0212367
0
0.00683
0
0
0
0
0
0
0
0
0
0.0266467
0.130313
0.00430667
0.221913
0
0
0
0
0.00468333
0
0.182023
0.04311
0
0.00063
0
0
0
0
0
0.000126667
0.03779
0
0.0260467
0
0
0
0
0
0
0
0
0
0
0
0
0
0
0
0
0
0.000976667
0.000203333
0
0
0
0
0
9e-05
0.0188533
0.00497667
0.00486
0
0
0
0.00747
0
0
0
0.0631133
0
0
0
0
0
0
0
0
0
0.0136333
0
0
0
0.0100833
0
0.0208733
0
0.000186667
0
0
0
0
0
0
0
0.0189433
0
0
0
0.00014
0.000133333
0
0.000186667
0
0
0
0.0108333
0.000186667
0.000386667
0
0
0
0
0
0
0
0
0
0
0
0
0
0
0.0102833
0
0
0.00118667
0.000356667
0
0
0
0
0.00398333
0
0
0
0
0.308933
0.00846333
0.0211733
0
0
0.000313333
0
0.00026
0.0121033
0.00687667
0
0
0
0
0
0
0
0
0
0
0
0
0
0
0
0
0
0
0
0
0
0
0
0.0431567
0.0105767
0
0.00329333
0
0
0
0
0
0
0
0
0
0
0
0
0
0
0
0.000733333
0
0
0
0
0
0
0
0
0
0
0.0047
0
0
0
0
0
0.00025
0
0
6.33333e-05
0.00129
0.0214333
0.0483067
0.000173333
0.00224333
0.00219667
0
9e-05
0.00440667
0
0.00114
0
0
0
0
0.00118667
0
0
0
0.00152667
0.00144667
6e-05
0
0.00280333
0
0
0
0
0
0.169123
0
0
0.00892667
0
0.0635533
0
0.00026
0
0.00024
0.01226
0
0
0
0
0
0
0
0.000416667
0
0.00943333
0.00022
0.0185233
0.01104
0
0
0
0
0
0
0
0
0.000556667
0.00134
0.00260667
0
0
0
0.0141533
0
0.00379667
0
0
0.0137433
0
0
0.00407667
0
0
0
0
0
0
0.000156667
0
0.00265333
0
0
0.0682667
0
0
0
0
9.33333e-05
0.000136667
0
0
0
0
0
0
0
0
0
0
0.000163333
0
0
0
0
0.00457333
0
0
0
0
0.0440467
0
0
0
0
0
0
0
0
0
0
0
0.00464
0
0
6e-05
0.00407
0
0
0
0
0
0
0
0
0
0
0
0.0034
0
0
7.66667e-05
0
0
0
0
0
0.023
0
0.00504333
0.00095
0
0
0
0.00584333
0
0.000696667
0
0
0
0.00067
0
0
0
0.0202667
0.00774667
0
0
0.00053
0
0
0
0.0071
0
0.000503333
0
0
0.00015
0.000193333
0.00790333
0.00785
0.00268333
0.0177633
0
0.00378
0
0
0
0
0.000203333
0.02516
0.00603
0
0.00874333
0.00722
0.00418667
0
0
0
0
0
0.00812
0
0
0
9.66667e-05
0
0
0.00181667
0
0
0
0
0.00235333
0
0
0
0
0.02062
0
0
0
0
0.00416
0.0690067
0
0.0135367
0
0.00432333
0.00834333
0.000133333
0
0
0
0
0
0.0008
0.000616667
0.00514333
0
0
0
0.00539333
0.0321133
0
0
0
0.00144
0.01296
0
0
0
0
0.02605
0
0.00113
0
0
0.00659
0.00480667
0.00176
0
0
0.000853333
0
0.01952
0.00788
0.0012
0
0
0
0.00149
0
0.00128667
0
0
0
0.000786667
0
0.00477333
7.66667e-05
0
0
0
0
0
0.00514
6.33333e-05
0
0
0
0.00011
0.000276667
0
0.000543333
0
0
0
0
0
0
0
0.00966667
9.66667e-05
0
0
0.00767667
0.00630667
6e-05
0
0
0
0.01158
0
0
0
0
0
0.00034
0.00483333
0
0.000133333
0
0
6e-05
0.000326667
0
0
0
0
0.00802
0
0.0434033
0
0
0.0414867
9e-05
0
0.0023
0.00357333
0.000386667
0
0.01709
0
0
6e-05
0.0017
0.0262067
0.000336667
0
0
0.00865
0.000443333
0
0
0
0
0
0
0
0
0.00419
0.0167033
0.000103333
0
0
0
0
0
0
0.00803
0.00359667
0
0
0
0
0
0
0
0.00220667
0
0.0172733
0.00138
0
0
0
0.02728
0
0.000193333
0.0242867
0
0
0
0
0.0114
0
0
0
0.00155667
0
0.0222733
0
0
0.0472267
0
0
0.00705333
0.000283333
0.0125967
0
0
0
0
0.00064
0.00985333
0.01549
0.00592667
0
0.0222567
0
0.00159667
0
0.0238067
0.00598333
0.000173333
0
0
0
0.40903
0.0207267
0.00344667
0
0.0140867
0
7e-05
0
0.00479667
0.00294
0
0.01087
6.66667e-05
0.00197
0
0
0.00353333
0.0529933
8e-05
0
0
0
0
0
0
0.0281933
0
0
0.00227667
0
0
0
0
0
0
0
0.06269
0
0
0.00966
0.00198333
0
0
0
0
0.136407
0.01429
0.02257
0
0
0
0.0117533
0
0
0
0
0
0
0
0
0
0
0
0
0
0
0
0
0
0
0
0
0
0
0
0
0
0.00903333
0
0.0004
0.00204333
0.0108033
0
0.09851
0
0
0
0
0.000123333
0
0
0
0
0
0
0
0
0
0
0
0
0
0.00299667
0
0
0
0
0
0
0
0
0
0
0
0.0201633
0
0
0.00644
0
8.66667e-05
0
0
0.0237467
0
0.000153333
0
0
0
0
0.000153333
0
0
0
0
0
0
0.0162633
0
0.0272733
0.00085
0.0239367
0.00807333
0.142033
0
0.00099
0
0
0
0
0
0
0
0
0
0.00172333
0
0
0.000286667
0.00674
0
0.00011
0
0
0.430003
0.00263333
0.000263333
0.0115167
0
0
0.00386333
0.00322333
0
0.0372633
0.0299967
0.00263333
0
0
0
0
0
0
0
0.01373
0.206043
0.06306
0
0
0.00356667
0.0774133
0.00251
0.01373
0
6.33333e-05
0
0
0
0.18271
0
0.00502333
0
0
0.00029
0.000233333
0.00193333
0
0.00029
0
0.00690333
0
0.0270867
0
0
0.08012
0.00512333
0
0
0
0
0.0109367
0.00219
0.0277567
0.0152467
0.0175833
0.0724033
0.00130333
0.0202633
0.0213567
0
0
0.0004
0.00680333
0
0.00045
0
0
0
0
0
0
0.00015
0
0
0.404927
0.000536667
0.00015
0.00132
0.00211333
0.0163133
0.0230133
0.02534
0.0498833
0.0133167
0
0
0
0.02317
0.02619
0.00465667
0
0.0159067
0.0335233
0.00460667
0.00189333
0.0173467
0.000146667
0.01859
0.000106667
0.0537133
0.531623
0
0.00765667
0.00752667
0
0.00603
0
0
6.33333e-05
0.00222333
0
0.00210333
0
0
0
0
0.0153567
0.00627
0.00077
0.04814
0
0
0
0
0
0
0
0
0.0204567
0
0
0.118207
0.000133333
0
0.00121
0.00951
0
0.00106667
0
0
0.0352967
0.413587
9.33333e-05
0
0.0138733
0
0.0186167
0
6e-05
0.0922
0
0
0
0
0
0
0.00043
0
0.00012
0.0168433
0
0
0.00875
0
0.0289967
0
0.0136267
0
0
0
0.0152067
0.00293333
0
6.33333e-05
0
0
0.01053
0.0201633
0.0191867
0.0195233
8.33333e-05
0.00351667
0
0.0286233
0
0
0
0.00208667
0.00471
0.00727667
0.000463333
0.00282
0
0
0.00248
0.000406667
0
0.000583333
0.00143333
0.00032
0.0101033
0.00716667
0.000326667
0.00151667
0
0
0.00201667
0.000406667
0.01601
0.000293333
0.02699
0.0163633
0
0.00610667
0
0
0
7e-05
0
0.00799667
0.489887
0
0
0
6.33333e-05
0
0.0327333
0
0.00026
0.00702667
0
0
0.00685667
0
0
0.0005
0.0156267
0
0
0
0
0
9.33333e-05
0
0.00103
0.00144
0
0.00579333
0.00316667
0
0
0
0
0.00967
0.00772667
6.33333e-05
0.00488
0
0
0
0
0
0
0.000213333
6.33333e-05
0
0.000733333
0.00551
0.00355
0
0.000333333
0
0
0.00122333
0
0.00343
0
0
0.000663333
0
0.000613333
0.00281333
0.000163333
0
0
0.00252333
8.33333e-05
0
0.0580367
8e-05
0
0
0.04923
0
0.00562333
0.0202967
0.0304767
0
0.000686667
0.0402033
0.0193333
0.00015
0.00292667
0
0.000446667
0.00388
0
0.000153333
0
0
0.00118
0.0002
0.02573
0.00421
0.0104033
0
0.00180333
0
0
0.244327
0
0
0
0
0.00692333
0.000406667
0
0
0.00117
0
0.00046
0
0.00124667
0.02526
0
0.0002
0.0392367
0
0.00446333
0.0111333
0
0.00226667
0.0169933
0.00788667
0
0.0587967
0
0.000153333
0.00773
0
0.00515
0.0143233
0
0
0
0.000396667
0
0.00293333
0
0.0395767
0.0251567
0.00197
0
0.00169
0.00855667
0.0109333
0
0.0145767
0.17155
0.00677333
0.00241
0
0
0
0
0.00034
0.000983333
0.000106667
0.000256667
0
0.00207667
0
0.00979
0.00976667
0.00270667
0
0
0.02511
0.11215
0.00827333
0.00556667
0
6.33333e-05
0
0
0.00388333
0.00103
0
0.000216667
0.00827
0
0
0.00241
0
0
0
0
0
0
0
0.00766667
0
0
0
0.395993
0.00684
9e-05
0.0001
0
0
0
0.0231833
0.000233333
0.00211333
0.01929
0.0175267
0.0422933
0
0
0.08565
0
0
0.00110333
0
0.0604667
0.0219433
0.01343
0.0001
0.00256333
0.0144533
0.0209533
0.00297
0.0209467
0.00401
0.00429
0.00826
0
0
0
0.00159333
0.00093
0.447647
0
0
0
0
0.0508033
0.00198333
0.46381
0.0001
0
0.0287167
0.00548333
0
0.000233333
0.00294667
0.00259
0
0.00292667
0.00735667
0.0118767
0.00373
0.02407
0
0.00129667
0.00841
0.00677667
0.0275067
0.00154
0.00175667
0.01488
0.01771
0.000286667
0.00247
0.0127
0.02215
0.000233333
0.0169167
0.02349
0
0.000106667
0.00602
0.01623
0.00597333
0.00324667
0
0.00462333
0.000726667
0.00428333
0.00844
0.00782333
0.00864667
0.00243667
0.000166667
0.00431667
0.0246433
0.0286767
0.00363333
0
0.0852567
0.0194067
0
0.0016
0.0135033
0.382957
0.00102333
0.0107033
0.00016
0.0890767
0.161603
0
0.0189167
0.03564
0.00298667
0
0.0335767
0.0111533
0.01301
0
0.0123033
0.0318833
0
0.01131
0.00928667
6.33333e-05
0.00032
0.00467
0.00658333
0.00420333
0.0449933
0.00931
0.01073
0.000593333
0.00998667
0.00530667
0.0223533
0.00549667
0.0145133
0.000283333
0
0.000906667
0
0.0004
0.06084
0.0119
0
0
0.0689167
0.00856333
0.000563333
0.000523333
0.00470667
0.00081
0
0
0.00027
0.01973
0.000246667
0.000893333
0.0226567
0.01253
0.000896667
0.00930667
0
0
6e-05
0.00396333
0.00520333
0
0.00197
0.00032
0.000256667
0
0.0324
0
0
0
0
8.66667e-05
0.000433333
0.00712
0
0.03935
0.00513
0
0
0
0
7e-05
0.00927
0
0.000253333
0.000203333
0.00026
0
0.00535667
0
0
0
0
0.00203
0
0
0
0.197683
0.00347
0.0586633
0
0
0.00076
0
0
0
0.00170333
0.0274967
0.00874667
0
8.66667e-05
0
0.00177667
0
0
0.0039
0.00109667
0.000836667
0
0.00135333
0
0.000403333
0.04867
0
0.00424333
0.0001
0.00170333
0.000153333
0.00124
0
0.00733667
0.000233333
0.0966267
0.00548333
0.00498667
0.0119467
0.00224
0.00313667
0.0017
0.00096
0.00946
0.00617
0.00661
0.00307
0.13577
0
0.0154667
0.02753
0.000376667
0
0.04474
0
0.00629667
0.00916667
0.0302467
0
0.0182133
0.00273
0.0529567
0.00928333
0.00718
0.00374
0.0229633
0.0215833
0.00146667
0
0.000703333
0.0206767
0.0577967
0.00376667
0.000576667
0.000246667
0
0.00508
0
0.00171333
0
0.0142367
0
0.00496667
0.0140033
0
0
0
0
0.02717
0
0
0.000726667
6e-05
0.00164333
0.0500033
0
0
0.0156067
0.0553733
0.0041
0.0640133
0.00679333
0.0302167
0.01501
0.000456667
0.000126667
0.00011
0.0105167
0.000583333
0.0109767
0.0166533
0
0
0.0145633
0.02016
0.00775
0.01366
0
0.10413
0.0309533
0.00744667
0.00705667
0.0205733
0.00877667
0.0232067
0.02401
0.00290333
0.00446
0
0.03412
0.0004
0.00499333
0.00517
0.0103067
0
0.0342167
0.00615
0.00594667
0.00116333
0.0102533
0.00064
0.000686667
0
0.000566667
0
0
0.04149
0
0.00027
0.0038
0.0179233
0.00346
0.0136767
0.02786
0.00478667
0.0192133
0.07086
0.000176667
0.0159933
0.00370333
0.00025
0.0117133
0
0.00084
0.0146767
0
0.0014
0.01781
0
0.0766233
0
0
0
0.00294333
0
0.0149633
0.0108
0.00613
0
0.00174
0.110447
0.0045
0.01612
0.0929167
0.00163
0.00454
0.000836667
0
0.01874
0.0171333
0.00435333
0.00178667
0.000226667
0.0968733
0
0.00581333
0
6.33333e-05
0
0.438817
0
0.00466
0
0
6.33333e-05
0
0.00137667
0
0.000283333
0
0
0.00620667
0
0.000803333
0
0.00025
0.00062
0.00084
0.00318333
0.00741667
0.00138333
0
0
0
0.185117
0
0.0104833
0.01842
0.0122
0
0.0439733
0.0004
0.0516033
0.00784
0
0.00115667
0
0.02882
0.000506667
0.000426667
0.00057
0.0709633
0
0.0115833
0
0.00263
0.00571667
0
0.00513333
0
0.0886
0
9.66667e-05
0.0382133
0.00947667
0
0.0155733
0
0
0.000376667
0
0.0604133
9.66667e-05
0.0830533
0
0.000256667
0
0.09126
0.222867
0.0044
0.00248
0.00429667
0
0
0.0404433
0.00108
0
0.00584333
0.000516667
0.000533333
0.00029
0
0.00471333
0
0.0238933
0.000173333
0
0.0566967
0.000223333
0.0305133
0.06378
0
0.0346433
0.000223333
0.00287
0.0311333
0.00151333
0.000706667
0.175327
0.00217
8.66667e-05
0.002
0.00873667
0.0127967
0
0
0.00995
0
0.0668333
7e-05
0.13334
0
0.00293333
0
0.00622667
0.0472667
0.00098
0.0590733
0
0.0943067
0.0363
0.000426667
0.0640867
0.00108
0
0.00186667
0.471517
0
0.543273
0.00121
0.000426667
0.00304
0
0.00011
0.0473033
0.0857967
0
0.00016
0.0218167
0
0.0104767
0.03081
0
0
0
0.00387333
0
0.454833
0
0.00350667
0
0.000123333
0
0.0239767
0
0.00643
0.00756333
0.00306667
0.00392667
0.000283333
8.66667e-05
0.413307
0.0310167
0.00474
0.00619
0.0206367
0.0342867
0.400463
0.00541333
0.00097
0.01297
0.01855
0.0104433
0.00556667
0.0197933
0.00736
0.00639333
0
0.00012
0.00535333
0.198303
0.02554
0.00449667
0.00989
0
0
0
0.0141133
0
0.00198333
0.000583333
0.00024
0.000233333
0
0.00328
0.02394
0
0
0.0146733
0.04328
0.00781
0.000543333
9e-05
0.00368
0.018
0.0316633
0.0256933
0.00246333
0.00694
0.000203333
0
0.0285733
0.00627333
0.0180267
0.00292333
0.000233333
0.000203333
0.000313333
0.000156667
0.0620133
0.00465
0.390503
0
0
0
0.0236567
0.0104733
0.00806
0
0
0
0
0
0.000166667
0.108523
0
0.0266867
0.03083
0.00821
0
0
0.0294033
0
0
0.000323333
0.0274767
0.00804667
0
0
0.00507667
0.0136567
0.00114333
0.0174633
0.00025
0
0.0241767
0
0
0
0
0.02042
0
0
0.0458033
0.000456667
0
0
0
0.00488
0
0.0160633
0
0.00951333
0
0.00531667
0
0.00255667
0
0.00655
0
0.00159
0.01819
0
0
0.02114
0
0.000546667
0
0
0
0.000243333
0.000626667
0.00156667
0
0.04
0
6e-05
0
0
0.16437
0
0
0
0
0
0.188103
0.02004
0.00284
0
0
0
0
0
0.00284667
0
0.0193367
0
0
0
0.00514667
0.01234
0.00027
0
0
0
0
0.0003
0
0
0
0
0.000936667
0
0.29624
0
0
0
8.66667e-05
0.000123333
0.000136667
0.0277233
0
0
0
0
0
0
0
0
0.00149333
0
0
0
0
0
0
0
0
7e-05
0
0.01628
0
0.00230333
0
0
0
0
0
0
0
0.0839533
0.01065
0
0.00794667
0
0
0
0
0
0
0.0130667
0
0.00131333
9e-05
0
0
0
0
0.0648833
0
0
0.00019
0.0250567
0
0
0
0
0.01458
0.0129567
0
0
0
0.01876
0
0
0
0
0
0.01694
0
0.00255667
0
0
0
0
0
0.000913333
0
0
0
0
0
0.000266667
0
0
0
0
0.0183633
0.394703
0
0.00293
0.00053
0
0
0.0203967
0.000366667
0.01242
0
0.00114333
0
0.00787333
0
0
0
0.0484367
0
0
0
0
0.00514
0
0
0
0
0
0.00198667
0
0
0.00153
0.00770667
0.0121167
0
0
0.0371967
0
0
0.000493333
0.00707667
0.00606667
0.00348
0
0.00660333
0
0
0.0002
0.00190333
0.00358667
0
0
0
0.00217333
0.0225933
0
0.198853
0
0
0.00895333
0.000193333
0.01641
0
0.00024
0
0
0.383897
0
0.00140333
0.0106767
0
0.00952667
0
0.0181067
0
0
0
0
0.180763
0.000823333
0
0
0
0
0
0
0
0
0
0
0
0
0.000286667
0.0102133
0.00337333
0.00235333
0
0.45281
0
0.0138767
9.66667e-05
0
0
0
0
0.0394867
0.00223333
0.00372333
0.331517
0
0
0.00532667
0
0.000133333
0.0192567
0
0
0
0
0
0
0.000136667
0
0
0.0195
0.18118
0.18685
0.000133333
0
0
0.0461967
0
0
0
0.00967333
0
0
0
0
0.00097
0.0249467
6e-05
0
0.167297
0.00262667
0.00411
0.000156667
0.05104
0.00241
0
0
0
0
0.0256333
0.000453333
0
0
0
0
0
0
0.00229667
0
0
0
0.00196
0.00206333
0
0.0244833
0.00539333
0
0
0
0.000143333
0
8.66667e-05
0
0
0
0.275583
0.00783333
0
0
0
0
0
0.00288667
0.2765
0.0192033
0.00137
0
0
0.000593333
0.000143333
0
0
0.00763667
0
0
0
0.0471633
0.00189333
0
0
0
0.00178333
0
0.00858
0.0228867
0
0
0
0
7e-05
0
0
0
0
0
0
0.000126667
0
0
0
0.0353267
0
0
0
0
0.02191
0.04205
0
0
0
0
0
0.00011
0
0
0
0
0.0065
0
0.0101
0.0698367
0
0
0
0
0
0
0.00517
0
7.66667e-05
0.00462333
0
0
0.00328333
6.66667e-05
0
0
0.0259533
0
0.00122333
0.04584
0
0
0.0182333
0.000443333
0.0222067
0
0.00159
0
0
0.00018
0
0
0
0.000516667
0
0.00816333
0
0
0
0
0.000526667
0.0100933
0
0.000156667
0
0.0214567
0
0
0
0.00281667
0.00015
0.0197767
0
0
0
0
0
0
0
0.00156667
0
0.0216567
0
0.00737333
0
0
0
6.66667e-05
0
0
0
0
0
0
0
0
0.0249433
0.00149333
0
0
0
0
0.00397333
0
0
0
0
0.0148133
0.02107
0
0
0
0
0
0
0
0
0.00052
0
0
0
0.019
0
0.00154667
0
0
0
0
8.66667e-05
0.00594
0.000293333
0
0
0
0.00141
0
0.00104667
0
0.00105333
0
0.000136667
0.00160333
0
0
0
0
0
0
0
0
0
0.00799333
0
6.66667e-05
0.0045
0.0247133
0
0.00429667
0
0
0
0.000703333
0.00269667
0
0
0.000143333
0.00125333
0
0.0098
0
0
0
0.00334
0
0
0.00268
0
0.0155233
0
0
0
0
0
0
0
0.00058
0
6.33333e-05
0
0.0206167
0.00307667
0
0.0127833
0
0
0
0
0
0
0
0.01481
0.00063
0.00588333
0.00068
0.000393333
7e-05
0
0
0
0
0.0255267
0
0
0
0
0.00592667
0
0
0
0
0
0.00174667
0
0.00492333
0.0177367
6.66667e-05
0
0.00294667
0
0
0.0174633
0
0.0104
0
0
0.000503333
0
0
0
0
0
0
0
0
0.00028
0.224423
0
0
0
0
0
0
0
0.0257033
0
0
0
0
0
0
0.00114333
0
0
0
0.00547333
0.0238
0
0.0256567
0
0.00104667
0.00173667
0
0.000373333
0.00303333
0.000673333
0
0
0
0.0288767
0
0
0
0
0
0
0
0
0
0
0.00123333
0
0.000793333
0
0
0
0
0
0
0
0.00897
0
0
0.000203333
0.0109433
0.0318267
0
0.00881333
0.00669667
0.00465
0.0102067
0
0.000983333
0
0.000923333
0
0
0
0
0.000776667
0
0
0
0
0
0.000143333
0
0
0
0
0
0
0
0
0.0003
0.000416667
0.00744333
0.275153
0
0.00150667
8.66667e-05
0
0.01373
0
6.66667e-05
0.00830667
0.000243333
0
0
0
0.00263667
0
0
0
0
0.00949
0
0.00480333
0
0
0
0
0
0
0
0
0.00793667
0.00602667
0.0111367
0.00613333
0
0.00125333
0
0
0
0
0
0
0
0
0
0
0
0
0
0
0
0
0
0
0
0
0.00043
0
0.0255833
0
0.000693333
0.00031
0
0
0
0
0
0
0
0
0.01193
0
0
0
0.00052
0
0
0
0
0.0001
0.02416
0
0.000123333
0
6.66667e-05
0.000103333
0
0
0
0
0
0
0
0
0.00773333
0
0.00105333
0
0
0
0
0
0
0
0.00157333
0
0
0.0366333
0.02205
0
0
0
0
0
0
0.00512
0
0.0387733
0
6.66667e-05
0
0
0.00308333
0.000936667
0
0
0.00148
0
0
0
0.01889
0
0.273783
0
0
0.000213333
0
0
0.00018
0
0
0
0
0
0
0
0
0
0
0
0
0.0228767
0.00248667
0.0105267
0
0
0
0
0.0104267
0
0
0.000903333
0
0.02743
0
0
0
0.00187667
0
0.00204667
0
0.179413
0.00745
0.00082
0.00182667
0
0
0.0172633
0
0.07761
0.0216433
0.00616667
0
0
0
0
0.00273
0.000126667
0.00116
0
0.00220333
0.00156667
0
0
0
0
0
0.00245
0
0
0.00332
0
0
0
0.00274333
0
0
0
0
0.00247667
0
0
0.00404
0.00902667
0.0171833
0
0
0
0
0.00338667
0
0
0
0
0.0236833
0
0
0
0
0.00502667
0.00137333
0
0.00266
0
0
0.000383333
0
0
0
0
8.66667e-05
0
0
0.00314
0
0
0
0
0.0007
0
0
0
0.00148667
0
0
0
0
0.0520733
0
0
0.00426667
0.00159333
0.02129
0
0
0.27979
0.00612
0
0.00600667
0
0.00694333
0.28711
0
0
0
0.00481667
0
0
0
0
0.0128467
0
0.000123333
0
0
0
0
0
0
0
0
0
0
0.00367
0
0.00067
6e-05
0.01025
0
0.47727
7.33333e-05
0.01293
0
0.0103733
0
0
0
0
0
0
0.00284667
0
0.00341333
0.0245633
0
0
0
0
0.0199433
0
0
0
0
0
0.0594867
0.00719333
0
0.000213333
0
0.0461367
0.03062
0
0
0
0
0
0
0
0
0
0
0
0
0.02028
0.00849
0
0
0
0.00592333
0
0
0
0
0
0.0278167
0
0
0.000686667
0
0.00466333
0
0.410657
0
0
0
0
0.0946733
0
0
0
0.00878667
0
0
0
0
0
0
0
0.00385
6.33333e-05
0.000883333
0
0
0
0
0
0
0
0
0.000533333
0.000996667
0
0.000776667
0
7e-05
0.000533333
0.0807667
0
0
0
0
0
0
0.00092
0.00414
0
0
0
0
0
0
0
0
0.000136667
0
0
0
0
0
0
0
0.00280333
0
0
0
0
0
0
0
0
7.66667e-05
0.102767
0
0.00036
0
0
0
0
0.00058
0
0
0.000183333
0
0
0
0.00938
0
0.0191567
0.00216333
0.45304
0.0280633
0
0.02962
0
0.00428
0
0
0
0
0
0
0
0
0
0
0.00914667
0
0
0.07887
0
0
0.0322933
0
0
0
0
0.000473333
0
0.00451
0.00149333
0
0
0
0
0
0
0.000136667
0.0165667
0
0
0
0
0
0
0
0
0
0.000543333
0.0182167
0.180857
0.0391733
0
0.0180267
0.0014
0.00348333
0
0
0
0
0
0
0
0.00201333
0
0
0
0.0169467
0
0
0.00965333
0.00707
0
0
0.00206667
0
0
0
0
0
0
0
0.0468967
0
0
0
0
0
0
0.00522667
0
0.0305167
0
0.00218333
0.000456667
0
0
0.00501667
0
0
0
0.00290667
0
0.00775667
0.03388
0
0
0
0
0.568957
0.00197
0
0
0.000196667
0.00165667
0
0.0145867
0
0
0
0
0
0
0.00204333
0
0
0
0
0.0139167
0.00014
0.02581
0
0.000246667
0
0
0
0
0
0
0
0
0.00315
0
0
0
0
0
0
0.0230933
0.01956
0.00332667
0.00249
0
0
0.105157
0
0.0224967
0
0.00033
0
0
0
0
0
0
0.0362
0
0
0.0215
0.00139333
0
0.00126667
0.00235667
0
0
0.00815
0.01424
0
0
0
0
0
0.0240133
0.0157633
0
0
0
0
0
0.00606
0.0120367
0
0
0
0.000196667
0.00138667
0
0.000783333
0.00735667
0
0.01034
0
0
0
0
0
0
0
0
0
0
0
0
0.000586667
0
0
0
0.00176
0
0
0.00574
0.02491
0
0
0
0
0
0.12058
0
0
0.0135667
0
0
0
0.00559667
0
0
0.000193333
0
0.000366667
0.0112533
0
0
0
0
0
0
0
0
0
0.03138
0
0
0
0.00371667
0
0
0
6.33333e-05
0
0
0
0
0
0
0.00421667
0
0
0.0196233
0
0.0432967
0
0
0
0.000736667
0
0
6.66667e-05
0
0
0
0
0.00682
0
0.00495
7e-05
0
7e-05
0
0
0
0
0
0
0
0
0
0.000866667
0
0
0.0102867
0
0
0.00483333
0
0
0.000523333
0
0.0418567
0
0
0
0.00013
0.00444333
0
0
0
0
0
0
0
0
0
0.00104333
0.00135333
0.0212267
0
0
0
0.000596667
0.00094
0.0259067
0
0
0
0
0.000333333
0
0
0
0
0
0
0
0.000423333
0
0.0104533
0.00228667
0
0
0
0
0.01045
0.000646667
0
0
0.00031
0
0
0
0
0.0153067
0
0
0.0105567
0
0
0
0
0
6.33333e-05
0.000763333
0.00149
0.000356667
0.00246
0
0
0
0.000456667
0.00019
0
0
0
0
0
0
0
0
0.00057
0
0
0
0
0.0137833
0.00731
0
0
0.000266667
0
0
0
0
0
0
0
0.00258333
0
0
0
0
0
0
0
0.00991
0.00461667
0
0
6e-05
0
0
0
0
0
0.0103867
0
0
0
0
0
0
0
0.00113667
0
0
0
0
0
0.000283333
0
0
0.00358
0
0.000176667
0
0
0
0
0.0191533
0.000196667
0
0.00027
0.546347
0
0
0
0
0
0
0.00015
0.00036
0
0
0
0
0
0
0
0
0
0
0.000503333
0
6e-05
0
0.00093
0
0
0.00838
0.00681333
0
0.0101467
0
0
0
0
0
0
0.0188467
0
0
0
0
0
0.00557333
0
0.00491667
0.0234933
0.02299
0
0
0
0
0.00125333
0.000356667
0.0185533
0
0.00948333
0.01086
0
0.000453333
0
0.000993333
0.01375
0
0.00448333
0
0
0
0
0
0.00689667
0
0.01288
0.00086
0
0.01439
0
0.00137333
0
0.00206
0
0
0
0
0
0
0.02149
0
0.000233333
0
0.00628333
0
0
0
0
0
0
0.0002
0
0
0
0
0.000296667
0.0181367
0.0221767
0
0
0
0
0
0
0
0
0
0.0247433
0
0
0.00181667
0
0
0.000356667
0
0.0252633
0
0
0
0
0.00636
0
0.0417667
0
0.0496033
0
0.404423
0
0
0
0.02163
0
0.000383333
0.00391667
0.00285333
0
0
0
0
0
0.0006
0
0
0
0
0.02099
0
0.0531933
0
0
0
0
0
0
0.03275
0
0
0
0.00766
0
0
0
8.33333e-05
0.02665
0
0
0
0
0
0
0
0.00916333
0
0
0
0
0
0
7.33333e-05
0
0
0
0
0.0290333
0.000153333
0.0227767
0
0
0
0.00021
0
0
0
0.0504567
0
0.00112333
0
0
0
0
0
0
0.00187
8.66667e-05
0
0.00849667
0.01102
0
0
0.04229
0
0.0195333
0
0
0
0.01113
0.00804333
0.00134667
0.00530333
0
0
0.00133333
0
0.00258333
0
0
0
0.02265
0.01827
0
0
0.0189667
0
0.03055
0
0
0
0
0
0.00788
0
0
0.0144867
0
0.00877667
0.0244
0.00138667
0.0479467
0.4921
0
0.21266
0.131963
0
0
0
0
0.0007
0
0
0
0
0
0
0
0.000176667
0
0
0
0
0.02421
0
0.00776333
0.00194333
0.000173333
0
0
0
0
0
0
0
0.00112333
0
0.00366333
0.00206667
0
0
0
0
0
0
0.0250667
0.00625667
0
0
0.00585667
0.00083
0
0.000193333
0
0
0
0
0
0.00134667
0
0.00105333
0
0.00395333
0
0
0.00204
0
0
0.00173667
0
0
0
0
0
0.02232
0
0
0
0
0.0306767
0
0.0435033
0
0
0
0.00164
0.0143967
0.01425
0
0
0
0
0
0.00108
0
0.000763333
0.00217333
0.000533333
0
6.33333e-05
0
0.00776667
0.0273033
0
0
0
0.00324333
0
0
0
0
0
0
0.000783333
0
0
0
0.000293333
0
0
0
0
0
0
0
0
0
0
0
0.00484
0.0140267
0
0
0
0
0.001
0
0.00891667
0
0
0.01727
0.0237567
0
0
0
0
0
0.000196667
0
0
0
0
0.00195333
0.223877
0
0
0
0.03135
0.0227767
0.0267033
0
0
0
0.000173333
0
0
0
0
0
0
0
0
0
0
0.00745333
0
0.00586
0
0
0
0.0370333
0
0
0
0
0.00114
0
0
0
0
0
0
0
0
0
0
0
0
0
0
0
0
0.00132333
0.00048
0
0.03111
0.000203333
0
0
0
0
0.0104367
0
0
0
0
0.00053
0
0
0
0
0
0.0213867
0.000686667
0
0
0
0.00092
0.0102433
0.000443333
0
0.00868
0.017
0.02486
0
0
0
0
0
0.000493333
0
0
0.00106
0
0
0
0
0.00649333
0
0.01786
0.0118233
0
0.162207
0
0
0.01395
0
0
0.00227
0
0
0
0
0
0.0117267
0
0
0.00838
0.01551
0
0
0
0
0
0.00753667
0
0
0.000293333
0.00118
0.00311333
0.0209067
0.00104667
0.0265867
0.0112067
0.000643333
0.00626667
0
0
0
0
0
0
0
0
0
0
0.00275
0
0
0
0
0
0
0.00803667
0.00132333
0
0.00436333
0.0126
0
0.0265
0
0.00316333
7e-05
0
7.33333e-05
0.0190233
0
0
0
0
0.0215533
0.00905333
0.00867333
0
0.00018
0
0
0
0
0.00104667
0.00638667
0.0127233
0.00542
0
0
0.33996
0
0.00646
0
0
0
0
0
0
0
0
0
0.00315
0
0.00028
0
0
0
0
0
0
0
0
0
0
0
0
0
0.00012
0.00889667
0
0
0
0
0
0
0
0
0.00206667
0.00011
0
0
0
0
0
0.01378
6.33333e-05
0
0
0
0
0
9.33333e-05
0.00170667
0
0
0.00401
0
0.0258333
0.00145667
0.0137767
0.0204933
0.00770667
0
0
0.00103333
0
0
0.00028
0.00584333
0
0
0
0
0
0
0
0
0.000266667
0
0
0.00531
0.00650667
0.15255
0
0
0
0.0206033
0
0
0
0
0.000923333
0
0
0
0
0
0
0.00715
0
0
0
0.0143567
0
0
0.00448333
0.00231
0
0
0
0.01012
0
0
0
0
0
0
0.000356667
0
0.00053
0.00053
0.00198667
0
0
0
0
0
0.00514
0
0
0
0
0
0.00503
0
0
0
0
0
0
0.0271667
0
0
0
0
0
0.01876
0
0
0.000126667
0
0
0.000746667
0
0
0
0
0
0
0
0
0
0
0
0.0345233
0
0
0
0
0
0
0.000513333
0
0
0
0
0
0
0.01091
0
0.00014
0.0164067
0.000516667
0
0
0
0.20767
0.00100667
0
0
0
0.00017
0
0.00527667
0.0107867
0
0
0
0.00229333
0
0
0.0249367
0.00888333
8.66667e-05
0
0
0
0.00801667
0.00067
0
0.0231633
0.0140567
0
0
0
0
0
0.00302333
0
0
0
0
0.15904
0.000296667
0
0.01009
0
0.000226667
0.000486667
0
0
0
0
0
0
0
0
0.001
0.000336667
0
0.0131033
0
0.0131367
0
0.00944
0
0
0
0
0
0.00046
0.00258667
0.01214
0
0.000556667
0
0
0
0
0
0
0
0
0
0
0
0.000793333
0
0.000793333
0
0
0
0
0
0.00269
0
0.000646667
0
0.000656667
0.01264
0.02081
0
0
0
0
0.00309
0
0
0
0
0
0
0
0
0
0
0.0131967
0.00140333
0.000653333
0
0.00011
0
0
0.00307333
0
0
0
0
0
0
0.00622667
0
0.0154933
0.0112567
0
0
0
0
0
0
0
0.01064
0
0.00011
0
0.00260333
0.00197
0
0
0
0
0.0197733
0.02117
0.00136333
0
0
0.05172
0
0
0
0.02852
0.00201667
0.0191167
0
0
0
0
0.00815333
0
0
0
0.000236667
0
0
0.00282333
0
0
0
0
0
0
0.00158333
0
0
0.00122333
0.02956
0
0.0248733
0.02235
0
0
0.00212333
0
0
0
0.0083
0
0.0175033
0.0001
0
0.0039
0
0.0496233
0
0.00226333
0
0.00407667
0
0.0106633
0.00997333
0
0
0
0.01364
0
0
0
0
0
0.0374967
0.00058
0.000516667
0.01468
0.103123
0
0.0223333
0
0.000203333
0.02103
0
0
0.000346667
0.00574
0
0
0
0
0
0.02218
0.000133333
0
0.000133333
0.00129333
0
0
0.00118667
0.00794667
0
0.02571
0.01858
0
0.1417
0
0.000263333
0
0
0.00291
0
6.33333e-05
0
0
0
0
0.0188267
0.0100233
0
0
0
0
0.00097
0
0
0.01862
0
0
0
0
0.00192333
0.0115967
0
0.0274667
8.66667e-05
0.00444667
0.00514667
0.00282333
0
0
0
8e-05
0
0.01818
0
0
0
8e-05
0
0.00483
0
0
0.000273333
0.00450333
0.0225433
0.01263
0.00195333
0.02281
0
0
0.00407667
0.00616
0
0
0.09684
0
0
0
0
0.0005
0
0
0.02172
0.0272933
0
0.00698667
0
0
0
0.00314667
0.01656
0.0157767
0
0.01332
0.000583333
0.00214
0
0.0722567
0
0
0
0
0
0.00224667
0
6e-05
0.000123333
0
0.00180667
0
0
0
0.000786667
0
0
0.00071
0.0345833
0
0.0234567
0
0
0
0
0.000493333
0.02373
0
0
0
0.000453333
0.00440667
0
0.00765
0
0.0193533
0
0
0
0
0
0
0
0
0.00618
0.00773667
0.0200333
0
0
0.0134467
0.0636
0.00704
0
0
0.00411
0.000123333
0
0
8.66667e-05
0
0
0
0
0
0
0
0
0
0
0
0
0
0.00159667
0
0.146437
0
0
0
0
0
0
0
0.000133333
0
0.000386667
0.00019
0
0
0
0.00021
0
0
0
0
0
0
0.0213433
0
0
0
0
0
0
0
0
0
0
0
0
0
8.66667e-05
0
0
0
0
0
0.0262267
0
0.006
0.0297833
0
0.000296667
0
0
0.00172667
0.000276667
0
0
0.00100667
0
0.117473
0
0
0
0
0
0
0
0
0.00067
0.0416133
0
0
0
0
0
0
0
0
0
0
0.00225667
0.00426
0.000273333
0
0.169113
0
0
0
0
0
0
0
0
0
0.00053
0
0
0
0
0
0.00248
9.66667e-05
0
0
0.00269
0
0
0.0139967
0.531067
0
0
0
0
0
0
0
0
0
0
0.01579
0
0
0
0
0
0
0
0.000176667
0
0
0.03054
0.00122667
0
0
0.0170133
0
0
0
0.000196667
0
0
0.00166667
0
0.000226667
0
0.000823333
7.33333e-05
0
0
0
0
0
0
0
0
0.01817
0
0.03343
0
0
0
0
7.33333e-05
0
0
0
0
0
0
0
0.0300833
0
0
0.00841
0
0
9.66667e-05
0
0
0.00585667
0
0.00028
0
0
0.00936
0
0
0
0
0
0
0
0
0
0
0
0.00134333
0.0210567
0
0
0
0
0
0
0.00055
0.00337333
0.00124333
0
0
0
0.00609333
0
0
0
0.00984667
0.00344667
0.00014
0
0
0
0.000786667
0
0.00238
0
0
0
0.01558
0.0150233
0
0
0
0.0145
0.00279
0.00102667
0
0.00426
0
0.000136667
0
0
0
0.00534
0
0.0185333
0
0
0
0
0
0.0854167
0.00118667
0
0
0
0.0256833
0.03497
0.013
0
0
0.00027
0
0
0
0
0
0
0
0
0
0
0.00803667
0
0.167337
0
0
0
0
0.0527033
0
0
0
0
0
0
0
0
0
0
0
0
0
0
0
0.00176333
0
0
0
0
0
0.0170533
0
0
0
0
0.00750333
0
0
0
0
0.01868
0
0.02408
0.00387
0
0
0.00203667
0
0
0
0
0.00304667
0
0.00385667
0
0.00759333
0.00975333
0.00068
0.00311667
0.0119933
0.00420667
0
0
0
0
0
0.0170533
0
0
0
0
0
0.0328333
0
0.000266667
0.00102667
0
0
0.0183567
0
0
0
0
0
0
0.00592333
0
0
0
0
0
0.00126667
0.01306
0
0
0
0.01088
0
7.33333e-05
0
0
0.01495
0
0
0
0.00464667
0
0
0.0445033
0.0143467
0
0.00961
0
0.000976667
0
0
0.00775667
0
0
0.000736667
0
0
0.00232667
0
0
0.0135133
0
0.000543333
0
0
0
0
0
0.000843333
0
0
0
0.00206667
0
0.000516667
0.00548667
7.33333e-05
0.0047
0.0129
0
0
0.00599
0
0
0
0
0
0
0.00490333
0
0.00680667
0.00836
0
0
0.00295
0.0227233
0
0.00154
0
0.00011
0.0184567
0
0.573233
0.01512
0
0
0.0245867
0.01786
0.00701333
0.00334
0.00794333
0.00329667
0
0
0.02319
0.00376
0
0.00332
0
0
0.00667333
0.00272333
9e-05
0
0
0
0
0
0
0.000136667
0.01801
0
0
0.00357333
0
0.000593333
0.0307933
0
0
0.000183333
0
0
0
0
0
0.31794
0
0
0.0001
0.00024
0
0.00119333
0
0
0.00796333
0
0.00639667
7.33333e-05
0.0295767
0
0
0.000656667
0
0
0
0
0
0
7.66667e-05
0
0
0
0
0
0
0
0
0.0134733
0.00052
0.00152667
0
0
0
0
0
0.0127467
0.00359667
0.00535333
0
0.0121467
0
0.0196633
0.00201333
0.00279667
0.00633333
0
0.0407967
0
0
0
0.0217433
0.00731667
0.00705
0
0
0
0
0
0
0
8e-05
0
0
0
0
7.66667e-05
0.00352
0
0
0
0.00381333
0.00673
0.00708
0.00926667
0.000673333
0
0.00864667
0
0
0
0
0.01307
0.00621
0
0.000253333
0
0.00830333
0.0151533
0
0
0
0.06068
0
0
0.0166633
0.00801
0
0
0
0
0
0
0
0.00083
0
0
0
0
0
0
0
0.0389933
0
0.00980667
0
0
0.00438
0.0677267
0
0.00824
0
0
0.00135333
0.01304
0
0
0
0.000456667
0
0
0
0.00027
0
0
0
0
0
0.0112933
0.00249333
0.00055
0.00169667
0.00305667
0.000503333
0
0
0.01288
0
0.00011
0.000156667
0
0
0
0.00454333
0
0.00139667
0.00059
0
0
0
0
0
0
0
0.00845
0.01468
0
0.00385667
0
0.000203333
0.135813
0.00407667
0
0.01303
0.00412
0.00116
0.00096
0
0
0.00134
0
0
0.00759333
0.000496667
0
0
0
0
6.33333e-05
0
0.0157767
0
0.000293333
0.01988
0
0
0.00210333
0
0
0.00820667
0
0
7e-05
0.469853
0.00910667
0.00212333
0
0.000856667
0
0
0
0
0
0
0
0
0
0
0.000133333
0.000433333
0
0.00793333
6.33333e-05
0.00850667
8.33333e-05
0
0.0415767
0.0159
0
0
0.00625667
0.00546
0.0591367
0.000333333
0.00967
0.000193333
0.00346667
0.00085
0.0179667
0
0.102693
0
0
0.0223933
0.00598333
0
0.02892
0.00197333
0.00264
0.000213333
0.0209033
0.0005
0
0.0494867
0
0.0359133
0.00867
0
0.0111
0.0234967
0
0.00203667
0.07322
0.163223
0
0
0.0105233
0.0346633
0.00613667
0.000323333
0.06143
0
0
0.00500667
0
0
0
0.05579
0.01472
0.00232333
0.0271767
0.475567
0.000406667
0
0
0
0
0
0.00321
0.0393733
0.00111333
0.420353
0
0.00142
0.0152133
0.00111333
0
0.000166667
0.00368667
0.0103533
0
0
0
0.000343333
0
0.000956667
0
0.09056
0
0.00370333
0.000406667
0
0
0.0349267
0.0290633
0.0267933
0
0.0200467
0.000523333
0.00954
0
0
0.00825333
0
0
0
0
0
0
0.1096
0.000216667
0.0306133
0.0239733
0.00489
0
0
0.00049
0.00173667
0
0.0116333
0.00292667
0.000283333
0.00022
0.00164667
0
9e-05
0.0149567
0.0003
0.0111233
0.000346667
0.0114933
0.00451667
0.00924
0.02264
0.0118833
0.00298
0.00175667
0.00228667
0.01363
0.16933
0.000503333
0
0.000196667
0.0003
0.0471933
0.246037
0.00246
0.0303733
0.00285667
0.00116333
9e-05
0
0.00251667
0.0302633
0.0189533
0.00572333
0.000283333
0.00345333
0.01892
0.00432667
0.16451
0.0250833
0.0117133
0.00447667
0.00936333
7.66667e-05
0.00376667
0.02305
9e-05
0.0252733
0.0152167
0.00442
0.00370667
0.0143567
0.00121
0.00487
0.09351
0
0.0116167
0.01485
0.0134933
0.00039
0
0.0110933
0.00243
0
0.00199667
0
0.0155933
0.02797
0.0766733
0.00711333
0
0.00041
0.01105
0
0.01464
0.0661033
0.00690333
0.00252333
0.000446667
0.0184833
0.0150967
7.66667e-05
0
0.00661667
0
0
0.00333333
0.00123333
0
0
0.00043
8.33333e-05
0.00524333
0.000503333
0.00053
0
0
0
0.0016
0.0332933
0
0
0
0
0.00064
0
0
0.0185933
0.00128667
0.00038
0
0
0.03001
0
0.12331
0
0
0.00378667
0.0163633
0.04747
0
0.00128667
0.0183533
0.00160667
0
0
0.00286667
0
0.45247
0
0
0.00012
0
0.00352
0
0
0.01862
0.0141567
0.0194067
0
0
0
0.00850667
0.0825933
0
0
0
0
0
0.0017
0.000163333
0
8.66667e-05
0
0.08484
0.00512
0.065
0
0
0
0.000176667
0
0
0
0
0.06361
0.0210267
0
0
0
0
0
0.0427133
0.000133333
0
0.00863
0
0
0
0
0
0
0.00026
0.00464667
0
0.00568333
0
0
0.00038
0
0
0
0
0
0.00114333
0.0462233
0
0.0126933
0.00216333
0
0.09994
0
0
0
0.00736333
0
0.000183333
0
0
0
0
0.01854
0
0.0113067
0.00173
0.00198667
0.0295033
0
0.00583
0.00365667
8.33333e-05
0.255027
0.01025
0.0200433
0.00025
0.00347667
0.0102267
0.0155467
0
0.0264267
0.00841333
0
0.0001
0.00727333
0
0
0
0
0
0
0.00913333
7.66667e-05
0.00555333
0
0.0272467
0
0
0.00887667
0.00121
0.0227767
0.000206667
0.00539667
0
0.00554333
0.000203333
0.18183
0
0
0.0227533
0.00038
0
0.0352533
0
0.00116
0.00650333
0.000203333
0.00719667
0
0.00084
0
0.00134
0.05086
0
0.0363833
0.0185067
0
0
0.000403333
0
0.00138333
0
0.00122
0
0.00592
0.00786
0.000876667
0.00110333
0
0
0.00121
0
0.000566667
0.00136667
0.00750333
0
0
0.000506667
0.0102067
0.0108
0.0304167
0
0.00421667
0
0.00366333
0.0252433
0.0670733
0.06519
