0.19931
0.224313
0.0918633
0
0
0.0300333
9.33333e-05
0.06214
0
0.00468333
0.0232
0.0591667
0.06084
0
0.0172267
0
0.161533
0.0446367
0
0
0
0.00484
0
0
0
0.00101
0.00513333
0
0
0
0
0
0.0048
0
0
0.000246667
0.000156667
0.0111167
0
0.000536667
0.00624667
0
0.00265
0.000206667
0.0219467
0.00011
0
0
0
0
0
0
0.000606667
0
0.000256667
0
0
0
0
0.0365367
0.000386667
0.00202
0
0
0
0
0.0263633
0.000316667
0
0.00657667
0.00241333
0.00012
0.02432
0.0289633
0.0155833
0
0
0.00653
0
0
0
0
0.00435333
0.0281067
0
0
0
0
0
0.03255
0
0
0.00101333
0.0367133
0
0.000416667
0.03735
0.0528933
0
0.000643333
0.0132967
0
0.05781
0
0.00661667
0
0
0
0
0
0
0.000793333
0.00337333
0.03119
0
0.0232767
0.00191667
0.00507
0.000726667
0.0268167
0.0270733
0.000373333
0
0.04041
0.0124833
0
0
0.000873333
0.01728
0.0257933
0
0
0
0
0
0
0.0187833
0
0.00730333
0.000843333
0
0
0
0.00179667
0
0
0
0
0
0.00227667
0.00485667
0
0
0
0
0.05263
0
9e-05
0.000666667
0
0.0037
0.00159667
0.000133333
0
0
0.00309333
0
0
0
0
0
0
0.000143333
0
0
0
0.00107333
0
9.33333e-05
0.0854667
0
0
0
0.0324467
0.00339333
0
0
0.000313333
0.0137167
0.00959333
0
0
0
0
0
0
0.00573333
0.0141067
0.00056
0.00383333
0.0244567
0
0
0.00931
0.00033
0.000493333
0
0.000813333
0.00245667
0
0
0
0.000166667
0
0.01049
0.01372
0
0
0.00533333
0
0.0323433
0.0249033
0.00972333
0
0
0.00015
0
0.00491
0
0.0335367
0
0.01289
8.33333e-05
0
0
0.0492033
0.00797
0.0483867
0.0170067
0.01147
0.0096
0.03006
0.00946333
0
0.0189767
0.01063
0.0545467
0.00032
7e-05
0
0.000986667
0.00397667
0
0.143177
0
0
0
0.00564667
0.0852267
0.00809
0.02149
0.0640033
0.00372667
0
0.00803
0.00247333
7e-05
0.00201
0
0
0
0
0
0.00151333
0
0
0
0.00292333
0.00077
0.000196667
0
0.0508033
0.00144
0.16879
0
0.0549333
0.00657667
0.04468
0
0.0239067
0.00028
0.01012
0.000346667
0
0.0360133
0.0464333
0.128033
0.0349333
0.00573333
0
0
0.02605
0.00234
0
0.149403
0
0
0
0.0543267
0
0.0264967
0.05691
0
0.00163
0
0.0128633
0
0
0.03398
0
0
0
0
0
0
0.02417
0
0
0.0144633
0
0.00526333
0
0.0390467
0.0306467
0
0.0375567
0.02596
0.000923333
0
0
0.01
0.00224667
0
0
0
0
0
0.00709667
0.01701
0
0.00254667
0.01237
0.000853333
0
0
0
0.00798667
0.0178133
0
0.149487
0.0151867
0.00174667
0.00627
0.000866667
0
0.0245133
0
0.00093
0.0732733
0
0
0
0.0164667
0.0102067
0.00487333
0.00170667
0
0.0245767
8.66667e-05
0.0151367
0.00540333
0.0118633
0
0.00993
0
0
0.03768
0
0
0
0
0
0
0
0
0
0
0
0
0.00374333
0
0
0.0092
0
0.00477333
0.0263267
0.01199
0.00213333
0
0.00179333
0.000596667
6.66667e-05
0.00158
6.66667e-05
9.66667e-05
0.0193233
0.0193867
0
0
0.00159
0
0.00028
0
0
0
0
0
0.145593
0.0276333
0.136527
0
0
0.00929667
0
0
0
0
0
7e-05
0
0.0225133
0
0
0.00229333
0.00017
0.0001
0
0.00397667
0.0462967
0
0
0
0.000713333
0
0.152053
0.00328
0
0
0
0.03381
0
0.278803
0
0
0.00394333
0
0
0
0
0
0
0
0
0
0.00465
0
0
0
0
0
0.00846333
0
0
0.0354467
0
0
0
0
0
0
0
0
0
0
0.00181667
0
0
0.0126167
0.0127133
0
0.00057
0
0
0.01064
0.00012
0
0.00723667
0
0.0207767
0
0
0
0.0123033
0.00252667
0
0
0
0
0.000236667
0
0
0
0.000136667
0
0.000606667
0
0
0
0.00038
0
0.000403333
0
0
0.0499567
0
0
0
0.000816667
0
0.00011
0
0
0
0.0100533
0.00125
0.0142267
0.00271
0
0
0
0.0812967
0
0
0
0
0
0
0
0
0
0
0
0
0.000116667
0
0
0
0.000233333
0
0
0
0
0.00576333
0
0.00544
0
0.00158667
0.0171167
0
0
0.00679333
0
0
0
0
0.0157833
0
0.000956667
0
0.0234767
0
0.04494
0.146907
0.00094
0.00335667
0.00465667
0.0410833
0
0.00300667
0.0276367
0.000733333
0.01323
0
0.000763333
0.00400667
0.00587333
0.00243667
0.00161333
0.0854167
0.000363333
0.00612333
0
0
0
0.12222
0.05613
0
0
0.0282067
0.0320633
0.0618567
0
0
0.00596667
0.0186467
0
7.66667e-05
0.0152367
0
0
0
0.0114967
0
0.0390133
0.00696667
0.00515333
0.0260733
0.00796
0
0.0450133
0.0425133
0.0187967
0
0.00015
0.187987
0.01736
0.0159967
0
0.00130333
0
0.000686667
0.0316267
0.15537
0.0356533
0.155283
0.02475
0
0.0987767
0.0608233
0
0.0375
0.08225
0
0
0.000106667
0.0136
0.10932
0
0.0237867
0
0.00431667
0.00666333
0.00584667
0.133477
0.00147333
0.02205
0.0106
0
0.0233133
0
0.000596667
0.00429333
0.00303
0.01653
0.0275467
0.0114067
0.0235933
0
0.0204267
0.01836
0.01171
0
0.00452667
0.0427233
0.00312333
0.0400167
0.00013
0.02397
0.19836
0
0
0.00732667
0
0.00935333
0.00353667
0.00272
0
0.0910733
0.000413333
0.00377
0
0
0.11844
0
0
0.00791333
0
0.02543
0.0215867
0
0
0.00269333
0
0.00052
0
0
0
0.0627033
0
0.000373333
0
0
0.000316667
0
0
0
0.00421
0
0
0
0
0
0.0164533
0
0
0.0115067
0.03938
0.0345667
0.00323
0
0.0131067
0.00116333
0.06618
0.0187533
0.0297633
0.00158
0
0
0.0371533
0.00039
0
0
0.02438
0
0.00169333
0
0
0.00229
0.00228
0
0.0387267
0
0.05181
0
0.000626667
0.000163333
0
0.0464233
0.0183567
0.0003
0
0
0.0377433
0.000186667
0
0
0
0
0.000893333
0.00846
0
0
0
0
0.000373333
0.0199533
0.0208533
0.04351
0.000446667
0
0
0.00827667
0.00015
0
0.0203033
0.03017
0
0.0684033
0
9e-05
0.0174133
0.00486
0.00669333
9.66667e-05
0
0.00273333
0.00116
0
0.00043
0
0.0209133
0
0
0
0
0
0.0229133
0
0.00294667
0.00108667
0
0.23799
0.0162033
0
0.0130033
0.000113333
0
0.00378667
0.0547567
0.101663
0.04681
0.00808667
0.0173033
0
0
0
0.0259767
0
0
8.66667e-05
0.00069
0
0
0.00596333
0
0
0
0.00113333
0.0228567
0
0
0.00198333
0.0183767
0.00651
8e-05
0.02443
0
0
0.00449667
0.00385
0.0476567
0.02954
0.00332333
0
0
0.0145733
0.00043
0.00269333
0
0
0.0268367
0.00073
0.00131667
0
0
0.05275
0.00146
0.03267
0.0317767
0.0868867
0
0.00273333
6.66667e-05
0.0117767
0.0256167
0.00447
0.00431
0.00856667
0
0
0
0.0237433
0
0
0.0297233
0.217413
0.00011
0.05123
0.00152
0.00225
0.00658667
0
0
0
0.0301433
0.00465
0
0
0.0497233
0.0115533
0.00102
0
0
0.0383167
0.00530333
0
0.00129667
0.01658
0
0
0
0
0
0
0.0217867
0.00920667
0
0.00114333
0.00180667
0
0.0330867
0
0.00254667
0
0
0
0.00252333
0.00654333
0.0177767
0.0155367
0.0362367
0
0.00328667
0
0
0
0.00887333
0
0
0.0035
0.00029
0
0
0.000883333
0.000703333
0
0
0
0.00429667
0.0158233
0.0182467
0.00107333
0
0
0
0.000133333
0.0522367
0.0193833
0.00036
0
0.0152633
0
0
0
0.00354667
0
0.0231067
0
0
0.000183333
0.0217967
0.000116667
0.0188333
0.00296333
0.00961333
0
0
0.0780933
0.00791333
0
0.00865333
0.04146
0.00741
0.0231067
0.0682467
0
0.00197333
8.33333e-05
0
0.0152167
0.0296333
0
0
0.00233333
0.0283533
0
9.66667e-05
0.0629167
0
0.0175267
0.00529667
0
0.0941633
0
0
0
0
0
0
0
0
0
0.00454
0.00422
0.000393333
0
0
0
0
0.0361
0
0
0
0
0
0
0
0
0
0
0
0
0
0
0
0
0.00196333
0
0
0
0
0
0.00012
0
0.000626667
0.01711
0
0
0
0.00602333
0.000606667
0
0
0.0113367
0
0
0
0.00610667
0
0.00467333
0.000446667
0
0.08548
0
0
0
0
0
0.00651333
0
0.00139667
0
0
0
0
0.0104467
0
0
0
0.000186667
0.0324067
0.00879
0
0.000193333
0.0161367
0
0.0186933
0.000286667
0
0
0.0177967
0.00221333
0
0.000253333
0.0163267
0.00661333
0
0.01344
9e-05
0
0
0.03579
0
0.00710333
0
0
0
0
0
0
0
0
0.000326667
0.01584
0
0
0
0
0.02228
7e-05
0
0.00546
0.0451833
0.01408
0.0146433
0.0370967
0.00032
0.000373333
0.00524667
0.0001
0
0
0.03577
0
0
0.0470767
0
0
0.0120933
0.00289667
0
0.0170267
0
0.07621
0.00347667
0.00057
0.0136133
0
0.01074
0.0348467
0
0
0
0.0142367
0.0286767
0.000143333
0
0
0.01676
0
0.0280033
0
0.04206
0.0695
0.00294333
0
0.000166667
0
0
0.0204767
0
0
0.0167433
0.234713
0.01911
0
0.0107433
0.0260667
0.15521
0.158703
0
0.00386667
0.00014
0.00046
0.000216667
0.0091
0
0.00183
0
0
0.00079
0
0.000323333
0
0
0
0.00996
0.00175667
0
0
0.02518
0
0.00011
0.0279667
0
0
0
0
0
0.00519667
0.00151333
0
0
0
0
0.000163333
0.0138133
0
0
0
0
0
0
0
0
0
0
8.33333e-05
0.00281
0
0
0.0369
0
0.02435
0
0.000663333
0.00512
0
0
0
0
0
0
0
0
0
0.016
0.000306667
0
0
0.00185
0
0
0.0105533
0
0.00825667
0.00355
0
0.01126
0.00894
0.00292333
0.00012
0
0
0.0563733
0.000213333
0
0.00129
0.000553333
0.000813333
0.00199
0
0
9.66667e-05
0
0.000206667
0.00268667
0.00314333
0.0253033
0
0.02101
0
0.000196667
0.00661667
0
0.00350667
0
0.00024
0.01447
0
0.00286667
0
0.0149833
0
0.00152667
0.000983333
0
0
0
0.01393
0
0
0.0123833
0
0
0
0.000736667
0
0
0
0.000493333
0
0.00088
0
0.0382333
0
0.00541667
0
0
0
0
0
0
0
0
0.00087
0.000413333
0
0
0
0.0110333
0
0.00447
0
0.0361967
0
0
0.0352967
0
0
0
0
0
0
0.00179667
0.0166733
0
0
0.0335067
0
0.00770333
0
0
0
0
0
0.000306667
0
0.00025
0
0
0.148553
0
0.0539967
0
0.00868
0.000313333
0
0.0351667
0
0
0.0360233
0
0
0
0.00607667
0.000223333
0
0
0
0.104183
0
0
0
0.05725
0
0
0
0
0
0
0
0
0
0.00568333
9.66667e-05
0
0
0
0.00123333
0.00501
0.00116667
0
0
0
0
0.0167067
0
0
0
0
0
0.03404
0.0219567
0.000133333
0
0
0.0245967
0.0202167
0.00514
0.00487
0.01858
0
0.0110167
0.00580333
0.00115
0
0
0.0487867
0.00163
0
0.000336667
0.0137133
0
0
0
0
0.01777
0.00251667
0.0537933
0
0
0
0
0.0110633
0
0.00017
0
0.00963333
0
0.01034
0
0.01455
0.0414367
0.0123333
0
0
0.000163333
0
0.000463333
0.000483333
0.00238333
0
0.0142467
0.286517
0
0
0.00882
0.0151167
0
0
0.0941667
0.00651333
0.013
7e-05
0
0.0807133
0.00395667
0.000183333
0.000106667
0.35237
0.13923
0
7.66667e-05
0
0.00737667
0.00199
0
0
0
0.0162233
0
0
0.000223333
0
0
0
0
0
0.00173667
0
0.02358
0
0
0
8.33333e-05
0
0
0
0.00544667
0.00412667
0
0
0.00068
0
0
0
0
0
0
0
0
0
0
0
0
0
0
0
0
0.00759667
0
0
0
0
0
0
0
0.00012
0
0.00234667
0
0
0
0.0268133
0
0
0
0
0
0
0.00385
0
0
0
0
0
0
0
0
0
0
0
0
0.0163433
0
0
0
0
0
0
0
0
0.00151667
0.0391267
0.00479
0
0
0
0
0.0009
0
0.0204533
0
0.00225667
0
0
0
0.00058
0.00018
0
0
0.00136
0
0
0.00023
0
0.00086
0
0
0.0290033
0.01112
0.000106667
0
0
0
0.02516
0
0.00064
0
0.00220667
0.00128333
0
0
0.00339333
0
0.00174
0
0
0.000746667
0.00279667
0
0.0509933
0
0.0191433
0
0
0.0161367
0.00839
0.02764
0.000213333
0.0287967
0
0
0.000136667
0
0
0
9.33333e-05
0
0
0.0137633
0
0.01182
0
0
0
0.01794
0
0.000813333
0
0.015
0
0
0
0
0.0339233
0
0.00741667
0
0
0
0
0
0
0.0503533
0.000606667
0
0
0
0
0
0
0
0
0.000133333
0.0254
0.0249233
0.0140167
0.00953333
0
0.01157
0.08152
0.00127667
0.00344333
0.0260967
0
0
0.00231667
0.00127667
0
0.0043
0
0.00399667
0
0
0
0
0
0
0
0
0.01249
0
0
0
0
0
0
0.01181
0
0
0.01478
0
0
0
0
0.00023
0
0
0
0
0.00028
0.000196667
0
0
0.00706333
0
0
0
0
0
8e-05
0.00489333
0
0
0
0
0
0
0.00105
0.00017
0.00357
0
0.03485
0.0002
0.0249267
0
0.000376667
0
0
0
0.0103067
0.0280367
0
0.0113067
0.0124667
0
0.0132
0.03191
0
0
0.02875
0
0
0
0
0.00024
0
9.33333e-05
0.00425333
0
0.00017
0.00394333
0
0
0
0.02282
0
0
0.00049
0.00082
0.0305733
0
0
0.000203333
0.00958667
0
0.00234667
0.00871
0.00176667
0.00385
0
8.33333e-05
0.00145333
0
0.000106667
0.000323333
0
0
0
0
0.03966
0
0
0.0194567
0.00011
0.00627667
0
0
0.0163267
0.0624367
0.000386667
0.00013
0
0.0200533
0
0.00014
0
0.00161
0.02213
0.0188167
0.0226533
0.000733333
0.00201
0.03137
0.0158667
0
0
0.00459333
0.0286033
0.00111667
0.0848033
0
0.00011
0
0.000106667
0.0110667
0.00165333
0.00646333
0.0587067
0
0
0.0229733
0.0151167
0
0.000276667
0.0127867
0.1499
0.00840667
0
0
0
0.00691
0
0.00451
0.000153333
0.01316
0.0155033
0.0103133
0.00026
0.00203
0
0
0
0
0
0
0
0
0
0
0
0
0.00901667
0.03483
0
7.66667e-05
0
0
0
0
0.00560667
0
0
0
0.00264667
0
0
0.0332867
0.000163333
0.00957667
0
0.00151667
0
0.00654333
0
0.0023
0
0.0292333
0.00164667
0.00398
0.00147333
0.00153333
0.0530267
0.0149233
0.00477333
0
0
0
0.0112467
0.000266667
0.00405333
0.02323
0
0.0194333
0
0
0.00180333
0
0.0375433
0.0244333
0
0
0
0.0574867
0.0219867
0.0016
0.39143
0.000206667
0.0271867
0.00669333
0
8.33333e-05
0.0756
0
0
0
0.00487
0
0
0.02091
0.00395
6.66667e-05
0
0.00114333
0.10633
0
0.00182333
0.34988
0.01181
0.00479667
0.0350233
0
0.00061
0.0628067
0
0.00045
6.66667e-05
0
0
0
0
0
0.00534667
0.0322933
0.000356667
0
0.01483
0.0131767
0.0249433
0.0014
0.01583
0
0.0756067
0.00781
0.0132733
0.00292
0.00048
0
0.0273367
0
0.0684867
0
0.0147767
0.0218667
0.0136533
0.00186667
0.0104233
0.00149667
0.000656667
0.06442
0.0251733
0
0.01342
0.0193633
0
0.25767
0.00316333
0.0201533
0
0
0.223483
0
0.275957
0
0.0354433
0
0
0
0.0118167
0.00231333
0
0.03175
0.0421733
0.0162767
0.00259333
0.09656
0.08059
0.297307
0.000263333
0.0639567
0.0187967
0.00025
0
0.0107767
0.0134367
0
0
0
0.03369
0
0.0143633
0.00126333
0.000856667
0.000126667
0.359523
0.189913
0.0466633
0.00370333
0.244327
0.26156
0
0.000313333
0
0.0246967
0.02331
0.0002
0.02927
0.00625667
0.06715
0
0.192737
0
0.00241333
0.0174933
0.01504
0.111437
0.128883
0.0273833
0.0104133
0.10224
0.06609
0
0
0
0.00779
0.00252
0.0377933
0
0.0253033
0.0228367
0.000103333
0
0.00012
0.0279167
0
0
0.0153967
0
0
0.00512
0.0302067
0.0264867
0.00179667
0.0185033
0.0138467
0.0257733
0.000176667
0.0323133
8.33333e-05
0.00700667
0.0321567
0
0.000376667
0
0
0
0.00027
0.0573767
0.0419833
0
0.0470667
0.03247
0.00156
0.0109167
0
0.01557
0.0713833
0.00112
0.0601
0.0263233
0
0
0.0384467
0
0
0.0290533
0.000753333
0.000546667
0.000486667
0.00309
0.0830167
0
0.00811333
0.0357533
0.0143667
0.00487667
0
0
0.000986667
0.01266
0
0.0159567
0
0
0.00179667
0
0.00122667
0
0.0447967
0.000626667
0.00033
0.0583233
0.00325333
0
0
0.000326667
0.00938
7.66667e-05
0
0.0134533
0.0405
0
0.02581
0
0.104093
0.0001
0.0204367
0.0118833
0.00184
0
0.0181667
0.02975
0.00364333
0.01257
0
0
0.0454067
0.02051
0.00699667
0
0
0.00955667
0
0.08307
0
0.000313333
0.00569333
0
0
0
0.00835667
0
0
0.0342467
0.0246533
0.00077
0.000386667
0.06815
0.000423333
0.0242967
0.00350667
0.0151933
0.0128467
0
0.0424867
0
0.04659
0.02299
0
0
0.0428633
0.0147467
0
0.0306067
0
0
0
0.000966667
7.66667e-05
0
0.321713
0.06887
0.01473
0.00021
0.0510633
0.00188333
0.05357
0
0
0.0246467
0.00062
0.00284
0.00195333
0.00585333
0.03218
0
0.00134667
0.01556
0.00430333
0
0.00113333
0.000986667
7e-05
0
0
0
0.000126667
0
0
0
0
0
0.00179667
0
0
0
0
0.0688333
0.000463333
0.000606667
0
0
0.0206767
0.02656
0
0
0
0.00687333
0.000196667
0
0
0.01239
0
0
0
0.0238133
0.0127233
0
0
0
0
0
0.0109333
0
0
0
0.000326667
0.000853333
0.000316667
0
7.66667e-05
0
0.186007
0.05764
0.00102667
0
0.00029
0.00600667
0
0
0
0
0
0
0.01335
0.0132433
0.0299667
0
0.00648
0.00566667
0
0.0256967
0.00240333
0.00146667
0.122733
0
0
0
0
0.000416667
0.01194
8.33333e-05
0.00989
0.147717
0.0249167
0.0018
0.00433
0.00585667
0.00999667
0.0256067
0.129553
0.0167533
0.00126667
0
0
0
0
0
0
0.00018
0.01452
0
0
0
0.000376667
0.00446333
0.00127
0.00499667
0.0142667
0
0
0.000343333
0
0
0
0.000343333
0.05182
0.0104767
0.000503333
0
0.000503333
0
0.0051
0
0
0.0963567
0
0
0
0.00046
0
0
0.0420233
0.00545667
0.162927
0.00556
0.0616567
0
0.0360733
0
0.00646667
0.191033
0.0307567
0.000286667
0.01716
0.000176667
0
0.0176567
0.00931
0.02167
0.00014
0.0295667
0.00160667
0
0
0.457973
0.00247667
0.0234367
0.00541333
0.0531467
0.0132033
0
8.33333e-05
0
0.000396667
0.00378667
0.0001
0.000323333
0
0.02996
0.00322667
0.00673
0.00201333
0
0.0109567
0.00370667
0
0
0.08854
0
0
0.0298233
0
0.00195333
0
0
0
0.0725367
0
0
0.0564933
0.0127467
0.00312
0
0
0.0212633
0
0.03135
0.00131667
0.0349267
0
0
0
0
0
0
0
0
0
0
0
0
0.0341933
0.00368
0
0
0.0473167
0.0464233
0
0.000736667
0
0
0.03894
0.0237533
0.05515
0.00102667
0.00326
0.00306
0
0
0.00022
0
0
0.00472
0
0.0335267
0
0
0
0.00063
0.03592
0
0.00938
0
0.00057
0.02662
0
0
0.01531
0
0.00126333
0.00193667
0.00064
0
0
0.0207933
0
0.01668
0.00155333
0
0.0103167
0.00017
0
0
7e-05
0.00119
0.00256333
0
0.000133333
0
0.0609467
0.0441033
0.00894333
9.33333e-05
0
0
0
0
0.00034
0.00755333
0
0.000403333
8e-05
0
0.01071
0
0.01705
0.0371233
0.0163967
0.02615
0.0109433
0.01706
0.00447667
0.0183067
0.0247367
0
0.00738
0.03326
0.0281733
0.00899333
0.0752033
0.01856
0
0.00331
0.00242333
0.0131167
8e-05
0.04917
0
0.0494033
0
0
0
0.00054
0
0
0.0392533
0.04399
0.00189333
0
0
0
0.00699333
0.00650333
0
0.255777
0
0.00105667
0
0
9.33333e-05
0
0.0358
0.111653
0.000563333
0
0.000136667
0
0
0
0
0.155573
0.000756667
0
0
0.000326667
0
0
0
0
0.00023
0.0114967
0.000116667
0
0
0
0.00573
0.0110567
0
0.0667567
0.00249
0
0.000516667
0
0
0.00131333
7e-05
0
0.0642433
0
0.0005
0
0.02538
0.0287367
0
0
0.0439233
0.00733333
0.000256667
0.00630667
0.00695
0
0.00815667
0
0.0094
0
0
0.0100367
0
0.0292967
0
0
0
0
0.00386333
0.0185
0
0
0
0.0198267
0
0
0.00159333
0.0188167
0
0
0
0
0
0.00519
0.00470333
0.0110033
0.0168567
0.000206667
0
0
0.0250833
0
0
0.0455433
0.00975333
0
0
0
0.00281
0.00012
0
0
0
0
0
0
0
0.03939
0
0
0
0
0
0
0
0.0349467
0
0.0148133
0
0
0.0118067
0
0.00135
0
0.00443333
0.000536667
0
0.03766
0.0568
0.04122
0
0
0.00113333
0.00124667
0
0
0
0
0
0
0
0.00018
0
0.00644333
0
0
0
0
0
0.0236567
0.02486
0.00481
0.00729
0.02221
0
0
0.0193467
0
0
0.00230667
0
0
0
0
0.0209767
0.000523333
0
0.0283833
0
0.000616667
0.000113333
0
0
0.00473
0
0.0630833
0
0.07392
0
0
0
0
0.00221667
0
0.03958
0
0.000446667
0
0.00159333
0
0.00127333
0
0
0
0.00527667
0
0
0.00537
0
0.07095
0
0
0
0
0.000223333
0
0
0
0
0.00174667
0
0
0
0
0.0146
0.0361267
0
8.66667e-05
0.00993667
0
0.0258467
0
0.0172433
0
0
0
0.000163333
0
0
0.00015
0.00113667
0.02946
0
0.02037
0.00922667
0.0720733
0.000843333
0.00191
7e-05
0.00710333
0
0.000336667
0.02009
0
0.00799667
0.00180333
0.0283033
0.00699333
0
0.03179
0.0132433
0
0
0.00681333
0
0.0489033
0
0
0.00759333
0.000466667
0.00211333
0.00408333
0.00067
0.0408967
0.00940667
0
0
0
0
0
0
0
0
0.01926
0
0.01998
0
0
0
0.00125667
0
0
0.00017
0.0312567
0.22982
0.0193733
0.0137067
0.0271567
0.07616
0.00320333
0.05702
0
9e-05
0.0277833
0.000443333
0.000406667
0.00017
0.0118067
0.100107
0.114607
0.0474167
0.000943333
0
0.000413333
0.0160867
0.000223333
0.00319
0
0.0475567
0.03193
0.000163333
0.0208033
0
0.01202
0.00122667
0.0943333
0
0.01339
0.00959
0.0174633
0.00389
0
0.0218333
0.03816
0
0.000946667
0.0692467
0
0.0405767
0.01512
0.00083
0
0
0.00416667
0.0307333
0.0147933
0.00129
0.0101433
0.25224
0
0.0412267
0
0
0
0.0237933
0.00901333
0
0.00838
0.00101667
0.123293
0
0
0.000963333
0.00202
0
0
0.00183667
0.01214
0
0
0.000296667
0.00818333
0.0491633
0.03531
0.00763
0
0.00028
0.000576667
0
0.0343367
0.0225267
0.000196667
0
0.0138733
0.0175033
0.0310567
0.00332333
0.00684333
0.02573
0.00108667
0
0
0.0136233
0.0247067
0.00281
0
0.00031
0
0
0.07548
0.02642
0
0
0
0
0.0161767
0
0.0342767
0.0001
0.02221
0
0.0344233
0.0111067
0
0.00567667
0.00058
0
0.000203333
0
0
0.000226667
0
0.0513267
0.00087
0
0
0
0
0.0110767
0.000246667
0.02693
0.02546
0
0.0190233
0.0904667
0
0
0
0.000113333
0.00482667
0
0.0179033
0.0158933
0.00709
0.0106233
0.00208333
0.249623
0.135117
0.02366
0.0142567
0.00395667
0.07352
0.00275333
0
9e-05
0
0
0
0
0.0881367
0.00485667
0.00725333
0.03111
0.05126
0.0204933
0
0.000133333
0.00042
0
0.0217633
0.161813
0.00047
0.0417967
9e-05
0
0
0.0114933
0.00291
0.00543
0.0549833
0.00114667
0.000106667
0.02795
0.000186667
0
0.0120133
0.03034
0
0
0.0254167
0
0.0114867
0.0002
0
0
0
0.000156667
0.0800767
0.000216667
0.01141
0
0.00381667
0
0.00353667
0
0.00386
0
0.00949333
0
0
0
0.03124
0
0.02185
0.0110233
0.0862233
0
0.172733
0.195633
0
0
0
0.0244033
0.06782
0.0112067
0.0162233
0.000143333
0
0
0.0151533
0.0135367
0.00032
0.00047
0.03134
0
0.000223333
0.0237267
0.000903333
9e-05
0.0623
0.0113667
0
0.0269367
0.000156667
0.02779
0.00429667
0.0157067
0.00744333
0.01894
0.0861733
0.00032
0.0128467
0
0
0
0.0128833
0
0.0289467
0
0
0
0.04419
7.33333e-05
0
0.00827
0.03143
0.333783
0
0
0
0.0185167
0
0.0222067
0.00283667
0.0190133
0.00057
0
0.0337833
0.000126667
0.000393333
0.0004
0.0188167
0.000553333
0.0035
0.00029
0.00154667
0.00314667
0
0.00658
0.01322
0.0159233
0
6.66667e-05
0.00964
0
0.1005
0.00432333
0.00944333
0.03484
0.0308433
0
0.000603333
0
0
0
0
0.00275667
0
0
0
0.0221567
0.0104467
0.128073
0.485277
0.0232267
0
0
0
0.01203
0.02166
0.0362733
0
0.0436133
0
0.00545667
0.144063
0.268537
0.0176333
0
0.0337833
0.000206667
0
0.00236
0.0232833
0.0300667
0
0
0
0.0290033
0.00362667
0.0283333
0
0.0344667
0.00826333
0
0
0.00405333
0.01652
0.00247667
0.00475333
0
0
0.01881
0.0191733
0.05637
0
0.07723
0
0
0.00207
0.00026
0.01242
9.66667e-05
0.0331867
0.00156
0.00073
0.0259167
0.000206667
0.000533333
0.00577333
0.00121667
0.00344667
0
7.66667e-05
0.00478333
0
0.0311133
0.00017
0.00793333
0.00127667
0.01902
0
0.28753
0.00016
0
0
0
0.00100667
0.00118667
0
0
0
0.000383333
0
0.0786767
0
0.0313433
0
0
8e-05
0
0.00985333
0
0.04725
0
8.33333e-05
0.0006
0.00804
0
0
0.0109067
0.000456667
0.00404667
0
0
0.0118433
0
0.06797
0.0527
0
0
0.000383333
0.08149
0
0.03821
0
0
0.01496
0.00128667
0.0137567
0.00072
0.0122967
0
0.00428
0.00184
0.0851133
0
0.0711567
0
0
0
0.248017
0
0
0
0
0.0179067
0.02889
0
0.0336133
0.000296667
0.00025
0
0
0
0
0
0.00151
0.00244667
0.000163333
0
0.00244667
0
0
0.399853
0.100557
0
0.00665667
0.0105767
0.00017
0
0
0
0
0.0348467
0
0.00537333
0.00552333
0
0
0.00682667
0.00024
0.00141667
0
0
0
0
0
0
8.66667e-05
0
0
0
0
0.000296667
0
0.0243367
0.31591
0
0.322637
0
0
0.0445267
0
0
0
0
0.04174
0
0
0
0.00348667
0
0
0.0001
0
0
0.000456667
0.00291
0.00244667
0.02633
0.0339667
0.00147
0
0
0.000913333
0
0
0
0.000303333
0
0
0.000116667
0.00102667
0.0001
0
0.00647
0
0
0.0235667
0
0.000443333
0.00456
0.0150933
0.0308067
0
0
0
0
0.0273067
0.03986
0.00193333
0.00012
0.0391867
0.00427
0.00937333
0.00109
0
0.0786833
0.00221333
0
0
0.000576667
0.02571
0
0
0.05298
0
0.0771167
0.0150933
0.0387833
0.213997
0
0.00027
0.00216333
0.0124133
0.0166333
0.0283133
0.07
0
0.0166433
0
0.000103333
0.0100367
0
0.00567333
0
0
0.0446133
0.000156667
0.0172467
0
0.00375667
0.0761433
0.0215367
0
0
0.0587933
0.0482633
0.0336
0
0
0.01748
0
0
0.04426
0.0155633
0
0
0
0.0135633
0.03176
0
0
0
0
0
0.0227933
0.0887467
0
0
0
0
0
0.01664
0.00185333
9.66667e-05
0.0146633
0.00471
0.0520267
0
0.00213
0.0194633
0.06124
0.000946667
0.04609
0.00172
0.000966667
0.00206
0.0177933
0
0
0
0.3475
0.00927667
0.00536667
0.00272333
0.01252
0
0.00146667
0
0
0
0.000116667
0.0413333
0
0
0.03275
0
0.05765
0
0
0.000516667
0
0.0273267
0
0
0.00594333
0
0.000156667
0.03702
0.00633
0.00246
0.00809
0.11206
0.00255
0
0.03594
0.02863
0.310867
0.145887
0.06285
0.00119667
0
0.00086
0
0.00287667
0.00083
0.00455333
0.00522667
0.00163333
0.000756667
0.00380333
0.0354067
0
0.0155033
0
0
0.000716667
0.00024
0.00653333
0
0
0
0.0416767
0.0994867
0.0504167
8.33333e-05
0
0.01528
0.04808
0.0303633
0.0114733
0
0.09217
0.00983
0.00506
0.00022
7.66667e-05
0
0
0.0006
0
0.00222333
0.03079
0
0.00332667
0.0339567
0.0204033
0.00409333
0
0.000133333
0
0.09548
0.210063
0.00052
0.152417
0
0.000606667
0.04247
0.0013
0.0166633
0.116487
0.00021
7.66667e-05
0.0180367
0
0.00233333
0.02196
0.0171033
0
0
0.04242
8.66667e-05
0.0353533
0
0.01464
0.000143333
0.0109867
0.01906
0
0.0327333
0
0
0
0
0
0
0.02893
0
0
0
0
0
0
0
0.05066
0.000463333
0
0
0
0.000296667
0.0227433
0.00071
0.00696
0
0.0237933
0
0
0
0
0
0
0
0
0
0
0
0
0.00442
0.0286867
0
0
0
0
0
0.00388667
0.00199
0.000916667
0
0
0.000393333
0.00872333
0
0
0
0.00173667
0.00355
0
0
0.04395
0.00450333
0
0
0.000393333
0.0199133
0
0
0
0.00246333
0
0
0
0
0
0
0.0111167
0
0.0100767
0.00322
0
0
0
0.00703667
0.00431
0
0
0
0
0
0
0
0
0
0
0.00283
0.04724
0
0
0
0
0
0
0
0
0
0
0
0
0.00129333
0
0
0
0
0
0
0
0
0
0
0
0
0
0
0.00401333
0
0
0
0
0
0.0184967
0
0
0
0.0185167
0
0
0
0.0333733
0.0352867
0
0
0
0
0
0
0
0
0
0
0
0
0
0
0
0.00014
0.000856667
0
0
0
0
0
0.0210967
0
0
0
0.02997
0
0
0
0.00914333
0
0
0
0.00135
0
0.000346667
0
0.000203333
0
0
0
0
0
0
0
0
0
0
0
0
0
0
0.01514
0.000123333
0
0
0.000563333
0.00763667
9.66667e-05
0
0.00229333
0.02263
0
0.000356667
0.000333333
0
0.000116667
0.000536667
0
0
0.0252067
0
0
0.000893333
0.000513333
0
0.000106667
0
0.0352967
0
0
0
0
0.00187333
0
0.000813333
0
0.01525
0.00209
0
0.00187333
0
0
0
0
0
0.00035
0.00698
0
0
0
0
0.00133
0
0
0
0
0.0130967
0
0.0137633
0
0
0
6.66667e-05
0
0.000606667
0.00216
0.02259
0
0
0
0
0
0.0148833
0
0.000213333
0
6.66667e-05
0
0
0
0.00223333
0
9.33333e-05
0.03561
0.00453667
0
0
0.00789
0.0191767
0.0432367
0.0622267
0
0.00950667
0.000433333
0.00122333
0
0.0184933
7.66667e-05
0
0
0
0
0
0
0
0
0.00146667
0
0
0.0242467
0.00148667
0
0
0
0
0.04103
0.00199667
0.00849333
0
0.02585
0
0
0
0
0
0
0
0
0
0.000156667
0
0
0.0152333
0
0.01347
0
0.00482
0
0.000343333
0
9.66667e-05
0.000113333
0
0
0
0
0
0
0
0.00867
0.000796667
0
0
0.0137967
0
0
0.000356667
0
0
0
7.33333e-05
0
0
0
0
0
0
0.0362133
0
0
0
0
0
0.00065
0.00729
0
0
0.0142467
0
0
0
0
0
0.0251533
0.00028
0
0
9e-05
0
0.120357
0.00109667
0.0363333
0
0
0.00729
0.00114333
0.00304667
0
0.000633333
0.01756
0.0399633
0.000113333
0
0
0
0.0114533
0.000113333
0.0380667
9e-05
0.0300767
0.0122233
0.0117567
0
0
0
0
0
0.000416667
0
0.00329333
0.00380333
0.00457
0
0
0
0
0
0
0
0
0
0
0
0
0
0.00422667
0
0.0207267
0
0.000223333
0.0124733
0
0
0.04232
0.04359
0
0
0
0
0
0
0
0
0
0
0
0
0.00621333
0.00155333
0
0.000103333
0
0
0.00302667
0.00391333
0
0
0
0
0
0.000476667
0.04158
0
0.000116667
0.00732
0.0107367
0
0
0
0
0
0
0
0
0
0
0
0.0182533
0
0
0
0
0.000163333
0
0
0
0
0.0166767
0.000563333
0
0.00113
0
0.00257
0.00902667
0.0136933
0.00491
0.000276667
0.00786333
0.00686
0.01102
9e-05
0.0158433
0
0
9e-05
0
0
0.00217
0.000803333
0.0212567
0.01455
0.03538
0
0.0291533
0
0.00230667
0.00543333
0
0.0333833
0.0101333
0
0.000713333
0.0277467
0.0470867
0
0
0
0.00268
0.0663833
0.000296667
0
0
0.000296667
0.00737333
0.000713333
0
0
0
0.00901667
0
0.0136767
0.00862333
0
0
0.000103333
0.0180067
0.00850667
0
0
0.0131467
0
0.00024
0
0
0.00362667
0.01808
0
0
0.000423333
0.00136333
0.02115
0.02179
0.00464667
0.00017
0.06847
0
0.00186333
0.00825667
0.02646
9.66667e-05
0.00987333
0.00947667
0.0144267
0
0.0277867
0
0.00186667
0.0142533
0.0373533
0.07425
0.03723
0
0.0295233
0.0239567
0.0338233
0.05496
0.213473
0.000213333
0.0187167
0.00297333
0.00400333
0.00024
0
0
0.00031
0
0
0
0.134303
0.00123667
0.00364
0.00027
0.05468
0
0
0
0.0130033
0.0180167
0
0.0260367
0.0171433
0
0.0259867
0
0.0026
0
0.0171567
0.01473
0.0384533
0.00069
0.0237833
0.0247
0
0
0.00032
7.66667e-05
0
0.0116633
0.0113367
0
0
0
0
0
0.00042
0.0433833
0
0
0
0
0.000983333
0
0.0201033
0
0.0106467
0.00110667
0.00615667
0
0.00505333
0.0189467
0.0206233
0
0.000123333
0.0115633
0.0244533
0.000743333
0.000443333
0
0.463497
0
0.000623333
0.0214933
0
0.00851333
0.000876667
0.00527333
0.00962333
0.0856633
0.00550333
0
0.0117
0
0.00017
0.00042
0.00655333
0.03443
0.03267
0.00780667
0
0
0
0
0
0
0
0
0
0
0.00045
0
0
0
0
0.0179
0
0.02725
0
0.0135433
0.00373333
0
8e-05
0
0.0116767
0
0.02136
0
0
0.0008
0.0741367
0.00149
0.0603767
0
0.0398833
6.66667e-05
0.00049
0
8.66667e-05
0.00172667
0
0.0154567
0.0483467
0.05083
0
0.04182
0.0155667
0.00870667
0.00900333
0.00177
0.00846667
7.66667e-05
0
0
0
0.00014
0
0
0
0.04531
0
0
0.02311
0
0.01002
0
0
0
0
0
0
0.0498733
0.0007
0.0107433
0.00138
0.0514033
0.221523
0.0212967
0
0.000126667
0.0288467
0
0.000243333
0
0.0354267
0.00135667
0.00319
0
0
0
0.0483867
0.0214667
0
0
0.00842
0
0
0
0.04427
0.0154933
0
0.00193
0.00203
0.0296167
0
0.0288233
0.00120333
0.000663333
0.00066
0
0
8e-05
0
0
0.00046
0
0.00014
0.00707333
0.00296333
0.226653
0.0958333
0
0.0209567
0
0
0.00023
0
0.00862667
0.302173
0
0.00308667
0.0103533
0.0444433
0
8.33333e-05
0.0586067
0.000426667
0
0.000556667
0.04839
0.01234
0.0252233
0.47427
0.190663
0.00328333
0.00594333
0.00902
7e-05
0.00866333
0.0206067
0.00789
0.00636667
0.02666
0.00122333
0
0
0
0.01339
0.00025
0.00664333
0
0
0.00103
0
0
0
0
0
0
0.114597
0.00944
0
0.00113667
0
9.66667e-05
0
0.0378467
0
0.00134
0
0.0315233
0.0145467
0
0
0.04601
0.02845
0.000106667
0
0.0107267
0.00031
0
0
0.0128867
0
0.07466
0
0
0.00273
0.00034
0
0.0435767
0.0187933
0
0
0.0491
0.0450867
0.0132933
0
0
0
0.00159667
0.0554
0
0.00717
0
0.000133333
0
0.0150133
0
0
0
0
9e-05
0.00122333
0.0597833
0.00665
0
0
0
0
0.0385367
0.00980333
0
0.000103333
0
0
0
0
0
0
0
0.000366667
0
0
0
0
0
0
0
0
0
0
0
0
0
0.00618333
0
0
0
0
0
0
0
0
0
0
0
0
0
0
0
0
0
0.000123333
0
0
0
0
0
0
0
0
0
0
0.000263333
0.0699467
0.03877
0
0
0
0
0
0
0
0
0.0478333
0
0
0.0208833
0
0.00234
0
0
0
0.000656667
0.03012
0.00108333
0.000153333
0.0458567
0.0224467
0.0143933
0
0
0
0.0106433
0
0.0109633
0
0
0
0
0
0
0.00644667
0
0
0
0.00732667
0
0.00034
0.01019
0
0
0
0
0
0
0
0
0.0497733
0
0
0
0
0.0118567
0.03306
0
0.00086
0.01306
0
0
0
0
0.00460333
0.0367367
0
0
0
0
0
0
0
0
0
0
0.03367
0
0.01032
0.00259
0.0219067
0
0
0
0
0.0348633
0
0
0
0
0
0
0
0
0
0.00283667
0
0.0198067
0.0317067
0
0
0.00227
0
0
0
0.00301
0
0
0
0
0.0273533
0.03402
0.0048
0
0
0
0
0.00696
0
0
0.0181633
0
0.0142433
0.000333333
0.00129333
0.0100667
0
0
0
0.000196667
0.00521333
0.0148933
0.00427667
0
0
0
0
0
0.0267067
0
0.01905
0.00668667
0.000246667
0.03429
0
0.00233333
0.000143333
0
0.000123333
0
0.00621667
0.00348333
0
0.00119333
9.66667e-05
0.00530667
0
0.000143333
0
0.00135
0
0.00560333
0
0
0.00561
8e-05
0.00495333
0.000813333
0.0102333
0.00870667
0.00359
0
0.02298
0
0.00476667
0.000123333
0
0.0015
0.00390333
0
0
0
0.00250667
0.000983333
0.00188667
0.00206
0.0416233
0.00058
0.00670333
0.01185
0.00172667
0
0
0.00064
0
0.000123333
0
0.0440067
0.01609
0
0.01502
0
0
0.00409
0
0
0.000686667
0.00509
0.000686667
0
0
6.66667e-05
0
0.0671433
0
0.00693333
0
0
6.66667e-05
0
0
0
0
0
0.02209
0.0203867
0
0
0
0
0.00259667
0
0.0376167
0.00152667
0.00155667
0.00628333
0.0168133
0.0165867
0.00566
0.01036
0
0.000253333
0.0352267
0
0.00051
0.0259033
0.00355333
0.00266667
0
0.000703333
0
0.0173667
0.0219367
0.00069
0
6.66667e-05
0.00088
0
0
0
0.00200667
0.00728667
0
0.00066
0.00072
0
0
0.00481333
0.01162
7e-05
0.01023
0.0131767
0.000106667
0.00924
0.0603167
0
0
0
0
0
0
0.00388
0
0
0
0
0
0
0.00312333
0
0
0
0.00116333
0
0
0
0
0
0
0
0
0.000236667
0
0
0
0.000606667
0
0
0.0639633
0
0.00824
0.00025
0.000143333
0
0
0
0
0.00447
0.0328233
0
0
0
0
0
0
0.0573667
0
0.00824667
0
0
0.00906667
0.00062
0.0834533
0.0143833
0
0
0.00206333
0.000113333
0
0
0.00047
0
0.0404767
0
0.00165333
0.02196
0.0196933
0
0
0.00499667
0.0009
0.0452333
0
0
0
0
0.00014
0
0
0.00301
0
7.66667e-05
0.02438
0
7.33333e-05
0
0
0
0
0
0.04381
0
0
0.0413
0
0
0
0
0.00026
0
0
0.00220667
0
0
0
0.00094
0
0
0.00587667
0.000343333
0
0
0
0
0
0
0.03102
0
0
0.00167333
0.0238033
0
0.00011
0
0.00067
0.00096
0
0.0111767
0.00096
0.000423333
0
0
0
0.00594333
0.000246667
0.0270467
0.000983333
0
0.0182967
0
0
0.00304667
0.0144533
0
0
0.0187667
0
0.0148867
0
0
0.00309333
0
0
0
0.000246667
0.02509
0
0
0.115807
0.00218
0.02718
0
0
0.08856
0
0
0
0
0
0
0
0.0273067
0
0.00185
0.0672233
0
0.0364867
0.0203667
0
0
0.00117333
0
0
0
0
0
0
0.08229
0.0170067
0
0
0
0.0157467
0.00425
0
0
0
0.0135167
0
0
0
0
0
0
0
0
0
0.00014
0.0611533
0
0
0
0
0.00594
0
0
0
0
0.000153333
0
0.00978333
0.000103333
0.00994333
0.00341
0
0
0
0
0.00432
0
0
0
0.0419333
0.000256667
0
0.00178333
0
0
0.000256667
0
0.0195
0
0
0
0
0
0.0140433
0
0
0
0.00619667
0.0299833
0
0.0142267
0
0.03008
0
0
0.0036
0
0.00015
0.0109033
0.01716
0.0142233
0
8e-05
0
0
0
0
0.0181833
0.000223333
0
0
0
0.00232
0.02904
0.0533533
0
0.00406333
0.02694
0
0
0.000116667
0
0.02203
7e-05
0
0
0.00443
0
0
0
0
0
0
0.0313167
0.02652
0.000956667
0
0.00616667
0
0
0.00681333
0.01041
0.000633333
0.02459
0.02513
0
0.0123967
0.00310667
0.00646667
0
0.000133333
0.00100333
0
0.00018
0
0
0
0.01134
0.07579
0.00174667
0.00153333
0
0
0
0
0.00371333
0
0.01362
0
0
0
0.0236267
0
0
0.0134233
0.00906667
0.00493333
0.00993667
0.00815333
0
0.00264667
0
0.0117033
0
0
0.000286667
0.000296667
0
0.00993333
0.00211667
0
0.0140567
0
0.000473333
0
0
0.00026
0.00181
0.02286
0.0347967
0.0212533
0.00399
0.0278933
0.00033
0
0
0
0
0
0
0.00945
0.0125433
0.0103067
0.00201667
0.0375467
0
0
0.0457067
0.000443333
0
0
0
0.01925
0.00808333
9e-05
0
0.00067
0.00208667
0
0.01715
0.0240967
0
0
0
0
0.0402333
7e-05
0.00761
0
0.00528667
0
0.00018
0.000326667
0.000876667
0.00852333
0.000836667
0.04335
0.000466667
0.02199
0.20053
0
0.01659
0
0.0121067
0.0226167
0.0102767
0
0.00704667
0.000463333
0
0.143743
0.00052
0.0323867
0
0.0108233
0.00701667
0.0472433
0.0201033
0.0625733
0.01557
0.0407233
0.000556667
0.0581367
0.00812333
0
0
0.0507833
0.24175
0
0
0.000286667
0.210673
0.0174
0
0
0.13715
0.26611
0.01079
0.02858
7.66667e-05
0.0463967
0.0228033
0.00061
0
0
0.00526333
0.000793333
0.0672333
0.454993
0.000666667
0.16324
0.00119667
0.00247667
0
0
0
0
0.21657
0
0
0.00911333
0.0243133
0.0356567
7.66667e-05
0
0
0
0
0.00175667
0.299533
0.27107
0.00246667
0
0.00159667
0
0.0165167
0
0.0217067
0
0
0
0.0617933
0
0.0511933
0
0.00211333
0.0717767
0
0
0
0.000163333
0.00347667
0
0.00533667
0
0.00671333
0.00947
0.00075
0.0670967
0.0168467
0.00257
0
0.000206667
0
0
0.00512667
9e-05
0
0
0
0.0189467
0.07414
0
8.66667e-05
0
0
0
0
0
0
0
0.0202467
0
0.0293433
0.00831667
0.00182333
0.0210167
0.00133333
0.01296
0.00099
0
0
0.0009
0
0.000196667
0
0
0
0
0
0
0
0
0
0
0
0
0.000103333
0
0
0.0594833
0
0
0
0
0
0
0
0
0
0
0
0
0
0
7.33333e-05
0
7.33333e-05
0
0
0
0
0
0
0
0
0
0
0
0
0
0
0
0
0
0.02745
0
0
0
0.05341
0.0620133
0
7.33333e-05
0
0
0
0
0
0
0
0
0
0
0
0
0.00404333
0
0
0
0.000526667
0
0.00443
0
0
0
0
0
0
0
0
0
0
0
0.000206667
0.00498333
0
0
0
0.000163333
0
0
0
0
0
0
0
0
0
0.00573
0
0
0
0
0
0.00034
0
0
0
0
0
0
0.0105667
0.01729
0.0131533
0
0
0
0
0.00436
0
0
0.00722333
0
0
0
0
0
0
0
0.03394
0
0.00253667
0
0.00879333
0.0114067
0
0
0
0.00088
7e-05
0.0302467
0.00078
0.000373333
0
0
0
0.0171267
0.0183967
0.000126667
0
0
0.0341367
0
0.0147833
0.00062
0
0
0
0
0.0178567
0.000213333
0
0.00680667
0.00103667
0
0
0.0231133
0
0.00450333
0.0168667
0.00351
0.00893333
0.00277333
0
0.0131267
0
0
0
0
0
0.00754667
0
0.00103667
0
0
0
0
0.00131
0
0
0.02875
0
0
0.0296033
0.00728
0.00947
0.00124333
0
0
0
0
0.0112067
0.00425667
0
0.000196667
0
0.0222267
0.00133
0
0
0.00167
0.01461
0
0
0.02888
0.000596667
0.0188
0
0
0.00157333
8.66667e-05
0
0.000373333
0
0
0.0132633
0
0.000776667
9.66667e-05
0.0211033
0.0283633
0
0
0.000386667
0
0.00152667
0
0.000493333
0
0
0
0
0.00335
0
0.000253333
0
0.00097
0.01715
0.00111667
0
0
0
0
0
0.0163633
0
0.000476667
0
0.0181433
0
0.00141667
0
0.000693333
0
0
0
0.00679333
0.000446667
0
0
7e-05
0
0
0
0
0.0106833
0
0
0.0253333
0.0252967
0.00233333
0
0
0.0617633
0
0.000343333
0
0
9.66667e-05
0
0
0
0
0.000133333
0
0.05329
0
0.0529967
0
0
0.00102667
0.0226967
0
0
0
0.00317333
7e-05
0
0
0.00191
0
0.000483333
0
0
0
0
0.03537
0.00749667
0
0
0
0
0
0
0
0
0
0.0526167
0.00446
0
0.00794
0
0
0.000283333
0
0
0.01657
0.0374
0.000203333
0
0
0
0
0.03619
0.00102
0.06644
0.00319667
0
0.0373467
0.00305667
0
0.0718133
0
0.00289
0.00174333
0.00538333
0
0.00196
0.00596
0
0.00105667
0.04084
0
0.0223833
0
0
0.0382267
0.03822
0.0252533
0.0469233
0
0
0.0379
0
0
0.0502333
0.00495667
0.000166667
0
0
0
0
0
0
0
0
0.0154967
0
0
0
0
0.02174
0
0.0256
0
0
0
9.66667e-05
0
0
0
0
0
0
0
8.66667e-05
0.000266667
0
0
0
0
0.00580667
0
0
0.00312333
0
0
0
0
0.00309
0
0
0.00464333
0
0
0
0
0
0
0
0
0
0
0
0
0
0.00027
0.00014
0
0
0.00490333
0.0017
0.00054
0
0.0563833
0
0
0.000163333
0
0
0
0
0
0.000773333
0
0.00371
0
0
0
0
0.00971667
0
0
0.0156467
0
0
0
0
0
0
0
0
0.00880333
0.0071
0.00018
0
0.000696667
0.0001
0.00443
0.04522
0
0.0002
0.0170467
0.08535
0.0371333
0.00017
0.00038
0.00056
0
0
0
0.000133333
0.00694333
0.00736667
0.00397667
0.00618
7e-05
0
0.00324
0.000133333
0
0
0
0
0
0.00012
0
0
0.000103333
0
0.000436667
0
0
0
0.000286667
0.00661667
0.0315467
0.00334
0
0.00167
0
0
0
0.00898
0
0.00766333
0
0
0.0112233
0.0287333
0
0
0
0.00167333
0
0.00736
0.00079
0
0.0321167
0.0147367
0.00011
0.338043
0.28911
0.05871
0.02038
0
0
0.000416667
0.0229133
0.01618
0
0
0
0.0200667
0.00263
0.00228
0.00915333
0
0.0106233
0.00555333
0.00109
0.01329
0.02162
0
0.00129
0.00956667
0.0213133
0.000553333
0.00842667
0.00213333
0
0.0166
0.000823333
0
0
0.00193333
0
0.000143333
0.48554
0
0
0.02314
0
0.00379333
0.0235167
0.00140667
0
0.00199333
0.00158333
0
0.00629667
0.000796667
0
0.00155
0
0.0146733
0
0.00021
0
0
0
0
0.000243333
0.0270333
0.00244667
0
0
0.00255667
0.000333333
0.0285033
0.000693333
0.0179267
0
0
0
0.0311933
0
0
0.00248
0
0.0147267
0
0
0.00353667
0.0281833
0.000886667
0
0.00680667
0.0254467
0
0.0598967
0
0.01374
0
0.17588
0.01812
0.000796667
0
0.0297733
0
0.00172
0.0776
0
0.00135667
0.00940333
0
6.66667e-05
0.03182
0.000653333
0.0112467
0.000743333
0
0.00243333
0
0.02745
0.01264
0
0.0151933
0.00930667
0
0.0001
0
0
0
0
0
0
0
0
0.00141
0.000433333
0
0
0
0
0.00052
0
0
7.66667e-05
0.521163
0.00297333
0.000753333
0
0
0
0
0
0.00307333
0
0
0.01386
0.0170333
0.00130667
0
0.0198
0
0
0
0
0
0.00305333
0.0626
0
0.00061
0.121067
0.01271
0
0.107323
0
0
0
0
0.00307667
0
0
0
0
0.000243333
0.0226767
0.0507333
0
0.000123333
0.00229667
0.000746667
0.501317
0
0
0
0
0.000286667
7.66667e-05
0.00263333
0
0
0.0191867
0.00227
0
0.00018
0.00861333
0.0301333
0.0001
0.0170467
0.01615
0.0381567
0
0
0
0.182133
0.00159333
0.00219333
0
0.0206733
0
0.00670333
0.0346467
0
0
0
0
0.01332
0
0.0140067
0.102273
0.0271633
0.00968333
0.0380133
0
0
0
0.0471833
0.117983
0
0.0144867
0
0.00719667
0.00873
0
0.03369
0.00753
0.0743633
0
0.01642
0.0133
0.00728333
0.0106933
0
0.000213333
0
0
0.0315433
0
0.0209267
7.33333e-05
0
0.0345867
0
0
0.0196667
0.133723
0.03205
0
0.00210667
0
0
0.03281
0.0294867
0.000463333
0.00231
0
0.0191833
0.000273333
0
0
0.0407767
0.0297367
0
0.02469
0.0172133
0.12461
0.05776
0.00798667
0.0565067
0
0.0023
0.00733333
0.00018
0
0.00495
0
0
0
0.00116
0.0298333
0.00474667
0.00594
0.00215333
7.33333e-05
0
0
0.01659
0.0617133
0.00916
0.0372867
0
0.00690667
6.66667e-05
0
0.01065
0.00029
0.000543333
0.0293933
0
0
0
8.33333e-05
0.0252667
0
0
0.00012
0.0242767
0
0.000383333
0
0
0.00073
0.00912
0.0135367
0.01104
0.03459
0
0.00742333
0.00249333
0
0
0
0
0
0
0.156297
0
0
0.0763233
0
0.00064
0
0.00689333
0.00699
0
0
0.00110333
0.0156667
0.000166667
0
0.0310233
0
0
0.0239967
0.0110467
0
0.00586333
0.00044
0
0.0162833
0
0
0
0
0
0.0455
0.0254733
0.0152067
0.000336667
0
0.0386067
0.0163433
0.00168
0.13581
0.00975
0
0.01903
0
0
0
0
0.0113833
0.00183
0
0
0
0
0
0
0.00202
0
0
0.0276967
0
0
0
0.000376667
0
0
0.0001
0.00377
0.0168767
0
0
0.0001
0.0226867
0
0
0
0
0.00309333
0.0182033
0.00565667
0.000763333
0.0144033
0
0.0220067
0.0154
0.01677
0
0
0.02131
0
0
0
0.00123333
0
0.0436667
0
0.000733333
0.00576
0.0421867
0.000396667
0
0.0248333
0.05673
0.00136
0.00429667
0.00913
0.00918667
0
0.0214867
0.0015
0.147797
0
0
0.0188167
0.01986
0.05501
0
0.0172733
0.0176067
0.01963
0
0
0.285067
0
0.0360167
0
0
0
0.0252633
0.000553333
0.214723
0
0
0
0.03524
0.00464
0.0454733
0
0.0303133
0
0
0.00086
0
0
0.000273333
0
0.0122767
0.00546
0
0
0
0
0.0144433
0.00011
0.00130667
0.0001
0.0248667
0.01853
0.0318633
0.273523
0.00026
0.02987
0.0861933
0.0278567
0
0
0
0
0.000206667
0.01073
0.00183333
0
0
0.000196667
0.00433667
0.00025
0
0
0
0
0
0.0399833
0
0
0.0192233
0
0
0
0
0.0002
0
0.0527967
0.0047
0.000593333
0
0
0
0.00109
0.00056
0.0277933
0
0.00011
0.02514
0
0.0236967
0
0.03521
0.00486
0
0.000176667
0
0
0.00769667
0.0368633
0.00098
0
0.000236667
0.00958
0.0142367
0.0110667
0.0268667
0
0
0.0140933
0
0
0
0
0.00741667
0.47121
0.00212
0.0187667
0.0473233
0.04364
0.0635433
0.0586633
0
0
0.01189
0.02446
0.00353667
0
0
0.00189
0.00261667
0.01438
0
0
0.247057
7.66667e-05
0.0266067
0.0865467
0
0
0
0.03798
0.0125267
0
0.000133333
0
0.00987667
0.00349
0.0740267
0.00249
0.00109667
0.0181033
0
0.0493433
0
0
0
0
0.03224
0
0.0306933
0.00283667
0
0.000293333
0.00392667
0.0527267
0
0.000636667
0
0
0
0.02152
0.000116667
0.00799
0
0
0.03932
0.000593333
0
0
0.02752
0.00493
0.00055
0.00182667
0
0.0220233
0
0.000193333
0
0.00356667
0
0.00697
0
0.01953
0.00019
0
0
0.0420167
0
0
0
0
0.0217933
0.13665
0
0.000143333
0.00828
0.00111667
0.05158
0
0.0113167
0.00671667
0.00077
0.0132067
0.00105333
0
0
0
0.0220967
0
0.0149733
0.0272567
0.335623
0.0567367
0.0272233
0.00976333
0.0727433
0.01809
0.000716667
0.00568667
0.0173133
0.000126667
0
0.00978667
0
0.00756
0.00718333
0
0.00721667
0.0141533
0
0.00014
0.06659
0.0486533
0
0.146303
0.03266
0
0
0.0518667
0
0.0402233
0
0.12379
0.0123433
0.01128
0.000843333
0
0.0176067
0
0.04021
0.000196667
0.00247333
0
0
0.06168
0
0.0051
0.00130667
0.0168
0.00938333
0.0192067
0.01188
0
0.0232033
0.004
0
0.131617
0
0.114317
0.173653
0.150083
0.180907
0
0.11764
0.00103333
0.0360067
0
0.00544333
0
0.0226867
9.33333e-05
0.00435667
0.124607
0
0.0549133
0
0.000476667
0
0
0
0
0.00699667
0.000906667
0.00201
0.0232
0
0.01612
0.03522
0.0106933
0
0
0.00618
0.000326667
0.02263
0.00817333
0.000646667
0.00204333
0.000136667
0
0
0.00236
0
0
0.00211667
0.0306833
0.00868333
0.140203
0
9.33333e-05
0
0
0.00188667
0
0.00141667
0.0005
0
0.00016
0.00128333
0
0
0.0120433
0.0230433
0
0.02535
0.02858
0.00500333
0
0
0.153797
0.207393
0.00388667
0.00249667
0
0.0135833
0.0001
0
0.01916
0.00466333
0.00349667
0.0507367
0.02292
0.00162667
0
0
0
0
0
0.05833
0
0.000143333
0.000493333
0
0.0252433
0
0
0
0
0.0202733
0
0.0227833
0.0654233
0
0.02229
0
0
0.000753333
0.00270667
0.0237533
0.0130033
0.0177467
0.0211767
0.0268633
0.145013
0.00199333
0.00696
0
9.33333e-05
0.0171633
0.000883333
0
0.0835833
0
0.00664333
0.02182
0.000623333
0.00337333
0.499723
0
0
0.000123333
0.0320967
0.01805
0.0169433
0.00140667
0.00220667
0.02791
0
0
0.00364333
0.0535367
0
0
0.0587167
0.00121667
0.0221967
0.0133433
0.0200233
0.0822967
0.02776
0.000176667
0.05157
0.03248
0.00058
0
0.0140833
0
0
0
0
0.172827
0.00684667
0.383013
0.10464
0
0.000313333
0
0
0.0277967
0.00427333
0
0.0374233
0.01292
0
0.04464
0
0
0
0.03184
0.0301067
0
0
0.07629
0.0249767
0.00279
0
7.66667e-05
0
0
0
0.0437667
0.00363
0.00186
0
0.000273333
0.00314333
0
0
0
0
0.00426333
0
0.000133333
8.66667e-05
0.03623
0.43218
0.00602333
0.0216667
0.06775
0.00657667
0.01701
0.00593
0
0.0192867
0.17112
0.0254433
0.02417
0.00381667
0.017
0.00204
0.00199
0.0171967
0.0161833
0.000483333
0.0261633
0.0234533
0.0235567
0.0185867
0.00637333
0.0168333
0.000383333
0.0772933
0.200223
0.06151
0.0818267
0.0122733
0.0279733
0.0490267
0.06302
0.05904
0.0692433
0.0105467
0.08644
0.0499467
0.244547
0.0928
0.0325433
0.0340333
0.0306267
0.134967
0
0.00106667
0.0224767
0.0674567
0
0.132303
0.0511533
0.55008
0.0174333
0.01164
0.0304333
0.00415333
0
0.0137467
0.02741
6.66667e-05
0.00203667
0.0238833
0.000563333
0.000203333
0.0235567
0.107533
0.03094
0.00113
0.0197733
0.00021
0.00156
0.0361433
0.00189
0.00108667
0.0106333
0.00015
0.00167667
0.0451233
0.00246
0.0184467
0.00709
0.01307
0
0.00464
0
0.000313333
0.0116433
0
0.01353
0.000976667
0
0.00217333
0
0
0.000796667
0.0251933
0
0.0230533
0.00520667
0.00859667
0.0129267
0.03344
0.02215
0
0
0.00736333
0.0419167
0.000616667
0
0
0.00038
0
0
0.00211667
0.14039
0.0174
0.00100667
0.00212333
0.0766533
0.00012
0.00288
0.0104233
0.0559567
0.01255
0.03316
0.0558633
0.194387
0.0136433
0
0.00489
0.0291433
0.06388
0.00149
0.00063
0.00228667
0.000443333
0.00271667
0.00668667
0.000203333
0
7e-05
7e-05
0
0.0136767
0
0.00034
0.03681
0
0
0.02207
0.0363667
0.0676367
0
0.04331
0
0.00205333
0
0
0.229817
0.0237733
0.00175
0
0
0.0074
0
0.00258
0
0
0
0.000856667
0.0333
0
0.02079
0.00129667
0.0133433
0.000263333
0.0213
0.227913
0.000263333
0.15932
0
0.0528533
0.0236667
0
0.01143
0
0.000106667
0
0.00023
0.000436667
9e-05
0
0
0.0583633
0.0122567
0.000416667
0.0345867
0.000413333
0.0280967
0.00131667
0.000863333
0.0272867
0.00114333
0
0
0.000143333
0.02306
0.000186667
0.02178
0.000216667
0.369193
0
0.0556033
0.511573
0.000453333
0
0.0108933
0.00207333
0.00338333
0
6.66667e-05
0.00087
0
0.00416333
0
0.0224167
0
0
0.03498
0.00094
0.00614333
0.0229433
0.00643667
0.02063
0.0117333
0
0.00198
0.00556333
0.00439667
0.00158333
0.000796667
0
0
0.0113133
0.00912667
0.00621
0
0
0.00582
0.00244
0
0.00917333
0
0.0393067
0.0370467
0.0196733
0
0.0178067
0.0330233
0
0
0.00221333
0.0250633
0.0246633
0
0
0.000603333
0
0.00034
0.0160867
9e-05
0
0.0317867
0
0
0
0.03173
0
0
0.00021
0.0235633
0.0207967
0.0152833
0
0.03487
0
0.00171
0.01258
0.0004
8.66667e-05
0.00173667
0.00523667
0.01498
0
0
0
0.008
0.01474
0.0652467
0.00568
0.000543333
0.00333667
0.0525333
0.00243
0.00452667
0
0.00615667
0
0.00013
0.00209
0.0298033
0
0
0.000756667
0
7e-05
0
0.58639
0
0
0
0.01307
0.00648333
0.0113533
0
0
0.0436867
0.48505
0
0.0205233
0.00475
0.000453333
0
0.00255333
0.158343
0.202173
0.0477233
0
0.240793
0.00146333
0.0426567
0
0
0
0.00214333
0.00755
0
0.0336567
0.0104267
0.00252333
0.0104833
0
0
0.00318333
0.00525667
0.000946667
0.0179467
0.0168633
0
0.00645667
0.0211933
0.00243
0
0.00346
0.00129667
0.09019
0.00353667
0.0103567
0.000486667
0.00237
0.32119
0.179097
0.02241
0.00052
0.09152
0
8.33333e-05
0
0.00104333
0.0704733
0.0150667
0.00289333
0
0
0.000493333
0
0
0
0.00919667
0.170167
0
0
0.142473
0
0
0.0167433
0
0
0
0.00224667
0
0.000196667
0.06388
0
0.0130033
0.0328367
0.000326667
0.00130333
0.000976667
0.02663
0.02037
0.05289
0.0268933
0.0303967
0
0.00411333
0.05313
0.07084
0
0.000146667
0
0.00221
0.0120433
0
0.00699667
0.00205
0.00363333
0.0127067
0
0.00436667
0.00252
0.0128233
0.00994333
0.0228733
0.0364467
0.102997
0.05317
0.02054
0.0331767
0.00365
0.0297633
0.04256
8.33333e-05
0.00034
0.0313367
0
0
0.00389333
0.0277833
0.01275
0.0445367
0
0.0704233
0.0114567
0
0.01023
0.0123167
0.00134
0.18714
0.000303333
0.00292
0
0
0.000656667
0.0210967
0.0336767
0.00399
0.01663
0.0150267
0.00235667
0.0358533
0.0314833
0
7e-05
0
0.00189667
0.0617533
0.00096
0
0.01062
0
0
0
0.0133633
0.00955667
0.00213
0.0243967
0.176527
0
0.0299833
0.000196667
0.0248633
0.00739667
0.0200933
0.00731667
0.130437
0
0.000203333
0
0
0.49631
0.126193
0.00136667
8.33333e-05
0
0.00139333
0.00323667
0
0.0109133
0.275487
0.00199333
0.0163567
0.0199467
0
7e-05
0.00206
0
0.00025
0.0750833
0.00787333
0.00144333
0.0147
0.00233667
0.000116667
0.0352267
0.0733467
0.0174967
0
0.000246667
0
0.0200633
0.0326667
0.32541
0.01623
0.00089
0.47885
0
0
0
0.01576
0
0.03755
0.05019
0
0
0.0200933
0
0.205917
0
0.00792667
0.000393333
0
0.393707
0
0.00236667
0.0332067
0.0151333
0.000416667
0.000636667
0
0.09132
0
0
0
0.01302
0
0.02269
0.00196667
0.01964
0.00211
0
0.0339133
0.0225833
0
0.167617
0.01568
0.0114167
0
0
0.10719
0.000293333
0.00141667
0.0255567
0.0003
0.000943333
0.0011
0.00201
0.0138067
0.0136233
0.0697
0.00377667
0.04144
0.0945567
0
0
0.0499733
0
0.00123
0
0.00123
0
0
0
0
0.0418967
0.00316
0.00790667
0
0.00098
0.0207833
0.00384667
0.0729667
0.0221433
0
0
0
0
0
0
0.115757
0
0.000703333
0.00027
0.000503333
0.02061
0
0.00846333
0.0163767
0.0273367
0
0.323993
0.00610333
0.0486267
0
0.00416333
0.00128333
0.02871
0.00015
0
0.0138367
0.00347667
0.000976667
0.00204
0
0.155043
0
0.0117267
0.0102367
0.06332
0.0106967
0.000646667
0.00650667
0.00423
0
0.0727433
0
0.03788
0.000623333
0.0004
0.00527667
0.00333
0.01269
0.0034
0.00502
0.00787333
0.000696667
0.01245
0.000136667
0.000136667
0.000326667
0
0
0
0.00778667
0.00135333
0.00525333
0
0.0102533
0.0265567
0.0453433
0.05871
0
0
0.0137067
0.00320667
0.00285
0
0.000376667
0
6.66667e-05
0.00663333
0.00632333
0.00514667
0.470277
0.01169
9.33333e-05
0.0277967
0
0.00152667
0.0221667
0
0
0
0
0
7e-05
0.00774
0
0.00012
0.01306
0
0
0.0663567
0.00844667
0
0
0
0.00215667
0
0
0.00427333
0.0120567
0.000313333
0.02989
0.000543333
0
0
0.0185133
0
0.0262133
0.000203333
0.0219033
0.00546
0.0834033
0
0.125777
0.00391
0.336687
0.0216333
0
0.00103667
0.0275633
0.0692133
0
0.0187567
0.00831
0
0
8.66667e-05
0.0123167
0
0
0.0153667
0
0.04723
0.0281867
0.01292
0.0285133
0.0137233
0.0278767
0
0.01371
0.02715
0.000183333
0.000826667
0
0
0.05332
0.000143333
0.0712567
0
0.16591
0.0525233
0.00662667
0
0.000593333
0.264597
0.000593333
0
0.0015
0
0.000633333
0.01763
0.02088
0
0.0313233
0.00634
0.0320633
0.0173
0.0229567
0
0
0.0350767
0.000213333
0.000716667
0
0
0.0440433
0.00415
0
0
0
0.0483533
0
0.0378567
0.12726
0
0
0
0.0366267
0.0175933
0.00137667
0.00209
0.0318867
0.0215567
0.0654433
0.00514333
7.33333e-05
0
0.09367
0.00382
0.0141767
0.0110667
0.00160667
0.00626333
0.05433
0.00277
0
0.00134
0.03369
0.0421367
0.0143
0.00126333
0.0418033
0
0
0
0
0
0.03821
0
0.00083
0
0.001
0
0
0.0643333
0
0
0.03558
0
0.00305667
0
0
0.0113267
0.00190333
0
0.00418667
0
0.00170333
0.0123433
0.00935
0.00237333
0
0
0.01207
0.00711667
0
0
0.194577
0.0110367
0.0114867
0
0
0
0.00256333
0
0.0004
0.01453
0.01925
0.00964333
0
0
0.000366667
0.00538667
0
0
0.00042
0
0.00285667
0
0.0144767
0
0.000236667
0
0.0061
0
0
0.0163867
0.0118233
0.0188867
0.00612667
0
0.00444
0.000306667
0.00686333
0.00042
0
0
0.0092
0.01227
0.00940333
0
0
0
0
0.0211633
0
0
0
0
0.0145067
0
0
0
0
0
0.0245867
0
0
0.00105333
0
0.00723667
0.0285933
0
0.0495133
0.0133767
0.0358367
0.00405667
0.0661067
0
0
0
0.00182
0.00381667
0.0274367
0
0.0794933
0.000463333
0.0817367
0
0.0253
0
0.218987
0
0
0
0.0169967
0
0
0
0.00284
0
0
0
0.00645
0.0595467
0
0
0.00015
0
0.00400667
0
0
0.08886
0
0
0.10726
0
0.00662
0
0.000616667
0.05402
0
0
0.00209667
0.0596167
0.000856667
0.00724333
0
0
0
0.00201
0.04139
0.00182333
0.00754
0.02056
0
0
0.03512
0
0.00381667
0
0.00013
0.0100333
0.02338
0.00024
0
0.00107667
0.00802667
0.0120867
0
0
0.0479867
0.0890833
0.18883
0
0.01034
0.0172867
0.01236
7.66667e-05
0
0
0.311417
0.00364333
0
0.0377133
0
0
0
0
0.00523333
0.0417133
0
0.00288
0
0.00147
0.00226667
0
0.00333667
0.0506167
0.00183667
0.00119
0
0.00228333
0
0.0252467
0
0.000386667
0
0.0461067
0.00215333
0.25524
0.493423
0.02564
0.0137667
0
0
0
0
0.01159
0
0.0684633
0.00746
0
0
0
0
0.00266
0
0.00616333
0.00458333
0.0169267
0.01883
0.00288
0
0.00200333
0.000686667
0.00347333
0
0.00046
0.01268
0.0231067
0
0
0
0
0
0.00894
0
0.00240667
0
0.000586667
0.0356167
0.0318967
0
0
0
0
8.33333e-05
0.04433
0
0
0
0.0168367
0.08728
9.33333e-05
8.33333e-05
0.176967
0
0.00273667
0
0
0
0
0.00144667
0.0120367
0
0.000806667
0.0084
0.0322433
0
0
0.0763167
0
0
0
0
0.00286667
0
0.00059
0.00832333
0.48204
0.12558
0
0.000123333
0.02825
0
0.000416667
0
0.0198767
0.00014
0
0
0
0
0
0
0.000596667
0.00148
0.00398333
0
0.0435533
0
0.0071
0.0288467
0
0.01611
0.148987
0
0.02478
0.000343333
0
0.00046
0
0.00120667
0
0.158763
0.01517
0.0115133
0
0.00608333
0.00234333
0.0178133
0.00217333
0
0
0.00768
0.00462667
0.00161333
0.0275767
0.000243333
0.00353667
0
0.00266
0.00161333
0.0106233
0
0
0.00271
0.00175333
0.0381433
0.000276667
0
0
0.000563333
0
0.00250333
0.0363267
0
0.00145667
0.00573
0.00139333
0.000176667
0.02305
0.0001
0.00099
0
0
0
0.00651
0.00654333
0
0
0
0
0
0.000626667
0.11851
0
0
0.0154167
0
0
0.000363333
0.00160667
0.000446667
0
0
0
0.00343333
0.0084
0.01398
0
0.00287667
0.0155667
0.0443233
0.00115
0
0
0.00594
0.272173
0.00374667
0
0
0.00127
0.0445867
0.0138967
0
0
0.278277
0.371807
0
0
0.01291
0.0183733
0.03516
0.25137
0.1323
0
0
0.000763333
0
0
8.33333e-05
8.33333e-05
0.00524
0
0.0182633
0.00733667
0
0.163647
0.000123333
0.00631
0.03116
0
0
0
0
0
0.00319333
0
0
0.0179867
0.0214967
0
0.0359367
0
0
0
9.33333e-05
0.03603
0.0581833
0.0111467
0
0.126337
0
0
0.0133367
0.000616667
0
0.0178967
8.33333e-05
0.00228
0.01245
0.0356867
0
0.0058
0.297473
0.0171867
0
0.00116333
0.0123533
0.0510567
0
0
0.000106667
0.0632467
0
0
0
0
0.00425333
0.0101367
0
0.00159333
0
0.00581333
0.000133333
0
0.00331667
0.0006
0
0.0115
0.0171667
0.0372233
0
0
0.000393333
0
0
0
0.00383
0.0243767
0.0110733
0
0
0.00895667
0
0.00667667
0
0
0
0
0.0475033
0.00925
0
0
0
0
0
0.000563333
0.00338667
0.110923
0
0
0.0378267
0
0.0503267
0
0.00664333
0
0.03224
0.00610667
0
0.24607
0
0
0
0
0
0
0
0.0559767
0
0
0
0
0
0
0.0411
0.0325933
0.00081
0
0
0
0
0
0
0.0105967
0
0
0.05433
0.10212
0
0.00023
0
0
0
0.0079
0.00707
0.0191667
0
0
0
0
0
0
0
0
0
0.00744333
0
0
0.00014
0.00138
0
0.02059
0
0
0
0
0.00295333
0
0.0286733
0
0
0
0
0.000516667
0
0.0222033
0
0.0164467
0
0
0
0
0
0.323237
0.0405033
0
0
0
0.0188167
0.00048
0.00554667
0
0
0
0.0586767
0.02173
0.0297
0
0
0
0
0
0
0.08003
0
0
0
0
0
0
6.66667e-05
0
0
0
0.00233667
0
0.01108
0.022
0
0
0.00551333
0
0.00489
0
0
0
0
0.0172633
0
0.00157
0
0.00330333
0
0.00301
0
0
0.00744
0.0310333
0
0
0
0
0
0
0.00120667
0
0
0
0
0
0.0105867
0
0
0
0.0120133
0
0.00301333
0
0
0
0
0.0351067
0.0228233
0
0.01532
0.000273333
0.00829
0.04386
0
0.0362233
0.00256667
0.0252667
0.0168267
0.00642333
0
0
0
0
0
0
0
0.00171
7.33333e-05
0
0.0447167
0.000183333
0.0161767
0
0.00192667
0
0.0183533
0
0
0
0.0385133
0
0
0.00153333
0.0222067
0
0
0
0
0
0
0
0
0
0.0324133
0.0279567
0
0.000663333
0.0104967
0.00353
0.00888
0
0
0.00412333
0
0.00355
0
0.01764
0.00154
0
0.03175
9.66667e-05
0
0
0.0246767
0.000636667
0
0.0389767
0.00078
0.0266267
0.0240767
0.0205
0
0.05585
0.00595667
0
0
0
0.00011
0
0.000353333
0
0
0
0
0.00088
0.00623
0.0170733
0.0446033
0.00316667
0.0618167
0
0
0.0190767
0.0200333
0
0.01392
0
0.00011
0.006
0.000106667
0
0.00467
0.0272933
0.0465367
0
0
0.00815667
0
0
0
0
0.04803
0.02783
0.000193333
0.00980333
0.00100667
0.000223333
0.00729
0
0
0
0.0135267
0.00724667
0.00047
0.0001
0
0.0155
0
0.0538367
8.33333e-05
0.03632
0.000416667
0.000196667
0.0199167
0.00055
0.0197533
0.00137333
0
0.0599933
0.0386033
0.0192433
0
0.00159667
0.00413
0
0
0.01638
0.00168667
0.00738
0.0778567
0
0.00948667
0.0595833
0
0
0.0240867
0.000466667
0.000386667
0
0.00177667
0.0268067
0.0150567
7e-05
0.01426
0
0.01749
0.00069
0.00855
0.00417667
0
0.0210533
0
0
9.33333e-05
0
0.0111867
0.0464233
0.0254267
0.0125333
0
0.0269467
0.000776667
0.00676333
0
0.000386667
0
0
0.0767533
0
0.00163333
0.00914
0
0.03835
0.02766
0.253023
0
0.000233333
0.00679333
0.00180667
0
0.0752367
0.000606667
0.0420167
0
0
0
0
0
0
0
0
0
0.00239
0.0779633
0.00072
0.01696
0
0
0
0
0
0.00483333
0
0
9.66667e-05
0
0.00061
0
0.00270333
0
0
0
0.00102667
0.00445
0.00164
0.000153333
0.0261633
0.01087
7e-05
0.0501033
0
0.0183633
0
0
0.0410667
0.00581667
0.0981967
0.00189333
0.0015
0.00574
0.000206667
0.00319
0
0.0711733
0.0511133
0.000596667
0.0273067
0.0206667
0.0693067
0
0
0.00243333
0.0973
0
0
0
0.0877267
0.000143333
0.0391033
0
6.66667e-05
0.00757333
0.01227
0.00105333
0
0
0.00163667
0.03857
0.03936
0.01455
0.0340433
0.0186167
0.01934
0.07688
0.00018
0.0458133
0.00917
0.0284867
0
0.04493
0
0
0.04053
0.0659233
0
0.0456033
0
8.66667e-05
0
0
0
0.05901
0
0.00193333
0
0
0.0222333
0
0.00581
0.00208
0.07923
0.06398
0.0477533
0.00868
0.000913333
0.03061
0
0.00120667
0.00734
0.04351
0
0
0
0.0208367
0
0.01592
0.00495333
0
0
0.0391467
0
0
0.00094
0
0
0
0.00522667
0
0
0
0.00147333
0.00074
0
0
0
0
0
0.04716
0
0.04056
0.000293333
0.00938
0
0
0.00533667
0
0.01972
0
0
0
0
0
0.00423667
0.00451
0
0
0.00282667
0.00299
0
0
0
0
0.00302
0.00345667
0.0051
8.33333e-05
0
0.0137567
0
0.00017
0.0131633
0
0.0367467
0.0280533
0.00674667
0.00317
0.0552333
0.01212
0.00462333
0.00215
0
0
0
0.00994333
0.00411333
0
0.00776667
0.00648
0
0.00181
0.0489833
0
0
0.000326667
0.00657
0.0304467
0.00863
0
0.0102
0.0206967
0.01438
0
0.0301833
0.0579133
0
0
0
0
0
0.00339
0.000136667
0
0.000136667
0.0402767
0.00114
0.02965
0
0.00347
0.0043
0
0
0.00378333
0.00837333
0
0
0.05013
0.03236
0
0
0.0296233
0.0436833
0.0636767
0
0
0
0.00347333
0.000163333
0
0.00802333
0.000966667
0.0474233
0
0.0457633
0.0362967
0.04091
0
0
0
0.0300233
0.000813333
0.0494033
0
0.0114267
0
0.0198233
0
0.00435
0
0.01173
0.02232
0.000136667
0.0553333
0
0
0.0396233
0.000456667
0.0365167
0
0
0
0.0229667
0.0329767
0.02743
0.01506
0
0.0024
0
0
0.0208167
0
0
0.0411167
0
0
0
0.000153333
0
0
0
0.00325667
0
0.0240967
0
0
0
0.00664
0.000466667
0.00653667
0
0
0
0
0
0.0173733
0
0.000103333
0
0
0
0.00254333
0.01433
0
0.0150233
0
7.66667e-05
0.0616133
0
0
0
0.00116667
0.0624933
0.0216833
0
0
0.0743867
0.00521333
0.0733833
0.00141333
0
0
0.000923333
0.00054
0
0
0.0551367
0
0
0.00381
0
8e-05
0
0
0
0
0
8.33333e-05
0
0.0122333
0.00254333
0
0
0
0.269813
0
0.00266
0.00548
0.05269
0
0
0.0153233
0
0.00667667
0.02385
0
0.0790933
0
0
0
0.00357333
7e-05
0.02307
0
0
0.00978667
0.01347
0
0
0.00088
0
0.00014
0.0424567
0
0
0.0155133
0.00799333
0.0142067
0.02594
0.06377
0.04934
0
7e-05
0.00339333
0.02698
0.0174667
0.00980333
0.00268667
0
0.00640667
0.0574767
0.0253767
0.02249
0.0106333
9.33333e-05
0.05569
0.00116
0
0
0.000196667
0
0
0
0
0
0.00294
0
0
8e-05
0
0.000813333
0.0223967
0
0.00143
0.00180667
0.0555467
0.00803333
0.00184333
0.000743333
0.04656
0.00148667
0.00051
0.0372633
0.0113333
0.0328933
0.0105133
0.000316667
0.0162733
0.00404
0.01171
0
0.0317433
0.00274333
0.00161
0.00012
0.00581333
0
0.00369
0
0.0264333
0.0117067
0.205357
8.66667e-05
0.00634
0.100593
0
0
0.00594333
0.04084
0
0
0.00658333
0
0.0364867
0.0476567
0
0
0
0.00353333
0.00045
0
0.000223333
0
0.02056
0.00064
0
0
0.00823333
0.000393333
0
0.000133333
0
0
0
0
0
0.04619
0.00165333
0
0
0.0157967
0.00358667
0.00207667
0.00618667
0
0.01306
0
0
0.0142733
0.03729
0.05949
0
0
0
0
0
0.00505333
0
0
0
0
0
0
0
0.00539
0
0
0
0
0.0348133
0
0
0
0
0
0
0
0
0.0133267
0
0
0
0.0384767
0
0.04027
0
0
0
0
0.01008
0
0
0
0
0.00014
0.0380533
0
0
0
0
0
0
0
0.00530667
0.00068
0
0.0205133
0
0
0.000383333
0
0
0
0
0.00347333
0
0.02232
0.00045
0
0
0
0
0
0
0
0
0
0
0
0
0
0.0002
0.0297133
0.00279
0
0
0
0.00103
0
0
0
0
0
0
0.0213
0
0.0327033
0
0
0
0
0
0
0.000123333
0
0
0
0
0
0
0
0
0
0
0
0
0
0
0
0
0
0
0
0.00234333
0
0.00656
0.0504567
0
0
0.0105533
0.00047
0.02547
0
0
0.04051
0.0401367
0
0.00315333
0
0
0
0
0.0143567
0
0
0
0
0
0.02349
0
0
0
0.000106667
0
0.000206667
0.01098
0
0
0.00012
0
0
0
0.00266667
0
0.00651667
0.07015
0.00230333
0
0.000623333
0
0.00011
0
0.0174133
0
0.00361667
0
0
0
0
0
0
0
0.00173
0.0102467
0
8.66667e-05
0
0.00373667
0.000106667
0.01152
8.33333e-05
0
0.0308267
0.00966
0.0423867
0.0107933
0.00270667
0
0
0
0
0
0
0.04176
0
0.00236333
0
0
0
0
0
0.00884
0
0.0182967
0.000706667
0.0115967
0.0322433
0
0
0.00506333
0.00959667
0.00152333
0
0.000983333
0
0
0.0187333
0.0215167
0.0104733
0.00549333
0
0.0156333
0.00069
0.0157733
0.00600333
8.66667e-05
0.0144233
0.00107667
0
0.0479567
0
0
0.00912667
0.000443333
0
0
0.00836667
0
0.00152667
0.00372667
0
0
0.00983333
0.0135767
0.000253333
0.0389133
0.0323433
0
0
0
0.00299667
0.00239
0.00066
0
0
0
0.0583833
0
0
0
0.00449667
0.05859
0
0
0
0.01428
0.0330833
0
0.00182333
0
0
0.000446667
0
0
0.0448267
0
0
0
0.00884667
0
0
0
0
0
0
0
0
0.06782
0
0
0
0
0
0
8e-05
0.000633333
0.000296667
0
0
0.0220133
0.0379367
0.02273
0
0
0
0.00784333
0
0
0.00465333
0
0
0.0878433
0.00854
0
0.00237333
0
0.00094
0.00237667
0
0
0
0
0
0
0
0.00164
0
0.00014
0
0
0.0325167
0
0.00261
0
0
0
0
0
0
0
0
0.0133233
0
0
0
0
0
0
0
0
0
0
0.00849667
7.66667e-05
0
7.33333e-05
0.0284367
0
0
0
0
0
0.00735667
0
0
0
0.0002
0
0
0
0.0291233
0
0.10569
0.00650333
0.05605
0.000103333
0.00502667
0.00528
0
0
0.000106667
0.0181633
0
0.0282633
0
0.00452333
0.00025
0.00761
0.04916
0
0.0388933
0.0109967
0.0366667
0.0136267
0
0.00041
0
0.00163
0.00017
0.0302533
0
0
0.00114333
0
0.0286467
0
0.00117333
0
0
0
0.0371233
0
0.00065
0.0487433
0.0124367
0
0.01135
0
0.0147433
0.00011
0
0.03419
0
0.00623
0.0509933
0.00302667
0
0.0804867
0.06694
0
0
0
0.00107
0
0.03
0.0941967
0
0.00129333
0
0.0654767
0.0302733
0.00285667
0
0
0
0.00318667
0
0
0
0.0403367
0.00241
0.000506667
0
0
0
0
0
0.000103333
0
0
0
0
0
0.00763333
0
0.05259
0.01886
0.000356667
0.01192
0
0.01593
0
0
0
0
0
0
0
0.00633333
0
0
0
0
0
0.00127
0.00225333
0
0.000116667
0.00357
0.00453667
0
0.03808
0.0314867
0
0
0.00505667
0.05179
0
0
0.02653
0
0.0191967
0.0342767
0.00125667
0
0
0
8e-05
0.00108667
0.0193267
0
0
0
0
0.0225
0
0
0
0.00932
0.02639
0.0194733
0.00786
0
0
0.0211867
0
0.00339333
0.0317867
0.03217
0.01836
0
0.0287867
0
0
0.01237
0.0140233
0.0347367
0.000193333
0.0219533
0
9e-05
0.02277
0
0
0.0133533
0.00693667
0.000706667
0
0
0
0.000283333
0.00017
0
0
0.0181067
0
0
0.000103333
0
0.00038
0
0.00024
0
0.01618
0.000663333
0.0156833
0.0131667
0
0
0
0
0
0
0.0312
0.00024
0.0002
0.00159667
0
0.0123567
0.00302
0.0237967
0.01507
0.0401133
0
0
0
0
0
0.00012
8e-05
0.000416667
0
0.00296333
0
0.000173333
0.04158
0.00601
0
0
0
0.0001
0.00045
0.0104433
0.00897333
0
0
0
0
0.000703333
0.00052
0.00127333
0.10557
0.00849
0
0
0
0
0
0
0
0
0
0
0.00778667
0
0
0.00274
0
0.000516667
0.140713
0
0.00230333
0
0.000703333
0
0.00139333
0.42523
0.0338033
0
0
0
0.0894933
0.09932
0.00699667
0.000906667
0
0
0.00281333
0
0
0
0
0
0
0.00484667
0
0
0.02044
0
0.000423333
0
0.03318
0.113183
0
0.0302133
0.00108333
0
0
0
0
0.000646667
0
9.66667e-05
0.0102767
0.00191
0.00835333
0
0
0.0242633
0.000193333
0.00413667
0.02375
0
0.00183
0.00314333
0.00403667
0
0
0.0529533
0
0.00893333
0
0.3324
0.01034
0.00827
0.141503
0.164727
0.264397
0.01913
0.02206
0.00180667
0.0597333
0.00146
0.324097
0
0
0.0114533
0.0814833
0.03273
0.0332933
0
0.00207667
0.00095
0.000196667
0
0.0198133
0
0.33711
0.03223
0
0.03581
0.000933333
0
0
0
0.02258
0.0301333
0
0.00397
0
0.00042
0
0.0122767
0
0.00687
0.02026
0
0.0495433
0.0506033
0
0.0152433
0.00719667
0
0.02982
0.0175433
0.000606667
0
0
0.01777
0.00230333
0.0274933
0.00631667
0
0.0290833
0.0239367
0
0.0124967
0.00788333
0.490893
0
0
0
0
0
0
0
0.00596667
0
0
0.000243333
0
0.0106133
0.01806
0
0.00735333
0.01209
0
0.0377467
0
0
0
0.00098
0
0.00556667
0
0.00257333
0.00473667
0
0.00584
0
0.0120533
0.0293267
0
0.00052
0
0.000223333
0.01909
0.05386
0.00168
0
0.0506833
0.00365667
0.290067
0
0
0.00945667
0.000863333
0
0.04785
0.00264667
0.0161433
0
0
0.00299667
0
0
0.03442
0
0.00127333
0
0.000196667
0
0.00719333
0.000306667
0.000693333
0.00718333
0.20452
0
0
0
0.00024
0
0.0308567
0.00115667
0
0
0.00581333
0.33639
0.0313
0
0
0
0.272637
0
0
