0.0267033
0.00688667
0.00279
0
0.00294667
0.000236667
0.00292667
0.01528
0.0190033
0.0186167
0.00442
0.0250933
0.00739
0.0536333
0.0538167
0.000273333
0
0.01531
0.01762
0.02356
0.000416667
0.0016
0.00352
0.0120133
0.00981
0.00032
0.0111733
0
0.00412333
0.00382333
0.0424367
0.0369667
0
0.000763333
0.20446
0.07262
0.24502
0.06036
0.00240333
0.00023
0
0.00419667
0
0
0
0.000436667
0
0.02552
0.00532
0.00713333
0.000236667
0.03803
0.00193667
0.0429033
0.0162633
0.0371133
0.01753
0.0044
0
0
0.02013
8e-05
0
0.000806667
0
0.01494
0.000933333
0.00244333
0.321793
0.000583333
0.00986
0.00619667
0.000506667
0.00560667
0
0
0
0.01234
0.02434
0.00031
0.0991433
0.00698
0.00192
0.00064
0.00251333
0.0317567
0.000653333
0.000323333
0
0.01577
0
0.00321667
0
0.00019
0.0232867
0.00102667
0.331533
0.00108
0.00242333
0.309467
0.0174167
0.02227
0.00361
0.00361
0.0111233
0.00461667
0
0.00653667
0.000146667
0
0.00506
0.00434
0.121763
0.00141333
0
0.00816667
0.0121167
0.000686667
0
0.00061
0.0456167
0.000553333
0
0
0.164473
0.05369
0.00480667
0
0
0.000256667
0.01336
0
0.04241
0
0.0248933
0.00353333
0.00031
0.00996667
0.0498367
0
0.01304
0.00114
0.334173
0.0118633
0
9.66667e-05
0
0.0124433
0.00618667
0
0.0149867
0.00153333
0.0158733
0.000486667
0.00165667
0
0
0.01213
0.00765
0
0.0263933
0
8.33333e-05
0
0
0
0.01402
0.00133667
0
0.0275767
0.0704467
0.0203533
0.00641667
0.0233467
0.00607
0
0.01018
0
0.00067
0.0133033
0.02025
0.00706
0.00375333
0.00178
0
0.0460433
0.00044
0.0461167
0.0345767
0
0.02926
0.01874
0.00968
0
7e-05
0.00109333
0
0.129157
0.00820667
0.00608333
0.0306667
0.0212667
0.000553333
0.000343333
0.00147667
0.168067
0.00104333
0.0106367
0.00487333
0.00499333
0.0533533
0.05134
0.0493267
0.01738
0.0382267
7.33333e-05
0.178073
0
0.139523
0.171223
0.176187
0.118
0.25486
0.269083
0.165187
0.0286933
0.113967
0.1245
0.118393
0.128433
0.112087
0.00014
0.0653767
0.0145733
0.00397333
0.00100667
0.0376267
0.0169567
0.00180333
0
0.0370433
0.277403
0.000756667
0.06676
0.000106667
0.00559333
0.00619333
0.0298233
0.00835667
0.0266467
0
0.0252233
0.154437
0.00354333
0.00377
0
0.0237133
0.0326733
0.0381367
0.0001
0.0786633
0.000543333
0.00297667
0.0336467
0.0273267
0.00108333
0.0159433
0.23044
0.0001
0.01331
0.01769
0
0.0302767
0
0.03311
0
0
0.00084
0.0344367
0.00087
0.0103933
0
0.00071
0
0
0
0
0.000566667
0.0161
0.00521667
0.0283767
0.00459667
0.02912
0.00259333
0
0
0.00559
0.00563333
0
0.0113233
0
0.0629633
0.06072
0.00188
0.0251467
0
0.000226667
0
0
0.01062
0
0
0
0.0802367
0
0.00118667
0.000566667
0.0134933
0.0021
0.0342467
0
0
0
0
0.00838333
0.01483
0.00885667
0
0
0.0164267
0.000123333
0.00114
0.0305733
0.0089
0
0
0
0.00219667
0.01388
0
0
0.124597
0.0367233
0
0.00410667
0.0118333
0.08192
8.66667e-05
0.17202
0.00701333
0.000593333
0
0.0124933
0.00687
0.14451
0.02918
0.000253333
0.210483
0.02203
0.15367
0.0507733
0.177873
0.00249
0
0.000256667
0.00319
0.307057
0.01312
0.0210167
0.0206633
0.000373333
0.000823333
0.0478667
0
0
0.0239267
0.00155667
0.0172233
0.0483867
0.0159767
0.000313333
0.00028
0.00059
0.000113333
0.000143333
0
0.193837
0
0.00471667
0.000156667
0.00354
0
0.0127633
0
0
0.00941
0.00394
0.00777
0.00584667
0.00193
0.0277467
0
0.00167333
0.00165667
0.05607
0.000333333
0.0456633
0.00795667
0.00157667
0.00034
0.00100667
0
0.0616767
0.0137333
0.0253833
0
0
0.0131233
0
0.00126
0.0103767
0
0
0
0
0.00814667
0.01141
0.186687
0.00163333
0
0.00444333
0
0
0
0.00418333
0
0.00204
0.00223667
0.0372867
0
0.0146133
0.00862
0.00747667
0
0.0432867
0
0
0.0245533
0.000353333
0
0.00240333
0
0.00016
0
0.0757967
0.000993333
0.00117667
0.00967333
0.00375667
0.00594667
0.00222667
0.02322
0.0145967
0.00322
0
0
0
0.03648
0.0191733
7e-05
0.00584667
0.00484
0
0.00909667
0.00231333
0.00245667
0.0944633
0.000933333
0.000933333
0.01376
0.00158667
0.0244433
0
0.03746
0
0
0.0249933
0.0100133
9.33333e-05
0.01651
0
0
0.01211
0.0112033
0
7.66667e-05
0.0158133
0.000196667
0
0
0
0
0.0181667
0
0
0.00131667
0.0168633
0.000246667
0.02363
0
0
8.33333e-05
0.0228167
0
0
0
0.000283333
0
0
0
0
0.0001
0.0261633
0.0114867
0
0.001
0
9.66667e-05
0.00129667
0.0181333
0
0.04871
0.0123033
0
0
0
0.0178867
0
0.00126333
0.00587667
0
0.00451
0.00052
0.04841
0.0263867
0
0.00750667
0.000223333
0
0.0116767
0.0211867
0.00229333
0.000563333
0.0620833
0
0.00215
0
0.0281767
0
0.0603733
0
0.0089
0.000613333
0.00198333
0
0
0.0478967
0.0148167
0.04307
0.00132
0
0.160423
0.0130433
0.0704633
0.0124167
0.01969
0.03085
0.0096
0.00593333
0.11957
0.00925667
0.00678
0.04012
0.00714667
0.15602
0.303887
0.31495
0
0
0.0499733
0.000153333
0.02069
0
0
0.000203333
0.00793667
0.0289733
0.00446667
7e-05
0.00126333
0.00469
0
0
0.0749767
0.0949833
0.00681
0.000156667
0.02434
0
0.00189
0.03314
0.0888133
0.00746333
0.00286333
0.00046
0.00314
0.00639667
9.33333e-05
0
0.142353
0.0450767
0.140283
0.0228867
0.00688333
0.0541967
0.0226533
0
0.00049
0
0.100737
0.448733
0.0207667
0.132527
0.00063
0
0.01919
0.13468
0.0117867
0.00715667
0.27377
0.0908833
0.00165
0.00291333
0.00219
0.000156667
0.00536667
0.0115067
0.00264
0.02433
0.04364
0.02503
0
0.000196667
0.00741
0.149503
0.05424
0
0.00677333
0
0.0443633
0.0887367
0.01295
0.02035
0.00208333
0.00196333
0.0210067
0.01539
0.00143667
0.0155267
0.12861
0.22067
0.01036
0
0.00642333
0.03485
0.20851
0.00267
0.03875
0.00791
0.0208967
0.0482867
0
0.00937333
0.00275667
0.00479667
0
0.0157567
0.206307
0.00389333
0
0.169717
0.00171
0.0677167
9.66667e-05
0.00055
0.0200033
0
0.47162
0.000933333
0
0
0.00246333
0
0
0
0.000526667
0.00014
0.02437
0
0.01671
0.01454
0
0
0
0.0192
0.0134033
0.00156
0.18055
0.0172633
0.00267333
0.00358667
0.01145
0.00980667
0.15297
0.143297
0
0.00215667
0.00087
0
9e-05
0.0003
0.00891
0.000233333
0.01154
0.00377
0.00166667
0
0
0.00305333
0
0.00626
0.0289867
0
0
0.02035
0.138193
0
0
0
0.0589167
0.0175967
0
0.00564
0
6.66667e-05
0.03539
0.05046
0
0.206873
0
0.000186667
0
0.00098
0.0234533
0.00023
0.00281667
0.0123867
0.0669
0.415987
0.00191333
0
0
0.07709
0.00874333
0.000926667
0.0227667
0.0102733
0.0576933
0.0948967
0
0.0114133
0.00049
0.00282333
0.000283333
0.04656
0.00161
0.0194167
0
0
0.0286433
0
0.01308
0.263423
0.00460333
0
0.0242933
0.00014
0.0101033
0.0321233
0.0108467
0.0361567
0.00858667
0
0
0.00171667
0
0.00028
0.0029
0.0440833
0
0
0
0
0.0188067
0
0.145633
0
0.0586967
0.00741333
0
0.0818367
0.0797267
0.000533333
0
0.0138767
0
0
0
0
0
0
0
0
0.346313
0.51542
0.00202333
0.0131033
0.000763333
0.00308
0.000116667
0
0
0.000183333
0.0262567
0
0.0483433
0.000816667
0.0153167
0.02848
0.00012
0.00644333
0.0162
0
0
0
0
0.00161333
0
0
0.0142133
0.00262
0
0.02399
0
0.0133067
0
0
0
0
0.00781667
0.000146667
0
0
0.000143333
0.00035
0.0785733
0.01385
0.03366
0
0
0.00901333
0.0166667
0
0
0.00305333
0
0
0.0293633
0
9e-05
0.0634867
0
0.00185
0
0
8.33333e-05
0.000906667
0
0.0223467
0.00498333
0.00285667
0.000533333
7.33333e-05
0
0
0
0
0.04004
0
0.00510333
0
0
0.285327
0
0.0174367
0.578017
0.000176667
0.00324667
0.04285
0
0.04168
0
0
0
0.001
0.00537333
0.00771333
0.004
0.00617667
0.0167767
0.0233467
0.00133
0.00196
0.00749333
0.0692867
0.0257667
0.0158867
0
0.000756667
0.0265133
0.173807
0.00442
0.14462
0.00299667
0.06453
0.0114
0.100313
0.0187167
0
9.66667e-05
0.0425433
0.0203
0.00996667
0.00739667
0.13069
0.163167
0.0853433
0.00249
7.33333e-05
0.06329
0.01466
0.00206667
0.18142
0.00545
0.00054
0.000413333
0.0151367
0.000783333
0
0.0861433
0.000283333
0.000326667
0.01194
0.000436667
0.0304933
0
0.04895
0.00275667
0.00448
0.00184667
0.46336
0.00294667
0.00642
0.00021
0
0
0.0105467
0
0.0290267
0.02014
0.00204667
7.66667e-05
0.01423
0.00979
0.00153
0.00659667
0
0
0.0875133
0.0117667
0.2616
0.287823
0.000283333
0.00242667
0.00889333
0.09751
0.00015
0.00380333
0.00184
0.0139
0.0454767
0.00340667
0.00723333
0.0131867
0
0.000166667
0.02609
0.00388667
0.09548
0.000576667
0.0209867
8.66667e-05
0
0
0.01947
0.0129267
0.157723
0.0218933
0.0473733
0.196153
0
0.0125967
0.00152667
0.0538467
0.0193267
0
0.0291167
0.0858367
0.000106667
0.0706233
0.00186667
0.0227867
0
0.000616667
0.02545
0.000303333
0.01176
0
0
0
0.01972
0.02356
0.000223333
0.0338333
0
0.00075
0.0274133
0.000496667
0.0147167
0.0210633
0.00064
0
0
0.00718
0.00880667
0.1471
0.00087
0.00094
0.02941
0.0417633
0.116337
0.00027
0.00014
0.00528333
0.000183333
0.00749
0.0147733
0.013
0.01822
0
0.00271333
0
0
0.0147233
0.112987
0.0122633
0.0150467
0.0156733
0.008
0
0.00461667
0.00971667
0.0152267
0.00124333
0.000283333
0
0.0001
0.00562
0.00419333
0.00429
0
0
0.000786667
0.0155533
0.000863333
0.279837
0.00043
0.000596667
0.0147733
0.00177333
0.00661667
0
0
0
0.00568
0.00125
0.00345333
0.0110333
0.000256667
0.00293667
0.0183167
0.000113333
0.00265333
0.000386667
0.0821667
0.0254733
0.148457
0.0116233
0.243713
0.000406667
0.00326333
0.00264333
0.000476667
0.00024
0.01718
0.00814667
0
0.01753
0
0.0119267
0.0444233
0
0.00889333
0.03519
0.0907367
0.574283
0
0
0.01821
0.00408333
0.0106833
0.000716667
0.000833333
0.00315333
0.02456
0.00359667
0.000503333
0.0262033
0.0194033
0.0199933
0.04089
0
0.0341433
0.02767
0.101917
0.000166667
0.111783
0.0257267
0.000883333
0.0322867
0.02435
0.2378
0.000843333
0.0805033
0.000763333
0.00177
0.0469067
0.0284167
0.02876
0.00371333
0.142597
0.0376233
0.0248467
0
0.00098
0.0131567
0.00013
0.0327733
0.0250233
0.000136667
0.000326667
0.02632
0.00225333
0
0.00862667
0.125127
0.000873333
0.00226333
0.01034
0.0150167
0.00484
0.31459
0.00377667
0.0441233
0.0126167
0.247533
0.15142
0.0624333
0
0.0136467
0.122297
0.000166667
0.0264333
0.00018
0
0.0256567
0.02724
0
0
0.0132667
0
0
0.00642333
0
0.01655
0.01045
8.66667e-05
0
0.00100667
0.0250367
0.00767333
0.00150667
0
0.0487767
0.00815
0.008
0
0
0.0315833
0.574863
0.02568
0.0359267
0
0.0372667
0
0.0186
0
0
0
0.0201767
0
0
0.0115067
0
0.00026
0.00243667
0
0.04552
0.00585667
0.0328533
0
0.01846
0
0.00251667
0.00317
0
0.00531
0
0.00082
0.000663333
0.0100733
0
0
0.00390333
0
0.00137667
0.00840667
0.05333
0.0263533
0
0.00344667
0
0
0.0117367
0
0
0.03633
0.0869
0.0492667
0
0.02702
0
0.000603333
0.104563
0.0129433
0.0129067
0.000123333
0.03599
0
0
0.00122333
0.01052
0.00316
0.000146667
7e-05
0
0
0.00245667
0
0.0418033
0.00595333
0.0618433
0.00708667
0.000216667
0.0374133
0.00211667
0.0926667
0.00524
0
0.000203333
0.00016
0.0596633
0
0.00960667
0.02475
0
0
0
0
8e-05
7e-05
0
0
0.00448
0
0
0.000396667
0.04675
0
0
0.000613333
0
0.0666967
0.0104633
0.05333
0
0
0
0.00281667
0.00304
0.00771
0.00792333
0
0.01722
0.00256667
0
0.376353
0.00240667
0.00059
0.00979
0.0334467
0
0.0112867
0
0.0433067
0.00452
0.0332633
0.00203667
0.00495667
0.0172767
0.00333333
0
0.000713333
0.448733
0.004
0
0
0
0.02998
0
0.000683333
0.00660667
0
0.000573333
0.00290667
0.151157
0.0797067
0.02239
0.0301233
0
0.02618
0.000503333
0
0.00214667
0.02635
0.0245667
0.0696167
0.01656
0.0969067
0.00322
0.14379
7.33333e-05
0.00425333
0.000596667
0.00186
0.00794333
0.00067
0
0
0.02704
0
0
0.0239067
0.000663333
0.03023
0.000473333
0.00328
0
0
0.00247667
0
0.00220333
0.00219
0.000213333
0.01723
0.01493
0.0239067
0.00572667
0
0.0242067
0
0.00831
0
0
0.00330333
0.0197233
0.0227567
0
0
0.0364167
0
0
0.000126667
0.117247
0
0
0.00904333
0.000113333
0
0
0.280943
0.04722
0.5039
0
0
0
0
0
0.00027
0.0275933
0.00191667
0.0215667
0.00566667
0
0.00624667
0.000906667
0
0.0173633
0.00105
0.00345667
0.00237333
0
0
0
0.0117467
0.00311333
0.04925
0.0165867
0.02186
0
0
0.00281667
0.00163667
0.00289667
6.66667e-05
0.000596667
0
0.00381333
0.0164533
0.00688333
0.0101833
0.000156667
0
0.01195
0
0.01715
0.01052
0.0173167
0.0679867
0.000426667
0.107813
0.00011
0
0.0189533
0.00153333
0
0.01848
0.01901
0
0.00740333
0.00638
0
0.0162567
0.0189567
0.0081
0.0123833
0.0359467
0.0477567
0.00238
0.0540933
9.66667e-05
0.0352433
0.0216233
0.00844667
0
0
0.00477667
0.00503
0.0829233
0
0.000103333
0.0159333
0.0353433
0.19478
0
0.00027
0.01034
0
0.00876667
0.35539
0.00970667
0.00771
0.00555333
0
0.000346667
0
0.00205667
0
0
0.000106667
0.00414667
7.33333e-05
0.0813733
0
0
0.000296667
0.04302
0.01605
0
0
0
0
0.00173333
0.02474
0.0237733
7.33333e-05
0
0
0.000306667
0.000306667
0.000806667
0.00594333
0
0.00277
0.116143
0.149503
0.000243333
0
0.0432267
0
0.000336667
0.000336667
0.00632667
0.0888967
0
0
0.000633333
0.000153333
0
0.0001
0.0140933
0.0808233
0.0221967
0
0.000483333
0
0
0
0
0.00823333
0
0
0
0
0
0.117657
0
0
0.000886667
0
0
0
0.19436
0.00113
0.453533
0.00189333
0.0593533
0
0
0
0
0
0
0
0
0
0.01283
0.0033
0.0164333
0
0.00453333
0.0240067
0.00390333
0
0
0.0188933
0.00372667
0.00043
0
0.000563333
0.000116667
0.00451333
0
0.01596
0.0218467
0
0
0.00409
0.00397
0.01619
0
0.000153333
7e-05
0.0124433
0.00862667
0
0.000726667
0
0.00646
0.000133333
0
0
0.00846333
0
0
0.00280667
0.00172667
0
0.00105
0
0.0101333
0.00181333
0.04605
0.00467667
0
8.66667e-05
0.0123067
0.02117
0.000343333
0.03984
0
0.03509
0.00126333
0
0.000546667
0
0
0.0226033
0.00455333
0
0.000386667
0
0.0119267
0
0
0.0249467
0.00868667
0.0118467
0
0
0
0
0
0.0803067
0.00784
0.0365067
0.000916667
0.00491333
0.00104
0.0374767
0
0.00978667
0.0213333
0
0.000143333
0.000643333
0.000263333
0.00437
0.0001
0.00186667
0.00383
0.0166667
0.00865333
0.121103
0
0
0
0.17498
0.00569667
0.00186333
0.0403933
0.01931
0.0254833
0
0.00027
0.00014
0.00199667
0.00431333
0.0739733
0
0.00557667
0.00088
0
0.00194333
0
0.000576667
0.0216667
0
0.00503667
0
0
0.07742
0.0590967
0.00385333
0.11321
0
0
0.0129233
0.0412633
0.00322
0.00386333
0.00696667
0.000526667
0.0116933
0.203763
0
0.00422333
0
0
0
8.66667e-05
0.000516667
0.00776667
0.000383333
0.000273333
0.00557333
0
0.000693333
0.00984
0
0
0.0143233
0
0.00361
0.0196833
0.02376
0.000223333
0.0022
0
0.00329333
0.000513333
0.0551
0.0152833
0.02625
0.00155667
0
0
0
0.0417667
0.00305
0.00554667
0.00033
0.0217667
0.0636967
0.0525
0.00076
0.0250767
0.0208333
0.000726667
0.03954
0.02262
0.02833
0.000193333
0
0.006
0.0500767
0.000243333
0.0478133
0.00196333
0.03889
0
0.04077
0
0.01276
0
0
0.00122667
0.00143667
0.000326667
0
0.000596667
0.22138
0.03716
0.00980333
0.0197067
0.0104667
0.0373933
0.000596667
0
0.000786667
0.0304533
0.0230033
0.235957
0.314297
0.00024
0.274523
0.03162
0.09868
0.0156633
0.00170333
0.0220833
0.00660667
0.0155733
0.00164333
0.0239967
0.000156667
0.0102633
0.000493333
0.00195
0
0.000873333
0
0.0430533
0.00581
0
0.43403
0.0142033
0.00223667
0.11999
0.0026
0.14174
0.000236667
7.66667e-05
0.0329
9.66667e-05
0.00326
0.00473333
0.00102333
0
0
0.01002
0.0299133
0.0144933
0.00474667
0
0.223037
0.000383333
0.000123333
0.00596
0.01097
0.00912
0.0292967
0.00882333
0.00752667
0.000206667
0
8.66667e-05
0.000543333
0
0.00606
0
0
0
0.0007
0
0.311183
0.0468333
0.00164667
0.01399
0.0210133
0.01385
0.00457
0.265663
0.01528
0.00026
0.01112
0.0123
0.00384333
0.00028
0.196903
0.08269
0.00704
0.0152533
0.00108
0.00259667
0
0
0.000983333
0.00303
0.01681
0.0254367
0.00059
0.0285633
0.168497
0.0149667
0.00866667
0.0258633
0.09799
0.00012
0.000863333
0
0.00802333
0.0194133
0
0.13705
0.00130333
0.000506667
0
0.0184867
0.01221
0.0147
0.0671367
0.16601
0.00537
0
0.0197067
0
0.0183
0.04734
0.00717333
0.0200767
0
0.09349
7e-05
0.00860667
0.00019
0.00503
0.02214
0.01247
0.0452167
0
0.00061
0.000973333
0.0123133
0
0.0178867
0.100897
0.00157
0.000206667
0.00446333
0.00428667
0.03563
0
0.000976667
0.03637
0.00014
0
0.0878533
6.66667e-05
0.000176667
0.0494333
0.0186933
0.01049
0.00813667
0
0.0151
0.00784333
0.0180567
0.00303
0.0127233
0.0908
0.0211633
0.0197267
0.10883
0.0223633
0
0.00117667
0.00755333
0
9.66667e-05
0
0.00869333
0.0193767
0.0157233
0
0.00525333
0
0
0.000636667
0.0104333
0.00797667
0.05832
0.0405
0.000993333
0.00961
0.00016
0.000156667
0.00130333
7.33333e-05
0
0
0.0092
0.00300667
0.0527033
0.003
0.0175867
0.00311
0.000946667
0
0
0.00118
0.02712
0.08381
0
0.0002
0.00226333
0.0671633
0.02969
0.08395
0.394733
0.0252967
0.00352
0.0243067
0
0.0239267
0.00334
0.00514
0.178307
0.0107333
0.00906333
0.0205733
0.00418667
0.00152
0.00804667
0.000103333
0.10557
0.00164667
0
0.000683333
0.0304667
0.00493667
0.02368
0.0530467
0.00479667
0.00101333
8e-05
0.19416
0.0312733
0.0197867
0.0091
0.15958
0.00111
0.116533
0.00107333
0.000536667
0.0256367
0.00208333
0.0653833
0
0.0742667
0.02992
0.0372233
0.0243567
0.0545533
0.17445
0.140827
0.03145
0.03592
0.0076
0.00149
0
0.0272967
0.000326667
0.0378133
0.0245033
0.0115967
0.00092
0.00835667
0.0141733
0.000216667
0
0.04583
0.00312333
0.00593
0.000686667
0.0347667
0.000383333
0.00610333
0.00243
0.00764333
7.33333e-05
0.00029
0.000716667
0.0439033
9e-05
0
0.00740333
0.0175333
0.0292067
0.0136633
0.138973
0.00616
0
0.000693333
0
0.03682
0
0.00017
0.06525
0.0497567
0.0587667
0.0429467
0.0494233
0.00265667
0
0.00248333
0.0396033
0.00689333
0.00623
0.02606
0.0226367
0.00218667
0.0250067
0.0447933
0.0531667
0
0
0.0471133
0.255223
0
0.00529
0.01194
0
0
0.000373333
0
0.01824
0.00595
0
0.0105267
0.01454
0.0898167
0.0440467
0.00353
0.000666667
0.00138667
0.378843
0
0.00636333
0.000296667
0.179947
0.000453333
0.00541333
0.0233
0.0116433
0.0241067
0.0102733
0.00399333
0.0107367
0.0265633
0.00413667
0.01217
0.10557
0.0285167
0
0.11512
0.188153
0.0140133
0.04543
0.0245733
0.0440133
0.000946667
0.00297667
0.00204
0.401303
0.00547333
0.0821233
0.00241
0.0131267
0.000453333
0.00151
0.00561667
0.00314
0.05017
0.615853
0.00702
0.00011
0.581617
0.00103
0.00577
0.000923333
0.0529367
0.221913
0.00767333
0.0111333
0.05508
0.0418867
0.000176667
0.00069
0.02409
0.00781667
0.00335667
0.00625333
0.00112333
0.07475
0.00222667
0.589873
0.147
0.0494967
0.00593
0.00936
0.00156
8.66667e-05
0.22821
0
0
0
0.00483667
0
0.0310367
0.00754667
0.000693333
0
0
0.02708
0
0
0
0
0.0065
0.00023
0.00203333
0.0268167
0.0242367
0.00633
0.0153533
0.00475667
0
0.00411333
0.17426
0.0307867
0.00440333
0.0172133
0
0.02623
0.00904
0.00522
0
0.0147433
0
0
0.0089
8.66667e-05
0.0533867
0.00189667
0.02069
0.000733333
0
0
0
0
0
0
0.0697267
0.02995
0
0.00046
0.0159267
0.00934
0.00757333
0
0
0
0
0.00857667
0.00016
0.00101667
0.000263333
0.000176667
0.02564
0.448753
0.000386667
0.00129667
0.01977
0.04181
0
0.00267333
0.00571667
0.00100667
0.0183667
0
0
0.0337033
0.000113333
8.66667e-05
0
0.0128033
0
0.0244667
0.00039
0.14241
0.03969
0
0.0127667
0.0162633
0
0.0172133
0.02318
0.01146
0.0290133
0.00247667
0
8.66667e-05
8.66667e-05
0
0.0299067
0
0.0155
0
0.01632
0
0
0.00256
0.00013
0
0.000716667
0
0.00294667
0
0.00229333
0
0.00281667
0
0
0
0.00439667
0.00488667
0
0.00424667
0.00213333
0
0
0.000513333
0
0.00119
0.00973
0.00768333
0.000216667
0.00043
0.01781
0
0.0238567
0.00929667
0.00778667
0
0.00119333
0.00314667
0.00407333
0.00250667
0.00033
0
0
0.000456667
0
0.0118067
0.00086
0
0.00039
0.0508
0
0.0135233
0.00762
0.0110067
0.0256833
0
0.0494967
0.000196667
0
0
0
0
0
0.00503
0.03384
0.02224
7e-05
0
7e-05
0.0316167
0.00502
0.00218667
0.00383667
0.00108667
0.00573
0.0521333
0
0.00829333
0
0
0.0138933
0.00253333
0.0423733
0.02174
0.000873333
0.000503333
0
0
0.00146667
0
0
0.0293067
0
0.000696667
0.00602667
0.000353333
0.0441933
0.00733667
0.00137
0.0189767
0.000493333
0.0218433
0.00626333
0.00687333
0
0
0.00064
0.0105733
0
0
0
0.03005
0.212773
0.141043
0.00606
0
0.00484
0.391357
0.00565
0
0
0.0202833
0
0.0131033
0.0304033
0.0105167
0.00028
0.00306
0.0378567
9e-05
0.02829
0
0.0021
0.000923333
0.00069
0
0.00766667
0.00779
0.0551133
0
0
0.00201667
0
0.000483333
0
0
0.0222733
0.0432233
0.00157
0
0.0232433
0.01092
0
0
0.02142
0
0.0001
0.00345667
0.0304967
0.00365
0.03071
0
0.00528
0.000623333
0.00094
0.01034
0.10027
0.000316667
0.00100333
0.184307
0
0.0146733
0
0.00157333
0.00358667
0.000143333
0.0075
0
0.0253967
0.00091
0.02915
0
0
0
0.00349
0.0001
0.00959
0.0265633
9.33333e-05
0
0
0.0404167
0.0251333
0.00305333
0.00046
0.00322
0
0.000123333
0.0855067
0.0950933
0.000183333
0
0
0
0.0345867
7e-05
0
0.000216667
0.0217167
0
0
0.00175
0.0202333
0.00446333
0.00156333
0.00775
0.00152
0.000676667
0.00325333
0.000143333
7.33333e-05
0
0
0.150473
0
8.33333e-05
0.000193333
0
0.0343567
0
0.00439
0.0488
0.00223667
0.00133667
0.0308433
0.00938333
0.00281333
0.00410667
0
0.06247
0
0.00591
0.00045
0
0.00688667
0
0
0.00049
0.000293333
0.01995
0.0224733
0
0.03133
0.0321167
0.0274433
0.149207
0
0.00542333
0
0
0.0526333
8.66667e-05
0
0.000226667
0.03392
0.0292533
0
0.00119333
0.12284
0.000416667
0.000476667
0
0
0.20001
0
0
0.00499333
0.0390867
0.02601
0.00449
0.04957
0.00215333
0
0.00120667
0.00196333
0.0263633
0
0.0002
0.00458333
0.144363
0.247857
0.00101
0.05703
0
0
0
0.01067
0.01194
0.00436
0
0.0143567
0
0
0.000766667
0
0
0.00457
0.0359233
0
0.00225333
0.00222
0.00394
0
0
0
0.02806
0.01152
0
0
0
0
0
0
0.00207
0
0.02337
0.16877
0
0
0
0.000706667
0
0.000613333
0
0.0289733
0
0
0
0
0
0
0
0.00955333
0.0100367
0
0.0216467
0.0610033
0
0.00497
0.00681667
0.0283633
0
0
0.00696
0.00160667
0.00108
0.00045
0.0404367
0
0
0
0.0265933
0.000523333
0
0.0164833
0.0248633
0
0.00162
0.0353133
0
0
8e-05
0.00162
0
0.00500333
0
0.0151633
0
0
0
0
0.00027
0.00894667
0.0100533
0
0
0.00318667
0
0.00175333
0.02048
0.02993
0
0
0
0
0.03232
0
0.0229967
8.66667e-05
0
0.00350333
0.0123833
0.000226667
0
0
0.0331033
0.000846667
0.0134933
0.03355
0.00853
0.00149667
0
0.000103333
0.000306667
0.00153333
0
0.0123433
0
0
0
0
0.0535967
0.0001
0
0
0.01715
0
0.000663333
0
0.03353
0
0
0.0122033
0
0.02652
0.09512
0.00362
0.0551033
0.13548
0.00026
0
0
0.000243333
0
0
0.000633333
0
0
0.00664667
0.00231667
0.00285333
0.00490667
0
0
0
0.133307
0.0162733
0
0.00539667
0.05793
0.00746667
0.00761
0
0
0.000693333
0
0
0.00534333
0
0
0.000466667
0.0382033
0.0322933
0
0.03305
0
0.00318
0
0.00612667
0.000533333
0
0.0124267
0
0
0
0.00812333
0.000696667
0
0.0506067
0.01188
0
0.0236967
0.0102533
0.000306667
0
0
0
0.00096
0.00650333
0.000173333
0.0125733
0
0
0
0
0.0140567
0.000823333
0
0
0
0.0440833
0.00489
0.0343467
0
0
0.136087
0
0
0.000253333
0
0
0.00861333
0
0.00787
0.00042
0.00484333
0.0906367
0
0
0
0
0
0
0
0.00364667
0
0.19603
0
0.00335333
0
0
0
0
0.0334967
0.0021
0.00142667
0.03957
0.01285
0.02985
0.00105667
0
0
0.00970333
0.00326333
0.00484333
0
0.0365833
0.04983
0
0
0.00190667
0
0.0917767
0
0.00850333
0.01322
0
0
0
0.00108
0.00166667
0
0.00306
0.03882
0.00214333
0.02954
0
0.00454667
0.00334667
0.0180233
0.0072
0
0.0127267
0.000113333
0
0.00079
0
0.05041
8.33333e-05
0.00210667
0.00074
0.000183333
0.00508333
0
0
0.0144533
0
0.000753333
0
0.00227
0.00823667
0.000463333
0.00288
0.31216
0.0435867
0.00140667
0.0129433
0
0
0.00855
0.0170167
0.00079
0
0.00028
0.0202467
0
0.0022
0.00765333
0
0.000153333
0.00255
0.000646667
0.00570667
7.33333e-05
0.0101
0
0
0.00098
0.0314733
0.00137667
0.01299
0.00666333
0
0.58481
0
0
0
0
0
0
0.0197167
0
0
0.0374133
0
0
0.0121833
0.0262933
0
0
0.000686667
0
0
0.0334033
0
0.000293333
0.00394333
0.00892667
0.00238
0.00332333
0.00858
0.00164333
0.02131
0
0.000713333
0
0
0.00057
0.00183667
0
0
0
0
0
0.00207333
0.00437333
0.00235333
0.00693667
0.00203
0
0.00998
0
0
0.00259
0.0355133
0
0
0.00624333
0.00209333
0.107143
0.0179567
0.0108
0.03896
0
0.000483333
0
0.000433333
0.01153
0
0
0.0673733
0.0135967
0.00945333
0.00108333
0.0565633
0.000213333
0.0114667
0.0179233
0.00224667
0.000266667
0.000446667
0
0.00041
0
0.05857
0
0.0187067
0.00897
0.000293333
0.00294
0
0
0
0.03316
0.000453333
0
0.00041
0.06751
0.00910333
0.00361
0
0.00412
9e-05
0.00044
0.000696667
0
0.000103333
0.0264467
0.00962333
0
0
0
0
0.0177267
0.00956
0.01225
0.00863
0
0.00155
0
0.02308
0
0.00247
0
0
0
0.00067
0
0.00192
0
0.0136233
0.03095
0.01125
0.00391333
0
0.0195333
0
0.00439
0
0
0
0.0275733
0
0.000633333
0.01377
0
0.0281567
0
0
0
0.04396
0.000806667
0.03735
0.0162767
0.000713333
0.0451467
0.00216333
0.00285333
0
0.00589667
0
0.000206667
0.000133333
0
0.00452
0.00114667
0.00152
0.0123733
0.00733667
0
0
0
0
0
0
0
0.15855
0.00016
0
0
0
0.0156
0.00124333
0
0.00376333
0
0.0119833
0.00808
0.0137867
0
0
0
0
0
0
0
0.00187333
0.0100667
0.00995333
0
0
8.33333e-05
0.00153667
0.32326
0.01235
0.01149
0.000776667
0
0.00233333
0
0.000603333
0.01425
0.00108333
0
0.00649333
0.00534333
0.000656667
0
0.0143133
0.00517333
0.00011
0
0
0
0
0
0
0
0
0.000876667
0.000563333
0.0001
0.0246267
0.0279533
0
0.0308533
0.02936
0
0
0
0.02356
0.00242667
0
0.0297033
0
0
0
0
0
0.000296667
0.0106667
0
0
0.00667333
0
0.24166
0.0537
0
0.00115
0.0887033
0.000333333
0.0016
0.00628333
0.00236333
0.00418333
0.000293333
0.00252333
0.000166667
9.66667e-05
0.0771333
0.00636
0
0
0.000993333
0
0.000326667
0
0
0.08076
0.0841333
0.00724333
0.000553333
0
0.178253
0.000136667
0.00142667
0
0.00019
0.00264667
0.00251333
0.0253233
0.00634
0.0191167
0.02152
0.0175133
0.000916667
8e-05
0.301353
0.0314467
0.0295567
0.02016
0.02995
0.05101
0.0200667
0.0329467
0.01511
0.00819
0.0182367
0.00726
0.0309533
0.0554667
0.06681
0.00749667
0.0386867
0.000496667
0.0475333
0.00679667
0.0375867
0.12522
0.00229667
0.0264767
0.189197
0.0153467
0.000663333
0.0168667
0.104113
0.151073
0.291977
0.0207267
0.000616667
0.000466667
0.00160667
0.0161333
0.00121667
0.00295667
0.0190467
0.00240333
0.0427267
0
0.03041
0.0134067
0.06252
0
0.00772
0.00653
0
0.147473
0.00302667
0.141723
0.00141667
0.01788
0.000516667
0.00144667
0.00106333
0.0253667
0
0.0319867
0.00351667
0.0267967
0.00395333
7.33333e-05
0
0.00016
0.00012
0.0913767
0.0309133
0.117113
0.00662667
0.000676667
0.0186067
0
0.02668
0.0919967
0.0507667
0.0234667
0.0029
0.0862967
0.06647
0.177057
0.0262567
0.09871
0.0984433
0
0.162543
0.0200433
0.02341
0.00027
0.00286333
0.000126667
0.03607
0.0152667
0.05581
0.0103233
0.00027
0.0104533
0
0.00046
0.00197
0.00505667
0.0636633
0.000713333
0.14214
0.00732
0.00577
0.000736667
0.0402567
0.000126667
0.00749333
0.00594667
0.44893
0.000173333
0.123083
0.000806667
0.0271267
0
0.00179
0
0.0416933
0.00104333
0.000943333
0.00703667
0.0125033
0
0.00640667
0.00401333
0.00568667
0.00292667
0.09952
0.02771
0.0164833
0.0167667
0.00441
0.000263333
0
0.20288
0.0115467
0.00639333
0.000493333
0.0287
0.00027
0.0536433
0.00125
0.00392667
0.00962333
0.02775
0.000173333
0.0914767
0
0.0091
0.01533
0
0.00148667
0.00714
0.00146667
0.000503333
0
0.00405667
0.0447
0.0173567
0
0
0.00727667
0.00194
0.00433667
0.0186267
0.0297
0.02565
0.00629333
0.00115667
7e-05
0.00896333
0.03691
0.00371667
0.00725
0.00262
0
0.01617
0
0.000153333
0.0230133
0
0.00163333
8.33333e-05
0.0121767
0.00584333
0
0.0149767
0.0183967
0
0
0.0383767
0.0241567
0.000346667
0
0.00727667
0
0.0129167
0.0174433
0.000496667
0.0899333
0.0365033
0.0879133
0.184313
0.00071
0.01065
0.00224
0.00211667
0.0668433
0.01759
0.0322233
0.00126667
0
0.0174867
0.00499
0.00894667
0.00069
0.02432
0.00871333
0.000196667
0.00150667
0.00116667
0.171203
0.159103
0.0206333
0.0374967
0.01151
0.0146233
0.03259
0.00835667
0.00369333
7.66667e-05
0.0324133
0
0.0278733
0.0233267
0.135673
0.00123667
0.00066
0.000946667
0.00316667
0.00375333
0.29806
0.08596
0.30606
0.273173
0.00299
0.303633
0.0122733
0.000553333
0.01202
0.00167
0.00747
0.00137333
0.00421667
0.03516
0.25644
0.00314667
0.00125
0
0
7.33333e-05
0
0.00787
0.00616667
0.00297333
0
0
0.0251767
0.01462
0.000226667
0.0145867
0
0.0206633
0.000613333
0
0.000226667
0.0415267
0.0214567
0.0322533
0.00325667
0.00115667
0.00347
0.00358333
0
0
0.00345667
0.000156667
0.00837667
0.02888
0
0.00958667
0
0.00068
0.000713333
0.00271333
0.000313333
0.00293
0.03926
0.0215667
0
0
0.00546
0.00015
0.00642
0.06521
0.0590833
0.00253333
0
0.000126667
0.01154
0.0242767
0
0.01897
0
0.140583
0
0.16081
0
0
0.0166633
0
0
0.01403
0.0115833
0.000926667
0
0.00109
0.00648
0.0299833
0.02016
0.000736667
0.03053
7.66667e-05
0.00024
0.00522
0.0243567
0.000383333
0
0.00278667
0.00036
0.0174433
0.0171433
0.22615
0.00112333
0
0
0
0.000886667
0
0.00338
0.145883
0.00017
0.0149167
0.0366467
0
0.01194
0.0024
0.00300667
0.01852
0.00172
0.00839667
0.02523
0.0107367
0.00132667
0.00118333
0.00924667
0.0108
0.01925
0
0.0154067
0
0
0.00263
0.0233067
0.0264467
0.115877
0.0260367
0
0.00171667
0.01849
0.10743
0
0
0.000616667
0
0.00746667
0.000553333
0.00201333
0.0256167
0.0593167
0.0110467
0.0168833
0.00206667
0.0225867
0.02617
0.0423033
0.02309
0.000263333
0.00115
0.0145867
0
0.0138133
0.01271
0
0.00569667
0.00587667
0.0386833
0
0
0.000206667
0.00992333
0.00352
8e-05
0.0320533
0
0.000286667
0.02318
0
0
0.03212
0.117573
0.000556667
0.0140033
0.00134
0
0.0114933
0.00331333
0.458937
0.0192267
0.000376667
0
0
8e-05
0.02977
0.00698667
0.0132967
0.00051
0
0.00494333
0.000923333
0.00344667
0.09842
0.03458
0.0368333
0
0.01339
0.0309667
0.00100667
0.00142667
0.0357367
0.000293333
0.01104
0.00076
0.000313333
0.0178967
0
0.00805667
0.000463333
0.0244
0.0130633
0
0.000293333
0.00833333
0.02392
0.000296667
0.0997
0.0101467
0.0480867
0.00643667
0.0300333
0.0115867
0.0258167
0.01496
0.0421033
0.04042
0.0184867
0.160877
0.0306533
0.00115667
0
0
0
0
0.0689433
0.00025
0.00829667
0
0.01227
0.0102733
0.0231867
0.000686667
0.00522667
0.00971667
0
0.0331567
0.00307
0.00094
0.0103233
0.000986667
0.00774
0
0
0.00888
0.000383333
0.000256667
0
0.00335333
0
0.00166667
0
0.02364
0.000273333
0.0249133
0.000106667
0
0.0131933
0.0228167
0.00118
0.04143
0.0215933
0.0229
0.455167
0.0151567
0
0
0.0162967
0.255167
0.03252
0.000166667
0.172623
0
7e-05
0.00081
0.00076
0
0.0258667
0.00874667
0.0859333
0.0200167
0
0.00391
0.000573333
0
0.0026
0
0.107527
0
0
0
0.00543333
0
0.0464267
0.00115667
0
0.00316667
0.00672333
0.00445667
0.00537
0.00496333
0.000143333
0.00486667
0.11699
0.2947
0.000143333
0.00868
0.0171
0.0201467
0.0571667
0
0.000746667
0.103963
0
0.03535
0.00948667
0
0.0280867
0.02674
0.0224233
0
0.0181267
0.0187233
0.0533067
0.00139667
0.0158967
0.00014
0.0111333
0
0.0201567
0.03209
0.00295667
0.00139333
0.0931567
0.127553
0
0.00014
0.000913333
0.05213
0.00464667
0.277247
0.288127
0.00277
0.00402333
0.24745
0.04501
6.66667e-05
0.000176667
0.00749333
0.00717667
0.03569
0.00125667
0.00026
0.00558667
0
0.0522833
0.00068
0.000983333
0.00699333
0.0825133
0.00507667
0.00043
0
0
0
0.00959333
0.13421
0
0.02796
0.0676067
0.0176433
0
0.00144
0.00232
0.03107
0.00099
0.00938667
0.00932
0.0272167
0.00099
0
0.00199
0.105433
0.0141467
0.0225267
0
0.00221667
0.00793333
0.0160433
0.0235733
0.000843333
0.0243
0.00857333
0.00306
0.0131667
0.000123333
0.00132333
0.000866667
0.03227
0.000206667
0.000143333
0.00114333
0.0153467
0.00471
0.0029
0.0273433
0
0.0528533
0
0.00639
0.0314867
0.000153333
0.00308
0.0187033
0
0.0182533
0
0.312203
0
0
0
0.000596667
0.00756333
0.000306667
0.01843
8.66667e-05
0.00886333
0.0186067
9.33333e-05
0.000166667
0.0596667
0.0107433
0.05485
0.02464
0
0
0.00169667
0
0.00191333
0.0260533
0.00212333
0.000893333
0.00286333
0
0.0364467
0.0485333
0.178363
0.00898
0.101533
0.000176667
0.00156333
0.0218633
0.00158333
0.000233333
0.311127
0.00162667
0.0480533
0
0.02719
0
0
0.01506
0.0263933
0.0144533
0.157453
0.00808333
0.0111333
0.00141667
0.000963333
0
0.00987333
0.00461333
0.00354
0.00087
0.01757
0.01017
0
0.00339
0
0.00476333
0.000166667
0.00115667
7.66667e-05
0.11221
0.000293333
0
0.0594267
0.00382333
0
0.00313
0.000513333
0.0147333
0.11496
0.000373333
0.0290567
0
0.000873333
0.00711
0
0.108243
0.00743667
0
0
0
0.01246
0
0
0.0123233
0
0
0.0160767
0.00086
0.2263
0.138743
0
0
0.01958
0
0.01943
0
0.0246767
0
8.66667e-05
0.0395333
0
0
0.00016
0.00672
0
0.01731
0.0126867
0.00031
0.01019
0.140527
0.00374
0.00857333
0
0.00047
0.00195
0.00933
0.000413333
0.00772667
0.156843
0.06109
0.00490333
0.0199533
0.178713
0.01262
0.0487367
0.00274333
0.0219167
0.00220333
0.02481
0.000156667
0.000636667
0.00787667
0.00408667
0.0584533
0.00204
0
0.00881
0.000986667
0
0.0293867
0.00550333
0
0.00739
0.0486567
0
0.01588
0.000266667
0
0.0350167
0.0325267
0
0.02063
0.00324667
0.174067
0.000586667
0.0408433
0
0.0173333
0.41866
0.0405167
0.000916667
0.0454067
0.000756667
0.00914333
0.00273667
0.00238333
0.0301467
0.0293
0.00944667
0.00488667
0.000903333
0.0287967
0.10121
0.0406433
0.000413333
0.150957
0.0442067
0.0149767
0.03253
0.000176667
0.138383
0
0.00152667
0.00813333
0.0284433
0.318937
0.07891
0.00029
0.00737667
0.000293333
0.0699767
0.0152633
0.05735
0.135787
0.0892833
0.000176667
0.193117
0.000156667
0.355283
0.00902
0.00085
0.00209333
0.00265333
0.0139667
0.00169
0.00456667
0.00134
0.00133667
0.0388367
0.01176
0.0206333
0.117973
0.03646
0.0350967
0.0103267
0.141127
0.00329
0.16035
0.000156667
0.00171
0.00166333
0.00133667
0.195283
0.00621333
0.00104667
0.000526667
0.00158333
0.03191
0.0193733
0
0
0.304193
0.03749
0.19983
0
0.156097
0.0415567
0.00071
0.00103
0.229177
0.03211
0.00333
0
0.00102333
0.00848667
0.05541
0.0915367
0
0.0182933
0.0191733
0.00203
0.00597
0.0369167
0.00994667
0
0.00158667
0.02147
0
0.00029
0
0.000536667
0.00773
0.110087
0.0293267
0.0003
0
0.00018
0.00131
0
0
0.000136667
0.0157333
0
0.00187667
0.219483
0.000723333
0.00016
0.000236667
0
0.00163667
0.00716
0.0203733
0.000706667
0.000833333
0.0355267
0
0.0129233
0.00057
0.000326667
0.00234333
0.01725
0
0
0
0.0631267
0.0562467
0
0
0.00479333
0.0244967
0.00015
0.0118067
0.0631167
0.00485
0.01326
0.0137733
0.14055
0
0.00965667
0.000166667
0.00705667
0
0
0.00582333
0.0198667
0
0.00714
0
0
0.01409
0
0.00065
0.0194633
0
0
0.195723
0.0206667
0.16706
0.0737767
0.0421233
0.01998
0.00240333
0.143063
0
0.00284667
0.00374667
0.00057
0.00286
0.00208
0
0.000983333
0
0
0.28183
0.000456667
0.00255667
0.0113133
0
0.00513
0.00203333
0.0241033
0
0.00505667
0
0.00117
0
0.00108
0.00155667
0.01225
0.257347
0
0.0309367
0.05537
0
0
0.00182333
0.00204667
0
0.02437
0
0.0203933
0.00158667
0.00103333
0.0329933
0.00712667
0.01186
0.011
0.01428
0.220613
0.0169933
0.02274
0
0.00180667
0.00275333
0.00119333
0
0.01872
0.0423733
0
0.01366
0
0.00837
0.000373333
0.0201233
0
0.00859
0.0105267
0.0139867
0
0.000513333
0.01173
0.00042
0.02122
0.00111
0.00683
0.0581467
0.0181333
0
0
0.00014
0.00520667
0.000663333
0.0190733
7.33333e-05
0
0.00933667
0.170593
0.00069
0.00227
0.000473333
0.00328333
0.0524133
0.00189667
0.00015
0
0
0.00534
0
0.000176667
0.0338333
0.000143333
0
0
0.0222867
0.0281267
0.04762
0.125157
0.0101233
0
0.0029
0.51284
0.0216267
0
0.000746667
0.0241333
0.0105233
0.0324033
0.0187967
0
0
0.00696333
0.00015
0.0238267
0.01506
0.0129033
0.000116667
0.00015
0
0
0
0.0293033
0
0.00710333
0
0
0.140067
0
0.0205833
0.0343433
0
0.000173333
0.00845
8.33333e-05
0
0.01685
0.0634367
0
8.66667e-05
0
0.02779
0.0100267
0.00261333
0
0
0.00595333
0
0.000126667
0.0266333
0.0162633
0.01698
0.00298667
0
0.00598
0
0.000103333
0.00748667
0
0.00747
0
0.0143933
0.00023
0.0778967
0.11281
0
0
8e-05
0.000263333
0.00206
0
0
0.00078
0
0
0.02216
0.00794
0.00631
0.00331
0.03194
0.0105933
0.00455333
0
0.001
0.14354
0
0.00101333
0.00014
0.00053
0.00109667
0.00683333
0.0274967
0
0
0
0
0
0.08729
0.00113333
0.000176667
0
0
0.00011
0
0
0
0
0
0.00409
0.00629333
0.0231567
0.00133
0
0
0
0
0
0.00637667
0.136057
0.0160933
0.14306
0
0
0.03013
0
0.03524
0
0.0413033
0
0.03466
0.000293333
0
0.000856667
0.00203667
0.00430333
0.0536767
0.000663333
0.0116233
0.00303333
0
0
0.00801
0.00262667
0.00151333
0.00907333
0.00802
0.03523
8.33333e-05
0.00359333
0.00667
0.00448667
0.02022
0.02083
0
0
0.00969333
0.000606667
0.01887
0.00355333
0.0223367
0.0428967
0.000423333
0.00045
0.0108833
0
0.00219333
0.00179667
0
0.02793
8.66667e-05
0.00112333
0.00458
0.0291867
0
0.00104333
0
0
0.00822333
0.00488333
0.00127333
0.0408633
0
0
0.00320667
0.00323
0.000683333
0
0.00382333
0
0.00603667
0.000353333
0
0.0432533
0
0
0.0120167
0.00416
0
0
0.00146
0
0.02015
0
0.00112
0.0137167
0.0072
0.00262667
0.0341
0.000103333
0
0.01207
0.000196667
0.01263
0
0.135837
0.1551
0.0352967
0.00606
0.0110167
0.0335
0.0305133
0.000843333
0.00213667
0
0
0
0
0
0.0482933
0.00815667
0.02433
0
0
0.0259467
0.0230267
0.000306667
0.196487
0.00048
0.232457
0.0946333
0.02925
0
0
0.01147
0
0.00136667
0
0
0.00628
0
0
0
0.0127933
0.0106433
0.00681
0
0
0
0.00063
0
0.00102333
0
0
0.00824
0.0232067
0
0
0.0741233
0.00639667
0
0.00394333
0.00692
0
0
0.000703333
0.0478267
0.0438667
0.00794667
0
0.0332067
0
0.0179233
0.00199667
0.0259533
0.04257
0.00686667
0.0441133
0.0190967
0.00808
0.0256233
0
0.000173333
0
0
0
0
0
0.00035
0.00299333
0.0121533
0
0
0.0324133
0.0100033
0
0
0
0
0.00210333
0
0.00069
0
7.33333e-05
0.00851
0.00376
0.00299
0.12421
0.0157967
0.0311267
0.00417667
0.000536667
0.104213
0.0385867
0
0
0.04817
0.02509
0.02478
0
0
0
0.000686667
0
0
0.00187333
0.00136333
0.00777667
0.0119133
0
0.04709
0
0
0.00139
0
0.02329
0
0
0.000726667
0
0.0398133
0.00430333
0.00156333
0.07857
0.00263333
0
0
0.000203333
0
0
0.00462667
0.0324867
0.0108667
0.000713333
0.0178867
0.0316667
0.02179
0.0388933
0.0291133
0.02529
0
0
0
0
0
0.0383867
0.0343733
8.66667e-05
8.66667e-05
0
9.33333e-05
0.02442
0.0735
0.00909
0
0.00156333
0
0
0
0
0
0
0
0
0
0
0.00312
0
0.00043
0.0192567
0
0.000826667
0
0.0582767
0.13954
0.16985
0.0110033
0
0
0.000323333
0.17596
0.0191333
0.00128
0.02291
0
0.00064
0.0114
0.0152267
0.02172
0.00011
0.02966
0.00706
0
0.0028
0.00596667
0
0.0281733
0.13515
0
0
0
0
0.0290633
0.00231667
0.00328333
0.306723
0.0308933
0.0386133
0.00423667
0.0017
0.01772
0.000486667
0
0.00011
0
0.00254667
0.0341167
0.0183667
0
0.07011
0.0105233
0.342523
0.103507
0
0
0.00133667
0.01515
0
0
0.0474633
0.01733
0.0292033
0.00443667
0.00291667
0.0259433
0.00931667
0
0.00177
0
0.00415333
0
0.0357167
0.249093
0.00875333
0.00017
0
0.000103333
0.02068
0
0.00011
0
0
0
0.00243333
0
0
0.0191067
0.0319567
0.0324933
0.0221733
0.02623
0.000146667
0
0.00227
0
0.0001
0.00718333
0.0170833
0
0.0812667
0.117763
0.0453233
0.05165
0.00616
0.00295
0
0
0
0
0
0.0129033
0.02003
0.000386667
0.00466333
0.0186867
0.0215
0.00109
0.02561
0.0691433
0.0523633
0.0234733
0
0.00358667
0
0.00806667
0.000216667
0.00116333
0
0.000706667
0.00450333
0
0.01279
0.00043
0.0109133
0
0
0
0
0
0
0
0.00531333
0
0
0
0.0260133
0.00151
0
0.00381667
0.02791
0.02963
0.00198333
0.0196667
0.00180333
0.02634
0.0237733
0
0
0
0.01807
0
0
0
0.00016
0
0
8.66667e-05
0.130253
0.000216667
0.000343333
0.00115667
0.000716667
0
0.02679
0.000716667
0.00307667
0.0127367
0
0.00331
0.00314
0
0.000343333
0.0123033
0.0564433
0.0145067
0.0940267
0.0289433
0.00545
0.00206333
0.0260667
0.00100667
0.00549333
0.0130267
0.000106667
0
0.00245
0
0
0.01162
8e-05
0
0.0116167
0.0001
0.00297333
0.00589333
0.00895667
0.00658333
0.00175
0
0
0.0001
0
0
0
0.00321333
0.0223167
0.0358133
0.00294667
0.00227667
0
0
0.0203733
0
0.03241
0.000713333
0.02961
0
0.00778333
0.000616667
0.00336
0
0.00378667
0
0.00122333
0
0
0
0
0.02834
0.00948
0
0
0
0.00273667
0
0.0178
0
0.00557
0
0
0.00483667
0.00033
0.00174
0.0260567
0
0.00457333
0
0
0
0.00324667
0
0
0
0
0
0
0
0
8e-05
0
0
0.00985667
0
0.000456667
0
0.00057
0.325627
0.06396
0.0451067
0.0366367
0.00336667
0.06054
0.102553
0.000363333
0.02479
0.0233733
0.0176667
0.0197467
0.00054
0
0
0
0.000176667
0
0
0
0
0.0332633
0.0445567
0.000123333
0.000453333
0.0216233
0.00014
0
0
0
0
0.00142
0
0
0.000706667
0
0
0
0.000703333
0.00335667
0.02294
0.00014
0.00696667
0.00378333
0.0167567
7.33333e-05
0.00419667
0
0.4297
0.00475667
0.00913667
0
0.00467333
0.00809333
0.0300833
0
0.00392
0.417073
0.05334
0.000796667
0.0136333
0
0
0
0
0.00504333
0.00053
0.00379333
0
0.000243333
0
0
0.02696
0.00038
0
0.00862667
0.02043
0
0.000643333
0.0096
0.0156667
0.00603333
0
0
0
0.0353567
0.00156333
9e-05
0.00016
0.00018
0.00416
0.00923667
0.00499667
0.0273533
0
0.00524333
0
0.000293333
0.00012
0.000596667
0
0.00261333
0.0135967
0.00622667
0.01654
0.00317333
0.00723
0
0
0
0.00180667
0
0.00185667
0.00129
0
0.247087
0.000623333
0
0.0308967
0.00208667
0
0
0
0.00137667
0.000413333
0.0316767
0.00203333
0
0
0.0194833
0.0254567
0
0.00077
0
0
0
0
0
0.0284967
0.0155833
0.0296867
0.00195667
0
0
0.00148667
0
0.00323
0.00072
0.00190333
0.01563
0
0.00765333
0
0.000976667
0.000976667
0
0.00466667
0
0
0
0.000596667
0.00773
0.00212333
0
0
0
0
0
0.01043
0
0.0249733
0.0321333
0.00588
0
0.05986
0.0259467
0
0
0.000243333
0.01465
0
0
0.0126167
0.00529333
0
0
0
0
0.00294333
0.0249933
0.0309933
0.0253533
0.0285333
0.0174733
7.66667e-05
0.01829
0.0082
0
0.0189533
0.00564
0.0268567
0
0.0314433
0.00214333
0
0.0091
0.00491
0
0.00028
0.00019
0.03198
0.00046
0.00329667
0.000526667
0.00018
0.000426667
0.000553333
9.66667e-05
0.000596667
0.00412333
0.00651
0.00342667
0
0.00290333
0.03517
0.00292333
0
0
0.0744933
0.0520533
0
0
0
0.0395867
0
0
0
0.00164333
0.00085
0.000336667
0.00034
0
0
0
0
0.00855667
0.0001
0.0149033
0
0.0062
0.0275267
0.01579
0.00152
0.00661333
0.00853667
0
0.000406667
0.00935333
0
0
0.0199433
0
0.00497333
0.00013
0.00198667
0.02006
0.00091
0.0234767
0
0.00446
0
0
0
0.00575333
0
0
0.00028
0
0
0.00142667
0.00107
0.00143667
0
0
0
0.06049
0.000266667
0
0.00078
0.00116
0.000693333
0.000643333
0
0
0.0141267
0
0.00904333
0.00450667
0.0001
0
0.0172467
0.03162
0
0
0
0
0
0
0.00368
0
0.00019
0.00322
0.0122267
0.000596667
0.00118667
0
0.00495333
0.00019
0.0223267
0.000593333
0.239637
0.0153233
0.00554
0
0.00362
0
0.00079
0.0128767
0.0165033
0.0255067
0.00460667
0.00540333
0.01038
0.000933333
0.000503333
0.00704667
9e-05
0.00409
0.0139567
0.000893333
0
0.00052
0.000183333
0
0.00622333
0.00799667
0.000133333
0.00142333
0.0126567
0.00603333
0.00686333
0.02031
0.0166667
0.00863667
0.00541333
0.0438133
0.09316
0.569647
0
0.0151667
0.0477933
0.162637
0.000883333
0.00150667
0.0106567
0.0196733
0.00391
0.0130133
0.00078
7e-05
0
0.000976667
0.00771667
0.00023
0
0
0.00357333
0.00023
0.000226667
0.0245467
0.00126
0.00176
0.00023
0.00322667
0.000343333
0
0.00430333
0.0373433
0.09094
0
0
0.000903333
0
0
0.0981067
0.0393267
0.05673
0.29406
0.275397
0.0256433
0
0.000413333
0
0.0247433
0.0377867
0.00276
0.15789
0.09152
0.00352667
0.02886
0.0115
0
0.00472667
0.00200333
0
0.149503
0.336283
0.0204733
0.00471
0
0.00165
0.000676667
0.0024
0.000126667
0.00226
0.00047
0.00519
0
0
0
0.02214
0.0231433
0.0135533
0.0006
0
0.02951
0.00216667
0
0.00431333
0.00735333
0
0
0
0
0.03754
0
0
0
0
0.00448667
0
0.000566667
0.115347
0.0147533
0.0222067
0.01154
0.00279667
0.0168933
0.00188
0.00027
0.03609
0
0.00017
0.000956667
0.00224
0
0.0109967
0.01898
0.00293333
0
0.000463333
0.000183333
0.000896667
0.00097
0.00894667
0.000213333
0
0.0446967
0.0238533
0
0.0318467
0.00656667
0.000153333
0.00299333
0.000473333
0.0274633
0.0100167
9e-05
0.02413
0.0144733
0.0242833
0.00046
0
0
0.000503333
0.00854333
0.00184667
0
0.00713667
0.0175633
0
0.00105
0
0
0
0
0.000566667
0.02317
0.0272733
0
0
0
0
0.00977333
0
0.02559
0.0246067
0.02249
0.148037
0.05257
0.00011
0
0.00873333
0
0.000346667
0.00280667
0.0016
0
0.0399733
7.33333e-05
0.00963333
0.0036
0.00058
0.00312
0.0227967
0.0246933
0.0152167
0.000496667
0.01656
0.01021
0.0140767
0.00147667
0.00999667
0
0.0252067
0.00813333
0.0189267
0.0212567
0.000406667
0
0
0.02834
0
0
0
0.00723667
0
0
0
0.00484
0.195987
0
0.0102267
0
0.00018
0.00028
0
0.000123333
0.00103667
0.0242967
0.0318233
0
0
0.00145333
0
7.33333e-05
7.33333e-05
0
0
0
0.000156667
0.00175333
0.00619
0.0018
0
0
0.00454
0.000413333
0
0.00664667
0
0.00437
0
0.000203333
0
0
0.00196667
0
0
0
0.0118633
0.4296
0.0152633
0.0125433
0.000246667
0
0
0
0
0
0.0232267
0.0126233
0
0.00131667
0
0
0.02014
0.0727867
0.177577
0
0
0
0.0373933
0.0618133
0.0684867
0.000913333
0.0769867
0
0
0.0198633
0.00016
0.00306667
0.000433333
0
0
0.000203333
0.0229267
0
0
0
0.04777
0
0
0
0
0.0142833
0
0
0.00012
0
0
0
0
0
0
0.0732033
0
0.286073
0
0
0.000213333
0.0359567
0
0
0.00028
0
0.00729
0
0
0
0
0
0.0441267
0.00886667
0.0207967
0
0.00352
0.0101467
0.0137933
0.0324067
0.0257733
0.00301
0.00813667
0.0245867
0.00806
0.0362133
0.0236733
0.00047
0.00036
0.0338467
0
0.0392833
0
0.0179067
0.000906667
0.0168767
0.00125
0.0267833
0.0122067
0.0160433
0.0102567
0.0164233
0
0
0
0.0368833
0
0
0.00389333
0
0.0480433
0.0310767
0.03869
0.000233333
0
0
0.000343333
0
0.00081
0.00240333
0.0231367
0
0.00014
0.000586667
0.000806667
0
0.00099
0
0
0
0
0.01063
0
0.0260833
0.000663333
0
0.00013
0
0
0
0.00591
0.00542667
0.00156667
0.0258967
0.0126367
0.0301867
0
0
0
0
0.06227
0.02574
0.10671
8e-05
0
0
0
0
0
0.00012
0
0
0.0529833
0.0560833
0
0.00023
0.00202333
0
0
0.0127233
0.0191233
0.0298967
0.00185333
0.0155167
0.01435
0
0
0
0
0
0
0
0
0
0
0
0
0.00386
0
0.000876667
0.0689067
0.01108
0.0178333
0.15105
0.02078
0.000113333
0.00225
0
0.00741333
0.00124333
0.000393333
0.0456367
0
0
0.00113667
0
0
0
0
0
0.18804
0
0.01244
0
0
0
0
7.66667e-05
0.00765
0.00940333
0
0.00124
0.03685
0.0264233
0.00787667
0.00473667
0.000256667
0
0
0
0.000213333
0
0
0
0
0
0
0.0329167
0.000176667
0
0.00250333
0
0.0118567
0.0373533
0.000896667
0.0608433
0.0146533
0.000823333
0
0
0.000893333
0.0158167
0.00232333
0
0
0
0
0
0
0
0
0
0
0
0
0
0
0
0.00767
0.0100833
0
0
0
0
0
0.02946
0.01344
0.03353
0.02532
0.02329
0.000553333
0.00186333
0.0190567
0.01649
0
0
0
0
0
0.00197667
0.00634
0
0
0
0.00319333
0.0644933
0.00014
0
0.00115
0.05183
0.02279
0.0482833
0
0.000563333
0
0
0
0
0.0969633
0
0.00196667
0
0.000246667
0.0265
0
0.0046
0.00182
0.0343167
0.0248233
0
0.00183333
0.00217333
0.00191333
0
0.000533333
0.00045
0.000106667
0
0
0.0173033
0.0113633
0
0.0896033
0
0.00101333
0.00447333
0
0.0179233
0.03538
0.000156667
0
0
0.04712
0
0
0
0
0.000363333
0.0314133
0.0255633
0.170973
0.01305
0.0151133
0.0189467
0.00425
0
0.01854
0.000133333
0
0
0.000796667
0
0
0.06664
0.000243333
0.00313333
0
0.03719
0.0584667
0.04227
0.0626767
0.00145
0
0
0.0221567
0
0.00299667
0.000136667
0.00334333
0.00844333
0
0
0
0
0
0.04612
0
0.04338
0.00022
0.000563333
0
0
0
0
0
0
0
0.00246
0.000563333
0
0
0.00716
0
0.02536
0.00568667
0
0
0
0.00124
0
0
0
0.0265067
0.298913
0.0976933
0.56275
0.0611567
0.000633333
0
0.00285333
0
0
0.03767
0.00241333
0
0
0
0
0.0112767
0
0
0
0.0134833
0
0.00181
0
0.00254333
0.0119
0.000186667
0
0
0
0
0
0
0
0.0022
0.00081
0
0.0458367
0
0.00083
0
0
0
0.00175
0.00072
0.01498
0.00151333
0
0.0286767
0.0786467
0.0117367
0.01513
0
0
0.000606667
8.33333e-05
0
0.0426067
0.00059
0.00151667
0
0.00269
0
0.000963333
0
0
0
0.03457
0
0
0
0
0
0.0542567
0.00732333
0.392407
0
0.000886667
0.000306667
0
0.00196333
0.0132733
0.000266667
0
0
0
0
0
0
0
0.00739333
0.0252833
0
0
0
0.00223333
0
0
0
0.00066
0.000123333
0.00105
0.00021
0.0155733
0.000823333
0
0
0.02294
0
0.0237733
0.01144
0
0.0491567
0.000816667
0.00967
0.0222633
0
0.140887
0
0.0202933
0.00812333
0
0.11184
0.00024
0.00078
0.00112333
0.00081
0.00685333
0.00105333
0
0
0.0177633
0.0652733
0.001
0
0
0.02023
0
0
0.02293
0.00105
0
0.01525
0
0.37664
0
0
0
0
0
0.02073
0.0106233
0.01652
0.00182
0.0389433
0.0371267
0.000103333
0
0
0
0.0560333
0.000933333
0
0.00558
0.0285433
0.0291233
0.02351
0.00061
0.0669467
0
0.00023
0
0.00754
0
0.000196667
0.00480667
0.01464
0.01252
0.000126667
0.00105667
0.00818667
0.0190933
0.00355333
0.00441333
0.0107767
0
0.00091
0.04429
0
0.0336833
0.00016
0.00318
0.0249933
0.01014
0.01224
0.0157767
0.00064
0.000193333
0.0223333
0.00668667
0
0.0188533
0.00011
0.000676667
0
0
0
0
7.33333e-05
0.000746667
0.00226667
9.66667e-05
0.00639667
0.00183667
0
0.12662
0
0.00523333
0.0261367
0.000116667
0
0
0.00741
0.00716667
0.00203667
0.000896667
0.000176667
0
0
7e-05
0.00984333
0.00852
0.0151133
0.000386667
0.00448333
0
0.00118333
0.00906333
0
0
0.0133633
0
0.00064
0.0126567
0.0265333
0.00793667
0.00659
0.00237333
0.199673
0.02514
0
0.00246667
0
0
0.00943
0.0243733
0.0131167
0.0289067
0.00545
0.131197
0.04537
0.0843767
0.00371
0
0
0
0
0
0.0185433
0
0.0197967
0
0.103903
0.00691333
0
0.0546867
0.0180433
0
0.0210233
0.00039
0.00011
0.01345
0.000553333
0
0.0655933
0
0
0.0238733
0.00520667
0.00755333
0
0.05506
0.0142467
0.00515667
0
0
0.00442667
0
0
0.00796333
0.00196333
0.0134433
0.00103333
0
0.0307633
0
0
0.00145
6.66667e-05
0.000133333
0.0323467
0
0.00347333
0.0150533
0
0.191153
0.208193
0.0439367
0.001
0.00121667
0.01179
0.0159833
0.02863
0.0194633
0.000366667
0.00183333
0.0521433
0.0118
0.146647
0.00842333
0.00748333
0
0.0471633
0.0049
0.0543567
0.23667
0
0
0.000213333
0
0.00282
0
0.00708667
0.00087
0.000283333
0.0445733
0.0287933
0.5368
0
0
0.00543333
0.0193033
0.14611
8.33333e-05
0.107337
0.0782733
0
0.00143
0.00851667
0
0.01694
0.00626667
0
0
0.00440333
0
0
0.00325
0.00127333
0.000513333
0.0220167
0
0.00027
0.00722667
0.00872667
0.00104333
0.0299633
7.33333e-05
0.00118667
0.00475667
0
0.0009
0
0.000393333
0
0.0201133
0.0533433
0
0.000563333
0.00697333
0.0417833
0.00181333
0.00031
0.01886
0.00295333
0.0268867
0.00183333
0.106213
0.0128367
0.00533333
0.000756667
0.00407
0.00098
0.00469667
0
0.00892333
0.01907
0.000206667
0.0204067
0.08343
0.000863333
0.00686667
0.0227667
0.00522333
0.02734
0.02804
0.04616
0
0.0304367
0.28554
0
0
0.000263333
0.00830667
0.00367333
0.000256667
0.000663333
0.0243567
0.06165
0.00419333
0.0117167
0.0558767
0.00128
0.00145
0.0232733
0.000756667
0.0126533
0.0101633
0.0440067
0
0.0404533
0.01546
0.0578133
0.0863267
0.00120333
0.03063
0.00422667
0.00017
0.00203333
0.01492
0.00524333
0.00027
0.000493333
0.01246
0.04342
0.0138967
0.00027
0.0102967
0
0.000746667
0.0336267
0.00378
0
0.0492933
0.00352667
0.02658
0
0
8.66667e-05
0.0162233
8.66667e-05
0
0.000283333
0.0450567
0.00188
0.00113667
0.00113
0.00317667
0.00153333
0
0.00548667
0.00265667
0.0063
0.0321467
0.0201267
0.0001
0.00948667
0.0246933
0
0.41745
0.10928
0.0001
0
0.12285
0.0589167
0.0349533
0.0525
0.00226333
0.00386333
0.00032
0.140357
0
0.000323333
0.0225133
0.00031
0.00599
0.00015
0.00906667
0.00613333
0.06669
0.0689033
0.0455567
9e-05
0.01355
0.0001
0.0207133
0
0
0.000303333
0.00519
0.03462
0.0133067
0.100467
0
0.0405533
0.00919333
0.00391667
0.0672933
0.0637233
0.0631567
0.000526667
0
0.0319733
0.000273333
0
0
0.00463
0.000463333
0.0391767
0.0193933
0.223083
0.0378833
0.0101433
0.0291733
0.00107667
0.00960333
0
0.04896
0.00115
0
0.0209
0.000686667
0
0.00630667
0.00671333
0.12751
0
0.0170967
0
0.00729667
0.00435333
0.000106667
0.03532
0.00828
0.0508433
0.0312933
0
0.01896
0.00223667
0.0342233
0
0.0579233
0.00427333
0.000283333
0.000533333
0
0.0127833
0.000206667
0
0.00964
0.000686667
0
0.02379
0.52617
0
0.17044
0.0001
0.00176667
0
0.03138
0.0143133
0.0155033
0.0274567
0
0.01198
0.02406
0.04115
8.66667e-05
0
0.02676
0.0142433
0.00303667
0.0001
0.00876333
0.00384
0.00079
0.00149333
0.1252
0.00035
0.00143333
0.00202
0.000113333
0.00332667
0.0934233
0
0.00134333
9.66667e-05
0.0152233
0.05108
0.04514
0.44236
0.05125
0
0
0.00169
0.0219933
0.0269733
0.00396
0.0145767
0.00018
0.00015
0.0213733
0.0128967
0.116003
0.00144667
0.0385667
0.00715667
0.0341233
0.0426267
0.000233333
0.00106667
0.00221
0.00656
0.0576167
0
0.0302233
0.01431
0.00527
0.00169667
0.0106933
0.00103
0.00108667
0.00162667
0.00824667
0.00496
0.0351233
0.0808533
0
0.00158333
0.000266667
0
0
9.33333e-05
0.000456667
0.00499667
0.459393
0
0.10356
0.0175433
0.00011
0.00950333
0.0236367
0.00191
0
0.00151
0.04511
0.00842
0.00152667
0.02259
9.66667e-05
0.00012
0.000326667
0.0877367
0
0.0488167
0.000356667
0.00105333
0
0.13586
0.0101
0.00603667
0.000113333
0.0303
0.000396667
0.00556
0.000316667
0.00643667
0.02563
0.00827
0.00891333
0.00125
0.0210467
0.00325
0
0.0487333
0.0499167
0.00504667
0
0.00543
0.0435967
0.0106033
0.0101833
0.000313333
0.0103867
0.00899333
0.00779
0.0143267
0.0365933
0.237317
0.00800333
0.0101533
0.000103333
0.000226667
0.000103333
0.06081
0.02966
0.0817833
0.0375233
0.000243333
0.0320633
0
0.00036
0
0
0.00033
0
0.00217333
0.000176667
0.000246667
0.0171367
0.00285333
0.0219333
0.000293333
0
0.0477933
0
0.00186667
0.00788333
0.000303333
0.0300533
0.00082
0.00225
0.00427
0.00361667
0
0.00479
0.24255
0.01005
0.00216333
0
0.00639333
0.0154133
0.000313333
0.0244633
0.172147
0.00801333
0.00774333
0.000733333
0.00114333
0.100903
0
0.01043
0
0
0.0129733
0.0380633
0.0595233
0
0.000156667
0.000303333
0
0.00286667
0.00037
0.0220433
0
0.06594
0.00562
0.0483833
0.0624567
0.04887
0.0842367
0.0267667
0.00215667
0
0.00806333
0.0651733
0
0.0247267
0.0483833
0
0.00611667
0.107907
0.000326667
0.00357667
0.0521233
0.00958667
0.0145
0.0252533
0.0203433
0.00402
0.0025
0.000226667
0
0.04691
0.00504667
0
0.00217333
0.00286667
0.0463733
0.0111033
0
0.0666433
0.00384
0.00556333
0.0197433
0.0243867
0.00143667
0.00302667
0
0.00782333
0.25809
0.00248667
0.00256
0.0478567
0.0117267
0
0
0.01908
0.0555667
0.00142667
0
0.00152667
0.00077
0.0245933
0.00770667
0.00551
0
0.00076
0.02164
0.000836667
0.03239
0.0462133
0.203903
0.06733
0
0.0675233
0.00022
0.0615967
0.00063
0.00500667
0
0.04229
0.00329667
0
0
0
0.0163933
0.000373333
0
0.00724333
0
0.09685
0.03839
0.0204367
0.0271833
0.0142867
0.000126667
0.00104333
0
0.01163
0.00600333
0.0355533
0.0417767
0
0.05426
0.210503
0.00145333
0.251537
0
0.08937
0.0791833
0.02035
0
0
0.03445
0.07495
0.15425
0.00978
0.0009
0.00168
0
0.222437
0.12209
0.0195267
0
0.000893333
0
0
0
0.000416667
0.00043
0.00069
0.000416667
0.04228
0.00063
0.1046
0.01533
0.01639
0.197143
0.117397
0.00547333
0.000363333
0.0103967
0.0572733
0.2216
0.00178
0.02827
0.00960667
0.03248
0
0.0162433
0.0409667
0.00111667
0.0143167
0.15219
0
0.00802
0.00145667
0.0128267
0.0440633
0.00120667
0
0.03658
0.132437
0.1885
0.0439633
0.109147
0.00121667
0.19387
0.0864633
0.00964667
0.00443667
0.231567
0.00204
0.208467
0
0.0296133
0.000443333
0.01647
0.0730867
0.000476667
0
0.00028
0.00547667
0.00185667
0.000166667
0.0167667
0.0126733
0
7.66667e-05
0.000283333
0.00031
0
0
0
0
0.00171667
0.0584167
0.00088
0.04289
0.00027
0.00019
0
0
0.0388333
0.00247667
0.01891
0.0696267
0.00161
0.0118633
0.03811
0.0189367
0.00078
0.00582333
0
0.00012
0
0
0.125857
0.000403333
0
0.00603667
0.0266567
0.000436667
0.02411
0.000106667
0.0227467
0.144407
0.00145667
0
0
0.0609567
0.0751333
0.00124667
0
0.0347433
0.07507
0.00553667
0.00460333
0.238943
0.000656667
0.0584567
0.0157433
0.00437667
0.169907
0
0.00027
0.03755
0.0128233
0.000273333
0.00207
0.0762333
0.03792
0.0970733
0
0.0825267
0.000123333
0.0524767
0.000113333
0.00348667
0.0140267
0.155303
9.66667e-05
0.0802333
0.02621
0.02569
0.0148367
0.00228333
0.00039
0.0428733
0.00332667
0.00778
0
0.000206667
0.00694
0.0140133
0.14595
0.00037
0.000843333
0
0.106557
0.000543333
0.00014
0.00682667
0.00150333
0.000306667
0.00850667
0.0190733
0.000386667
0.01158
0.0320567
0.0270533
0.01496
0.000736667
0.133613
0.00326667
0.0105633
0.00627667
0
0.00145333
0.000323333
0.0177167
0.00519667
0.00046
0.00685
0.0128667
0.0201933
0.0107567
0.03671
0.0768967
0.00064
0.00753
0.0240467
8.66667e-05
0.0151333
0.107877
0.00652667
0.000166667
0
0.127887
0.000746667
0
0.00378333
0.0839067
0.00456
0
0.0144233
0.0274633
0.00111
0.00823667
0.03257
0.02865
0.000983333
0.00534667
0.12084
0
0.000663333
0.00334333
0.00817
0.00985333
0.000773333
0.000196667
0
0.00386
0
0.00302
0
0.000153333
0.00285333
0.0137133
0.01889
0.00303
0.01342
0.03278
0.01148
0.00249667
0
0.0198
0.00107667
9.33333e-05
0.01073
9.33333e-05
0.00542
0.000983333
0.149717
0.0847033
0.00275667
0.02638
0.000576667
0.000383333
0.0182533
0.02247
0.00872
0.00153
0
0
0.00559333
0.00371
0
0.00938667
0.00132
0.0213667
0.00112667
0.129287
0.13603
0.00192
0.00404
0.0211967
0.29584
0.0830233
0.165933
0
0.0847767
0.111147
0.0914467
0.0530533
0.00461
0.00017
0.000406667
0.00842
0
0
0
0.04309
0.02267
0
0.0185067
0.11714
0.00160333
0.142907
0.155097
0.02093
0.00199667
0
0.0016
0.0292067
0.0675633
0.1327
0.0513433
0.167827
0.00714667
0
0.52684
0.0350833
0.00288333
0.00123
0.00802
0.0820433
0.0087
0.03389
0.43966
7.66667e-05
0.148683
0.000346667
0.0185467
0.00362667
0.0311167
0
0.102763
0.160063
0.000253333
0.195613
0.0303733
0.00201
0.00764333
0
0.00432667
0.000166667
0.00078
0
0
0.0372833
0.00171667
0.00193667
0.00125
0.01015
0.244
0.00254667
0.02907
0.0167233
0.0200067
0.00650667
0.00242667
0.000653333
0.000653333
0.0308067
0.00254667
0
0.0330467
0
0
0
0.05983
0.00033
0.02192
0.02042
0.00539667
0.00183667
0
0.00640333
0
0
0
0
0.00033
0.0144167
0.0008
0.0207833
0.00707333
0.01173
0.15566
0
0
0
0
0
0.00332
0.0426833
0.00430667
0.28215
0.00651
0.000456667
0.200233
0.0137767
0.00135667
0.00631667
0.00434333
0.0144667
0
0.00927333
0
0.138303
0.00978
0.00935667
0
0.000386667
6.66667e-05
0.00275333
0.02739
0.00406667
0.0959867
0.00559667
0.00256333
0.00546333
0
0.0179733
0.000543333
0
0.00202333
0.0771867
0.00697667
0.09066
0.00449667
0.00542333
0.00447667
8.66667e-05
0
0.0175967
0
0.0122833
0.119977
0.02318
0.000563333
0.0202167
0.0227533
0.114867
0.000206667
0.000193333
0.251557
0.00710333
0.000263333
0
0.00585333
0.00123
0.0193567
0.00558667
0.15763
0.140533
0.0169933
0
0.0269067
0.217713
0.00918333
0.04654
0.222283
0.0424233
0.000233333
0.0553933
0.0564267
0.0928967
0.00733333
0.00549
0
0.01317
0.00068
0.0261
0.00886667
0.0205433
0.00455333
0.01511
0
0.000463333
0.0751
0.01539
0.0104967
0
0.0128533
0
0.000166667
0.0182833
0.00191333
0.01943
0.0170067
0.00043
0.0390033
0.136243
0.0286767
0.3471
0.0452133
0.04151
0.0360633
0.000106667
0.00356667
0.00012
9.66667e-05
0.00979
0.00526
0.0394033
0.0258167
0.00013
0.02231
0.00292333
0.0102167
0.00933
0
0
0.0374067
0.0133767
0.0254867
0.0129233
0.00918667
0.0125667
0.000593333
0.00983333
0
0.356503
0.0741133
0.06939
0.00822333
0.02256
0.06084
0.00015
0.00660667
0.01521
0.000223333
0
0.0589267
0.05294
0
0.00411667
0.0220033
0.0208167
0.0129533
0.0173867
0.0250633
0.03644
0
0.0016
0
0.100287
0.00211333
0.00581333
0.0179367
0.00704
0
0.00375333
0.00309667
0.000636667
0
0.00134667
0
0
0.000563333
0.0106
0.00655333
0
0.00223667
0.00019
0.0157633
0.02367
0
0.00391667
0
0.01448
0.00294333
0.00113
0.00971667
0.00609667
0.0655033
0.379
0.0120733
0.00277
0.00019
0.00628
0.0725533
0
0.00839667
0.0140333
0
0.00017
0.00388333
0
0.00150333
0
0.0358567
0.00410333
0
0.0399567
0.000373333
0.00706
0
0.0266167
0.00028
0
0.00883667
0.136443
0.0004
0.00382333
0.00643
0
0.00147333
0.00864667
0.00048
0.000203333
0.00413
0.000373333
0.0294333
0.00400333
0.0178367
0.05366
0.01728
0.0325633
0.00430333
0.00048
0.000103333
0.0121833
0.00948
0.0200667
0.0230167
0.01542
0.117853
0.00016
0
0.0160033
0.0132133
0.00542333
0.01851
0.03745
0.00796667
0
7e-05
0.0207667
0
0.0186867
0.00100667
0
0.03131
0.0174667
0.0251167
0
0
0.0110467
0.000273333
0.017
0.000513333
0
0.0250333
0.45817
0
0
0
0.02122
0.1107
0.0100533
0.0100267
0.000386667
0.00753333
0
0.158097
0.000256667
0.0046
0
0.00917
0.00145667
0.02754
0.164367
0.264237
0.19142
0.0302967
0.0258133
0.0392233
0.000876667
0.131487
0
0
0
0.00229333
7e-05
0.271477
0.236077
0.00131
0.00778
0.0278967
0.0254033
0.0807333
0.04443
0.00349333
0.0245433
0.208373
0.0633067
0.0206733
0.000466667
8e-05
0.000703333
0.105343
0.0205767
0.00517
0.217943
0.0435767
0.239023
0.00494
0.07774
0.0327633
0.00198667
0.00183333
0
0.157717
0.01416
0.016
0.000663333
0.00497333
0.24655
0.00164
0
0.0179833
0.0230033
0.000496667
0.125393
0.00068
0.00124667
0.01367
0.01903
0.0168967
0.00117667
0.00076
0.00683333
0.00116667
0.27947
0.000936667
0.0133633
0.03774
0
0
0.0507867
0.0131
0.000983333
0.00486
0.0985867
0.00482333
0.01574
0.00288333
0.0345267
0.130787
0.0409267
0.05802
0.11167
0.00083
0.000466667
0.100867
0.101487
0.01169
0.00270333
0.000696667
0.00409667
0.0457533
0.156457
8.33333e-05
0
0
0
0.00448667
0.01605
0.03014
0.01214
0.05048
0
0.0012
0.00657667
0.129173
0.0029
0.00057
0.0815867
0.03008
0.00379333
0
0
0
0.00333
0.21779
0.00226333
0
0.0307433
0.00012
0.0719867
0.110657
0
0.04319
0.00259333
0.00073
0.0202833
0.02391
0.161317
0.02401
0.0234233
0.5768
0.0143433
0.00972667
0.00238333
0.0183767
0.0121733
0.13233
0.00438333
0.00954333
0.000953333
0.105067
0.0130133
0.00555
0.01503
0.0232433
0.0223033
0.00073
0.0378133
0.03306
0.000176667
0.504933
0.0184933
0
0.0139267
0.0209867
0.0210433
0.01277
0.00587667
0.00409
0.0074
0.00126
0
0.0103467
0.0456533
0.00168667
0.268017
0.00803333
0
0.0235767
0.000706667
0.03012
0
0
0.00618
0
0.00149
0
0.00590667
0.000456667
0.00016
0.000513333
0.0258767
0.000613333
0
0.000813333
0.00622667
0.00095
0.00189333
0.176743
0.0502867
0
0.00209
0.0348067
0.00386333
0.19159
0.00493
0.00114333
0.0351333
0.03527
0.115013
9.66667e-05
0.000946667
0.00117667
0.00458333
0.03952
0.01513
0.000286667
0.0171467
0.01395
0.07449
0.00133
0
0.00158667
0.00824
0.000256667
0.0509333
0.01029
0.0403667
0.0403067
0.00206667
0
0.0616267
0.0150133
0.0282467
0.02448
0.000176667
0.0173467
0.0229067
0.0045
0.01448
0.00106333
0.00133333
0.01018
0.01723
0.00149
0.0173733
0.0346333
0
0.00065
0.00103333
0.03153
0.00807333
0
0.000216667
0.00494
0.00290667
0.01872
0.0185667
0.0180133
0.0567267
0.02335
0.05367
0.00567667
0.0375033
0.00467
0.0377933
0.00453333
0
0
0.08005
0.00025
0.0165733
0.04391
0.0218767
0.0290333
0.00337333
0.00567667
8e-05
0
0.0111467
0.000823333
0.0267033
0.000216667
0.00587
0
0.0121533
0.0280067
0.000293333
0.0119467
0.00225667
0.00371
0
0
0.166023
0.122087
0.0114733
0.0707333
0.0164933
0
0.000273333
0.0190233
0.000996667
9e-05
0.104623
0.0337967
0.01837
0.000326667
0.0811633
0.000393333
0.0281767
0
0.58246
0.0296633
0.0588133
0.0464
0.0301467
0.00034
0
0
0.01926
0.00023
0.0243167
0.0001
0.18666
0.0182267
0.0172567
0.00421333
0
0.180557
0.0466533
0.0642967
0.0186567
0.00064
0.00949667
0.01358
0.110107
0
0.01459
0.281687
0
0.0164967
0.00316
0.00114333
0.00246667
0.00129333
0
0
0
0.0170067
0
0
9.66667e-05
0.00988667
0.477817
0.01795
0.0119033
0.0537167
0.0124333
0.03146
0.00116333
0
0.00745333
0.00441333
0.10441
0.00419667
0.00192667
0.0805467
0
0.0384833
0.01003
0.0297467
0.0354
0
0.000233333
0.00539
0.486043
0.00108667
0.0313767
0.0254133
0.000533333
0.00384
0.05974
0.003
0.00376667
0.01912
0.112963
0.12145
0.15379
0
0.0444533
0.12455
0.0332433
0.0099
0.220553
0.00920333
0.00680667
0.0562333
0.132117
0.05039
0.000866667
0.0761333
0.00664
0.0292967
0
0
0.000303333
0.02495
0.00985333
0.00033
0.000883333
0.00112333
0.00658667
0.000596667
0.09173
0.223367
0.00789333
0.00199333
0.000526667
0.00464333
0.00012
0.0223267
0.00284667
0.00418
0.00016
0
0.0213167
0.00124
0.0212133
0.0318333
0
0
0
0.0214267
0
0.02354
0.0305933
0.00791
0.0478133
0.0377
9.33333e-05
0.00044
0.00741333
0.00886667
0.00813667
0.0220067
0
0.000613333
0.00598
0.000116667
0.0377267
0.0482133
0.02832
0.01895
0.00230667
0.00111333
0.09045
0.02869
0.03969
0.01933
0.0360567
0.00449667
0
0.05591
0.03599
0.0540167
0.22552
0.0181533
0.0283567
0.02731
0.00686333
0.00353667
0.0114133
0.24585
0.00479333
0.000766667
0.03104
0.00113333
0.0248233
0
0.15324
0.00202
0.0509167
0.00481667
0.07034
0.00224667
0.601737
0.00497333
0.02571
0.02467
0.218463
0.02329
0.0880167
0.02487
7.33333e-05
0.0408867
0.0353133
0.000666667
0.00912
0.00668333
0.00246
0.0440633
0.000176667
0.00429333
0.00710667
0.00589667
0.225293
8e-05
0.03043
0.02854
0.01021
0.00104333
0.0202567
0.000286667
0.39413
0.00101333
0.0186667
0.0942367
0.01717
0.100647
0
0.04992
0.0124267
0.00170667
0.00245333
8.33333e-05
0.00046
0.00479667
0.00649667
0.0125267
0.01388
0.00144667
0.07786
0.11903
0.00104333
0.00383667
0.00092
0.0187633
0.0420667
0.000836667
0.06227
0.0252
0.00048
0.03947
9e-05
0.00320333
0.00883333
0.00055
0
0
0
0.01536
0.0380367
0.00611333
0.0888033
0.0207233
0.110303
0.00288667
0
0.000176667
0.01202
0.000763333
0.02499
0.00158667
0.106103
0.000516667
0.0894567
0.00683
0
0.45274
8e-05
0.36999
0
0.0120567
0.03597
0
0.000113333
0.0232633
0
0.0237733
0.00889
0
0.0177167
0
0.00055
0.00285667
0
0.000356667
0.04337
0.0019
0
0.00189
0
0.000116667
0.00059
0.00126333
0.03328
0.00252
0.00015
0.0006
0
8e-05
0.0135333
0.00103
0.000923333
0.0982733
0.0208733
0.00102333
0.00015
0.00157
0.309713
9e-05
0.0141867
0.0170267
0.00535333
0.0158167
0.0294667
0.00061
0.00831
0
0
0.01178
0.01279
0
0
0.0215333
0.0194067
0
0.06073
0.0810433
0.140437
0
0
8e-05
0.00113333
0.0375133
0
0.03543
0.01912
0.05146
0.0178633
0
0.05529
0
0
0
0.000623333
0.0232333
0
0.00133
0.0122567
0
0
0
0.0361767
0
0
0.00046
0
0
0
0.00055
0
0
0
0
0.000593333
0.0231267
0.0171067
0
0.0333467
0.00192667
0.00108333
0.00126
0
0.0813333
0.0120967
0.02189
0.0156633
0.01429
0.20684
0
0.02089
0
0
0
0
0.00782333
0.00505333
0
0
0.00168333
0
0.02299
0.0136333
0.00071
0.00256
8.66667e-05
0.0002
0
0
0.17602
0.00120667
0.0208833
0
0
0.0153967
0.00417
0.0275733
0
0
0.0003
0
0
0
0
0.0374667
0.0133233
0
0.000226667
0.00275
0
0.035
0.06251
0
0.0252333
0
0
0.00503333
0
0.01811
0
0
0.00703667
0
0.0611467
0.01596
0.0353267
0
0
0
0.00907667
0.114023
0
0.0028
7.33333e-05
0.0140367
0
0.0371267
0
0
0.154487
0
0.0232867
0
0.03651
0.01988
0.00784
0.00240667
0
0.02731
0
0.0273433
0.000916667
0
0.0241567
0.000853333
0.0118967
0
0.000116667
0.0173367
0.000146667
0.00113
0
0
0.00249333
0.00702667
0.0259733
0.0336133
0
0.01022
0.0357033
0.000626667
0.0320633
0
0
0
0.0122767
8e-05
0.0117867
0.00122667
0.0004
0
0.000456667
0.01291
0.0180867
0.002
0.0241667
0
0.0259867
0
0
0
0.00043
0
0.00123333
0.04756
0.02509
0.01558
0
0.0128367
0.00883333
0
0.000573333
0
0
0.05492
0
0
0.0190267
0
0.00017
0.000343333
0
0.0155233
0.000923333
0.00252667
0
0.00898
0.02036
0.0368433
0
0.0195433
0
0.01552
0.03609
0.12226
0.0110333
0.0014
0.000606667
0.0284733
0
0
0.00968
0
0
0
0.01815
0
0.01673
0
0.00247
0
0.01334
0.00755
0.02075
0.015
0.00350667
0
0.00106333
0
0.00219333
0.0332033
0.0247367
0.000806667
0.0036
0.00778
0.000163333
0
0.0257767
9.66667e-05
0.000103333
0.00887
0.000413333
0
0.0251067
0.00162667
0.00566
0
0
0
0.02864
0
0.0412433
0
0
0
0.0495633
0
9.66667e-05
0
0.0103367
0
0.0116233
0.04133
0.0335233
0
0.00212667
0
0
0.00292
0.00285333
0
0.0538633
0
0.00182667
0.00602667
0.0650833
0.0285533
0.0138333
0.162053
0.00567
0.0285233
0.00011
0
0.000173333
0
0.00117333
0
0
0.00214667
0.0120533
0.00305333
0.06118
0.0105667
0.00900333
0.000173333
0
0
0.000293333
0
0
0.00136333
0.00926667
0.0177067
0.00022
0
0.000593333
0.00913
0.0350433
0.0101933
0
0.000896667
0.0303133
0.00528333
0
0.00095
0
0
0.03012
0.00457
0
0
8.66667e-05
0
0.00213
0
0.00595
0.000486667
0
0.0252733
0.00134667
0.0974
0
0.00108333
0
0.0192667
0.00475
0.0462767
0.03023
0
0
0.01153
0
0
0.00864667
0
0.01403
0.0221067
0.01497
0.00888667
0.00467333
0.0206133
0.00127
0.00121333
0
0.00013
0
0.0843767
0
0
0.00657333
0.00239333
0.04839
0
0.04628
0.03168
0.0406333
0.00479
0.0252467
0.10184
0.00722
0.0266233
0.00835
0.00147667
0.000233333
0.0206033
0.000706667
0.0313033
0.0160867
0.0365533
0
0
0
0
0
0.00673
0.0268167
0.00098
0.0101133
0
0
0
0
0.0396367
0.0244667
0
0.0228433
0
0
0
7e-05
0.213653
0.0103367
0.01438
0.01083
0
0.0131267
0
0.00236333
0
0.03059
0.0243767
0.00643
0
0
0
0.109057
0.00113
0.00064
0.0211367
0
9.66667e-05
0.00505333
0.0123967
0
0.00567333
0.00468
0.0384367
0.00679667
0.00830333
0.00489333
0.00699333
0.00665
0.0628967
0.182983
0.0761433
0.0027
0
0.0165067
0
0.0003
0.0299967
0.000603333
0
0.0131833
0.0408067
0.0238867
0
0.00116333
0
0.00164667
0
0
0.0206467
0.206343
0.000713333
0.0119433
0
0.0121133
0
0.21141
0
0.00405667
0.01776
0
0.00516333
0
0
0.00181
0.422317
0.00031
0.00034
0.00710667
0
0
0
0.00384667
0.00143667
0.25385
0
0
0
0
0.00561333
0
0.00958333
0
0.0205333
0.0250633
0
0.05301
0
0.00629667
0.0381633
0.000906667
0.0008
0.00016
0
0
0.0137133
0.0298867
0.0106733
0.0131567
0.00511667
0.00306
0.00104333
0.0209533
0.00688
0.01067
0
0
0
9.33333e-05
0.01659
0
7e-05
0.00479333
0.04423
0.00474333
0.0613667
0
0.0108967
0.00770333
0
0.00947667
0.02073
0.00369
0.00777667
0.000596667
0
0.000693333
0.00305333
0.0344733
0.0708867
0.102363
0.00424667
0
0
0
0
0.23568
0.0541367
0
0.0284367
0
0
0
0.0707233
0.00681
0.00366
0.01649
0.000536667
0.000433333
0.00209333
0.01996
0
0
0
0
0
0.00185667
0
0.01117
0.00953333
0.0357167
0.00140667
0
0.00415667
0
0.00792667
0
0.0264033
0
0.0261033
0.00325667
0
0.0231467
0
0.140197
0.00127
0.0126267
0.00831333
0.03136
0.0195967
0.0889533
0
0.02588
0.00137667
0.0006
0.00588333
0.00645
0.0324
0.00027
0
0
0.0124567
0.0348667
0.00567
0.000203333
0
0
0.00185
0.000973333
0.000126667
0.00088
7e-05
0.000526667
0
0
0
0.01508
0.00941333
0
0.00272
0.01004
0
0.541707
0
0
0.0209
0.00483
0
0.04468
0.00270333
0.02032
0.00512
0
0
0
0.02807
0.03522
0.0268667
0
0.01641
0
0.000733333
0
0.00488333
0
0.383933
0.00121667
0.00194
0.0320433
0.00731667
0.01373
0
0.00023
0
0.00665333
0
0.0142
0.00219333
0.02595
0
0.0146233
0
0.00140667
0.101673
0
0.01745
0.0310833
0
0
0
0.0313567
0.00222
0
0
0
0
0.0470367
0.00248
0.00279333
0.00127
0.00176333
0.000643333
0.00012
0
0.000353333
0.05342
6.66667e-05
0.00018
0
0.02532
0.0277367
0.01551
0.0001
0.000893333
0.0151533
0.0172833
7.33333e-05
0.00263667
0.0113033
0.00773
0.0246833
0.0131467
0
0.00513
0
0
0.00801667
0.01816
0.0159133
0.0128867
0
0
0.00812333
0.00170667
0
0.00415
0.168627
0.00908
0.01196
0.02612
0.00770333
0.000376667
0
0.0169867
0.00014
0
0
0
0.00578667
0.0247667
0
0.00027
0.0141867
0
0
0.00936333
0.000293333
0.0345333
0
0
0.0165867
0
0
0
0
0.0228633
0
0.0100433
0.0476
0
0.02136
0.00548333
0.0273433
0.00015
0
0.0874467
0.01015
0.00162667
0.0372067
0
9.66667e-05
0.00843333
0.00849333
0.0255733
0.0286833
0
0
0
0
0.000943333
0
0.000203333
0.00292333
0.000923333
0.00774667
0.0197467
0.03933
0.135617
0.0245367
0.04735
0
0.000176667
0
0.03867
0.03033
0.0116533
0.0346
0.00052
0.00015
0
0.00105667
0
0.42453
0.0305133
0.03236
0.02164
0
0.000213333
0.0181933
0.0553067
0.01976
0
0.0286533
0.0153067
0.0191333
0.03144
7e-05
0.000916667
0.000926667
0.0290067
0.03187
0
0.00026
0
0
0
0
0
0
0.0254267
0
0.00688667
0.000116667
0.000116667
0
0.0218333
0.0253267
0
0.0128467
0.0214833
0.0194967
0.00471667
0
0
0.01213
0.00784
0.0151
0.04653
0.01588
0
0.0253567
0
0
0.00039
0
0.00396
0.00131333
0
0
0
0.0206633
0.000906667
0
0.00109
0.0130167
0.00298333
0.00362333
0.02609
0.0248067
0.0103133
0.00651667
0.0027
6.66667e-05
0.00133667
0.00907333
0.00112
0
0.01779
0
0
0.0115233
0.000906667
0.0106733
0.10736
0
0
0.00158333
0.00956333
0
0.00326
0
0
0.00571
0.0137
0.0255667
0
0.00017
0.00678667
0.0342
0
0.0215767
0.0627067
0.00984
0
0
0.0281233
0.000386667
0.00115333
0
0
0.0204967
7.66667e-05
0.0252967
0.0452167
0.0014
0.000906667
0
0.00795
0.01991
0.000956667
0.0140667
0.0131567
0
0
0.00137333
0.00279667
0
0
0.00153667
0.0542433
0.000346667
0.000426667
0.000516667
0.187493
0.00023
0.0182467
0.00284
0.00114667
0
0
0.0627067
0.000406667
0.0160767
0
0.01634
0.000283333
0.0305833
0
0.0202167
0.0151533
0.00091
0.00027
0
0.000126667
0
0.00178
0.00591333
0
0.000126667
0
0.01686
0.00916333
0
0
0.00108
0.0462
0
0.0244
0.0280733
0
0
0.00130333
0.0290833
0.00104333
0
0
0.00204667
0
0
0.00610333
0.11347
0.00404667
0
0
0
0.000413333
0.0723633
0.0220833
0.000256667
0
0.178793
0.00404667
0.000266667
0
0
0.000613333
0.02552
0.00248667
0
0
7.66667e-05
0
0
0.0588833
0
0
0
0
0.0433833
0
0.00476333
0
0
0.00386333
0
0.00231333
0.00013
0.000103333
0.00436333
0.000603333
0
0
0.00464667
0.0174933
0.0423367
0
0.0676933
0
0.0210733
0.0120533
0
0
0
0.000103333
0.00385667
0.0656267
0.000386667
0.00219667
0.47115
0.00459667
0
0.000663333
0.0253667
0
0.00294667
0.00153667
0.00011
0.000436667
0
0.00115333
0.01868
0.00619333
0.01263
0.00322667
0.0006
0.0610933
0
0.000933333
0.000666667
0.01865
0.000186667
0.00456667
0.0146
0
0
0
0
0.0149633
0.0185767
0.00049
7e-05
0.000503333
0.00110667
0.0148
0.01051
0.000213333
0.0252833
0.476027
0.00415333
0.000366667
0.00517
0.178453
0.01818
0.01075
0.02327
0.00198
0.00917667
0
0.00108667
0.0041
0.0402
0
0
0.00079
0.0334933
0.0226933
0.000723333
0.00022
0.00933
0
0.0105167
0.0310367
0
0
0.00834667
0.00203667
0
0.00829333
0
0
0
0
0.00819667
0
0.0322433
0.00795333
0
0
0
0.00464
0
0
0.000943333
0
0.00567667
0
0
0.03262
0
0.00277333
0.0039
0.00806333
0.126717
0
0.00802
0.00151667
0
0.0867133
0.00072
0.04423
0
0.00303333
0
0.0207667
0.0416733
0
0.00598667
0.0283367
0.00180667
0.01642
0.0314633
0.0394567
0.00120667
0
0.0272167
0.02149
0.0140267
0.46011
0.486053
0.000203333
0
0
0
0
0.01463
0.02936
0.0224233
0
0.0106767
0.00175
0.0204333
0
0
0.0114767
0
0.04445
0.0458567
0.0624
0
0.000103333
0
0.000746667
0.0218767
0
0.07457
0.00029
0
0
0
0
0.06593
0
0.01159
0.121477
0.000166667
0.00048
0
0
0.01201
0
0.00714
0.0295467
0.0115633
7.66667e-05
0.0112133
0.00524667
0
0
0.00626667
0
0.00523
0.00015
0
0
0.0367367
0
0
0
0.000683333
0.03305
0
0
0.07008
0.0349167
0
0.00081
0.00202333
0.0100367
0
0
0.03729
0.00102333
0
0.0109433
0
0
0.01392
0
0.00021
0.110377
0
0.0213
0
0.00274667
0
0.0131
8e-05
0.0181733
0.000823333
0
0
0
0
0.0141133
0.00418
0.00053
0
0
0
0.00121333
0
0
0.00376667
0.01941
0.104613
0.0001
0
0
0.00501333
0.0296067
0.00265
0
0
0
0
0
0.000243333
0
0.0307767
0.03071
0.0167067
0
0
0.0215467
0
0
0
0
0.0424333
0
0.01382
0
0
0.01218
0
0.000283333
0.02667
0.00160667
0
0
0
0.0145967
0.000346667
0.000253333
0
0.00238667
0.0242833
0.000103333
0
0
0
0
0.00348667
0.00026
0
0.00261
0.01388
0
0
0
0
0
0.00614
0.00231667
0.00028
0.01498
0.03597
0.00028
0
0.00828333
0
0
0
0
0
0.0211633
0.00306333
0.000213333
0.02103
0
0.000326667
0.000116667
0.0167333
0.0248433
0
0
0
0
0.000926667
0.000163333
0
8.33333e-05
0.0674133
0
0
0
0.00706667
0.0198567
0.0184533
0.0118967
0.606837
0.0354067
0.0416033
0
0.000326667
0.00340333
0.000186667
0.0198333
0.408973
0.00214667
0
0.02367
0.0229667
0
0
0
0
0
0.123813
0.0358733
0.000136667
0
0.0351633
0.00346667
0
0
0
0
0
0
0
0
0
0.03551
0.0797733
0
0.06619
0
0.000176667
0
0.00726667
0.02129
0.01027
0.0259967
0.0125533
0.0113933
0.0141267
0.06656
0
0
0
0.0256767
0
0
0
0
0.00255
0.00016
0
0.0740233
0
0
0.0227367
0.00104667
0.0232333
0.0496
0
0.02426
0.0413433
0.000306667
0
0.00349
0.000553333
0.00026
0.03889
0
0
0.0309
0.000176667
0.01632
0
0
0
0
0.00177333
0.0352
0.0313367
0.02139
0
0.0414433
0.24498
0.0185067
0
0.000256667
0.0234533
0
0.0219033
0.00402667
0.169037
0.000506667
0
0
0.000856667
0.000633333
0.00028
0
7e-05
0
0
0.00765
0.000266667
0.0239967
0.00145667
0.000163333
0
0
0
0.00099
0.000343333
0
0.0262067
0.0315567
0.04133
0.0308433
0.00527
0
0.000176667
0.000876667
0.00219333
0.0421567
0.00740667
0
0.000326667
0
0
0.000203333
0.00149
0
0.00147
0.000176667
0.00771667
0.0327567
0
0.00045
0
0
0.05694
0.00013
0
0
0
0.00904
0.08361
0.0296033
0
0.0126133
8e-05
0
0
0.0284233
0
0.0142933
0.00573
0.00091
0
0
0
0.131507
0.0371067
0
0
0.01315
0.0129333
0
0
0.00386333
0
0.0150133
0.00447667
9.66667e-05
0
0.00151333
0.00372
0
0
0
0
0
7e-05
0
0
0.176043
0
0
0
0
0
0.00717333
0.00570333
0
0.00011
0.00144
0
0
0
0.0119767
0.00734
0
0.000136667
0
0.00220667
0.00603
0.01242
0
0
0
0
0
0
0
0
0
0.000173333
0
0.000663333
0
0
0
0
0.000306667
0
0.0254867
0.0269533
7e-05
0.00609667
0
0
0
0.00582
0
0.30228
0
0
0.00106333
0.00446667
0
0.0350367
0.0358967
0
0.01365
0.02009
0.0116033
0.00178667
0.0154833
0
9.66667e-05
0
0.000196667
0.00418
0.00136667
0.00527
0.0236767
0
0.00816667
0
0
0
0.0346733
0.0175833
0.00172
0.000733333
0.0209367
0.0566667
0
0
0.00161667
0.00169333
0.00502333
0.00889
0.02253
0.00022
0.0169
0.0355067
0.00469333
0.00118
0.00148333
8.66667e-05
0.00966333
0
0.000403333
0.000623333
0
0.0101533
0
0
8.66667e-05
0
0.000886667
0
0
0.0114267
0.000293333
8.33333e-05
0.00537
0
0.00330333
0.00970333
0
0.01087
0.00105
0.01228
0.0279033
0
0.00835333
0.00656667
0
0
0.00162667
0.000496667
0
7e-05
0
0
0.01032
0
0
0.000513333
0.259713
0.00231
0.0331667
0
0.0188833
0
0.0692867
0.00621667
7e-05
0
0
0.00443667
0
0
0
0.00223333
0
0
0.00211667
0
0
0
0.00843
0
0
0.0221433
0.0447067
0.00028
0.01218
0.0204633
0
0
0.000283333
0.00035
0
0
0
0
0.03307
0
0
0
0
0.04379
0.00023
0.0794633
0.123737
0.0272167
0
0
8.33333e-05
0
0
0.0263233
0
0.000713333
0.00208667
0
0.153547
0.000876667
7e-05
0
0.00049
0.00600333
0
0
0
0.00181667
0
