0.1611
0.283947
0.220347
0.31489
0.0924867
0.00654
0.0937033
0.134087
0.0925433
0.05269
0
0.0276733
0.0455467
0.103417
0.0607533
0.28062
0.0221767
0.0141433
0.07475
0.182473
0.09446
0.12312
0.0515733
0.0157567
0.07386
0.0171567
0.141603
0.09573
0.0141433
0.0171167
0.0605167
0.103953
0.104437
0.249443
0.0713067
0.0282867
0.0297367
0.283717
0.20125
0.3417
0.119573
0.13125
0.1879
0.0603733
0.16283
0.0156233
0.0156567
0.0968
0.0542933
0.11879
0.0262733
0.04337
0.01293
0.0240867
0.00319667
0.00385333
0.03867
0.00848
0.63042
0.544517
0.642333
0.00688
0.34806
0.000403333
0.08067
0.2828
0.430403
0.443727
0.270427
0.0111567
0.0117367
0.00332333
0.03656
0.07751
0.00132
0.0187067
0
0.0122167
0
0.01607
0.00349
0.00283333
0.0328567
0.00149667
0.00114667
0.000993333
0.00150333
0.00716
0.0036
0.08532
0.00502
0.00382
0.01362
0.00293
0.0139
0
0.02272
0.0622633
0.00729333
0.0191767
0.0353433
0.00736333
0.0328233
0.244327
0.155407
0.36631
0.01155
0.12559
0.00657
0.00369
0.00981667
0.2421
0.00753667
0.48328
0.02993
0.101577
0.109397
0.00431333
0.0293633
0.0959333
0.00129
0.0191767
0
0.00332333
0.0366033
0.00938
0.0256633
0.02272
0.0980867
0.0321467
0.204013
0.0656967
0.00827
0.00344
0
0
0.82168
0.02993
0.02781
0.00852
0.00426667
0.114513
0.05971
0.07966
0.10913
0.00630333
0.01523
0.0317333
0.0321067
0.000436667
0.02173
0.116007
0.00131333
0
0
0.00385333
0.00399667
0.0298
0.00813333
0.138047
0.01951
0.220373
0.0239967
0.01788
0.01751
0.111447
0.000323333
0.00494667
0.12399
0.0768567
0.00162333
0.111307
0.00309
0.02546
0.00872333
0.163357
0.000323333
0.0137567
0.0277933
0.0471533
0
0.0553
0.0100767
0.00595333
0
0.05257
0
0.0205767
0
0.00435667
0
0.0334767
0.0289433
0.34564
0.00129
0
0.0490433
0.01334
0.0170567
0.235637
0.04646
0.00776
0.0230833
0.00997333
0.00909667
0.111537
0.0306567
0.03038
0.01258
0.01528
0.0835433
0
0.0317633
0.00358667
0.00909
0.11736
0.05393
0.03485
0.03299
0.06805
0.477227
0.000436667
0.0120233
0.18655
0.00707667
0.02917
0.00847333
0.0546967
0.0283733
0.0508667
0.02348
0.0867567
0.01523
0.00140667
0.0148767
0.0146433
0
0.00548333
0.00444333
0.0295767
0.0707167
0.00332333
0.0117567
0.216353
0.130067
0.0984467
0.00409667
0.0146067
0.0611967
0.151987
0.565487
0.03998
0.00162333
0.0958467
0.690363
0.00293
0
0.0704267
0.00354
0.456363
0.15637
0.358527
0.16896
0.217197
0.12008
0.0741
0.162523
0.00467
0.00413
0.0524133
0.0488567
0.14027
0.252093
0.18872
0.10133
0.42092
0.114013
0.439693
0.01244
0.0567933
0.349127
0.409643
0.191047
0.282143
0.168957
0.0512
0.42091
0.362063
0.279297
0.26851
0.258773
0.19213
0.0436867
0.112603
0.0702467
0.167807
0.294287
0.03763
0.06048
0.00467
0.1016
0.15273
0.000486667
0.163603
0.10273
0.0714133
0.1497
0.125007
0.1272
0.0908267
0.10642
0.0588433
0.09143
0.0183233
0.0136067
0.0174333
0.0978867
0.09528
0.36423
0.21376
0.278467
0.230993
0.175113
0.213513
0.214527
0.433613
0.414097
0.625573
0.806673
0.622787
0.480927
0.480927
0.141003
0.396973
0.426177
0.312307
0.06958
0.00980667
0.0698533
0.08882
0.0334133
0.00850667
0.00131667
0.00081
0.198027
0.145083
0.513123
0.241423
0.167803
0.445173
0.443543
0.22642
0.01008
0.0134233
0.08868
0.225837
0.19704
0.151673
0.132633
0.162083
0.2599
0.167707
0.0610633
0.11522
0.09079
0.15144
0.239987
0.248397
0.265357
0.2739
0.425387
0.2809
0.176693
0.11747
0.107573
0.00631667
0.360023
0.521787
0.621307
0.199273
0.249087
0.169273
0.167783
0.35378
0.322767
0.109117
0.12328
0.499187
0.37808
0.239167
0.164767
0.16835
0.15557
0.126317
0.190323
0.142773
0.0941567
0.103667
0.10051
0.05891
0.02491
0.05302
0.506237
0.33143
0.39743
0.255873
0.0778733
0.111123
0.0594067
0.0455967
0.0381467
0.0549033
0.115433
0.00679333
0.342883
0.123137
0.0617267
0.0502667
0.0167233
0.485437
0.0420067
0.02309
0.01821
0.212
0.121493
0.1467
0.140783
0.18704
0.0721733
0.03158
0.00329
0.11135
0.09842
0.0882967
0.403333
0.0409067
0.01142
0.36501
0.0700167
0.0646133
0.234077
0.46077
0.62627
0.52524
0.49135
0.508047
0.427437
0.43339
0.515787
0.58414
0.546437
0.414557
0.34776
0.223127
0.136487
0.0424233
0.43139
0.337293
0.339513
0.241073
0.155493
0.0821567
0.0969833
0.0930133
0.320597
0.189773
0.102867
0.17583
0.179567
0.0420567
0.09363
0.104867
0.07862
0.128247
0.336057
0.445853
0.338237
0.19187
0.30067
0.00111333
0.296483
0.154663
0.0565233
0.103113
0.06032
0.262623
0.22899
0.26271
0.0702367
0.138433
0.180077
0.24835
0.215167
0.212373
0.19482
0.15909
0.23882
0.30292
0.43087
0.45899
0.477433
0.169587
0.0355767
0.364507
0.220847
0.0897067
0.0564
0.0241867
0.427527
0.346427
0.305657
0.143287
0.146357
0.0923733
0.00467
0.00339
0.336637
0.342347
0.24475
0.179537
0.0709967
0.254787
0.10498
0.120913
0.0942067
0.0958433
0.0988833
0.0776933
0.10423
0.0661733
0.06241
0.0730433
0.0496867
0.12013
0.01208
0
0.000646667
0.0147867
0.000643333
0.483807
0.06476
0.04161
0.10871
0.34704
0.25758
0.323923
0.275007
0.17539
0.234463
0.47153
0.145273
0.143233
0.43018
0.49363
0.30693
0.210453
0.26686
0.19035
0.334097
0.430677
0.456623
0.40303
0.387673
0.416743
0.452243
0.285207
0.0858267
0.106737
0.0680367
0.1439
0.14965
0.157067
0.132493
0.0509333
0.135517
0.189947
0.120997
0.06303
0.292123
0.23666
0.315653
0.203803
0.214013
0.29992
0.402713
0.27671
0.119203
0.0650233
0.30159
0.12233
0.11321
0.10249
0.109133
0.0761033
0.0963667
0.312013
0.345267
0.298193
0.193593
0.0703033
0.0275367
0.00714
0.0287667
0.177387
0.140053
0.15264
0.08285
0.14614
0.0808533
0.156807
0.0754267
0.03855
0.02479
0.00533
0.143263
0.0199633
0.0423433
0.02643
0.0966067
0.285433
0.1652
0.264483
0.295543
0.175613
0.09931
0.09508
0.0528367
0.101443
0.460563
0.340197
0.401503
0.472253
0.399187
0.0521667
0.0659233
0.0453467
0.0349767
0.160373
0.148667
0.146437
0.155287
0.0773167
0.02552
0
0.00996333
0.17858
0.08011
0.01462
0.08345
0.01802
0.000273333
0.00306
0.0454167
0
0.000416667
0.00431
0.01787
0.0002
0.0147467
0.00126
0
0.0422867
0.00347667
0.0366367
0.0293267
0.00349333
0.03758
0.00066
0.00167
0.0473567
0.0286767
0.01745
0
0.000866667
0
0.03627
0
0.0301433
0.01606
0.000256667
0
0.02642
0.223593
0.00902
0.04246
0.46232
0.0495033
0.0141433
0.00306667
0.000446667
0.02052
0.0264967
0.0716933
0.0151933
0
0
0
0.0421967
0.07096
0.00531667
0.00418333
0.0833967
0.00406333
0.05031
0.03007
0.02745
0.109897
0.00145
0.106513
0.00958667
0.03942
0.185223
0.00084
0.00919
0.0190133
0.01967
0.03434
0.213993
0.0136067
0.000703333
0.00250667
0.02765
0.14396
0.0721667
0
0.0540067
0.0305667
0.00162
0.0538767
0.00642
0
0.00522333
0.0387133
0.0367233
0.00111333
0.01073
0
0
0.01733
0.03181
0.03332
0
0.0129467
0.19595
0.0038
0.000286667
0.0293733
0.186563
0.000866667
0.0304133
0.00369667
0
0.22074
0.000833333
0.330627
0.00083
0
0
0
0.0368433
0.0487867
0.0281367
0.00837333
0.0413667
0.0452467
0.02504
0.0396367
0.01437
0.0617133
0.160227
0.0595967
0
0.280093
0.000373333
0.0261033
0.472273
0.00491667
0.0643833
0.0154267
0.188583
0.0327833
0.05437
0.135733
0.0312667
0.0509367
0.33474
0.126023
0.00153
0.0490967
0.00579
0.0151467
0.05572
0.0134433
0.00361333
0
0
0.000206667
0
0.04092
0.00515333
0.0340133
0.07078
0
0.0209467
0.0191367
0.01911
0.0395767
0.00398333
0
0.00215667
0
0
0.0049
0
0.0294033
0.0111933
0
0
0
0.00246
0
0
0.00326333
0.00498667
0.0382367
0.00483333
0.00268333
0.03784
0.0697633
0.01812
0.0102433
0.0197133
0.00708
0.01566
0.0300133
0.0099
0.00017
0.0819067
0.0289833
0.0185533
0.00111333
0.000356667
0.0538667
0.01422
0.0121567
0.0227933
0.0357233
0.0741533
0.0442667
0.02271
0.05853
0
0.0489833
0.00340333
0.0282867
0
0.01656
0.00323667
0
0.0415333
0.03584
0.00105
0.0287667
0.00051
0
0
0
0.00046
0.0202133
0.0444633
0.0272233
0.000623333
0.01622
0
0.0592767
0
0
0.000476667
0.0297967
0
0.0208267
0.0295133
0
0.0384
0.112503
0.00783667
0.111463
0.00989
0.0290467
0.06485
0.159747
0.0605167
0.00597667
0.108493
0.00616667
0.266873
0.1595
0.0418633
0.0266467
0.0550933
0.0136167
0.00467
0.0508
0.00811
0.0151667
0.0372633
0.0513367
0.0434
0.0496033
0.00786
0.10474
0.01262
0.0684533
0.000166667
0.0137133
0.000376667
0.102967
0.0158533
0.03634
0.02681
0.261983
0.00311
0.0880667
0.124417
0.0874133
0.00942667
0.0567933
0.0212533
0.02975
0.0332667
0.06029
0.0367167
0.00996
0
0
0.0122567
0
0
0.0181933
0.00579
0.00024
0.0843467
0.154463
0.00217333
0
0.09639
0
0
0.182927
0.18822
0.00162
0.0601467
0.02906
0.38539
0
0.28653
0
0
0.08174
0.08103
0.0571967
0.02145
0.18726
0.00112667
0.0468033
0.0405633
0.0032
0
0.104587
0.00145
0.242597
0.0763567
0.00168
0.16339
0.0891133
0.110623
0.30784
0.0540833
0.325043
0.130133
0.301153
0.0726633
0.34544
0.01623
0.0326067
0.20111
0.00024
0.000503333
0.0358367
0.0225867
0.06127
0.00435667
0.131963
0.05648
0.01608
0.02064
0.00052
0.0663867
0.00067
0.0213933
0.0324633
0.0612133
0.189507
0.0026
0
0.0315067
0.173063
0.00372333
0.0880233
0.0220633
0.06434
0.00111333
0.14777
0.00175667
0.143443
0.38626
0.146153
0.000746667
0.00781
0.01971
0.02057
0.00048
0.0288367
0
0.03345
0.00106
0.0148033
0.000203333
0.0674133
0.000386667
0
0.00186333
0.00270333
0.00359667
0.0182833
0.00166333
0.0183767
0
0.00502333
0.03221
0
0.01635
0.00726
0
0
0.00178667
0.00059
0.08604
0.0778933
0.0531367
0.0250167
0.02719
0.0437267
0.0591233
0.0352267
0.000203333
0.0106767
0.00720333
0.0529267
0
0.00323667
0.024
0
0.00242667
0.00979667
0.01842
0.02993
0.0186033
0.0687533
0.01538
0.00031
0
0
0.0335233
0.0213567
0.00035
0.00775
0
0.08237
0.00136
0.0325067
0.01568
0.000206667
0.00132667
0
0.02318
0.000313333
0.07878
0.0367167
0.00497333
0.0222933
0.00125333
0.0173833
0.0161167
0.00651667
0.00489333
0.0437367
0.0159933
0
0
0
0.0669267
0.00217
0
0.0266433
0.0151133
0.00264333
0.00064
0.00162
0.164363
0.144357
0.0882667
0.00142333
0.0171133
0.0266467
0
0.03354
0.0497633
0
0.000233333
0.00531333
0.11736
0.0216633
0.0261533
0.00923667
0.00451667
0.0446
0.000426667
0.00976
0.07255
0.0723233
0.0102567
0.0512533
0.00110667
0.0653067
0.000846667
0.00622
0.173277
0.000793333
0.0419767
0.026
0.0446333
0.0152233
0.000343333
0.04006
0.07398
0.0418933
0.0318267
0.00345667
0.0281933
0.0766467
0.00154
0.0887433
0.0763133
0.173963
0.0117967
0.00115
0.13856
0
0.0120733
0.06873
0.0657467
0.0538267
0
0.131847
0.0705333
0.129623
0.138813
0.01008
0.01006
0.103403
0.11979
0.0763767
0.0175633
0.0973367
0.04875
0.0672333
0.00120667
0.0139167
0.000566667
0.00230667
0.110117
0
0.03588
0.0687167
0
0.0121167
0.124867
0.00497
0.00142
0.0716933
0
0.0296533
0.00755667
0.0595233
0.0430867
0.00432667
0
0.00255
0
0
0.03561
0.0482267
0.0259033
0.03608
0.00285333
0
0.03489
0
0.00407
0.00350667
0.01662
0.0376733
0
0.03288
0.0337167
0.000373333
0
0.03692
0.0361867
0
0.00179333
0.0394567
0
0.0141433
0.03194
0.0467
0.00075
0
0
0.0439
0.03011
0.016
0.000496667
0.00074
0.05009
0.00017
0.0452667
0.0286533
0.0033
0.0622733
0.0357167
0.00532
0
0.0125933
0.0123967
0.0700967
0.0250567
0.0274833
0.0157467
0.151763
0.02095
0.00146
0
0.00173333
0.00501333
0.00998333
0.00358667
0.000363333
0.0106767
0
0.000166667
0.0219233
0.29712
0.0467333
0.0547233
0.0738667
0
0
0
0.05364
0.00329
0
0.000946667
0.0168033
0.00244667
0.0110133
0.0427333
0.00573667
0.270207
0.00177667
0.00222667
0.08143
0.147633
0.388847
0.217277
0.11674
0.00124667
0.0176567
0.00987
0
0.0305133
0.0176367
0.04541
0.0467433
0.02509
0.00480667
0.235483
0.0284467
0.000233333
0.145243
0.0642967
0.00269333
0.03367
0.00194667
0.00500333
0.0146033
0.02771
0.00726
0.0700933
0.0937033
0.0763
0.00353667
0.04189
0.00234
0.0687167
0.00256667
0.04188
0.000313333
0
0.0351033
0.285113
0.00341667
0.04427
0.37419
0.01719
0.0723533
0.00695333
0.421303
0.15361
0
0.01797
0.0470233
0.0396
0.00922667
0.04952
0.101893
0.113757
0.0178367
0.0208033
0
0.15835
0.101463
0
0.0643567
0.145297
0.0544233
0.191627
0.0523133
0.000226667
0.144293
0.0992667
0.05822
0.0149967
0.00350667
0.0630933
0.0613667
0.000513333
0.02611
0.00279333
0.01291
0.0251067
0.231753
0.0815367
0.0346733
0.02297
0.08313
0.00044
0.0146067
0.144047
0.000803333
0
0.263813
0.158873
0.224963
0
0.0119967
0.00173667
0.0186133
0
0.00255667
0.00108667
0.00192333
0.262143
0.0171567
0.0467233
0.00651
0.00087
0.305757
0.03979
0.12776
0.00929
0.00467667
0
0.122543
0.0290667
0
0
0.00573333
0.00591333
0.114487
0.07076
0.00301667
0.0315733
0.0363367
0.00187333
0.00352667
0.0505033
0
0.0436567
0
0.00742
0.104327
0
0.04911
0.00116
0.0106767
0.00169
0
0.000296667
0.0375733
0.0316733
0.00168667
0.00192333
0.07917
0
0.0313033
0.03038
0
0.0310433
0.00517
0.0363367
0.0309067
0.00189333
0.000713333
0.0990133
0.02438
0.00148
0.0732733
0.0595667
0.01519
0.01073
0
0.0141433
0.00195
0.00483
0.0175467
0.0438833
0.0508533
0
0.000816667
0.0197133
0.0141433
0
0.11348
0.01737
0
0.000866667
0.00156333
0
0.00058
0
0.00201333
0.0183133
0.0334867
0
0.00038
0.0287867
0.00117333
0
0
0.0525933
0.05306
0.0492667
0.0383933
0.0830933
0.04504
0.0002
0.0522233
0.00377667
0.00295667
0.00464
0
0.320007
0.0036
0
0.000466667
0.0141433
0.000893333
0.0353167
0.0146067
0.0922833
0.06577
0
0
0.01806
0.0884833
0.00661
0
0
0.0493
0.02231
0.01457
0.00228
0
0.00169667
0.02751
0.00472
0.0151467
0.06358
0.183617
0.00059
0.00388667
0.000943333
0.0357733
0.00743667
0.00365667
0
0.0896433
0.000286667
0.0468533
0.0238633
0.0398333
0.01723
0.120247
0.0188867
0.00161
0.00626333
0.03311
0.0148367
0.0298367
0.00179333
0.00528667
0
0.00186
0.0341833
0.02023
0
0
0.0234533
0.0444867
0.00196
0.00206333
0
0.00555
0.0435033
0
0
0.0246433
0.00460667
0.0166867
0.00209667
0
0.000556667
0.0504167
0
0
0.0355
0.00394333
0.05266
0.118003
0.0412067
0.0197367
0
0
0
0.02589
0.00286667
0.0486567
0
0.0435433
0.03276
0.0141433
0.00375
0.0551733
0
0
0.0191733
0
0.0738
0.04638
0.0450267
0.0243233
0.0168567
0.00249667
0.00235667
0.02884
0.00298
0.00235333
0.00467667
0.03614
0.0656333
0.04501
0.00848667
0.00111333
0.00198
0.0168933
0.00688667
0.0113067
0.00992667
0.00734667
0.0148033
0
0
0
0.0226167
0
0
0.13196
0.0168367
0.0541733
0.0004
0.02465
0.01882
0.01696
0
0.02861
0
0.117413
0.242717
0.00097
0
0.00516333
0.01934
0.0486667
0.00104
0.00244
0.00170667
0
0.000323333
0
0.00110667
0.00701333
0.00143
0.00235333
0.01838
0.00198
0.0467667
0.0279433
0.01479
0.00074
0.0141433
0.00296
0.0330367
0
0.0554267
0.00118
0
0.04456
0.0474533
0.04816
0.02014
0.00161
0.00035
0.0616533
0.00112667
0.00359
0
0.0251967
0
0.01843
0.0428833
0.01196
0.0361233
0
0
0.02122
0.05212
0.00134667
0.0178567
0.0828067
0.0141433
0.04324
0.0067
0.00049
0.0152467
0.0447333
0
0.00017
0.01939
0.00821333
0.03045
0.0407067
0.0109033
0.0277067
0.0290833
0.104797
0.01032
0.00888
0.00589333
0.04371
0.00848333
0.02219
0.00376
0.0524267
0.08988
0.09916
0.0153433
0.00778333
0.0365367
0.111943
0.0632167
0.0448767
0.00958333
0.137067
0.0726467
0.03558
0.04456
0.00571333
0.0259433
0.0170667
0.0267
0.0490733
0.00104667
0.0203533
0.02355
0.0341633
0.0565533
0.0321533
0.06337
0.0247433
0.00644333
0.0779233
0
0.00102333
0.00527333
0
0
0.0218567
0.00153667
0.0154
0.01105
0.0822267
0.0182867
0.00833333
0.0286333
0.0364067
0.00870667
0.0136367
0.0406767
0.0121167
0.09241
0.05717
0.0205167
0.000803333
0
0.00203667
0.00799333
0
0.0294233
0.0468933
0.0170333
0.109597
0.0382033
0.01169
0.00062
0.00669
0.0102933
0.02741
0.123443
0.00168667
0.00391333
0.0232533
0.0183667
0.00524667
0.01302
0.0223067
0.10415
0.0194767
0.04287
0.00958
0.10107
0.244703
0.0384867
0
0.03292
0.06371
0.0126267
0.221617
0.0730133
0.0298267
0.01992
0.01994
0.01282
0.172017
0
0.10283
0.000316667
0.00306333
0.0288833
0.0911533
0.0780267
0.0108167
0.00903
0
0.00192333
0.01001
0.00434333
0.0153733
0.0579
0.0277867
0.0293433
0.0174933
0.00616333
0.00301
0.147587
0.05601
0.01727
0.00387667
0.0767133
0.00190333
0.0121133
0.03815
0.0145933
0.251577
0.02762
0.0155733
0.0295967
0.033
0.0152267
0.0796467
0.0333633
0
0.000943333
0
0.000963333
0.0178
0.0791433
0.00667
0.21009
0
0.0594967
0.00130667
0.00159333
0.00019
0
0.00328333
0.0901633
0.0173667
0.0182233
0.0325967
0.0141433
0.167687
0.0154667
0.0203267
0.256767
0.11462
0.0360933
0.17443
0.00048
0.00044
0.0631733
0.0713367
0.00056
0
0
0.17404
0
0.175043
0.159397
0.00100667
0.01432
0.0645333
0.0651967
0.222973
0.186093
0.424137
0.00028
0.05481
0.0521
0.00427667
0.05462
0.185657
0
0.0817833
0.0834967
0.0869533
0.0202133
0.000373333
0.0052
0.05167
0
0.18131
0.285707
0.00784333
0.05026
0
0.0418667
0.116853
0
0.00348667
0.05084
0.00991333
0.0435233
0.22879
0.541517
0.183147
0.06002
0
0.111697
0
0.235163
0.0412967
0.0234233
0.03045
0.0194233
0.0602733
0
0.00323667
0.0312067
0.00536
0
0.0344233
0.000433333
0
0.0160967
0.0341767
0
0.0230967
0
0.01446
0
0.00638333
0.0221933
0
0
0.00537
0.00329667
0
0.01007
0.00171
0.00568333
0
0.11353
0
0.163697
0.00516333
0.0374067
0.0256467
0.04696
0.00161
0.00592667
0.0315267
0.000496667
0.00172667
0.00256667
0.00792
0.0156933
0.03292
0.00367667
0.00270333
0.00375
0
0.05017
0
0.01744
0.01608
0.06494
0.00324
0.00117
0
0.00161
0.0315467
0.02398
0.04868
0.03238
0.0156533
0.00035
0
0.0221533
0.00335333
0.00023
0.01511
0.0171833
0.000323333
0
0.00951
0.00124667
0.01466
0.0430967
0
0.01485
0.06963
0.0233967
0.0775933
0.0308333
0.0832967
0
0.0297167
0.0322333
0.19693
0.0282867
0.00342333
0
0.24572
0.00197
0.02899
0.00849
0.118283
0.02554
0.184163
0.0315367
0.0272933
0.01268
0
0.0492533
0.11717
0.0219467
0
0.106083
0.01044
0.02522
0.11413
0.0129467
0.109397
0
0.0265333
0.00565333
0.10724
0.0523367
0.000506667
0
0.0525233
0
0.07461
0.0214867
0.06641
0.0114667
0.0662533
0.01343
0.0398133
0.152907
0.0740833
0.0400967
0.0341133
0.0175867
0.03883
0.0158767
0.0794833
0.01824
0.00439
0.0115433
0.00081
0.0152633
0.00150333
0.0295667
0.0935367
0
0
0.00083
0.0690267
0
0.0417167
0
0.04351
0.27763
0.00708667
0.03846
0.228307
0.0759667
0.412607
0.02695
0
0.0635967
0.000666667
0.000316667
0.0442567
0.00804667
0.0259533
0.0922267
0.00701333
0
0
0.0247867
0.0466433
0.0708533
0
0.0165467
0.192403
0.0966967
0.00019
0.31786
0.0674567
0.000663333
0.0285167
0.00204667
0.01853
0.0141433
0.00711667
0
0.0364
0
0
0
0.000203333
0
0.0155733
0.19111
0.0289933
0.0388867
0.02345
0.00104667
0.56227
0.0188167
0.000286667
0
0.0166
0.0452567
0
0
0.0143733
0.0167733
0.0236767
0
0.194727
0
0.0494
0.0755333
0.0647567
0.000253333
0.00615
0.0367967
0.124943
0.0317933
0.12924
0.00128
0.00755333
0.05807
0
0
0.00259333
0.000993333
0.0363
0.01757
0.000186667
0.0497467
0.302743
0.000223333
0.00468333
0.17184
0.00221
0
0.0168333
0.00411333
0.01204
0.00654333
0.0628367
0.245937
0.0159933
0.0162667
0.0628367
0.00768667
0.00038
0.0489267
0.135757
0.0151633
0.0356333
0.0178033
0
0.0407167
0.0154067
0.00232
0.28644
0.0494833
0.01792
0
0.0361367
0
0.06439
0
0.12592
0.00728667
0.143387
0.109107
0.0711933
0
0
0.01086
0.0264433
0.0583733
0.00314667
0.0157167
0.227073
0.179753
0.129713
0
0.12354
0.00378333
0.126193
0.0628767
0.0257833
0.0288833
0.0398033
0.00218333
0
0.0457567
0.00066
0.04137
0.00242667
0
0.00545667
0.132063
0.00316
0.000223333
0.02631
0.0143733
0.162463
0
0
0.0160967
0.11034
0.00111333
0.0191533
0.0304767
0.203667
0.14761
0.02644
0.00217333
0.0241133
0.525917
0.0775367
0.00293333
0.0458933
0.00898
0
0.00785667
0.101687
0.00019
0.00556
0.17068
0.00474333
0.106907
0.05037
0.309303
0.0595367
0.0224
0.00228667
0.0343533
0.00100667
0
0.153723
0.03957
0.00997
0
0.00999333
0.08304
0.28891
0.00467667
0
0
0.00239667
0.00019
0.219363
0.00169333
0
0.00895333
0.0343767
0.0151233
0.05416
0.00159333
0.000303333
0.0099
0
0.0396467
0
0
0.0392333
0.01265
0.00109667
0.00459333
0.0706667
0.0141433
0
0.00259
0.00459667
0.000163333
0.00275667
0.0236233
0.00682333
0.06666
0
0.00072
0.0300267
0.00654667
0.00244333
0
0.0218767
0.00390333
0.0419833
0.00143667
0.00197333
0.0432833
0
0.07034
0.000236667
0.0539667
0.00743333
0.00112667
0.0609667
0
0.00370667
0
0.00948333
0.0288033
0.00697667
0.0460033
0.0597733
0
0.00149333
0.00035
0.0152133
0
0.0392033
0.01585
0
0.188287
0.0175733
0.05007
0
0.0233333
0.0382933
0.00716
0.0210567
0
0.0502433
0
0
0.0533033
0
0.00748667
0
0.168113
0.00217667
0.03702
0
0.00245333
0.0111
0.0253033
0.0200167
0
0.04351
0.0664467
0
0.02622
0.0169133
0.00168667
0
0.00341667
0.03244
0.0541933
0.00181
0.05558
0.05813
0.00731333
0.0008
0.0481733
0.436323
0.00573667
0.00044
0.0534733
0.00162667
0.000296667
0
0.00287333
0
0.00179333
0.000633333
0
0.00083
0.00493333
0.04351
0.05797
0.0329433
0
0.05993
0
0
0.0715033
0.0166933
0.0869933
0.00118
0
0.00192333
0.0185033
0
0.00457
0.18608
0.02008
0.04712
0
0.000973333
0.0409133
0.00347667
0.0190033
0.0208167
0.00165333
0.04247
0
0.12184
0.01072
0.00245
0
0
0.0218333
0
0.0164367
0.00126
0.01873
0.0966333
0
0
0.00234333
0
0.0598067
0
0.0168067
0.00179667
0.000666667
0.07622
0.0190233
0
0.01282
0.00369
0
0.0935067
0.0284933
0.0298033
0
0.0730167
0.00017
0.00347667
0.0180067
0.0326167
0.0167567
0
0.08818
0
0
0.0355833
0
0.03508
0.02135
0.00269333
0.01662
0.02445
0.0286933
0.0162767
0.0167667
0.08376
0.00858333
0.07016
0
0.00871333
0.0221533
0.00322
0
0
0
0.0201467
0.0198467
0
0
0.00260667
0.0254833
0.0990133
0.02779
0.000326667
0.00688667
0.022
0.0319967
0.198027
0.00143
0.0544967
0.0716933
0
0.00192333
0
0
0.0203
0.000176667
0
0.0455133
0.0028
0.0466633
0
0.0198033
0.000323333
0
0.269173
0.00688667
0.00608667
0.0144667
0
0.02861
0.000646667
0.00345333
0.00420333
0.178337
0
0.0981867
0
0.00024
0.00299
0
0.03788
0.00019
0
0.0117367
0.0647867
0.00783
0.00339667
0
0.0002
0.0703667
0
0
0.0507567
0
0.000773333
0.03064
0
0
0.0237667
0.0179967
0.0218967
0.0167033
0.0172233
0.0209
0
0
0.06123
0.00779
0.0335633
0.08897
0.00781667
0.03206
0.0776633
0.01116
0.00916333
0.04053
0.17465
0.125197
0.145013
0.0608133
0
0.109197
0
0.0191067
0.02177
0.0348467
0.0455333
0.02943
0.00215
0.0108433
0.00471333
0
0.03334
0.0528367
0.00277
0.19009
0.0198133
0.106387
0.0214
0.07125
0.08421
0.0375933
0.0560633
0.0420467
0.00582
0.0646867
0.0754767
0.136463
0.0309333
0.0142633
0.0653133
0.0488133
0.03128
0.03029
0.0202567
0.0155667
0.04965
0.04726
0.0621167
0.02723
0.0504267
0.000426667
0.04199
0.0171133
0.146853
0.0165267
0.0781633
0.00958
0.0427767
0.0104267
0.0109567
0.08803
0.02105
0.0188967
0.00721
0.0219933
0.00610667
0.0209867
0.04363
0.03209
0.0360567
0.000283333
0.0368867
0.02476
0.00102333
0
0.01549
0.00439
0
0.07214
0.11807
0.0368433
0.0177167
0.10545
0.0521533
0.01255
0.00017
0.00298667
0.00775333
0.00677
0.00598
0.0477167
0
0.00613
0.07858
0.016
0.00077
0.00116
0.00119667
0.0126433
0.00951667
0.0231033
0.0623867
0.0452833
0.12879
0.139933
0.0702167
0.0123267
0.0114933
0.10689
0
0.000376667
0.0304167
0.0172767
0.24577
0.0356133
0.00999333
0.0380733
0.00768667
0.00272
0.00417333
0.07788
0.0332333
0.12461
0.05943
0.0766033
0.01651
0.150143
0.12712
0.0168
0
0.144377
0.00345667
0.130027
0.04789
0
0.0300667
0.07041
0.148807
0.0421133
0.06667
0.01371
0.01747
0.0615433
0.0126167
0.0757467
0.00484667
0.03636
0.00166667
0.00699667
0.00115
0.00291667
0.00156333
0.008
0.0707533
0.03963
0.0933833
0.0393667
0.00180667
0.0130567
0.0208733
0.00311
0.07765
0.00273333
0.01694
0
0.13133
0.0655833
0.138083
0.03649
0.0404233
0.00761667
0.0704767
0.0450033
0.09776
0.00196
0
0.00016
0.0484933
0.23741
0
0.02575
0.0336433
0
0.04057
0.0367567
0.216627
0.0110467
0.0373233
0.000156667
0
0.00226667
0.02055
0.00369
0.02099
0.298643
0.0472467
0.0330733
0.0358033
0.16044
0.00322333
0.00282333
0.389533
0.0785967
0.00224667
0
0.0531667
0.00464333
0.00450667
0
0
0.00082
0.0410733
0.00023
0.00266
0.00169
0.0172567
0
0.03771
0.00192333
0.00111333
0
0.01875
0.00684
0
0.000746667
0.0948633
0.13881
0.06367
0.07399
0.02238
0.00322
0.0321967
0.0305167
0.0640033
0.240753
0.00235
0.00297333
0.132093
0.01925
0.01596
0.01192
0.0150533
0.0377967
0.01666
0.00590333
0.0239533
0.00116
0.00767333
0.00937667
0
0.00059
0.03408
0.0262933
0.0155233
0
0.05667
0
0.0606333
0
0.000346667
0.00933667
0
0.05523
0.0221867
0
0.0042
0.02044
0.0617533
0.04346
0.03782
0.0726633
0.00108667
0.00024
0.00032
0.09195
0.218537
0.325963
0
0.02721
0.0106767
0.00217333
0
0
0.000373333
0.00166333
0.01668
0.0767967
0.0317533
0
0.02117
0.00039
0.00148
0.0357367
0.00334
0
0
0.286947
0.15936
0.205913
0
0.0155933
0.0576767
0.280933
0.255943
0.0575633
0
0.10332
0.06229
0.02253
0.01501
0
0.02047
0
0.260173
0.0152133
0.06038
0.00385
0.0105933
0.152453
0.000513333
0
0.09726
0.00058
0.05694
0.00179667
0
0.04947
0.00465333
0
0.02141
0.216907
0.2327
0
0.00347667
0.01016
0.0289733
0
0
0.0393567
0
0
0.0234
0.546343
0.33347
0.00264333
0
0.0200633
0.0145333
0.02869
0.05178
0.0103933
0
0.0846633
0.0340333
0.0921633
0.186613
0.01052
0.115003
0.09774
0.04856
0.00753
0.0492833
0.0361467
0.05589
0.00112
0.00367667
0
0
0.147587
0
0.255903
0.00059
0.02393
0.00024
0.10506
0
0.000203333
0.0165033
0.0231133
0.0981467
0.0447133
0.0218167
0.01531
0
0.000623333
0.00656667
0.0519033
0.00270333
0.0564767
0.0534933
0.00117667
0.0146533
0.01699
0.00298333
0.00896667
0.000343333
0.00245667
0.00114333
0.000416667
0.00314333
0.000503333
0.000156667
0
0.0889733
0.01514
0.0210867
0.0193
0
0.05494
0.00217333
0
0.00106
0
0
0.01412
0
0.01882
0
0.000156667
0
0.00285
0.00188333
0.00230333
0
0.0153067
0.0590167
0.0141433
0.00296
0.0237667
0
0.00645
0.00152
0.07533
0.0519367
0.00424333
0.0650867
0.0141433
0.000426667
0.03004
0.0443967
0.0700967
0.004
0.02458
0.0990133
0.03306
0.0156833
0.0184167
0
0.04405
0
0.000273333
0.02861
0
0.00488
0
0.0183967
0
0.0171067
0.12638
0.00192667
0
0
0.00052
0
0.0461133
0.0101267
0.00821
0
0.01829
0.00835333
0
0.00283333
0.000206667
0.00226333
0
0.0396567
0
0.00434667
0.00387
0.00667
0
0.0148733
0.0282267
0.00161
0
0
0.00184
0.01452
0.0341133
0.02316
0
0.0149067
0.0422767
0.0283267
0.0336767
0
0.0282867
0.0204833
0
0.0198033
0.0222867
0.00265
0.00157
0.0379733
0.02621
0
0.0384633
0.0404933
0
0.01527
0.0586733
0
0.0342733
0
0.0326967
0.00056
0
0
0.03269
0.0566667
0.0193433
0
0.00319
0.02124
0
0.01842
0.0306333
0
0.0496433
0
0.0495167
0.238053
0.0141433
0.11742
0
0.0175367
0
0.0269567
0.0591067
0.00187333
0.0770733
0
0.00104
0.0226867
0.05699
0.0471633
0.0300267
0.03051
0
0.00067
0.0558633
0.000176667
0.00105
0.00533333
0.00120667
0.0135933
0
0.17296
0.00024
0.116363
0.00447
0.000373333
0.000993333
0.0174933
0
0.04349
0.0308433
0.0337667
0
0.00424333
0.0326767
0.00164
0.0005
0.0153067
0.0141433
0.0168667
0.00424333
0.0154567
0.0197933
0.0150833
0
0.00803
0.00028
0.0633967
0.00152333
0.00158667
0.0143833
0
0
0.00245667
0.00117667
0.000286667
0.275013
0.356497
0.00384667
0.00092
0
0.0122833
0
0
0.01657
0.00399
0
0
0.0419867
0
0.0169167
0.0317233
0.0377967
0.00226
0.00103667
0.0227733
0.0442867
0
0
0
0.0329867
0.0422567
0.00117667
0.0379567
0.00339333
0.02038
0.00349333
0.0292833
0.00052
0
0.0203367
0.0248433
0
0
0.04962
0.04401
0.00244333
0.0092
0.000513333
0.0295067
0.00581333
0
0.05902
0.00284
0.0612267
0.0267833
0.00278
0.1359
0.1335
0.00061
0.0915333
0.05473
0.235173
0.0993567
0.00259667
0.0193033
0.142147
0.00406333
0.0618833
0.11642
0.00772667
0.0742867
0.00754333
0.02939
0.10508
0.01988
0.0246067
0.16553
0.0353567
0.05473
0.02506
0.03261
0.0749633
0.0164
0.00659667
0.279953
0.0500133
0.02412
0.150187
0.0072
0.0681267
0.10569
0.00324333
0.0739967
0.0533067
0.0449433
0.09018
0.000166667
0.01533
0.01116
0.0179767
0.0508
0
0.00657
0.00752667
0.0538867
0.02909
0.0589667
0
0.0614233
0.103393
0.0397533
0.0108333
0.02237
0
0.00282667
0.131223
0.03643
0.0454633
0.00879333
0.01588
0.14479
0.00367667
0.00873333
0.05152
0.06129
0.0469433
0.02384
0.0262267
0.0128633
0.00293667
0.05516
0.06624
0.0832033
0.0235867
0.0170533
0.0180733
0.0386667
0.0558733
0.05916
0.11068
0.0225967
0.07268
0.0540733
0.0388033
0.00616333
0.00549333
0.00541
0.00975667
0.00344667
0.02182
0.0221567
0.00718
0.05552
0.00797667
0.0148167
0.00811
0.06814
0.166923
0.02762
0.0114867
0.0559267
0.135177
0.0430333
0.0293367
0.0151333
0.00655333
0.00851
0.0736633
0.0124833
0.0562967
0.0424167
0.000833333
0.171233
0.00721667
0.0319633
0.0600133
0.0388067
0.00861667
0.0133433
0.0401767
0.01429
0.02003
0.0128667
0.01337
0.24578
0.00311
0.00741
0.03882
0.00236
0.0555567
0.00215667
0
0.0655133
0.000446667
0
0
0.00112
0.01457
0.168733
0.000253333
0.0807867
0.01964
0
0.00105
0.00171
0.104007
0.20561
0.0723167
0
0.0384933
0.01542
0.0287133
0.01425
0.0008
0.0458167
0.00028
0.184977
0.10623
0.01216
0.01075
0.07544
0.0286533
0.0874533
0.27925
0.194567
0.24776
0.0131433
0.0799567
0.0733667
0.13137
0.01784
0.0166967
0.0884267
0.0679667
0.000833333
0.02734
0.219217
0.24441
0.0451167
0.269493
0
0.290173
0
0.03266
0.00747667
0.052
0.04388
0
0.16141
0.0228867
0
0.00035
0.000286667
0.01672
0.0145967
0.107933
0.219383
0.00501333
0.00178
0
0.0161567
0.03686
0.0345433
0.0607933
0.0183167
0.07232
0.08428
0.01433
0.0265567
0.0325233
0.15037
0.0360533
0.00297333
0.04417
0.00483
0.327663
0.113117
0.0272533
0.00771333
0
0.00294333
0.0301433
0.0724633
0
0.05505
0.0052
0.00206667
0
0.0165167
0.0489167
0.0193133
0.00139667
0.151593
0.0356667
0.00333
0.00472333
0.0443633
0.00111333
0.0213467
0.0453767
0.15573
0.0292567
0
0.000943333
0
0.03286
0.0204533
0.0464267
0.00971
0.00217333
0.158217
0.0569733
0.0434933
0.01551
0.0815933
0.0027
0.0507067
0.06589
0.03454
0.165113
0
0.000446667
0.00166
0.0152567
0.0198367
0.00103333
0.00615
0.000206667
0.450953
0.167663
0.00644667
0.0789133
0.01865
0.0153733
0.000496667
0.0449067
0
0.0597367
0.0233333
0.000643333
0.00476
0.0150067
0.0770533
0.0011
0.00375
0.0282867
0.18092
0.0548067
0
0.00624667
0
0.00252333
0.00435667
0.000403333
0.00951
0.01511
0.08578
0.0342933
0.02669
0.0229533
0.00123333
0.00051
0
0.0307933
0
0.0147933
0.0374467
0.141153
0.00017
0
0.000496667
0.000426667
0.00278
0.27979
0
0.15106
0.0307233
0.01533
0.03456
0
0
0.00177
0.0313067
0.03151
0.00236
0.0261933
0.0656133
0
0.119123
0.300677
0.03232
0.01069
0.00510667
0.204697
0.0143033
0
0.0179867
0
0.287767
0.0467433
0.2632
0.01552
0.00123333
0.0202733
0.0104267
0.04644
0.0500533
0.00138667
0.0363167
0.02684
0.00051
0.0162733
0.00039
0.0162633
0
0.00046
0.00464
0.00169333
0.06149
0.0354433
0.000316667
0.0047
0.0318267
0.0503667
0.0215367
0.00617
0.00798
0.108093
0.0121133
0.00651
0.00205333
0.0114633
0.00818
0.0209533
0.00730667
0.00391667
0.0226433
0.0938667
0.0211433
0.00536333
0.0627433
0
0.05363
0.120133
0.0250833
0
0.0323333
0
0.0629433
0.0329967
0.0445967
0.00064
0.0139333
0.01621
0.00691667
0.00812667
0
0
0
0
0.0166033
0.000373333
0
0.00487333
0.03994
0.0762467
0.06385
0.0369633
0.0816333
0.00952667
0.00083
0
0
0.162503
0.01457
0.00451667
0.0559033
0
0.00354333
0.20259
0.0144633
0.00162333
0.0268867
0.0443667
0.00284
0
0.0271167
0.0476867
0.0563833
0.01801
0.0156067
0
0.00164333
0.0154567
0.0259867
0.0517533
0.000623333
0.16846
0.00092
0.000206667
0.00583667
0.000426667
0.00067
0.0157067
0.0683033
0.0678833
0.0604333
0.13284
0.16859
0.1758
0.0547867
0.02838
0.01642
0.0107467
0.19184
0.39459
0.00364667
0.00232
0.0137367
0
0.00107333
0.00153
0
0.0612833
0.0490933
0.101373
0.487743
0.250573
0.322223
0.167603
0.16424
0.00067
0.00202
0.0279767
0.04634
0.0171
0
0.000373333
0.13457
0.294467
0.142547
0.03152
0.08603
0.0908967
0.249953
0.1002
0.0822333
0.16888
0.00181
0
0
0
0
0.00166667
0.110213
0.00826667
0.273153
0.0355667
0.00167
0.168527
0.00358333
0.00772
0
0
0.0641533
0.14362
0.114473
0.0303967
0.01444
0.0465767
0.0208533
0
0.00239667
0
0.0733333
0
0.0136133
0.148953
0.0870167
0.0206533
0
0.03856
0.00195
0.0112067
0
0
0.03445
0.0127133
0.154693
0.00546
0.0171767
0.000566667
0.0665167
0.00149
0
0.0668233
0.00269
0.171447
0.122133
0.0524867
0.272623
0.0779567
0.01404
0.00266
0.00737333
0.0303467
0.0148167
0
0
0.00035
0.0502967
0.04589
0.211697
0.0452533
0.264863
0.286893
0.0112
0.0169833
0.00725333
0
0
0.00052
0.05906
0.151183
0.01845
0.66127
0.249357
0.00075
0
0.00725333
0.0141433
0.000986667
0.0481233
0.0256633
0.00039
0.0577667
0.179957
0.01061
0.0146733
0.000386667
0.0148933
0.158683
0.0419167
0.0721133
0.0306333
0.0168533
0.02341
0.134513
0.0395433
0.0298233
0.04094
0.00586
0.00613333
0.125587
0.0429267
0.0293033
0.00252
0.0237267
0.00624
0.01362
0.00574333
0.02223
0.13122
0.136317
0.000623333
0
0.00884
0.0996533
0.00131
0.18033
0.04101
0
0.0250767
0.00260667
0.129797
0.01448
0.263303
0.0215233
0.0100233
0.000866667
0.0609967
0.00735
0.0817133
0.18069
0.05069
0.01637
0
0.00114333
0.00766
0
0.0161167
0.149553
0
0.00499667
0.16393
0.0286467
0.01452
0
0.0237333
0.0562133
0.0488
0
0.00647333
0.258627
0.07885
0.0205733
0.00225667
0.01073
0.0498733
0
0
0
0.0522367
0.391453
0.0642533
0.0603567
0.0161167
0
0.00111333
0.0352733
0.01539
0.0166167
0.000943333
0.126237
0.00360667
0.00360667
0.295927
0.02766
0.0595033
0
0.05031
0.10906
0.0141433
0.0586733
0.01501
0.0784833
0
0.0385467
0.438373
0
0.11585
0.28795
0.112213
0.00213667
0.000626667
0.00224333
0.0141433
0.02492
0.00377667
0.00954
0.322153
0.0493233
0.0658767
0.304863
0.157413
0
0.00726
0.0531633
0.0502133
0.0503
0.00848667
0.00304
0.03928
0.01153
0.0533633
0.339237
0.00699333
0.000833333
0
0.00619667
0.00204667
0
0
0.197287
0.0394533
0.0141433
0
0
0.161237
0.0105867
0
0.0609967
0
0.0291567
0.234537
0.121267
0.0296633
0.01812
0.0014
0.00580333
0
0.0229333
0.00104667
0
0.03682
0.148743
0.00129
0.14543
0.09014
0.00512333
0.00145667
0
0
0.00369667
0.115607
0.11141
0.225977
0.15925
0.0517367
0.01319
0.0191333
0.01544
0.00408667
0.0550233
0.0174967
0.00132
0.0186433
0.01457
0.00440667
0.01512
0
0.01461
0.0346767
0.00729667
0.140753
0.10153
0.0345667
0.123307
0.00032
0.00273667
0.05931
0
0.000316667
0.0805467
0
0.0331933
0.0350233
0
0.01681
0.0300533
0.0110867
0.00594333
0.242273
0.000433333
0.0629333
0.00363667
0.00293667
0.03487
0.00215667
0.00176333
0.00524
0
0.00126
0.0454033
0
0.00280333
0
0.01625
0.01501
0.0208567
0.0167667
0.00333333
0.00543333
0.0429067
0.0360033
0.03362
0.00161
0.0464367
0.130677
0.05997
0.000323333
0.0501967
0
0.00670667
0.0141433
0.00594
0.000836667
0.0481333
0.03107
0
0.0750833
0.00603667
0.01595
0
0.0227267
0.0283367
0.00193333
0.0171267
0.06344
0.01565
0.00032
0.0268933
0.00655333
0
0.0242933
0.00468667
0
0.0460567
0.02965
0.00472333
0.01891
0.0296433
0.0780367
0.0002
0.00223
0.01642
0.00651667
0.0105933
0.00871333
0.000886667
0
0.01483
0.0182233
0.0221833
0.113297
0.01763
0.05792
0
0.00143
0
0.00129333
0
0.00127333
0.152917
0.0189433
0
0.000316667
0.04773
0.00607333
0
0.0515233
0
0.000203333
0
0.00224667
0.02086
0
0.02567
0.00028
0
0
0.0816667
0
0.02874
0.00768333
0
0.0141433
0.0198867
0.00208333
0.00016
0.0474967
0.0141433
0.00167
0.000666667
0.000403333
0.0637867
0.221407
0.0378667
0
0.08346
0.0641533
0.0430767
0
0.0141433
0.00601667
0.04299
0.00524
0.0106433
0.18511
0.00508
0
0
0.0172967
0
0.00322667
0.0151233
0
0.0605833
0.0141433
0.00126
0
0.0256767
0
0
0.419103
0.0513667
0
0.0612267
0
0
0.0427
0
0
0.00421667
0.03618
0.00472
0.01921
0.0205667
0.01448
0.00734333
0.0222767
0.125267
0.00301667
0.0229667
0.05822
0.00295667
0.00217333
0.0209133
0.04313
0.0250767
0.00373333
0.00786
0
0
0.00442333
0.0669
0
0
0.0142867
0.00475667
0.02206
0.0106767
0.01773
0.0311667
0.00327667
0.0150333
0.0846567
0.00785333
0.000303333
0.0510533
0.0835467
0.02989
0.0317333
0.00173667
0
0.000446667
0.0454233
0
0.00059
0.00174
0.00517667
0.0159733
0.00599333
0.00165333
0
0.0227267
0.0016
0.01737
0
0.0184933
0
0
0.0144667
0.0117867
0.0425833
0.02688
0.0257133
0.00380333
0.0479133
0.19465
0.01188
0.0660733
0.0324867
0
0
0.000536667
0.0315367
0.0196133
0.0341233
0
0.00035
0.000446667
0.0200533
0.132813
0.06382
0.0182133
0.01424
0.0141433
0
0.000166667
0
0.00275
0.000666667
0.02563
0.00508
0.0314933
0
0.0298267
0.00230333
0.00019
0.0405267
0.0517767
0.0100733
0.00331
0
0.00348667
0.00802
0.00044
0
0.0181467
0.0223767
0
0.00132
0.00340333
0
0.00542667
0
0.0008
0.05795
0.04332
0.00468333
0.0183867
0
0.01694
0.0712633
0.00754667
0.0216967
0
0.0618667
0.0206367
0.04443
0.0457267
0.0002
0.0154367
0
0.00421667
0
0.03207
0.00333667
0
0.00067
0
0.0128933
0.0161467
0.00607
0.00394
0
0
0.00192667
0.00181667
0
0.00294333
0.0634967
0
0
0
0.0502967
0.00023
0.0169433
0.00702333
0.04431
0.0004
0
0.0103967
0
0.00766333
0.30089
0.0102867
0.0161633
0.00123667
0.03786
0
0.0170433
0.0810133
0.0244033
0.00032
0.00529333
0.0112067
0.130093
0.109167
0
0.02577
0
0.000223333
0
0.0731533
0.000846667
0.00278
0.00110667
0.0399233
0.00131
0.0180033
0
0.00527333
0.00177
0.00123333
0
0.0425233
0.03649
0.0536667
0.00309
0.01791
0.0430033
0
0.00279667
0
0
0.06418
0.0145233
0.00172667
0.04281
0.0147867
0.0492267
0.00370333
0
0.00850667
0.00347667
0.0283667
0.00046
0.0289567
0.00539333
0.00221
0.00286667
0.0120867
0.03959
0.00292333
0.0394467
0
0
0.00326333
0.00367333
0.04321
0
0.01457
0.05524
0.0550967
0.13149
0
0.00017
0
0
0.00148333
0.01969
0
0
0
0
0.00105333
0.000593333
0.0141433
0.000666667
0.0394833
0.0544567
0.04671
0.00159333
0.00422667
0.03153
0
0.150283
0
0.00264333
0.00799667
0.0249033
0.00132
0.00298
0
0
0
0.00059
0.00374
0.00107333
0.00052
0.00019
0
0.0173233
0
0.00097
0.00678333
0.00989667
0.01946
0.00400333
0.00252
0
0.000556667
0
0.00510667
0
0
0.00477667
0
0
0.00100667
0.0167067
0.0366667
0.0152433
0.00161
0.0433867
0.000296667
0.0344533
0
0.00081
0.243057
0.0799167
0.01442
0
0
0.0598033
0.00138667
0.05572
0
0.0481867
0.0483767
0.0496633
0.0265233
0
0.00034
0
0.06622
0.0293767
0
0
0
0.00127333
0.000226667
0.000223333
0
0
0
0
0.0449267
0.00195
0.00132
0.00105
0
0.00644667
0.0168667
0.00049
0.000786667
0.0852633
0.0443367
0
0.0330233
0
0.03854
0.0174967
0.0143767
0.0259767
0.000566667
0.06107
0
0.0129067
0.04749
0
0.0101433
0.0177933
0.0321867
0.000413333
0
0.0485233
0.00738
0.00219333
0
0
0.00044
0.0147467
0.0100767
0.00633333
0.000223333
0.00107333
0.03428
0.0367967
0
0.0589
0.0587133
0.0240267
0.454813
0.02874
0.0175133
0.00348667
0
0.0403167
0.00569
0.0603
0.01437
0
0.01444
0
0.000336667
0.00668333
0.0259533
0.06134
0.01464
0.00894667
0.0505
0.03406
0
0.00676667
0.00396
0
0.113567
0.1362
0
0
0
0.00703333
0
0.0132367
0.0439367
0
0.00689
0.0314133
0
0.00633
0.000446667
0.01037
0.0353167
0.0328567
0.0636933
0.00561667
0
0.00125333
0
0.0174033
0
0.000866667
0.0986767
0.0445133
0.06451
0.0273433
0
0.0154233
0.000666667
0.0156433
0.0631033
0.0143433
0.0143733
0.02273
0
0
0.0300433
0
0
0.0520633
0.0323867
0.00136667
0.000296667
0.03868
0.03263
0
0.05106
0.00652667
0.00560333
0.0567767
0.0546733
0.02032
0.0140767
0.0266433
0.00049
0.00264333
0
0.0153067
0.00768667
0
0
0
0.0976067
0
0.00174
0.00260333
0.0298733
0.00221667
0.0892233
0.0298433
0.0432467
0.02375
0.0131633
0.0152533
0.0290267
0.000706667
0.710473
0.0122833
0.00215
0.0021
0.0364833
0.01997
0.00044
0.0282867
0
0.000433333
0.00118
0.00650333
0.35444
0
0.000993333
0.00111333
0.01749
0.0781833
0.00304333
0.00140667
0
0.000326667
0.0637633
0.01649
0.0305133
0.00276
0.000446667
0.0103833
0.00028
0
0.0355467
0.0362333
0
0
0.0468467
0.0335867
0
0.0266733
0
0.00681333
0.00436333
0
0.00159333
0.07444
0.00237
0
0.0632133
0.000336667
0.0304833
0.0104233
0.00232667
0.0145533
0.0031
0.000356667
0
0.0556233
0.000543333
0.000286667
0.00413667
0.0141433
0.01668
0.00369
0.0468233
0.0364633
0.0281833
0.0162467
0
0.00493333
0
0.000403333
0.00708
0.0692433
0.0349933
0.0772733
0
0.000373333
0.01479
0
0.00441
0.0253567
0
0.00702
0.00082
0.0272233
0
0.07163
0.00195
0.0141433
0.00108
0.00173333
0.0205367
0
0.0287167
0
0
0.00606667
0.01765
0.01614
0.0249
0
0
0.0315367
0.0313733
0.03381
0
0.0517633
0
0.00718667
0.0409433
0
0.06463
0.00283333
0
0.0204967
0.0335233
0
0.000303333
0.0263233
0.0679533
0.015
0.00141
0.0334067
0.00097
0.00537
0.0301267
0
0.01518
0
0.00883333
0.00350667
0.0414167
0.09256
0.05077
0.0183233
0.00131
0
0.00672333
0.00435667
0.00472667
0.0282867
0
0
0.305757
0.0181967
0.0211733
0.05826
0
0.00102667
0
0.01607
0.0164067
0.000433333
0
0.0327833
0.00151667
0.00311667
0
0.0149967
0.0210533
0
0.0187067
0.00824
0
0.0419967
0.00178667
0.00480333
0
0.06391
0
0.0260133
0
0
0.01424
0.02218
0.03062
0.00531333
0.04498
0.000326667
0.0299333
0.0573167
0.0178767
0.07656
0.00168
0
0.00174
0.0633767
0.01881
0.0159267
0
0.0152467
0.00349667
0
0.0357833
0
0
0.00586667
0.02878
0.0046
0.08833
0.00136333
0.0258067
0.00087
0.0047
0.0165067
0
0.0331967
0.45486
0
0.00688667
0.000476667
0
0
0.00186
0.01866
0
0.0141433
0.0442467
0.19381
0.0558233
0.08502
0.0289267
0.222427
0.0535533
0.0258067
0.10818
0.00066
0.0558267
0.01584
0.01719
0.0829333
0.00077
0.0184033
0.0581467
0.13409
0.129717
0.0636967
0.0533933
0.0117167
0.02686
0.01275
0.06243
0.0416867
0.00699
0.23695
0.0401733
0.00679667
0.104483
0.132343
0.14379
0.0640533
0.05863
0.0491033
0.07147
0.06772
0.0288033
0.07467
0.00084
0.0574233
0.00283
0.10019
0.239297
0.0730167
0.0794967
0.0591367
0.01268
0.0167933
0.0172933
0.0398
0.06238
0.0147167
0.0899067
0.07616
0.0633733
0.0109833
0.00678333
0.114583
0.00111
0
0.131653
0.0141933
0.0427
0.181073
0.07136
0.00603333
0.0170633
0.0117467
0
0.0106667
0.0673
0.0264
0.129817
0.109407
0.0431367
0
0.0267467
0.04605
0.00150333
0.0574833
0.07426
0.0627167
0.000503333
0.0125567
0.164017
0.00197333
0.09331
0.0175567
0.19381
0.0952367
0.0548833
0.0214267
0.06107
0.0878467
0.167797
0.0456033
0.109693
0
0.00380667
0.0119567
0.00711333
0.0469533
0.0379333
0.0484033
0.00034
0.11348
0.138993
0.0232133
0.00196
0.0268
0.0708367
0.0302067
0.00545667
0.0573567
0.226833
0.07949
0.000506667
0.01135
0.16791
0.03084
0.0922533
0.00156
0.0735967
0
0.00512333
0.00076
0.03841
0.19108
0
0.0807033
0.173747
0.00043
0.0317633
0.138547
0.222417
0.2659
0.13536
0.0272233
0.0105167
0
0.09978
0.0735333
0.03289
0.23264
0.00804333
0.00673333
0.0642467
0.0369967
0.01935
0.0226133
0.0459833
0.06208
0.00280667
0.0634333
0.06672
0.0259633
0.0157667
0.122387
0.02038
0.0206167
0
0.0885767
0.00208667
0.10268
0.02417
0.00694
0.02709
0.00659667
0.201407
0.00860333
0.0109033
0.0190267
0
0.0452733
0.00295667
0.00964
0.01797
0.0427767
0
0.04117
0.00995667
0.12843
0.0642633
0.00837333
0.0384333
0.0393
0.0125033
0.00017
0.00772
0.000503333
0.04464
0.0139267
0.04759
0.02584
0.0775567
0.00486667
0.0309467
0.00424
0.0328867
0.0785467
0.0988867
0.000963333
0.0136467
0.0354767
0.0690267
0.0459467
0.0382667
0.03818
0.0250433
0.10787
0.0406167
0.0470833
0.0498967
0.0521667
0.0635067
0.07685
0.15416
0.0342733
0.01114
0.165073
0.176137
0
0.00476667
0.0450933
0.250183
0.0357133
0.0577333
0.0241167
0.00525667
0.0369733
0
0.1229
0.0116267
0.00900333
0
0.00908
0.132917
0
0.000903333
0.00017
0.0132033
0.0675733
0.00288333
0.0203
0.0315433
0.0844333
0
0.02976
0.000166667
0.000956667
0.0129933
0.00900667
0.08474
0
0.0152267
0.07341
0.00517
0.00489
0.0331933
0.0389867
0.0342133
0.00544
0.00804667
0.00857333
0.0131067
0.0209533
0.0360367
0.00690333
0.05614
0.00368
0
0.0596033
0.01517
0.00989
0.12391
0.0146467
0.0698633
0.18328
0.0387
0.000283333
0
0.215167
0.0590533
0.03758
0.00175667
0.0273667
0.0408633
0.0132467
0.0242267
0.000253333
0.0293867
0.168707
0.0552733
0.0491567
0.0610533
0.0367333
0.06593
0.00958
0.01008
0.0247133
0.03329
0.00173333
0.0506167
0.0349733
0.0109833
0.0247433
0.148
0.0276833
0.0138267
0.19234
0.00487333
0.00473
0.0914433
0.0163167
0.000276667
0.0408367
0.05487
0.0128767
0.08825
0.00116333
0.158863
0.00709
0.0145767
0
0.00180667
0.05439
0.05849
0.135887
0.0321767
0.0477667
0.00194333
0.00389
0.0925
0.0501433
0.106363
0.00427667
0.06834
0.0277567
0.00205333
0.01016
0
0.02163
0.0528967
0.0119733
0.00654
0.0312867
0.0425533
0.0509233
0.01715
0.00893667
0.05395
0.00489333
0.0628733
0.01016
0.142703
0.0287533
0.01447
0.140543
0.007
0.01803
0.0342433
0.02847
0.00065
0.02142
0.0246233
0.0530267
0.04728
0.05351
0.00938
0.00998333
0.0233367
0.0219533
0.00854333
0.02422
0.0203767
0.0340467
0.0774633
0.0536967
0.0295533
0.0147567
0.02875
0.113013
0.000503333
0.0250533
0.00943
0.0485733
0.0411933
0.00971
0.00309667
0.111
0.0121833
0.03497
0.0271133
0.00985
0.0327233
0.00994667
0.00106
0.00285
0
0.000963333
0
0.04344
0.0081
0.000316667
0.114593
0.0511033
0.0958667
0.0245833
0.00584333
0.0326067
0.00919
0
0.00180667
0.02035
0.0565933
0.0348567
0.01899
0.0883133
0.0150167
0.09745
0.0415
0.00251
0.0410767
0.0393967
0.01836
0.0719867
0.01714
0.102757
0.00361333
0.06211
0.06524
