0.13787
0.123377
0.0680867
0.123227
0.0679067
0.123143
0.06776
0.123017
0.0674767
0.122843
0.0672033
0.122597
0.06681
0.122233
0.06623
0.12167
0.06532
0.120723
0.0637733
0.118953
0.0608333
0.115213
0.0545233
0.10808
0.0251933
0.03996
0.0704867
0.0601867
0.0147967
0.06009
0.0147
0.06009
0.0147
0.06009
0.0147
0.06009
0.0147
0.06009
0.0147
0.06009
0.0147
0.06009
0.0147
0.06009
0.0147
0.06009
0.0147
0.06009
0.0147
0.0673467
0.0746033
0.03647
0.0218633
0.02912
0.0145133
0.02912
0.0145133
0.02912
0.0145133
0.02912
0.0145133
0.02912
0.0145133
0.02912
0.0145133
0.02912
0.0145133
0.02912
0.0145133
0.02912
0.0145133
0.02912
0.01467
0.02912
0.0150433
0.03992
0.110377
0.10944
0.0400833
0.0303967
0.106453
0.108597
0.0442833
0.109427
0.0452133
0.10967
0.04569
0.110017
0.04631
0.110447
0.04706
0.111393
0.0483767
0.1121
0.0495167
0.11265
0.05056
0.113983
0.05241
0.115917
0.0547167
0.118407
0.0566833
0.136387
0.0716367
0.0623367
0.142623
0.134783
0.0628767
0.134237
0.0622767
0.1341
0.0620267
0.133907
0.0617067
0.13368
0.0613267
0.133403
0.0608667
0.133063
0.0603067
0.132637
0.05955
0.132093
0.0587
0.131403
0.0576233
0.130567
0.05634
0.144397
0.0567133
0.0697467
0.154363
0.12705
0.0294
0.12705
0.0294
0.12705
0.0294
0.12705
0.0294
0.12705
0.0294
0.12705
0.0294
0.12705
0.0294
0.12705
0.0294
0.12705
0.0294
0.12705
0.0294
0.12705
0.0294
0.14182
0.0442367
0.04417
0.117917
0.103213
0.0295333
0.103213
0.0295333
0.103213
0.0295333
0.103213
0.0295333
0.103213
0.0295333
0.103213
0.0295333
0.103213
0.0295333
0.103213
0.0295333
0.103213
0.0295333
0.103213
0.0295333
0.103213
0.0295333
0.11074
0.148873
0.08272
0.02982
0.0679533
0.0150533
0.0679533
0.0150533
0.0679533
0.0150533
0.0679533
0.0150533
0.0679533
0.0150533
0.0679533
0.0150533
0.0679533
0.0150533
0.0679533
0.0150533
0.0679533
0.0150533
0.06805
0.01515
0.0681467
0.0153433
0.07835
0.11629
0.07729
0.03469
0.07411
0.0357633
0.07494
0.0366767
0.0751833
0.0370767
0.0755333
0.0376167
0.0759633
0.0382867
0.0765067
0.0391367
0.0772133
0.0402433
0.0781667
0.0417467
0.0795
0.0438667
0.0814333
0.0469467
0.08392
0.0507733
0.08389
0.113167
0.08039
0.03955
0.0746367
0.0289367
0.0744667
0.0286567
0.0742267
0.0282867
0.0739367
0.0278367
0.0735833
0.02729
0.0731467
0.02661
0.07259
0.0257433
0.07187
0.0246133
0.0709267
0.0231333
0.0697367
0.02129
0.09687
0.06623
0.0477467
0.194157
0.184853
0.0569267
0.184853
0.0569267
0.184853
0.0569267
0.184853
0.0569267
0.184853
0.0569267
0.184853
0.0569267
0.184853
0.0569267
0.184853
0.0569267
0.184853
0.0569267
0.184853
0.0569267
0.184853
0.0569267
0.205643
0.0700433
0.0777167
0.202243
0.17378
0.04158
0.17378
0.04158
0.17378
0.04158
0.17378
0.04158
0.17378
0.04158
0.17378
0.04158
0.17378
0.04158
0.17378
0.04158
0.17378
0.04158
0.17378
0.04158
0.17378
0.04158
0.181753
0.0367367
0.0495533
0.119343
0.0985533
0.0159467
0.0985533
0.0159467
0.0985533
0.0159467
0.0985533
0.0159467
0.0985533
0.0159467
0.0985533
0.0159467
0.0985533
0.0159467
0.0985533
0.0159467
0.0985533
0.0159467
0.0985533
0.0159467
0.09865
0.01614
0.108777
0.03904
0.03264
0.07177
0.06814
0.0361567
0.0682267
0.0363267
0.06847
0.0367267
0.0688167
0.0372667
0.0692467
0.0379333
0.0629367
0.03193
0.0563867
0.02578
0.0649767
0.03492
0.06746
0.03819
0.0700433
0.04192
0.0787333
0.0520467
0.0787167
0.0465767
0.04899
0.06151
0.05936
0.0446767
0.0596433
0.0449967
0.05975
0.04517
0.0599067
0.0454133
0.0601067
0.0457267
0.0603733
0.0461467
0.06074
0.0467267
0.0612667
0.0475667
0.06206
0.04884
0.0633
0.05084
0.06049
0.0490167
0.06507
0.0458433
0.0448133
0.149113
0.141947
0.0393533
0.14181
0.03927
0.141617
0.0391467
0.141237
0.03886
0.14096
0.03872
0.140533
0.0384867
0.140107
0.0383433
0.139803
0.0384667
0.13911
0.03835
0.138273
0.0378133
0.164637
0.07304
0.0610133
0.111353
0.09657
0.05666
0.09657
0.0566333
0.09657
0.0565033
0.09657
0.0563533
0.09657
0.05618
0.09657
0.0559733
0.09657
0.0557333
0.09657
0.0554533
0.09657
0.0551367
0.09657
0.0548133
0.09657
0.0545567
0.11145
0.05741
0.0696
0.131087
0.104087
0.0304767
0.104167
0.0305667
0.104197
0.0306167
0.10427
0.0307133
0.104323
0.0308
0.104433
0.0309533
0.104543
0.0311267
0.104643
0.03133
0.104927
0.0317933
0.105513
0.0327833
0.112993
0.0415467
0.118367
0.05568
0.0573833
0.0635667
0.0634433
0.0554333
0.06329
0.0552533
0.0632067
0.0551167
0.06308
0.0549167
0.0627633
0.0545
0.06252
0.05411
0.0623033
0.0536767
0.06174
0.0527667
0.06079
0.0512167
0.0590167
0.0482733
0.0552767
0.0419633
0.0443967
0.0799467
0.0666333
0.0152467
0.0665367
0.0150533
0.0665367
0.0150533
0.0665367
0.0150533
0.0665367
0.0150533
0.0665367
0.0150533
0.0665367
0.0150533
0.0665367
0.0150533
0.0665367
0.0150533
0.0665367
0.0150533
0.0665367
0.0150533
0.0665367
0.0150533
0.0802467
0.120163
0.08239
0.0349467
0.0748633
0.02742
0.0748633
0.02742
0.0748633
0.02742
0.0748633
0.02742
0.0748633
0.02742
0.0748633
0.02742
0.0748633
0.02742
0.0748633
0.02742
0.0748633
0.02742
0.0748633
0.02742
0.0748633
0.02742
0.09027
0.0449467
0.0430867
0.152733
0.139257
0.0315367
0.139337
0.0316267
0.139363
0.0316733
0.139403
0.0317367
0.13946
0.0318267
0.139537
0.0319467
0.139643
0.0321167
0.12468
0.0172567
0.109653
0.00241
0.126653
0.0198133
0.143653
0.0380967
0.169543
0.277217
0.20397
0.0914467
0.194617
0.0817267
0.193803
0.0807733
0.1934
0.0803267
0.193253
0.0801133
0.193033
0.0798133
0.192747
0.0794233
0.192363
0.0789067
0.191837
0.0782
0.191067
0.0771767
0.18986
0.0756033
0.185253
0.07045
0.18139
0.06582
0.196233
0.236493
0.132137
0.0707833
0.110467
0.0491233
0.110493
0.0491633
0.110533
0.0492033
0.11059
0.04924
0.110667
0.0492667
0.110773
0.04926
0.11094
0.0492133
0.111227
0.0490967
0.11181
0.0490033
0.113497
0.0501167
0.133513
0.06353
0.0738867
0.08258
0.0533433
0.0260133
0.05322
0.0259067
0.0529467
0.0255933
0.0526167
0.0252533
0.05227
0.0250067
0.05176
0.0246433
0.05098
0.02408
0.0496867
0.0231333
0.0473167
0.0213633
0.0424067
0.0176233
0.0298367
9.66667e-05
0.00762333
0.00754333
0.00735
0
0.00735
0
0.00735
0
0.00735
0
0.00735
0
0.00735
0
0.00735
0
0.00735
0
0.00735
0
0.00735
0
0.00735
0.0219567
0.00725667
0
0.00725667
0
0.00725667
0
0.00725667
0
0.00725667
0
0.00725667
0
0.00725667
0
0.00725667
0
0.00725667
0
0.00741333
0.000313333
0.00794333
0.00137
0.01317
0.0306967
0.03711
0.0358967
0.0262067
0.0398133
0.0427133
0.0398267
0.0431333
0.0402667
0.0437967
0.0410167
0.04458
0.0418833
0.04551
0.0428767
0.04702
0.0440133
0.0479467
0.0452767
0.0495067
0.0465533
0.05118
0.04743
0.05218
0.0463833
0.04067
0.01384
0.0270867
0.0367233
0.03525
0.0111033
0.0350367
0.0108667
0.0347067
0.0103467
0.0343233
0.00972333
0.0338633
0.00896
0.0333067
0.00803
0.03257
0.00675333
0.0316933
0.00527
0.0306967
0.00368333
0.0294767
0.00195333
0.0281567
9.66667e-05
0.00052
0.0147
0.0147
0
0.0147
0
0.0147
0
0.0147
0
0.0147
0
0.0147
0
0.0147
0
0.0147
0
0.0147
0
0.0147
0
0.0147
0
0
0.0147667
0.0147667
0
0.0147667
0
0.0147667
0
0.0147667
0
0.0147667
0
0.0147667
0
0.0147667
0
0.0147667
0
0.0147667
0
0.0147667
0
0.0147667
0.03706
0.00752667
0
0.00752667
0
0.00752667
0
0.00752667
0
0.00752667
0
0.00752667
0
0.00752667
0
0.00752667
0
0.00752667
0
0.00752667
0
0.00772
0.000193333
0.0106833
0.0284133
0.02408
0.01084
0.0291633
0.0167533
0.0294867
0.0170333
0.0299933
0.0175967
0.0306133
0.0182967
0.0314
0.0191933
0.03241
0.02036
0.0337633
0.0219167
0.03565
0.0240467
0.0383667
0.0269233
0.0420033
0.03003
0.0405467
0.04661
0.0244933
0.0165767
0.0194633
0.0115633
0.0191133
0.01108
0.0186933
0.01049
0.01818
0.00976333
0.01755
0.00886
0.0167533
0.00772333
0.01572
0.00629
0.0143667
0.00452667
0.01264
0.00264333
0.0106567
0.00083
0.00150667
0.0284633
0.0284633
0.00278
0.0284633
0.00283333
0.0284633
0.00313333
0.0284633
0.00351667
0.0284633
0.00402667
0.0284633
0.00472
0.0284633
0.00568667
0.0284633
0.00707333
0.0284633
0.00904333
0.0284633
0.0114067
0.0284633
0.0114067
0.0114067
0.02079
0.02079
0.00750667
0.02079
0.00742333
0.02079
0.00698667
0.02079
0.00646667
0.02079
0.00583667
0.02079
0.00507333
0.02079
0.00415333
0.02079
0.00307
0.02079
0.00187333
0.02079
0.000756667
0.02079
9.66667e-05
9.66667e-05
0.00797333
0.00797333
0
0.00797333
0
0.00797333
0
0.00797333
0
0.00797333
0
0.00797333
0
0.00797333
0
0.00797333
0
0.00797333
9.66667e-05
0.00807
0.000413333
0.0146367
0.0152433
0.00812333
0.0281567
0.0289867
0.01841
0.0293133
0.0187
0.02982
0.0193
0.03044
0.0200333
0.0312233
0.0209367
0.02538
0.02207
0.02633
0.0235067
0.0362567
0.0253367
0.0320833
0.0275433
0.0433567
0.0295067
0.0417533
0.0223233
0.0251133
0.03655
0.0370833
0.0205767
0.0372233
0.0206567
0.0374467
0.0206867
0.0377333
0.02075
0.0381133
0.0208733
0.0386333
0.0210867
0.0393733
0.0216733
0.04048
0.0221067
0.0422
0.02323
0.0447067
0.0249767
0.03334
0.01249
0.0205733
0.0262867
0.0269633
0.0143933
0.0269467
0.0145867
0.02698
0.0150267
0.02704
0.0155833
0.0269933
0.01632
0.0273233
0.0173167
0.0273733
0.0187
0.0280833
0.0206633
0.0287833
0.02336
0.02927
0.0259467
0.02596
0.0119933
0.0167533
0.0332267
0.0316033
0.00874667
0.0314467
0.00843667
0.0311667
0.00787667
0.0308433
0.00722667
0.0304633
0.00646667
0.0300167
0.00567
0.0294967
0.00468
0.0289
0.00359667
0.02826
0.00257333
0.02768
0.00217333
0.0275867
0.00438667
0.00415667
0.0156267
0.0157733
0.00678
0.0158133
0.00683333
0.0158767
0.00700667
0.0159867
0.00718333
0.0160633
0.00736
0.01628
0.00751333
0.0164467
0.00760333
0.01683
0.00755333
0.0175967
0.00729333
0.0196867
0.00727
0.03851
0.0269267
0.0165867
0.0471467
0.0468733
0.02589
0.0467633
0.0258033
0.0465833
0.02564
0.0463367
0.0254267
0.0458467
0.02514
0.0454833
0.02474
0.0447033
0.02408
0.04341
0.0231333
0.0410367
0.0213633
0.0361267
0.0176233
0.0235567
0.0236533
0.00762333
9.66667e-05
0.00752667
0
0.00752667
0
0.00752667
0
0.00752667
0
0.00752667
0
0.00752667
0
0.00752667
0
0.00752667
0
0.00752667
0
0.00752667
0
0.00752667
0.0287633
0.01371
0
0.01371
0
0.01371
0
0.01371
0
0.01371
0
0.01371
0
0.01371
0
0.01371
0
0.01371
0
0.01371
0
0.01371
0
0.01397
0.000586667
0.00026
0.0161567
0.0163033
0.000663333
0.0163433
0.000693333
0.0164033
0.000736667
0.0164833
0.000793333
0.0165933
0.00087
0.0167433
0.000976667
0.0169733
0.00114333
0.00223
0.00142667
0.00281333
0.00201
0.0215
0.00369667
0.0332467
0.07445
0.06034
0.0256367
0.0593733
0.0254333
0.0588367
0.02547
0.0586767
0.0253967
0.0584333
0.0253267
0.0581267
0.0252467
0.0577267
0.0251533
0.0571933
0.0250533
0.0564533
0.0249567
0.05537
0.02492
0.0537133
0.02515
0.0485367
0.02639
0.0447267
0.07762
0.0348567
0.02681
0.03489
0.0268267
0.03492
0.0268067
0.0349233
0.0267133
0.0348867
0.0264967
0.0347667
0.0260633
0.0345033
0.0252433
0.03399
0.0237267
0.0330933
0.0209833
0.0322433
0.0167967
0.03671
0.0114333
0.01608
0.0217067
0.0132633
0.000366667
0.0130933
0.00026
0.01276
8.33333e-05
0.0125767
0
0.01243
0
0.0122133
9.66667e-05
0.0118667
0.00017
0.0112667
0.00035
0.0100967
0.000846667
0.00752667
0.00240333
0.00240333
0
0
0.00578
0
0.00582667
0
0.00605
0
0.00627
0
0.00645333
0
0.00653667
0
0.00639667
0
0.0058
0
0.00441333
0
0
0
0.00214333
0
0.000356667
0
0.000343333
0
0.000276667
0
0.000213333
0
0.000363333
0
9.66667e-05
0
0
0.000156667
0.000156667
0.000996667
0.00084
0.00492333
0.00962333
0.0204367
0.0247167
0.01179
0.03748
0.03946
0.0270567
0.0400433
0.0275067
0.0408333
0.02822
0.04173
0.0290667
0.0427367
0.0300967
0.04384
0.0313633
0.0449367
0.03292
0.0457067
0.0347967
0.04517
0.0366533
0.0373033
0.02451
0.03272
0.0158467
0.01396
0.02163
0.0134967
0.0210067
0.0127467
0.01986
0.0118233
0.0184333
0.0106867
0.0166433
0.00921333
0.01432
0.00731
0.0113967
0.00526333
0.00801333
0.00308667
0.00443667
0.00118
0.000193333
0.000853333
9.66667e-05
0
0
0
0
0
0
0
0
0
0
0
0
0
0
0
0
0
0
0
0
0
0
0
0
0
0
0
0
0
0
0
0
0
0
0
0
0
0
0
0
0
0
0
0
0
0
0
0
0
0
0
0
0
9.66667e-05
0
0.00015
0
0.00026
0
0.00051
9.66667e-05
0.00135
0.000853333
0.00372
0.0101133
0.00877333
0.0118133
0.0152067
0.0122267
0.01575
0.0129033
0.0168767
0.0137633
0.01824
0.01488
0.01991
0.0163467
0.0219567
0.0182967
0.02441
0.02082
0.02707
0.02353
0.0286833
0.0238233
0.02557
0.01312
0.0227667
0.0127233
0.0204367
0.01205
0.0191267
0.0112167
0.01754
0.0101833
0.0156067
0.00889
0.0132533
0.00728333
0.0104167
0.00534333
0.00715333
0.00329667
0.00393333
0.00214333
0.00722
0.00507667
0.00361
0.00561333
0.0112267
0.00596667
0.01193
0.00665
0.0133
0.00754333
0.0150867
0.00874667
0.01749
0.0104067
0.0208133
0.01276
0.02552
0.0161167
0.0322333
0.02045
0.0409
0.0228133
0.0378267
0.0417267
0.0189133
0.01493
0.02986
0.01441
0.0288233
0.0134533
0.0269067
0.0123033
0.0246033
0.01091
0.02182
0.00922667
0.0184533
0.00722333
0.01445
0.00494333
0.00988667
0.00263
0.00526
0.000853333
0.000193333
0.00095
9.66667e-05
0
0
0
0
0
0
0
0
0
0
0
0
0
0
9.66667e-05
0.000193333
0.000413333
0.000823333
0.00197
0.0109033
0.00732667
0.0126667
0.0151367
0.0156733
0.0155933
0.0162733
0.01634
0.01738
0.01724
0.0187067
0.0183333
0.02028
0.0196467
0.02211
0.0211767
0.0240667
0.02273
0.0256
0.02353
0.0249067
0.0215567
0.00844333
0.0132667
0.0139433
0.0119233
0.00433
0.0118433
0.00403333
0.01167
0.00351333
0.0115033
0.00295333
0.01136
0.00236
0.01148
0.00196
0.0114933
0.00136
0.0114967
0.00062
0.01214
0.00029
0.01652
0.00820667
0.00358667
0.0130567
0.0144233
0.00959667
0.0149567
0.0100767
0.0157367
0.0107867
0.01673
0.0116867
0.01804
0.01286
0.0198067
0.0144333
0.02225
0.0165933
0.0256233
0.01954
0.0296033
0.0229433
0.0252833
0.01037
0.0183233
0.01257
0.0107667
0.00859333
0.0102033
0.00816
0.00944667
0.00755333
0.00856667
0.00684667
0.00763
0.00621333
0.00657
0.00554
0.00533333
0.00474
0.00414667
0.00423667
0.00362
0.00505333
0.00562
0.0198333
0.01544
0.0102433
0.0125933
0.0245133
0.0127667
0.02482
0.01304
0.02532
0.0132933
0.02576
0.0134833
0.0260533
0.0135167
0.0259933
0.01321
0.0251733
0.0122133
0.02282
0.0100633
0.0177133
0.00720667
0.00280333
0.00612
0.01423
0.01331
0.00101333
0.0132133
0.000926667
0.0130633
0.000773333
0.0128833
0.000613333
0.01266
0.00046
0.01231
0.000193333
0.0118667
0
0.0112667
0
0.0100967
0
0.00752667
0.00762333
0
0
0
0
0
0
0
0
0
0
0
0
0
0
0
0
0
0
0
0
0
0
0
0
0
0
0
0
0
0
0
0
0
0
0
0
0
0
0
0
0
0
0
0
0
0.000326667
0.000336667
0
0.000356667
0
0.00038
0
0.000413333
0
0.000456667
0
0.00052
0
0.000623333
0
0.000803333
0
0.00120667
0
0.00258667
0.01554
0.0130833
0.000496667
0.0134667
0.00148333
0.01368
0.00379
0.0137267
0.00396
0.0138267
0.00445333
0.01397
0.00509333
0.0141933
0.00595333
0.0145633
0.00713667
0.01523
0.00884
0.01659
0.01141
0.01974
0.0156033
0.02879
0.0298433
0.0330133
0.0315767
0.0329867
0.0314833
0.03288
0.0310733
0.03264
0.0304667
0.0321733
0.02955
0.0312967
0.02815
0.02969
0.0259667
0.0267233
0.0224767
0.0214467
0.01694
0.01404
0.00287667
0.00942667
0.00284333
0.000176667
0.00898667
8.33333e-05
0.00911667
0
0.00977
0
0.0104833
9.66667e-05
0.0113933
0.000266667
0.0123367
0.00052
0.0130433
0.00119667
0.0135967
0.00325
0.02485
0.0199167
0.00818333
0.0116067
0.02515
0.0118767
0.02562
0.01232
0.0261633
0.0127233
0.02662
0.01299
0.0268167
0.0129333
0.02634
0.0121967
0.0246433
0.0102133
0.0205233
0.00655667
0.00214333
0.0025
0.005
0.0007
0.0014
0.00062
0.00124
0.00049
0.00098
0.000576667
0.00094
0.00046
0.000706667
9.66667e-05
0.000193333
0
0
0.000156667
0
0.000683333
0.00439333
0.0148633
0.00173333
0.000636667
0.01466
0.0153267
0.00229333
0.0158667
0.00259
0.0166067
0.00305667
0.0175733
0.00372
0.0188967
0.00471
0.0207833
0.00626
0.0236267
0.00883667
0.0280033
0.0132267
0.0332833
0.0217667
0.0194033
0.0274367
0.0260467
0.0204467
0.02497
0.01965
0.0234467
0.01847
0.0215267
0.0169767
0.0190933
0.01507
0.0159467
0.01265
0.0121067
0.00965667
0.00778333
0.00622667
0.00297667
9.66667e-05
0.00231667
9.66667e-05
0
0
0
0
0
0
0
0
0
0
0
0
0
0
0
0
0
0
0
0
0
0
0
0
0
0
0
0
0
0
0
0
0
0
0
0
0
0
0
0
0
0
0
0
0
0
9.66667e-05
0.000193333
0.000246667
0.000493333
0.00041
0.00082
0.00077
0.00154
0.00176333
0.00343
0.00722667
0.00663333
0.0188067
0.0257267
0.02395
0.0340633
0.0250933
0.0351733
0.0267467
0.03683
0.0287
0.0386067
0.031
0.0404167
0.03364
0.0420167
0.03641
0.0428367
0.0383267
0.04148
0.0358367
0.0244767
0.0289233
0.0274767
0.02587
0.0244033
0.02389
0.0222967
0.02151
0.0198567
0.0186467
0.0170533
0.01522
0.0138967
0.0112333
0.0105467
0.00697333
0.00748333
0.00621333
0.0125533
0.00890667
0.0120033
0.01441
0.0181133
0.0157467
0.01915
0.01771
0.0206733
0.0203133
0.0226033
0.02387
0.0251267
0.0288533
0.0285367
0.03595
0.0332733
0.04561
0.03958
0.05077
0.0352633
0.0407833
0.04135
0.0367667
0.02944
0.0348533
0.0279567
0.03222
0.0257533
0.0290467
0.02321
0.02521
0.0201367
0.0206067
0.0164533
0.01524
0.01217
0.00944667
0.00757333
0.00348333
9.66667e-05
0.00272667
9.66667e-05
0
0
0
0
0
0
0
0
0
0
0
0
9.66667e-05
9.66667e-05
0.000603333
0.000506667
0.00618
0.01329
0.00586333
0.0171833
0.0199167
0.0159733
0.02102
0.0168267
0.02254
0.0180433
0.02435
0.0194933
0.02648
0.0211967
0.02886
0.02309
0.0310967
0.02493
0.03179
0.0255033
0.0225933
0.00718667
0.0174733
0.00748333
0.00525333
0.00858
0.00472
0.00825
0.00404333
0.00813
0.00332333
0.00802
0.00256667
0.00791667
0.00202
0.00776
0.00109667
0.00742
0.000503333
0.00654667
0.000193333
0.00462333
0.00472
0.00471667
0.00488
0.00227667
0.00519667
0.00229333
0.00559
0.00242
0.00609667
0.00265667
0.00676333
0.00305667
0.00767
0.00369
0.00892333
0.00462333
0.0106167
0.00576333
0.0123267
0.00653667
0.00653667
0.00437333
0.00422
0.00333
0.00394
0.00325333
0.00361333
0.00284
0.00333
0.00247333
0.00322333
0.00220333
0.00305667
0.00196333
0.00309333
0.00196333
0.00409667
0.00291667
0.0134267
0.02227
0.0118
0.02829
0.0308067
0.0246667
0.03134
0.02507
0.03193
0.02554
0.0323967
0.0259067
0.03256
0.0260233
0.0320433
0.0255833
0.0301233
0.0239967
0.02555
0.0202667
0.0138333
0.00191
0.01026
0.00216667
0.00122
0.00097
0.00106333
0.00085
0.000866667
0.000693333
0.00067
0.000536667
0.000423333
0.000326667
9.66667e-05
9.66667e-05
0
0
0
9.66667e-05
0
0
0
0.000363333
0
0.00301333
0
0.00309
0
0.00351
0
0.00403333
0
0.00466667
0
0.0054
0
0.00614
0
0.0123
0
0
0
0.00576333
0
0.00164
0
0.00158333
0
0.00131
0
0.00102333
0
0.00074
0
0.000473333
0
0.00025
0
9.66667e-05
0
0
0
0
0
0
0
0
0
0
0
0
0
0
0
0
0
0
0
0
0
9.66667e-05
0.000863333
0.000463333
0.00359667
0.00595333
0.00574
0.01017
0.00618667
0.0109067
0.00699667
0.01232
0.00803667
0.0141133
0.00938667
0.0163867
0.01114
0.01922
0.01335
0.0224733
0.0158333
0.0251533
0.0177833
0.02432
0.0238867
0.02164
0.0234967
0.0209267
0.0227333
0.0195467
0.0217
0.0177733
0.0202933
0.0155967
0.0183733
0.0128133
0.0157567
0.00954667
0.01223
0.00632333
0.00767667
0.0125633
0.00448
0.00921
0.0181033
0.0362067
0.0188867
0.0377733
0.0202533
0.0405067
0.02178
0.0434667
0.0234633
0.0463733
0.0247633
0.0483967
0.0252733
0.0481267
0.0299133
0.0406333
0.03949
0.03599
0.0331133
0.0310933
0.0336367
0.03098
0.03401
0.03044
0.0341767
0.0297367
0.03377
0.0285433
0.03225
0.02658
0.0285567
0.0231033
0.0172233
0.00905667
0.00355667
0.0032
0.00166333
0.00141667
0.00138667
0.00121333
0.00106667
0.00100333
0.000973333
0.000836667
0.00044
0.000713333
9.66667e-05
0.000743333
0
0.00122
0
0
0.000636667
0.00717
0.00961
0.00109667
0.00119667
0.00734667
0.00139333
0.00735333
0.00166333
0.00739
0.00205667
0.00742
0.00265333
0.00738667
0.00360667
0.00717
0.00523
0.00651667
0.00799667
0.00504333
0.00504333
0.01036
0.0100867
0.000646667
0.00956333
0.000613333
0.00890667
0.000456667
0.00807
0.000313333
0.007
0.00019
0.00565
9.66667e-05
0.00400667
0
0.00222
0
0
0
0
0
0
0
0
0
0
0
0
0
0
0
0
0
0
0
0
0
0
0
0
0
0
0
0
0
0
0
0
0
0
0
0
0
0
0
0
0
0
0
9.66667e-05
9.66667e-05
0.00044
0.000343333
0.000806667
0.000656667
0.00144
0.00118
0.00294667
0.00243667
0.0120767
0.0162867
0.03224
0.0215467
0.0359433
0.0249633
0.03704
0.02542
0.03823
0.0258667
0.0392333
0.02601
0.03975
0.0255467
0.0392133
0.0239567
0.03665
0.02047
0.02868
0.03268
0.0175233
0.00669333
0.0160667
0.00604667
0.0142933
0.00528333
0.01236
0.00460333
0.0103367
0.00417
0.00840667
0.00433667
0.00697667
0.00579333
0.00713667
0.0197333
0.0150367
0.01548
0.0190367
0.0261467
0.0196667
0.0260333
0.02034
0.0255933
0.0210367
0.0245867
0.0217533
0.0226933
0.0225267
0.0195333
0.0235267
0.01482
0.0248833
0.00303333
0.00595
0.0164467
0.0146
0.000373333
0.0135433
0.00018
0.0123
0
0.01091
0
0.00922667
0
0.00722667
0
0.00494333
0
0.00263
0
0
0
0
0
0
0
0
0
0
0
0
0
0
0
9.66667e-05
0
0.00041
0
0
0.00783667
0.00813667
0
0.00869
0
0.00935333
0
0.01014
0
0.0110567
0
0.01213
0.000193333
0.0131467
0.000693333
0.0135
0.0103867
0.00624
0.00736
0.01089
0.0177467
0.01113
0.0187467
0.0117367
0.02052
0.0124067
0.0224533
0.01305
0.0243533
0.0134233
0.0257
0.0129867
0.0253533
0.01086
0.0138
0.0176633
0.0069
0.00457
0.00913667
0.00471333
0.00713333
0.00507667
0.0101533
0.00571333
0.0114233
0.00674667
0.01349
0.00831333
0.0166267
0.0103867
0.0207733
0.0123
0.0221667
0.0246
0.00986667
0.00658333
0.0131667
0.00609333
0.0121867
0.00521667
0.0104333
0.00433667
0.00847667
0.00342667
0.00636667
0.00251667
0.00423667
0.00192667
0.00232
0.00224667
0.000553333
0.000916667
0.0123533
0.01241
0
0.01266
0
0.01288
0
0.0130267
0
0.0129967
0
0.0125867
0
0.01141
0
0.00885667
0
0
0.000506667
0.000463333
9.66667e-05
0.000386667
0.000103333
0.000306667
0.00015
0.00023
0.000226667
9.66667e-05
0.00037
0
0.000646667
9.66667e-05
0.00141333
0.00046
0.000363333
0.00337667
0.00627667
0.00610333
0.01874
0.0066
0.0197367
0.00754333
0.0215433
0.0087
0.0236167
0.0100667
0.0258667
0.01154
0.0279867
0.01844
0.0347767
0.0180633
0.00576333
0.00740333
0.02181
0.00322333
0.00654333
0.00289333
0.00587667
0.00233333
0.00476333
0.00176333
0.00368
0.00121333
0.00268
0.000723333
0.00190667
0.000346667
0.00169333
9.66667e-05
0.00223667
0.00233333
0
0
0.01012
0
0.01024
0
0.01082
0
0.01135
0
0.0117133
0
0.01167
0
0.01082
0
0
0.00344
0.0115767
0.0105767
0.00943333
0.01311
0.01054
0.0144967
0.0116133
0.0164933
0.0132167
0.01903
0.01525
0.0222167
0.0178033
0.0260433
0.0208467
0.0298533
0.0238133
0.0299333
0.0227933
0.0266667
0.0212833
0.0253167
0.0202367
0.0233533
0.01866
0.0209267
0.01683
0.0178933
0.0146
0.0141967
0.01193
0.01036
0.00968667
0.00783667
0.0245167
0.00999333
0.0304433
0.0461067
0.03699
0.04891
0.03914
0.0524233
0.04194
0.05599
0.0446933
0.05888
0.04681
0.05953
0.0470067
0.0460267
0.01423
0.0336267
0.0277733
0.0209433
0.0072
0.0199367
0.00609333
0.01861
0.00471333
0.01715
0.00332333
0.0154433
0.00203667
0.01352
0.00107333
0.0106567
0.01281
0.000796667
9.66667e-05
0.00082
0.000396667
0.000743333
0.000503333
0.00074
0.000753333
0.000843333
0.00119333
0.00111333
0.00203667
0.00186667
0.00373667
0.00366
0.00244
0.00244
0.0290333
0.02535
0.0145167
0.0147
0.0294
0.0147433
0.0294867
0.01481
0.02962
0.0148067
0.02961
0.0145567
0.02911
0.0136867
0.02737
0.01156
0.0172467
0.0231167
0.00569
0.00126
0.00252333
0.00107
0.00214
0.00077
0.00154
0.000503333
0.00100333
0.000286667
0.00057
9.66667e-05
0.000193333
0
0
0
0
0
0
0
0
0
0
0
0
0
0
0
0
0
0
0
0
0
0
0
0
0
0
0
0
0
0
0
0
0
0
0
0
0
9.66667e-05
0
0.000103333
9.66667e-05
0.00016
0.000246667
0.000263333
0.00041
0.000456667
0.00077
0.00085
0.00166667
0.0108233
0.01239
0.00168667
0.0125733
0.00653667
0.0128467
0.00653333
0.01302
0.00642667
0.01299
0.00610333
0.0125567
0.00545667
0.0114
0.00440333
0.00926667
0.0126467
0.00355333
0.00338333
0.00326667
0.00341667
0.00309
0.00313
0.00313
0.00300333
0.00366
0.00327667
0.00529333
0.00448
0.0142
0.02321
0.01263
0.0294767
0.0326267
0.0261867
0.0322933
0.0259167
0.0314067
0.02525
0.0296167
0.0239033
0.0264833
0.02157
0.0215733
0.0180267
0.01194
0.00339
0.0106133
0.0018
0.000366667
0.00681333
9e-05
0.00662333
0
0.00642667
0
0.00610333
0
0.00545667
0
0.00440333
0
0.00294667
0.00294667
0
0
9.66667e-05
0
8.66667e-05
0
0
0
0
0
0
0
0
0
0
0
0
0
0
0
0
0
0
0
0
9.66667e-05
9.66667e-05
0.00054
0.000443333
0.00579
0.0140667
0.00554
0.0184633
0.0227233
0.0182467
0.02453
0.0196333
0.02685
0.0214867
0.0292667
0.0234033
0.03134
0.0250267
0.0320633
0.0255267
0.0257167
0.0114667
0.0195767
0.0137433
0.00928
0.00698667
0.00991667
0.00749667
0.0134433
0.0107867
0.01551
0.0124533
0.0187467
0.0150567
0.0233233
0.0187967
0.02845
0.0191467
0.02295
0.0222133
0.01593
0.01708
0.01415
0.0158267
0.01183
0.0145533
0.00928333
0.0131367
0.00662333
0.0115733
0.00407667
0.00981667
0.00198
0.00655333
0.00771333
0.000456667
0
0.00085
0
0.000803333
0
0.000576667
0
0.000376667
0
0.00021
0
9.66667e-05
0
0.000193333
9.66667e-05
9.66667e-05
0.0002
0.000396667
0.000253333
0.000503333
0.000376667
0.000753333
0.000596667
0.00119333
0.00101667
0.00203667
0.00196333
0.00383333
0.00431333
0.00336
0.01855
0.0245133
0.0288633
0.0388433
0.0306467
0.0401267
0.03295
0.04159
0.0353833
0.0426667
0.0376467
0.0428867
0.0389233
0.04135
0.0430433
0.03247
0.0193667
0.01993
0.00788667
0.00648667
0.00672333
0.00559667
0.00537
0.00459
0.00412333
0.00378333
0.00312333
0.00335667
0.00278
0.00398667
0.00368
0.0247133
0.01594
0.0123567
0.02036
0.04072
0.02106
0.04212
0.02217
0.0443433
0.0230633
0.0461267
0.0233833
0.0467667
0.02249
0.04498
0.01942
0.0086
0.0129467
0.01994
0.00645667
0.00396333
0.00545333
0.00642667
0.00616
0.00645667
0.00705667
0.00653667
0.00819333
0.00642333
0.00961
0.00599333
0.0112367
0.0051
0.0125767
0.0233967
0.0104633
0.00365667
0.00977333
0.00354333
0.00898333
0.00304333
0.00820667
0.00264667
0.00725333
0.00236
0.00660667
0.00261
0.00780667
0.00348333
0.00465
0.0211633
0.0188867
0.000423333
0.0202533
0
0.0216867
0
0.0230067
0
0.0238033
0
0.0232033
0
0
0.00380667
0.00339333
0
0.0027
0
0.00201333
0
0.00131
0
0.000726667
0
0.000346667
0.000346667
0.000293333
0.000196667
0.00055
0.000446667
0.000776667
0.000626667
0.0012
0.000973333
0.00198667
0.00161667
0.00353667
0.00289
0.00675333
0.00732333
0.0132733
0.0295467
0.0148467
0.0365633
0.0367967
0.0384867
0.0369433
0.0388433
0.0370333
0.04016
0.0367433
0.04115
0.0354067
0.04096
0.0317567
0.0255433
0.0379633
0.0134667
0.00294667
0.00399
0.00229667
0.00339
0.00158333
0.00233333
0.000973333
0.00143
0.000476667
0.00136
9.66667e-05
9.66667e-05
0.000193333
0
0
0
0
0
0
0
0
0
0
0
0
0
0
0
0
0
0
0
0
0
0
0
0
0
0
0
9.66667e-05
9.66667e-05
0.0002
0.000493333
0.000263333
0.000633333
0.000423333
0.00101667
0.00072
0.00173667
0.00130667
0.00317
0.00253667
0.00168667
0.00822333
0.01186
0.01307
0.0326767
0.01296
0.0324533
0.01253
0.03145
0.01156
0.02909
0.00986
0.0248767
0.00735
0.00314333
0.00602667
0.0170233
0.00547333
0.01403
0.00451667
0.0111033
0.00366
0.00805333
0.00314
0.00512
0.00341
0.00155
0.0021
0.01344
0.0132167
0.0004
0.01306
0.000526667
0.0127167
0.000846667
0.0120667
0.00143667
0.0110733
0.00261333
0.00994667
0.0165433
0.0108567
0.00841
0.01316
0.0300267
0.01296
0.0299367
0.01253
0.0298667
0.01156
0.0287733
0.00986
0.02625
0.00735
0.0133433
0.01765
0.00304333
0.000183333
0.00785667
8.66667e-05
0.00764
0
0.00725667
0
0.00683667
0
0.00606667
0
0.00481
0.00481
0
0
0.000173333
0
0.000156667
0
9.66667e-05
0
0
9.66667e-05
0
0.000346667
0
0
0.00887333
0.00937333
9.66667e-05
0.01026
0.000103333
0.0112267
0.000173333
0.0121767
0.0003
0.01285
0.000556667
0.0126767
0.0011
0.0011
0.00456667
0.00242
0.00653667
0.00507667
0.00653333
0.00571
0.00639333
0.00674333
0.00597
0.00841
0.00534667
0.0107467
0.00891
0.00460333
0.01125
0.0150133
0.0179333
0.0148333
0.0193167
0.0150533
0.0216333
0.01517
0.0239733
0.0149267
0.0256133
0.0137933
0.01958
0.0252667
0.00694667
0.00165333
0.00330667
0.00138
0.00276
0.000953333
0.00190667
0.000586667
0.00117333
0.000306667
0.000613333
0.000193333
0.000293333
0.000193333
0.00039
0.00055
0.000446667
0.000776667
0.000626667
0.0012
0.000973333
0.00198667
0.00161667
0.00353667
0.00289
0.0121633
0.0131933
0.0346833
0.0220467
0.0391967
0.02606
0.0396633
0.0256633
0.03954
0.0246233
0.03839
0.02259
0.0356533
0.0192067
0.0271067
0.0329467
0.00570667
0.00238667
0.00335
0.000366667
0.00285667
0.000426667
0.00256
0.000643333
0.00257333
0.00110667
0.00334667
0.00216333
0.01516
0.0327167
0.0138133
0.0428367
0.05166
0.04142
0.0540533
0.0432333
0.0565867
0.0452367
0.05816
0.0464467
0.0575433
0.0458733
0.04328
0.02939
0.0139333
0.01379
0.00902
0.0166733
0.0128833
0.02577
0.0129933
0.0259867
0.01296
0.02592
0.0124167
0.0248333
0.0110933
0.0221867
0.00875667
0.00365667
0.0072
0.0159533
0.00649
0.01298
0.00533
0.01047
0.00414667
0.00777
0.00304
0.00508333
0.00253333
0.00221333
0.00273333
0.000846667
0.000423333
0.000423333
0
0
0
0
0
0
0
0
0
0
0
0
0
0
0
0
0
0
0
0
0.000196667
0
0.00025
9.66667e-05
0.000376667
0.000106667
0.000596667
0.000186667
0.00102
0.000343333
0.00187
0.00553333
0.01818
0.0252833
0.0169167
0.0240733
0.0330767
0.03734
0.0346467
0.0402967
0.0371433
0.0450733
0.03907
0.04925
0.03913
0.0399267
0.0509933
0.0156433
0.00427667
0.00641333
0.00338333
0.00522667
0.00221
0.00342
0.00191
0.00260667
0.00117333
0.000523333
0.00150333
9.66667e-05
0
0
0
0
0
0
0
0
0
0
0
0
0
0
0
0
0
0
0
0
0
0
0.00039
0.000293333
0.000766667
0.000863333
0.00112333
0.00124
0.00187333
0.00208333
0.00333667
0.00373667
0.00635
0.00617333
0.02978
0.0249
0.0456333
0.0560733
0.04484
0.05539
0.0425533
0.0536433
0.0380033
0.0493367
0.0306567
0.0185867
0.02297
0.0341267
0.0182733
0.0292033
0.0139833
0.02416
0.00965
0.0186633
0.00515
0.00937
0.01249
0.00148
0.000566667
0.00065
0.000846667
0.000853333
0.00140333
0.00123667
0.00248
0.00202333
0.0104767
0.0253733
0.00972333
0.0318133
0.0404667
0.0418367
0.04074
0.04314
0.0406533
0.0450133
0.03906
0.0457867
0.0310933
0.03176
0.0404767
0.01807
0.0153133
0.0301833
0.01481
0.0295333
0.0140933
0.02819
0.0129033
0.02581
0.0108767
0.00996333
0.0158567
0.00498333
0.00033
0.00066
0.000253333
0.000506667
9.66667e-05
0.000193333
0
0
0
0.000193333
9.66667e-05
9.66667e-05
0.0002
0.0004
0.000276667
0.000553333
0.000473333
0.000946667
0.000856667
0.00171333
0.00165667
0.0152733
0.00929333
0.00763667
0.01307
0.02614
0.0129267
0.0258533
0.0123633
0.0247267
0.01122
0.0223467
0.00959
0.0172367
0.0134733
0.01766
0.02323
0.0188
0.0256167
0.0206033
0.02852
0.0228033
0.0310633
0.0247933
0.0319767
0.0142867
0.02544
0.0151367
0.00383667
0.00303333
0.00291
0.00233333
0.00191667
0.00154
0.00110333
0.000893333
0.000403333
0
0.000306667
0.000196667
0.00025
0
0.000376667
0
0.000596667
0
0.00102
0
0.00187
0.0108467
0.01307
9.66667e-05
0.01299
9.66667e-05
0.0126733
0.000106667
0.01195
0.000186667
0.01064
0.000343333
0.00856667
0.01077
0.000183333
0.000676667
0.000183333
0.00653667
0.000243333
0.00653333
0.0004
0.00635333
0.000706667
0.00582333
0.00145667
0.00483333
0.00483333
0.02036
0.02106
9.66667e-05
0.0221733
8.66667e-05
0.0230633
0
0.0233833
0
0.0237167
0.0336867
0.0114733
0.00888
0.0269667
0.0207567
0.0323367
0.0317033
0.03249
0.03188
0.0318
0.0317233
0.0295033
0.0300467
0.0249467
0.01751
0.0187867
0.0214967
0.0146733
0.0179067
0.01141
0.0147867
0.00802667
0.0112633
0.00485333
0.00503667
0.00758
0.00179
0
0.00367
0
0
0
0
0
0
0
0
0
0
0
0
0
0
0
0
9.66667e-05
9.66667e-05
0.000203333
0.0005
0.000293333
0.000693333
0.00053
0.00125667
0.00102
0.000676667
0.00100667
0.0486667
0.03107
0.04396
0.0487567
0.0411567
0.05374
0.0445667
0.05926
0.04828
0.0630033
0.0292567
0.0507833
0.03041
0.00737
0.0114867
0.00538667
0.01011
0.00333667
0.00899333
0.00238667
0.00696333
0.00794333
0.000426667
0
0.00039
0
0.000353333
0
0.0002
0
9.66667e-05
9.66667e-05
0
0
0
0
0
0
0
0
0
0.000493333
0.0002
0.000846667
0.000476667
0.00134333
0.00075
0.00234667
0.00133
0.00437667
0.00715667
0.0382367
0.0225333
0.0534433
0.0419033
0.05309
0.0430533
0.0515133
0.04448
0.0458033
0.04025
0.0361167
0.03924
0.03221
0.03807
0.0272433
0.03495
0.0214733
0.01401
0.02399
0.00837333
0.000616667
0.000706667
0.000686667
0.000526667
0.000813333
0.000193333
0.00140333
0.008
9.66667e-05
0.0249567
0.0337067
0.01673
0.0366267
0.01929
0.03986
0.0226467
0.04236
0.0287433
0.02597
0.0364167
0.0372333
0.02968
0.0360767
0.02882
0.03384
0.0270033
0.0239533
0.00531
0.0178867
0.00548333
0.00074
0.000583333
0.000446667
0.00035
9.66667e-05
0.000193333
9.66667e-05
0.01257
0.01237
0.000393333
0.00058
0.0124533
0.000923333
0.0129133
0.00163
0.01417
0.00905
0.0335467
0.0213333
0.0272433
0.03253
0.0265867
0.0316833
0.0258233
0.02946
0.0237867
0.0203567
0.00416333
0.0152033
0.01308
0.00987333
0.000173333
0.0109033
8.66667e-05
0.0119867
0
0.0128067
0
0
0.00165333
0.00138
0
0.000953333
0
0.000586667
0
0.000306667
0
0
0
0
0
0
0
0
0
9.66667e-05
9.66667e-05
0.000193333
0.00029
0.000203333
0.000403333
0.000293333
0.000583333
0.00053
0.00106
0.00102
0.000676667
0.00721333
0.0144267
0.01307
0.02614
0.0128867
0.0257733
0.0121767
0.0243533
0.0106567
0.0155867
0.0213133
0.00493
0.000183333
0.000363333
8.66667e-05
0.000173333
0
0
0
0.00122667
0.00787
0.000433333
0.0189267
0.01208
0.0247433
0.0235
0.0252333
0.0245467
0.0253
0.0257667
0.0238833
0.0261
0.0189233
0.02487
0.01708
0.0236867
0.0143833
0.0209933
0.0110467
0.0158433
0.0170067
0.00734
0.00367
0.00367
0
0
0
0
0
0
0
0
0
0
0
0
0.000393333
0.000393333
0.000803333
0.0009
0.00131333
0.00143333
0.00248
0.00243
0.0179967
0.0223667
0.0212667
0.0344467
0.0235233
0.00381
0.02492
0.00274333
0.02605
0.00656333
0.00171
0.00937667
0.0140667
0.0229067
0.0138
0.02418
0.01382
0.0138533
0.0197667
0.00692667
0.000743333
0.00149
0.000553333
0.00111
0.000296667
0.000193333
0.000393333
9.66667e-05
0
0
0
0
0
0
0.0002
9.66667e-05
0.000276667
0.00626333
0.000473333
0.00634
0.00476
0.00641667
0.02883
0.0183933
0.0338133
0.01705
0.0365733
0.01957
0.0393033
0.0428033
0.0381867
0.0250567
0.0377267
0.02591
0.0288867
0.00619
0.01872
0.00637667
0.000783333
0.000616667
0.000456667
0.00036
9.66667e-05
0
9.66667e-05
0.00790333
0.00882667
9.66667e-05
0.0104633
0.00011
0.0121833
0.000213333
0.000213333
0.0149567
0.0147233
0.00653667
0.0140967
0.00653
0.0129067
0.00626333
0.00626333
0.00033
0.000253333
9.66667e-05
0.000193333
0.000276667
0.01237
0.0365233
0.0246433
0.02445
0.0244167
0.0482767
0.0254767
0.0500067
0.0265367
0.02686
0.03911
0.0265
0.01405
0.00224667
0.0131933
0.00166
0.01152
0.000193333
0.00049
0.000183333
8.66667e-05
0
0
0
0
0
0
0
0
0
0
0
0
0
0
0
0
0
0
0
9.66667e-05
0.000193333
0.000393333
0.000296667
0.000596667
0.00049
0.00100667
0.00082
0.00808667
0.00823333
0.02682
0.0202833
0.03249
0.0259567
0.0314167
0.0250633
0.0286567
0.0108367
0.0228333
0.0109333
0.000353333
0.000363333
8.66667e-05
0.000196667
0.000216667
0.000216667
0.00647333
0.00647
0.0236133
0.02454
0.02995
0.0307733
0.0315033
0.0318767
0.0318567
0.0252267
0.03046
0.0306367
0.0280033
0.0285967
0.0238333
0.01401
0.0245067
0.0121733
0
0.00235
0
0.00236
0.00236
0
0
0.00993333
9.66667e-05
9.66667e-05
0.000596667
0.0102367
0.00091
0.00515667
0.00162333
0.00272667
0.01575
0.0123067
0.0161867
0.00936333
0.00267667
0.00896333
0.00176333
0.0195167
0.00862
0.0175133
0.02933
0.0294133
0.02532
0.01355
0.0248933
0.00806333
0.00165667
0.01124
0.000853333
0.01003
0.0105867
9.66667e-05
0
0.00236
9.66667e-05
9.66667e-05
0.00636
0.01507
0.0126033
0.0286067
0.0128767
0.01044
0.0147033
0.02303
0.00928667
0.00307333
0.0107833
0.02261
0.0131233
0.00281667
0.0129667
0.00236
0.00244333
0.000353333
0.000263333
0.0100267
9.66667e-05
0.0102367
0.01014
9.66667e-05
0.000206667
0.01046
0.000323333
0.0235233
0.0170967
0.00675
0.0130667
0.0296333
0.0127933
0.0226333
0.0290667
0.00636
0.000276667
0.00272333
0.01255
0.03876
0.0148033
0.0483867
0.0613033
0.0559433
0.0512733
0.0179533
0.0418333
0.0151433
0.00248667
0.00317
0.00122333
0.00132667
0.00215667
9.66667e-05
0
0.00993333
0
0.00993667
0.00993667
0
0
0.00578333
0
0.00576
0.00576
0
0
0.00463333
0
9.66667e-05
0.0002
0.00464333
0.00029
0.01221
0.00053
0.00774333
0.01307
0.0121933
0.0128867
0.00142
0.0121767
0.00162667
0.00153
0.000276667
0.000293333
0.0157533
0.000323333
0.00043
0.0130033
0.02925
0.02525
0.0283267
0.0257433
0.03034
0.02596
0.0316767
0.0244567
0.02863
0.02226
0.02302
0.0269267
0.00785667
0.00471
0.0492333
0.04165
0.0122933
0.01987
0.0100333
0.0147867
0.0504833
0.00958
0.00552333
0.0121433
0.05121
0.100423
0.01304
0.0158867
0.0374
0.03919
0.0249933
0.0238367
0.0606267
0.05656
0.01656
0.0204267
0.05807
0.0656467
0.0122933
0.01107
0.00880667
0.0309767
0.04307
0.0386233
0.0291567
0.0191633
0.04461
0.00549667
0.00292333
0.00508
0.03065
0.02326
0.0123867
0.0201667
0.06171
0.0614833
0.02049
0.0271367
0.07473
0.0684167
0.0398767
0.03937
0.0445567
0.0586767
0.0188167
0.00497667
0.0273333
0.0229767
0.03329
0.0352067
0.02913
0.0347167
0.00574
0.00327667
0.0294333
0.0207167
0.0111633
0.01987
0.0527533
0.0569033
0.01572
0.0115433
0.0541367
0.0552867
0.0103933
0.00927667
0.00464333
0.0168533
0.0608033
0.0244033
0.0121933
0.0136133
0.07231
0.00295
0.0410567
0.02693
0.0171733
0.0379433
0.02261
0.0438633
0.08331
0.0384467
0.0434333
0.0396067
0.0290933
0.0374367
0.0788033
0.05788
0.02314
0.0228933
0.00391
0.0228933
0.00501333
0.02485
0.0372167
0.0177633
0.0134
0.01892
0.0131633
0.01986
0.0135433
0.03176
0.0552333
0.0635667
0.0509667
0.0692533
0.0558067
0.0690833
0.0553133
0.06847
0.0542567
0.05687
0.04915
0.02467
0.01945
0.018
0.00689333
0.01611
0.0183567
0.00574667
0.00161
0.00475
0
0.00475
0
0.00599333
0.0160667
0.01256
0.00248667
0.01256
0.00304333
0.01256
0.00488
0.01256
0.00591
0.0211033
0.0364633
0.0360233
0.0267133
0.0362433
0.02865
0.0495633
0.0575333
0.04537
0.0641067
0.06365
0.0599
0.0641467
0.05991
0.06058
0.0404033
0.0511267
0.0477333
0.0395033
0.0263533
0.03826
0.0245633
0.0361767
0.01116
0.02078
0.0111767
0.00355667
0.00207667
0.00347333
0.00212333
0.00347333
0.00199333
0.00299
0.00132667
0.00033
0.00342333
0.00033
0.00452667
0.00132667
0.00853
0.00753333
0.00774667
0.00774667
0.00673333
0.00774667
0.00576667
0.0154467
0.0412267
0.0441933
0.0200867
0.0442167
0.0227133
0.0492633
0.0289867
0.0550667
0.0809033
0.0676533
0.0448933
0.0488633
0.06737
0.0684867
0.0434833
0.0646433
0.03912
0.0537867
0.01627
0.02288
0.00781667
0.00666
0.00933667
0.00550333
0.00764667
0.00311667
0.00124
0.00387
0.0186467
0.0184033
0
0.0184033
0.00013
0.0188933
0.0326267
0.0147133
0.00197667
0.0147133
0.00263333
0.0147133
0.0221767
0.00844333
0.00653667
0.0112767
0.00795333
0.00795333
0.00474
0.00795333
0.00364333
0.00919667
0.00348333
0.00224
0.01044
0.01044
0.00264
0.0108367
0.00288333
0.0180133
0.0163733
0.0104567
0.0409
0.0400367
0.0158867
0.0396267
0.0154533
0.0330667
0.00235667
0.00850667
0.00537
0.00537
0.00199333
0.00537
0.00199333
0.00537
0.00913
0.00575333
0.00155333
0.00475667
0.000996667
0.005
0.0144767
0.00996333
0.00413
0.00996333
0.00677333
0.00996333
0.00702333
0.01021
0.00526
0.00526
0.01226
0.0120133
0.00213667
0.0120133
0.00161667
0.01226
0.00504333
0.00186333
0.00415667
0.00819333
0.0159
0.0130167
0.01069
0.0180533
0.0263767
0.0165033
0.02153
0.0249533
0.0339167
0.04963
0.03233
0.04846
0.02767
0.0475233
0.0268367
0.0408733
0.0368933
0.01178
0.00922667
0.00462
0.00411333
0.000613333
0.00161
0
0.00576333
0
0.00124333
0.0018
0.00765
0.00419333
0.00823
0.00706
0.01174
0.01196
0.0183233
0.0259367
0.0291267
0.0314267
0.0338233
0.0276
0.0498133
0.0524767
0.0336267
0.0469433
0.0157
0.0267367
0.0251833
0.0175733
0.01341
0.0153267
0.00722667
0.01039
0.00254333
0.00112667
0.00126
0.00212333
0.00917667
0.00588333
0.00442
0.00795
0.0169
0.0110633
0.0248833
0.02467
0.0122733
0.00951
0.0235633
0.00744
0.0123633
0.0166633
0.0194767
0.0204933
0.0208767
0.0384767
0.0465
0.04626
0.0406033
0.0375033
0.0459667
0.0433233
0.0381367
0.0331733
0.0175333
0.0286933
0.0154033
0.00793667
0.00630333
0.00601333
0.00133
0.00371667
0.000996667
0.00013
0.000593333
0.00112667
0.00148667
0.00314
0.00477667
0.00688333
0.00572
0.00523
0.02909
0.03307
0.0112767
0.00838333
0.0190967
0.00464
0.0033
0.00679
0.00239333
0.00139667
0.000306667
0.00203667
0.00117
0.000396667
0.00872667
0.00908
0.00152333
0.00826
0.000363333
0.00111333
0.00136
0.000996667
0
0.00155333
0.00255
0.00155333
0.00311
0.00464
0.00388667
0.0101733
0.01457
0.0130667
0.0256467
0.0113067
0.01724
0.0221267
0.00642
0.00302333
0.00556
0.00250333
0.01134
0.00452
0.0125033
0.0237533
0.02405
0.0265133
0.0373133
0.01832
0.0247033
0.0177167
0.01456
0.0138367
0.00991667
0.0135733
0.0208767
0.00283333
0.00311333
0.00676
0.0185033
0.0128567
0.00709333
0.01293
0.0413267
0.0135967
0.02405
0.02217
0.02354
0.0280133
0.0194167
0.0285933
0.02506
0.0208533
0.02344
0.02055
0.0127067
0.0154633
0.0404967
0.0459033
0.00689333
0.00601667
0.0262733
0.0184533
0.01713
0.0270833
0.05447
0.04837
0.0333967
0.0303567
0.0179767
0.02591
0.0461067
0.0271033
0.03621
0.0468367
0.0456733
0.04959
0.0329333
0.0294533
0.0426967
0.0511567
0.00983333
0.00371667
0.01487
0.0154033
0.000796667
0.00272
0.00325333
0.0125
0.0151133
0.0199967
0.05669
0.0788567
0.0332667
0.0165067
0.0234
0.03396
0.00245667
0.000153333
0.0174767
0.01763
0.000773333
0.00075
0.0122333
0.0122333
0
0.00155667
0.00211333
0.00719333
0.00928
0.02375
0.03995
0.0304233
0.0259
0.0359433
0.0154933
0.00617
0.0375667
0.0226933
0.5971
0.473377
0.49281
0.530857
0.459623
0.48089
0.422623
0.463807
0.587867
0.62404
0.747203
0.767537
0.66392
0.498953
0.532703
0.494933
0.42749
0.318393
0.443673
0.421233
0.398573
0.40441
0.09631
0.0808133
0.0613167
0.0854933
0.0995533
0.0976933
0.117613
0.151683
0.10831
0.0751333
0.117643
0.144567
0.09773
0.08555
0.0776133
0.0775867
0.0622533
0.07791
0.10664
0.135377
0.12393
0.118117
0.0900433
0.0557367
0.10474
0.121
0.146473
0.18525
0.163503
0.185823
0.170843
0.0950033
0.0761533
0.09741
0.09768
0.149647
0.133727
0.0942333
0.08849
0.143603
0.10991
0.1297
0.11422
0.0951167
0.09153
0.0594767
0.16871
0.12876
0.49942
0.385187
0.370587
0.379267
0.472763
0.40877
0.308367
0.34728
0.3351
0.34959
0.303577
0.3608
0.385667
0.42702
0.448767
0.5851
0.39359
0.347063
0.308233
0.26697
0.304987
0.272613
0.0214933
0.0473667
0.0286833
0.0240433
0.0292967
0.0412967
0.01715
0.0594133
0.0599733
0.03472
0.02971
0.0387267
0.0437267
0.03547
0.01889
0.0436333
0.03375
0.07258
0.0474167
0.0508533
0.0339767
0.0479467
0.0520533
0.00708
0.00280667
0.0269567
0.0547733
0.05854
0.0283367
0.02836
0.04708
0.04181
0.04646
0.0130733
0.0121633
0.0215067
0.0205933
0.02279
0.0368
0.03688
0.0344233
0.03249
0.0663333
0.04733
0.0473
0.0545833
0.02768
0.0278633
0.0519133
0.0455233
0.0541133
0.03435
0.02963
0.02433
0.0746233
0.04941
0.0387367
0.0725367
0.105477
0.10684
0.142093
0.0921
0.0289967
0.0253533
0.0505267
0.0705733
0.0616567
0.0523233
0.0350233
0.0322333
0.05969
0.0786233
0.05955
0.06068
0.0498
0.01289
0.0444967
0.06638
0.02386
0.0445167
0.06811
0.0697467
0.0953433
0.113373
0.05086
0.0109967
0.02192
0.0472767
0.06062
0.0534833
0.0445
0.02195
0.0377167
0.0667
0.06451
0.0574233
0.0766933
0.0695767
0.09114
0.0709567
0.116903
0.15807
0.17501
0.0944233
0.0602967
0.101503
0.151037
0.15359
0.14098
0.0836533
0.05684
0.0873033
0.10831
0.123567
0.0907267
0.0690967
0.07652
0.115167
0.108437
0.0852867
0.0812
0.06598
0.06762
0.0870167
0.12551
0.107153
0.0515567
0.0754967
0.13591
0.157697
0.149483
0.112317
0.0415733
0.05862
0.0826433
0.09949
0.0956867
0.0555367
0.0564067
0.06542
0.103953
0.0760967
0.0828533
0.0611533
0.184607
0.0840967
0.0831
0.114857
0.0532267
0.11614
0.158157
0.191543
0.156233
0.0833567
0.139907
0.24357
0.30938
0.214817
0.02357
0.0465933
0.0579433
0.06002
0.0294267
0.2008
0.214313
0.19002
0.0661333
0.0704367
0.0923267
0.08656
0.0652367
0.044
0.0494967
0.0464633
0.0837933
0.09296
0.0696067
0.0664933
0.100527
0.0745433
0.0661467
0.09742
0.05577
0.131257
0.178447
0.0595867
0.0553067
0.07276
0.08403
0.0857233
0.0827733
0.0544533
0.655433
0.374047
0.649067
0.351517
0.574227
0.365963
0.25949
0.357613
0.323397
0.217207
0.206127
0.199927
0.25694
0.300307
0.266557
0.326077
0.289903
0.109743
0.24625
0.16869
0.187967
0.286793
0.21242
0.250347
0.389247
0.455997
0.26655
0.43711
0.231173
0.223383
0.409887
0.533267
0.34757
0.299907
0.148793
0.185813
0.25394
0.136193
0.13182
0.126503
0.1202
0.188937
0.158733
0.153893
0.15237
0.11144
0.175787
0.250353
0.359
0.37643
0.31917
0.26191
0.250897
0.289727
0.200253
0.186807
0.114767
0.1855
0.277027
0.296963
0.347867
0.296883
0.31879
0.32747
0.260813
0.232697
0.313677
0.228567
0.423067
0.417113
0.479687
0.389147
0.277373
0.181383
0.275213
0.281797
0.21342
0.168713
0.151187
0.161303
0.25922
0.337253
0.315507
0.162557
0.295557
0.58755
0.5261
0.412513
0.312543
0.28557
0.383073
0.27175
0.245247
0.17364
0.192723
0.21355
