0.000133333
0
0
0.000926667
0.000926667
0.00187
0.000133333
0.00012
0.00024
0.00104667
0.00999333
0.0108167
0.0282633
0.0258533
0.05766
0
0
0.00864333
0.00876333
0.00888333
0.0154133
0.0336667
0.0173133
0.0150167
0.0259
0.0357233
0.0579433
0.07969
0
0.00855
0.0171933
0.0504467
0
0.0257433
0.01975
0.0220767
0.00855
0.0171
0.01317
0.00999667
0.00755333
0.01074
0.0292567
0.0356167
0.02565
0.00982333
0.00284667
0.00274333
0.01741
0.0305633
0.00182667
0.00411333
0.03594
0.0373333
0.0383167
0.01154
0.0327033
0.0162667
0.00915
0.03421
0.04199
0.02941
0.0215167
0.0150867
0.0209367
0.0124967
0.0124367
0.0115567
0.0384133
0.0260233
0.00688
0.00383667
0.00248
0.00529
0.0112167
0.0175433
0.0379567
0.07521
0.0448033
0.05033
0.0273833
0.00590333
0.00418
0.000873333
0.00221667
0.00756333
0.0137533
0.0324533
0.406577
0.308737
0.23658
0.0690433
0.0159767
0.0139733
0.10227
0.268847
0.183513
0.0209733
0.0718867
0.0291767
0.09268
0.117083
0.31821
0.324153
0.09212
0.0804833
0.0707167
0.06292
0.00499667
0.0121467
0.05821
0.131187
0.0317067
0.00816333
0.00499667
0.00491333
0.00771667
0.0534967
0.0645433
0.10135
0.0163367
0.0219933
0.01186
0.00779667
0.000283333
0.000566667
0.00337
0.00633667
0.00406333
0
0.000283333
0.000283333
0.00122667
0.00403
0.0194233
0.0231567
0.03844
0.000133333
0.00227333
0.00419667
0
0.00406333
0
0.0153333
0.0458333
0
0
0.0708833
0.00012
0.0929033
0.07103
0.0547333
0.0503467
0.00012
0.00475333
0.02395
0.0137767
0.0294533
0.00299333
0.0346767
0.00376667
0.00110333
0.00624667
0.04107
0.0368933
0.0279
0.04855
0.0345733
0.0574033
0.06901
0.0634933
0.0716667
0.0700333
0.0556333
0.0460433
0.0604833
0.00172333
0.00174667
0.000873333
0.00709333
0.0273
0.0503533
0.02658
0.0238867
0.00240667
0.00172333
0
0.000873333
0.00109333
0.00644
0.00747667
0.03643
0.0433433
0.00478
0.00893
0.00938
0.00509
0.00081
0.000126667
0.000313333
0.000406667
0.000693333
0.00241667
0.00831667
0.00640667
0.00891667
0.00662
0.00229667
0.00788333
0.00618667
0.00797333
0.00226
0.00568667
0.0103233
0.00928
0.04286
0.0279767
0.0343067
0.0207
0.0248933
0.01775
0.0154467
0.0128933
0.0129
0.0306067
0.0299133
0.0299033
0.03759
0.03933
0.02486
0.02403
0.01504
0.0136
0.0142433
0.0179867
0.0382267
0.0669167
0.0538767
0.0180533
0.00945333
0.00727
0.0125333
0.0275967
0.02852
0.0480733
0.171227
0.0882067
0.05771
0.00107667
0.00117
0.0388267
0.278307
0.05432
0.0514533
0.287367
0.339777
0.260393
0.463353
0.319803
0.349643
0.448683
0.226707
0.209903
0.38173
0.462863
0.50551
0.451463
0.0793633
0.249117
0.02485
0.02
0.10259
0.162903
0.6036
0.336827
0.370547
0.137103
0.184597
0.0760867
0.108367
0.02311
0.04793
0.00367667
0.00214
0.0250133
0.0274867
0
0.04379
0.00012
0.0437333
0.00137333
0.0190967
0.0123733
0.00600667
0.01304
0.0135067
0.00143
0.0305767
0.00120333
0.000826667
0.00320667
0.0353433
0.0420233
0.003
0.00690667
0.0301033
0.0287667
0.0446033
0.02301
0.0491633
0.0141467
0.01019
0.0155033
0.00336667
0.00303667
0.00723667
0.00668
0.00976667
0.0153733
0.0134
0.0289433
0.0292867
0.0232967
0.0343633
0.0767767
0.0811367
0.0688167
0.03755
0.0670567
0.08399
0.0712967
0.07023
0.0120967
0.0511867
0.00601667
0.00618667
0.02961
0.0145467
0.08641
0.0085
0.00645333
0.00988
0.0278733
0.0390733
0.0590333
0.0347667
0.00103333
0.00112667
0.0489067
0.07415
0.157523
0.133407
0.185817
0.101523
0.12946
0.277893
0.0878467
0.103927
0.221113
0.35532
0.05987
0.00942333
0.0487267
0.198293
0.323243
0.0352967
0.138897
0.0764533
0.19921
0.524493
0.76349
0.424207
0.562157
0.155257
0.02081
0.0755867
0.131877
0.00034
0.00187667
0.0129433
0.00017
0.00393333
0.00017
0.00879667
0.00017
0.0122033
0.00565667
0
0.00575333
0.0122433
0.0019
0.00692333
0.00123
0.00136
0.00606
0.00642333
0.00273333
0.00783
0.0340067
0.00272667
0.0325967
0.0305
0.03296
0.000596667
0.0046
0.000266667
0.04105
0.0190867
0.0334767
0.0277033
0.0276433
0.00926333
0.00968333
0.00983333
0.00101
0.00056
0.00046
0.000676667
0.000346667
0
0.00491
0.00444333
0.00989
0.0101867
0.00684667
0.0159833
0.06128
0.0182267
0.01866
0.0640967
0.08287
0.0366033
0.0138367
0.0355367
0.0521867
0.03038
0.0178633
0.01475
0.00978333
0.0100233
0.0136433
0.01874
0.0295433
0.0357367
0.0540267
0.05072
0.0313
0.000666667
0.0007
0.000793333
0.08311
0.12374
0.0371333
0.0749133
0.13415
0.04464
0.0143467
0.0345133
0.0402467
0.0125733
0.0351433
0.185857
0.19567
0.0678533
0.0496133
0.396913
0.312847
0.676793
0.0409067
0.195363
0.0394033
0.08857
0.10311
0.178923
0.145257
0.373303
0.50168
0.215907
0.105237
0.02437
0.02103
0.0430267
0.00034
0.03531
0.0143
0.00554
0.00017
0.00193333
0.00168333
0.0117267
0
0
0.0113567
0.00973333
0
0.00179333
9.66667e-05
0.00267667
0.000893333
0.00213667
0.00956333
0.00851667
0.02485
0.0186633
0.0306133
0.02892
0.0179333
0.01915
0.00831
0.0285967
0.01663
0.00620333
0.00637333
0.0293933
0.0372467
0.05107
0.000676667
0.00463
0.00222333
0.00499
0.0196833
0.00122
0.00077
0
0.00029
0.000596667
0.000596667
0.000596667
0.00186667
0.0126533
0.00145
0.0111833
0.0106733
0.00882333
0.01907
0.00317
0.0132067
0.01005
0.00293
0.016
0.01317
0.00782
0.01443
0.0133267
0.0197467
0.01842
0.0135233
0.0160967
0.01178
0.02305
0.0206167
0.0348633
0.0264467
0.0473167
0.01816
0.0196267
0.03315
0.0247067
0.0844333
0.0615
0.0568733
0.0473267
0.03422
0.00358667
0.00120667
0.0118933
0.0670333
0.02819
0.0337867
0.00312333
0.01768
0.00436333
0.00347333
0.000636667
0.0255367
0.322237
0.296883
0.33541
0.215957
0.34002
0.371043
0.555333
0.0310633
0.0302267
0.0531067
0.694557
0.548933
0.127277
0.02125
0.0166967
0.0979033
0.00509667
0.00430333
0.00543667
0.00385667
0
0.00216333
0.00017
0
0.02087
0
0.0120833
0.00156
0.00235667
0.0114933
0.00428
0.0204367
0.0241667
0.0346367
0.0409
0.0179267
0.0331633
0.0369733
0.0470267
0.000903333
0.0316833
0.00152
0.00436667
0.00162333
0.00474333
0.0234433
0.0229933
0.00539333
0.0201267
0.00409333
0.00046
0.00046
0.00233667
0
0
0.00156667
0.00029
0.00275667
0.00029
0.00018
0.000383333
0.00267667
0.00143
0.00198667
0.000703333
0.00103
0.01481
0.00612
0.0234233
0.0229667
0.0263233
0.018
0.02026
0.0511033
0.08757
0.122683
0.0892833
0.05185
0.03315
0.02843
0.0235
0.0256
0.0115667
0.0282467
0.0883067
0.0865767
0.14859
0.138123
0.0439967
0.01121
0.0143433
0.00933
0.0249033
0.00305667
0.000976667
0.01224
0.0367367
0.0264967
0.00831333
0.00875667
0.00089
0.00209333
0.00089
0.00241
0.00089
0
0.000316667
0
0
0.00032
0.0590633
0.195443
0.35238
0.48889
0.497273
0.497273
0.397753
0.278593
0.0532367
0.00474667
0.0127767
0.38069
0.29035
0.154467
0.00452333
0.00117667
0.439423
0.27625
0.0952533
0.406427
0.292813
0.488683
0.240103
0.000696667
0.10699
0.01625
0.0810867
0.16975
0
0
0
0.154077
0.100727
0.00793667
0.0154067
0.02766
0.0124767
0.136103
0.000696667
0
0.00066
0.00790667
0.00265333
0.00025
0.00025
0
0.0264433
0
0
0.0307533
0.0411933
0.0423267
0.0382733
0
0.0232
0.00306667
0.00437333
0.0162567
0.03283
0.0192333
0.0526033
0.0509667
0.03047
0.0450567
0.0186633
0.0211667
0.0370833
0.02551
0.0224633
0.00941
0.0100433
0.0204767
0.0138433
0.01166
0.0146367
0.0161467
0.00347333
0.0284433
0.00253
0.0002
0.0002
0.02112
0.00754333
0
0.00202
0
0
0
0
0
0.00021
0
0.00021
0.00021
0
0.00460667
0.0167967
0.000573333
0.0215533
0.0628733
0.120867
0.130837
0.109947
0.02003
0.0532533
0.00363
0.00430333
0.00552333
0.0523
0.11338
0.142933
0.01487
0.01491
0.02731
0.0177633
0.00423
0.00316
0.000976667
0.00155333
0
0
0
0
0
0
0
0
0
0
0.00265
0.161597
0.320863
0.48889
0.20903
0.00127333
0.00117667
0.304003
0.346247
0
0
0.10337
0.04736
0
0.0592767
0.0567767
0.17691
0.08326
0
0.0551533
0.00303
0.00098
0.000486667
0.00451333
0.00414333
0.0198133
0.0161033
0.0397933
0.02469
0.02735
0
0.00025
0
0.00253667
0.000883333
0.00354333
0.00025
0.00591333
0.00066
0.00293333
0.00253667
0
0
0
0.000116667
0.000116667
0.000433333
0.000316667
0.000566667
0.000396667
0
0
0
0
0
0
0
0
0
0
0
0
0
0
0.0350967
0
0
0
0
0
0
0
0
0
0.0307233
0
0
0
0
0
0
0
0.00966667
0.02128
0
0
0.00150667
0
0
0
0.00257667
0.00137667
0
0
0
0
0
0
0
0
0.0157667
0
0
0
0
0
0
0
0.0185867
0
0
0
0
0
0
0
0.03885
0.0321367
0
0
0
0
0.03783
0.0197067
0.00860667
0
0
0
0.0460467
0.0178967
0.00242667
0.0112733
0.0423833
0.0323067
0.00119667
0.0182167
0.00106
0.00126
0.0261133
0.0391733
0.0435733
0.0002
0.0366933
0.03063
0.00722667
0.00691667
0.0155433
0.00184
0
0.000583333
0
0.00013
0
0
0
0
0.000203333
0.000203333
0.00356
0.0317533
0.000573333
0.0479733
0.0400833
0.00918333
0.00409333
0.0375167
0.0276
0.05168
0.0712733
0.0233167
0.0576133
0.0618933
0.0943133
0.140067
0.16745
0.128727
0.11254
0.00313
0.00502333
0.00103
0.00226667
0.00117333
0.000103333
0.000103333
0
0
0
0.000576667
0.000576667
0.00102333
0.000446667
0.000446667
0
0
0
0
0
0
0
0
0
0.319907
0.490263
0.16054
0.00127333
0.00117667
0.0153567
0
0.0187
0.04821
0
0
0
0.00344333
0.00112667
0
0.00543333
0
0.00297667
0
0.00131
0
0
0.00597667
0.000723333
0.000396667
0
0
0
0
0
0
0
0.0166233
0
0
0
0.00936333
0.0189633
0
0
0.00066
0.00116
0
0
0
0
0
0.00883
0.00066
0.000966667
0.00865333
0
0
0
0.00177667
0
0
0
0
0
0
0
0.0183633
0
0
0
0
0
0
0
0
0
0
0.04592
0.0286133
0.0271833
0
0
0
0
0
0
0
0
0
0
0
0
0
0
0
0.04373
0.00227
0.000353333
0
0
0
0
0
0
0.03378
0.000353333
0
0
0
0
0
0.01491
0
0.0156733
0.0192167
0.0339133
0.03225
0
0
0
0
0.0013
0.00117
0.00191667
0
0
0
0
0.00197333
0.00533
0
0
0
0.00352
0.0249833
0.0325667
0.01682
0.0673
0.123393
0.00194333
0.00383667
0.00625
0.03864
0.05534
0.115963
0
0.00103
0.00103
0.00230667
0.00107
0
0
0
0
0
0
0
0
0
0
0.000393333
0.16064
0.329623
0
0
0
0.00375667
0.00382667
0
0.0001
0
0.00258
0.00429333
0.00112667
0.00166333
0.0001
0.0071
0.000466667
0.000466667
0.00430333
0
0.00452
0.00317667
0
0
0
0.000913333
0.000913333
0
0.0005
0
0.00177
0.0154767
0
0.0204267
0.00123667
0
0.00641667
0.000773333
0
0
0
0.00615667
0.00149
0
0.00177667
0
0.01765
0
0
0
0.00166333
0.02324
0
0
0
0.00447333
0
0.00570333
0.00885
0
0
0
0.01625
0.01098
0.00215333
0.00239
0
0.0312167
0
0.0304567
0
0
0
0
0
0.01785
0.000336667
0
0
0
0
0
0.0122533
0.00012
0
0
0
0
0
0
0
0
0.0091
0.00012
0
0
0
0
0
0
0
0
0
0
0
0.0164433
0
0.0108733
0.00756667
0
0.00716
0
0.01323
0.00862667
0.00924333
0
0
0.000746667
0
0.00624667
0
0
0.00197333
0
0.0062
0.0222033
0.0213333
0
0
0
0.0228467
0.0381967
0.0244367
0.00364333
0.0285867
0.00402667
0.00699333
0.03102
0.01684
0.01777
0.05309
0.0715967
0.0536033
0.03187
0.0174167
0.01703
0.000433333
0.00157333
0.00139667
0.00418
0.00468333
0.0234533
0.02492
0.0642367
0.0511633
0.00142333
0.00161
0
0
0
0
0
0
0
0
0.000433333
0
0
0.00019
0.00019
0.00130333
0.00680333
0.000433333
0.00327333
0.00775667
0.000283333
0.329663
0.50002
0.00123667
0.00123667
0.00216
0
0
0.00137333
0.0025
0
0
0.0327233
0.00195333
0
0.00039
0.00039
0
0.00507
0.01678
0
0
0
0.00189333
0.000723333
0.000723333
0
0
0.00092
0
0
0.0152367
0.00104667
0
0.00116333
0.00104667
0
0.00174667
0
0
0.04031
0.03214
0.0119967
0.00126333
0.00168333
0
0.00742333
0.00147
0
0
0.000946667
0.00711
0.00756
0
0
0.00337
0.00627333
0
0.0131067
0.00749667
0.00682667
0.0160567
0
0
0
0
0.0217633
0
0.0248533
0
0.0144333
0.00376667
0
0.01474
0.00213667
0.00183333
0
0
0
0.00787333
0
0.00783
0.00064
0.00720333
0.00052
0
0
0
0
0
0
0
0
0
0
0
0.00682667
0.00736333
0
0.00013
0.00013
0.00013
0
0
0
0
0
0
0.00118
0
0
0.00513333
0.00013
0
0
0
0
0
0.00695333
0.00544667
0.01045
0
0.03142
0.0247367
0
0.0135733
0.0311467
0
0
0
0.00658
0
0
0
0.00108
0
0.00697
0.000123333
0.000506667
0.000123333
0.00540667
0.00647
0.000516667
0.0179533
0.0158733
0
0.000256667
0.0102033
0
0
0
0
0
0
0
0
0
0
0.000213333
0.000213333
0.0004
0.00142333
0
0
0
0
0
0.01273
0.0147
0.08944
0.151887
0.00167
0.000676667
0.169417
0.171593
0.0121267
0.01305
0.01544
0.0001
0.0138767
0.0484667
0.0755133
0
0.00147667
0.0433067
0.03948
0.03796
0
0
0
0
0.00347333
0
0
0
0.00494
0.00308333
0
0.00231333
0
0
0
0
0
0
0.0171467
0.00116333
0
0
0.0232233
0
0
0.0413567
0.0137367
0
0
0
0
0
0.0178067
0.00611333
0
0
0
0
0
0
0
0
0.01975
0.03465
0.0296133
0
0
0.05822
0.06958
0.0565967
0
0.06035
0
0
0
0.0485167
0.0676133
0
0
0.02847
0.0181067
0
0
0
0.00957
0.01671
0.00062
0
0
0
0
0.000376667
0
0
0
0.00097
0
0.000536667
0.00118
0
0.00597333
0
0.00019
0.0252767
0.00648333
0.00116667
0
0
0.00019
0.0152333
0.00193667
0
0.04521
0.0312233
0.0111633
0.00594
0.00126
9.33333e-05
0
0
0
0.000436667
0.000626667
0.0330167
0.0309
0.0005
0.000936667
0.04954
0.00276
0.000823333
0.0274567
0.00664667
9.33333e-05
0.00196667
0
0
0
0.0005
0.0409867
0.000823333
0.00141667
0.0237467
0.000706667
0.00493333
0.00108333
0.00108333
0.00506
0.000833333
0.000126667
0.00274333
0
0.00486
0.00224333
0.00224333
0.0029
0.0035
0.00608667
0.00151667
0.000916667
9.66667e-05
0
0.000773333
0.00382333
0.00589
0.00448333
0.00847667
9.66667e-05
0
0
0
0
0.00385
0.000283333
0.00376
0
0
0
0
0.000433333
0.00112667
0
0.00019
0
0.00162667
0.0130533
0.0291167
0.0629733
0.0127067
0.0922867
0.103293
0.05398
0.07159
0.170397
0.339137
0.5091
0.13619
0.15842
0
0
0.16441
0.177997
0
0.000103333
0.0590367
0
0.0598767
0.0197633
0.0248867
0
0
0.00847333
0.00185667
0
0
0.00899
0
0
0
0
0
0.00931333
0
0.0213033
0
0
0.02745
0.00775333
0.00787
0.00617333
0
0
0.00665
0
0.00922333
0.02495
0.0281633
0.0416167
0
0
0
0.0650233
0
0
0.0665233
0.0454067
0
0.0168233
0
0.0186833
0
0
0
0.0027
0
0
0
0.0001
0.0001
0
0
0.000536667
0
0.00132333
0
0.00209667
0
0.00748333
0.000303333
0.000113333
0.01459
0.02566
0.00326
0.0331967
0.00521
0.00488667
0.0487133
0.00694
0.0110233
0.0159167
0.04202
0.03836
0.0276233
0.00163
0.00763333
0.00187333
0.00672
0
0
0
0
0.000143333
0.00127333
0.0189333
0.02821
0.00245667
0.00186333
0.00585667
0.00654333
0.00802
0.00686333
0.00586
0.0114067
0.00281667
0.00525
0.00173333
0.00173333
0
0
0
0
0.0029
0.00453
0.000133333
0.000133333
0.0101167
0.00781333
0.00373667
0.00026
0
0
0
0
0
0
0.000213333
0.01413
0.0173933
0
0
0
0
0.0825133
0.00703
0.190967
0.247483
0.314957
0.17742
0.17139
0.182483
0.22675
0.0585533
0.123517
0.0140933
0.27788
0.356193
0.514737
0.317187
0.000316667
0.00313333
0.00692333
0.0512333
0.35325
0.216283
0.000103333
0.00176
0
0
0
0.02237
0
0
0.00129333
0.00242333
0
0.00866667
0
0
0.00900333
0
0.00887667
0
0
0.0281367
0.04084
0
0.0224
0.0485233
0.0330567
0.02166
0.00647
0
0
0
0
0
0.03379
0
0
0
0.0758733
0.0737867
0
0
0.0649767
0.0545533
0.07433
0
0
0.0456567
0
0
0.01777
0.0283767
0
0.0129733
0
0
0.00544333
0
0
0.00242333
0.00232333
0
0
0.0001
0
0
0
0.000106667
0.00112667
0
0.00165
0.00703667
0.000113333
0
0.0189267
0.0168733
0.00889
0.0164167
0.0437667
0.0227733
0.0311833
0.05606
0.0174267
0.01454
0.0523633
0.00486333
0.01455
0.0191233
0.0184933
0.00651333
0.00484667
0.0126333
0.00817
0.0208067
0.02125
0.03809
0.0234767
0.0294033
0.0204333
0.00556667
0.00214
0.00102333
0.00102333
0
0.000406667
0
0
0
0
0.00028
0
0
0
0.00026
0.00086
0.0115267
0.00922333
0.00191
0.00174667
0.00114667
0.00197667
0.000926667
0.0018
0.00139
0.00444
0.00425333
0.000163333
0
0
0.000443333
0.000443333
0.000756667
0.000313333
0.000136667
0.000693333
0
0
0
0
0.0378
0.0125833
0.00184667
0.0106333
0.0264767
0.170653
0.0913167
0.147137
0.30538
0.362507
0.195087
0.340827
0.509797
0.304273
0.20933
0.04
0.350117
0.150517
0.287427
0.202463
0.000316667
0.00555
0
0.000316667
0.0502333
0.04245
0.02083
0
0
0.00832333
0.00161
0
0
0
0
0.00670667
0
0.0295767
0
0.00770667
0
0
0
0
0
0
0.03712
0.0170133
0
0
0
0
0.00225333
0
0
0.00197333
0.00882667
0.00386
0
0.0146033
0.01909
0
0.0108333
0.0278967
0
0.0369233
0.0403633
0
0
0
0.0348467
0
0
0.0122867
0
0.00259333
0
0.0001
0.0001
0
0
0
0
0
0
0.000956667
0
0.000106667
0.00228
0.000366667
0
0.000523333
0.00513333
0.00879333
0.00350333
0.0001
0.0001
0.0209933
0.0416
0.00469667
0.0131433
0.00578
0.0525433
0.04843
0.0394367
0.0200367
0.0299467
0.0458067
0.05828
0.0462133
0.03796
0.0268133
0.00565667
0.01689
0.00792333
0.00194
0.00166667
0
0
0
0
0.000143333
0.000333333
0.0116933
0.0172767
0.0162067
0.04679
0.05978
0.0626033
0.05573
0.0309333
0.0951167
0.0132533
0.01501
0.03222
0.0677767
0
0
0
0.00028
0.00321
0.0038
0.00226
0.00696333
0.0199667
0.00955333
0.03477
0.0260667
0.0286767
0.0248
0.0116833
0
0
0
0.00045
0.000136667
0
0
0
0.00041
0.0693033
0.0454167
0.149827
0.375483
0.238217
0.19583
0.313673
0.413697
0.581643
0.572327
0.562697
0.5756
0.649003
0.37551
0.329127
0.0265133
0.10253
0.0614567
0.000606667
0.00389333
0.012
0
0
0
0
0.00216333
0.003
0.00223
0.00021
0
0.00397333
0
0
0
0
0.0234867
0
0.00121
0.03584
0.00185667
0.00140667
0
0
0
0
0
0
0.00752667
0
0
0
0
0
0
0.0204967
0.0301833
0
0
0.0247633
0
0
0
0.01014
0.01095
0
0
0.00312
0.0001
0
0
0
0
0
0.000956667
0
0
0
0
0.000366667
0
0
0.00547333
0.0109033
0.0318767
0.00298
0
0.00311333
0.00477
0.00129667
0.0180367
0.00388
0.01769
0.00165667
0.00193
0.00596333
0.0281967
0.00823
0.000273333
0.01413
0
0
0
0
0
0
0.00019
0.0219033
0.0813033
0.0611433
0.143077
0.00155333
0.000923333
0.0137933
0.00053
0
0
0.000516667
0
0
0.00693333
0.00127333
0
0.00179667
0.00205667
0.0158933
0.00310667
0.0414633
0.01592
0.0189767
0.00639
0.00713667
0.00866
0.0194867
0.0099
0.00230667
0.000776667
0.000163333
0
0
0
0.00042
0.000863333
0.00389
0.0219067
0.00908
0.00309333
0
0
0
0
0
0
0.0131533
0.0334667
0.0957867
0.174177
0.13945
0.30555
0.293223
0.276247
0.387143
0.290267
0.352967
0.223167
0.127283
0.245127
0.598087
0.5138
0.24856
0.40617
0.2079
0.0861633
0.112657
0.15573
0.17055
0.0334467
0.0787433
0.00754
0.00822667
0.0242567
0.00029
0
0
0.00012
0.00012
0.00150333
0
0.000113333
0.00324667
0
0
0.00223
0.01531
0
0.0348767
0.00109667
0.0223833
0
0
0.00274
0
0
0
0
0
0.00549
0
0
0
0
0.01087
0
0.00775333
0.00894667
0
0
0
0
0.00688667
0.00685
0
0
0
0.00823667
0
0
0.00712
0
0
0
0.00115667
0
0
0
0
0
0.000103333
0
0.00106
0.00193
0
0
0.00026
0.0006
0.00526
0.0001
0.0325333
0.0320333
0.00954333
0.0424433
0.000133333
0.000133333
0.000133333
0.00179
0.03777
0
0
0.01956
0.0173633
0.01728
0
0
0.00748
0
0
0
0.00019
0.00019
0.00277
0.0119833
0.0344267
0.0486
0.0787767
0.04388
0.0824867
0.13361
0.0904767
0.0782767
0.0774333
0.13014
0.0157233
0.00856667
0.0170633
0.04382
0.00053
0.000516667
0.00419333
0
0
0.00123333
0.00126333
0.00102333
0.0231667
0.04709
0
0
0
0.00454667
0.0140767
0.0107067
0.0137033
0.00047
0.000333333
0.000213333
0.00161
0.0195533
0.01534
0
0.00041
0.00436667
0.0829467
0.219797
0.111523
0.20352
0.30225
0.499343
0.514197
0.462113
0.360127
0.37899
0.173997
0.07623
0.224803
0.05801
0.0205767
0.0111633
0.00316667
0.00725
0.000933333
0.00207
0
0.000933333
0
0
0
0
0
0
0
0
0
0.0143467
0
0.00822
0.00209333
0
0.0137367
0
0
0.02747
0.0114333
0
0
0.0169533
0
0
0.01774
0.0307133
0
0.0134267
0
0
0.0183767
0
0.0155233
0.00172
0
0
0.00115667
0
0
0
0
0
0
0
0
0
0
0
0
0
0
0
0
0.00034
0.0114733
0
0
0
0
0
0.00036
0.00467
0.0213667
0.00294333
0.00544667
0.00534333
0.0143967
0
0
0.0159533
0.0144433
0
0
0.0172233
0.0124467
0
0
0.00530333
0.00310667
0.00196667
0
0.00258
0
0
0
0.15095
0.0807433
0.1504
0.05192
0.00767
0.000656667
0.000126667
0
0
0.00299
0.00014
0.00014
0.00255667
0.0233733
0.00397667
0.00899667
0.01088
0.0368867
0.03267
0.00750333
0.0146833
0.0274833
0.0210333
0.00118333
0
0.000643333
0.000223333
0.00250333
0.00596333
0.0154933
0.02474
0.0279067
0
0
0
0
0.00118333
0.00118333
0.0341633
0.02896
0.00832333
0.00521667
0.0467233
0.01925
0.00573
0.0024
0
0
0
0
0.00455667
0.00573667
0.02586
0.0821367
0.0605533
0.30027
0.425553
0.19333
0.235323
0.41034
0.22812
0.349873
0.0441967
0.0781933
0.0237333
0.12338
0.0774933
0.00122333
0.00412667
0.00776
0.00175333
0.00023
0.00011
0
0
0
0
0
0.00017
0
0
0.00225
0
0.0132467
0
0.0384667
0
0
0.0418767
0.0223267
0
0.02944
0.0100533
0.00886
0.0177967
0.000563333
0
0
0
0
0
0
0
0
0
0
0
0
0.000103333
0.000103333
0
0
0
0.000973333
0
0
0
0.00087
0.000266667
0.00804
0.000336667
0.000566667
0.000833333
0.00034
0.000826667
0.00802333
0.00783667
0.00343
0.00105333
0.00307667
0.00529667
0.00183667
0
0.00011
0.00011
0.00092
0.00106667
0.00623333
0
0
0
0
0.01158
0.0393067
0.0292933
0.0642633
0.0915433
0.0783533
0.1094
0.0892667
0.0353933
0.0479233
0.00367667
0.00812
0.01083
0.00403
0.00034
0.00116333
0.00014
0.00044
0.000773333
0.00044
0.00109333
0.00187333
0.02081
0.00612
0.00798667
0.00730333
0.00465
0.0195167
0.00198333
0.00145667
0.0008
0.000656667
0.000223333
0.00208333
0.0257933
0.00211667
0.0447067
0.01101
0.0141767
0.00928667
0
0.000333333
0
0
0
0
0.03382
0.0351467
0
0.00139667
0.00139667
0.00582333
0.00012
0.00012
0.00183
0.0231633
0.0317567
0.0606233
0.0432533
0.19423
0.0761533
0.106473
0.02544
0.083
0.0766967
0.00175333
0.00175333
0.00051
0
0
0
0
0
0
0.00017
0
0
0
0
0
0
0.00271
0.00126667
0.000156667
0.00924667
0
0.0233167
0
0
0.0249267
0
0.0263133
0
0
0
0
0.01571
0
0
0.00419667
0
0.00339
0.00352
0
0
0.000833333
0.000833333
0.000833333
0
0
0
0
0
0
0
0
0
0
0.000266667
0.000163333
0.00717
0.0005
0.01057
0.00717
0.01497
0.00101333
0.00429
0.00395333
0.0002
0.00603667
0.0105933
0.00101333
0.00395333
0.000493333
0.00343333
9.66667e-05
0.00011
0
0
0.000383333
0.000383333
0.000866667
0
0
0
0
0
0
0
0
0
0
0
0
0.00636333
0.00940667
0.0108867
0.02108
0.05457
0.0823733
0.0744733
0.0846633
0.0875133
0.05486
0.00289
0.01227
0.0133567
0.0163433
0.0311
0.0254233
0.01935
0.0101567
0.0210967
0.00776
0.00508
0.0180867
0.000656667
0.0166667
0.01071
0.0105767
0.04262
0.03681
0.0024
0.0336933
0.0140333
0.00658333
0
0.00146667
0.00146667
0.00619333
0.00144667
0
0
0.00527333
0
0.00178333
0.00349333
0.00231
0.0110333
0.01041
0.0113233
0.00991333
0.0101833
0.0550267
0.00965667
0.319513
0.48889
0.48889
0.177663
0.0299833
0.0268533
0.119907
0.0335933
0.07741
0.0587267
0.000256667
0.0164833
0.00029
0.00051
0.00051
0.00119
0.00108
0
0
0
0.00011
0
0
0
0
0
0
0
0
0
0
0.00017
0
0.00017
0.000156667
0.01407
0
0
0.01183
0.01235
0
0
0
0
0
0.0265367
0.0253267
0
0.0277033
0
0.0114867
0.00980667
0
0
0
0
0
0.00121667
0
0
0
0
0
0
0
0
0
0
0
0
0
0
0
0.00180333
0
0.01154
0
0.0260933
0
0.00573667
0.0292233
0
0.00952667
0.0402667
0
0.02877
0.03619
0
0
0.0126767
0
0.0002
0
0.00883333
0.00349333
0.00100667
0.00017
0.000193333
0
0
0
0
0
0.00650667
0.0210433
0.05573
0.0292133
0.00687333
0.000383333
0.00267333
0.00625333
0.0150667
0.00648
0.00936
0.0252967
0.0140467
0.0125633
0.01652
0.00281333
0.0113267
0.0168667
0.0198467
0.0137733
0.0141233
0.03463
0.00879333
0.0265467
0.000763333
0.000106667
0
0.00186
0.00268333
0.01005
0.02267
0.0177567
0.00238333
0.01063
0.0106133
0
0.00169333
0.00169333
0.00169333
0
0.00111333
0
0
0
0.00166333
0.00194333
0
0
0.00839333
0.00786333
0.00803
0.00219333
0.00409333
0.00268667
0.00226667
0.00177
0.00155
0.00572667
0.00136667
0.160247
0.00417667
0.00417667
0.00904
0.00311333
0.04356
0.000886667
0.0428467
0.00952333
0.000256667
0
0.000336667
0.00108
0
0
0
0
0
0
0
0
0
0
0
0
0
0.00161333
0
0
0
0
0.000833333
0
0
0
0
0
0
0
0
0
0
0
0
0.00013
0.00306667
0.00234333
0
0
0
0.00194
0
0
0
0.000383333
0
0
0
0
0
0
0
0
0
0.000163333
0.00153667
0
0
0.00147333
0.00671
0
0
0
0.0293467
0
0.0328333
0
0
0.0171833
0.0200867
0.01226
0.00526667
9.66667e-05
0
0
0
0
0
0
0
0
0
0.00013
0.00247667
0.01664
0.01267
0.02888
0.0476767
0.0524333
0.0191633
0.01799
0.00425333
0.00305667
0.01239
0.02724
0.02969
0.03125
0.00965333
0.0205867
0.0261267
0.0397667
0.04504
0.02547
0.0381033
0.05123
0.0462533
0.00592
0.0117
0.0172533
0.03267
0.00226667
0.000106667
0
0.000823333
0.000823333
0.01141
0.00292333
0.00868667
0.00882667
0.0343067
0.017
0.0194667
0.000916667
0.00976333
0.00159
0
0
0
0
0
0.00166333
0.00479
0.00209
0.00194333
0
0
0.0231967
0.0148867
0.00905
0.00150667
0.00126
0
0.01491
0.00412333
0.00261667
0.000596667
0.000596667
0.00337
0.000596667
0.0024
0.00043
0.00108
0
0
0
0
0
0
0
0
0
0.0150633
0.0114167
0
0.00463
0
0
0
0.000806667
0
0
0.00126667
0
0
0.000543333
0
0
0
0
0
0
0
0
0
0
0
0
0
0
0
0.00940667
0.0231633
0
0
0.0255167
0.0424067
0.0635333
0.0428133
0.0396733
0.0539667
0.0450633
0.0176967
0.00017
0
0
0
0.00667667
0.00113
0.000233333
0
0
0
0
0
0
0
0
0
0
0
9.66667e-05
0.00013
0.00186333
0.00210333
0.0107733
0.0198367
0.0261833
0.0367067
0.0113333
0.01609
0.0289767
0.0143
0.00831
0.0067
0.0212433
0.00944667
0.0138567
0.0148633
0.0203467
0.0656933
0.07824
0.0697233
0.06973
0.08054
0.04213
0.04185
0
0
0
0
0.01585
0.00403
0.0378967
0.0225733
0.00106
0.00118667
0.0360333
0.00926333
0.00877667
0
0
0
0
0
0.00326
0
0
0
0.0246133
0.0434833
0.0297433
0.03607
0.00287333
0
0.0154067
0.00438
0
0.0356133
0
0.161497
0.318533
0.170357
0
0.00542
0.00364667
0
0.00214333
0.00142
0
0.000276667
0
0
0
0
0
0
0
0
0
0
0
0
0
0
0
0
0.000676667
0
0
0
0
0
0.0137467
0
0.0206033
0
0.01053
0
0.00612333
0.00565
0
0
0.00041
0
0
0
0.00025
0.00025
0
0
9.33333e-05
0
0
9.33333e-05
0.00141333
0.000103333
0.00153667
0
0.00427333
0.00868
0.00187333
0
0
0.02177
0
0.0173667
0
0.0712
0.0162633
0
0
0.04466
0.02512
0.00194333
0.00188333
0.00428667
0
0
0
0
0
0
0
0
0
0.00013
0.00058
0.00964333
0.0443933
0.00919333
0.0467133
0.00321333
0.0170867
0.01604
0.02928
0.00960333
0.0331633
0.0226367
0.0280333
0.0161367
0.0111367
0.0314833
0.12192
0.10813
0.08668
0.0884933
0
0
0
0
0
0
0.00187
0
0
0
0.0318333
0.0467867
0.01622
9.66667e-05
0.03179
0.0452867
0.0145833
0.000603333
0.000276667
0.00119333
0.0115133
0.000476667
0
0
0
0
0
0
0
0
0
0
0
0
0
0
0.0390567
0.05788
0.00877667
0.00074
0.0127067
0.00433667
0.000246667
0.02227
0.0417533
0
0.02696
0.48889
0
0
0.03262
0.0203667
0
0
0.0192133
0.000276667
0.01696
0
0.000336667
0.00132667
0.000276667
0
0
0
0
0
0
0
0
0
0
0
0.00161333
0
0.00322667
0.00914667
0.00775667
0
0
0.000676667
0
0.00135333
0.00754333
0
0.0126467
0
0
0.00816667
0.00442667
0
0
0
0.01426
0
0.00583333
0
0
0
0.000593333
0
0
0
0.000186667
0
0
0.000336667
0
0
0.00388667
0
0
0.0195333
0.0212033
0.05298
0.0282133
0.0105533
0
0
0.00549667
0.00396333
0.0606467
0
0.00011
0.01407
0.00598333
0
0
0
0.000436667
0.000233333
0
0
0
0
0
0
0
0
0
0.00264667
0.0145833
0.00045
0
0.0364033
0
0.00035
0.0166367
0.01424
0.0095
0.0302967
0.0327167
0.01702
0.0151267
0.04598
0.0857867
0.06728
0.00151667
0.00461333
0.0275233
0.03481
0.12747
0.106013
0.0923167
0
0
0
0
0
0
0.00461333
0.00208333
0
0
9.66667e-05
0.000223333
0.000126667
0.000476667
0
0
0.000133333
0.00597
0.01773
0.0311267
0.00161
0
0
0.0534867
0.0095
0.00146333
0
0
0.0415533
0.0390567
0
0.0302233
0.164017
0
0.0532133
0.000173333
0.000856667
0.0254833
0.04723
0.00096
0.0161633
0
0.00134667
0.00099
0
0
0
0.00133
0
0
0
0
0
0
0.00161333
0
0
0
0
0.00183667
0
0
0
0
0
0
0
0
0
0.00178
0
0
0
0.00314333
0
0
0.0138233
0
0
0.0318333
0
0
0
0
0
0.000343333
0
0
0
0
9.33333e-05
0
0
0
0.000103333
0
0
0
0.000213333
0.00801333
0.000213333
0
0
0.0384967
0.0325867
0.00011
0.00251333
0
0.000266667
0.0371
0.0124367
0.00894667
0
0
0
0.000266667
0
0
0
0
0.00081
0
0.000716667
0
0
0
0
0.000543333
0.000353333
0.000353333
0.00107
0
0.0184
0
0.0376867
0
0.00238
0.00217333
0.00542
0.00068
0.0188533
0.0205233
0.0153533
0.00614667
0.0972667
0.120853
0.0561133
0.0596233
0.0203767
0.106383
0.12679
0.0595333
0.0801267
0.08962
0.0536367
0.08516
0.000116667
0
0
0
0
0
0
0
0.000213333
0
0
0.00290333
0.0034
0.02218
0.00486
0.0207233
0
0.00442667
0
0
0
0.000276667
0
0
0
0
0
0
0
0
0
0
0.04343
0.04311
0.0357167
0.0147367
0.00259667
0.0209533
0.01357
0.000156667
0.0445367
0.000603333
0.00076
0.16728
0.321053
0.17126
0.000903333
0.000903333
0.0545
0.03311
0.0349433
0
0.0066
0.0131967
0.00224667
0.00436333
0
0.00160667
0.0009
0.00291
0
0
0
0
0
0
0
0
0.00156667
0
0.00156667
0.00186333
0
0
0.00052
0
0
0
0.00052
0
0.00038
0.000676667
0
0
0.00237
0
0
0
0
0.0199033
0.0266133
0
0.0341133
0
0.000676667
0.000676667
0.02876
0
0
0.0108067
0
0
0
0
0
0.000533333
0
0
0.000186667
0
0
0
0
0.000103333
9.33333e-05
0.00102667
0.000336667
0.000723333
0
0.00120667
0
0.00108667
0.01162
0.00017
0.00262
0.000406667
0.0142367
0.00240333
0
0.000626667
0.000203333
0
0.000753333
0
0
0.00333667
0
0.00346333
0.000543333
0
0.0263033
0.0299067
0
0.00131667
0.00163
0.00213667
0.0102167
0.00541667
0.0120133
0.0112233
0.0104733
0.00526
0.0116167
0.0109967
0.0385633
0.00286667
0.00447
0.00620667
0.00723667
0.00598
0.0105767
0.00546667
0.0654833
0.0577533
0.02523
0.02035
0.00996667
0.01339
0.0257667
0.0168033
0.00107667
0.00303333
0.00107667
0.00313333
0.00509
0.00369667
0
0.00188333
0.01269
0.0277167
0.01691
0.01559
0.00042
0.000143333
0.00377333
0.01458
0.01979
0.00553333
0.00826667
0.04121
0.0346033
0.03507
0.0387167
0.0273833
0.0168767
0.02338
0.0187
0.0154067
0.01578
0.00164333
0.0252333
0.0173567
0.0124567
0.00202333
0.00068
0.00704
0.000796667
0.00068
0.00636
0.0148
0.000116667
0.000116667
0
0
0
0
0
0
0
0
0.000373333
0.00103333
0
0
0.00044
0
0
0
0
0
0
0.000226667
0.00036
0.00307
0.0129567
0.0246233
0
0
0
0.0436133
0.03745
0.00097
0
0
0.0154733
0.02584
0.000603333
0.01951
0.48889
0.000173333
0.02971
0.0296633
0.0136633
0
0.0253533
0.0266567
0
0
0.00158
0
0
0
0
0
0
0
0
0
0.00033
0
0
0.00973333
0
0.0357333
0
0
0
0.0334367
0
0
0
0
0.000533333
0.00556667
0
0.000343333
0.01291
0
0.01247
0.000213333
0.000213333
0
0.000516667
0.000933333
0.00162667
0
0.00225
0.00281667
0.000216667
0.00113
0.00062
0.00237333
0.00490333
0.000436667
0.00777
0.00396333
0.00411667
0
0
0.00918333
0
0
0
0
0.00176667
0.00176667
0.0157633
0.00274667
0.0031
0.0281467
0.07202
0.0449433
0.0459933
0.02445
0.00739
0.01555
0.0309533
0
0
0.0188267
0.00207667
0.000533333
0.00371333
0.00221333
0.0327633
0.05166
0.0180833
0.0117933
0.0343467
0.01112
0.0128467
0.0114333
0
0.00139333
0
0
0.000143333
0.000636667
0.000143333
0.00483667
0.01108
0.0265
0.0361233
0.00968
0.03495
0.0288
0.00183333
0.0297767
0
0.00868333
0
0
0
0
0
0
0
0
0.00016
0
0.00016
0
0.000323333
0.000163333
0
0
9.66667e-05
0.000163333
0
9.66667e-05
0
0
0
0
0.000536667
0.0105567
0.0423933
0.0486633
0.000116667
0
0.02616
0.00461667
0.00110333
0.000493333
0.00496
0.00065
0.0347733
0.00507
0.0426467
0.0339233
0.169853
0.326457
0.00605667
0.00575667
0.0598933
0.0139867
0.09374
0.0133033
0.129987
0.08625
0.04632
0.0134567
0.0738067
0.0198933
0.000326667
0.00337333
0.00847667
0.00827333
0
0
0.000696667
0.00806667
0.00217333
0.00893667
0
0
0.000593333
0
0
0
0
0
0
0.00047
0
0
0.00033
0
0
0.000783333
0
0
0
0
0
0.00858333
0
0.0178733
0
0.01514
0
0.00265667
0
0
0
0.00522333
0.0150333
0
0
0
0
0
0.0204867
0.00853333
0
0
0.000916667
0
0.00372333
0
0
0.00017
0.00017
0.00170667
0.000216667
0
0.00337
0.00957667
0.00881
0.000423333
0.000423333
0
0.00371667
0.00414
0.0144933
0.00559667
0.0301767
0.0483667
0.0347267
0.01052
0.00397667
0.000303333
0.00019
0.0103333
0.01744
0.00150667
0.00627333
0.00990333
0.01004
0.00367
0.00241
0.00462
0.0174067
0.00971667
0.00803333
0.0042
0.00389333
0.00640333
0.0076
0.0196467
0.0332333
0.02027
0.0029
0
0
0
0
0
0.000216667
0
0
0
0.000896667
0.00113
0.0424433
0.04842
0.0441133
0.00576667
0.00872667
0.0318167
0.02071
0.0222233
0.00153333
0.02033
0
0
0.00967
0
0.000126667
0
0
0
0
0
0
0
0
0
0
0.00286
0
0.00276333
0.00276333
0.00031
0
0
0.00026
0
0.04091
0.01084
0.00511
0.0129933
0.0327833
0.09588
0.05137
0.19316
0.04349
0.17221
0.259083
0.09581
0.219447
0.290373
0.0565833
0.0178333
0.08644
0.0363733
0.0420467
0.000326667
0.0188933
0
0
0
0.0266667
0
0
0.000593333
0
0.0195933
0
0
0
0
0.0246667
0
0
0
0.00737333
0.00711
0
0.000733333
0.00056
0
0
0.000626667
0
0
0
0.0106367
0
0
0
0.0102
0
0
0.0014
0
0.00352333
0
0
0
0.03599
0
0
0
0
0
0
0.00012
0.00113
0.000213333
0.01123
0.02134
0.00012
0.00183333
0.00012
0
0.00439
0.000106667
0.0097
0
0.00916667
0.000106667
0.00731667
0.00636
0.00977
0.0223833
0.00120333
0.000173333
0.00135
0.00109667
0
0.000173333
0.00027
0.0196267
0
0
0
0.0372333
0
0
0
0.00237333
0
0.03248
0.0261867
0.0001
0.0001
0.00295
0.198877
0.223103
0.381867
0.232813
0.10568
0.0527133
0.0742767
0.000493333
0.0288967
0.00502667
0.00120333
0.00513333
0.01531
0.000523333
0.000363333
0.0199633
0.02978
0.0198333
0.0100533
0.0422233
0.0551867
0.00509
0.0328433
0.00829
9.33333e-05
0.00626333
0.000203333
0
0
0.000216667
0.000216667
0
0.00688
0.0180567
0.0249867
0.0122433
0.00111333
0.000126667
0
0.000263333
0
0
0.000263333
0.000263333
0
0
0
0
0
0.00223667
0.00233333
0.00509667
0
0.00557667
0.00031
0
0
0.00437333
0.0143933
0.0345633
0.000143333
0
0
0.0281233
0.00414
0
0
0.00124333
0.01299
0.00173667
0.05864
0.147527
0.233753
0.144297
0.360577
0.502133
0.49132
0.214523
0.04932
0.168803
0.163273
0.249453
0.188263
0.30439
0.16211
0.10239
0.033
0.13441
0.03564
0
0.00470333
0.02866
0.000326667
0
0
0
0.00866333
0.0236233
0
0.0407567
0
0
0
0
0
0
0
0
0
0
0
0
0
0
0
0
0.000626667
0
0.00106333
0
0
0
0
0
0
0
0
0
0.0014
0.000283333
0
0
0
0
0
0.0250133
0.00198333
0
0
0
0.0623933
0.04892
0.00154667
0.0470767
0
0
0.0285967
0.01471
0.0365833
0.0171233
0.00282333
0
0.0289733
0.00282333
0
0.00289
0.00103333
0.00628667
0.000806667
0.000233333
0.000406667
0.0318933
0.00027
0.00027
0.0203733
0
0
0
0
0.00528667
0
0.05344
0.165173
0.358353
0.578423
0.57771
0.37462
0.27219
0.0643667
0.0878533
0.0806433
0.04869
0.111487
0.0542767
0.01641
0.0689033
0.0214767
0.00670333
0.0185167
0.00696
0.0390633
0.0306067
0.0115
0.00672667
0.00115
0.00598667
0.02036
0.0166833
0.0226933
0.02502
0.02998
0.01749
0.0750333
0.0647067
0.0199233
0.00632667
0.00497667
0.000933333
0.00084
0
0
0.00692
0.0308367
0.01095
0.0355033
0.00409
0.0131967
0.00432667
0.000333333
0.00186667
0.00145667
0
0.000986667
0.000383333
0
0
0.00301
0
0.00327333
0.000526667
0
0
0
0
0
0.0188867
0.0194633
0
0
0
0.00281333
0.0259533
0.02486
0.00377
0.000403333
0
0.00764333
0.0031
0.03411
0.02718
0.0797733
0.206907
0.317107
0.29447
0.383657
0.528577
0.680447
0.27035
0.482137
0.0878033
0.204527
0.033
0.14838
0
0.00450667
0.0200267
0.0252433
0
0.000593333
0.00330667
0.0407367
0
0.0494767
0
0
0
0.0465033
0.0370533
0
0
0
0.0198833
0.01337
0
0
0
0
0.000686667
0.000126667
0
0
0
0
0
0.000436667
0.00072
0
0.000283333
0.0014
0
0.0138033
0.000633333
0
0.0352933
0.00261667
0
0.00341
0.0162333
0
0
0.000916667
0.00488
0
0.01797
0.000296667
0.000353333
0.000353333
0.000176667
0.00307
0.0244633
0.03575
0.0405467
0.01587
0.01434
0.00330667
0.0118567
0.0513267
0.000283333
0
0
0
0
0.000233333
0.0142733
0.03278
0
0
0.0567433
0.05857
0
0
0.00291333
0.0661333
0.10445
0.00281
0.165033
0.553313
0.08713
0.08514
0.115823
0.01344
0.00119667
0.0426033
0.00441333
0.00469
0.0335433
0.00888667
0.00329
0.0494367
0.0323
0.0493133
0.0216733
0.03165
0.0407033
0.0965367
0.0793533
0.0236167
0.0387567
0.0693933
0.0107667
0.0144067
0.00943333
0.000203333
0
0
0
0
0
0
0
0
0.0159967
0.000233333
0.000233333
0.0123
0.000233333
0.00047
0.00047
0.000383333
0
0.00339333
0
0
0.00353667
0
0
0
0.000263333
0
0
0
0.000756667
0.00763333
0.00615333
0
0
0.02152
0
0.0287667
0
0.00053
0.00334333
0.00406333
0.0221033
0.02157
0.03662
0.000286667
0.000143333
0
0.00438
0.00350333
0
0.000223333
0.01257
0.0361567
0.109887
0.207127
0.336233
0.40722
0.31826
0.53234
0.469623
0.312213
0.40978
0.39225
0.104373
0.412923
0.150417
0.135297
0.228473
0.0342067
0.05833
0.0617933
0.0413
0.01432
0
0
0.0233267
0.00997333
0
0
0
0
0.04806
0.0517533
0
0
0
0
0
0
0
0
0
0
0
0
0
0.000293333
0
0.0124033
0.000926667
0
0.0126567
0
0.0623033
0.0248467
0
0.0784267
0
0.06747
0.01437
0.0176633
0
0.03056
0.00501667
0.00244
0.0488367
0.00515667
0.0428
0.000176667
0
0.04502
0.01039
0.00507333
0.0159167
0.04629
0.000283333
0.00446667
0.0246133
0
0
0
0.00481667
0.00773
0.00271
0.45019
0.0838733
0.02961
0.0988367
0.12308
0.09149
0.06016
0.0845367
0.0226933
0.00958
0.02522
0.02115
0.03055
0.0158933
0.0102867
0.0179267
0.0474033
0.04682
0.118827
0.11197
0.04037
0.00672333
0.00084
0.00129
0
0.000256667
0.00428667
0.00466667
0.00097
0.000333333
0
0.000333333
0
0.00141667
0
0
0.0280367
0.00904667
0
0.00795
0.00217667
0
0
0
0
0.0339367
0.0406067
0
0
0
0.000903333
0.01541
0.00406333
0.00547333
0.00162333
0.00109
0.0155267
0.01228
0.000406667
0
0.00208
0.0940233
0.2124
0.36136
0.361097
0.426763
0.22984
0.265023
0.216623
0.285607
0.46788
0.7097
0.435853
0.51426
0.30643
0.154753
0.10514
0.154713
0.0299267
0.0144267
0.000226667
9.66667e-05
0.0106
0
0
0
0.00271333
0.00660667
0
0
0.0212433
0
0
0
0
0.043
0.0377967
0.0149433
0
0.00226
0
0
0.000126667
0
0
0
0
0
0
0
0
0
0.000293333
0.00438
0
0.0165133
0.0109667
0
0
0.0449233
0
0
0.000366667
0
0.0436967
0.03638
0.00726667
0.00433
0
0.01999
0.00734333
0.03161
0.04022
0.01498
0.0347433
0.0243433
0.0395567
0.01458
0.0222433
0.0028
0.0370833
0.00483
0
0
0
0.0513933
0.0505733
0
0.0446667
0.0970567
0.22998
0.3118
0.186293
0.124337
0.06821
0.0605767
0.118983
0.0792567
0.0416633
0.00547667
0.0304133
0.0114533
0.00725333
0.00423667
0.04167
0.0931233
0.0585967
0.0416567
0.0389633
0.0363267
0.13461
0.0335467
0.0139633
0.0499333
0.00709667
0.01065
0.0143233
0.00555667
0.00108667
0
0
0
0
0
0
0
0
0.000256667
0
0
0.000256667
0
0
0.000636667
0
0
0
0
0
0
0
0.000143333
0.00103333
0
0.000143333
0.0152533
0
0.0226467
0.0334733
0
0
0.0573967
0
0
0
0.00233
0
0.000416667
0.000756667
0
0.00615333
0
0
0
0
0.03229
0
0
0.000373333
0.00181
0.0135033
0
0
0
0.000876667
0.000223333
0.000323333
0.01013
0.0193767
0.0484167
0.07663
0.158407
0.0944267
0.23367
0.27586
0.438573
0.50153
0.432683
0.43343
0.370713
0.601433
0.335747
0.110593
0.154373
0.16065
0.0457433
0.00284333
0.04057
0.02636
0
0
0.00231333
0
0
0.00389333
0
0
0
0.05113
0.0422333
0.01954
0
0.00242
0.000286667
0
0
0
0
0
0
0
0
0
0
0
0
0
0
0
0
0
0
0.000293333
0.00101
0.01105
0
0
0.0421233
0
0.0417
0.0427667
0.000366667
0
0.00330333
0.0260033
0.00176667
0.0241967
0.02422
0.00385333
0.00273
0.01403
0.02911
0.04057
0.000283333
0.0257567
0.0324967
0.0429967
0.00447333
0.02554
0.0426767
0.00549
0.00979
0
0
0.000596667
0.0146867
0.0349433
0.0139133
0
0
0
0
0.0353333
0
0.0374867
0.01654
0.00575
0.00481667
0.02577
0.00356667
0.00627667
0.0713233
0.47564
0.0760467
0.06333
0.03242
0.09871
0.102007
0.00395333
0.02243
0.00646
0.00271333
0.00759333
0.0111233
0.0264233
0.0188467
0.02698
0.0127433
0.0156333
0.0968567
0.0287833
0.131487
0.118367
0.0401633
0.07239
0.00226667
0.00105333
0
0
0.06546
0
0
0.0580467
0.02929
0.02759
0.00980333
0
0.00624333
0.0208967
0.000223333
0.000223333
0
0.00128
0.0185433
0
0.000213333
0.000213333
0.01254
0.000666667
0.000403333
0
0
0.00837333
0.0739567
0.11262
0.247803
0.25975
0.294333
0.271593
0.326447
0.490717
0.0771967
0.191073
0.22486
0.265573
0.143893
0.338143
0.23136
0.280263
0.22692
0.153637
0.0653433
0.0239733
0.03271
0.0144667
0.00379
0
9.66667e-05
0.000193333
0.00643
0.00230333
0
0
0
0
0.00414667
0
0
0
0.01263
0
0
0
0
0.0300267
0
0
0
0
0
0
0
0
0
0
0
0
0
0
0
0.00027
0
0
0.00438
0
0
0
0
0.0135233
0
0.0206967
0
0
0.0367667
0.0346133
0.01518
0.0061
0.02917
0.00378333
0.00944667
0.00948333
0.0195767
0.0106933
0.03918
0.000106667
0.00499333
0.0117233
0.00269
0.0453733
0.0117233
0.00269
0
0
0.00699
0
0.000596667
0.00270333
0.01256
0.00541667
0
0
0.0373533
0
0
0
0
0.0542467
0.00356667
0.0759233
0.295277
0.2433
0.276647
0.347413
0.139063
0.0660167
0.01719
0.06262
0.02874
0.0133567
0.01634
0.0578167
0.0574767
0.0376267
0.00356667
0.0224133
0.0117767
0.03666
0.01194
0.0119733
0.0033
0.05082
0.01849
0.03
0.01899
0.0377433
0.00817667
0.0289733
0.115243
0.0326433
0.0344833
0.0479033
0.02648
0.0418867
0.0206667
0.00466333
0.00105333
0
0.000193333
0
0
0
0
0
0
0
0
0
0
0
0
0
0
0.00169333
0
0
0.00183667
0.00039
0.00142333
0.000143333
0
0.01526
0
0
0.000416667
0
0
0
0
0
0.000846667
0
0.0160033
0
0.0207267
0.000223333
0.00127667
0.000223333
0
0
0.0126
0.000246667
0.00177
0
0.0002
0.00918
0.0275033
0.0158767
0.08249
0.118413
0.164077
0.118933
0.02952
0.10663
0.00829667
0.0433333
0.06372
0.00284333
0.03382
0
0
0.00369333
0.00100667
9.66667e-05
0.00404333
0.00108
0
0
0.000253333
0
0.0132833
0.0201733
0.0185833
0.00441667
0.00324
0.00295333
0
0
0
0
0
0
0
0
0.00158333
0
0
0
0
0
0
0
0.000716667
0.00089
0
0.00411
0
0
0.00365667
0.00541667
0.0139133
0.00431
0.0131333
0.0106267
0
0
0
0.00293667
0
0.00134667
0.00176667
0.000523333
0.0104333
0.00265333
0.00469333
0.000206667
0.00706667
0.00798333
0.000106667
0.00405667
0.04315
0.00441
0.00440333
0.000833333
0.02611
0
0
0
0
0
0
0
0
0.0235733
0.000933333
0.02865
0.0108767
0.06228
0.133047
0.102037
0.105333
0.00180667
0.0337267
0.0413833
0.0345333
0.000143333
0.00455667
0.00576667
0.02573
0.0266733
0.00695667
0.00602667
0.00506333
0.00041
0.000103333
0.02571
0.0111067
0.0337433
0.0791067
0.0130033
0.02541
0.00638
0.00701
0.000193333
0
0
0
0
0.00105667
0
0.00105667
0
0
0.00275
0
0.00629333
0.0120167
0.00756
0.0218
0
0.05378
0
0.0665633
0.0788933
0
0.0605933
0.0414467
0
0.0221433
0.00849
0
0.0006
0.00101667
0
0.000846667
0
0
0.00339667
0.00199667
0.00137
0.00657
0.000366667
0
0
0.00201667
0
0
0.0001
0.00123
0.02493
0.0547967
0.0689633
0.13319
0.01452
0.165353
0.171143
0.178933
0.0123033
0.0433467
0.00720333
0.0760733
0.0680967
0.00545333
0.0337667
0.0884367
0.0486133
0.00176
0.000376667
0.000253333
0.000376667
0.00225333
0
0
0.00200333
0.00200333
0.0127867
0.00332333
0.0044
0.00611333
0
0
0.00584333
0.00299
0
0
0.0107833
0
0
0.0256867
0.0149033
0
0.0164867
0.00174333
0.00016
0.00016
0
0.0001
0.000623333
0
0.000696667
0
0
0
0.00102333
0.0164533
0
0.00867667
0.0081
0.000846667
0.00191
0.000523333
0.00136667
0.00954333
0.00052
0.0175433
0.02388
0
0.000103333
0.00358
0.01755
0.00472
0.000103333
0.000176667
0.00228333
0.00367667
0.00344
0.00954
0.00555333
0
0
0.0121867
0.0129233
0.00107333
0.00777
0.00731
0.00846
0.02153
0.0216933
0.00160667
0.0179467
0.00044
0.0317
0.00033
0
0.0105833
0.00298333
0.000626667
0.00061
0.00153667
0.00629333
0.00028
0.00640667
0.0491533
0.0350267
0.0062
0.00791667
0.0693033
0.0668433
0.1139
0.06533
0.09176
0.0508367
0.07508
0.00853333
0.00191
0.000193333
0
0
0
0
0
0
0
0
0.01562
0.00221333
0.01902
0.00288333
0.00067
0.00039
0.00741667
0.000973333
0
0.00854667
0
0.04073
0
0
0.0159867
0
0
0.00191667
0
0
0.000543333
0
0.000543333
0.00295
0.00240667
0.00135
0.00325
0.00607333
0.00566333
0.00347333
0.00898
0.000143333
0.000726667
0.000403333
0
0.000246667
0.0109633
0.0123433
0
0.01137
0.0116267
0.00843333
0.0902033
0.00456333
0.00535333
0.00175
0.0362733
0
0.0505633
0.00356333
0.03409
0.00512667
0
0.00359667
0.00496
0.00211667
0
0.00359667
0.000303333
0
0
0
0
0
0
0
0
0
0
0
0.00200333
0.00398333
0.0242533
0.01545
0
0
0
0.04582
0
0
0.0492567
0
0.0461467
0
0
0
0.02416
0
0
0.00941667
0
0
0
0
0
0.000873333
0.00282667
0
0
0.0002
0
0
0.0002
0.0105233
0
0.0002
0.00872333
0
0
0
0.000143333
0.000213333
0.000846667
0
0.0001
0.000846667
0.00789667
0.00052
0
0.00985333
0.000243333
0
0.000273333
0.000376667
0.000376667
0.00199
0.00255333
0.00042
0.000103333
0
0
0
0.000176667
0.000693333
0
0
0.00014
0
0.00324
0.000733333
0
0
0.000336667
0.01422
0.01307
0.0216233
0.0182
0.00984333
0.00160667
0.00820333
0.0319067
0.0398067
0.000373333
0.000186667
0.02518
0.0125733
0.0102467
0.000706667
0.000233333
0.0141733
0.0153267
0.00614333
0.0130533
0.00560333
0.0174233
0.0533133
0.0532633
0.0464167
0.148993
0.148573
0.0394767
0.05651
0.10936
0.00676333
0.0181733
0.0207133
0.0751967
0.0276967
0.02375
0.00523333
0.00248667
0.000476667
0.00729333
0.00681667
0.00918
0.00322333
0.00322333
0
0
0
0
0
0
0
0
0
0
0
0
0
0
0
0
0
0
0.00246333
0.00246333
0.00429667
0.00183333
0.00105667
0.00183333
0.0139267
0.01045
0.0102
0.00404667
0.0286833
0.0182767
0.02443
0.02418
0.0247433
0.0361
0.0290533
0.0223067
0.0186967
0.0133833
0.00659667
0.00607
0.000773333
0.00756
0.000686667
0
0.000143333
0
0.0146933
0
0
0
0.0338033
0.0296367
0
0.04306
0.0177567
0.00151333
0.00374667
0.00409333
0
0.0065
0.000503333
0.00633
0.00717333
0.000503333
0.00679667
0.00587333
0.00579333
0.00267333
0.01462
0.02114
0.02924
0.00036
0.00139
0.000323333
0.00381667
0.0071
0.00962333
0.000323333
0.0177333
0.00843333
0.00894
0.159267
0.318533
0.48889
0.00378
0.00383
0.01108
0
0.0236633
0.00175
0
0.0233467
0.00175
0
0.00181333
0
0
0.00379333
0.00034
0
0
0
0
0
0
0.00187667
0.00214667
0
0
0
0
0
0
0
0
0.0169667
0
0
0
0
0.00705667
0
0
0
0
0
0
0
0
0.00281
0
0
0
0
0.000833333
0
0.00079
0
0.000113333
0.000143333
0
0
0.000113333
0
0
0.000436667
0.00282333
0.000243333
0
0.004
0.00343333
0.00145
0.00352333
0.00334667
0
0.00042
0
0
0
0.00014
0.0152367
0.02379
0
0
0.00115
0.00115
0.000196667
0.000466667
0.00310333
0.00222667
0.01567
0.02861
0.00263333
0.0208333
0.00342
0.00313667
0.00260667
0.02809
0.00812
0.00645
0.00941667
0.00243
0.00132333
0.00797
0.0258667
0.01634
0.0248667
0.0183833
0.0355867
0.06199
0.0898633
0.126327
0.13279
0.131927
0.0804667
0.0301133
0.0484
0.0606467
0.0125567
0.000246667
0.000686667
0.000143333
0.000143333
0.00712
0
0.000646667
0.00718333
0
0.00391333
0
0
0.00174
0
0
0
0
0
0
0
0
0.02455
0.0266267
0.00833
0.00642667
9.33333e-05
0
0.03724
0.0261333
0.000286667
0
0.03956
0
0
0.0219133
0.0234967
0
0.00839
0
0.170647
0.00462
0
0.00583
0.00206
0.0288267
0
0
0
0
0.0150533
0
0
0
0
0
0
0
0
0
0
0
0
0
0.000573333
0
0.0403767
0
0.00929333
0.00016
0.00016
0
0.00746333
0
0.00120667
0
0
0
0
0
0
0.0003
0.000143333
0
0
0
0
0
0
0
0
0.000263333
0.000143333
0
0.000723333
0
0.00715333
0
0.00699
0.01523
0
0.0118067
0.00509
0.00809333
0.00282667
0.00831333
0.00753667
0.02602
0.00357
0.000293333
0.000293333
0
0
0.00231
0
0.00014
0
0
0
0
0.000196667
0.000153333
0.0128533
0.00686333
0.01291
0.00599
0.01795
0.00765667
0.00317
0.00217
0.0106467
0.02842
0.0224933
0.0512
0.0123033
0.0138033
0.0414033
0.0472667
0.01136
0.0303167
0.0364333
0.0146033
0
0.000646667
0
0
0.000646667
0.00301667
0.00259667
0.000226667
0
0.00150333
0.0017
0
0
0
0
0.0221433
0.0244167
0
0.0384933
0.02023
0
0
0
0.0206033
0.0300167
0.00766333
0
0.0453533
0.0205133
0.0063
0
0.00242667
0.0484133
0.0428
0.000143333
0
0
0.00026
0
0.009
0
0.0401533
0.0245833
0
0.0341733
0.0213233
0
0.159267
0.00063
0.00362333
0
0.0111433
0.03103
0.0383
0
0
0.04579
0
0
0.00053
0
0
0
0
0.0116
0
0.00034
0
0
0
0
0
0
0
0
0
0
0
0
0.00198
0.000303333
0.00407
0.00665667
0.0169133
0
0
0
0.0135167
0
0.01343
0
0
0
0
0
0
0
0
0.00947333
0
0
0
0.0131033
0.0279433
0
0
0
0
0.02188
0
0.000826667
0
0.000476667
0
0
0
0
0
0
0
0
0
0
0
0.000436667
0.00248333
0.00188
0
0.0112733
0.0109267
0.00338333
0.01581
0.0153333
0
0
0.01481
0.00762333
0.01311
0.0447033
0
0
0.000196667
0.000196667
0
0
0.04338
0
0
0
0.0239567
0.0127133
0.00857
0.00605333
0.0125033
0.0160467
0.00535333
0.000843333
0.00217
0.0382067
0.0198967
0.00730667
0.0284967
0.0172333
0.0180667
0.0160233
0.00162667
0.00987333
0.07581
0.04821
0.0142233
0.00597667
0.00942333
0
0
0
0
0
0
0.00127667
0.0317733
0
0
0.0269133
0
0
0.0397133
0.00133
0.0286267
0.000793333
0.0177567
0.0265267
0.0409433
0.03231
0
0.00026
0.00647333
0
0
0.04816
0
0.159267
0.321453
0.49181
0.0175533
0.00356
0
0
0.00356
0
0.00053
0
0
0
0
0
0
0
0
0
0
0
0
0
0
0
0.02327
0
0
0.0186533
0
0
0.01943
0
0.00972333
0.0152833
0.0239567
0
0.00913333
0.0329867
0
0
0
0
0
0
0
0
0
0.000793333
0.000286667
0
0
0.000143333
0
0
0
0
0
0
0
0
0
0
0
0.00463
0.0113467
0.0361133
0.0348833
0.0316333
0.00551
0.0326367
0.00850333
0.00532333
0.00039
9.66667e-05
9.66667e-05
0
0
0.000403333
0
0
0
0
0
0
0
0
0.0436533
0
0
0.000153333
0.01918
0.000153333
0.00280667
0.00265333
0.00337667
0.0190167
0.0377567
0.0181733
0.0113367
0.00169667
0.0451067
0.0258867
0.0222967
0.04361
0.0162667
0.00795333
0.00192
0.00536667
0.00585
0.00213
0.00098
0.00952667
0.0408067
0
0
0
0
0
0
0
0
0
0.00156
0.000233333
0.000233333
0.0113867
0.000196667
0.00043
0.04409
0.0485367
0.0365833
0.0302733
0.01584
0.00950667
0
0
0
0.0161033
0.00065
0.00261
0.00599333
0.0371733
0
0
0
0.0118133
0.02991
0
0.03937
0
0.04799
0
0.00519667
0.00883667
0.0287233
0
0.000816667
0.0356833
0.0157167
0
0
0
0.01171
0
0
0
0
0
0
0
0
0.00198
0.00210333
0.0056
0.00726667
0.0159933
0
0
0.0224367
0
0
0
0.04241
0
0
0
0.0486233
0
0
0.05239
0.03401
0
0
0
0.0192733
0.00447667
0
0
0
0
0
0.000143333
0
0
0
0
0
0
0
0
0.000106667
0
0
0.000106667
0
0.00309
0.00131667
0.000393333
0.0158567
0.000786667
0
0.0234367
0.000393333
0.0248533
0.0433933
0.0423
0.0275267
0
0.02985
0.0130433
0.01815
0.03979
0.00518
0
0
0.000143333
0
0
0
0
0.0445567
0.000143333
0.01991
0.00211
0.00211
0.03355
0.00244
0.00257667
0.0386533
0.00194667
0.00023
0.0184733
0.0115667
0.000326667
0.00219333
0.00853333
0.0270967
0.0263667
0.0220933
0.02321
0.00491667
0.0112233
0.00905333
0.00692
0.00012
0.00100667
0.00100667
0.00137
0.00022
0.00052
0.02042
0
0
0
0
0.00470667
0.00451
0.0136167
0.0269267
0
0.000196667
0.0401967
0.0366333
0.0266833
0.00841667
0
0.0315867
0.0279733
0.0197767
0.00248333
0.00065
0.000183333
0.00356667
0.00441333
0.01561
0.0207267
0
0
0
0.00705333
0.000196667
0.0261667
0.0119467
0.000196667
0.0302333
0.0175867
0
0.162187
0.19264
0.170357
0.00034
0.000116667
0.00175333
0.00228
0.0240567
0.0266
0.000116667
0.00251
0.00251
0
0.00045
0.000706667
0
0
0
0
0
0
0
0.0018
0.00377
0.00303667
0
0
0
0.0129767
0.0123367
0
0
0.01718
0
0
0
0
0.0117433
0
0.02189
0
0.0278067
0
0.04551
0.0492767
0
0
0
0.00277667
0.00486667
0.00277667
0
0
0
0
0.00397
0
0
0
0
0
0
0
0
0
0
0
0
0.00170333
0.00589667
0.01984
0
0.0472433
0.00257
0
0.0441867
0.0335133
0.00716333
0.0298433
0.00835333
0.000206667
0.000943333
0.0135833
0.03688
0.000246667
0
0
0
0.000206667
0.0285333
0.0187933
0.00225333
0.0172233
0.03733
0.00932333
0.00893
0.00426
0.00277667
0.00901333
0.0125667
0.0130433
0.0145667
0.00583
0.00012
0.000233333
0.000233333
0.00110333
0
0.00110333
0
0
0
0.000283333
0.00965333
0.00648
0.000283333
0.00379
0.05133
0.00977
0.00024
0.00024
0
0
0
0.0477667
0.0184633
0.0258733
0.00183333
0.0126467
0.01297
0
0
0
0
0
0.00145333
0.02214
0.000196667
0.00074
0.00231333
0.0497333
0.0252233
0.0205433
0.03123
0.0233333
0.00607
0.00964667
0.00965
0.00638
0.000566667
0.00471333
0.00446
0.00045
0.00251
0.00029
0
0.00045
0
0
0
0
0
0
0
0
0
0.00412667
0.0018
0.0277433
0.0184233
0.00106667
0
0
0
0
0
0
0.0471567
0.0378833
0.0453967
0
0
0
0.00268
0
0
0.00425333
0.00147667
0.00382667
0
0
0
0
0
0
0
0
0.000106667
0.000143333
0
0
0.00357667
0.00131667
0.00391
0.02235
0.0163433
0.00430333
0.0121167
0.02425
0.02332
0.0326233
0.01684
0.00015
0.0175967
0.00015
0
0
0
0
0
0
0
0
0
0.0177367
0.000293333
0.00342333
0.00538333
0.04601
0.0542767
0.02151
0.0167467
0.0299833
0.0464467
0.00424667
0.00206
0.00229333
0.00888667
0.0106
0.0146233
0.00244
0.00424333
0.00083
0.00198333
0.00317333
0.00561
0.00539667
0.00213333
0.00116
0.00116
0.00134
0.000293333
0.000293333
0
0
0
0.00979333
0.0149733
0.00350667
0.00036
0.00568
0.0227567
0.00916333
0.0391
0.00159333
0.00024
0
0.000163333
0.0421867
0.02666
0.0167067
0.00497333
0
0.00177333
0
0.000636667
0.000636667
0.00216667
0.00628667
0.00236333
0.0185767
0.0186367
0.0187567
0.0278267
0.03468
0.169237
0.339807
0.503113
0.04154
0.0196567
0.13204
0.0649633
0.0918967
0.0900133
0.0222733
0.00795333
0.00735333
0.00393333
0.00113333
0.00473667
0.00301667
0
0.00233667
0.00137
0.00092
0.00535333
0
0
0.00110667
0.00055
0
0
0.00055
0
0.00617333
0.00079
0
0.00358667
0.00650667
0.00024
0.0178833
0
0.0179633
0.00024
0
0
0
0.00106667
0
0
0
0.00239667
0.00133
0.0326533
0.02276
0
0
0
0.0270833
0.00583333
0.00500667
0
0.0155533
0.0168333
0
0.00793667
0.02101
0
0
0.0200967
0.02071
0.01931
0
0
0
0
0.00406667
0
0
0.00237333
0
0
0
0
0
0
0
0
0.000896667
0
0.000143333
0.000143333
0
0
0.00366
0
0.00170333
0.00351333
0.00236667
0.01381
0
0.00024
0.0105133
0.0119733
0.00781667
0.0149067
0.0106567
0.0042
0.0128133
0.0117333
0.00342
0.00015
0
0
0.00061
0.00061
0.00099
0.00038
0
0
0.01368
0.0223733
0.0139967
0.0266767
0.0244833
0.0372233
0.05979
0.0455667
0.0560367
0.0498533
0.04174
0.0388367
0.00402
0.0023
0
0.00053
0.00168333
0.00403333
0.00738333
0.00744667
0.00582667
0.00444
0.00335333
0.018
0.0375933
0.00167333
0.0131933
0.00057
0
0.0313933
0.0074
0
0
0
0
0
0.0364533
0.0183467
0.0440933
0.0454533
0.00314
0
0.00345333
0.00377667
0.000743333
0.00177333
0.00135333
0
0
0.0106167
0.00459
0.0148133
0.119927
0.0883133
0.0299933
0.05031
0.02123
0.442573
0.387367
0.229647
0.209897
0.0704367
0.202477
0.09737
0.124703
0.0804333
0.0538333
0.04076
0.0142967
0.00585667
0.00493667
0.00029
0
0
0
0
0
0
0
0.00438
0
0
0
0
0.01196
0.00912
0
0.00112333
0.00142
0
0
0
0.000296667
0
0
0
0
0.0236133
0
0
0.0127033
0
0
0.0315967
0.0274433
0.0158567
0
0
0
0.00024
0
0
0
0.00113333
0
0
0
0.000143333
0.000236667
0
0
0
0
0
0
0
0
0.00978
0.00258333
0.00191
0.0001
0.00457
0.00681
0.00024
0.00337
0.00372333
0.000133333
0.00359667
0.0208367
0.00015
0.00052
0.00113
0
0
0.00801
0.00083
0.00045
0.00045
0
0
0
0.01114
0.0324267
0.0959833
0.0945633
0.0508367
0.0246667
0.0496733
0.0173067
0.00138
0.00215667
0.00297
0.000403333
0.00270333
0.00356333
0.0201033
0.02542
0.0145367
0.0215433
0.0141133
0.02578
0.0153133
0.01574
0.00460667
0.00057
0.000956667
0
0
0
0.00047
0.01095
0.00593667
0.0314833
0.00174333
0
0
0
0.000103333
0.000526667
0.00116333
0.00447333
0.0139267
0.0143
0.0730533
0.0418567
0.134263
0.0572767
0.0953867
0.238327
0.15292
0.522093
0.298523
0.0372333
0.0523367
0.06591
0.04804
0.00191667
0
0.00208667
0
0.01129
0.00328
0
0
0.0103167
0.00266333
0
0.0268167
0.00777667
0.0259467
0.00590333
0
0.0302933
0.0106933
0
0
0
0
0.00558
0.00646333
0
0.00812667
0
0
0
0
0
0.00891
0
0
0
0.00778333
0
0
0.0254167
0.02126
0
0
0
0.0328433
0.00108333
0
0.00145667
0
0
0.0584567
0.00142333
0
0
0
0
0.04627
0.00105
0
0
0
0.04186
0.0138067
0
0
0
0
0
0.0125667
0
0
0
0
0
0
0
0
0.000773333
0
0
0
0.00626333
0
0.000466667
0
0.00099
0.000216667
0
0.00111667
0.000706667
0.000326667
0.03093
0.0303033
0.000326667
0.00229333
0.04003
0.00258667
0.000243333
0.000376667
0.00975333
0.00961333
0.0187233
0.01055
0.00045
0
0
0
0.03833
0.0331867
0.0676067
0.0564767
0.0610067
0.11931
0.0396433
0.145033
0.03954
0.0459933
0.00908333
0.0255733
0.00245667
0
0.000226667
0.00133
0.00329667
0.00339667
0.000293333
0
0.0420133
0.0348367
0.0403333
0.01737
0
0.000306667
0.0310067
0.0374333
0.04411
0.0270633
0
0
0.00261667
0.0135633
0.0264767
0.0249133
0.02461
0.01525
0.00551333
0.00609333
0.000103333
0.000526667
0.07153
0.0597767
0.400327
0.509977
0.261407
0.167083
0.436103
0.437663
0.528557
0.345633
0.255973
0.158877
0.21115
0.201693
0.0786267
0.04584
0.242713
0.0188
0.0860733
0.05511
0.00464667
0.04438
0.00191667
0
0.00774333
0.0125233
0.0121
0
0
0.03047
0.0295167
0.00377667
0
0.0575067
0
0
0.0548267
0.0256233
0
0
0.0532967
0.02885
0
0
0
0
0.03397
0
0
0
0
0
0
0
0.0008
0.0008
0
0
0.0240267
0.0682067
0.0635467
0
0
0
0.0150367
0
0
0.0832333
0.0152667
0
0.120843
0
0
0
0.0916567
0
0.00136333
0
0.000553333
0
0
0
0
0
0.0124533
0.000553333
0
0.00102
0
0
0.00143667
0
0.000773333
0
0.00154667
0.00677333
0
0.02228
0
0.000126667
0.00362333
0.00644333
0.000353333
0.00557333
0.00511333
0.0031
0.00298333
0.0487033
0.00704
0.00239
0.00130333
0.01121
0.000243333
0.00817333
0.0121333
0.00241333
0.00227333
0.00031
0
0
0
0.0478333
0.01497
0.04806
0.0975567
0.0623867
0.116157
0.132907
0.1061
0.07166
0.0378033
0.06083
0.01682
0.00353333
0.00245667
0
0
0
0.000586667
0.00374667
0.02546
0.0169367
0.04522
0.0402367
0.03549
0.05366
0.0106167
0.0155433
0.00403667
0.000386667
0
0
0.0251167
0.00367
0.00334667
0
0
0
0
0
0.00322333
0.000953333
0.00633667
0.00964667
0.0416033
0.0441833
0.03782
0.0940333
0.137207
0.139277
0.291583
0.155127
0.26979
0.185853
0.20243
0.580333
0.620447
0.260157
0.0819433
0.212767
0.3652
0.0236767
0.00444667
0.0144233
0
0
0.00027
0
0
0
0.01272
0
0
0
0.00404
0
0.0903167
0
0
0
0.08927
0
0
0.05992
0
0.0527867
0
0.0338167
0.0177267
0
0.0153
0
0.00284333
0.00704333
0.00433333
0
0
0.00321
0
0.0114
0.000296667
0
0
0
0
0
0.0125467
0
0
0.02663
0
0
0
0
0
0.0236933
0
0.06999
0.0101633
0
0
0
0.0195
0
0.000553333
0
0
0
0.000276667
0
0.000536667
0
0
0.00825667
0.00105
0.0267633
0.00875333
0.00100333
0.00756
0
0.000126667
0.0138567
0.03387
0.01276
0.0236533
0.02423
0.04317
0.00242
0.00347
0.0159033
0.00387333
0.0390133
0.02325
0.0387467
0.0415867
0.0320867
0.0267533
0.00666
0.00031
0
0.0519367
0.0783833
0.11612
0.0875967
0.0291533
0.0621767
0.107147
0.0278567
0.02788
0.0284333
0.0313267
0.0270833
0.0131833
0.01842
0
0
0.0002
0.00130333
0.01752
0.03728
0.0406467
0.03701
0.0509967
0.06367
0.0411633
0.00310333
0.000306667
0.00515
0.000873333
0.0237233
0.0414633
0.0400833
0.0398167
0
0
0
0.01296
0.000953333
0.0449867
0.252877
0.30998
0.44412
0.319913
0.274963
0.282323
0.382283
0.500073
0.277647
0.175847
0.248703
0.350523
0.305813
0.44861
0.08409
0.105297
0.428213
0.04712
0.00572667
0.224043
0.26692
0.00253
0
0.09506
0
0.00027
0.04592
0.0689433
0.0560033
0
0.00027
0.0118333
0.01692
0
0
0.0320667
0.00371333
0
0
0
0.07253
0.0480433
0
0
0
0.0915033
0.0493933
0.0324267
0.0834633
0
0
0
0.0972933
0
0
0
0
0
0.0611667
0
0
0
0
0
0
0.01915
0
0
0.0119667
0
0.0797633
0
0.122033
0.0627033
0
0
0
0.0595367
0.0691233
0
0
0.0213167
0
0
0.0115333
0.00935333
0.000553333
0
0
0
0
0.00207333
0.00164667
0
0.02046
0.00928
0.00143
0.0374467
0.00830333
0.000126667
0.00825333
0.00140333
0.0340067
0.0159333
0.03299
0.0321667
0.0199433
0.0115167
0.03907
0.00517
0.000783333
0.000283333
0.00172667
0.00201
0.0286867
0.00632667
0.0299867
0.00872
0.0718567
0.0504733
0.0647633
0.0337933
0.0694167
0.04647
0.0267767
0.02125
0.0385433
0.00278333
0.0155033
0.00107667
0.000323333
0.00141667
0.01441
0.0243233
0.000586667
0
0.00612667
0.04618
0.0625567
0.0696967
0.0509367
0.0311333
0.0290133
0.00492667
0.000306667
0.0066
0.0184933
0.0141567
0.0124
0.000506667
0.000506667
0.00138
0.00372667
0.0143367
0.0377267
0
0
0
0.02195
0.0113333
0.00085
0
0
0
0.00581
0.0129367
0.0382933
0.221057
0.365223
0.350697
0.11362
0.141813
0.0564133
0.423433
0.23134
0.436767
0.45879
0.00992333
0.0191767
0.261843
0.257197
0
0.104803
0
0
0
0.0351533
0
0.0117767
0.00648333
0.01121
0
0
0.00346333
0
0.0272433
0
0.08426
0.0366567
0
0.09351
0.06367
0
0
0.0910967
0
0.0571833
0.0915667
0
0.04061
0.0743867
0.01308
0.0411167
0.0326333
0
0
0
0
0
0.00686333
0.00628667
0
0
0.00223333
0.00350667
0.0108167
0.0174667
0
0.0479933
0.02884
0
0
0
0
0.0624233
0
0.101287
0.0822033
0
0
0
0
0
0.0489233
0
0
0
0
0
0.01227
0
0.00384
0.00425
0
0.000373333
0.000136667
0.00179667
0.00021
0.000993333
0.00363
0.000673333
0.00560333
0
0
0.0154433
0.0150867
0.000776667
0.00021
0.0120233
0
0.03905
0.02242
0.0332
0.00127667
0.00137667
0.0396533
0.00117
0.00748333
0.00806
0.00469
0.000883333
0.00175
0.01407
0.01381
0.0228767
0.03105
0.0305133
0.0287933
0.00886333
0.00067
0.000283333
0.000196667
0.0180833
0.00988333
0.01912
0.0345433
0.01793
0.0112567
0.0196233
0.03211
0.0218367
0.0223533
0.01107
0.01895
0.00266
0.0447933
0.0399533
0.0436667
0.0207633
0
0.000323333
0.00111
0.00261667
0.000786667
0.000876667
0.00107667
0.00258667
0.0014
0.00175667
0.00838333
0.00889
0.0081
0.00382
0.0189733
0.03524
0.03177
0.000183333
0
0
0
0
0
0.01986
0.00159667
0.00977333
0.0155133
0.04738
0.04839
0.12928
0.218977
0.258843
0.108687
0.331023
0.218247
0.05443
0.05796
0.14099
0.308023
0.00319667
0.000193333
0.00984667
0.185407
0.21977
0.0581133
0
0.08372
0.0894
0.04974
0.0093
0
0
0
0.00512667
0.00043
0.00676333
0
0
0
0
0.00203333
0.000246667
0.00407333
0
0
0
0.02485
0.00802
0.00659
0.04507
0
0
0.0302233
0
0
0
0.0355
0.00788667
0
0
0.00104333
0
0
0.00337333
0
0
0.00311667
0
0
0.01391
0.01999
0
0.04338
0
0.0544033
0.05298
0
0
0
0
0.07697
0.0841333
0
0.0676633
0.05402
0.0167267
0.01762
0
0.01437
0
0.00417667
0.00372333
0
0
0.00071
0.00039
0
0
0.000373333
0
0
0
0.00183333
0.00183333
0
0
0.00398667
0.0001
0.0001
0
0.00011
0.00071
0.0115633
0.04035
0.000213333
0.000213333
0.00217667
0.0223367
0.0108767
0.00255
0.01011
0.00620667
0.00421667
0.000196667
0.00041
0.00011
0.00157667
0.00292333
0.0389267
0.02984
0.00296
0.00812667
0.00269667
0.00516667
0.000983333
0.00191
0.000953333
0.000953333
0.00170667
0.02618
0.0458167
0.00908333
0.0225
0.000633333
0.00993667
0.00996333
0.00284333
0.00610667
0.0227633
0.0233633
0.0444233
0.0327
0.0118333
0.00780667
0.00301
0
0.00341
0.00244333
0.00785667
0
0
0
0.000746667
0
0
0
0
0.000183333
0.01806
0.141817
0.05287
0.221303
0.297767
0.273953
0.06476
0.213893
0.16144
0.16078
0.0166967
0.109907
0.0190133
0.00375
0.00319667
0.000193333
0.0600767
0.01999
0
0
0
0
0.0229433
0.00460333
0
0
0.0179033
0
0.00043
0
0
0.00548333
0
0
0.00242
0.000183333
0
0.000246667
0
0
0
0.00236667
0.000866667
0.00721
0
0.00848
0.0405933
0.0130167
0
0
0.00638333
0.06119
0.0137667
0.0332633
0.00776
0
0
0.0302367
0.00329667
0
0
0
0.000776667
0
0
0.00506
0
0.00523333
0
0.0251067
0.0384633
0
0.02589
0.03758
0
0
0.03087
0.04912
0
0
0
0
0.01567
0
0.00616
0.0142833
0
0
0
0
0
0
0
0.00039
0.000136667
0
0
0
0
0
0
0
0.00035
0
0
0
0
0
0
0
0
0
0.00215333
0.00178667
0.00506667
0.00747333
0
0
0
0
0.0006
0.00275333
0.00143667
0.02118
0.0172333
0.00338333
0.0148
0.0173233
0.0144167
0.00261667
0.01295
0.00361667
0.000886667
0.000436667
0.00059
0.000436667
0
0.00195333
0
0.00736333
0.0137633
0.00835333
0.03992
0.0351833
0
0
0
0.00031
0.01082
0.00142
0.00634333
0.00612333
0.00704667
0.00724
0.00717
0.00759667
0.00662667
0.0176333
0.0269667
0.0169267
0.0103967
0.00116
0.000193333
0
0
0
0
0
0.00615
0.0137967
0.00828667
0.00839333
0.000746667
0
0
0.000183333
0.00592333
0.000183333
0
0.00215333
0.06186
0.0172733
0.0374733
0.0123067
0.170357
0.181083
0.0115167
0
0
0.0005
0.00568667
0.00087
0.0110167
0.02079
0.0571267
0.00037
0.00472667
0.00041
0.00041
0.0046
0.00627667
0.00037
0.01151
0.00417333
0.00154333
0
0
0
0
0.000373333
0.000556667
0
0
0
0
0
0.000866667
0
0
0
0
0.00667333
0
0
0.000266667
0
0
0
0.000373333
0.00632333
0.00329333
0
0.00226667
0.00237333
0.0123067
0
0
0.00816333
0.00178333
0.0107967
0.00603667
0.01206
0.00224667
0.00379
0.0049
0.01139
0
0
0
0.00169
0
0
0
0.00686333
0
0
0.00602
0.0109967
0
0
0
0.00191
0
0
0
0
0
0
0
0
0
0
0.000336667
0
0.000386667
0.00027
0
0
0
0
0
0
0
0.000336667
0
0
0.0007
0.00035
0.000113333
0.00213667
0.00265667
0.0133467
0.00364
0.02176
0.0121467
0.0453
0.0228833
0.0220067
0.00011
0
0.01016
0.000806667
0
0.00048
0.000133333
0
0.0202833
0.00131667
0.00448333
0.00347667
0.00984667
0.00446333
0.01414
0.01176
0.0256967
0.0203
0.00617667
0.00154
0.00226333
0.00268
0.0113067
0.0146033
0.03928
0.0360933
0.0422267
0
0.02277
0.01186
0.00252667
9.66667e-05
0
0
0
0
0.00266333
0.04186
0.000113333
0
0
0.00215
0.00733
0
0.00527667
0.00987667
0.0940133
0.0230867
0.01768
0.0006
0.00177
0.000553333
0
0.00590667
0.00117
0
0
0
0
0
0
0
0
0
0
0
0
0
0
0
0
0
0
0
0
0
0
0.00013
0
0.000866667
0
0
0.00013
0.00027
0.000866667
0
0
0.000126667
0
0.000126667
0.00277667
0
0
0
0
0
0
0
0
0
0
0
0.00474333
0.00599
0.00536333
0
0
0
0
0
0
0.00589333
0
0
0
0
0.00501333
0
0
0
0
0
0
0
0
0
0
0
0
0
0.00184333
0.00325333
0.00175
0
0
0
0
0
0.000406667
0
0.000136667
0
0.000466667
0.000113333
0.0120267
0.00109667
0.00109333
0.0446867
0.00011
0.0550733
0.04589
0.00011
0
0.00405333
0.0123233
0
0
0.00139667
0.00141
0.00048
0.00145
0.00925667
0.00752333
0.01088
0.0227233
0.03446
0.06209
0.04735
0.0668667
0.0760533
0.04414
0.0345533
0.01027
0.00678667
0.00341667
0.00565
0.0131233
0
0
0
0
0.000116667
0.0111233
0.01157
0.0138833
0.00257667
0.000146667
0.00661
0.00661
0
0
0
0
0
0
0
0
0
0.0116467
0.000113333
0
0.00051
0.000113333
0.00705
0.182603
0.171717
0.00136
0.00136
0.03351
0.09705
0.000773333
0.0169733
0.000553333
0.232983
0.20695
0.0867567
0.000553333
0.17147
0.1525
0.00157667
0.000406667
0.00048
0.0272233
0.0154967
0.00117
0.00048
0.00061
0.0230333
0.02355
0.0337767
0.00590667
0.00117
0.00013
0
0
0.00051
0.00051
0.00051
0
0
0
0.000516667
0.000613333
0
0
0
0
9.66667e-05
9.66667e-05
9.66667e-05
0
0
0
0
0
0
0
0
0
0
0
0
0
0
0
0
0
0
0
0
0
0
0
0
0
0
0
0
0
0
0
0
0
0
0
0
0
0
0
0
0.000153333
0
0
0
0
0.00292667
0
0
0
0.00555
0
0
0
0
0
0
0
0
0
0
0
0
0.0145633
0.0292067
0
0
0
0
0
0
0
0
0
0
0
0
0
0
0
0
0.0275433
0
0
0
0
0
0
0
0
0.0204267
0.0296033
0
0
0
0.0288333
0.00978333
0.02022
0.00688333
0.01141
0.00218
0.00386333
0.00300333
0.000996667
0.000996667
0
0.000753333
0
0
0.000616667
0
0
0
0
0
0
0.000116667
0.000113333
0
0.000113333
0
0
0.0377167
0.05728
0
0.0542933
0
0.00019
0.0309767
0.03558
0.00847667
0.00019
0.000476667
0.000286667
0.00338
0.00042
0.00585
0.00688
0.0249867
0.0285267
0.00749667
0.00477
0.0499033
0.0653233
0.0993367
0.130177
0.106093
0.116837
0.03107
0.00822667
0.0821433
0
0
0
0.000563333
0.00287667
0.00257667
0.00272333
0.00611667
0.00938
0.00341
0.00485333
0.00144333
0
0
0
0
0
0
0
0
0.00079
0.00048
0.0127267
0.00507
0
0.00079
0.00669
0.00141333
0.0170967
0.000896667
0.000273333
0.177507
0.207383
0.06501
0.0132467
0.02827
0.03482
0.16103
0.00189333
0.0121
0.00656333
0.00469
0.00536
0.0156167
0.0240267
0
0.01084
9.66667e-05
0.0103233
0
0.00118
0.00067
0.0149467
0.00013
0
0
0
0
0
0
0
0
0
0
0
0.000153333
0.00638
0
0
0.0350367
0.0359133
0.02379
0.0376633
0.0444367
0.0378
0.0350533
0.04449
0.03388
0.01498
0.0111233
0.03788
0.0117633
0.0204067
0.00324333
0.00118333
0
0
0.000993333
0.000616667
0
0
0
0
0.000116667
0.000343333
0.00514333
0.0164767
0
0.0117333
0
0.04215
0.0275
0
0.000533333
0.0585667
0.0609333
0.000723333
0.0271933
0.0473233
0.00214333
0.0101867
0.00781667
0.00189667
0.00713667
0.02298
0.02553
0.00838
0.00403
0.0398
0.0748267
0.04631
0.11019
0.0729
0.123993
0.0741467
0.0971267
0.04061
0.0177667
0.01898
0.0632567
0.0264533
0.000226667
0.000343333
0.000343333
0.000116667
0.00223
0.00237667
0.00252333
0.00987333
0.0136133
0
0
0
0
0
0
0.00079
0.00048
0.0290033
0.200913
0.0363867
0.0109
0
0.0331633
0.116297
0.49379
0.486523
0.0125567
0.0607767
0.111687
0.228977
0.00525667
0.000623333
0.00397333
0.00156667
0.00349333
0.00116
0.00013
0.000216667
0.000216667
0.000216667
0
0
0
0
0
0
0
0
0.00360667
0.00345333
0.00345333
0
0.02107
0.01891
0.0191067
0.03795
0.0222633
0.03844
0.0321733
0.05628
0.0369333
0.01822
0.04967
0.03326
0.00927667
0.0127467
0.0148
0
0.00118333
0.0118633
0.00174333
0
0.000126667
0.000126667
0
0
0
0
0
0
0
0.00055
0.00055
0.00055
0.00302333
0.00300667
0.0412667
0.01168
0.0414433
0.02432
0.0859833
0.0721933
0.121347
0.11621
0.0127733
0.0465333
0.00218333
0.00282667
0.00442333
0.0368767
0.02224
0.104677
0.1106
0.0501433
0.0166067
0.00461
0.0186067
0.03464
0.0718167
0.0740367
0.11351
0.00122667
0.000226667
0.00223
0.00295
0.00886667
0.0156433
0.0350433
0.0350967
0.0772833
0.0590633
0
0.00122667
0
0.00193
0.000486667
0
0
0.000486667
0
0.00556667
0.0218433
0.0526667
0.206747
0.203947
0.226907
0.248017
0.182967
0.185493
0.0860167
0.06053
0.00507
0.570887
0.3588
0.190393
0.428917
0.0753467
0.02828
0.0301733
0.0294467
0.0315633
0.0287633
0.102337
0.50002
0.39213
0.12285
0.0513967
0.129357
0.0594333
0.0282867
0.0441767
0.03117
0.00766
0.00472
0.000423333
0.00045
0.000873333
0.00045
0.00108667
0.000136667
0.000586667
0
0.00406667
0.02443
0.02683
0.0045
0.0122767
0.0274233
0.01151
0.000316667
0.00859333
0.00242667
0.000126667
0.00427
0.005
0.00209667
0.00229
0.00047
0
0.000193333
0.000226667
0.000226667
0.00553
0.00200333
0.00871
0.00800333
0.0147667
0.0289833
0.0187567
0.01431
0.03171
0.0215633
0.02888
0.02282
0.03549
0.01776
0.0241633
0.0432567
0.05802
0.0326633
0.00312
0.01371
0.00156
0.00154333
0.00376333
0.0285033
0.0206033
0.04699
0.0674167
0.06946
0.06604
0.08523
0.0664233
0.0135133
0.04071
0.00145333
0.0670067
0.0187667
0.0158433
0.00508667
0.0142767
0.00508667
0.107293
0.12635
0.272613
0.21063
0.0575367
0.03427
0.0415233
0.08775
0.18361
0.5689
0.46914
0.163027
0.0738267
0.213933
0.08795
0.04058
0.0105233
0.00690667
0.02325
0.01661
0.02021
0.03376
0.0147567
0.00428667
0.0179567
0.00087
0.0092
0.0284
0.00102
0.00963333
0
0.000883333
0.00102333
0
0.000753333
0.000753333
0
0
0.00602333
0.00614667
0.00411667
0.00223333
0.0232433
0.00937333
0.0214033
0.00622333
0.00785667
0.0153033
0.00482333
0.0164967
0.00898
0.0158667
0.0109567
0.00261667
0.0148567
0.0155867
0.00885667
0.00655667
0.0128133
0.0069
0.00047
0
0.0105833
0.01537
0.00384
0.0404333
0.0101233
0.0413467
0.0147833
0.0631867
0.04785
0.0415733
0.04316
0.03783
0.0341333
0.01652
0.00707
0.0326367
0.0275833
0.00156
0
0.00154333
0.00170333
0.0038
0.01376
0.0322467
0.0412333
0.0137467
0.00046
0.00072
0.00072
0.00663667
0.01908
0.05223
0.06429
0.12844
0.16496
0.01387
0.0646467
0.128133
0.01773
0.09224
0.02819
0.06849
0.01886
0.19217
0.0305067
0.261887
0.23863
0.09343
0.0465133
0.03572
0.02924
0.0298233
0.0281367
0.0156267
0.0983667
0.299163
0.530213
0.599047
0.32931
0.534213
0.428713
0.404513
0.279007
0.0707867
0.170063
0.118047
0.01283
0.01666
0.0243133
0.0544733
0.0372733
0.01882
0.00518667
0.00341667
0.0103467
0.00983333
0.00177
0.00051
0
0.00192667
0.00335
0
0.00353667
0.0102267
0.01264
0.00386
0.00401667
0.02603
0.0211967
0.03385
0.05935
0.0361367
0.0730267
0.0542
0.04686
0.0221967
0.03466
0.0322
0.04495
0.0202867
0.0393067
0.0116033
0.00764667
0.00367
0.00620333
0.0156367
0.00173333
0.00138
0.0152133
0.000116667
0.01585
0.0139033
0.06502
0.0222867
0.08145
0.0632533
0.05289
0.04243
0.0380833
0.0112633
0
0.00159333
0.00225667
0.00668333
0.0342533
0.0520333
0.00990667
0.00551
0
0
0.00016
0.000823333
0.00292
0.00718667
0.0194533
0.00046
0
0.178433
0.207867
0.10366
0.26964
0.31041
0.127957
0.413383
0.471117
0.311887
0.150253
0.00746667
0.0424133
0.0727067
0.19721
0.21086
0.0498333
0.0303433
0.0065
0.01246
0.01309
0.0179433
0.02711
0.290357
0.01181
0.02732
0.0333267
0.135713
0.149753
0.16774
0.0263733
0.00146667
0.00085
0.00553
0.13684
0.0357133
0.0282033
0.00325667
0.00081
0.000193333
0.00529667
0.01161
0.0238967
0.0413867
0.0648567
0.06942
0.000193333
0.01136
0.0176733
0.04171
0.0531367
0.08401
0.0705867
0.0263233
0.01477
0.00264
0.00664333
0.000193333
0.00120333
0.0125633
0.0193233
0.0421567
0.0782633
0.09273
0.0595433
0.06513
0.0943933
0.07081
0.0746833
0.0427867
0.0700067
0.0800767
0.0329333
0.0308867
0.0437767
0.01474
0.00177
0.00052
0.000103333
0.000456667
0.00196667
0.000103333
0.00029
0.0101167
0.0258567
0.00379667
0.03807
0.05376
0.06062
0.05267
0.0393333
0.0246067
0.00365
0.000956667
0.00108667
0.01127
0.00311333
0.02218
0.0471167
0.0306333
0.0261567
0.01925
0.00399333
0.000463333
0.00025
0.00227667
0.0447433
0.0191333
0.03301
0.00244667
0.0141933
0.0125133
0.0134767
0.0190433
0.02769
0.0184067
0.00315
0.000463333
0.00029
0.00059
0.00097
0.00114667
0.0376767
0.0358533
0.0274667
0.00404667
0.00124
0.00017
0.00067
0.00172667
0.00380667
0.00342333
0.03844
0.0633767
0.0542267
0.0168633
0.0308067
0.00124
0.000283333
0.000783333
0.00433333
0.00701
0.0202967
0.0364333
0.00891667
0.00233333
0.00233333
0.00219
0.00574
0.0035
0.00792667
0.00988333
0.0248733
0.0342333
0.00891667
0.00205
0.00205
0.00159333
0.114877
0.0717867
0.0214333
0.00814667
0.00046
0
0.0847867
0.245253
0.0245333
0.0961567
0.228333
0.359353
0.320743
0.313657
0.263487
0.14457
0.06215
0.0415367
0.116697
0.220557
0.38616
0.00419667
0.000116667
0.00132
0.0101133
0.0167567
0.03959
0.0700833
0.0311767
0.01159
0.00751
0.00766333
0.00906333
0.0183733
0.0554733
0.0539567
0.0563567
0.07478
0.09034
0.0577233
0.03571
0.0245067
0.01593
0.01692
0.0179633
0.0250867
0.04299
0.03466
0.0383433
0.0254967
0.0200833
0.0128067
0.01729
0.00723333
0.00557
0.00540667
0.01732
0.0254967
0.00177
0.00874333
0.01664
0.00978
0.00139667
0.00056
0.000143333
0.000673333
0.000246667
0.00181333
0.02532
0.00317
0.0100467
0.0184467
0.0190667
0.0249533
0.01746
0.00749
0.00717667
0.0245033
0.02549
0.01771
0.0160667
0.0146133
0.01054
0.0269933
0.0195
0.0203467
0.0313933
0.0276333
0.04901
0.0128767
0.00915667
0.01308
0.02632
0.03882
0.04892
0.03657
0.00793
0.00438
0.000773333
0
0.00469667
0.0127967
0.0271533
0.0586867
0.04225
0.00905667
0.0173433
0.0307433
0.0496067
0.0200867
0.0108567
0.0109
0.00365
0
0.000956667
0.202163
0.0153
0.0321467
0.0866933
0.150703
0.25155
0.352477
0.15135
0.0153
0.0291333
0.08368
