0.00926333
0.00099
0.0130267
0.0213
0.0664567
0.00402667
0.00902
0.00361333
0.00361333
0.00202333
0.01406
0.000106667
0.00550667
0.0125667
0.00221
0.00476
0.0298567
0.0319767
0.0507467
0.0338733
0
0.00180667
0.00180667
0
0.00053
0.0216033
0.0130567
0.0148633
0.0613933
0.0148633
0.09474
0.119433
0.00351333
0.00344
0.000623333
0.000623333
0.00091
0.00387
0.00712
0.0324733
0.000106667
0.0362833
0.0984933
0.0217333
0.0202333
0.03387
0.0221467
0.0334633
0.0212733
0.01936
0.01744
0.0282267
0.04715
0.04752
0.0455567
0.0339567
0.01995
0.0405467
0.0284467
0.0582733
0.0316267
0.0300667
0.0352133
0.0451533
0.0396533
0.0266167
0.0568333
0.0555
0.0395233
0.02775
0.0376067
0.0317367
0.0118333
0.0117867
0.02081
0.0174833
0.0106167
0.0436
0.0305833
0.01594
0.0227967
0.00543667
0.0262167
0.03222
0.0120133
0.00499
0.00347
0.02138
0.0219367
0.0127767
0.00154333
0.0089
0.0199533
0.03218
0.0270567
0.0302233
0.0356767
0.0203767
0.00157333
0.0226667
0.0202633
0.00765
0.00673333
0.0121333
0.0440933
0.0357033
0.00741333
0.00566333
0.03425
0.02676
0.01124
0.00730333
0
0
0
0
0
0
0
0
0
0.0350233
0.0338433
0.0349767
0.0158033
0.0103267
0.00344333
0.00415
0.000706667
0
0
0
0
0
0
0.0137033
0.0181767
0.0165533
0.000706667
0
0
0
0
0
0
0.000246667
0.000246667
0.000756667
0.0422233
0
0
0.00735
0.01062
0.0213133
0.0179133
0.0267933
0.02405
0.0281367
0.0161667
0.03788
0.00485667
0
0
0
0
0
0
0
0
0.0276133
0.0426
0.05375
0.00141333
0.000706667
0
0
0.0193967
0.00171667
0.0016
0.00337667
0.0468833
0.06738
0.05566
0.0461667
0.02209
0.00762667
0.00418333
0.000453333
0.000453333
0.01596
0.00583333
0.0106033
0.02855
0.07034
0.0343567
0.0750567
0.0718167
0.000453333
0.0525267
0.03257
0.03393
0.0547533
0.0213767
0.00620667
0.0117033
0.0722767
0.0661833
0.0321433
0.0444167
0.0523367
0.0259733
0
0.00106333
0.02378
0.0507133
0.02023
0
0.02938
0.0432033
0.0242933
0.0262967
0.0177467
0.174323
0.000356667
0.00702
0.0334833
0.0244533
0.0337633
0.0335233
0.0140767
0.0161167
0.0177833
0.0247867
0.19547
0.211483
0.00086
0.0125067
0.0185967
0.0548933
0.10575
0.00654333
0.0115267
0.04407
0.177237
0.0339467
0.0599033
0.0563133
0.03108
0.02883
0.14754
0.00708333
0.00625667
0.00406333
0.00153333
0.00145
0.00214667
0.00496333
0.05453
0.00462
0.00058
0.000386667
0.000386667
0
0.000696667
0.0193367
0.00659667
0.0705833
0.01687
0.00255667
0.0671067
0.00393667
0.00236333
0.0191867
0.0500967
0.00157333
0.00157333
0.0445867
0
0.0927067
0
0
0
0
0
0
0
0.02542
0.0138
0.00596333
0.00234333
0
0
0
0.00242
0.0152067
0.0139567
0.00612
0.00521
0.00143333
0
0
0
0.000326667
0.00264333
0.00242
0.03039
0.02782
0.00268
0.000223333
0.0138467
0.02991
0.03188
0.0171067
0.00013
0.000456667
0.000586667
0.00205
0.00542667
0.0220833
0.0075
0.03546
0.01523
0.00333333
0.00203
0.03732
0.0676533
0.0635633
0.0616633
0.0321933
0.0158033
0.00291
0.00572333
0.00395333
0.00674
0.00464
0.000453333
0.00748
0.0255767
0.00785667
0.0236833
0.0280333
0.03758
0.0143733
0.0138033
0.02441
0.02194
0.01765
0.0109467
0.0198633
0.01475
0.0102933
0.00797333
0.00210333
0.0104067
0.03512
0.0330067
0.0305367
0.00203
0.00198
0.03053
0.0490433
0.00494
0.00100333
0.00198
0.0049
0.0251467
0.0407
0.00416333
0.00064
0.00308333
0.00434
0.02171
0.00271667
0.00249
0.00713
0.00791
0.0077
0.01184
0.0225467
0.00705667
0.0108667
0.00741333
0.0351267
0.0039
0.00665333
0.0166233
0.0285633
0.00604333
0.0116033
0.00945
0.000846667
0.00133667
0.00629333
0.01889
0.0196333
0.0233933
0.00325667
0.01045
0.00682667
0.000176667
0.00395667
0.000103333
0.000103333
0
0
0
0
0
0
0
0
0
0.06799
0.0658967
0.0458733
0.0314733
0.0136933
0.00477333
0
0
0
0
0
0
0
0
0
0.0373467
0.04711
0
0
0.00739333
0.00433667
0.01461
0.00051
0.00077
0.00428667
0.00389333
0.000376667
0.000233333
0.000116667
0.000116667
0
0
0
0.00365333
0.00515667
0.00864667
0
0.0066
0.00817
0.0034
0.00832333
0
0
0
0
0
0
0
0
0.000246667
0.000493333
0.00708667
0
0.00172333
0.00501333
0.00964667
0
0
0
0.0325333
0.04362
0.00490667
0
0
0.06123
0.0594533
0.000136667
0
0.0216333
0.00395333
0.0016
0.000243333
0.000453333
0.000486667
0.00273
0
0
0.0969267
0.000243333
0.0174333
0.172417
0.00137
0.00112667
0.0121567
0.00152
0.000636667
0.0137533
0.0167933
0.00989667
0.00932
0.000943333
0.00081
0.04637
0.04341
0.0296367
0.0528867
0.08659
0.000753333
0.00125667
0.00663333
0.0270433
0.05238
0.01849
0.04082
0.0274167
0.15865
0.00180667
0.0141667
0.1774
0.0589933
0.0782733
0.0864233
0.0802967
0.0271167
0.0161667
0.0557567
0.0295233
0.000193333
0.00087
0.00232
0.00187667
0.00450333
0.0322733
0.00462
0.00058
0.0569467
0.02309
0.00846667
0.0319833
0.0891633
0.0184333
0
0
0
0
0.000106667
0.00707333
0.000193333
0
0.00082
0.000193333
0.00337
0.00314667
0.0177967
0.00157333
0
0
0
0.0906367
0.125773
0
0
0.00251333
0
0.00251333
0
0
0.000153333
0.00125
0.000153333
0.00125
0.00138667
0.00715
0.00123333
0.00123333
0.0191433
0.00395
0.00482333
0.00234
0.00443
0.0421867
0.0327767
0.00362
0
0
0
0
0
0.00950333
0.0352567
0
0.00234
0.00319667
0.00972333
0.0171233
0.0300633
0
0
0.000326667
0.00237667
0.0103067
0.00944
0.00476
0.00529
0.00171667
0.000326667
0.00222333
0.000653333
0.0138433
0.0368667
0.021
0.00886667
0.00588667
0.00585
0.00013
0.00142333
0.00751333
0.00416
0.0153
0.0555333
0.03464
0.00013
0.000256667
0.0004
0.0319567
0.0518
0.07226
0.07212
0
0.000143333
0
0
0
0
0
0.000123333
0
0.000453333
0
0
0
0.000123333
0.00148
0.00102667
0
0.00102667
0
0
0
0
0
0
0.00508
0.000476667
0
0.0216733
0.02356
0.00498
0.00249
0.0295733
0.0132633
0.0198267
0.02155
0.0101067
0.0257633
0.02696
0.0256133
0.01027
0.00344667
0.00641333
0.00325
0.00358
0.02271
0.02189
0.00378
0.00378
0.00651333
0
0
0
0
0
0.00138333
0.00138333
0.0219667
0.00541
0.00407333
0.0168133
0.0290633
0.0408767
0.0302933
0.00259
0.00753
0.0212633
0.0226267
0.0198433
0.00653333
0
0
0.00889333
0.00427667
0.0047
0.000746667
0
0
0.00494
0.00046
0.000126667
0
0.00109333
0.00123
0.000126667
0.0003
0.00107
0.000263333
0.000436667
0.00613333
0.00597
0.00686
0.00528333
0.00738667
0.0123133
0.0252633
0.0115633
0.0134933
0.03345
0.0235267
0.03037
0.0275233
0.0383033
0.0375267
0.0280533
0.0217233
0.0256367
0.00587333
0.00978667
0.00535
0.0182667
0.00494333
0.00617333
0.00242
0.00190333
0.0134267
0.000103333
0
0.0199033
0.01596
0.00232
0.00115667
0
0
0
0.0205467
0.0274367
0.00965667
0
0
0
0
0.0283867
0.000976667
0
0
0
0.0190467
0.0184167
0.00627
0.00510667
0.00186333
0.00347333
0.01263
0.0308933
0
0.00026
0.00026
0.00026
0
0
0.0232867
0.0328033
0.0211567
0.02041
0.00423
0.00171
0.01318
0.02358
0
0
0.00438
0.00957333
0
0
0
0.00716667
0.0120433
0.00295
0.0147833
0.000386667
0
0.00158667
0.00158667
0
0
0
0
0
0.0003
0.000546667
0.00453667
0.01083
0.0334367
0.05187
0.0587033
0.00171667
0.00171667
0.0664033
0.0504833
0.03171
0.00254
0.000243333
0.00362333
0.00278333
0.0157867
0.0238667
0.0100867
0.02779
0.02532
0.00843
0.00432667
0.0165633
0.0103933
0.05872
0.0432367
0.0361367
0.0330167
0.0128667
0.0539267
0.0303367
0.0980767
0.179373
0.0334067
0.00449
0.05638
0.148557
0.190007
0.0355533
0.00441
0.00158667
0.0201833
0.00890667
0.02104
0.0435367
0.0157033
0.0155833
0.07659
0.0515233
0.0558167
0.0572767
0.0579733
0.0432667
0.0160233
0.0131533
0.0131633
0.03866
0.0156467
0.0146367
0.0140133
0.01596
0.0151333
0.0231167
0.01239
0.0408633
0.02978
0.14578
0.0055
0
0.000713333
0.220727
0
0.160633
0
0.00157333
0
0
0
0
0.0771233
0.119987
0
0
0.00627667
0
0.00501333
0
0.000426667
0.00414667
0.00619
0.00053
0.0002
0.00579333
0
0
0
0
0
0.00538
0.01006
0.01662
0.0191867
0.0260067
0
0
0.00205
0.00205
0.0323433
0.0332733
0.0134133
0.00297
0.00864
0.02228
0.0224467
0.0302333
0.0217333
0.02097
0.0201367
0.000436667
0.02632
0.03961
0.02023
0.0225133
0.000693333
0.00248667
0
0.000246667
0
0.000116667
0
0
0
0
0
0
0
0
0
0
0
0
0.00460333
0.00903
0
0
0.0256233
0.0376133
0.0396767
0.0105033
0.0106533
0.01205
0.00567333
0.00593333
0.00378333
0.000113333
0.0516033
0.00873
0.0280167
0
0
0
0.00599667
0.00363333
0.00237333
0.01893
0.00766
0.0318033
0.03484
0.0450267
0.05648
0.000516667
0.00257667
0.00270333
0.00865333
0.00635333
0.000623333
0.00999
0.00421333
0.000106667
0.00021
0.00158667
0.00406
0.0166967
0.0211633
0.00438
0.000643333
0.00523667
0.02422
0.0330933
0.01861
0
0
0.0169
0.00959667
0.02274
0
0.00148333
0.00698667
0
0
0.00707
0.00700667
0.0104533
0.0218433
0
0
0.00251667
0.00774
0.00950333
0.00011
0.00011
0
0.00209333
0.00387
0.000136667
0.00563333
0.00385667
0.01789
0.00207
0.00179667
0.00343667
0.00343667
0.00208667
0.00318333
0.00152333
0.00152333
0.0478533
0.00710667
0.00345667
0.0370533
0.00484333
0.0199733
0.0402267
0.00633667
0.00467667
0.0569567
0.01656
0.0277
0.0176033
0.03285
0.03929
0.0175733
0.00478333
0.00315333
0.0175067
0.02332
0.02832
0.0343333
0.02353
0.02786
0.03983
0.03194
0.01781
0.0167
0.01605
0.00326
0.00163
0.01833
0.00467333
0.0233
0.00239333
0.00391
0.00163
0.00163
0.01241
0.00700333
0.00183333
0.00261667
0.00743333
0.00113667
0.00150667
0.00490333
0.000293333
0.000113333
0
0
0.000253333
0.00287
0.01551
0.00259333
0.00584667
0.00575
0.00499333
0.00011
0.00681667
0.0298767
0
0.00142333
0.00276333
0
0.000253333
0.000506667
0.00338667
0.00474333
0.02041
0.0374033
0.0647367
0.0626433
0
0
0.00373333
0
0
0
0.00628667
0
0.00494667
0.0076
0.00438
0
0
0.000386667
0.000103333
0.000386667
0
0.0036
0.00188333
0.0024
0.0024
0.0024
0
0
0
0.0003
0.0315767
0.0657567
0.05458
0.00465
0.00719
0.00603333
0.00431667
0.231113
0.00692333
0.0226667
0.00912
0.279293
0.0221333
0.0353367
0.01087
0.24222
0.0581567
0.0634033
0.21775
0.0566933
0.0304633
0.17494
0.196297
0.210243
0.20127
0.0135867
0.0332267
0.0118233
0.00504667
0.0138767
0.0139967
0.00134333
0.00802667
0.0148667
0.03089
0.0439167
0.01355
0.01342
0.0141833
0.0299533
0.0555533
0.0509167
0.0175833
0.01797
0.0354233
0.0217067
0.0134
0.0161667
0.0314267
0.02765
0.0329933
0.11319
0.14498
0.01518
0.25225
0.0434667
0.20085
0.1169
0.30441
0.000193333
0.000193333
0.00013
0.001
0.0155833
0.03284
0.00479333
0.000753333
0.0440733
0.0351933
0.0207733
0.00785333
0
0.0296833
0.197827
0.00997
0
0.145393
0
0.0124833
0.0162467
0.0289167
0.0201967
0.0208467
0.01933
0.000273333
0.00856
0.00364
0.00066
0.0002
0
0
0.0190067
0.0196967
0.0226767
0.0187033
0
0
0
0.00595667
0.01999
0.0138567
0.01859
0.0325267
0
0
0.02161
0.00614667
0.019
0.00092
0.00467
0.000613333
0.00532667
0.0172033
0
0
0
0
0
0.0027
0
0.00650667
0.00909
0
0.00650667
0
0
0.000133333
0
0
0.00456
0
0
0.0295533
0.00830333
0.0400667
0.0380233
0.0236567
0.00751333
0.00245333
0.000226667
0.00829667
0.0374767
0.000113333
0
0.0552833
0.07969
0.07857
0.00729667
0.0372967
0
0.00363333
0.00493333
0.00099
0.0116867
0.01795
0.0277
0.0504167
0.0178633
0.03064
0.0599233
0.06409
0.0452367
0.0251733
0.02784
0.03675
0.02153
0.02585
0.00132667
0.00051
0.000173333
0.000173333
0.00856333
0.00912
0.00123
0.00023
0.000403333
0.000346667
0.000173333
0.000303333
0.01593
0.00409
0.000626667
0.00078
0.00776
0.00445
0.00966333
0.00088
0.000366667
0.0265567
0.00062
0.0230167
0.00062
0.03464
0.0231567
0
0.0302033
0.01693
0.0205767
0.0187867
0.01701
0.00416
0.00176667
0.00593667
0.00208
0.0175867
0
0
0
0.0360967
0.0645133
0
0.00152333
0
0.0779567
0.00152333
0.00117
0.0810867
0.00117
0.05311
0.00117
0.0304633
0.00509
0
0.00392
0.00886333
0.00753333
0.00261667
0.009
0.0319933
0.00769667
0.000916667
0.00219333
0.0214167
0.0236167
0.03878
0.0300733
0.0122067
0
0
0.0139433
0.0152833
0.01569
0
0.0028
0
0
0
0
0.00186667
0.00146
0
0
0.000406667
0.000206667
0.01204
0.000406667
0
0
0
0.0493633
0.12166
0
0.00788333
0.00616667
0.00668333
0.01428
0.00260333
0.00235333
0.00288
0.0204233
0.02039
0.00605
0.0211067
0.208843
0
0.00227333
0.0305367
0.00227333
0.0278133
0.05755
0.00676667
0.0219767
0.0233933
0.02309
0.0109833
0.0190533
0.14332
0.194853
0.0319433
0.0560267
0.0495833
0.00525
0.158217
0.16774
0.0245333
0.00538
0.0205667
0.0175533
0.00420667
0.00305667
0.00111667
0.00516667
0.00919
0.00712
0.0363433
0.0489167
0.0370067
0.02815
0.0481133
0.0326167
0.00973333
0.00854667
0.0160133
0.03252
0.04948
0.0608233
0.0144533
0.03903
0.0755867
0.0652267
0.191783
0.00141667
0.00459667
0.01616
0.0353033
0.00866
0.0242433
0.10505
0.15925
0.00392667
0
0
0
0.000713333
0.315287
0
0
0.00449667
0.0189333
0.308107
0
0.115063
0.175703
0.04555
0.0403367
0
0.03091
0.00331
0.0184933
0.00033
0.0002
0.0002
0
0.000273333
0.00344
0
0
0
0.00220667
0.00497333
0.0117867
0
0
0
0.00220667
0.00986333
0.000176667
0.00143333
0.0257733
0
0.000176667
0
0.000526667
0.00065
0.000666667
0
0.00310333
0
0
0
0.0111333
0
0
0.00462667
0
0.00509667
0
0
0.0134967
0.00409
0.0276567
0.0215833
0.0196267
0.0048
0.05373
0.02393
0.03643
0.0532967
0.01156
0.0283133
0.0237867
0.00623333
0.00773
0.00099
0.00896
0.00369333
0.00623
0.00733333
0.00360667
0.0290367
0.0102933
0.00677667
0.00141333
0.000903333
0
0.00012
0.0329
0.01407
0.00669
0.00051
0
0.00012
0.00012
0.000166667
0.0190133
0.00056
0
0.000166667
0.00492333
0.03552
0.000296667
0.00466
0.0424067
0.0285667
0.00926
0.0381233
0.0259933
0.0299367
0.02415
0.00856333
0.0254133
0.01055
0.00521667
0.000843333
0.00408
0.000223333
0
0.00208
0.000153333
0.00181
0
0.00799333
0.02646
0.0294367
0
0.0525167
0.00198
0.00315
0.0359933
0.01529
0.01723
0.00434333
0.0315867
0.0245267
0.04058
0.0247433
0.0289367
0.0210567
0.00524667
0.01643
0.0116867
0.00766
0.00253
0
0
0.0179867
0
0
0
0
0
0
0
0
0.0307133
0.0186133
0
0
0
0
0
0.00542
0.00613
0.00115667
0.01261
0.0286533
0.0003
0.00429
0.00872333
0.03163
0.0271467
0.0337033
0.0937833
0
0
0.0118233
0
0
0.0337833
0.0319333
0.0241967
0.264583
0
0.0324033
0.109027
0.00466333
0.01612
0.00805
0.00393
0.00346667
0.02461
0.0266567
0.000926667
0.0182267
0.0121367
0.000593333
0.000593333
0.00178667
0
0.00048
0.000736667
0
0.00481333
0.000196667
0.02035
0.0241633
0.0197833
0.00661333
0.0611833
0.0420233
0.0217467
0.0463833
0.0637033
0.02618
0.0309467
0.000523333
0.000366667
0.21926
0.00316667
0.00664667
0.00844333
0.00693333
0.00718
0.0351633
0.0576867
0.09849
0.16822
0.204237
0.29403
0.00408333
0.0274267
0
0.000356667
0.000486667
0.0338533
0.00499
0.00093
0.08139
0.0227233
0.03494
0.248327
0.329417
0
0
0
0
0
0.2746
0.01994
0.02991
0
0.0351233
0
0
0
0
0.00026
0
0
0
0
0
0
0
0.00788
0.00370667
0.00125667
0.00556
0
0.02317
0
0.0301967
0
0
0
0
0
0
0
0.000133333
0
0.000266667
0
0.000803333
0.00107333
0.00409
0.00947333
0.00818
0.01312
0.01439
0.0125267
0.00257333
0.00844333
0.0113767
0.000113333
0.0107567
0.000113333
0.00636667
0
0
0
0.0105133
0.0104
0
0.00587333
0.000976667
0.00105
0.00603333
0.00538333
0.000446667
0.000373333
0.000493333
0.00024
0.00012
0
0.00129
0.00168333
0.01461
0.00932667
0.0311167
0.02583
0.0380033
0.0245367
0.00224333
0.00440333
0.00855333
0.002
0.000446667
0
0.000223333
0
0.000153333
0
0
0
0.000703333
0
0.00688667
0
0.0113667
0
0.00198
0.0161067
0.0108133
0.0282467
0.00827667
0.0417933
0.0367167
0.00239667
0.0267267
0.00539667
0.01973
0.00600333
0.00351333
0.03373
0.0465333
0.0421933
0
0
0
0
0
0.03824
0.0252733
0
0
0
0
0
0.0124633
0
0.00854333
0
0.00109333
0
0.000103333
0.000776667
0.000343333
0.00562
0
0
0
0
0
0
0
0.00025
0
0.00668333
0.0024
0.0024
0.00288
0.00288
0.121137
0.00865333
0.204007
0.211567
0.0228167
0
0.02414
0.0305333
0.21196
0
0
0.0307333
0.0884867
0
0.00017
0.01879
0.177643
0.137677
0.124243
0.16614
0.153903
0.15053
0.000696667
0.00777667
0.0106367
0.0112067
0.0183433
0.02669
0.0309667
0
0
0.0264033
0.0197933
0.00797
0.00305333
0
0.00126667
0
0
0.000256667
0.00328667
0.0169967
0.000196667
0.0280733
0.0267767
0.00239667
0.00339667
0.00685667
0.00888667
0.02492
0.0415967
0.0509233
0.0312533
0.05591
0.0479167
0.000523333
0.00160333
0.00769
0.0208267
0.0002
0
0.0032
0.0188767
0.27636
0.0241533
0.267467
0.00889667
0.0202333
0.0294467
0.0191467
0.00831667
0.00037
0
0.09077
0.0287367
0.02692
0.0111467
0.0124633
0.203507
0.00658667
0.00296333
0
0.000303333
0
0
0
0.00529333
0
0
0.0188633
0.00997
0
0.03179
0.06545
0
0
0.104353
0.19463
0.156997
0.0159233
0.000196667
0.00074
0.00013
0
0.00115667
0.00115667
0
0
0
0
0.000526667
0
0
0.00457
0.00496667
0.00045
0
0.00827
0.0111567
0.0211667
0
0.022
0.0191033
0.00439
0
0.00446667
0.0104833
0
0.00913667
0
0.0242333
0.02459
0
0
0.00517667
0.00055
0.00055
0
0.00409
0.0142667
0.00493333
0.03155
0.00699
0.00280667
0.0304567
0.00246
0
0
0.00161667
0.000903333
0.000903333
0.00232
0.00529
0.0056
0.0284433
0.0407367
0.02696
0.0278067
0.0202267
0.0273767
0.00360667
0.000486667
0.000243333
0
0
0
0
0
0
0.00573333
0
0
0.000263333
0.00926667
0.01439
0.0179067
0.0247067
0.01081
0.01143
0.0075
0.00470333
0.000666667
0.00252
0.00470333
0.0192267
0.0301333
0.0346933
0.0417767
0.0235833
0.0207533
0.0230933
0.00391667
0.000403333
0
0
0
0.0487167
0
0
0
0
0
0
0
0
0
0
0.000136667
0.000136667
0.000136667
0.0119
0.000386667
0.00025
0
0
0
0.00445
0.00512
0.00525667
0
0
0
0
0
0.000343333
0.0103767
0.00550667
0.0005
0
0.00985333
0.00473333
0.0149733
0
0
0
0
0
0
0.0179933
0
0.0431767
0.0323833
0.00882
0.0118667
0
0.16615
0.0310767
0.00764
0.00313333
0.00412667
0
0
0.0315167
0.04529
0.03808
0.0374967
0.0469933
0.03155
0.03636
0.0159767
0.0200867
0
0
0.00236667
0.00126667
0
0.008
0.00398333
0.00246
0.0069
0.00842333
0.00490333
0.00354333
0.00657333
0.01944
0.02723
0.0347667
0.0236333
0.0134233
0.00152333
0.00440667
0.0136867
0.00510667
0.0022
0.01214
0.0289533
0.0199367
0.0164633
0.0221767
0.00108
0.0024
0.03853
0.0002
0.0002
0.0004
0.110407
0.02091
0.00925667
0.00954333
0.03669
0.12729
0.156553
0.0250633
0.0315267
0.0372667
0.0511933
0.110933
0.0047
0.000356667
0.0396167
0.00708667
0.00037
0
0
0.00884
0.0128967
0
0
0
0
0
0
0
0
0.24614
0.00671667
0.341147
0.00326667
0.00702
0
0
0.00065
0.00065
0.000606667
0.000303333
0.000303333
0.000303333
0.236967
0.0217567
0.0317267
0.000346667
0
0.0462033
0.0428067
0.00807333
0.0496633
0.05553
0.0155767
0.0346767
0.0111267
0.00772667
0.00013
0.00013
0
0
0.0034
0.000663333
0.0034
0.000176667
0
0.00649667
0.00948
0
0
0.00805667
0.0266333
0.00950333
0.01576
0.00542667
0
0
0
0.00055
0
0
0
0.000133333
0
0
0.000536667
0.00075
0.0598633
0
0.0439767
0.0129467
0.00855667
0
0
0.0123733
0
0.00535
0
0
0.00584333
0.00449667
0.0121833
0.0113933
0.00440333
0
0.00440333
0.000446667
0.000223333
0
0
0
0
0
0.00055
0
0.0011
0.000526667
0.00079
0.00404333
0.00388
0.00015
0.00224667
0.00384667
0.00240333
0.02448
0.03374
0.0203267
0.0204
0.00750333
0.03363
0.00439333
0.000806667
0
0
0.0219933
0.0287867
0
0
0
0
0
0
0
0
0
0
0
0
0
0
0
0
0
0
0.000673333
0
0
0
0
0
0
0
0
0.01682
0.01371
0.00304667
0.00015
0.00319667
0.0553333
0.05337
0.00624333
0.125197
0.05337
0.0115967
0.132403
0.01799
0.125383
0.0572433
0.0340867
0.12141
0.09821
0
0.0173733
0.00218333
0.00450667
0.00578333
0.0128567
0.02258
0
0.02778
0
0.0206533
0.0160567
0.0166533
0.00785333
0
0.00247667
0.00456667
0
0.00227
0.0203233
0.0259533
0.0383333
0.03011
0.0163333
0.00635667
0.00690667
0.0146967
0.03068
0.00018
0.00025
0.00177333
0.00660667
0.0368733
0.04223
0.0498567
0.0391
0.02619
0.0357867
0.03175
0.00018
0.00025
0.00933
0.02266
0.0389767
0.03342
0.0441433
0.0005
0.00075
0.00474667
0.03086
0.01935
0.0335167
0.00464667
0.01118
0.0266233
0.0226733
0.0004
0.00693333
0.00696667
0.00726333
0
0
0
0
0
0.00132
0.00501
0.0280033
0.000546667
0.1205
0.00538
0.168823
0.00089
0.0132567
0.0353633
0.01798
0.0387633
0.0482367
0.03566
0.0228
0.01127
0.0491
0.0657067
0.0895867
0.08237
0.0496133
0.05519
0.1455
0.0974567
0.151457
0.303393
0.225183
0.0198733
0.01493
0.01533
0.00272
0.000583333
0.00552667
0.00729
0.0380167
0
0
0.000226667
0.000226667
0.00234667
0.00212
0.131803
0
0.00151
0.249847
0.0206433
0.193303
0.04255
0.07443
0.0121333
0.000693333
0.00104
0.000693333
0.01986
0.00842
0.0506733
0.03735
0
0.00115667
0.00115667
0
0
0.000196667
0
0
0
0
0.000266667
0
0
0.00333667
0
0
0
0
0.00632
0
0.00399333
0.00715333
0.00792333
0.00447333
0.0106233
0
0.0193
0.0221933
0.00172667
0.00813333
0.0233833
0.00172667
0.0008
0.000403333
0.00409
0.0147433
0.000403333
0.02083
0.0399767
0.000346667
0
0.0286567
0.0216333
0.0307767
0
0.01518
0
0.0193467
0
0.00642
0.00576667
0.00011
0.00761333
0.0100967
0.00809
0.00312
0.0151933
0.00336333
0.01103
0.000243333
0.000243333
0
0
0
0
0.00055
0
0
0.00055
0.000263333
0.000263333
0.00463333
0.000526667
0.00408333
0.00618
0.00449667
0.00305667
0.01758
0.02024
0.0209533
0.02403
0.0186433
0.0227067
0.0301133
0.04349
0.0337767
0.0254833
0.00899667
0.00541
0.000403333
0
0.00538
0
0
0.000373333
0.000373333
0
0.02213
0
0
0.0372067
0.00015
0
0.00953333
0.04872
0.02218
0.0613667
0.0474
0.00319667
0.0045
0.00145333
0.0141
0
0.05338
0.0916367
0.0466967
0
0
0.0423433
0
0.00426
0.0113333
0.02291
0.0256133
0
0
0
0.00934667
0
0
0.00245
0.0413033
0.00304667
0.00054
0.0356633
0.0258433
0.01148
0.00577
0.0219467
0.00903667
0.00336
0.00284667
0.00036
0.0089
0.00657667
0.000343333
0.000413333
0.0185467
0.0207633
0.0042
0.00449667
0.000116667
0.000576667
0.000663333
0.000413333
0.000596667
0.00072
0.000116667
0.000556667
0.000163333
0.000183333
0.0003
0.000116667
0
0
0.00387333
0.000393333
0.00387333
0.00745
0
0
0
0.0304433
0.000346667
0.00112667
0.00585
0.00011
0.00022
0.103787
0.00684667
0.10041
0.00593333
0.02109
0.0974367
0.241593
0.280753
0.374583
0.414797
0.00212
0.00058
0.00212
0
0.00038
0
0
0.00151
0.00315333
0.109827
0.00871667
0.132863
0.05943
0.05797
0.0289633
0.02505
0.0439367
0.0282467
0.00586
0.000393333
0.000266667
0
0
0
0
0
0.01041
0.00701
0
0.00316
0.00316
0.00316
0
0.00149667
0.000543333
0.00177333
0.000276667
0.00705667
0.00676333
0.00350667
0.00659
0.00025
0.00486333
0.000146667
0.00811667
0.000146667
0.00325333
0
0.00325333
0
0
0
0.0636733
0
0.0489267
0
0.0440133
0.04104
0.03197
0.00548667
0.000993333
0
0
0
0
0
0
0
0
0
0
0
0
0
0
0
0.000263333
0
0
0.000263333
0.000363333
0.000536667
0.00860333
0.0214667
0.00528
0.0266833
0.0101667
0.00462333
0.00586
0.00410667
0.00107333
0.00404
0
0
0.01176
0
0
0.04813
0.05411
0.0298633
0
0.00207667
0.00137333
0
0.0185267
0.01016
0.02123
0.00747
0.00687
0.00222333
0
0.00240333
0.00014
0.0028
0.00137667
0.00109
0.00975333
0.0132533
0.02882
0.02022
0.00723
0.00118
0.0228767
0.00669333
0.00251
0.00290333
0.0368167
0.0311033
0.01484
0.009
0.006
0.0255967
0.00978
0.00349
0.00905333
0.00883667
0.000846667
0.00133667
0.00061
0.00376
0.00752
0.00725
0.00012
0.0553933
0.000346667
0.00011
0.000456667
0.0591567
0.0548267
0.0399933
0.0134733
0.03325
0.0666967
0.0563433
0.0330367
0.08576
0.0436967
0.02273
0.00856333
0.0210033
0.0402467
0.0260167
0.04426
0.13827
0.329093
0.384927
0.00202333
0.0174833
0.0226667
0.04444
0.04393
0.0287167
0.03017
0.00544
0.0250667
0.00659667
0.02433
0.00891
0.000196667
0.00575333
0.000266667
0.00528333
0.00107667
0.00121333
0.000136667
0.000136667
0
0
0.0110867
0
0.000273333
0.000136667
0.00407667
0
0
0
0
0.00122
0
0
0
0.000543333
0.0038
0.00977
0.00284
0.00444
0.000146667
0.000293333
0.000293333
0.000146667
0.0106533
0
0.0673133
0
0.0882933
0
0.0897467
0.0761867
0
0.0620567
0.06087
0.0497433
0
0
0.02352
0.00996333
0.000356667
0
0.00011
0
0
0.00370333
0
0.00381667
0
0.000223333
0.000446667
0.000223333
0
0
0
0
0
0
0
0
0
0.00224333
0.00355667
0.00183
0.00169
0.0184567
0.0330733
0.04708
0.0385667
0.0260467
0.00985667
0.0129633
0.00841
0.0240233
0.02719
0.0396567
0
0
0
0.0172867
0.0160633
0.00207667
0.00319667
0.00415333
0.00684333
0
0
0
0
0
0
0.000133333
0
0.000266667
0.00275333
0.00014
0.00547667
0.00451333
0.00457667
0.000626667
0.000593333
0.00028
0.0195
0.00378667
0.00364333
0.01161
0.00864
0.0230167
0.00604667
0.01638
0.0365867
0.00685
0.0231567
0.0274733
0.03471
0.000966667
0.0315933
0.00747667
0.0103467
0.00024
0.00012
0.0115067
0.00797333
0
0.0363867
0.0146067
0.156667
0.250707
0.00469
0.00805667
0.01014
0.196987
0.00961667
0.00607
0.305223
0.30839
0.427003
0
0
0
0.00014
0
0.00014
0
0
0.00284
0.00014
0
0
0.0027
0
0
0
0
0
0
0
0
0
0
0
0
0
0
0
0
0
0
0
0
0
0
0.000266667
0.000266667
0
0
0.00544
0.0552467
0.0409833
0.00602333
0.0101
0
0
0.000466667
0.00454333
0
0.00478667
0.00709333
0.00365667
0.000136667
0
0
0.000466667
0.000466667
0.000466667
0
0.00159667
0
0
0.00281667
0
0
0.00271667
0
0
0.00325667
0.00526333
0.00139
0.00644667
0.00852
0.00251333
0.00147667
0.0183067
0.00593333
0.00475
0.00475
0.0143067
0.000146667
0.00944333
0.00325333
0
0
0
0.0224633
0
0.0558867
0
0.05651
0.00013
0.04238
0.04097
0.04952
0.00013
0.04414
0.04139
0.03294
0.02091
0
0.00735333
0
0
0.00224
0
0
0
0
0.00359333
0.00359333
0
0
0
0.000416667
0.000416667
0
0.00153333
0.00153333
0
0.00153333
0
0
0
0
0
0
0
0
0
0.00238333
0.000436667
0.000436667
0.00304
0.00271
0.00103333
0.02205
0.0235367
0.000516667
0.000516667
0.00787333
0.01085
0
0
0
0.0491767
0
0
0
0.01796
0
0.00538333
0.00182333
0
0.00807
0.00807
0.00538
0
0.00269
0
0
0
0.000133333
0
0.00285667
0.00299
0.00046
0.000286667
0.00014
0.00285667
0.0159733
0.00886
0.0220867
0.0265267
0.00612333
0.00036
0.00708333
0.00444
0
0
0.04015
0
0.0164933
0.01041
0.0114733
0.12805
0.0803267
0.207597
0.0604333
0.0341567
0.0132967
0.00995333
0.00895
0.0126
0.0271267
0.265997
0.119273
0.11801
0.1357
0.39068
0.331943
0
0
0
0.000203333
0
0
0
0
0
0
0
0
0
0
0
0.00014
0
0
0
0
0
0
0.0077
0.005
0.005
0
0
0
0
0
0
0
0
0
0
0
0
0.000673333
0
0.000673333
0
0
0
0
0
0
0
0
0
0
0.0436133
0.0702467
0.0462667
0.01527
0.0234933
0.01708
0
0
0
0.00159667
0.0306033
0.0215567
0.01812
0.0175
0.0029
0
0
0.00294
0.000176667
0
0.00791333
0
0
0.01652
0
0.01292
0.0265467
0
0
0.01662
0.00200667
0.00725333
0.0209167
0.0153733
0.0146967
0.0145567
0.01797
0.03157
0.00475
0.0260433
0.000293333
0.0456967
0
0.0384433
0
0.0429933
0.01013
0.0222367
0.0325833
0.00026
0.0178033
0.00013
0.00188333
0
0
0
0.00031
0
0.000726667
0
0
0
0
0
0
0
0
0
0
0.00014
0.000796667
0.00227333
0.00117333
0.00515667
0.0386233
0.0417167
0.0381767
0.0233333
0
0
0
0.00182333
0.00745667
0
0
0
0
0
0
0
0
0
0
0.0107867
0.00731
0.00442667
0
0.00012
0.04537
0.0376733
0.00024
0.05926
0.00012
0.03826
0
0.00012
0.0127867
0.0227167
0
0
0
0.0117367
0.00444
0
0.000233333
0.00390667
0.00884
0.0260767
0.08165
0.0135567
0.16975
0.153407
0.19016
0.0105333
0.00948333
0.01326
0.29562
0.194043
0.0559133
0.0366567
0.0508767
0.02546
0.09685
0.20063
0.25284
0.41792
0.354253
0
0
0.00217667
0
0.00238
0
0
0
0.000203333
0
0.000503333
0.000706667
0
0.00028
0
0.00784
0.00298
0
0.015
0.0127
0
0.0140667
0.00417667
0.00906667
0
0
0
0
0.000673333
0
0
0
0
0.00134667
0
0.000673333
0
0
0.000673333
0
0
0.000106667
0.000106667
0
0
0.000106667
0
0.000106667
0.000106667
0.00112
0
0
0
0.00783
0.01327
0.0329733
0
0.0763567
0.06664
0.000166667
0.00251667
0.00761333
0.0268533
0.0370233
0.0273567
0.02983
0.0353867
0.0324167
0.0129333
0.000176667
0.01158
0.0109633
0.00107
0.000276667
0.0001
0.0209867
0.00796667
0.0139
0.00762
0.00883333
0.00210667
0.00834
0.0266833
0.0324867
0.0334567
0.0160667
0.02642
0.0243367
0.0407167
0.0166067
0.00905667
0.0046
0.000146667
0.0122733
0
0
0.0127367
0
0
0.00535
0.00593333
0.00616333
0.00442
0.0193333
0.00455
0.02078
0.00456
0.00255333
0.00013
0.00188333
0
0
0
0
0
0
0
0
0
0
0.000416667
0.00195
0.00306667
0.00846
0
0.00692667
0
0.00153333
0
0
0
0
0.00014
0
0.00014
0
0
0.000516667
0.00288333
0.00482333
0.000516667
0.0071
0.00746667
0
0.00675333
0.000136667
0.00278667
0.00182333
0.000273333
0.00221333
0
0.00221333
0
0
0.00476667
0.00538
0
0
0.00269
0
0
0
0.0142
0
0.0183067
0
0.0715767
0.0546733
0
0.0163633
0.00643333
0.00648333
0.0110833
0.0119467
0.01447
0.00414
0.00995
0.0195733
0.0234567
0.02537
0.123083
0.111903
0.0449633
0.0270233
0.0148733
0.0179367
0.0130167
0.0291767
0.411673
0.221907
0.53853
0.59983
0.00193
0.00092
0.00046
0.00287333
0.00147
0.00358
0
0
0.0214133
0.0187667
0
0
0.00553
0
0
0
0.000503333
0.00014
0
0
0
0
0
0
0.0131333
0.00824333
0
0
0.00011
0
0
0
0
0
0
0.00134667
0.00202
0
0
0.00343333
0
0.00495333
0.0023
0.00462333
0.00243
0.0004
0.00232333
0
0.0004
0.00096
0.00052
0.00108
0.00204
0
0.0436733
0.0604233
0.00966333
0.00108667
0.000166667
0.0100633
0.03922
0.0146
0.0190767
0.0487733
0.0503933
0.0601433
0.02078
0.02695
0.01328
0.00966667
0.02245
0.0209567
0.02616
0.0162733
0.01584
0.0421167
0.0333367
0.0241167
0
0.00932
0.00638333
0
0.000193333
0.000463333
0.00125667
0.00112333
0.00508333
0.000746667
0.00472
0.00503667
0.00578333
0.00478667
0
0
0
0
0
0
0.000106667
0.00419
0
0.0163033
0.0129467
0
0.01417
0
0.00016
0.00016
0
0.00052
0
0.00052
0
0.00052
0
0
0.00015
0
0.00015
0
0.00101667
0.00295667
0
0
0.00777333
0
0.00965333
0.01161
0
0.0283233
0.0236333
0
0
0.0234433
0.03085
0
0
0.0138733
0.00590333
0.000453333
0.000453333
0.00269
0.00269
0
0
0
0
0
0
0
0
0
0
0
0
0.0190433
0.00499
0
0.0201867
0.03121
0.0356367
0.0216267
0.05565
0.0374267
0.01466
0.00190667
0.00068
0.00467
0.00190667
0.000453333
0.000503333
0.00299667
0.00323
0.01729
0.0334933
0.107693
0.13489
0.0678133
0.0142933
0.0132567
0.0133333
0.0130433
0.00917333
0.02659
0.25754
0.105767
0.0805467
0.0293733
0.182553
0.00749333
0.21011
0.0121367
0.00691333
0.0159667
0.0136333
0.00274333
0.00173333
0.0104433
0.01295
0.00602
0.00378
0.0322333
0.01725
0.00332
0.00100667
0.00583
0.00014
0.02308
0
0.0221467
0
0
0
0.00304333
0.00371667
0
0
0
0
0.00410667
0
0.00284333
0.00517667
0.00104
0.00810333
0.00508
0.00480667
0.000493333
0.000163333
0.000163333
0
0
0
0.00783
0.00938667
0.01393
0.00441333
0.000496667
0.04711
0.0356233
0.0318233
0.06209
0.0136467
0.0844033
0.0808367
0.0219567
0.0519833
0.0200667
0.0255033
0.0130967
0.0150333
0.00822
0.00615333
0.00922333
0.01875
0.01042
0.0370133
0.00445333
0
0.000463333
0.000793333
0.00436667
0.00262667
0.0153967
0.00337333
0.0148033
0.0157567
0.00818667
0.00574333
0.00363333
0.01603
0.00067
0
0
0
0
0.0008
0
0.00457333
0.03064
0.0238133
0.00421
0.0110867
0.00437
0.00569333
0
0
0
0.00015
0.0003
0
0.00620667
0
0
0.000273333
0.00041
0.000273333
0.000136667
0
0
0.00288333
0.00288333
0.000806667
0.000806667
0.000636667
0.00562667
0
0.0329133
0
0.0409733
0.02978
0.00196667
0.00196667
0.02846
0.00387333
0.00450333
0.000403333
0.000403333
0.00369333
0.00036
0.00371667
0.00719667
0.0179467
0.0320133
0.0427033
0.03264
0.03849
0.04501
0.02546
0.01753
0.0103
0.01294
0.01142
0.847737
0.786437
0.7422
0.578367
0.415347
0.528303
0.0778833
0.02121
0.00663667
0.000693333
0.00121
0.00049
0.00049
0
0.000433333
0.0281633
0.0259833
0.00852333
0.0190467
0.0119467
0.00913333
0.01293
0.0288133
0.000506667
0.000503333
0
0
0
0
0.00284667
0
0.0207867
0.00784667
0
0
0
0.00675667
0
0.00269
0.000833333
0.000833333
0.000556667
0.00139
0.000556667
0.00748
0.01384
0
0
0.00727667
0
0
0.00684
0
0.00686667
0
0.0004
0.00506333
0.0102167
0.00722
0.0103333
0.0264733
0.01152
0.0541367
0.00968667
0.03813
0.00851333
0.00781
0.0254
0.00828667
0.02796
0.00459667
0.0228833
0.00400667
0.00033
0.00469
0.000876667
0.00403667
0.00350333
0.0312833
0.0592333
0.0140933
0.0454133
0.0357367
0.0377333
0.0409167
0.02032
0.0185433
0
0.00276667
0.000123333
0
0
0
0.000123333
0
0
0
0
0.000693333
0
0.0163633
0.02789
0.00274333
0.0279733
0.00832333
0.00479333
0.00084
0.0012
0.00203333
0
0
0.00135333
0
0
0
0.00522333
0.00620667
0
0.00215
0
0.01721
0
0.0232467
0.0136
0.00205333
0.01548
0.01896
0.00205333
0.00205333
0.01247
0.00205333
0.00769667
0
0.00586
0.000763333
0.0009
0.00517333
0.000686667
0.00670667
0
0.0121167
0
0.00586333
0.00616333
0.0003
0.0003
0
0.00564667
0.00853
0.00657333
0.00449667
0
0
0.0194967
0.0335567
0.0216967
0.00589
0.0174
0.00772
0.00819333
0.0181967
0.03291
0.00369
0.00705667
0.000133333
0.000813333
0.00437667
0.0284767
0.01209
0.00962
0.00191667
0.0477
0.01812
0.0323367
0.04266
0.02054
0.0100033
0.0285567
0.0336
0.0395067
0.0621067
0.6201
0.340907
0.299987
0.0767467
0.406527
0.468983
0.126597
0.0989433
0.0866433
0.03327
0.01655
0.00148667
0.00072
0
0.000433333
0
0
0.000866667
0.000866667
0
0.0138333
0.0597333
0.0597333
0.0731333
0.08882
0.08343
0.0258467
0.0387
0.06255
0.0324833
0.0547667
0.0620067
0.0563133
0.0502467
0.000773333
0
0.000266667
0.0230233
0.0335233
0
0.00402667
0.00449
0.00144667
0.00976333
0.00608667
0.00144667
0.0104833
0
0.00089
0.02357
0.0302133
0
0.0337133
0
0.02563
0.0113567
0
0.00994
0.00364667
0.00712333
0.01134
0.0262567
0.01446
0.02286
0.0175933
0.0253667
0.000656667
0.000326667
0.00055
0.000663333
0.00261667
0.0206333
0.02452
0.01569
0.01589
0.0399633
0.04894
0.0205333
0.0456933
0.03609
0.0182833
0.03514
0.0176433
0.0246633
0.00428
0
0.00456667
0
0
0.00544333
0
0.00595667
0.02289
0.05048
0.0248367
0.00897667
0.00856333
0.00255
0
0.00695333
0.04219
0.0179167
0.0122233
0
0.00434333
0.00351
0.00015
0.00537333
0
0
0.0113533
0.0231633
0.00011
0.00216333
0.00410667
0.000763333
0.00529667
0.00517333
0.01575
0.00694
0.00536333
0.000196667
0.000196667
0.00383333
0.00363667
0.00950667
0.00587
0.00919667
0.00332667
0.00358667
0.00026
0.00052
0.00026
0.00026
0.000806667
0.00286
0.00349667
0
0.0407167
0.00141667
0.0418067
0.00338333
0.01691
0.000686667
0.000383333
0.01445
0.01815
0.01724
0.0296733
0.0604433
0.0174567
0.0554167
0.00102
0.0131467
0.00649333
0.00178667
0.01051
0.01366
0.06486
0.00921667
0.0113733
0.00153667
0.07052
0.0265867
0.00127333
0.0287433
0.05083
0.000203333
0.169893
0
0
0.00089
0.000556667
0.106103
0.155513
0.188483
0.152473
0.13573
0.13998
0.0228267
0.0302033
0.13178
0.0110933
0.0227867
0.0855633
0.0414633
0.03601
0.01571
0.00810667
0.00011
0.00627667
0.00281667
0
0.02433
0.03395
0
0.04762
0
0.0241633
0.00033
0.00033
0.00923333
0.00116333
0
0
0
0.0500867
0.04039
0
0.0266567
0
0.0151033
0.00854333
0.00042
0.000256667
0.000806667
0.00460667
0.0238967
0.00851
0.00699667
0.00391667
0.00834333
0.0212967
0.02824
0.0219967
0.0129667
0.00855
0.00552333
0.00598
0.00079
0.00292
0.00272
0.00747333
0.00257667
0.00437333
0.000123333
0.00237333
0.0124233
0.02133
0.0162233
0.0674333
0.0260667
0.0545933
0.0537167
0.04647
0.0257833
0.00549
0.00294
0.0100067
0.00333
0.00039
0.00039
0.00063
0
0.00101333
0.000506667
0.000506667
0.00293667
0
0.0148333
0
0.03896
0.00274333
0.0489367
0.0619833
0.0693733
0.02752
0.05331
0.0366967
0.0375267
0.0534867
0.0256333
0.01319
0.01602
0.00366
0.00280667
0.00788
0
0
0.00167667
0.00167667
0.00178667
0.0365767
0.03041
0.00959
0.00479333
0.00350333
0.0202133
0.00522667
0.05078
0.0249367
0.0189833
0.0134333
0.000613333
0.000946667
0.00628
0.0362867
0.04122
0.0171533
0.0150767
0.00196667
0.0198533
0.0308633
0.00196667
0.0200667
0.0326733
0.00283
0.00627333
0.00960333
0.00727667
0.02573
0.0143
0.0322867
0.000366667
0.01726
0.00867667
0.0896333
0.11318
0.112957
0.000203333
0.12192
0.07252
0.0561367
0.145017
0.184047
0.11702
0.125093
0.0275467
0.0189733
0
0.00165667
0.00101333
0
0.00068
0.00263667
0.00802333
0.0213
0.0490067
0.0578467
0.13276
0.30774
0.23775
0.24456
0.0785067
0.12427
0.25564
0.187293
0.156997
0.0719667
0.11919
0.0322267
0.00771333
0.00561667
0.00011
0.00022
0
0
0
0.00033
0.0115867
0.00684333
0.0179733
0.0154767
0.0206
0.03202
0.0222133
0.0195133
0.00631667
0.0229333
0
0
0
0
0.00799333
0.00672333
0.00307
0.01583
0.01392
0.00612667
0.0289967
0.0346267
0.0258333
0.0313233
0.0303567
0.0356033
0.0246467
0.0144467
0.00495333
0.00237667
0.0025
0.0380267
0.0806867
0.0465867
0.0909433
0.0766167
0.0509733
0.0376633
0.0329833
0.0137033
0.00697
0.00448667
0.00859333
0.0699167
0.0241633
0.03888
0.04352
0.0266033
0.0149167
0.0333567
0
0.0185367
0
0.00701
0.000146667
0.00280333
0.00015
0.0123033
0
0.0164333
0.0472733
0.05465
0.00384
0.0206833
0.0258133
0.02477
0.0109333
0.00296333
0.000506667
0.0161433
0.0282533
0.01575
0.0472233
0.000393333
0.02188
0.0113
0.00158333
0.00329
0.00487667
0.03942
0.03686
0.00385333
0.00236
0.02567
0.0203933
0.00882333
0.0214067
0.0274467
0.0404833
0.00369
0.01374
0.00312
0.0631333
0.0717233
0.00406667
0.0433167
0.02906
0.0711133
0.00430667
0.00209
0.0125333
0.0048
0.0108133
0.166697
0.000466667
0.07465
0.07216
0.133717
0.114813
0.0886767
0
0
0.14712
0.103387
0.27974
0.0326567
0.0240333
0.0583067
0.0833833
0.0384567
0.0601167
0.01231
0.00245333
0.00511
0.000266667
0
0.0393367
0.0472233
0.0458867
0
0.00540667
0.0110867
0.0198633
0.0347533
0.00089
0.0383933
0
0.0656133
0
0.064
0.0291
0
0.0118533
0.02245
0.0349233
0.0272467
0.0424233
0.0362633
0.0401267
0.0281667
0.0110533
0.00589667
0.01292
0.00794333
0.0113533
0.00606333
0.0425733
0.00212
0.07196
0.04047
0.08094
0.0333
0.06677
0.02527
0.0602133
0.02386
0.00853
0.0100967
0.00673
0.00782333
0.00322333
0.0053
0.00500333
0.00190333
0.00810667
0.02237
0.01998
0.00462333
0.0262767
0.0233433
0.0372867
0.0462
0.0525133
0.0496367
0.0251067
0.02987
0.0205133
0.0281867
0.01162
0.00578667
0.00224333
0.000506667
0
0
0.0491733
0.00585
0.0887733
0.0835633
0.06865
0.06467
0.04926
0.07819
0.0613333
0.00269333
0.04739
0
0.0220833
0.00863667
0.0224033
0.0216433
0.0250833
0.0281833
0
0.00167667
0.0472133
0.04781
0.0164533
0.0287867
0.0313533
0.02514
0.00871
0.0547133
0.000233333
0.00134333
0.0730933
0.0510967
0.0106067
0.00536667
0.000336667
0.00496333
0.0300767
0.0102967
0.0468967
0.0296533
0.03742
0.0318367
0.01164
0.04883
0.00905333
0.00126
0.0133533
0.00232333
0.00572
0.0496433
0.0559767
0.00686
0.00668667
0.00759
0.0521333
0.00931
0.06229
0.08609
0.06304
0.00612333
0.0330033
0.0486733
0.07864
0.0491867
0.01476
0.00312
0.102137
0.00405
0.125683
0.03452
0.000733333
0.158643
0.105687
0.188437
0.07341
0.168693
0.0446167
0.0222233
0.0221567
0
0.319207
0.0134067
0.362117
0.316673
0.01939
0.01079
0
0.000993333
0.00263667
0.00769333
0.181423
0.256337
0.416323
0.458337
0.430337
0.263563
0.395323
0.120343
0.38059
0.0236333
0.0131467
0.0697233
0.0885033
0.0510933
0.00694
0.00703
0
0
0
0.03293
0
0.00507667
0.0417067
0.04372
0.01063
0.00576
0.0496033
0
0
0.06004
0
0.04822
0
0.00521
0.00672333
0.00233333
0.00956667
0.0366833
0.00611333
0.00215333
0.00344
0.00675
0.0212567
0.0313767
0.137113
0.0368133
0.123893
0.0178633
0.00475
0.04739
0.0333133
0.0185433
0.00391
0.00039
0
0.00224333
0.00474667
0.00699
0.0268567
0.0780067
0.0869733
0.03671
0.0145733
0.00799333
0.00397667
0.00031
0.00614333
0.000626667
0
0
0.00551
0.0182333
0.03977
0.0259333
0.00015
0.0382033
0.03379
0
0.0582733
0.0363867
0.0741167
0.0734967
0.00139333
0.04906
0.0204033
0.00483333
0.0116
0.0252067
0.00924333
0.0155733
0.03681
0.01716
0.0684233
0.04315
0.0170267
0.02646
0.05784
0.0281533
0.0112067
0.0594733
0.04647
0.07436
0.08295
0.103297
0.0545433
0.00892333
0.00027
0.00412667
0.00858667
0.15701
0.15982
0.166917
0.0166967
0.000266667
0.0472133
0.191843
0
0
0.276263
0
0.00189667
0.00131667
0.00556
0.19192
0.36944
0.0840467
0.0348133
0.250913
0.201917
0.0125567
0.0212
0.167263
0.144833
0.0995233
0.0485967
0.02565
0.00627667
0.00484333
0.00580333
0
0.02224
0.0364933
0
0.0210033
0.01459
0.01383
0.00543333
0.0111133
0.0228633
0.00755333
0.03066
0.0212833
0.02137
0.0121533
0.0479733
0
0
0.0377667
0
0
0
0
0.0295933
0.0335767
0.0344333
0.0268367
0.01761
0.0255767
0.0260433
0.0350267
0.0253133
0.0181967
0.0360233
0.02195
0.00347333
0.0188467
0.0304633
0.06843
0.110893
0.03257
0.03271
0.168557
0.0204633
0.00602333
0.00249
0.0235733
0.00106
0.00138667
0.0316833
0.00729333
0.0151467
0.01817
0.0292533
0.00751
0.04049
0.04734
0.0376333
0.0210933
0.0241267
0.0397367
0.0324733
0.0573767
0.05581
0.0765633
0.0274767
0.0621167
0.0188533
0.0172733
0.04681
0.0308933
0.03165
0.0348667
0.00097
0.0250333
0.0189267
0.00551333
0.00074
0.05463
0.00938667
0.0246767
0.0540133
0.0581567
0.0672567
0.0327
0.0675
0.03527
0.0619867
0.07483
0.0156733
0.00398667
0.00269333
0.0533533
0
0.000476667
0.02581
0
0.0260733
0
0
0.0240867
0.0431167
0.0248433
0.04798
0.0266467
0.016
0.0375867
0.0101967
0.00655333
0
0.0766533
0.00111
0.0023
0.0115633
0.0436
0.0938233
0.000336667
0.00119667
0.0146733
0.03532
0.0520433
0.00797667
0.06397
0.0667033
0.0293267
0.05651
0.0541867
0.07601
0.0617667
0.0391567
0.01422
0.0376133
0.00979667
0.0169567
0.00569333
0.00667333
0.00659333
0.0172367
0.02779
0.0892333
0.01645
0.00294333
0.00783333
0.00277
0.0729667
0.0360067
0.10383
0.05435
0.0105367
0.09828
0.00330667
0.000473333
0.0212033
0.00879667
0.0428733
0.02078
0.0625867
0.0751133
0.09553
0.120837
0.10855
0.116663
0.09612
0.0688267
0.0339567
0.0396
0.304737
0.0191167
0.351867
0.02438
0.00975
0
0.00243667
0.00265667
0.00823667
0.0208533
0.0246567
0.157163
0.0761133
0.270443
0.302637
0.329033
0.0209067
0.00913667
0.05203
0.0457067
0.0623533
0.0571767
0.0288433
0.0133333
0.02273
0.0196867
0.03029
0.0502633
0.04629
0.0210167
0.0180167
0.00487
0.0375367
0
0
0
0.01202
0
0.00512333
0.00510667
0
0.00294667
0.00314667
0.01583
0.0153
0.0198933
0.03112
0.00389667
0.01837
0.0177867
0.0218667
0.02461
0.152023
0.0263667
0.0368133
0.140843
0.144157
0.0904433
0.0636233
0.0345333
0.0331233
0.03483
0.0245967
0.0169
0.0282467
0.03199
0.0186767
0.00513333
0.00225
0.03686
0.0484733
0.0472433
0.0405067
0.0461633
0.00058
0
0.000263333
0.00276667
0.000233333
0.00421
0.0260567
0
0.05027
0.00711667
0.0799033
0.0579433
0.0192267
0.0406367
0.0149
0
0.000163333
0.000466667
0.0063
0.0122
0.01526
0.0143033
0.04428
0.0559233
0.04519
0.0539567
0.0452267
0.0688333
0.0392
0.000463333
0.0734067
0.00014
0.04753
0.0639533
0.0588067
0.0339567
0.0164233
0.01029
0.01627
0.00512667
0.0477467
0.02031
0.10042
0.05175
0.00888333
0.0265
0.03656
0.0509267
0.0565167
0.0947933
0.0772767
0.00564
0.05492
0.105797
0.106063
0.04099
0.0133933
0.00874333
0.13489
0.104913
0.00089
0.127253
0.000266667
0.13969
0.138947
0.155503
0.250813
0.240563
0
0.0109533
0
0.00292333
0.00274333
0.0135767
0.249797
0.434043
0.1579
0.136857
0.08577
0.179093
0.211633
0.107517
0.03068
0.112143
0.04723
0.02589
0.00143333
0.0289633
0
0
0.0350633
0.0407833
0
0
0.0333167
0.0205367
0
0.00970667
0.00497667
0.01954
0.0311967
0.00728333
0.0201767
0.00487
0.0242733
0
0
0
0
0
0.000103333
0.01329
0.0156733
0.00826667
0.02859
0.04042
0.0313
0.02642
0.0189533
0.0273367
0.0357933
0.0430167
0.0337967
0.01869
0.00521333
0.00787667
0.00118333
0.00771
0.0103133
0.0117233
0.00910333
0.00576667
0.0124833
0.0297633
0.0264133
0.03758
0.0369733
0.0251833
0.0200267
0.02895
0.0176333
0.0358767
0.00989333
0.0388533
0.0265433
0.0239767
0.00168333
0.00526333
0.0317867
0.04377
0.0145133
0.0152133
0.0442933
0.00801667
0.0283233
0.00129333
0.0288633
0.01539
0
0.000476667
0
0
0
0
0
0
0.00248333
0.0212133
0.00631667
0.0353933
0.0146033
0.02429
0.00784
0.05155
0.0409867
0.00045
0.0475767
0
0.0584633
0.00119
0.0343367
0.00850333
0.04074
0.05203
0.001
0.002
0.0380733
0.05
0.0323067
0.05525
0.0347333
0.03244
0.0290467
0.0126867
0.00733667
0.00725667
0.0186133
0.00515333
0.00503333
0.0707333
0.0583233
0.00737
0.00632333
0.0247367
0.0626967
0.0044
0.01045
0.0539867
0.04105
0.00407333
0.0196233
0.0844167
0.00939667
0.0402733
0
0.0219633
0.0334167
0.02954
0.05826
0.0905767
0.0607033
0
0.07615
0.0901733
0.08163
0.11338
0.128103
0.15812
0.10472
0.0921733
0.140573
0.0767833
0.0151933
0.00676333
0.00403667
0.0169667
0.0231333
0.116877
0.0619867
0.338843
0.25784
0.0340633
0.0510533
0.0817167
0.0975567
0.0184333
0.0749767
0.0198833
0.0514033
0.0469233
0.00902667
0.0440967
0.0462867
0.0374233
0.00651667
0.0312467
0.0320633
0.0364267
0.0306667
0.0302033
0.02671
0
0
0.00941333
0.000356667
0.00187333
0.00346
0
0
0.00877667
0
0
0
0.00725333
0.000186667
0.000356667
0.00034
0.00017
0.00125667
0.00731333
0.0183467
0.00660667
0.00821333
0.01069
0.0102433
0.00841
0.00622333
0.00628
0.06045
0.08638
0.111357
0.00594333
0.100177
0.06022
0.0186633
0.0200933
0.00412667
0.000456667
0.03532
0.00108
0.0309533
0.000943333
0
0.00528333
0.00528333
0.00845
0.0167967
0.01484
0.0237467
0.00112333
0.00176667
0.02281
0.00812
0.0360867
0.00077
0.0150467
0.00289
0.02081
0.0130267
0.0138267
0.0232067
0.0249967
0.02899
0
0.00866
0.000303333
0.00497
0.000303333
0.000803333
0.00636667
0.0121467
0.0102667
0.0298467
0.0323833
0.0250933
0.00419333
0.000446667
0.0003
0
0
0.03543
0
0.0337067
0.0188167
0.00752667
0.01575
0.0106567
0.00338667
0.00396
0.00553
0.00996
0.00712667
0.0163633
0.0280433
0.0428433
0.03794
0.0183633
0
0.01269
0.00262
0.04205
0.0313333
0.05177
0.0325333
0.03472
0.0797367
0.00773333
0.0216433
0.0241133
0.0347967
0.0666933
0.0445933
0.00791667
0.0118
0.0196467
0.00688333
0.0073
0.01642
0.0670767
0.00104
0.0648567
0.0267667
0.584477
0.458317
0
0.24911
0.206113
0.0936433
0
0
0.00487667
0.00424667
0.00126333
0.0459833
0.04304
0.145933
0.00564667
0.00384667
0.0336233
0.0436433
0.0188667
0.04751
0.0360633
0.00143333
0
0.00143333
0.0359867
0
0.0353433
0
0
0.00583
0.0100533
0.00594667
0.00455333
0.00350667
0.00927
0.00492333
0.00691
0.00104667
0.00478
0
0
0
0.000186667
0
0
0
0
0
0.000103333
0.00108667
0.000406667
0.00108667
0.0323067
0.02991
0.00178333
0.0112267
0.0183967
0.0235433
0.00591
0.00987
0.01261
0.02456
0.00383
0.00089
0.000746667
0.00639333
0.00976333
0.02226
0.0463567
0.02052
0.0130333
0.0241333
0.0176367
0.00576333
0.00304667
0.000166667
0.00559667
0.00859333
0.00362333
0.00676
0.00673667
0.0186
0.0190367
0.0263867
0.01112
0.00019
0.00112667
0
0.000263333
0.00144667
0.00037
0.00037
0.00182
0.00424333
0.0220633
0.0198
0.0231033
0.00548333
0.00552667
0.0102167
0.01302
0.00239667
0.00321333
0.00129333
0.00462667
0.000326667
0
0
0.00904667
0
0
0.00814333
0
0.00248333
0.01077
0.0154767
0.00990333
0.0358033
0.0416867
0.00545333
0.0486667
0.0314033
0.0234967
0
0.0143033
0
0.00836333
0.00868667
0.00818333
0.00877333
0.000323333
0.0194733
0
0.001
0.0121367
0.01624
0.02184
0.000573333
0.00757
0.03557
0.00724333
0.0326
0.00917
0.00217333
0.03932
0.0297233
0
0.0300033
0
0.0195467
0
0.0105733
0.00704
0.02057
0.01195
0.0124833
0.0106033
0.0314167
0.0201867
0.0431233
0.0198233
0.0150733
0.00831
0.00648333
0.0269367
0.01898
0.0203733
0.00878
0.0311233
0.50958
0.40716
0.18758
0.23232
0.262377
0.15367
0.03393
0
0.0301667
0
0.00468667
0
0
0.00015
0.00015
0.00420667
0.03408
0.0213
0.0066
0.00236667
0.00193667
0.00193667
0.0115
0.0135067
0.03181
0.00394333
0.0357633
0
0.0267233
0.01811
0
0.0162333
0
0.02468
0
0.0133233
0.0195067
0
0.00199
0
0.00109
0.0015
0.00209333
0
0
0.00181
0
0.00171
0
0
0
0
0
0
0
0
0
0
0
0
0
0.000606667
0.000303333
0.000303333
0.00091
0.00513
0.00665333
0.01214
0.0137
0.0238867
0.02891
0.00606667
0.0148067
0.01591
0.0130567
0.0109767
0.01872
0.0284567
0.03793
0.0392933
0.01751
0.0378633
0.00349333
0.05553
0.00041
0.000133333
0.0565233
0.000266667
0.0557733
0.000133333
0
0.07445
0.00350333
0.04754
0.0166
0.0024
0.01387
0.00016
0.0189233
0.00032
0.0167933
0.00416333
0.00935667
0.00034
0.000173333
0.00316667
0.000243333
0.00343333
0
0.000136667
0.00341
0.00128667
0.00568
0.00387
0.01955
0.00029
0.0159133
0.00199333
0
0
0.00118333
0.0028
0.0178367
0.00205
0.00248333
0.03248
0.0242867
0.0188867
0.000606667
0.000476667
0.00794667
0.0116033
0
0.00455333
0.00443333
0
0
0.00046
0
0.000326667
0.0101667
0
0.02704
0.0356567
0
0.0319333
0.0197533
0.03581
0.000146667
0
0.01397
0.000646667
0.001
0.00249
0.00822667
0.01003
0.00692333
0.00633
0.00931667
0.01284
0.00931667
0
0
0.00771667
0.00441667
0.0208133
0.0183067
0.0134
0.0112967
0.0123167
0.0207333
0.04857
0.0451933
0.0244133
0.01562
0.0300667
0.0312667
0.0263067
0.0125467
0.00332
0.546567
0.301943
0.00104
0.15625
0.03651
0.00845
0
0
0
0.0189733
0.00609667
0.00186333
0
0.0176767
0.0165867
0
0
0.00678
0
0
0.0140433
0
0
0.0219667
0
0
0.01189
0
0
0.00518333
0.00553333
0.00531
0.00717333
0.000793333
0.0192033
0.0150667
0.000983333
0.0154133
0.0141233
0.00338333
0.00108333
0.0001
0.00104667
0
0.0001
0.0001
0
0
0
0
0
0
0
0
0
0
0
0
0
0
0.000303333
0.000303333
0.000606667
0.0313067
0.0387267
0.00136333
0.02918
0.0313533
0.0160467
0.04543
0.02913
0.04406
0.000583333
0.00044
0.000163333
0
0
0
0.00324
0.05933
0.00396667
0
0
0.000726667
0
0.0321533
0
0
0
0
0
0
0.00350333
0.00017
0.0048
0.00410333
0.00077
0.0024
0.00154333
0.00626667
0.00753333
0.01161
0.0139833
0.00746
0.00475333
0.00452667
0.000523333
0.000626667
0.000346667
0.000243333
0.000173333
0.000266667
0.000136667
0.000643333
0.0001
0.00368
0.00378
0.00503667
0.00563
0.0001
0
0.00783333
0.02027
0.000433333
0.000866667
0.000563333
0.0164167
0.00013
0.00267333
0
0
0
0.000266667
0.000133333
0
0
0.00298333
0.00810667
0.0471933
0.0167167
0.00326667
0.00170667
0.0231133
0.000146667
0.00918
0
0
0.0065
0.00626333
0
0
0.000323333
0.00059
0.000323333
0.00118
0.00059
0.000846667
0.000256667
0.000256667
0.00034
0.00034
0.000523333
0.000183333
0.000246667
0.00329333
0.000246667
0.00352333
0.00352333
0.0027
0
0.01576
0
0.0144667
0
0
0.0185333
0
0.00547333
0.00383667
0
0.00483333
0.00825667
0.02183
0.00153333
0.0305667
0.0315233
0.00166333
0.0139333
0.0167
0.01716
0.0144933
0.0271567
0.0256833
0.0103533
0.0255133
0.00862667
0.01129
0.00584
0.00729333
0.00229333
0.0073
0.00834
0.00237667
0.01219
0.203517
0.0504133
0.0291
0.00208
0.0354767
0.15055
0.740493
0.65132
0.45429
0.23471
0.00371
0.00186333
0.00186333
0
0.00393667
0.00195667
0.00489
0.00231333
0
0
0.00384
0
0
0
0.0121733
0
0.01186
0
0.000966667
0.00035
0.00057
0.00022
0.00022
0
0
0
0
0
0
0
0
0
0
0
0
0
0
0
0
0
0
0
0
0
0
0
0
0
0
0
0
0.00356667
0.0104167
0.04281
0.03843
0.03863
0.0406033
0.0452067
0.0184133
0.01885
0.00432
0.00434
0.000326667
0
0
0.00446
0.00621
0.0179467
0.000163333
0
0.00750333
0.0646833
0.0194367
0.0628367
0.0279833
0.02007
0.00798667
0.0367033
0.000726667
0.00474667
0
0.00927333
0
0.00598333
0
0.0024
0.00017
0.000943333
0.00125667
0.00016
0.00016
0.00414333
0.00428333
0
0.00037
0.000196667
0.000266667
0
0.000266667
0.000506667
0.000506667
0.0011
0.000136667
0
0.000433333
0.000433333
0.0405667
0.00013
0.0178167
0.00013
0
0
0
0
0
0
0
0
0
0
0.01563
0
0
0.0354867
0
0
0.0499067
0.0529967
0.00719
0
0.00059
0
0.00059
0
0
0.00034
0.00068
0.00149
0.00162667
0.000863333
0.000136667
0.000183333
0.00343
0.00329333
0.000246667
0
0
0
0
0
0.00140667
0
0.000766667
0.000766667
0.0227467
0.0119733
0.00102667
0.00013
0.0279633
0.00132667
0.00439
0.0152267
0.00419333
0.01609
0.0146167
0.00942
0.0524567
0.0795767
0.0492067
0.04654
0.088
0.0505367
0.00121667
0.0248967
0.0223533
0.00104
0.0119733
0.0657667
0.38222
0.17904
0.181057
0.413167
0.522053
0.000333333
0.00011
0
0.00343
0.0025
0.00402333
0.01674
0.0144633
0.0144633
0.00464
0.0063
0.00382333
0.0199467
0.0312033
0.0196467
0.000616667
0.03411
0
0.0232133
0.00875
0.0320367
0.0316767
0.00022
0
0
0.00554333
0.00788
0.0102167
0.01991
0.00022
0
0.00022
0
0
0.00233667
0.00233667
0.00467333
0
0
0
0
0
0
0
0
0
0
0
0
0
0.0165833
0.0272867
0.0345333
0.0426367
0
0.0344633
0.00433667
0.0244067
0.00987667
0.00175
0.00175
0.00469
0.00294
0.00855333
0.00039
0.000226667
0.000226667
0
0
0.000196667
0.00194667
0.01552
0.0166233
0.0274533
0.02233
0.0445
0.0374067
0.0376367
0.0177367
0.00422667
0.000206667
0
0.00017
0
0.00017
0
0.00321667
0.00525667
0
0.0114633
0.00014
0.0282733
0.0388267
0.02183
0.00014
0.02143
0.00436
0
0.00438333
0
0
0
0
0
0.0001
0.0001
0.0002
0
0.0001
0.0011
0.0001
0.0011
0.0001
0.0011
0
0
0.00059
0
0.00660333
0
0.01261
0.02473
0.0327133
0
0.0299033
0
0.004
0.00209
0.00216333
0.000253333
0.000386667
0
0.000133333
0
0
0
0
0.00328667
0.00328667
0.0137933
0.0335467
0.00719
0.0362167
0.0182333
0.00981
0.02398
0.0182633
0.00409333
0.00171
0.000236667
0.000236667
0
0
0
0
0
0
0
0
0
0.00025
0.00059
0
0.00102
0
0.000706667
0
0.000366667
0.000183333
0.00173667
0.00173667
0
0.00173667
0.00511667
0
0
0
0.00338
0
0
0
0.00138333
0
0
0.00522
0.00140667
0.00725667
0.00140667
0
0.0194467
0
0.0110333
0.02132
0
0
0.0285933
0.0419933
0.0281067
0.0496833
0.03418
0.0460533
0.00719333
0.00203333
0.00636333
0.00105667
0.000923333
0.00707667
0.00227
0.00501667
0.0127433
0.00839
0.0589433
0.06298
0.28309
0.23243
0.03351
0.0334833
0.0210633
0
0
0.00356667
0.01777
0.02162
0
0
0
0.00586333
0.00039
0.000226667
0
0
0
0
0.000503333
0.00012
0.00270667
0.0147833
0.01266
0.01717
0.02786
0.0426533
0.0306
0.01895
0.0217267
0.00912333
0.0129633
0.00443333
0.00905
0.000206667
0.000206667
0
0
0
0
0.00273333
0.0250833
0.0435333
0.05362
0.00049
0.05119
0.00035
0.03836
0.0255967
0.0008
0.0143
0.01311
0.00736
0
0.0039
0.00075
0
0.000553333
0
0
0
0
0
0
0
0
0.000156667
0
0
0.00061
0
0
0
0
0.0218967
0.0176633
0
0
0
0
0
0
0
0
0.000143333
0.00728333
0.00275333
0.00690333
0.00415
0.0449
0.0356567
0.00139667
0.04056
0.0331333
0.00139667
0.0257
0.00637
0.00485
0.00177333
0.00156
0
0
0
0
0
0
0
0
0.00635
0
0
0
0
0.00164667
0
0
0
0.00752333
0.0255267
0.00303
0.00685
0.02766
0.0072
0
0.00270667
0.00581667
0.000343333
0.00532333
0.000343333
0
0.0588467
0.00013
0
0.00043
0.00013
0.0003
0.001
0.01566
0.0138367
0.121677
0.170713
0.260997
0.15722
0.00905333
0.283213
0.300977
0.17863
0.342087
0.00158333
0.00375
0.00562667
0.00187667
0.00346
0.00533667
0.00187667
0.00375333
0.00563
0.00772
0.00971333
0.01368
0
0
0
0.0230033
0.00468667
0
0.00649333
0.01266
0.00755
0.01463
0.00468667
0
0.0057
0.000453333
0.000453333
0.00994333
0.00012
0.00024
0.00464667
0.00321
0.00509333
0.0175567
0.00516667
0.02317
0.0200667
0.00738
0.0141767
0.000413333
0.000206667
0
0
0
0
0
0.00149
0
0.00422333
0
0.0198833
0.0420233
0.00021
0.00035
0.0061
0.02789
0.00669
0.01706
0.0008
0.0242767
0.02192
0.00729333
0.0045
0.00091
0.000356667
0
0
0
0
0.00108333
0
0
0.00707
0
0.00384667
0
0.00227
0.00018
0
0
0
0
0.000143333
0
0.000143333
0.00399667
0.000286667
0.00399667
0.00289667
0.0116233
0.02738
0.0387333
0.00554667
0.0296067
0.0180467
0.00753667
0.00329333
0.000213333
0.000213333
0.00262
0.000213333
0.00262
0.00262
0.00262
0
0
0
0
0
0
0
0.00626
0.01168
0
0.01117
0.00568333
0.000913333
0.000183333
0.00265
0.0142967
0.000503333
0.00012
0.00012
0
0
0
0
0.0167633
0.01033
0.00203
0.0324433
0.01917
0.0308767
0.0219367
0.0221467
0.0465367
0.00394667
0.00305
0.00740333
0.00483333
0.00484667
0.000843333
0.00396333
0.0363233
0.0306233
0.0399267
0.02356
0.0423233
0.000343333
0.000343333
0.0555433
0
0.06041
0.03967
0.00408333
0.0122767
0.03485
0.0148667
0.13816
0.122613
0.0608767
0.00397333
0.0274333
0.0412867
0.0237767
0.0264433
0.195407
0.00653
0.00751667
0.0120067
0.00424333
0.00318667
0.00453333
0.00275333
0.00334
0.01441
0.00201
0
0.0511867
0
0
0.0414067
0
0
0.0432067
0.00591667
0
0
0
0
0
0
0
0
0.00468667
0.00104667
0.01934
0.0217433
0.00764667
0.00699333
0.00185
0.0037
0.00185
0.0118333
0
0.000226667
0.00646
0.0161767
0.00104667
0.00603
0.00657333
0.0151267
0.02015
0.01004
0.0166333
0.00715
0.00938667
0.00522333
0.0163267
0.00391667
0.00665667
0.00956
0.00349667
0.00507667
0.00136667
0.000136667
0
0
0.00245
0.00978
0.04748
0.01343
0.03458
0.0271567
0.00103667
0.000236667
0.0355633
0
0
0.02236
0.00753667
0
0
0.00394667
0.000356667
0
0.000143333
0
0
0.00113
0.000986667
0.000986667
0
0.000156667
0
0
0
0
0.00779
0.00907333
0
0.00965667
0
0
0.00036
0
0.00018
0
0
0
0
0
0.00795333
0.0243067
0.01921
0.01487
0.0190967
0.02053
0.00445667
0
0.02151
0
0
0.00652667
0.00139667
0
0
0.0002
0.0002
0
0.0004
0.0002
0.00045
0.00025
0.00108
0.00178667
0.01001
0.00025
0.0273833
0
0.00025
0.0194467
0.02981
0
0
0
0
0
0.00043
0.00068
0
0
0.00635
0
0
0.000913333
0.00832667
0.00389333
0.00182667
0.000726667
0.00091
0.0549233
0.0215467
0.0114033
0.00322333
0
0
0.01557
0.09469
0.0668933
0.0297433
0.02101
0.00902
0.0788533
0.00693
0.02264
0.00847333
0.02408
0.00588
0.00374333
0.0242067
0.00935
0.00531667
0.00592333
0.00393333
0.000676667
0.00282333
0.00250333
0.00705667
0.00671
0.0168367
0.0111367
0.000493333
0.000356667
0.00278
0.05187
0.00156
0.00399667
0
0
0
0.0206367
0.0170533
0.00338333
0.02719
0.0172733
0.02639
0.0813233
0.49259
0.00772
0.00453333
0.000586667
0.00201
0
0.000953333
0
0
0.000953333
0.000953333
0.00203333
0
0
0
0
0
0
0
0
0.00203333
0
0.0266667
0.00795
0.00406667
0.00203333
0.04335
0.0246333
0
0.0380733
0.0702333
0.0187167
0
0.00591667
0.00591667
0
0
0.0319567
0.00468667
0
0
0.0419
0.00331333
0.000976667
0.00721
0.0006
0.00041
0.00176667
0.0341667
0.00319333
0.0189933
0.02173
0.0231933
0.0261967
0.0225333
0.000136667
0.00136667
0
0
0
0
0
0
0.00332667
0.00224
0.0317
0.0178767
0.05267
0.0475467
0.04804
0.01914
0.01261
0.00695667
0.02554
0.0380433
0.0284067
0.02357
0.00860333
0.00380333
0.00651333
0.00735667
0.00197333
0.00407333
0.000986667
0.00206667
0.00916333
0.00206667
0.00572
0
0.00673667
0
0
0.00369333
0.00193667
0.00018
0
0
0
0
0
0.00395667
0.00557333
0.0138667
0.02588
0.00504667
0.00445667
0.0200467
0.00445667
0.0322767
0
0
0
0
0
0
0
0
0
0.000333333
0.000333333
0.00473333
0.0044
0.00664667
0.000486667
0.00062
0
0
0.000373333
0.00704667
0.000276667
0.000276667
0
0.000373333
0.0156667
0
0.000553333
0.000983333
0.0191233
0
0.00825667
0.00868667
0.01121
0.0005
0.0170067
0.02737
0
0.0248967
0.0282633
0.0598667
0.07255
0
0.05043
0
0
0
0.000153333
0.000153333
0.000466667
0.02166
0.000313333
0
0.02115
0.000913333
0.00182667
0.00112
0.00274
0.00274
0.00203333
0.0644833
0.06062
0.0272433
0.00421667
0.07776
0.00462333
0.00190333
0.00012
0.000223333
0.000223333
0
0.00710667
0.00483667
0.00702
0.0127967
0.0561533
0.08659
0.0994667
0.0249
0.0160067
0.02811
0.03251
0.023
0.03331
0.0795767
0.0103233
0.0270033
0.0336067
0.04917
0.00973
0.0143067
0.0241633
0.0213333
0.0212667
0.01142
0.0146733
0.00969
0.00893667
0.00334667
0.00852333
0.00602333
0.0261167
0.000513333
0.000406667
0.00397
0.0103467
0.00048
0.000136667
0.000136667
0.0261267
0.00278
0.0154233
0.00156
0.0276
0.0261967
0.03792
0.0383267
0.0527033
0.0496233
0.0408733
0.0340033
0.0467667
0.01562
0.02766
0.0380333
0.0838233
0.235043
0.147957
0.300633
0.24203
0.433717
0.338813
0.295193
0.360813
0.0164233
0.0199
0.000106667
0.00116333
0.00117333
0.000106667
0
0.0232967
0.000333333
0.00387667
0.000226667
0.120647
0.00568333
0.02522
0.0402867
0.0236033
0.000193333
0.000193333
0.17033
0
0
0.172963
0
0
0.0226633
0.0187167
0.0489333
0
0.131517
0
0
0
0
0
0.00104667
0
0.00524333
0.00250333
0.00250333
0.0225167
0.0545367
0.0489467
0.0699833
0.00345333
0.00580667
0.00447667
0.00397667
0.00424333
0.0210933
0.0189967
0.00761667
0.00393
0.04304
0.00434667
0.0343933
0.02623
0.0277333
0.02075
0.0281933
0.0224333
0.01908
0.00644333
0.00771667
0.00273333
0.00136667
0
0
0
0.000343333
0.00218
0.00828667
0.0244
0.0377
0.0256833
0.0326967
0.0380333
0.0221333
0.02784
0.0154333
0.00639333
0.0271933
0.000473333
0
0
0
0
0
0.000853333
0
0.000783333
0
0.00023
0.00616667
0.00414667
0.0182667
0.0128833
0.0139633
0.0100033
0
0
0.00308667
0.00507
0
0
0.00191333
0
0
0
0
0
0
0
0
0
0.000546667
0
0.00069
0.00599333
0.00413
0.0107333
0.0100433
0.00758
0.03679
0.04648
0.0359133
0.0201733
0.0048
0.00046
0.00023
0
0.0180467
0
0
0
0
0
0.02512
0.00224667
0.00224667
0.00667333
0.00442667
0.00677667
0.00235
0.00567
0.0106767
0.00449333
0.00254
0.00019
0.00931667
0.00508
0
0
0
0
0
0.00913333
0.0144467
0.0122933
0.0234633
0.02009
0
0
0
0.00418333
0.00829667
0
0
0
0.00475333
0.00811667
0
0.00784667
0.00466667
0
0.04779
0.00383
0.000276667
0.0512467
0
0.05916
0.00075
0.0005
0
0.08816
0.000193333
0
0.00265667
0.00261667
0.00866333
0.01075
0.01335
0.02631
0.01642
0.00761667
0.00209667
0.00924667
0.0343333
0.02811
0.0164967
0.0418967
0.0207733
0.0543433
0.0542333
0.01634
0.01492
0.03155
0.0197567
0.0193633
0.0313167
0.0351533
0.03451
0.0425033
0.03078
0.0188067
0.03283
0.0208333
0.00555333
0.00500333
0.0193833
0.00858
0.00769667
0.000726667
0.000726667
0.00822667
0.0351
0.04383
0.00675
0.00355667
0.00199667
0.00719
0.01276
0.01238
0.00889333
0.000223333
0.0240733
0.0253767
0.0105767
0.01046
0.03328
0
0.000406667
0.00386333
0
0
0.0374133
0.00533333
0.00289667
0.0450133
0.0397767
0.01676
0.0242233
0.00208
0.01529
0.0318533
0.02064
0.000146667
0.000666667
0.0294533
0.0312433
0.0549667
0.0557833
0.00353
0.0414833
0.139007
0.116163
0.30702
0.00585333
0.0179267
0.0161567
0.0943367
0.0642767
0.0387267
0.0771167
0.0674533
0.23799
0
0
0.00410333
0.0678467
0.0666333
0
0.274273
0.0187367
0.0386467
0
0
0.106347
0.189953
0.05448
0
0
0.08725
0.00288
0
0.00075
0.00158
0.0171133
0.0086
0.02312
0.00184
0.00419333
0.00898333
0.0321733
0.00104667
0
0
0.000176667
0.00622333
0.0222
0.0283133
0.0246867
0.0232033
0.0368567
0.0228967
0.00882667
0.00854333
0.000236667
0.0179767
0.0233733
0.00748
0.04117
0.0231067
0.0357167
0.0248633
0.0335233
0.0283233
0.0179033
0.00842333
0.00448333
0.0214067
0.00241667
0
0.000156667
0
0
0
0
0
0
0
0.000173333
0.000303333
0.00621667
0.00832667
0.00993667
0.0231033
0.00069
0.0180233
0
0
0
0.0286667
0
0
0
0
0.0415
0.0358533
0
0
0
0.0274867
0
0
0.0249967
0
0
0.0105533
0
0
0
0
0
0
0
0
0
0
0.00323333
0.00054
0.00990667
0.0166
0.03361
0.0186067
0.0227333
0.00303
0.00049
0.00019
0
0
0
0
0.00733
0.0042
0.00507333
0.0127767
0.03458
0.03838
0
0.00025
0.0879233
0.05295
0.04194
0
0
0.0812167
0
0
0.138857
0.124173
0.01032
0.0344733
0.03096
0.03916
0.03327
0.0585133
0.0808
0.06409
0.0406133
0.06944
0.0234267
0.01664
0.02544
0.03558
0.0283967
0.0199033
0.02006
0.0133567
0.00495333
0.00318
0.000223333
0
0.0178267
0.0350833
0.00289667
0
0.0165633
0.02799
0.03871
0.0337133
0.12971
0.12663
0.118087
0.0761233
0.113557
0.00502667
0.0283367
0.000336667
0.0125733
0.00153667
0.01259
0.000666667
0.0211833
0.00587
0.00255333
0.17682
0.294767
0.000386667
0
0
0.00429667
0.00022
0.02274
0
0.04916
0.22998
0.00281
0
0.0945267
0
0.129353
0
0
0.00637667
0.0335867
0
0.00014
0
0
0
0
0
0
0
0.0615067
0.0731833
0.00624333
0.0295667
0.00996
0.0247267
0.0268033
0.0381
0.03409
0.00292667
0.00184667
0.0254467
0.0121567
0.00641
0.0187867
0.0144233
0.0346833
0.0262233
0.0253333
0.0202333
0.04164
0.0139267
0.00091
0
0
0
0
0
0.000176667
0
0.000343333
0.0103567
0.0163333
0.00735
0.00603333
0.02313
0.00466333
0.00482667
0.00281
0.0130867
0.000423333
0.0135067
0.000186667
0
0.00953333
0.00983
0.02724
0.00650667
0
0
0.0479167
0.02572
0.02418
0.0025
0.00557667
0.00551
0.07071
0.0407567
0.00695667
0.00601
0
0.00120667
0.0735133
0.0106167
0.00135
0.0448333
0.0216533
0.00924333
0.00804
0.00729333
0.00746667
0.01863
0.0229
0.02432
0.00143667
0.00716
0.03646
0.00477
0.0185067
0.0342967
0.04798
0.0349733
0.0536367
0.0473933
0.04282
0.0442167
0.0325767
0.01956
0.0188433
0.0190833
0.00666333
0.00292333
0.00302
0.000603333
0.000156667
0
0
0
0
0
0
0
0
0
0
0
0.000546667
0.00602333
0
0
0.0113267
0.0289833
0.00013
0.02011
0.0330267
0.00429333
0.01138
0.00978333
0.00498
0.0173067
0.04567
0.0386367
0.0237067
0.00023
0
0.00646667
0.0188067
0.0191633
0
0
0
0.02416
0
0
0
0.0128267
0
0
0
0
0
0.00573
0.00551333
0
0.00054
0.000723333
0.03953
0.0217167
0.0329733
0.02702
0.0440033
0.0360367
0
0
0
0
0
0.02089
0.0214567
0.02991
0.0196633
0.02915
0
0
0.0687933
0.000436667
0
0.00523333
0.129087
0
0.13479
0.000173333
0.155647
0.000366667
0.00538
0
0.179213
0.00767
0.0237333
0.01032
0.0446833
0.02064
0.06227
0.05445
0.04256
0.07545
0.0303767
0.01469
0.01814
0.0272367
0.0376333
0.03745
0.01523
0.02786
0.0173633
0.0238467
0.02257
0.02151
0.0105867
0.00474667
0.01263
0.0184633
0.0182267
0.0212
0.00770333
0.00585667
0.01982
0.00189667
0.000643333
0.00254
0.0942533
0.0913467
0.0813633
0.0216967
0.0234367
0.0369133
0.0550933
0.193793
0.000106667
0.00023
0.00239333
0.00206
0.0876
0
0.000193333
0.01287
0.28782
0.07833
0.0431
0.298957
0.00553
0.254663
0.00531
0.199233
0
0
0
0.00637667
0
0
0.00660667
0.0407433
0.0137633
0
0
0
0.0501867
0.04414
0.00761667
0.00517
0.00630333
0.000586667
0
0
0.00083
0.00166
0.01771
0.00816667
0.00221
0.0145833
0.03096
0.0276333
0.0185367
0.0198033
0.0103467
0.0271933
0.0198067
0.00688333
0.00663333
0.00508
0.03049
0.01587
0.0147
0.00182
0.00091
0
0
0
0
0.000176667
0.000343333
0.00218
0.00431
0.00183667
0.00581333
0.00765
0.0126333
0.00153667
0.0108867
0.00170333
0.0109267
0.00477333
0.00257333
0.0219667
0.00958333
0.0684
0.04265
0.0802167
0.08112
0.0858067
0.0736033
0.0743
0.08179
0.0771567
0.0750167
0.0630367
0.06014
0.0388367
0.03612
0.00764333
0.01024
0.00987667
0.01074
0.01531
0.03554
0.0347833
0.00629
0.0225567
0.0138633
0.0179167
0.00851333
0.00704
0.02342
0.0132933
0.0101833
0.00769667
0.00647667
0.0147733
0.0326233
0.00567333
0.0241967
0.00876667
0.00494
0.01763
0.0336167
0.0349967
0.00733667
0.0205967
0.01894
0.00312
0.01548
0.0181
0.0131467
0.00276667
0
0.00971333
0
0.0148067
0.00811333
0.00026
0.00751
0.00751
0.01311
0.00428667
0.0056
0.00455667
0.0056
0
0.00142333
0.00663
0
0
0.00432667
0.0403133
0.0443567
0.02241
0.00849
0.0337033
0.0265967
0.01957
0.0197633
0.00833333
0.00069
0.03371
0.0287667
0.04231
0.01334
0.01154
0.0401133
0.0249667
0.0126167
0.00714667
0
0.00936
0
0.0161567
0
0
0
0
0
0.00019
0.00038
0.01319
0.00019
0.00019
0
0
0.000506667
0
0
0
0.00701667
0.0158567
0.000183333
0.000183333
0.000183333
0.0416967
0.01696
0.00135
0.000456667
0
0
0
0
0.149857
0
0
0.00395
0.0146067
0.20029
0.00025
0.0473533
0.06006
0
0.0963267
0.218777
0
0
0
0.0854167
0.000173333
0.000506667
0
0.00552
0.01099
0.00639333
0.191887
0.22827
0.0269133
0.0400433
0.03049
0.01032
0.0292133
0.01276
0.0129367
0.0154333
0.0194033
0.0231267
0.0277567
0.0386333
0.0154067
0.03793
0.02801
0.0164967
0.0052
0.0202833
0.00734667
0.02164
0.03041
0.0401533
0.03118
0.01491
0.0362167
0.04378
0.0988433
0.08204
0.0152667
0.00224333
0.02215
0.164013
0.119993
0.0106
0.02255
0.0291033
0.0350467
0.0235267
0.0132333
0.01396
0.00450667
0.00446667
0.02549
0.01213
0.10715
0.0600733
0.05955
0.0734167
0.05735
0.02555
0.03096
0.11745
0.171733
0.00562
0
0.00281
0
0.00023
0.00046
0.00517
0.000446667
0
0
0
0
0
0
0.00157
0.00540333
0.0282767
0.0114933
0
0
0.00099
0.0133967
0.00564333
0.00620333
0.0525433
0.0406433
0
0.00016
0.00154
0.0202
0.0416367
0.00559333
0.01188
0.02403
0.0367867
0.03207
0.0302567
0.00564
0.03068
0.00174333
0.00691667
0.00151
0.0225133
0.00711667
0.00264
0.00415
0.0198233
0.00264
0.00400667
0.00299
0.00429333
0
0.00136667
0
0.00091
0
0
0
0
0
0.00648
0.000166667
0.00473333
0.000333333
0.00238667
0
0.000386667
0.00342
0.000716667
0.000186667
0.000186667
0.0189233
0.0589567
0.0331867
0.000186667
0.0853033
0.0734867
0.000186667
0.0563467
0
0
0.00120667
0.0451067
0.02736
0.00241333
0.00506667
0.02599
0.0533667
0.00696333
0.03434
0.0396967
0.0279333
0.0382
0.02374
0.0208467
0.00505667
0.007
0.01419
0.03107
0.0135567
0.03379
0.0413033
0.00235667
0.0088
0.0166533
0.00096
0.0033
0.000743333
0.000523333
0.0138933
0.000353333
0.000353333
0.0128833
0.0194033
0.00147333
0.00160667
0.0523633
0.0686167
0.0399
0
0.00023
0.00170333
0.0804033
0.0966567
0.00023
0.04004
0.00049
0.00500667
0.0851533
0.06225
0.0458533
0.0256167
0.00454667
0.00906333
0.02236
0.0408967
0.0420133
0.02433
0.0178567
0.0181133
0.00646667
0.0167567
0.01649
0.0085
0.0177367
0.00441667
0.000866667
0.00672333
0.0328033
0.00464333
0.0159533
0.0157767
0.03262
0.00247667
0.00571
0.0314333
0.0163967
0.01963
0.03321
0.01765
0.0192167
0.0289333
0.0314367
0.01549
0.0220167
0.0363533
0.0296367
0.00046
0.00023
0.00023
0
0.01209
0.0250167
0.0338267
0
0.0121033
0
0.0148567
0.0173633
0.0317133
0
0
0.00992333
0.02486
0
0
0.02462
0.00930667
0.00393667
0.00557667
0
0.00378333
0.00196333
0.00196333
0.03101
0.02116
0.0295467
0.02433
0.03519
0.0366567
0.0375733
0.03812
0.0241933
0
0
0.00046
0.0197067
0.000156667
0.00589667
0
0
0.000723333
0.000286667
0
0.00062
0.0100967
0.264243
0
0.00016
0
0
0
0
0.00016
0
0.277027
0.00016
0.00266333
0.000333333
0.09924
0.21146
0.00075
0.00292
0.10605
0.166023
0.195197
0.00318
0
0.239243
0.00632
0
0.0126067
0.00906
0.0171367
0.00765667
0.0377633
0.0345633
0.0235467
0.00781667
0.0206633
0.0211067
0.00929667
0.00789667
0.01219
0.0221833
0.0198233
0.0290233
0.01746
0.0176933
0.0157033
0.0280733
0.0337133
0.113377
0.284263
0.266583
0.00575667
0.00391
0.000336667
0.00046
0.00356667
0.00793667
0.03883
0.10153
0
0.00564
0.00033
0.00054
0.00930667
0.0143233
0.01084
0.00553
0.164253
0.05109
0.0455833
0.0442933
0.0707967
0.01606
0.0207467
0.09978
0.000623333
0.000873333
0.17306
0.00025
0.00281
0
0
0
0
0
0
0
0.000233333
0.00134
0.00577667
0.00533
0
0
0
0
0
0
0
0.00818333
0.000466667
0.0277367
0.00965333
0.00034
0.00034
0
0.00016
0.0336367
0.0182067
0.02734
0.02534
0.00034
0.000666667
0.00555
0.00939
0.0184867
0.04454
0.0490833
0.0489967
0.0416167
0.00324333
0.00743333
0.0267
0.0429933
0.04864
0.00087
0.00087
0.00234667
0.00031
0.000513333
0.00221333
0.000513333
0.000513333
0.00221333
0
0
0
0
0.00122667
0
0.00122667
0
0
0
0
0
0
0.00234667
0.00234667
0
0
0
0.00234667
0
0
0
0.0213867
0.03327
0.0446167
0
0.00248
0.00413
0.0124267
0.0132633
0.04177
0.0594267
0.00616667
0.00650333
0.0249733
0.0309367
0.00402333
0.00523
0.0254567
0.0311633
0.0251667
0.00948667
0.01355
0.0205467
0.0161
0.0158833
0.0121967
0.01295
0.00884333
0.00529333
0.00899333
0.0126567
0.0208767
0.0249633
0.0179233
0.0196233
0.0387133
0.03578
0.0541833
0.01771
0.0244733
0.01572
0.0241567
0.0280433
0.00622
0.01854
0.0411367
0.04772
0.0508867
0.06759
0.0823067
0.05592
0.06202
0.0374967
0.03707
0.0582867
0.0306233
0.0375267
0.04068
0.03379
0.02506
0.0369933
0.0337167
0.04606
0.0330867
0.0553867
0.0464533
0.0193067
0.01342
0.01731
0.0423067
0.0455333
0.0279067
0.00837
0.00592333
0.0151267
0.0224133
0.0297533
0.02876
0.01907
0.0100467
0.0102133
0.00406333
0.00937667
0.0244567
0.02299
0.0276633
0.0341367
0.0359267
0.0210267
0.0236733
0.0169967
0.018
0.0208
0.03422
0.0422467
0.04422
0.03959
0.0308433
0.0296967
0.0315033
0.02983
0.01851
0.0246333
0.0209867
0.0120133
0.0215467
0.0103933
0.01086
0.0132067
0.0210467
0.02045
0.0112033
0.01311
0.0232033
0.0208767
0.01038
0.00947333
0.00082
0.0113733
0.00997333
0.0151433
0.02426
0.0336833
0.0293133
0.0147433
0.00869333
0
0
0.0101267
0.00658333
0.00497667
0.0142567
0.01892
0
0.0263233
0.0365433
0.0267633
0.0335333
0.04107
0.0387133
0.0277933
0.0169133
0.00895667
0.04672
0.01988
0.0315733
0
0.04191
0.00663333
0.01031
0.0104067
0.0283667
0.03566
0
0
0
0
0.00019
0.0315933
0.04018
0.0303033
0
0.0260567
0
0.00892667
0.0193067
0.0172067
0
0
0.00531333
0.00486333
0.00194
0.0411767
0.000886667
0.0211667
0.0243367
0.118647
0.20367
0.00262
0.000423333
0.000423333
0.0115933
0.270497
0.00328333
0
0.00532667
0.00807
0
0.00566667
0.0149267
0.00307
0.00526
0.02567
0.178687
0.20332
0.215523
0.02408
0.00307
0.0175733
0.00551
0.01877
0.03086
0.0453833
0.03301
0.0195433
0.0210567
0.00730333
0.00300667
0.00170333
0.00792667
0.02306
0.0046
0.00653333
0.00952
0.08795
0.105553
0.20279
0.203643
0.155243
0.25233
0.000603333
0.00616
0.00818
0.0191733
0.01382
0.01223
0.000986667
0.00261667
0.0186733
0.00424
0.00056
0.0265033
0.0312367
0.00739
0.0292767
0.03031
0.0218033
0.00944333
0.000453333
0.000123333
0.000126667
0.000473333
0.0363367
0.0447267
0.03367
0.0256867
0.02629
0.0265733
0.0324267
0.0474733
0.0364167
0.0762933
0.117173
0.0152733
0.0117367
0.1957
0.01121
0.00858
0.00105333
0.181623
0.00299
0.00036
0.00043
0
0.00018
0.00018
0
0
0
0
0
0
0.00134
0
0.00355
0.000233333
0.00533
0.00019
0.00308
0.000913333
0.00110333
0.0144433
0.00110333
0.00110333
0.00115667
0.00504667
0.00519667
0.00456667
0.00553667
0.00068
0.00034
0.000506667
0.0253633
0.01362
0.0045
0.00508333
0.00532667
0.00419333
0.0122233
0.000176667
0.000176667
0.00985333
0.00333333
0.000846667
0.00101333
0.00945
0.02204
0.02981
0.0381733
0.03018
0.0406467
0.0270533
0.0345633
0.01582
0.0131267
0.0145133
0.00138333
0.00277
0.00076
0.00152
0.00389333
0.00617
0
0.00441
0.01545
0.0333633
0.0452767
0.0351333
0.000543333
0.00130333
0.0363167
0.00320667
0.02388
0.04182
0.000543333
0.01135
0.0310367
0.000893333
0.00177
0
0.0154733
0.0242933
0.04398
0.00410667
0
0.00245333
0.00543333
0.01791
0.00769333
0.00358667
0.00420667
0.00358667
0.00786
0.00488
0.00011
0.00488
0
0
0
0
0
0
0
0
0
0
0
0.000366667
0.00022
0.00322667
0.00581
0.00323667
0.00464333
0.00480333
0.00745667
0
0.000146667
0.000146667
0.00059
0.00057
0.00494667
0.00262667
0.00059
0
0.000336667
0.000336667
0.00679
0.00698333
0.000856667
0
0
0
0
0.0248667
0.0132367
0.00568333
0
0
0.000523333
0.00079
0.000266667
0.01618
0.00461333
0.0254233
0.0295167
0
0.000366667
0.0314967
0.02117
0.0288567
0.0172033
0.00561333
0.00773
0.00407
0.00389333
0.0197433
0.01623
0.01959
0.00370333
0.00374
0.000153333
0.0177433
0.0104433
0.0126767
0.0140833
0.0109233
0.0121933
0.01048
0
0
0.0143367
0.0296167
0.02713
0
0.00378333
0.00649667
0.0153367
0.00986333
0.00626
0.00932667
0.00422
0.0108367
0.0140433
0.0292767
0.03733
0.04681
0.03885
0.0265
0.0112967
0.0042
0.0420867
0.00919
0.01098
0.00967667
0.01142
0.00148667
0.00336667
0.0149533
0.0318967
0.01131
0.00293
0.00277333
0.00904667
0.00749
0.03623
0.00675667
0.00836333
0.00627333
0.00977333
0.0035
0.0035
0.000286667
0.00222
0.0190567
0.0308533
0.00101333
0.0151167
0.04449
0.219597
0.0404433
0.02218
0.03571
0.000106667
0
0.233807
0.02876
0.00392
0.09534
0.09806
0.01309
0.0203533
0.0224933
0.0286167
0.0232067
0.01563
0.0256367
0.0148867
0.03108
0.0381533
0.0392367
0.0412933
0.02695
0.03617
0.0394233
0.0262633
0.02751
0.0141867
0.00259667
0.00802
0.00682667
0.0152467
0.0141633
0.01398
0.0293233
0.04174
0.00127
0.00279667
0.00293
0.00262667
0.000373333
0.000376667
0.00117333
0.00625667
0.0270367
0.0216733
0.00548667
0.0835367
0.102533
0.0709633
0.103097
0.00653
0.0104733
0.0186767
0.0210667
0.01731
0.02718
0.0206533
0.04078
0.02854
0.0629033
0.06323
0.0095
0.0142733
0.00920333
0.0041
0.0266767
0.0141567
0.0304133
0.0423267
0.0321833
0.01787
0.0132767
0.0693233
0.06965
0.0453367
0.0138633
0.005
0.0538067
0.0141867
0.01318
0.0380033
0.0442733
0.0307833
0.03152
0.00754
0.0112667
0.01266
0.0612933
0.0651067
0.0526233
0.03682
0.01101
0.00598333
0.00237667
0.00230333
0.00589
0.0322867
0.0566667
0.01246
0.00862
0.00643333
0.00082
0.00728333
0.06048
0.0255167
0.0108233
0.00380667
0.00369667
0.0234633
0.00011
0.00022
0.0372533
0.0252233
0.02386
0.0231133
0
0.00011
0
0
0
0.00513
0.00850667
0.00776
0.0114267
0
0.00025
0.00025
0.00729333
0
0.0102
0.00643667
0.000103333
0.00957333
0.00654
0
0.000353333
0.00025
0
0.00315667
0.00643333
0.00356333
0.00352667
0.000536667
0.00328333
0.00342333
0.000926667
0.000673333
0.0049
0.00456333
0.00325
0.00343333
0.00422667
0
0.00516
0.00309667
0.00051
0.000266667
0.00490667
0.00741333
0.0177067
0.0194267
0.01909
0
0
0
0
0.01466
0.00941
0.0104733
0.00582667
0
0.00755667
0.00703333
0.0212
0.02535
0.03101
0.0277833
0.00312667
0.00475333
0.00026
0.000783333
0.00795
0.0144567
0.00963667
0.00287
0.00330667
0.000803333
0.03668
0.0109
0.0303533
0.0182833
0.00279333
0
0.00026
0.00353
0.00679667
0.0212433
0.0343667
0.0466567
0.0353933
0.02355
0.00771
0.02236
0.0309633
0.00777
0.00368667
0.000893333
0.0145933
0.0298267
0.0294267
0.0383567
0.0257333
0.00440667
0.0004
0.000246667
0.04032
0.0418867
0.00679667
0.00367
0.0219067
0.00731
0.00374333
0.0036
0.0203133
0.0325467
0.0457667
0.03496
0.04027
0.0284933
0.000543333
0.00301667
0.02307
0.0355433
0.0246033
0.0224833
0.00593667
0.0522033
0.02791
0.02349
0.0310133
0.0240067
0.0247333
0.0224667
0.00775333
0.00374667
0.0227867
0.00106
0.00065
0.00360667
0.00935
0.0932033
0.0397667
0.04555
0.0330333
0.00059
0.00193333
0.0992233
0.00955333
0.000106667
0
0.00407
0.0159467
0.00619333
0.000623333
0.0372533
0.13188
0.03859
0.0272867
0.00654
0.00032
0.000213333
0.0564133
0.00402667
0.02219
0.00832
0.0866533
0.03865
0.0343467
0.0727167
0.0105133
0.00763667
0.00885
0.00649333
0.01654
0.0624833
0.0806967
0.108963
0.0442467
0.240053
0.0196
0.07086
0.01684
0.00608333
0.01018
0.03885
0.0578467
0.187867
0.20007
0.04511
0.05626
0.00257667
0.000326667
0.00307667
0.00295
0.0042
0.00963333
0.00736667
0.04812
0.0382733
0.0528433
0.0519667
0.02654
0.00122333
0.000636667
0.00596
0.00313667
0
0
0.00894667
0.00255
0
0.0237433
0.00255
0
0.0341133
0.0206267
0.0205233
0.00602
0.0272133
0.04583
0
0
0.03837
0.0361267
0.0243067
0.00980333
0.02549
0.0215833
0.02476
0.0208533
0.0309633
0.0439467
0.0382467
0.0354
0.02334
0.0213633
0.03092
0.0433933
0.0449033
0.0452833
0.0343167
0.0370167
0.0256133
0.01059
0.000246667
0
0
0
0
0
0.00271333
0.0234433
0.0357667
0.00689333
0.0276433
0.0262467
0.0121267
0.00787333
0.0153767
0.02639
0.0181267
0.0199767
0.00531333
0.0099
0.0145267
0.0372533
0.0403567
0.01302
0.0224267
0.0424033
0.0814033
0.01958
0.0855
0.0467233
0.14532
0.118417
0.0904767
0.175277
0.163233
0.00215667
0.00565667
0.0118367
0.0158133
0.0177933
0.00213667
0.00262333
0.000486667
0.000486667
0.00418
0.00352
0.0150967
0.0477533
0.0241267
0.0319
0.0469833
0.0290567
0.02711
0.0226933
0.00138333
0.00636333
0.00432333
0.00561
0.0142333
0.0135733
