0.0259233
0.02475
0.0104333
0.00424
0.000556667
0
0
0
0
0
0
0
0
0
0
0
0
0
0
0
0
0
0
0.00432
0.0113167
0
0
0
0
0
0
0
0
0.000996667
0.000996667
0.00941
0.0138133
0.00119
0.000706667
0.000523333
0.000523333
0.00992667
0.00962667
0.00316333
0.000286667
0
0
0
0
0
0
0
0
0.000366667
0.000553333
0.00453333
0.0190533
0.0344033
0.0370333
0.0491033
0.03143
0.0441533
0.03515
0.00484333
0.00039
0
0
0
0
0
0
0
0
0
0
0
0
0.0054
0.00580333
0.00949333
0.00409333
0.00417333
0.000483333
0
0
0
0.00507
0.00485667
0.01132
0.00646333
0.00646333
0.00934
0.00287667
0.00287667
0
0
0
0
0
0
0
0
0
0
0
0
0
0
0
0
0
0
0
0
0
0.000366667
0.000366667
0.00434667
0.00515
0.01304
0.0165567
0.0347167
0.04608
0.0349433
0.0312
0.0125933
0.0229533
0.00723333
0.00503667
0.000973333
0.00078
0.00039
0
0
0
0
0
0
0
0
0
0
0
0
0
0
0
0
0
0
0
0.000403333
0.000403333
0.000403333
0
0
0
0
0
0
0
0
0
0
0
0
0
0
0
0
0
0
0
0
0
0
0
0
0
0
0
0
0
0
0
0
0
0
0
0
0
0
0
0
0.00117
0.00866667
0.0162567
0.00906667
0.00914667
0.0287533
0.0434633
0.0811533
0.08109
0.06865
0.02635
0.0185133
0.0161167
0.0179733
0.01856
0.01729
0.0169067
0.0187033
0.00279
0.00278
0.000193333
0.000583333
0.00039
0.00039
0
0
0
0
0
0
0
0
0
0
0
0
0
0
0
0
0
0
0
0
0
0
0
0
0
0
0
0
0
0
0
0
0
0
0
0
0
0
0
0
0
0
0
0
0
0
0
0
0
0
0
0
0
0
0
0
0
0
0
0
0
0
0
0.00749667
0.00749667
0.00806333
0.0188
0.138637
0.168817
0.0988933
0.0579467
0.0198667
0.0175567
0.01806
0.00137667
0.00079
0.000993333
0.000203333
0.000203333
0
0
0
0
0
0
0
0
0
0
0
0
0
0
0
0
0
0
0
0
0
0
0
0
0
0
0
0
0
0
0
0
0
0
0
0
0
0
0
0
0
0
0
0
0
0
0
0
0
0
0
0
0
0
0
0
0
0
0
0
0
0
0
0
0
0
0
0
0
0
0.0157267
0.116413
0.19168
0.256723
0.197063
0.128493
0.0883267
0.01547
0
0
0
0
0
0
0
0
0
0
0
0
0
0
0
0
0
0
0
0
0
0
0
0
0
0
0
0
0
0
0
0
0
0
0
0
0
0
0
0
0
0
0
0
0
0
0
0
0
0.00011
0.00011
0.000516667
0.000406667
0.000406667
0
0
0
0
0
0
0
0
0
0
0
0
0
0
0
0
0
0
0
0.0797433
0.168033
0.243923
0.0902767
0
0
0
0
0
0
0
0
0
0
0
0
0
0
0
0
0
0
0
0
0
0
0
0
0
0
0
0
0
0
0
0
0
0
0
0
0
0
0
0
0
0
0
0
0
0
0.00011
0.00011
0.00195
0.00195
0.00603333
0.0046
0.00530333
0.00122
0.000813333
0
0
0
0
0
0
0
0
0
0
0
0
0
0
0
0
0
0.193787
0.153487
0.111583
0
0
0.00011
0.00011
0.000626667
0.000516667
0.000923333
0.000406667
0.000406667
0
0
0
0
0
0
0
0.00011
0.00011
0.000626667
0.000516667
0.000516667
0
0
0
0.00012
0.00012
0.000676667
0.000556667
0.000993333
0.000436667
0.000436667
0
0
0
0
0
0
0
0.000533333
0.000533333
0.00105333
0.00052
0.000926667
0.000406667
0.000406667
0
0.000516667
0.000626667
0.00603333
0.00735667
0.0198967
0.0185733
0.0242733
0.0124367
0.00916667
0.00162667
0.00122
0.000406667
0.000406667
0
0
0
0
0
0
0
0
0
0
0.16541
0.000106667
0.000106667
0.00194667
0.00195
0.00735667
0.00603333
0.0103067
0.00530667
0.00530667
0.000923333
0.00103333
0.000516667
0.000516667
0
0.00011
0.00011
0.00205667
0.00205667
0.00665667
0.00522667
0.00634
0.00174
0.00216
0.000936667
0.00289667
0.00208
0.00627667
0.00487333
0.00574
0.00198
0.00142333
0.000436667
0
0
0
0
0.000123333
0.00203667
0.00244667
0.00921
0.00781667
0.0113667
0.00501
0.00898
0.00489667
0.00530333
0.00133
0.00571333
0.0103067
0.0242767
0.0325433
0.0397867
0.03284
0.0242733
0.0124367
0.00530333
0.00162667
0.000813333
0.000406667
0
0
0
0
0
0
0
0
0
0
0.000403333
0.00051
0.00459
0.00602667
0.01857
0.0198967
0.0258167
0.01755
0.01888
0.0116367
0.0113367
0.00511667
0.00541333
0.00133
0.00154667
0.000843333
0.00860667
0.00982
0.0282833
0.02512
0.0356133
0.0182633
0.0232733
0.01177
0.0161567
0.00850667
0.02041
0.0189967
0.03188
0.0200267
0.0169333
0.00209
0.00110333
0
0
0
0.00625667
0.0211133
0.04122
0.0330033
0.05417
0.0339267
0.0457433
0.0271533
0.034
0.0162333
0.0133733
0.00682667
0.0103967
0.0232533
0.0229533
0.03122
0.0185733
0.0185733
0.00603333
0.0046
0.000516667
0.000406667
0
0
0
0
0
0
0
0
0
0
0.000403333
0.00121667
0.00529667
0.0125433
0.02438
0.0351967
0.0353067
0.0375533
0.0293933
0.03918
0.0283667
0.0366333
0.0199
0.0224467
0.00817667
0.0219667
0.0231
0.0520533
0.0560233
0.0892667
0.07202
0.0777367
0.04634
0.04012
0.02144
0.0264667
0.0330867
0.0405033
0.04071
0.0341067
0.0221833
0.00734
0.00623667
0
0.00175667
0.00557
0.01742
0.0311733
0.0586
0.0709533
0.09507
0.0865033
0.0876867
0.06717
0.0708267
0.0562467
0.0513267
0.02622
0.0173267
0.00805
0.00776
0.00980667
0.00595667
0.00645667
0.0028
0.00237667
0.000536667
0.00011
0
0
0
0
0
0
0
0
0
0.000406667
0.00122
0.00611667
0.01336
0.0207133
0.0307133
0.0383667
0.0450967
0.0523367
0.05458
0.0537733
0.04664
0.0397233
0.0322633
0.0391933
0.0431667
0.0710067
0.07876
0.1016
0.108137
0.0996233
0.08647
0.0515567
0.0366033
0.0137767
0.02232
0.0219367
0.0335
0.0251
0.00623667
0.000406667
0.00163333
0.00408
0.0160533
0.03881
0.0676033
0.1143
0.129413
0.160617
0.127457
0.13824
0.102127
0.117107
0.0808867
0.0675233
0.02907
0.0230667
0.0110333
0.0149733
0.00785
0.0110033
0.00545333
0.00536333
0.00087
0.000443333
0
0
0
0
0
0
0
0.000406667
0.000406667
0.00530333
0.00612
0.0142867
0.02439
0.03847
0.0438767
0.0510133
0.04704
0.0475567
0.0371633
0.0364633
0.0491133
0.0593033
0.08837
0.0961
0.114293
0.11204
0.09297
0.0740167
0.03941
0.0301033
0.00952333
0.00815
0.00789333
0.00659
0.0122333
0.00639667
0.00623667
0
0.00214333
0.00499667
0.02499
0.04683
0.0986633
0.13734
0.164053
0.172217
0.163747
0.16293
0.146493
0.136783
0.110113
0.0770733
0.0471733
0.03162
0.03158
0.0269667
0.0339467
0.0251067
0.0200233
0.00583
0.00133667
0.000893333
0
0
0
0
0.000406667
0.00163
0.00601
0.0206033
0.02582
0.0350133
0.0313433
0.0362333
0.03686
0.0372733
0.0485067
0.0610467
0.0890333
0.106167
0.1119
0.112297
0.0845933
0.06752
0.0285967
0.01944
0.00404
0.00343
0.000593333
0.000753333
0.00016
0.00016
0.00051
0.00265333
0.00859667
0.02808
0.0468767
0.09562
0.106853
0.13661
0.09386
0.112833
0.0781767
0.112653
0.0720867
0.0792567
0.0358133
0.03677
0.0214833
0.0318467
0.0344667
0.04118
0.0338367
0.02152
0.00733
0.00134
0.000446667
0
0
0.00012
0.000526667
0.00117667
0.00543667
0.00772667
0.0135167
0.0155
0.0241333
0.03003
0.0378667
0.0458833
0.05611
0.0620867
0.08247
0.08333
0.0956267
0.06055
0.04912
0.01689
0.01344
0.00144667
0.000243333
0
0
0
0.000903333
0.00578
0.01133
0.0392067
0.05527
0.0778633
0.0807033
0.0661967
0.0495967
0.0205033
0.03011
0.0189133
0.0264133
0.0104867
0.0127167
0.00407333
0.0118833
0.0149833
0.0272033
0.0217367
0.0216567
0.00889333
0.00290333
0.000446667
0.00197333
0.00209333
0.00808
0.00675667
0.01293
0.00964
0.0220767
0.0221467
0.03475
0.034
0.03831
0.0423567
0.0399333
0.0494367
0.0442
0.05771
0.0435167
0.03406
0.0112533
0.00551333
0.00086
0.000243333
0
0
0.0100633
0.0182433
0.0418367
0.0560733
0.0760367
0.0607767
0.0480967
0.0245
0.0135067
0.00707333
0.00287333
0.00074
0.000853333
0.000113333
0.00110333
0.00150667
0.00757667
0.00904333
0.00245667
0.00607
0.0188633
0.0207533
0.0341933
0.0276933
0.0337567
0.03143
0.03834
0.04159
0.0335567
0.0310267
0.0172367
0.0220967
0.01716
0.02976
0.0219567
0.0222033
0.00826
0.00676667
0.000783333
0.000166667
0
0.00612667
0.0147
0.0187133
0.0364933
0.0429233
0.0472433
0.0357133
0.02565
0.0133133
0.00573
0.00118667
0.000396667
0.000396667
0
0.000516667
0.00297333
0.00245667
0.0246867
0.03384
0.0414567
0.0373
0.0361
0.0266833
0.03125
0.0211767
0.0202333
0.00715333
0.00668667
0.00223
0.00784333
0.0065
0.00801333
0.00244333
0.000166667
0.00133333
0.01014
0.01641
0.0314133
0.0355733
0.0355533
0.02466
0.0124833
0.00545667
0.00174333
0.000953333
0.000516667
0.000516667
0.0255333
0.0263733
0.0137133
0.0152233
0.00673
0.00811667
0.00212
0.0021
0.000123333
0.00072
0.000763333
0.000333333
0.000166667
0.0118233
0.0175933
0.02634
0.0210733
0.0194133
0.00660667
0.00482667
0.000716667
0.000556667
0
0
0.00507667
0.00059
0.000733333
0.000143333
0.000143333
0
0
0
0.000166667
0.000166667
0.000166667
0.04271
0.0268767
0
0.00027
0.000186667
0
0.00034
0
0
0
0
0
0
0
0
0.0244067
0.02913
0.00959
0.0244233
0.00325
0.00796
0.00123
0.00562333
0.00383333
0.00878667
0.00755
0.02923
0.02809
0.0389767
0.0402533
0.03592
0.0160167
0.0298
0.0201433
0.01725
0.00457
0.00547667
0
0.000116667
0
0.000523333
0
0
0
0
0
0
0.00528333
0.0291933
0.00496
0.0105
0.00560333
0.00848
0.02901
0.00408667
0.0265467
0.0165167
0
0
0
0
0
0
0
0.000213333
0.000426667
0.000213333
0.000213333
0.00628667
0.0169633
0.03681
0.0603067
0.06447
0.0388767
0.05015
0.06013
0.0542933
0.06051
0.07724
0.0344967
0.0562167
0.0257033
0.0362467
0.0272867
0.03262
0.0310433
0.0231633
0.0388567
0.0317
0.02672
0
0
0
0
0
0.000183333
0
0
0
0
0
0
0
0
0
0
0.000953333
0.00189
0.00134
0.0126633
0.01612
0.0439167
0.0231233
0.0463167
0.0300033
0.0022
0.00308667
0.00102667
0.00264667
0
0
0
0
0.000183333
0
0
0
0
0
0
0
0
0
0.000566667
0.000306667
0.000873333
0.000306667
0
9.66667e-05
9.66667e-05
0.0003
0.005
0.00653
0.0110267
0.02093
0.0289767
0.02754
0.0242167
0.0126833
0.0072
0.00169667
0.000523333
0
0.000586667
0
0.000586667
0
0
0
0
0
0
0
0
0
0
0
0
0
0
0
0
0
0
0
0
0
0
0
0
0
0.000203333
0.00183
0.000203333
0.00325333
0.01637
0.0114133
0.01571
0.02415
0.01863
0.0201333
0.00754
0.00614
0.000636667
0.000523333
0
0
0
0
0
0
0
0
0
0
0
0
0
0
0
0
0
0
0
0
0
0
0
0
0
0
0
0
0
0
0
0.000746667
0.000746667
0.01477
0.01565
0.00715667
0.0131633
0.00513333
0.00873
0.00457
0.00603
0.00203
0.00203667
0.000113333
0.000113333
0
0
0
0
0
0
0
0
0
0
0
0
0
0
0
0
0
0
0
0
0
0
0
0
0
0
0
0
0
0.000846667
0.00159333
0.0183533
0.00517667
0.0817
0.0361667
0.0127767
0.00261333
0.000976667
0.000573333
0.00057
0.000106667
0.000106667
0
0
0
0
0
0
0
0
0
0
0
0
0
0
0
0
0
0
0
0
0
0
0
0
0
0
0
0
0
0
0
0
0.000846667
0.00333667
0.00692
0.0939567
0.0323533
0.139513
0.114623
0.04005
0.0892767
0.0288433
0.00530333
0.00246333
0.000363333
0.00011
0
0
0
0
0
0
0
0
0
0
0
0
0
0
0
0
0
0
0
0
0
0
0
0
0
0
0
0.00520667
0.0274167
0.05098
0.0983033
0.0713733
0.08533
0.04532
0.0253867
0.0151167
0.00624
0.00388
0.000843333
0
0
0
0
0
0
0
0
0
0
0
0
0
0
0
0
0
0
0
0
0
0
0.000123333
0
0
0
0
0
0
0.0166633
0.000413333
0
0
0
0
0
0
0
0
0
0
0
0
0
0
0
0
0
0
0.000406667
0.00053
0
0
0
0
0.000413333
0
0
0
0
0
0
0
0
0
0
0
0
0
0
0
0
0
0
0.000406667
0
0
0
0
0
0
0
0.00105333
0.00034
0.00034
0
0
0
0
0
0
0
0
0
0
0
0
0
0
0
0
0
0
0
0
0
0
0
0
0.00149333
0.00078
0.00034
0
0
0
0
0
0
0
0
0
0
0
0
0
0
0
0
0
0
0
0
0
0
0
0
0.000536667
0.00044
0
0
0
0
0
0
0
0
0
0
0
0
0
0
0
0
0
0
0
0.000393333
0
0
0
0
0
0
9.66667e-05
0
0
0
0
0
0
0
0
0
0
0
0
0
0
0
0
0
0
0.000393333
0
0.00518667
0
0
0
0
0
0
0
0
0
0
0
0
0.000393333
0.000393333
0.00449
0
0
0
0
0
0
0
0
0
0
0
0
0
0
0.00479333
0
0
0
0
0
0
0
0
0
0
0
0
0.000393333
0.00537333
0.00127667
0.0127767
0
0
0
0
0
0
0
0
0
0
0
0
0
0
0
0
0
0
0
0
0
0
0
0
0
0
0
0
0.000883333
0.00961333
0.00181667
0.0132167
0
0
0
0
0
0
0
0
0
0
0
0
0
0
0
0
0
0
0
0
0
0
0
0
0
0
0
0.000443333
0.00137667
0.00586333
0
0
0
0
0
0
0
0
0
0
0
0
0
0
0.00456
0.00422
0.00626333
0.01033
0.00249
0.00826
0.00016
0.00249667
0
0.00016
0
0
0
0
0
0
0
0
0
0
0
0
0
0.000443333
0.000443333
0.00493
0.00448667
0
0.00448667
0
0
0
0
0
0
0
0
0
0
0
0
0
0
0
0
0
0
0
0
0
0
0
0
0
0.00034
0.00034
0.000493333
0.000153333
0.000153333
0
0
0
0
0
0
0
0
0
0
0
0
0
0
0
0
0
0
0
0
0
0
0
0
0
0
0
0
0
0
0
0
0
0
0
0
0
0
0
0
0
0
0
0
0
0
0
0
0
0
0
0
0
0
0
0
0
0
0
0
0
0
0
0
0
0
0
0
0
0
0
0
0
0
0
0
0
0
0
0
0
0
0
0
0
0
0
0
0
0
0
0
0
0
0
0
0
0
0
0
0
0
0
0
0
0.00012
0.00012
0.000393333
0.000273333
0.000273333
0
0
0
0
0
0
0
0
0.0122733
0.00395333
0.00027
0.00027
0
0
0
0
0.00076
0.00076
0.00119
0.00043
0.00064
0.00021
0.00021
0
0
0
0
0
0
0
0
0
0.000756667
0.000756667
0.00118333
0.000426667
0.00100333
0.00157333
0.00567667
0.0135133
0.0208933
0.0321067
0.0183267
0.01679
0.0211833
0.0149967
0.04101
0.0291533
0.0458833
0.000153333
0.00822
0.0185867
0.0279067
0.0375033
0.0438233
0.00142667
0.000403333
0.00052
0
0.00518667
0
8.66667e-05
0
0
0
0
0.0005
0.0005
0.00412
0.0335067
0.00721667
0.0234967
0.00131
0.00436333
0.0714233
0.0567533
0.01179
0.0342967
0.00457333
0
0
0
0.00023
0
0
0
0
0.0657433
0.0413733
0.0675067
0.0545367
0.04825
0.08395
0.0670833
0.06737
0.0783733
0.0401767
0.04958
0.04518
0.0421933
0.04039
0.0491933
0.0562967
0.04995
0.000413333
0.00580333
0.00662333
0.02071
0.00475667
0
0
0.00575667
0.0199133
0.0340467
0.0454333
0
0
0
0
0.000183333
0.000366667
0.000736667
0.0150767
0.0220567
0.03828
0.0438733
0.0629433
0.02307
0.00602
0.00126333
0
0
0
0
0
0
0
0
0
0
0.000553333
0.00162333
0.00878667
0.0132
0.0320633
0.0188267
0.00177667
0.00126333
0
0
0
0
0
0
0
0
0
0
0
0
0.00375
0.00871667
0.000513333
0
0
0
0
0
0
0
0
0
0
0
0
0.00268
0
0
0
0
0
0
0
0
0
0
0
0
0
0
0
0
0
0
0
0
0
0
0
0
0
0
0
0
0
0
0
0
0.000106667
0.000106667
0.00048
0.000373333
0.00059
0
0
0
0
0
0
0
0
0
0
0
0
0
0
0.000106667
0.000323333
0.000696667
0.00600667
0.00579
0.00919
0.0195367
0.00649
0.0626033
0.0379733
0.130943
0.07244
0.140113
0.112727
0.0638967
0.0155133
0.00985667
0.0116067
0.00187667
0.00198667
0.0007
0.000413333
0
0
0
0
0
0
0
0
0
0
0.000216667
0.0365367
0.0441667
0.06774
0.07273
0.03044
0.0411367
0.02446
0.01718
0.00481
0.00452333
0.00822
0.00452333
0
0
0
0
0
0
0
0
0
0
0
0
0.000216667
0.00393
0.00934667
0.0316933
0.0553267
0.0167767
0.00705
0.0188933
0.0175367
0.0295633
0.0209467
0.01755
0.00482333
0.00135333
0.00135333
0.00397667
0.00262333
0.00262333
0
0
0
0
0
0
0
0
0.0329133
0.01607
0.01618
0.00179333
0.00715667
0.0137533
0.0256733
0.03283
0.0380767
0.0173233
0.0292333
0.00503667
0.00036
0.00171333
0.00547
0.00773333
0
0
0
0
0
0
0
0
0
0
0.000133333
0.00384667
0.00398
0.0104833
0.000773333
0.000876667
0.000103333
0.00091
0.00161
0.00909
0.01366
0.02548
0.01982
0.0183267
0.0058
0.00442
0.000513333
0.000153333
0.00427
0
0
0
0
0
0
0
0
0
0
0
0
0.000133333
0.000133333
0.000266667
0
0
0
0
0.000803333
0.00120667
0.00658333
0.00588667
0.00730333
0.00191667
0.00192667
9.66667e-05
0.000153333
0
0.00402
0.00777667
0
0
0
0
0
0
0
0
0
0.00026
0
0
0
0
0.000403333
0.000403333
0.00051
0.000106667
0.000106667
0
0
0
0
0
0.00386667
0
0
0
0
0
0
0
0
0
0
0
0
0
0.00096
0.0007
0
0
0
0
0
0
0
0
0
0
0
0
0
0
0
0
0
0
0
0
0
0
0
0
0
0
0.00821667
0.0007
0
0
0
0
0
0
0
0
0
0
0
0
0
0
0
0
0
0
0
0
0
0
0
0
0
0
0.00275667
0.00275667
0.0124867
0.00497
0
0
0
0
0
0
0
0
0
0
0
0
0
0
0
0
0
0
0
0
0
0
0
0.00117333
0.00723667
0.00882
0.00522333
0.000253333
0
0
0
0
0
0
0
0
0
0
0
0
0
0
0
0
0
0
0
0
0
0
0
0
0
0.00068
0.00185333
0
0
0
0
0
0
0
0
0
0
0
0
0
0
0
0
0
0
0
0
0
0
0
0
0
0
0
0
0.00068
0
0
0
0
0
0
0
0
0
0
0
0
0
0
0
0
0
0
0
0
0
0
0
0
0
0
0
0.00077
0.00077
0
0
0
0
0
0
0
0
0
0
0
0
0
0
0
0
0
0
0
0
0
0
0
0
0
0
0
0
0
0
0
0.00554333
0.00631333
0.00107667
0.00107667
0
0
0
0
0
0
0
0
0
0
0
0
0
0
0
0
0
0
0
0
0
0
0
0
0
0
0
0.000186667
0.000186667
0.00271
0.00794333
0.00264333
0.00596667
0.00569333
0.000633333
0.000666667
0.00024
0.00024
0
0
0
0
0.00881667
0.01436
0.00249
0.00141333
0.00141333
0
0
0
0.00011
0.00011
0.00036
0.000396667
0.00025
0.000293333
0.000146667
0.000146667
0.000146667
0
0
0
0
0
0
0
0
0
0
0
0
0
0
0.00072
0.000906667
0.00711667
0.00892
0.02145
0.02054
0.0244867
0.0121633
0.0108967
0.00466667
0.00427333
0
0
0
0.00425333
0.01307
0.00141333
0
0
0.00034
0.00045
0.00350333
0.00341333
0.00639
0.00348333
0.00359667
0.000656667
0.000726667
0.000363333
0.000216667
0.00032
0.00032
0.00064
0.00032
0.00032
0
0.0009
0.00819667
0.0142267
0.0305467
0.0359667
0.0437767
0.0332067
0.0245167
0.01453
0.0084
0.00437333
0.00034
0
0.000583333
0.00691
0.00972
0.02224
0.019
0.0224067
0.00991
0.01082
0.00457667
0.00542333
0.00142667
0.03039
0.03132
0.0140167
0.00906333
0.00859
0
0
0
0
0
0
0
0.000523333
0.00128
0.0331133
0.0301533
0.03312
0.02576
0.0402733
0.03755
8.66667e-05
0.00152667
0.0123067
0.00514667
0
0.00103667
0.000883333
0.00192
0.00669667
0.0223167
0.0268833
0.0387933
0.01842
0.00158
0.0192033
0.0302133
0.01549
0.0223533
0.00973333
0.00159667
0.01002
0
0
0
0.000473333
0
0.00075
0.0111167
0.0275967
0.05642
0.0535533
0.04857
0.0435767
0.0558033
0.0697
0.0754033
0.0601833
0.0446033
0.0360167
0.0322033
0.0423933
0.0487067
0.0650667
0.0611867
0.0611967
0.0433733
0.0378567
0.000703333
0.00170667
0.00109333
0
0.000276667
0
0.0445733
0.0288
0.05549
0.0308833
0.0471767
0.00557333
0.0682433
0.10476
0.103957
0.103123
0.0697633
0.115613
0.132357
0.09181
0.0471167
0.06091
0.04228
0.0517967
0.07314
0.11243
0.133127
0.07438
0.08341
0.0254433
0.00145333
0.00145333
0
0.00145333
0
0
0
0.00068
0.0112033
0.0259033
0.02651
0.0337733
0.0391133
0.05972
0.03305
0.0360433
0.00849
0.01006
0.00061
0
0
0
0.00145333
0.00290667
0.0169567
0.0155033
0.0012
0.01525
0.0012
0
0
0
0
0
0.00240333
0.00172333
0.0121133
0.0138367
0.01848
0.00268
0.00623667
0.00452
0.0100933
0.00760333
0.0107333
0.00536667
0.00707667
0.00219
0.00218
9.66667e-05
9.66667e-05
0
0
0
0.00145
0.00290333
0.0174333
0.0300333
0.0298367
0.00288333
0.01747
0.00168333
0
0
0
0.000563333
0.00228667
0.01318
0.02405
0.0455833
0.04943
0.0493767
0
0
0
0.000963333
0.000963333
0.00653667
0.00243667
0.00068
0.00048
0.000106667
0.000106667
0
0
0
0
0.00108667
0
0.00108667
0.00386667
0.00423
0.0185467
0.0302967
0.0736567
0.07339
0.0734467
0.01627
0.00168333
0
0
0
0
0.0559
0.0602333
0.0370267
0
0
0
0
0
0.000706667
0.000306667
0
0
0
0
0
0
0.01402
0.00259
0.0152967
0.0292333
0.0712633
0.0815433
0.0839933
0.0425933
0.0179967
0.0145867
0
0
0
0.000386667
0
0.000386667
0.00138
0.00155667
0.0142167
0.0241167
0.04601
0.0512533
0.0456533
0.0270933
0.00978
0
0
0
0
0
0
0
0
0.000496667
0.0004
0
0
0
0
0
0
0
0.05526
0.01382
0.0571533
0.0836367
0.05283
0.0536833
0.0403667
0.03142
0.0311967
0.00692667
0.00373667
0.000326667
0
0
0
0.00100667
0.00162667
0.002
0.02353
0.03557
0.0611733
0.0617133
0.0607
0.0393967
0.0188667
0.00781
0.00251667
0
0
0
0
0
0
0
9.66667e-05
0
0
0
0
0
0
0
0
0.0802267
0.12954
0.131057
0.110903
0.0643367
0.0323333
0.0127333
0.00942667
0.00635667
0.00012
0.000446667
0
0.13602
0.193317
0.192703
0.184437
0.215627
0.117757
0.0258233
0.00491333
0.0440667
0.0777767
0.0675067
0.0428367
0.03576
0.00649667
0.00643667
0
0
0
0
0
0
0
0
0
0
0.11814
0.106443
0.121083
0.09844
0.0562567
0.0192567
0.01532
0.00209333
0.07122
0.129983
0.07263
0.0383
0.03339
0.0599
0.07363
0.0816433
0.0807233
0.0538833
0.0264867
0.0055
0.00287667
0.00287667
0
0
0
0
0
0
0
0
0
0.0980933
0.11841
0.121007
0.09424
0.05739
0.04306
0.01705
0.039
0.06033
0.0456567
0.02111
0.05585
0.0895267
0.0774633
0.0788567
0.0693633
0.00925667
0.00287667
0
0
0
0
0
0
0
0.0945533
0.00708
0.0234033
0.000773333
0.0934433
0.0836933
0.0185567
0.01819
0.00626667
0
0
0
0
0
0.000443333
0.000133333
0
0
0.02139
0.0294467
0.0305333
0.0201567
0
0
0
0
0
0
0
0.00026
0.0180033
0.00423667
0.01898
0
0
0
0
0
0
0
0
0.00335
0.00037
0.00037
0.00521333
0
0
0
0
0
0
0.0106067
0
0
0
0
0
0
0
0
0
0.00313667
0.0277133
0
0
0
0
0
0
0
0
0
0.02336
0.0176767
0.02582
0.0108467
0
0
0
0
0
0
0
0
0
0
0.0108467
0.0307233
0.01623
0.03627
0.00600667
0.000383333
0
0.000253333
0
0
0
0
0
0
0
0
0
0.000856667
0.00985
0.0133967
0.0288867
0.00013
0
0
0
0
0
0
0
0
0
0
0
0
0
0
0
0
0.00101667
0.000423333
0.000766667
0.00079
0.00467333
0
0
0.000133333
0.000133333
0.000383333
0.000516667
0.000383333
0.00068
0.00068
0.000766667
8.66667e-05
0.000776667
0.00069
0.00102
0.00073
0.00146
0.00073
0
0.00073
0
0.0186967
0.0134
0.0161733
0.00413333
0.000813333
0.00330333
0.00262333
0.00703333
0.00492667
0.00184333
0.00625333
0.00253667
0.00416667
0.00484667
0.00821667
0.00413667
0.00926333
0.01822
0.0107067
0.00997667
0.00073
0
0
0.03858
0.0421467
0.0675533
0.0468767
0.01865
0.0372067
0.02627
0.04038
0.02247
0.00503
0.0205533
0.00498333
0.00134333
0.00551
0.01244
0.0275667
0.0240067
0.0310767
0.0146933
0.03908
0.03422
0.01263
0.00338333
0
0
0
0
0.0369933
0.05696
0.0836167
0.0906433
0.07427
0.0755233
0.0813933
0.0443333
0.0291467
0.000106667
0.00145
0.0021
0.00892333
0.05254
0.0568467
0.0488567
0.0272667
0.0238833
0
0
0
0
0
0
0.00018
0
0
0.000143333
0
0.00647667
0.00439667
0.0302567
0.0375633
0.0709567
0.14919
0.12783
0.0448467
0.0200867
0.00048
0.00189333
0.000243333
0
0.00568667
0.00556667
0.00479667
0.00109
0.00141
0
0.00032
0.000106667
0.000106667
0.000756667
0.02838
0.05687
0.0262133
0.00233
0.00233
0
0
0
0.000493333
0.000673333
0.00455
0.0252333
0.0113533
0.0436967
0.0383967
0.0338967
0.0436567
0.0121033
0.0253267
0.00113667
0.00516333
0
0.00034
0
9.66667e-05
0.00112667
0.00117333
0.00687333
0.00792333
0.01934
0.145893
0.0619767
0.0451667
0.00186333
0.00138333
0.000243333
0.00413667
0.01729
0.0104633
0.0341867
0.0262567
0.02535
0.0335767
0.0103567
0.01509
0.00819333
0.00693333
0.0109433
0.0251767
0.03475
0.0200767
0.02023
0.0054
0.00463
0
0
0.00163333
0.0224333
0.0131733
0.00591333
0.000813333
8.66667e-05
0.000196667
0.000196667
0.00102667
0.00868667
0.00102667
0.00822
0
0
0
0
0.000403333
0.000403333
0.00526
0.00490333
0.01546
0.01953
0.00733667
0.0213967
0.000883333
0.00758
0
0.000673333
0
0
0
0
0
0
0.00127667
0.00620667
0.0242867
0.0199467
0.02413
0.0309833
0.0152933
0.00119333
0.00687
0
0
0
0
0.0160967
0.0161933
0.00766667
0.0220033
0.0089
0.01146
0.0128833
0.00872667
0.02191
0.0128933
0.0236533
0.0384833
0.00882
0
0
0.00357
0.00504333
0.00796333
0.00476667
0.00319667
0.00666
0.0139733
0.02319
0.03357
0.0355367
0.0428467
0.03998
0.0402933
0.02
0.0354633
0.04377
0.0531333
0.03716
0.02739
0.0157267
0.0144233
0.0234433
0.00457333
0.02623
0.0366133
0.0644533
0.05482
0.02754
0.00676667
0.05121
0.07082
0.111617
0.182713
0.16268
0
0
9.33333e-05
0
0.000393333
9.33333e-05
0.000886667
0.0003
0.000966667
0.000586667
0.00038
0.00038
0
0
0
0
0
0
0.0002
0
0.000783333
0.0002
0.000966667
0.000583333
0.000383333
0.000383333
0
0
0
0
0
0
0
0
0
0.19719
0.145623
0
0
0
0
0
0
0
0
0
0
0
0
0
0
0
0
0
0
0
0
0
0
0
0
0
0
0
0
0
0
0
0
0
0
0
0
0
0
0
0
0
0
0
0
0
0
0
0
0.104817
0.06203
0.07114
0.127433
0
0
0
0
0
0
0
0
0
0
0
0
0
0
0
0
0
0
0
0
0
0
0
0
0
0
0
0
0
0
0
0
0
0.00068
0.00068
0
0
0
0
0
0
0.0243467
0.0174333
0.00858
0.03553
0
0
0
0
0
0
0
0
0
0
0
0
0
0
0
0
0
0
0
0
0
0.00704667
0.00834
0.00129333
0.00129333
0
0
0
0
0.00661333
0.00903333
0
0
0
0
0
0
0
0
0
0
0
0
0
0
0
0
0
0
0
0
0
0
0
0
0
0
0
0
0.0235667
0.01678
0.00155333
0
0
0
0.00557333
0.00557333
0
0
0
0
0
0
0
0
0
0
0
0
0
0
0
0
0
0
0
0
0
0
0
0
0
0
0
0.0193833
0.00441667
0.00052
0.00026
0
0
0
0
0
0
0
0.0220867
0.00695667
0.00246333
0
0
0
0
0
0
0
0.00150333
0
0
0
0
0
0
0
0
0
0
0
0
0
0
0
0
0
0.00474667
0.00085
0.00026
0
0
0
0
0
0
0.000393333
0
0
0.00645333
0.00529667
0
0
0
0
0
0.000416667
0.00192
0.00280667
0
0
0
0
0
0
0
0
0
0
0
0
0
0
0
0
0.00062
0.00059
0.00011
0.00011
0.00011
0
0
0
0.000343333
0.000736667
0.00500333
0
0.00165333
0.00182333
9.66667e-05
0
0
0
0.000886667
0.00177333
0.0377533
0
0
0
0
0
0
0
0
0
0
0
0.22297
0.159637
0.176263
0.168787
0
0
0
0
0
0.000236667
0.000856667
0.00453
0.00197667
0.00197667
0.00011
0
0
0.000343333
0.00786
0.000686667
0.0117833
0
0
0
0.000266667
0
0
0
0
0.000223333
0.000223333
0.000693333
0.00206667
0.03824
0.0576167
0.00197333
0.00197333
0
0
0
0
0
0
0
0
0
0.123947
0.0473433
0.0938167
0.06434
0
0
0
0
0.000236667
0.000486667
0.00416
0.01211
0.0273633
0.00731333
0.00951333
0.00406667
0.00444667
0.000723333
0.00466667
0.01146
0.0234367
0
0
0
0
0
0
0
0
0.000883333
0.000553333
0.00192667
0.0406433
0.0694233
0.00727333
0.00542333
0.00345
0
0
0
0
0
0
0
0
0.04249
0.0148167
0.00591667
0
0
0
0
0.00025
0.00756
0.0157467
0.0329767
0.0737533
0.05915
0.0438933
0.0143067
0.00924
0.00482667
0.00115
0.00939
0.00471333
0.02132
0
0
0
0
0
0
0
0
0
0
0.000766667
0.0173033
0.01857
0.0376633
0.07222
0.0855067
0.0997233
0.106553
0.09377
0.088
0.0658567
0.0398367
0.0227933
0.01218
0.0109567
0.00407667
0.000626667
0
0
0
0
0
0
0
0.01699
0.000773333
0
0
0
0
0.00051
0.00782
0.03151
0.054
0.04991
0.07729
0.0878033
0.0873567
0.09837
0.06951
0.04197
0.0112867
0.00687667
0.00115333
0.000773333
0.00544667
0.00682667
0.00339
0
0
0
0
0
0
0
0
0
0
0.0392067
0.0169733
0.0751367
0.0810833
0.0625233
0.0593033
0.0559967
0.0319733
0.02479
0.01107
0.00785
0.00097
0.000626667
0.000143333
0.000143333
0.000143333
0
0
0
0.000533333
0.00031
0
0
0
0
0.00051
0.000623333
0.00793333
0.00902333
0.01563
0.02171
0.0936067
0.11387
0.106763
0.09171
0.0682533
0.0473733
0.0166933
0.00688
0.000876667
0.000493333
0.00011
0.00177
0.00187
0.00339
0.00823333
0
0
0
0
0
0
0.02234
0.0497233
0.0856533
0.0730267
0.0571567
0.0312467
0.0337967
0.0169033
0.0183867
0.00468333
0.00455
0.00124667
0.000886667
0.00113667
0.000736667
0.00664667
0.00605333
0.00809333
0.00218333
0.00232
0
0.000136667
0.000396667
0
0
0.000113333
0.000113333
0.00171333
0.00576
0.01915
0.03053
0.0724867
0.0734133
0.0874267
0.04758
0.04346
0.0209867
0.0151
0.00673
0.00232
0.00193667
0
0.00011
0.0001
0.00484333
0
0
0
0
0
0
0
0
0.0290133
0.0273833
0.0387267
0.0125967
0.02248
0.01513
0.00361667
0.00284
0.000836667
0.00143
0.00197333
0.00978667
0.00931
0.0146767
0.0124133
0.02497
0.01547
0.0212433
0.00245667
0.00278667
0.00488333
0
0
0
0.00445
0.01743
0.0275867
0.0166267
0.0226067
0.0154967
0.0179967
0.0238767
0.0184967
0.01902
0.00687
0.00575
0.000706667
0.000706667
0.00484333
0.00484333
0
0
0
0
0
0
0
0
0
0.00163
0.00163
0.00288333
0.00125333
0.00125333
0.00590667
0.01408
0.0269867
0.02806
0.0348567
0.0330367
0.0210167
0
0.0128533
0.0180133
0
0
0
0
0.00029
0.00639667
0.0133133
0.0250933
0.0331567
0.0394733
0.0307167
0.00626333
0.00122
0
0
0
0
0
0
0.000336667
0
0
0
0
0
0
0
0
0
0
0.000403333
0.00524
0.00582667
0.0194
0.00038
0.00076
0.03085
0
0
0
0
0.00029
0.00064
0.00472667
0.00494667
0.0183967
0.02015
0.0331633
0.0221767
0.0229733
0.00916667
0
0
0
0
0
0.00153667
0.0012
0
0
0
0
0.000403333
0
0.00157667
0.00099
0.01508
0.00169
0.0153
0
0.00035
0
0.00137
0.00086
0.0069
0.00157
0.000243333
0.000243333
0.000706667
0.000463333
0.000463333
0.01411
0.00222
0
0.00102
0
0.0206
0.0358867
0.00104
0.000796667
0.00150333
0.03851
0.0184267
0.00698667
0.00147
0.00045
0
0.02484
0.0262933
0.00013
0.000573333
0.00137
0.00517
0.00506
0.0176067
0.0486433
0.0329967
0.0129133
0.00698667
0.00045
0.00147
0
0.00553333
0.01021
0
0.00105667
0.00117333
0.00489
0.00820667
0.0329133
0.0160067
0.0116533
0.00637333
0.00211667
0.00138667
0.00029
0.00255333
0.00186
0.00105333
0.00769667
0.00809333
0.01118
0.00809333
0.01088
0.0109033
0.02823
0.0351667
0.0176633
0.00756333
0.0195833
0.01471
0.01257
0.0102733
0.0110667
0.0261733
0.02615
0.0218333
0.0447633
0.0337133
0.06558
0.0717567
0.0432633
0.0457
0.0622333
0.0611133
0.0628767
0.04061
0.0678033
0.0973433
0.0580033
0.0723167
0.0926
0.08921
0.109327
0.12089
0.10193
0.11162
0.10453
0.13496
0.0840433
0.0951833
0.10541
0.110023
0.0854833
0.07656
0.13151
0.13585
0.153867
0.138827
0.0934433
0.137613
0.176913
0.04131
0.07443
0.0923333
0.112173
0.0927467
0.0395667
0
0.00233
0
0
0.00171
0.000493333
0.0135967
0.00558667
0.03843
0.02644
0.03661
0.0425233
0.0159867
0.0280233
0.00135667
0.00863667
0
0.000796667
9.66667e-05
0
0.00731333
0.0245767
0.0129167
0.02995
0.07066
0.00295667
0.0461633
9.66667e-05
0.00148
0.00488
0.00389333
0.0161333
0.01195
0.0345833
0.0294033
0.01861
0.03114
0.00871
0.00808667
0.0259567
0.01224
0.0379667
0.0128533
0.0271533
0.00516
0.00198333
0.00053
0.00243667
0.00866667
0.00566667
0
0.00056
0
0.00551333
0.00056
0.00495333
0.00542667
0.000473333
0
0
0
0.00309667
0.00699
0.00608333
0.0237067
0.02155
0.02441
0
0
0
0.000403333
0.000806667
0
0
0
0.000393333
0.00532333
0.01038
0.00545
0.00744667
0.00464
0.00264333
0.00585
0.0106967
0.0259733
0.0311533
0.0126133
0.0180167
0.00849
0.03268
0.0204
0.0444333
0.03512
0.0426033
0.0352467
0.0279
0.000376667
0.000376667
0.00444
0.00458667
0.01077
0.02162
0.0206667
0.0348367
0.03058
0.0433767
0.02589
0.00393333
0.02372
0.00380667
0.00322333
0.000813333
0.00613
0.05407
0.05115
0.0338
0.148717
0.108317
0.0703567
0
0
0
0
0
0
0.000403333
0.00062
0.00102333
0.00698
0.0112633
0.0173367
0.0252467
0.0250267
0.0252467
0.0118233
0.00821667
0.00152
0.000673333
0
0
0
0
0
0
0.000393333
0.000393333
0
0.00366667
0.00167
0.0052
0.0231167
0.0291133
0.0275667
0.0362733
0.0228067
0.0337633
0.0549633
0.0436933
0.01585
0.01925
0.0149
0.0112467
0.03141
0.0180033
0.03422
0.0378333
0.03578
0.0238133
0.02329
0.00972667
0.00591333
0.000236667
0
0
0
0
0.000376667
0.000553333
0.00461667
0.00691333
0.01292
0.01525
0.02749
0.0258233
0.0260933
0.0116133
0.0113167
0.00465333
0.00462333
0.00054
0.00465333
0.00466
0.0116567
0.00830333
0.0130567
0.00706667
0.00710333
0.00194
0.00094
0.05708
0.08142
0.12322
0
0
0
0
0
0
0
0.000216667
0.00031
0.00667
0.00675333
0.0131367
0.00736333
0.0113433
0.00524667
0.00550667
0.00122667
0.000846667
0
0
0
0
0
0
0
0
0
0
0
0
0
0.01899
0.00423667
0.0101967
0.00429
0.000476667
0.000236667
0
0
0
0
0
0.000176667
0.000176667
0.00285
0.00287333
0.00926667
0.00717667
0.0114933
0.00548333
0.00533333
0.000816667
0.000433333
0
0.000136667
0.000136667
0.000546667
0.00041
0.00117
0.00076
0.00190333
0.00114333
0.00114333
0.000143333
0
0.000143333
0.17054
0.18042
0.171627
0
0
0
0
0
0
0
0
0
0
0
0
0
0.000236667
0.00024
0.000423333
0.00024
0
0
0
0
0
0
0
0
0
0
0
0
0
0
0.202803
0.19261
0
0
0
0
0
0
0
0
0.000473333
0.000236667
0.00161333
0
0
0
0
0
0
0
0.07966
0.12608
0.0549933
0.0888967
0
0
0
0
0.000236667
0.000236667
0.00137667
0.000236667
0.00114
0
0
0
0
0
0
0
0
0
0
0
0.0154933
0.02802
0.00981667
0.0102867
0
0
0
0
0
0
0
0
0
0
0
0
0
0
0
0
0
0
0
0
0.00300667
0.00589667
0.00682
0
0
0
0
0
0
0
0
0
0
0
0
0
0
0
0
0
0
0
0
0
0.000186667
0.0205467
0
0
0
0
0
0
0
0
0
0
0
0
0
0
0
0
0
0
0
0
0
0
0.000186667
0
0
0
0
0
0
0
0
0
0
0
0
0
0
0
0
0.000393333
0.000886667
0.000493333
0.000493333
0
0
0.0204667
0.0218867
0
0
0
0
0
0
0
0
0
0
0
0
0
0
0
0
0
0.00515333
0.0100567
0.00704667
0.00579
0.00175
0
0.00520333
0
0
0
0
0
0
0
0
0
0
0
0
0.115473
0.0631967
0.114293
0.116837
0.0729467
0
0
0
0
0.02562
0.0237433
0.0212267
0.00879667
0.00387
0
0
0
0
0
0
0
0
0
0
0
0
0
0
0
0.0599467
0.0297133
0
0
0
0
0
0
0.0336733
0.03906
0.02849
0.02148
0.00929
0.00782667
0
0.000266667
0
0
0
0
0.00033
0
0
0
0
0
0
0
0
0.0214167
0.01432
0.00993333
0
0
0
0
0.0299367
0.03744
0.03229
0.0269
0.0146833
0.0078
0.00063
0
0
0
0
0
0
0
0.00033
0.000436667
0
0
0
0
0
0
0
0
0.00057
0.0169167
0.00026
0
0
0
0
0
0
0.0193867
0.0148233
0.0202233
0.00805667
0.000736667
0.00790667
0.000343333
0
0
0
0
0
0
0.000106667
0.000106667
0
0
0
0
0
0
0
0
0
0.000333333
0.00033
0
0
0
0
0
0.00236333
0.000986667
0.00128
0.000786667
0.000393333
0
0
0
0
0
0
0
0
0.000136667
0.000136667
0
0
0
0
0
0
0
0.00022
0
0.000136667
0
0
0
0
0
0
0.0001
0.000493333
0.000393333
0
0.000393333
0
0
0
0
0
0
0
0
0
0.000273333
0.000136667
0
0
0
0
0
0
0.000493333
0.000713333
0.00249333
0.00246333
0
0
0
0
0
0
0
0
0
0
0
0
0
0
0
0
0
0
0.00873
0.001
0.000863333
0
0
0
0
0
0
0.000493333
0.000493333
0.01057
0
0
0
0
0
0
0.000513333
0
0
0
0
0
0
0
0
0.000153333
0.00049
0
0
0
0
0.02213
0.00901667
0.00128667
0.000863333
0
0
0
0
0
0
0.00038
0.00926
0.02438
0
0
0
0
0
0.00452333
0.000913333
0.0004
0
0
0
0
0
0
0
0.00383667
0.00169
0
0
0
0
0
0
0.0148233
0.01473
0.000753333
0.000423333
0
0
0
0
0
0
0
0.0174667
0.0220433
0
0
0
0
0
0
0
0.00696667
0.0100267
0.00437
0.00419333
0.000583333
0.0004
0
0
0
0
0.0217367
0.0155733
0
0
0
0
0
0
0
0.000586667
0.000586667
0.00110333
0.000516667
0.000846667
0.00033
0.00033
0
0
0
0
0
0
0.00672333
0.00696667
0.00590333
0
0
0
0
0
0
0
0
0.00051
0.00051
0.00106
0.00055
0.00112667
0.000576667
0.00076
0.000183333
0.000183333
0
0
0
0.0035
0.0412467
0.0549867
0
0
0
0
0
0
0
0
0
0
0
0
0
0
0
0
0
0
0
0
0.01129
0.00028
0
0
0
0
0
0
0
0
0
0
0
0
0
0
0
0
0
0
0
0.0163067
0.0266133
0.06426
0
0
0
0
0
0
0
0
0
0
0
0
0
0
0
0.00670333
0.000423333
0
0
0
0
0
0
0
0
0
0
0
0
0
0.0305167
0.0395233
0.03274
0.00300333
0.000663333
0.0230933
0.01299
0.03236
0.0447567
0.0121667
0.01431
0.09071
0.104597
0.0453467
0.08755
0.03448
0.0165833
0.120053
0.10188
0.14023
0.1581
0.0826267
0.0515967
0.16383
0.185533
0.11406
0.0955867
0.135873
0.107327
0.113287
0.15754
0.174733
0.169863
0.09588
0.0551933
0.04711
0.08483
0.0660867
0.0299533
0.0169
0.00263
0.0003
0
0
0
0.00056
0.00177667
0.00776667
0.01571
0.0280467
0.0379233
0.0393267
0.03392
0.0193967
0.01005
0.00190333
0.00056
0
0
0.000386667
0.000483333
0.00667
0.01364
0.00332333
0.00184667
9.66667e-05
0.000383333
0.00137
0.00598
0.0136733
0.0278533
0.0354933
0.0469533
0.0335133
0.0340867
0.0198067
0.0256533
0.0282733
0.0292133
0.0293333
0.00910333
0.00892
0.0140533
0.03417
0.05691
0.0139767
0.00741333
0.00866667
0.0242133
0.00344
0.00044
0.000243333
0
0
8.66667e-05
0
0
0
0.01999
0.0458
0.0527433
0.0486933
0.0234133
0.197777
0.157377
0.1309
0.09487
0.00348667
0.000243333
0.000486667
0
0
0
0
0.02246
0.0362033
0.02264
0.00821667
0.0206467
0.0231367
8.66667e-05
0
0
0
0
0.05044
0.08236
0.23752
0
0
0
0
0
0
0
0
0.0081
0.00963333
0.0240733
0.0342533
0.0409533
0.0417867
0.0286433
0.0215233
0.0214833
0.00645
0.0138233
0.0138767
0.0107667
0.00946
0.0157467
0.00355333
0.0133633
0.0262567
0.0151933
0.0173533
0.0173567
0.00657
0.00716333
0.00438333
0.00335
0.00450667
0.00115667
0.00735667
0.00638333
0.00023
8.66667e-05
0
0
0.21392
0
0
0
0
0
0.00666667
0.0289333
0.00702
0.00696667
0.00645
0.0295567
0.02898
0.0445867
0.02026
0
0
0.000183333
0.000366667
0.000366667
0
0
0
0
0
0
0.153147
0.150167
0
0
0
0
0.00780667
0.0139633
0.04756
0.0969967
0.0808167
0.06844
0.0441133
0
0
0.000183333
0.000183333
0.000183333
0
0
0
0
0.124477
0.0872167
0.07397
0.0520967
0
0
0
0
0
0.00753333
0.00639333
0.180957
0.197233
0.136037
0.10682
0
0
0
0
0
0
0
0.0302767
0.03265
0
0
0
0
0
0
0
0
0.22092
0.122197
0.1751
0
0
0
0
0
0.00562667
0.02037
0.0280433
0.00666667
0
0
0
0
0
0
0
0
0
0
0
0
0
0
0
0.00384667
0
0
0
0
0
0
0
0
0
0
0
0
0
0
0.0233533
0
0
0
0
0
0
0
0
0
0
0
0.0234733
0.00794333
0
0
0
0
0
0
0
0.101887
0.0729533
0.09415
0.0548067
0
0
0
0.00183333
8.33333e-05
8.33333e-05
0
0
0
0.00364667
0
0
0
0
0
0
0
0.03643
0.0722967
0.0544933
0.04018
0
0
0
0.00220333
0.000453333
8.33333e-05
0
0
0
0
0
0.000266667
0
0
0
0
0
0
0
0.00602
0.0284
0.0134633
0
0
0
0.000656667
0.000286667
0
0
0
0
0
0.000266667
0
0
0
0
0
0
0.000323333
0.00496
0.00536333
0.000976667
0
0
0.000286667
0
0
0
0
0
0
0
0
0
0
0
0
0.000433333
0.000393333
0.00026
0
0
0
0
0
0
0
0
0
0
0
0
0
0
0
0
0
0
0
0.000526667
0
0
0
0
0
0
0
0
0
0
0
0
0
0
0
0
0
0
0
0
0
0
0
0
0
0
0
0
0
0
0
0
0
0
0
0
0
0
0
0
0
0
0
0
0
0.00157667
0.000106667
0
0
0
0
0
0
0
0
0
0
0
0
0
0
0
0
0
0
0.00135667
0
0
0
0
0
0
0
0
0
0
0
0
0
0
0
0
0
0
0
0
0
0
0
0
0
0
0
0
0
0
0
0
0
0
0
0
0
0
0.000293333
0.000293333
0.00102667
0.00038
0.00104333
0.00239
0.000346667
0.000346667
0
0
0
0
0
0
0
0
0
0.000173333
0
0
0
0
0
0
0
0
0.000583333
0.00523
0.000876667
0.00538
0.00149333
0.0003
0.000913333
0.000566667
0
0
0
0
0
0
0
0.00033
0
0.00033
0.00321
0.00371
0
0
0
0
0
0
0
0.000603333
0.00875
0.00118667
0.0125
0.00633
0.000296667
0.000296667
0.000836667
0.00027
0
0
0
0
0
0.00033
0
0.00066
0.0163433
0.04484
0
0
0
0
0
0
0
0
0
0
0.000313333
0.000916667
0.00848
0.0116933
0.00638667
0.00057
0.00047
0.0002
0
0
0
0
0
0
0
0
0.00103
0.00136
0.03175
0.02905
0
0
0
0
0
0
0
0
0
0
0
0
0
0
0
0
0
0
0
0
0
0
0.000433333
0.00012
0.01222
0.0314533
0.0117233
0.0002
0
0
0
0
0
0
0
0
0
0
0
0
0
0
0
0
0
0
0
0
0
0
0
0.00103
0.0248633
0
0
0
0.000683333
0.000683333
0.000236667
0.00092
0
0.000236667
0
0
0
0
0
0
0
0
0.0298833
0.0625833
0.0424067
0
0
0
0
0
0
0
0
0
0.000406667
0.000406667
0.00094
0.00134667
0.000336667
0.00127667
0
0.000336667
0
0
0.0833767
0.1285
0.0710133
0.102657
0.06644
0.11965
0.175503
0.15317
0.113907
0.144243
0.151237
0.04494
0.138797
0.104163
0.16086
0.07323
0.09209
0.0970367
0.0331867
0.0380133
0.0860133
0.117687
0.15727
0.16985
0.127477
0.0733633
0.10009
0.03295
0.122823
0.110133
0.120097
0.101553
0.00111667
0.00616667
0.0116
0.0268533
0.0353567
0.0392733
0.0116567
0.00175
0.000406667
0
0
0.000386667
0.0144367
0.00499333
0.03909
0.0540167
0.0605267
0.0540367
0.05038
0.0362767
0.02872
0.0190367
0.0124533
0.01488
0.00956333
0.00263667
0.0103467
0.0105733
0.0165267
0.0598633
0.09198
0.15367
0.0572867
0.08961
0.00902
0.01437
0.00255667
0.00223333
0.00756
0.0224867
0.0212733
0.00577333
0.000936667
0.00397
0.0119767
0.0249
0.0296433
0.02367
0.0196033
0.01574
0.0551233
0.193413
0.00746667
0.00748333
0.02228
0.0191067
0.000243333
0
0.000936667
0.0349767
0.0327133
0.0882467
0.00508667
0.00427667
0.0035
0.00266667
0.00277333
0.000243333
0.000243333
0
0.03157
0.0161133
0.01402
0.00509667
0.00635
0.00230667
0.00707333
0.00410667
0.00390333
0.00609
0.00236
0.00284333
0.000656667
0.00057
0
0.00349667
0.0115033
0.0131167
0.0236667
0.02253
0.129473
0.134277
0.158377
0.00057
0.00387667
0.000136667
0
0
0
0
0.00704667
0.000796667
0.000653333
0.00105
0.000793333
0.01218
0.01644
0.05698
0.0263467
0.00121667
8.66667e-05
0.000926667
0.00026
0.000173333
8.66667e-05
0.000173333
0
0
0
0.00256
0.00919667
0.0135067
0.0113533
0.113787
0.0996367
0
0.000433333
0
0
0
0.00639333
0.0123133
0.0546567
0.0950633
0.169603
0
0.00256
0.00664667
0.00408667
0.00448333
0
0
0
0
0
0.0465033
0.0741833
0.156877
0.191917
0.0929367
0.05387
0.02916
0
0
0
0.0220633
0.0288267
0
0
0
0
0
0.162017
0.17394
0.134803
0.106703
0.08917
0.0506933
0.02394
0
0
0
0
0.0109433
0.0144167
0.00852667
0.01017
0
0
0
0
0
0.0898133
0.139897
0.16
0.142983
0.111893
0.08618
0.06225
0.0384867
0.0199467
0
0
0
0
0.00420667
0.0113033
0.01216
0
0
0
0
0.0854267
0.0667333
0.12861
0.10701
0.10731
0.0751033
0.0448
0.0557567
0.0327533
0
0
0
0
0.00402
0
0
0
0
0
0.0632433
0.0378233
0.0892467
0.046
0.04302
0
0
0
0
0
0
0
0
0
0.0400167
0.00960667
0.0375133
0.0245533
0
0
0
0
0
0
0.00014
0.00014
0
0
0
0
0
0
0.00129667
0.0122833
0.00410667
0
0
0
0
0
0
0
0
0
0
0
0
0
0
8.66667e-05
0.000263333
0.0009
0.000183333
0
0
0
0
0
0
0
0
0
0
0
0
0
0.00046
0
0
0
0
0
0
0
0
0
0
0
0
0.000436667
0
0
0
0
0
0
0
0
0
0
0
0
0
0
0
0.000436667
0.00742333
0.02007
0
0
0
0
0
0
0
0
0
0
0
0
0
0
0
0
0.00019
0.00809
0.0148767
0.000106667
0.000106667
0
0
0
0
0
0
0
0
0
0
0
0
0
0.00019
0.00019
0.00716667
0.00787
0.00115333
0.00104667
0
0
0
0
0
0
0
0
0
0
0.000153333
0
0
0
0
0
0
0
0.00016
0.00016
0
0
0
0
0
0
0
0
0
0.00263667
0.00248333
0
0
0.000733333
0.00128
0.000546667
0.000546667
0.000663333
0.000663333
0.00119667
0.00015
0.00216
0.000906667
0.0016
0
0
0
0
0.000173333
0.00984667
0
0
0
0
0.0108467
0.0138767
0.00704
0.00811667
0.000663333
0.00015
0.00761
0.00761667
0.00251333
0.00182667
0.00033
0
0.00013
0.00013
0.00013
0.00973667
0.03173
0.00221
0.00221
0
0
0.0315533
0.0329667
0.02975
0.0209
0.00363
0.00138333
0.000393333
0.01985
0.01619
0.00327
0.00262667
0.00112
0.00079
0.00604667
0.00832667
0.00571667
0.00274
0.0144567
0.02605
0.00229667
8.66667e-05
0
0.0242633
0.06436
0.0435867
0.0555433
0.03199
0.0138833
0.000816667
0.00899667
0.02733
0.03533
0.00754667
0.00622333
0.000936667
0.00947
0.0089
0.0141567
0.0244867
0.0116333
0.02151
0.0195267
0.0166733
0.000173333
8.66667e-05
0
0
0.00248667
0.0279467
0.0187533
0.05423
0.0490333
0.01981
0.0499767
0.0626133
0.019
0.0556067
0.0137133
0.000866667
0.0004
0.00285667
0.0109667
0.02285
0.02661
0.0318133
0.0174733
0.05562
8.66667e-05
0
0
0
0
0
0
0.00012
0.00012
0.00217333
0.01156
0.0727567
0.104863
0.02323
0.0101833
0.0002
0
0
0
0
0.00182667
0.01673
0.00381667
0.0170233
0.0183967
0.103223
0.156433
0
0
0
0.0018
0.00111667
0.00578667
0.00666667
0.00578
0.000913333
0.000676667
0
0
0
0
0
0
0
0.00084
0.00084
0.00358333
0.00442333
0.127723
0.15504
0.0203967
0.000186667
0.0106
0
0.000186667
0
0
0
0
0.00167
0.00167
0.00673667
0.00547333
0.0102767
0.00615
0.00543667
0.00990333
0.000336667
0.00449667
0
0
0
0
0.00139
0.00139
0.0201
0.0269767
0.18359
0.01363
0.00152333
0.00961
0.000406667
0.00125333
0.000406667
0.174567
0.164847
0
0.000573333
0.000573333
0.00795667
0.00686
0.01848
0.0197
0.0216133
0.0360433
0.07167
0.154597
0.109987
0.129043
0.0603167
0.0870433
0.0342467
0.12448
0.09565
0.07474
0.0349933
0.0739467
0.00461667
0
0.0003
0.000556667
0
0.00178
0.000386667
0.0283933
0.00964333
0.0255833
0.00494333
0.00189667
0.00072
0.00518333
0.00210667
0.00187
0.11662
0.12592
0.0626
0.0457267
0.05705
0.0188867
0.0267133
0.02471
0.04645
0.00724
0.00199
0.00233333
0.0216833
0.0286767
0.0186667
0.0244467
0.024
0.15835
0.00617333
0.00377667
0.00496
0.0229667
0.0219767
0.02147
0.0517467
0.0464967
0.173143
0.1422
0.0217633
0.00745
0.0123267
0.0240933
0.0106933
0.122973
0.0896067
0.167357
0.02291
0.00981
0.00704667
0.00861
0.00185667
0.13956
0.125627
0.0138567
0.0299933
0.00401
0.000703333
0
0.00065
0.00104
0.00102
9.33333e-05
8.66667e-05
8.66667e-05
8.66667e-05
0.000513333
0.000396667
0.00402
0.0798467
0.08893
0.00764667
0.0179267
0.00027
0
0
0
0.00039
0.00144
0.000513333
9.33333e-05
0
0
0
0
0
0.00390333
0.01334
0.03529
0.0432967
0.04976
0
0.00737667
0
0
0.00261333
0.00039
0.00573333
0.0334133
0.00148
0
0
0
0
0.00943667
0.0135667
0.0534067
0.0335067
0.0066
0
0
0
0.00222333
0.00805333
0.0361233
0.00498
0.00587
0
0
0.00018
0.00431
0.00632333
0.0346767
0.00954667
0.00565333
0
0
0
0.0110133
0.00602333
0.0178
0.000463333
0.00018
0.00018
0.00219333
0.00416
0.00500667
0.000443333
0
0
0
0
0.0134933
0.00537667
0.0307733
0.0288367
0.03079
0
0
0.00201333
0.00201333
0
0
0
0
0
0.000193333
0.00850333
0.0220667
0.00964
0
0.000463333
0
0
0
0
0
0
0
0
0
0
0
0
0.00395
0.000743333
0
0
0
0
0
0
0
0
0
0
0.000176667
0.000183333
0
0
0
0
0
0
0
0
0
0
0
0
0
0.000513333
0.00442
0
0
0
0
0
0
0
0
0
0
0.00095
0.00889333
0.0248567
0.01711
0
0
0
0
0
0
0
0
0
0
0.00106333
0.00900667
0.0227967
0.0341
0.0350367
0
0
0
0
0
0
0
0
0
0
0
0.000816667
0.00115333
0.01519
0.02824
0
0
0
0
0
0
0
0
0
0
0
0.000526667
0.00048
0.0148667
0.000783333
0.0215367
0.00747
0
0
0
0
0
0
0
0
0
0
0
0
0.000143333
0.000446667
0.000463333
0
0
0
0
0
0
0
0
0
0
0
0.000143333
0.000143333
0.000143333
0
0
0
0.000906667
0
0
0
0
0.000173333
0
0
0
0
0.00782333
0.000253333
0.000253333
0
0.000246667
0.00115333
0.00660333
0
0
0
0.0005
0.000673333
0.00247
0.00238
0.00697
0.00459
0.0068
0.02523
0.0179133
0.0132533
0.00316333
0.0140233
0.0272633
0.00323333
0.000623333
0.00124667
0.00165
0.00415333
0.00195667
0.02209
0.0320167
0.0191067
0.0146033
0.0632967
0.04505
0.0563067
0.0318267
0.0524033
0.06413
0.0204833
0.00830667
0.00779333
0.00437
0.0122767
0.0106467
0.03124
0.04912
0.0371933
0.0155867
0.00336667
0.05848
0.0763633
0.0745933
0.0727833
0.0653467
0.09381
0.100293
0.0389
0.0310233
0.0305467
0.0214733
0.01711
0.0716933
0.0971933
0.0380133
0.01738
0.00434
0.00114667
0.02664
0.0472767
0.0688667
0.0783
0.0929633
0.0958133
0.0804667
0.0797533
0.0526633
0.0242667
0.03495
0.0358267
0.13433
0.13111
0.0295433
0.00152667
0.0168833
0.000466667
0
0
0.02468
0.03823
0.0697767
0.0797767
0.106723
0.109573
0.138663
0.12513
0.0687333
0.0495133
0.00286667
0.00554
0.00346667
0.01341
0.00612
0.16461
0.144343
0.000466667
0
0
0
0
0
0
0.00167333
0.00279
0.00938
0.0125733
0.02727
0.0287667
0
0.00139333
0.00223333
0.00806667
0.0102567
0.02233
0.0375933
0.0783733
0.0970067
0.13463
0.121363
0.130143
0.131787
0.10248
0.0136467
0.00323333
0.00319333
0.000146667
0.0131233
0.00909667
0.00493667
0.000776667
0
0
0.00139
0.00278
0.01442
0.0186767
0.0145067
0.00911
0.143887
0.102067
0.0980833
0.06715
0.0737767
0.02916
0
0
0
0
0.000556667
0.00223
0.00728
0.0133133
0.0274533
0.0338067
0.01884
0.01116
0.00166
0.000813333
0.000406667
0
0
0.0263633
0.0378833
0.0764133
0.0165067
0.00624
0.00072
0.00114667
0.00575667
0.01147
0.03021
0.0373433
0.0527333
0.0382233
0.04236
0.0248433
0.0253067
0.0102033
0.00703333
0.00176667
0.00261667
0.0112067
0.02162
0.0303967
0.0854133
0.124477
0.10784
0.00726333
0.00431667
0.0237867
0.0560267
0.03491
0.04432
0.00503667
0.00191667
0.0375767
0.02929
0.0182333
0.00626667
0.0983633
0.0672367
0.00560667
0.00712333
0.0300767
0.01819
0.0172833
0.11087
0.0937267
0.02999
0.0177467
0.0569433
0.13054
0.109493
0.00669667
0.01197
0.132377
0.119723
0.07021
0.0713533
0.0106367
0.04176
0.0830567
0.104627
0.111843
0.114513
0.0985533
0.0653767
0.02923
0.04458
0.115647
0.07823
0.134617
0.0866867
0.11025
0.0662833
0.0882733
0.0464333
0.07634
0.03865
0.0247167
0.0131433
0
0.05112
0.0471933
0.10969
0.06499
0.0956967
0.09652
0.0235733
0.0277233
0.0328433
0.0115333
0.00576667
0
0
0
0.00195
0.00195
0.0116533
0.0363967
0.0544467
0.03654
0.00685667
0.00621
0.000443333
0
0
0
0
0.000193333
0.0143433
0.00241333
0.00795667
0.0149033
0.0134133
0.00459333
0.000443333
0
0
0
0
0
0.000193333
0.000386667
0.0182667
0.00244667
0.000433333
0.000433333
0.000573333
0
0
0
0
0.000193333
0.00689667
0.00102333
0
0
0
0
0
0
0
0
0.00056
0
0
0
0
0
0
0
0
0.000393333
0.00057
0
0
0
0
0
0
0
0
0.000906667
0.00495333
0.00461667
0
0
0
0
0
0
0
0
0
0.0125033
0
0
0
0
0
0
0
0
0
0
0
0
0
0
0
0
0
0
0
0
0
0
0
0
0
0
0
0
0
0
0
0
0
0
0
0
0
0
0
0
0
0
0
0
0.000403333
0.000403333
0.000403333
0
9.66667e-05
0.000273333
0.000176667
0.00255667
0.00102667
0.00154667
0.000923333
0.00167
0.00957333
0.0245167
0.00819667
0.00559333
0.0105267
0.00722667
0.02947
0.03941
0.0540867
0.0239467
0.0146067
0.02612
0.0246433
0.0261767
0.06358
0.0585767
0.0616133
0.0574667
0.0425967
0.0402667
0.0432233
0.0384167
0.0386767
0.0279133
0.08897
0.07733
0.07671
0.06942
0.0221833
0.03957
0.0795033
0.0720567
0.0360367
0.0992033
0.10273
0.01877
0.00341333
0.0487933
0.06618
0.09873
0.0268933
0.0607933
0.00503333
0.00924
0.0232467
0.01083
0.00490667
0.00107333
0.03466
0.01174
0.0129333
0.03155
0.0330067
0.00334
0.0486433
0.0301733
0.02569
0.0223933
0.04056
0.05421
0.0433633
0.0335833
0.0625633
0.0658433
0.106337
0.0890967
0.0595867
0.0925133
0.08664
0.0850367
0.13884
0.122783
0.12544
0.12113
0.117637
0.146003
0.135337
0.13644
0.12415
0.101857
0.00693667
0.01465
0.01524
0.000303333
0.00823333
0.0297633
0.02853
0.0126833
0.00557667
0.0338133
0.06106
0.0475733
0.00750333
0.00493333
0.01222
0.00867
0.0556767
0.0598367
0.06777
0.0445267
0.02899
0.0294167
0.0554467
0.0815767
0.09939
0.0798767
0.0962233
0.102973
0.128027
0.126403
0.00711667
0.0140033
0.00854667
0.000303333
0.00130667
0.0289367
0.00043
0.0542833
0.00536333
0.00161333
0.0559667
0.0663433
0.0511033
0.03547
0.0144133
0.00583333
0.0268233
0.0703433
0.05937
0.0684567
0.0316867
0.0613733
0.0867933
0.0563
0.00472
0.01202
0.01207
0.00382667
0.000893333
0.0117633
0.00043
0.00043
0.000243333
0.0234333
0.00824333
0.0323733
0.0308267
0.0266233
0.02094
0.0374967
0.0105933
0.00154333
0.00033
0.00479333
0.02631
0.0289433
0.0096
0.0155033
0.01956
0.0194933
0.00407
0.00446333
0.00408667
0.00026
0
0
0
0
0
0.0107833
0
0.00535667
0.03103
0.00033
0.00513667
0.0306033
0.0165
0.00074
0.000856667
0.00026
0
0
0.000346667
0
0
0
0.000943333
0.00051
0.00695667
0.00814
0
0
0.0233567
0.0211267
0.00165333
0.00054
0.00055
0
0.00792333
0.01065
0
0
0.0235233
0.0253267
0.00410667
0.00321667
0
0
0.00100667
0.00135333
0.00287
0
0
0
0
0.000116667
0.00144333
0.00144333
0
0
0.00591
0.00446667
0.000773333
0.000233333
0
0
0.00515333
0.00461333
0
0
0.00899333
0.00476
0.01173
0.01767
0
0
0.00897667
0.0138667
0.00694667
0.0097
0
0.000246667
0.00614333
0.000246667
0
0
0
0
0.000233333
0
0
0
0.000686667
0.00092
0.02877
0.02982
0.0273267
0
0
0.00650333
0.0124233
0
0
0.00761667
0
0
0.00172
0.000246667
0.000183333
0
0
0
0
0
0.000183333
0
0
0.0270267
0.0266067
0.0127067
0.01094
0
0
0.0135967
0.0109633
0
0.0001
0.0001
0.00166667
0.000193333
0.00351
0.00435333
0
0
0
0.0001
0
0.00744333
0
0
9.33333e-05
9.33333e-05
0.00402667
0.00411667
0
0
0.00779333
0.00245667
0.00635333
0.000376667
0.000573333
0.00789333
0.00698333
0
0.000376667
0.01844
0.000296667
0.000193333
0.0173067
0.0202133
0.0227333
0.0001
9.33333e-05
0.00987333
0
0
0.000823333
0.00171333
0.00468333
0.00602667
0.000756667
0.01335
0.01755
0.00132667
0.00543667
0.000193333
0.03221
0.0314567
0.00725333
0.00887333
0.000193333
0.0335967
0.00095
0.00208667
0.0121833
0
0.00522667
0.00523333
9.33333e-05
0.00594
0.00124333
0.000106667
0.00026
0.000606667
0.0200567
0.00746333
0.0151567
0.0128067
0.0193733
0
0.0296067
0.0245967
0.0234
0.0246967
0.02146
0.01142
0.0280467
0.01845
0
0
0.0114167
0.00768
0.01394
0.00405333
0.0099
0.00219
0.0035
0.000346667
0.000346667
0.03114
0.00718
0.00295667
0.0275367
0.02027
0
0.03884
0.0352233
0.0352267
0.00695
0.0326067
0
0.0283167
0.0185667
0.000286667
0.00434
0.01032
0.00448
0.0099
0
0
0.0246767
0.00957
0.00554667
0.00429333
0
0
0.0131933
0
0.00261
0
0.03374
0.0218
0.0106633
0
0.00289667
0.00261
0
0
0.0440733
0.0334967
0.01886
0
0.000286667
0.0237767
0.01035
0.00843
0.000383333
0.000616667
0.00842667
0.00068
0.00057
0.000483333
0.000383333
0.0236467
0
0.000233333
0.0338533
0.0448667
0.00167667
0
0
0
0.0435633
0.01379
0.00260333
0
0
0.02786
0.0180033
0.01582
0.00477667
0.00516333
0.00231333
0.000103333
0.00099
0.00515
0.0302533
0.0166667
0.000606667
0.00144333
0.000233333
0.00100333
0.0486267
0.00129667
0
0
0
0.0435067
0.000836667
0
0.00162667
0.000436667
0
0
0.0148033
0.00472333
0.00359667
0.0168367
0.01314
0.00182333
0.000103333
0.00923333
0.00898
0
0.00591
0.00077
0.0192067
0
0.0276733
0.01409
0
0.000836667
0
0.0125167
0.00233
0.000106667
0
0
0.00156333
0.000106667
0.02763
0.0294333
0.00192
0.0002
0.00636667
0.01448
0
0
0.0202567
0.0200833
0
9.66667e-05
0.00495
0.00405667
0.00513
0.00429333
0.00473
0
0
0
0
0.00270667
0.00188
0
0
0.00100667
0
0.0254567
0.0106
0.0002
0
0.02348
0
0
9.66667e-05
0.00102667
0.00449333
0
0.0161
0.0002
0
0.0171
0.00283333
0.00474
0.000736667
0
0
0.0156333
0.01175
0
0
0.0259033
0.000326667
0.000826667
0.00682333
0
0.0189967
0.0168567
0.02109
0.0355867
0.00124333
0.00124333
0
0.000363333
0.00307
0.00939
0.00271667
0.000563333
0.03591
0.0224133
0.00694333
0.00472667
0
0
0.0159167
0.00996333
0.00524
0
0
0.0361967
0.0279733
0.00115333
0.00599667
0.00749667
0.0319867
0.00182667
0.02282
0.0214167
0.00126667
0.00756333
0.0102633
0.00817667
0.00692667
0.02386
0.0255867
0.0171333
0.0148567
0.0188
0
0
0.00916667
0.0114
0
0.03321
0.0015
0.0015
0.0358767
0.00989
0.01084
0.00609333
0.00499667
0.000246667
0.0405
0.0336233
0.00419
0.00475333
0.0239533
0.0146267
0.00556
0.0091
0.0205267
0.0205533
0.0272367
0
0
0.02372
0.0194667
0.02325
0
0
0
0
0.0228233
0.0175567
0.0252067
0.000403333
0.000403333
0.000246667
0
0.03142
0.000403333
0.00081
0.0432567
0.0426667
0.0418167
0.0290133
0.000966667
0.000563333
0.02755
0.0264333
0.0247167
0
0
0.0196333
0.01482
0.0226
0
0.0001
0.0001
0.0100233
0.02733
0.0146467
0
0
0
0.0001
0.03427
0
0
0.0127167
0.0320867
0.03463
0.04495
0
0
0.0198333
0.0143633
0.0109433
0.00034
0.000783333
0.02405
0.03018
0
0.00034
0.0210367
0.000543333
0.0188433
0.0171933
0.0262367
0.0324233
0.02877
0.0001
0.00709333
0.0202967
0
0
0.02463
0.0108167
0.00478667
0.00652
0.0385233
0.01461
0.01842
0.000876667
0.00488
0.0348467
0.0313733
0.03013
0.0075
0.00947333
0.0204267
0.03292
0.000536667
0.000536667
0.0121833
0.00535667
0.00522667
0.00523333
0.00559667
0.0115033
0.000106667
0.000106667
0.0208133
0.00585333
0.01684
0.0146767
0.0148967
0.0134633
0.00877667
0.0243667
0.0277533
0.00744333
0.0237667
0.02412
0.0201967
0.00320667
0.0323833
0.0227733
0.00473
0.00473
0.00267
0.00768
0.0182633
0.00464333
0.0111767
0.000106667
0.00255333
0.00467667
8.66667e-05
0.0306367
0.0149933
0.00269667
0.0280567
0.02113
0.00932
0.0247067
0.0352533
0.00803
0.0369433
0
0.0151767
0.00297
0.000776667
0.00542
0.0006
0.00274667
0.0134367
0
0
0.03633
0.0193267
0.0137167
0.00964333
0.00459
0
0.0461233
0.0178467
0.00459
0.00261
0
0.0388633
0.03327
0.0222433
0.0152533
0
0.00338667
0.00261
0
0
0.0252
0.0223933
0
0.000776667
0.0131033
0.000596667
0.000786667
0.0111767
0
0
0.01401
0.01958
0
0.0460133
0.0309033
0
0
0.04829
0.02051
0
0
0
0.04259
0
0
0.01343
0.00191333
0
0
0.0222767
0.00958333
0.000296667
0
0.000403333
0.0189767
0.02995
0
0
0.0350633
0
0.000403333
0.0401067
0.0218933
0
0
0.0495167
0.0456333
0.00763667
0
0
0.0359733
0.02833
0.00172667
0
0
0.0145233
0.00505
0.00135333
0.00161
0.01961
0.0232833
0.000146667
0.00578
0.01433
0.0277633
0.000146667
0.00457333
0.0238467
0.0264233
0.0388
0.00591
0.00737333
0
0
0.0224333
0.0216233
0
0
0.00781667
0.00505
0.00422
0.01332
0.00901667
0.00829
0.0285033
0.0146233
0.00216667
0.00912333
0.00301333
0.01132
0.00458667
0.0196733
0.00792
0.00845333
0.00961667
0.000416667
0.000416667
0.00892333
0.00116333
0
0.00317333
0.00287667
0.0251333
0.0373533
0.00133333
0.000703333
0.02434
0
0.000703333
0.0170167
0.00649
0.00586
0.00146333
0.0146033
0.00615667
0.000296667
0.00146333
0.00146333
0.000416667
0.00011
0.00011
0.00615
0.00116333
0.000296667
0.000406667
0.0375433
0.02909
0
0
0.04675
0.0477333
0
0
0.0495867
0.0211667
0
0.0292967
0.0269933
0
0
0
0.00193
0.00151333
0
0
0.0111367
0.00498667
0
0
0.0163467
0.01466
0
0
0.0423667
0.0409667
0.00537
0
0.03285
0.05197
0.00622667
0
0
0.0281633
0.00166
0
0
0
0.00151333
0
0
0.00719
0.00104
0
0
0.01735
0.00717
0.00221
0
0
0.00810333
0.00209667
0
0
0.01828
0.00013
0.00013
0.00845667
0.000563333
0
0.00013
0.01271
0.0178467
0
0
0.01273
0.00145667
0
0
0.0121067
0.00256333
0.0109567
0.02674
0
0.00106333
0.0131333
0.02475
0
0
0
0.00274
0.00367333
0.0023
0.00324333
0.00419667
0.0104433
0
0
0.000293333
0.00290333
0.00878333
0.00768333
0
0
0.0244433
0.0232533
0.0213467
0.00509
0.000163333
0.000163333
0.0184067
0.03206
0.04011
0.00201
0.01026
0.00229667
0.00975333
0
0.000946667
0.0300567
0.0119233
0.00375667
0.0168967
0.0138667
0.0207467
0.00312
0.02043
0.03082
0.000346667
0.00051
0.0308433
0.0395633
0.0176667
0.0280167
0.0146867
0.0352767
0.0359133
0.00185667
0.0103267
0.00594333
0.0284233
0.02628
0.0243
0.0329867
0.00152667
0.0221433
0.00091
0.00512333
0.0226067
0.00272667
0.00951333
0.00716
0.0194
0.0283867
0.00447
0.000603333
0.02578
0.0244
0.03093
0.0362833
0.0144033
0.0251767
0.0153233
0.00962333
0.01487
0.0116367
0.0307333
0.02055
0.01542
0.00990667
0.0238967
0.0244567
0.00095
0.00215
0.0173167
0.00793
0.0121333
0.00715667
0.01672
0.01279
0.00969333
0.0124167
0.00936333
0.02699
0.02841
0.0105733
0.00722
0.01789
0.00368
0.0152567
0.00765
0.02463
0.0114833
0.00264333
0.0341167
0.0284267
0.0168833
0.0201967
0.02479
0.0105833
0.00672333
0.0048
0.00115
0.02215
0.01775
0.0172433
0.000726667
0.00785333
0.00417333
0.0113533
0.00122333
0.00368
0
0.0137933
0.00893333
0.0150333
0.0245133
0.00165333
0.000626667
0.0349167
0.02846
0.00113667
0.00283
0.0494933
0.00582
0.0181233
0.0312267
0.0410233
0.0211967
0.0168033
0.00594
0.000523333
0.000523333
0.00174667
0.00013
0
0
0.0152433
0.0100367
0.00916333
0.00138
0.02815
0
0.0276433
0.0132067
0.04259
0
0.00113667
0.00136
0.000583333
0.00570333
0.0209967
0.0369133
0.0170033
0.00612333
0
0
0.000643333
0.00013
0
0
0
0
0.000856667
0.0177367
0
0.0373833
0.0452
0
0
0.00542333
0.04761
0.0366967
0.00025
0
0.00456667
0.02071
0.00949667
0.00051
0.000656667
0.000823333
0.00031
0.00026
0.00077
0
0
0.00026
0.000856667
0.000146667
0.00962667
0.0148033
0.00026
0.00026
0.000856667
0.03073
0.00117667
0.00117667
0.000856667
0
0.0366933
0.04025
0
0
0.02519
0.0104233
0.00736
0.00741333
0.00031
0
0.00747333
0
0
0.00071
0.006
0.00136
0.00178
0
0
0.0245767
0.00068
0
0.0224267
0.0194833
0.0358933
0.0157867
0
0
0.0276333
0.00908333
0
0
0.02203
0.03035
0.000563333
0.00569
0.00569
0
0.01036
0.0138933
0
0.00981
0.00444333
0.00137
0.000193333
0.00531333
0
0
0.00491
0.00418
0.00068
0.00068
0.00489
0.00810667
0.05749
0.0435
0
0
0.00668
0.0152
0
0
0.05755
0.0415133
0
0
0
0.000323333
0.000323333
0
0.00064
0.000446667
0.00463333
0
0
0.000323333
0.00077
0.04459
0.0164267
0
0
0.0559933
0.00681667
0
0.0317567
0.0510167
0
0
0
0
0
0.0144267
0
0
0.00538667
0.000943333
0.00019
0
0
0.0201967
0.0110533
0
0
0.0369733
0.00056
0
0.04262
0.04286
0.00207667
0
0.00056
0.0304533
0.00134667
0.00328667
0
0.01571
0.00153667
0.00440333
0
0
0.00953667
0.00381
0
0
0.0166233
0.00748
0
0.000563333
0.0187833
0.00112333
0.0191967
0.0146867
0
0.00179
0.02446
0.00793333
0.00179
0.00328667
0.0194767
0.00886
0
0.0192967
0.00149667
0
0.0167767
0.00075
0.0262367
0.0340233
0.0105167
0.0174467
0.02455
0.03528
0.00197667
0.0120167
0.0238833
0.0190333
0.0133267
0.00546
0.01939
0.00579333
0.0158167
0.0148067
0.0049
0.00512333
0.02886
0.02947
0.02625
0.00172
0.0242567
0.0405333
0.00230333
0.01151
0.0224667
0.03915
0.00453333
0.00619667
0.0290833
0.0395267
0.01302
0.03872
0.0342267
0.00321333
0.0248767
0.0178267
0.00726
0.0224333
0.0243433
0.02938
0.00801
0.00865
0.0511433
0.0421433
0.0122
0.0154067
0.0268933
0.0392933
0.00697
0.00543
0.00520333
0.0106
0.02483
0.0261767
0.02138
0.0139633
0.0244633
0.02955
0.00272333
0.0197033
0.0126467
0.00249333
0.00849
0.0152833
0.00887333
0.01798
0.03099
0.00610667
0.0291167
0.00397
0.00655333
0.01267
0.0112633
0.01024
0.000666667
0.00106333
0.0206467
0.00642333
0.00733
0.000916667
0.000863333
0.000236667
0.00925667
0.00071
0.00139
0.0167867
0.00808333
0.0147367
0.00815333
0.00533333
0.000573333
0.00789
0.00844
0.00864
0.00165333
0.00641333
0.00217
0.00068
0.00854667
0.00068
0.00881
0.000263333
0.00211667
0.000863333
0
0.000263333
0.000263333
0.000943333
0.00165667
0.00055
0.00048
0.00048
0.000983333
0.00048
0.0187367
0.00118
0.00200667
0
0.01912
0.00179
0
0.00117333
0
0.0021
0.00235333
0.00061
0
0
0.00449333
0.00421333
0
0
0.00033
0.0211033
0.00181
0
0.00671
0.00635667
0
0.00033
0.03529
0.02569
0.00649333
0
0
0
0.01463
0.00780667
0.01102
0
0
0
0
0.00608667
0.00372667
0.00496
0.00460667
0.0310867
0.01635
0
0.000683333
0.00894667
0.0212467
0.0174133
0.00033
0.00467
0.0195767
0
0.0141933
0.0197667
0
0
0
0.0161167
0
0.00300667
0.01912
0.0132267
0.01925
0.0227767
0.0183733
0.000683333
0.00509
0.0134367
0.00246667
0
0
0.0297767
0.01053
0
0.00132667
0.00122
0.02104
0.0361333
0.0118667
0.00112667
0.00265667
0.0176133
0.0306867
0.0130533
0.00688
0.00619667
0.00208333
0.00207
0.0206933
0
0
0.0282633
0.01313
0.00075
0.00075
0.00198333
0.01006
0
0
0.00156667
0.0259633
0.0215
0.00223667
0.00282
0.0185967
0.00188
0.0101867
0.00399
0.01656
0.02146
0.00328333
0.00507
0
0
0.00183667
0.00377333
0
0.00075
0.00743333
0
0
0.00561
0.00635333
0.0164967
0.02022
0.00439333
9.33333e-05
0.00462
0.00063
0.0359633
9.33333e-05
0
0.00108667
0.00108667
0.02197
0.000583333
0
0
0.00618667
0.00615333
0
0
0.00236333
0.03604
0.0142067
0.00063
0.00173333
0.00173333
0.000356667
0.04743
0.00981333
0.00063
0.00015
0.000506667
0.0176367
0.0170233
0.00011
0
0.00124
0.000616667
0
0.00015
0.00015
0.0491367
0.0419133
0
0
0.00685667
0.04472
0.0605267
0.00011
0.00011
0.00981333
0.00520333
0.0115533
0.00720333
0.000623333
0
0
0.00011
0.00235667
0.00250667
0.07781
0.06753
0.00275
0.00865
0.0167533
0.0205033
0.04903
0.04113
0.00601
0.0329533
0.00981333
0.01112
0.0195467
0.0238667
0.0331733
0.0144933
0.0207467
0.0197233
0.00234
0.00348667
0.000166667
0.000706667
8.33333e-05
0
0.0143733
0.00721
0.0218367
0.00963
0.0272333
0.09013
0.03705
0.0451533
0.07175
0.0325233
0.0478367
0.00141333
0.00262
0.0721233
0.115353
0.0353333
0.00019
0.0431567
0.0703267
0.02491
0.00292333
0.04214
0.0268933
0.00550333
0.00438
0.032
0.08618
0.04736
0.0769967
0.104497
0.0976567
0.10217
0.0986533
0.11971
0.0797
0.0927733
0.00264667
0.00377
0.0794867
0.12318
0.0685033
0.02826
0.00675333
0.0737133
0.06507
0.0200367
0.0297133
0.0192667
0.0183233
0.07224
0.0594133
0.04193
0.05124
0.0973633
0.16341
0.05257
0.156773
0.152353
0.161917
0.15026
0.0372533
0.1004
0.143343
0.15296
0.14571
0.17369
0.00449
0.08441
0.09778
0.0964833
0.0149367
0.0685367
0.03187
0.06208
0.0258767
0.0770633
0.0530067
0.0266767
0.0423933
0.0349
0.0395067
0.172603
0.112567
0.162523
0.187433
0.0265333
0.0582
0.107617
0.0594967
0.0560567
0.01308
0.00498
0.01068
0.0214967
0.0595867
0.0294067
0.016
0.00993
0.00445667
0.01275
0.0242667
0.0231833
0.0237167
0.0158867
0.04876
0.0319
0.0362867
0.00705333
0.09473
0.04309
0.108627
0.122497
0.10947
0.07121
0.0229967
0.0524
0.05723
0.04152
0.00621333
0.04012
0.0203267
0.0661033
0.00640667
0.00109667
0.00615
0.0162767
0.00592667
0.01074
0.02778
0.00094
0.000456667
0.00901667
0.0273433
0.0147567
0.02794
0.00203
0.000483333
0.00221
0.000483333
0
0.10382
0.118807
0.1
0.0684
0.0392167
0.04924
0.0572567
0.0405933
0.0226133
0.0357767
0.0204967
0.00658667
0.00724667
0.01948
0.0210133
0.0107033
0.0360333
0.000303333
0
0.0211667
0.00658333
0.0460033
0.0361867
0.0452533
0
0
0
0
0
0
0.06458
0.06091
0.06116
0.03903
0.0258833
0.00732333
0.04098
0.0580067
0.05052
0.02652
0.00969333
0.02866
0.01455
0.00301667
0.00635
0.000656667
0.01605
0.000983333
0.000443333
0.00172333
0.00100333
0.000443333
0.00112
0.0159267
0.0343733
0
0
0.01843
0.00362333
0.0334867
0.02072
0
0
0
0
0.00328333
0.01868
0.0158
0.000403333
0
0
0
0.0307967
0.06002
0.0522833
0.00610667
0.0114567
0.00714
0.00627
0.0234033
0.0377367
0.0309
0.0171667
0.000776667
0.01634
0.0158667
0.00068
0.00413333
0.00607667
0.000443333
0.02121
0.0179767
0
0.00545667
0.00728667
0
0
0.000536667
0
0
0
0
0
0
0
0.00153667
0.0205967
0.0214967
0.000343333
0.00094
0.00288
0.00345333
0.00558333
0.00669333
0.00500667
0.00034
0
0
0.000653333
0.00034
0
0
0
0
0.00021
0
0
0.000133333
0
0
0
0
0
0
0
0
0
0
0
0
0
0
0
0
0
0
0.000596667
0.00228333
0.00234
0
0
0.00168667
0
0.00021
0
0.00168667
0.00392
0
0
0.00021
0.00236667
0.00223333
0
0
0
0.000133333
0.000133333
0
0
0
0
0
0
0
0
0
0
0
0
0
0
0
0
0
0
0
0.00021
0.00021
0
0
0
0
0
0
0.00021
0
0
0
0
0
0
0
0
0
0
0
0
0
0
0
0
0
0
0
0
0
0.000336667
0.000336667
0.000546667
0.00140667
0.00119667
0
0
0
0
0.00323667
0.00344667
0.00430667
0.00912
0
0
0
0
0
0
0
0
0
0
0
0
0
0
0
0
0
0
0
0
0
0
0
0
0
0.00169333
0.000496667
0
0
0
0.00302333
0.00671667
0
0
0
0.0161333
0.0210333
0
0.0304033
0
0
0
0
0
0
0
0
0
0
0
0
0
0
0
0
0
0
0
0
0
0
0
0
0.000123333
0
0
0
0
0
0.000496667
0
0
0.00552
0.000496667
0
0
0
0.000783333
0.0138933
0.00611667
0
0
0
0.0260267
0.0135933
0.0376367
0.0223433
0.0111667
0
0
0.02606
0.0144667
0.0188533
0
0
0
0
0
0
0
0
0
0
0.000123333
0
0
0
0.000123333
0
0
0
0
0
0
0.00066
0
0
0
0
0.00133667
0.000676667
0.00674333
0
0
0
0
0.000676667
0.00718333
0
0.00033
0.00033
0.00153333
0.00221
0.00213333
0
0
0
0
0
0
0
0
0
0
0
0
0
0
0
0
0
0
0
0
0
0
0
0
0.00109333
0
0
0
0.00169333
0
0
0
0
0
0
0.00541
0.0006
0
0.00279333
0.00312333
0.00820333
0.0203067
0
0
0
0.00591667
0.01835
0
0
0
0
0
0
0
0
0
0
0
0
0
0
0
0
0
0
0
0
0
0
0
0
0
0
0.0006
0
0
0
0
0.0006
0.00843333
0.00508
0
0.0006
0
0
0.0208667
0
0
0
0
0.000406667
0.00353
0.02839
8.33333e-05
8.33333e-05
0
0
0.00772333
0.0149467
0.0235867
0.0263733
8.33333e-05
0.00179667
0
0
0
0
0
0
0
0
0
0
0
0
0
0
0
0
0
0
0
0
0
0
0
0
0
0
0
0
0
0.00335333
0.00374667
0
0
0
0
0.01618
0
0.000433333
0
0
0
0.000406667
0.03172
0.01928
0.00327667
0.00292667
0
0
0.000626667
0.00482
0.0251967
0.00464
0
0.00545333
0.01458
0.0128633
0.00159333
0.00330667
0.00695
0.00303333
0
0
0
0
0
0
0
0
0
0
0
0
0.000123333
0.000123333
0
0
0
0
0.000123333
0
0
0
0.000393333
0
0
0
0
0.0131333
0.0181333
0
0
0.000423333
0.000643333
0.0173667
0.0177433
0.0194133
0
0
0.000863333
0.00148
0.01158
0.03247
0.0192067
0
0.00157
0.00135
0.00657667
0.0189333
0.05197
0.00144
0.000976667
0.04045
0.00618667
0.00180667
0
0
0
0
0.00059
0.000466667
0
0
0
0.00340667
0.00387333
0
0
0
0
0.00035
0.000743333
0.00371667
0.0106067
0
0
0.00483333
0.01077
0.02218
0
0.00494
0.01214
0
0.00784333
0.0130667
0.0653867
0.0193667
0.01403
0.00164
0.01332
0.00042
0.00012
0.00054
0.00806
0.000466667
0.00477667
0
0.00319667
0.0007
0.0144833
0
0
0.00319667
0.00771333
0.00507667
0.00881667
0
0.0249767
0.0230667
0.03945
0.0506933
0.000183333
0.000183333
0.0173633
0.02494
0.0345367
0.000483333
0.000666667
0.01932
0.0690533
0.06762
0.00141667
0.0019
0.102373
0.01498
0.109073
0.0261567
0.0944833
0.0825733
0.00178333
0.0265867
0.0861367
0.0673767
0.02955
0.00685667
0.00361667
0.00378
0.00371
0.00047
0.01811
0.01122
0.00691
0.0109533
0.00402
0.00515667
0.0315033
0.0303933
0.000793333
0.00969667
0.0238667
0.0391533
0.0268
0.00380333
0.00319333
0.0311567
0.0394467
0.0306867
0.02728
0.00885
0.0113767
0.0402533
0.0100833
0.137723
0.271537
0.04433
0.0548633
0.364853
0.23774
0.0430267
0.117937
0.141553
0.106423
0.18453
0.163457
0.1432
0.0155633
0.01448
0.00710333
0.0183067
0.01332
0.00770333
0.05295
0.0333167
0.03539
0.0127467
0.0142033
0.0208133
0.0307267
0.0231133
0.0161533
0.0135467
0.07549
0.0939933
0.03709
0.0394033
0.02484
0.0209367
0.0420667
0.04147
0.0889833
0.09731
0.06453
0.161003
0.25545
0.391727
0.338737
0.33724
0.0686067
0.05334
0.0405433
0.03857
0.114023
0.0732233
0.05062
0.229333
0.226517
0.170343
0.272877
0.189443
0.366877
0.424063
0.548933
0.506337
0.629017
0.442793
0.507833
0.44779
0.331647
0.149507
0.271203
0.510167
0.2801
0.455283
0.471697
