0.000786667
0.000786667
0.00198667
0.0012
0.0012
0
0
0
0
0
0
0
0.00142667
0.00519
0.0171667
0.0284533
0.0296633
0.0191133
0.0064
0.00142667
0.0009
0.00289333
0.0141767
0.0251767
0.00164333
0
0
0
0
0
0
0
0
0
0
0
0
0
0
0
0
0
0
0
0
0
0
0
0
0
0
0
0
0
0
0
0
0
0
0
0
0
0
0
0
0.00376333
0.00643
0.0191433
0.01571
0.01447
0.00175667
0.00142667
0
0.00199333
0.00325333
0.0151533
0.0152733
0.0274533
0.0190967
0.0332667
0.02915
0.0688867
0.0865467
0.12818
0.10319
0.0854067
0.0358767
0.0258033
0.00964333
0.01285
0.00463333
0.00746
0.00459667
0.0058
0.01501
0.0148833
0.0167733
0.00638
0.00618333
0.00309
0.00144667
0
0
0
0
0
0
0
0
0
0
0
0
0
0
0
0
0
0
0
0
0
0
0
0
0.00078
0
0
0
0
0
0
0
0
0
0
0
0
0
0
0
0
0
0
0
0.00266667
0.00266667
0.00299667
0.00033
0.00033
0
0
0
0.00126
0.00252
0.00463333
0.01529
0.0175733
0.03196
0.0293667
0.0564067
0.07385
0.09399
0.0816967
0.0527333
0.0246967
0.00640667
0.00142667
0
0
0.00142667
0.00319667
0.01609
0.0267
0.0366567
0.0268567
0.0162667
0.00598667
0.00289333
0.00144667
0
0
0
0
0
0
0
0
0
0
0
0
0
0
0
0
0
0
0
0
0
0
0
0
0
0
0
0
0
0
0
0
0
0
0
0
0
0
0
0
0
0
0
0
0
0
0
0
0
0
0
0
0.00126
0.00431333
0.01623
0.0391233
0.05257
0.0735467
0.0799767
0.0971667
0.0937367
0.07741
0.0487
0.02071
0.00645333
0.00147333
0
0
0.00142667
0.00142667
0.01432
0.0145467
0.0262733
0.0136133
0.0134067
0.00168
0.00144667
0
0
0
0
0
0
0
0
0
0
0
0
0
0
0
0
0
0
0
0
0
0
0
0
0
0
0
0
0.00285333
0.00285333
0.00305667
0.000203333
0.00163
0.00142667
0.00142667
0
0
0
0
0
0
0
0.00017
0.00017
0.000873333
0.000703333
0.00189333
0.00119
0.00167667
0.000486667
0.000486667
0
0
0.00305333
0.0231267
0.04728
0.0745333
0.0873533
0.0834533
0.0868367
0.0616533
0.0556567
0.02325
0.0170133
0.00275667
0.00147333
0
0
0
0
0
0.00165333
0.00165333
0.00188667
0.000233333
0.000233333
0
0
0.000406667
0.000406667
0.00366667
0.00326
0.00611333
0.00285333
0.00285333
0
0
0
0
0
0
0
0
0
0
0
0
0
0.00141333
0
0
0
0
0
0.0251867
0.02804
0.0384333
0.01345
0.0237
0.0147333
0.0288567
0.0157533
0.0143267
0
0
0
0
0
0.00081
0.00098
0.0119
0.0117933
0.02286
0.01313
0.01319
0.00244
0.00125
0.0821733
0.10903
0.09749
0.0694
0.03018
0.01121
0
0.000203333
0.000203333
0.00162667
0.00142333
0.00142333
0
0
0
0.00305667
0.00346333
0.0315033
0.0317067
0.0621933
0.0370067
0.04252
0.0116267
0.01023
0.00145667
0.00145667
0
0
0
0
0
0
0
0
0
0.0160067
0.00436
0.00611333
0.00316667
0.00479667
0.00163
0.0454233
0.06898
0.1345
0.1011
0.109053
0.0566367
0.0607733
0.04196
0.0302833
0.0157533
0.00142667
0
0
0
0
0.00081
0.01207
0.02299
0.0325033
0.03248
0.0223233
0.00179667
0.01347
0.0133
0.0159467
0.00427333
0.0057
0.00285
0.00427667
0.00448333
0.0464467
0.07306
0.137557
0.126487
0.156813
0.0980333
0.11369
0.05678
0.0639233
0.0173733
0.01741
0.00149333
0.00149333
0
0
0
0
0
0.0276333
0.03059
0.0207167
0.03241
0.0194367
0.0584333
0.0875867
0.147137
0.170493
0.170707
0.142667
0.0947667
0.06529
0.03378
0.0175867
0.00305667
0.00142667
0
0
0
0
0.00057
0.01183
0.0124
0.0221533
0.00579
0.0160733
0.0261533
0.0261967
0.0159467
0.00712333
0.00427333
0.00427667
0.00468667
0.04665
0.07036
0.134653
0.154757
0.187987
0.190797
0.17528
0.13797
0.0835233
0.03876
0.0191967
0.00328
0.00149333
0
0
0
0
0.0174567
0.03066
0.0321467
0.04377
0.0496067
0.0772433
0.10497
0.14571
0.139167
0.140807
0.109163
0.0911633
0.0618167
0.03391
0.0177833
0.00312333
0.00149333
0
0
0
0
0.00057
0.00114
0.00419667
0.00442667
0.0161
0.0134967
0.0133
0.00162667
0.00142333
0.00468667
0.00794667
0.0403067
0.0607567
0.106857
0.136563
0.16638
0.187383
0.134993
0.101097
0.03261
0.02472
0.00366333
0.00178667
0
0
0
0.0014
0.00441667
0.00607
0.0205967
0.0236933
0.04108
0.0324967
0.06875
0.07647
0.106147
0.0901833
0.09156
0.0692633
0.05752
0.0294767
0.0176467
0.00298667
0.00149333
0
0
0
0
0
0.00162
0.00162
0.00182333
0.000203333
0.000203333
0.00285333
0.00754
0.0349233
0.06443
0.102147
0.124123
0.124777
0.137327
0.102157
0.07882
0.02545
0.0131367
0.00346
0.00187667
0
0
0
0
0.00305333
0.00305333
0.00916667
0.00611333
0.0120567
0.00912
0.03728
0.0348167
0.0580433
0.03197
0.0418133
0.0157333
0.01514
0.00181667
0.00149333
0
0
0
0
0
0
0
0
0
0.00285333
0.00583
0.0332133
0.0353533
0.07478
0.0494133
0.0774333
0.0373033
0.0494767
0.01681
0.01612
0.00193
0.00158333
0
0
0
0
0
0.00041
0.00041
0.00151
0.00427667
0.00537667
0.00775667
0.00458
0.00556667
0.00208667
0.00241
0.000323333
0.000323333
0
0
0
0
0
0
0
0
0.00297667
0.00297667
0.00797
0.00499333
0.00701
0.00201667
0.00429
0.00227333
0.00262
0.000346667
0.000346667
0
0
0
0.00159333
0.00200333
0.0136467
0.0131533
0.0245467
0.0140033
0.01356
0.00175667
0.000656667
0
0
0
0
0
0
0
0
0
0
0
0
0
0
0
0
0
0
0.00159333
0.00367
0.0153133
0.0250733
0.0348
0.0238133
0.0131167
0.00131333
0
0
0
0
0
0
0
0
0.00494
0.0156933
0.01683
0.01631
0.00260333
0.00140333
0.00140333
0
0
0
0
0.00142667
0.00142667
0.0134033
0.01573
0.0207033
0.00893333
0.00518
0.000206667
0.0009
0.0009
0.0121833
0.01223
0.0248967
0
0
0
0
0
0
0
0
0
0
0
0
0
0
0.00289667
0.00289667
0.00688333
0.00398667
0.00398667
0.00109
0
0
0.00109
0
0.000786667
0
0
0.00181667
0.00181667
0.00260333
0.03585
0.0278667
0.0270933
0.0305767
0.01682
0.0641967
0.02177
0.10769
0.0613667
0.109803
0.107097
0.08423
0.1187
0.05486
0.11008
0.02421
0.0633933
0.0169067
0.0324533
0.00403667
0.01527
0.00328667
0.00283333
0.00164333
0
0.00078
0
0.00276667
0.0169533
0.0422833
0.0287433
0.0147633
0.0137933
0.000786667
0.000786667
0
0
0.00276667
0.00078
0.0066
0.03193
0.0361433
0.0476433
0.0609
0.01698
0.0163867
0.00240667
0.00175667
0
0
0
0
0
0
0
0
0.00461333
0.0052
0.0114
0.03073
0.06873
0.00235
0.003
0.00065
0.00065
0
0
0
0
0
0
0
0
0
0
0.00173
0.00231667
0.02626
0
0
0
0
0
0
0
0
0
0
0
0
0
0
0.00173
0
0
0.000186667
0.000186667
0.0016
0.00141333
0.000763333
0.00738667
0
0.0592533
0.02746
0.08366
0.0035
0
0.00128333
0
0
0
0
0
0
0
0
0
0
0
0
0
0.000186667
0.0118333
0.0132467
0.0113633
0.00104
0.000276667
0.00326333
0.01065
0.0152933
0.0438233
0.131113
0.103963
0.159873
0.14625
0.04909
0.0945633
0.00367333
0.00145667
0
0
0
0
0
0
0.00159333
0
0
0
0
0
0
0
0
0
0.0243167
0.01267
0.0373567
0.0106
0.0108933
0.000276667
0.000276667
0.000146667
0.00341
0.00493333
0.00943
0.0910433
0.157047
0.19782
0.0508867
0.00547
0.00145667
0
0
0
0
0
0
0.00139
0.00298333
0
0
0
0
0
0
0
0
0.0014
0.01407
0.01547
0.02711
0.00057
0.00057
0
0
0
0.000146667
0.000293333
0.0159167
0.0172933
0.102023
0.00401333
0
0
0
0
0
0
0.00139
0
0.00139
0
0
0
0
0
0
0
0
0
0.0014
0.0014
0.0028
0
0
0
0
0
0
0.00134333
0.00149
0.0171133
0
0
0
0
0
0
0
0
0
0
0
0
0
0.00029
0.00029
0
0
0
0
0
0
0
0
0
0
0
0
0
0
0.00134333
0
0
0
0
0
0
0
0
0
0
0
0
0
0
0
0.00029
0
0
0
0
0
0
0.000726667
0.000726667
0.00186667
0.00114
0.00139
0.00025
0.0005
0.00025
0.00025
0
0
0
0
0
0
0
0
0
0
0
0
0
0
0
0.00091
0.00091
0.00091
0
0
0
0
0
0
0
0.000726667
0.00215333
0.01474
0.0144533
0.0151167
0.00278
0.00553333
0.00439333
0.00414333
0.00191
0.00191
0.00325333
0.00134333
0.00268667
0.00134333
0.00134333
0
0
0
0
0
0
0
0
0
0.00121667
0.00212667
0
0
0
0
0
0
0
0
0
0.000656667
0
0
0
0
0.000866667
0.00229333
0.0153067
0.0270267
0.0517033
0.04008
0.0313867
0.00633333
0.0516333
0.0485533
0.0652633
0.0213067
0.0199633
0.00134333
0
0
0
0
0
0
0
0
0
0
0
0
0.00121667
0.00121667
0.00243333
0
0
0
0
0
0.000703333
0.000703333
0.00251333
0.00321667
0.00589667
0.00459
0.0130767
0.0147367
0.00107333
0.0124267
0.000656667
0
0
0
0
0
0.00274333
0.00361
0.02694
0.03721
0.0624467
0.08242
0.03985
0.02135
0.00273
0
0
0
0
0
0
0
0
0
0
0
0
0
0
0
0
0
0
0
0.00121667
0
0.0019
0.00260333
0.0149767
0.01559
0.0182967
0.00723
0.00471667
0.00172333
0.000416667
0.000416667
0
0
0
0
0.00246667
0.00246667
0.00521
0.02536
0.00686
0.00273
0
0
0
0
0.00116333
0.00116333
0.00232667
0.00116333
0.00392667
0.00276333
0.00342333
0.00066
0.00066
0
0
0.02881
0.0182233
0.00519667
0.00178667
0
0
0
0
0
0
0
0.00312
0.00428333
0.00821
0.00625333
0.00785333
0.01764
0.0300367
0.0304567
0.0174833
0.00218
0.00109
0
0
0.000786667
0
0
0.00312667
0.00131
0.00546333
0.01613
0.00140333
0.00242333
0
0
0
0
0
0
0.00375333
0.00375333
0.00396
0.000206667
0.000206667
0
0
0
0.000946667
0.000946667
0.0136133
0.01434
0.0168667
0.00505333
0.00423333
0.00367333
0.00745333
0.00804667
0.0195333
0.0330567
0.0742967
0.108453
0.15015
0.147953
0.142353
0.0924067
0.0686667
0.0311367
0.0341067
0.02025
0.01696
0.00408333
0.00119
0
0
0
0
0
0
0
0
0
0
0
0
0
0
0.00119
0.00408667
0.01822
0.0329233
0.0210167
0.00507667
0.01988
0.00218
0
0
0
0.00400333
0.01897
0.0353033
0.04262
0.01458
0.0284167
0.00157333
0.05663
0.0580367
0.0582567
0.0607233
0.09382
0.04732
0.0602133
0.0419767
0.0827167
0.135683
0.0735133
0.07051
0.0242633
0.03468
0.14852
0.103383
0.0249133
0.02533
0.00397667
0.00591333
0.0274033
0.0665267
0.04964
0.00314667
0.00356
0.000413333
0.000413333
0
0.00346
0.00173
0.00369
0.0107467
0
0
0
0
0
0
0
0
0
0.00196
0
0
0
0
0
0
0
0
0
0
0
0
0
0
0.176987
0.0961233
0
0
0
0
0
0
0
0
0
0
0.17719
0.20826
0.05158
0.00488667
0
0
0
0
0
0.00132667
0.00132667
0
0
0
0.0185733
0.09392
0.000873333
0
0.00100667
0.00129667
0.00172333
0.000716667
0.00143333
0.000716667
0.0255633
0.0139167
0.00121667
0.0138067
0.00121667
0.00295
0.00134333
0
0
0.00484667
0.00384
0.01749
0.0146567
0.0143667
0.0256
0.0356767
0.0254733
0.01525
0.00266
0.00121667
0
0
0
0
0.00197333
0.00461333
0.00971667
0.02209
0.02992
0.0154133
0.0144867
0.01447
0.00144333
0.00303
0
0.00899667
0.00510333
0
0
0.0145033
0.0146567
0.01701
0.00958333
0.0131067
0.0231267
0.0220933
0.01475
0.0158967
0.00419333
0.00260667
0
0.0594767
0.0384767
0
0.00442333
0.0216867
0.033
0.05438
0.04416
0.02498
0.0170367
0.0403767
0.0431367
0.026
0.00425
0.01594
0.00164333
0.0870833
0.0932333
0.10478
0.0111067
0.12238
0.0564067
0.134197
0.00674
0.0259933
0.0594367
0.07651
0.0644467
0.0612233
0.04766
0.03646
0.0171167
0.0137333
0.00164333
0.00204333
0
0
0
0.01186
0.0574433
0.0327233
0.0884433
0.1125
0.122687
0.14363
0.107367
0.155417
0.0411
0
0
0
0.00552333
0.00734
0.0338933
0.0667367
0.103497
0.09954
0.08091
0.00542667
0.0004
0.0004
0
0
0.00107667
0.00107667
0.00837333
0.00297667
0.0237733
0.01967
0.0314033
0.00059
0.0180633
0.00305667
0.0241233
0.0499867
0.0624433
0.11976
0.02551
0.05612
0.00291
0.00704
0
0.02131
0.01663
0.0180433
0.00135
0.00201
0
0
0
0
0.00419
0.00600667
0.03256
0.0202233
0.00298
0.0160067
0
0.00178667
0
0
0.00059
0
0
0
0.00938
0.00312
0.03534
0.0133067
0.0437
0.02362
0.0184933
0.00387
0.000786667
0
0
0
0.00131
0
0.0153033
0.00131
0.0168667
0.01411
0.00389333
0.00299
0.00102
0.00113667
0
0
0
0
0
0
0
0
0
0
0
0
0
0
0
0.00177
0.00344333
0.00711667
0.0062
0.00452667
0.00282
0.00196667
0.00341333
0.00566667
0.0238233
0.0460667
0.0894567
0.0986
0.1154
0.0742367
0.0568433
0.01882
0.0168533
0.01917
0.0195967
0.01592
0.00369667
0.000803333
0
0
0
0
0
0
0
0
0
0
0
0
0
0
0.00119
0.00238
0.0165133
0.01899
0.0350767
0.02394
0.0195567
0.0246067
0.00109
0.00475333
0
0
0
0
0.00106333
0.00106333
0.00506667
0.01723
0.0325
0.0474667
0.0518967
0.0640833
0.09704
0.116473
0.05031
0.07127
0.0355267
0.0965367
0.125033
0.168983
0.135663
0.142187
0.166193
0.1434
0.130143
0.194147
0.182977
0.10126
0.0863533
0.00161
0.00035
0.00196
0
0.00035
0
0
0
0
0
0
0
0
0.00437
0.00357667
0.0172033
0.02078
0.01641
0.160287
0.0943
0.0408433
0.00458333
0.00288333
0.00322
0.0157
0.01444
0.0179767
0.00549667
0.00596333
0.000816667
0.000816667
0
0.000226667
0
0
0
0
0
0.00278333
0.00636
0.0294733
0.0431
0.0685133
0.0184967
0.0474867
0.00231667
0.0686167
0.0241867
0.00143667
0
0.0613667
0.0210067
0.0557233
0.0697833
0.0332967
0.0465267
0.0316733
0.0287767
0.00306667
0.0139567
0.0119333
0.0134667
0
0
0
0.00275333
0.00553667
0.0247733
0.0451333
0.0931933
0.102947
0.132663
0.0839067
0.0691367
0.0165367
0.0161
0.0299667
0.0147967
0
0
0.18423
0.114317
0.14534
0.139673
0.0773467
0.0975367
0.06382
0.0520367
0.0278833
0.0383767
0.0259833
0.0155833
0.00105
0
0.00380333
0.02246
0.0406467
0.0895233
0.12171
0.190123
0.191323
0.195863
0.122433
0.103763
0.05003
0.0385
0
0.0128367
0
0
0.22611
0.215973
0.1887
0.126477
0.09764
0.0756
0.0637133
0.04019
0.0264733
0.0390067
0.0154433
0.00258667
0.01554
0.03266
0.08324
0.146403
0.2211
0.224853
0.198417
0.184637
0.13812
0.163413
0.06694
0
0
0
0
0.146933
0.104737
0.0877833
0.0524633
0.0521633
0.0276333
0.0386867
0.0166033
0.169497
0.219433
0.0964967
0.0512567
0.0274433
0.155007
0.08614
0.215923
0.211073
0.17783
0.203123
0.13405
0
0
0.000253333
0.00158
0.0270033
0.01565
0.0919233
0.186947
0.00456333
0.000873333
0.13713
0.106987
0
0.000716667
0.0132467
0.0132267
0.0155
0.00187333
0
0
0.01365
0.000716667
0.00386
0.0155067
0
0.000266667
0
0
0.0168
0.0302367
0.00251333
0.00397333
0.00510333
0.00669333
0
0
0.0203233
0.0210433
0.01424
0.01039
0.0376367
0.00974667
0
0
0.0490467
0.0430333
0.0556167
0.07005
0.07307
0.107667
0.00416667
0.01085
0.0881433
0.0687467
0.0985933
0.144367
0.0622433
0.125573
0.12846
0.0285733
0.0909567
0.10358
0.10498
0.04336
0.00588667
0.10202
0.114227
0.115387
0.108553
0.12557
0.05202
0.0901867
0.0901133
0.114177
0.00086
0
0
0.00107667
0
0.0144733
0.00215333
0.0325767
0.0187933
0.02218
0.02626
0.00851333
0
0.00059
0.00059
0.0174933
0.0155967
0.03991
0.0657533
0.0969733
0.07902
0.03504
0.05765
0.01232
0.01504
0.00019
0.00019
0
0.05358
0.0158467
0.0297767
0.00069
0.00204
0
0
0
0
0
0.00419
0.0254667
0.00251
0.00119333
0.00119333
0
0
0
0
0.00444
0.0107
0.0287
0.0494133
0.05696
0.02629
0.0212333
0.00394
0.000856667
0
0
0
0
0
0
0
0
0.00106333
0.00211667
0.01428
0.0273
0.0452167
0.0404033
0.05484
0.0822167
0.126793
0.118633
0.09716
0.07404
0.0619267
0
0.000116667
0
0.000116667
0.000233333
0.000116667
0
0
0
0
0
0
0
0
0
0
0
0
0
0
0.00257667
0.00434667
0.0182767
0.0319533
0.0193733
0.00557667
0.0199267
0
0.00190333
0.00568333
0.00146333
0.0507867
0.02856
0.10765
0.103227
0.0576367
0.10785
0.0115333
0.0329567
0.0163833
0.00678
0.0251167
0.0260067
0.00159667
0.0136867
0.000793333
0
0
0
0
0
0
0
0
0
0
0
0
0
0.00119
0.00119
0.00485667
0.00366667
0.00980667
0.00614
0.00980333
0.00366333
0
0.00366333
0
0
0
0.16046
0.159203
0.137523
0.0892833
0.134103
0.14942
0
0
0
0
0
0
0
0
0
0
0
0
0
0
0
0
0.00257667
0.00388333
0.0165433
0.0178133
0.0295867
0.000793333
0
0
0
0
0
0
0
0
0
0
0
0
0
0
0
0
0
0
0
0
0
0
0.11106
0.0908667
0.17757
0.166923
0
0
0
0
0
0
0
0
0
0
0
0
0
0
0
0
0
0.00130667
0.00130667
0.00261333
0.00130667
0
0
0
0
0
0
0
0
0
0
0
0
0
0.000793333
0.000793333
0.000793333
0
0
0
0
0
0
0
0.129637
0.149963
0.168953
0.154983
0
0
0
0
0
0
0
0
0
0
0
0
0
0
0
0
0
0
0
0
0
0
0
0
0
0
0
0
0
0
0
0.14821
0.162903
0.10896
0.0625133
0
0
0
0
0
0
0.00127333
0.00127333
0.000226667
0.000226667
0
0
0
0
0
0
0
0
0
0
0
0
0.00023
0.00023
0.00023
0
0
0
0
0.09239
0.12069
0.0262533
0.00143667
0
0
0
0
0
0.00127333
0.00254667
0.02067
0.00176
0.00153333
0
0
0
0
0
0
0
0
0
0
0
0
0.00188
0.00165
0
0
0
0
0.05192
0.0699133
0
0
0.000623333
0
0.000623333
0.00354
0.00419
0.0302233
0.04543
0.0987167
0.00284
0.00130667
0
0
0
0
0
0
0
0
0
0
0
0.00434
0.00269
0
0
0
0
0.03743
0.0135167
0
0
0.00124667
0.0130033
0.0152967
0.0407067
0.06823
0.111033
0.158377
0.0027
0.00130667
0
0
0
0
0
0
0
0
0
0
0
0.00153667
0.03656
0.00647
0.00378
0
0
0
0
0.00022
0.0009
0
0
0.0167367
0.01238
0.0471767
0.0660167
0.134413
0.13546
0.113723
0.00426667
0.00139333
0
0
0
0
0
0
0
0.18046
0.1764
0.0870167
0.05299
0
0
0
0
0
0.00153667
0.00202333
0.0149767
0.06269
0.03638
0.00629
0.00378
0
0
0
0
0
0.00022
0.000253333
0.000253333
0.00779
0.00498
0.0383867
0.0362167
0.0648933
0.0431567
0.0492067
0.0215433
0.02691
0.01805
0.01458
0.00322667
0.00287333
0
0
0
0
0
0
0
0
0.0571
0.15231
0.00687667
0.00369
0
0
0
0
0.000486667
0.00122667
0.01418
0.0147367
0.07423
0.0620633
0.0640467
0.0366467
0.03613
0.00604
0.00251
0
0
0
0
0
0
0
0.000253333
0.0016
0.00281
0.00281
0.00562
0.01167
0.00886
0.0126833
0.00382333
0.00382333
0.000353333
0.000706667
0.000706667
0.000353333
0
0
0
0
0
0
0
0
0
0.0153133
0.00168667
0
0
0
0
0
0.00074
0.00074
0.00178333
0.00104333
0.00183
0.000786667
0.00381333
0.00302667
0.00655667
0.00353
0.00353
0
0
0
0
0
0
0
0
0.00134667
0
0
0
0
0
0
0.000353333
0.000353333
0.000353333
0
0
0
0
0
0
0
0
0
0
0.000266667
0.000266667
0
0
0
0
0
0
0
0
0
0
0
0
0
0
0
0
0
0
0
0
0.00386667
0
0
0
0
0
0
0
0
0
0
0
0
0
0
0
0
0
0.00159
0.00159
0
0
0
0
0
0
0
0
0
0
0
0
0
0
0
0
0
0
0.00877667
0.00575667
0.00384333
0.00915333
0
0
0
0
0
0
0
0
0.0322667
0.0292133
0
0
0
0
0
0
0
0
0
0
0.0403367
0.0744333
0.0321033
0.0696367
0.0712133
0.0759467
0.00416667
0.00801667
0.124377
0.11781
0.129843
0.13682
0.08886
0.08317
0.02574
0.03136
0.134217
0.13866
0.128773
0.151343
0.08128
0.12161
0.106787
0.0463833
0.0608767
0.12002
0.10067
0.0542867
0.0144267
0.00394667
0.00308667
0
0
0.00317
0.00248667
0.0255867
0.0345967
0.0596267
0.0943567
0.0586967
0.0598233
0.0433033
0.0467167
0.01249
0.0234933
0.00131667
0
0
0.000346667
0.00500667
0.0259367
0.0518533
0.07382
0
0.00107667
0.00107667
0.0133967
0.01724
0.0321
0.0223167
0.0187133
0.00385333
0.00131667
0
0
0
0
0
0
0
0.00019
0
0
0.000136667
0.00457667
0.00721667
0.02508
0.0250667
0.0362333
0.0201567
0.01642
0.00261333
0.00069
0
0
0
0.07306
0.0623067
0.0733067
0.0742933
0.01952
0.0359567
0.00222667
0.000856667
0
0
0
0
0
0
0
0
0.00105333
0.00105333
0.0151367
0.0170667
0.0176833
0.0244167
0.0697533
0.0307567
0.12459
0.0927033
0.106893
0.0488933
0.04838
0.0195467
0.123213
0.0836433
0.00232
0.00095
0
0
0
0
0
0
0
0
0
0.0205567
0.0211533
0.00680333
0
0.00190333
0.0061
0.00756333
0.03044
0.07187
0.12243
0.144227
0.125223
0.0902533
0.0482
0.0260033
0.00600667
0.00523333
0.01563
0.0151867
0.0141333
0.00204333
0.000793333
0
0
0
0
0
0
0.00433667
0.00298333
0.0116867
0.0268367
0.0402567
0.16502
0.164223
0.000436667
0.00138667
0
0
0
0
0
0
0
0.00620667
0.0049
0
0.0049
0
0.0061
0.07484
0.0319467
0.105617
0.124443
0.10324
0.07338
0.0305633
0.0381967
0.00417667
0.0163867
0.00373333
0.00312
0.00188667
0.00125
0
0
0
0
0
0
0
0.00135333
0.00135333
0.05712
0.03445
0.162803
0.139733
0
0.000436667
0
0
0
0
0
0
0
0
0.0941
0.0657467
0.08231
0.0429267
0.0113833
0.01202
0
0
0
0
0
0
0.00202
0.07924
0.0379967
0.12047
0.07397
0
0
0
0
0
0
0.00131333
0.00394
0.0153233
0
0
0
0
0.00202
0
0.0031
0.0714567
0.0982133
0.0262
0.00138333
0
0
0
0
0.00131333
0.00436667
0.00394
0
0
0
0
0
0
0.00108
0.00108
0.0638033
0.0786567
0
0
0
0
0
0
0
0.00305333
0.00359333
0
0
0
0
0
0
0
0.04057
0.0242
0
0
0
0
0
0
0.000623333
0
0
0.00054
0.00054
0.13444
0.08513
0
0
0
0
0
0
0.00112
0.00844333
0
0
0
0
0
0.000623333
0.000623333
0
0
0
0.0918167
0.129533
0.0413567
0.00364
0
0
0
0
0
0
0
0
0.00022
0.00044
0
0
0
0
0
0
0
0
0
0.0434733
0.00284
0.00318667
0
0
0
0
0
0
0
0
0
0
0
0
0
0
0
0
0
0
0
0
0
0
0
0.00142
0.00284
0
0
0
0
0
0
0
0
0
0
0
0
0
0
0
0
0
0
0
0
0
0
0
0
0
0
0
0
0
0
0
0
0
0
0
0
0
0
0
0
0
0
0
0
0
0
0
0
0
0
0.00153
0.00153
0.00343
0
0
0
0
0
0
0
0
0
0
0
0
0
0.00490333
0.00301333
0.00384333
0.00687
0
0
0
0
0
0
0
0
0
0
0
0.00233333
0.01581
0.00386333
0.0153767
0.03541
0.00778667
0
0.000456667
0.01627
0.0139233
0.00234667
0.00234667
0
0
0
0
0
0
0
0
0
0
0
0.04202
0.102417
0.03769
0.0576133
0
0
0
0
0
0
0
0
0
0
0
0
0
0
0
0
0
0.00382
0.00148667
0.0157667
0.02336
0.0431967
0.00430667
0.0140933
0.02264
0.00234667
0.00871667
0
0
0
0
0
0
0
0
0
0
0
0
0
0
0
0
0
0.15568
0.14467
0.102123
0.136317
0
0
0
0
0
0
0
0
0
0
0
0
0.07748
0.05042
0.0234233
0.0310033
0
0
0
0
0
0
0
0
0
0
0
0
0.14152
0.14438
0.148443
0.131457
0
0
0
0
0
0
0
0
0
0
0
0.000683333
0
0.00753
0.00136667
0.0427067
0.0183433
0.0856067
0.0622567
0.0954067
0.04009
0.0410467
0.0458467
0.0276033
0.04079
0.00348333
0.0146567
0
0.00112667
0
0
0
0
0
0
0
0
0
0
0
0.09874
0.128327
0.150537
0.0847933
0.0449333
0.0166533
0.00308667
0.00617333
0
0
0
0
0
0.00492
0.00492
0.00745667
0.00253667
0.00253667
0
0
0
0
0
0
0
0.00112667
0
0
0
0.000136667
0.000136667
0.00277667
0.00264
0.00706667
0.00442667
0.00635
0
0.00192333
0
0
0
0
0.000346667
0.000693333
0.0192333
0.0235467
0.0491167
0.01509
0.0280633
0.0301733
0.04299
0.0637567
0.05771
0.0328933
0.0210233
0.00699333
0.00603
0.00227333
0.00184333
0.08473
0.0599167
0.08053
0.0424333
0.04117
0.09446
0.0558733
0.06437
0.00194
0.000526667
0.123503
0.0892
0.0159967
0.0556733
0
0
0.03382
0.0352433
0.08118
0.0863567
0.000526667
0.00275333
0.10685
0.0965633
0.0490333
0.0189067
0.00429667
0
0.00131333
0.00131333
0.00326333
0.0277967
0.0348833
0.06431
0.0324733
0.0190533
0.00563333
0.00191
0.0126567
0.00479667
0.00789667
0.04352
0.06606
0.00222667
0.0063
0.0910433
0.123453
0.07568
0.0465
0.0649867
0.03765
0.0382833
0.00772
0.00386
0
0.00262667
0.0157267
0.0163633
0.02851
0.0224967
0.0519233
0.06984
0.103613
0.0862933
0.0844467
0.0479467
0.0523867
0.0234933
0.0340333
0.02692
0.0302233
0.0062
0.0319233
0.00768667
0.0584367
0.0341567
0.0481733
0.0374767
0.0421533
0.0443
0.0301967
0.00628333
0.00461
0.00526667
0.00912667
0.0059
0.00386
0
0
0
0.0292533
0.0174667
0.04002
0.03966
0.06778
0.0856967
0.113097
0.130933
0.119603
0.100703
0.0699867
0.0580833
0.0501867
0.0510233
0.03926
0.02554
0.01064
0.00458667
0.00668333
0.0120167
0.0213467
0.0225267
0.03317
0.0442467
0.00204
0.00204
0.00204
0
0
0
0
0
0.0166933
0.01698
0.101357
0.0682467
0.136643
0.142743
0.118133
0.07419
0.0448567
0.02762
0.04001
0.0255667
0.00988333
0.0275433
0.0067
0
0.00183667
0.00501333
0.0171267
0.0281267
0.03807
0.0419333
0.03664
0
0
0
0
0
0
0
0
0.00388
0.00354667
0.02852
0.0748833
0.11072
0.143293
0.0526833
0.0104467
0.00517667
0.00790667
0.00318333
0
0.00318333
0
0
0.00183667
0.00206333
0.0141767
0.02546
0.0383533
0.0293067
0.02373
0.01083
0
0
0
0
0
0
0
0
0.000413333
0.000206667
0.0148
0.0145933
0.06415
0.000453333
0
0
0
0
0
0
0.000226667
0.000226667
0.01312
0.0133467
0.01312
0.0161867
0.00328667
0.00022
0
0
0
0
0
0
0
0
0.000206667
0.000206667
0.000206667
0.00142
0
0
0
0
0
0
0
0
0
0
0
0
0
0
0
0
0
0
0
0
0
0.00142
0
0
0
0
0
0
0
0
0
0
0
0
0
0
0
0
0
0
0
0
0
0
0
0
0
0
0
0
0
0
0
0
0
0.0011
0.00407333
0.00203667
0.00203667
0.00203667
0
0.0019
0.0019
0
0
0
0
0
0
0.000116667
0.000116667
0
0.00161333
0.00161333
0.00626667
0.00867
0.00565667
0.00412667
0.01909
0.0109967
0.01033
0.00340667
0.00137
0.00137
0.0296133
0.0176667
0.0157667
0
0.00778667
0.000456667
0.000573333
0.00632667
0.00587
0.0196767
0.00212
0.00373333
0.01945
0.0219833
0.0563367
0.116977
0.0709567
0.04881
0.0795333
0.02592
0.0314733
0.00274
0.00638667
0.00501667
0.03431
0.04859
0.06169
0.0408133
0.0328333
0.0155733
0.0159967
0.0356267
0.0397633
0.0525967
0.03888
0
0.00212
0.00383333
0.0642367
0.01955
0.09849
0.146193
0.159447
0.121713
0.0802433
0.114207
0.0478633
0.0297
0.0114033
0.0100333
0.00501667
0
0
0
0
0.000683333
0.00217
0.00833333
0.0285267
0.0520867
0.07097
0.08494
0.06768
0.0413033
0.0501033
0.04409
0.03903
0.0228
0.00872667
0.00235667
0
0
0
0
0
0
0.00171333
0.00342667
0.05007
0.00497667
0.150123
0.10264
0.151443
0.150537
0.111823
0.0596967
0.03947
0.00810333
0.00308667
0
0
0
0
0
0
0
0
0
0
0.00171333
0.00206
0.00361
0.0204367
0.0743733
0.00978333
0.00447667
0.0118933
0.01187
0.0509167
0.00323667
0.00129
0.00086
0.00043
0
0
0.04451
0.0354267
0.0930833
0.128743
0.0849633
0.0394567
0
0
0.0434767
0.05951
0.0955033
0.130477
0.12023
0.112627
0
0
0.0420633
0.06177
0.0775067
0.0859533
0.103763
0.0907467
0.0708567
0
0
0.0534167
0.08233
0.0547
0.0786167
0.06729
0.0485533
0.0211267
0.0186
0.00257
0.00221
0
0.0299
0.0307267
0.0174733
0
0
0
0
0
0
0
0
0
0
0
0
0
0
0
0
0.0011
0.0011
0.00313667
0.00465333
0.00729667
0.00264333
0.0083
0.0181
0.0341467
0.0261067
0.0432633
0.0876433
0.0573333
0.06586
0.05782
0.0638533
0.131807
0.134033
0
0.00024
0.00469333
0.00043
0
0
0
0
0.0167733
0.00238333
0.00493333
0.0542767
0.03863
0.00198
0
0
0.03086
0.02005
0.0933033
0.0527633
0.0765333
0.04026
0
0
0.0306367
0.0400333
0.0121633
0.0498833
0.0434467
0.00511333
0
0
0.0290067
0.0226833
0.01587
0.00509667
0.00036
0.00036
0
0
0
0.00024
0.00220333
0
0
0
0
0.00238333
0.00238333
0.00274667
0.00244333
0.00192667
0.000376667
0
0
0.00596333
0.00358
0.00546333
0.00306667
0.00230333
0.000753333
0
0
0.01655
0.02952
0.00828333
0.00762667
0.000376667
0
0
0
0.02995
0.0192633
0.0183133
0
0
0
0
0
0.00477667
0.00674
0.0215667
0
0
0
0
0
0
0.0145
0.0287833
0.000376667
0
0
0
0
0
0.00423
0.01394
0.000376667
0
0
0
0
0.01297
0.00597
0.00509
0
0
0
0
0.01297
0.01698
0.00541333
0.00769667
0
0
0
0
0.00759
0.02096
0.0329733
0
0
0
0
0
0.00281333
0.03978
0.0384033
0
0
0
0
0
0
0.0168367
0.0270167
0
0
0
0
0
0
0.00688
0.00624667
0
0
0
0
0.00203667
0.00203667
0.00344
0
0
0
0
0.00332333
0.0166933
0.0154167
0
0
0
0
0
0.00281333
0.0141467
0.02649
0
0
0
0
0
0
0.01706
0.0146467
0
0
0
0
0
0
0.00751333
0.00407333
0
0
0
0
0
0
0.00203667
0
0
0
0
0.00051
0.00051
0.00204667
0
0
0
0
0
0.00153667
0.00256333
0
0
0
0
0
0
0.00306333
0.00102667
0
0
0
0
0
0
0
0.00203667
0
0
0
0
0
0
0
0
0
0
0
0
0
0
0
0
0
0
0
0
0
0
0
0.00097
0.00112
0
0
0
0
0
0.00117333
0.000203333
0.00112
0
0
0
0
0
0
0.000203333
0
0
0
0
0
0
0
0
0
0
0
0
0
0.000766667
0.00363
0.00363
0
0
0
0
0.00173667
0.01471
0.00475
0.01856
0
0
0
0
0.0266667
0.0138967
0.0150867
0.00127667
0
0
0
0
0.00288
0.0156033
0.000156667
0
0
0
0
0
0
0.00267667
0.00026
0.00013
0.00013
0
0
0.000766667
0.000766667
0.000766667
0.0198833
0.00376
0
0
0
0
0.01374
0.0153333
0.0335633
0.0436367
0
0
0
0
0.0266067
0.03697
0.0325567
0.01901
0
0
0
0
0.0289433
0.03754
0.00535667
0.000313333
0.000156667
0
0
0.00247333
0.00515
0.0186933
0.00039
0.00026
0.00013
0
0
0
0
0
0.0311233
0.0163833
0
0
0
0
0.00236
0.00236
0.0298267
0.0446967
0
0
0
0
0.00256333
0.0138367
0.01736
0.02115
0
0
0
0
0.0260433
0.0127033
0.00744667
0.0052
0.000156667
0.000156667
0.00247333
0.00247333
0.0160167
0.01477
0.00013
0
0
0
0
0
0
0.0162533
0.00138333
0
0
0
0
0
0
0.0173767
0.00250667
0
0
0
0
0
0.000203333
0.00125333
0.00365667
0
0
0
0
0.00143
0.000203333
0.00240333
0.00240333
0
0
0
0.00122667
0.00122667
0
0
0
0
0
0
0
0.00125333
0.00125333
0
0
0
0
0
0
0.00125333
0
0
0
0
0
0
0
0
0
0
0
0
0
0
0
0
0
0
0
0
0
0
0
0
0
0
0
0
0
0
0
0
0
0
0
0
0
0
0
0
0
0
0
0
0
0
0
0
0
0
0
0
0
0
0
0
0
0
0
0
0
0
0
0
0
0
0
0
0
0
0
0
0
0
0
0
0
0
0
0
0
0
0
0
0
0
0
0
0
0
0
0
0
0
0
0
0
0
0
0
0
0
0
0
0
0
0.000776667
0
0
0
0
0
0
0
0.00155333
0.000776667
0
0
0
0
0
0
0.00388
0.000776667
0
0
0
0
0
0
0.00310333
0
0
0
0
0
0
0
0
0
0
0
0
0
0
0
0.000923333
0.000293333
0.000146667
0
0
0
0
0.0154767
0.0148467
0.000146667
0
0
0
0
0
0.0178033
0.0227067
0
0
0
0
0
0
0.00878333
0.00310333
0
0
0
0
0
0
0
0
0
0
0
0
0
0.0155567
0.00044
0.000293333
0
0
0
0
0.0449133
0.0293333
0
0.000146667
0
0
0
0
0.0239833
0.03533
0
0
0
0
0
0
0.00825667
0.00568
0
0
0
0
0
0
0
0
0
0
0
0
0
0.01541
0.000146667
0.000146667
0
0
0
0
0
0
0.0346067
0.01888
0
0
0
0
0
0.00351667
0.02192
0.00619333
0
0
0
0
0.00453
0.00101333
0.00257667
0.00257667
0
0
0
0
0
0.00101333
0
0
0
0
0
0
0
0
0
0
0
0
0
0
0
0
0
0
0.00250333
0.00361667
0.00361667
0
0
0
0
0.00602
0.0195833
0.00361667
0
0
0
0
0
0.03218
0.01963
0
0
0
0
0
0
0.00505333
0.0201533
0
0
0
0
0
0
0
0
0
0.00404
0
0
0
0
0
0
0
0.00250333
0.00250333
0.00503667
0
0
0
0
0
0
0.0186
0.0193233
0
0
0
0
0
0
0.0300633
0.0419367
0
0
0
0
0
0
0.0238733
0.0331067
0
0
0
0
0
0
0
0
0.00404
0.00877333
0
0
0
0
0
0
0.00253333
0.00253333
0.00253333
0
0
0
0
0
0
0.00576
0.00322667
0
0
0
0
0
0
0.0171967
0.00392333
0
0
0
0
0
0
0.0187033
0.00543
0
0
0
0
0
0
0
0.00473333
0
0
0
0
0
0
0
0
0
0
0
0
0
0
0
0
0
0
0
0
0
0
0
0.000696667
0
0
0
0
0
0
0.000696667
0.000696667
0
0
0
0
0
0
0
0
0
0
0
0
0
0
0
0
0
0
0
0
0
0
0
0.00100667
0
0
0
0
0
0
0.00100667
0
0
0
0
0
0
0
0
0
0
0
0
0
0
0.00136667
0
0
0
0
0
0
0.00237333
0.00136667
0
0
0
0
0
0
0.01521
0.00201333
0
0
0
0
0
0
0.0163467
0.00315
0
0
0
0
0
0
0.00214333
0
0
0
0
0
0
0.00136667
0
0
0
0
0
0
0.0147933
0.0137867
0
0
0
0
0
0
0
0.0266233
0.0389767
0
0
0
0
0
0
0.0288167
0.0176
0
0
0
0
0
0
0.00654667
0.00428667
0.00214333
0
0
0
0
0
0
0.00206333
0
0
0
0
0
0.0165467
0.0144833
0
0
0
0
0
0
0
0
0.0278433
0.0165133
0
0
0
0
0.000186667
0
0.01679
0.01796
0
0
0
0
0
0.000186667
0.00471667
0.00237667
0.00440333
0.00214333
0
0
0
0
0
0
0.00206333
0
0
0
0.00206333
0.00412667
0
0
0.000216667
0.000216667
0.000433333
0.000216667
0.00203667
0.00709333
0.00109
0.00315333
0
0
0
0
0.000216667
0.00546
0.0123633
0.00109
0.00343
0
0
0
0.000153333
0.00646333
0.0133667
0.00234
0.00245667
0.000116667
0.000116667
0.000153333
0.00103
0.000153333
0.00410667
0.000876667
0.00950667
0
0
0
0
0
0
0
0.01319
0.0147933
0.03057
0.0230867
0.0332
0
0
0
0
0.00199333
0.01475
0.0368333
0.02411
0
0
0
0
0.00193
0.00468333
0.05731
0.04559
0
0
0
0.0157067
0.01383
0.0300533
0.0592333
0.0846433
0.0269533
0.0173833
0.0370533
0
0
0
0
0
0
0
0.0519633
0.05114
0.05867
0
0
0
0
0.02963
0.0510667
0.0793367
0.0534533
0
0
0
0
0.0196267
0.03691
0.110407
0.0882233
0
0
0
0.0346133
0.04324
0.0912067
0.0827133
0.0374567
0.03995
0.0452033
0.04276
0.0602567
0.0533533
0
0
0
0
0
0
0
0
0
0
0
0
0.05376
0.0681367
0.0600633
0.08274
0.11432
0
0
0
0
0.0496067
0.0509067
0.124383
0.1331
0
0
0
0
0.0468367
0.0289333
0.0688633
0.0793467
0.01326
0.0201267
0.0216667
0.0286833
0.00874667
0.00305
0.0110733
0.00305
0
0
0
0
0
0
0
0
0.0006
0
0
0
0.07217
0.111823
0.125963
0.00157
0.00097
0
0
0.03388
0.0528033
0.07612
0.119743
0.00097
0
0
0
0.0195867
0.00373667
0.0403133
0.0417267
0.00170333
0.00188
0.00114667
0.0112133
0.000723333
0
0
0
0
0
0
0
0
0
0
0
0
0
0
0
0
0
0.00364333
0.0006
0
0
0.01704
0.0149667
0
0
0.0484833
0.0503967
0.08199
0.0507467
0.0153367
0.00358
0.00261
0.00164
0
0.0116767
0.01371
0.0148567
0.0152067
0.0126267
0.000546667
0
0
0.00114667
0
0
0
0
0
0
0
0
0
0
0
0
0
0
0
0
0
0
0
0
0
0.00304333
0.01857
0
0
0.0319667
0.05127
0
0
0.02734
0.0367133
0.00566333
0.00663333
0.00164
0.00164
0.00372667
0.00372667
0
0
0
0
0
0
0
0
0
0
0
0
0
0
0
0
0
0
0
0
0
0
0
0
0
0
0
0.00189333
0.00285333
0.00096
0.00096
0
0.0234733
0.01742
0
0
0.0354833
0.0439267
0
0
0.0432433
0.0401833
0
0.00257
0.0214833
0.01024
0.00659333
0
0
0
0
0
0
0
0
0
0
0
0
0
0
0
0
0
0
0
0
0
0
0
0
0
0.00119667
0
0.00119667
0.00446333
0.00570667
0.00894333
0.00609
0.0263967
0.0231967
0.00769
0.00256
0.0315867
0.0476467
0.00019
0.00275
0.0522767
0.0439767
0.00276
0.00402667
0.0568167
0.04664
0.0303633
0.0178167
0.00748333
0
0
0
0
0
0
0
0
0
0
0
0
0
0
0
0.00043
0.00043
0
0
0.00206
0.00282667
0.00206667
0
0.00533333
0.0177533
0.01939
0.02326
0.0232333
0.03612
0.05104
0.0328533
0.0424533
0.0532867
0.0597067
0.03438
0.0201433
0.0725467
0.0732733
0.00647333
0.02565
0.06437
0.0776033
0.00573333
0.00819
0.0828
0.0577667
0.0673767
0.03174
0.0462967
0.0225467
0.0184467
0
0
0
0
0
0
0
0
0
0
0
0.00191667
0.00234667
0
0
0.0144567
0.0147433
0.00209333
0.00416
0.0404533
0.0289533
0.00533
0.00647667
0.03276
0.0378167
0.0243367
0.0695567
0.0410933
0.0708167
0.0678167
0.0438167
0.0310167
0.0809733
0.07826
0.0698433
0.0435267
0.0824967
0.08022
0.0602667
0.0734567
0.0547633
0.06407
0.0737533
0.0660367
0.0468167
0.0796667
0.0768233
0.01336
0.03281
0.05295
0.08174
0.0150033
0.0139333
0.0435567
0.0282167
0.05047
0.0187967
0.0220433
0
0
0.00121667
0
0.00121667
0.00243333
0.00313333
0.00505
0.00282667
0.00404333
0.01829
0.00781
0.00492
0.0177933
0.0191667
0.0295033
0.0293567
0.0176533
0.0188567
0.0162133
0.0181433
0.02368
0.0141933
0.00983
0.0296
0.05636
0.0352933
0.0221833
0.07047
0.0902667
0.0805933
0.0689233
0.0684233
0.0687733
0.0608733
0.05876
0.05853
0.06207
0.0483233
0.0422833
0.03064
0.04068
0.03258
0.01142
0.01012
0.00476
0.00836333
0.02013
0.00532667
0.00320667
0.01382
0.00236667
0.0149933
0.00212
0.0169167
0.00427
0.0159267
0.00313333
0.00305333
0.00589333
0.0285733
0.0371133
0.00252333
0.00603667
0.03863
0.0287033
0.00513333
0.00457333
0.01992
0.0109267
0.03426
0.00717667
0.01507
0.04822
0.05983
0.0444167
0.0954333
0.0937367
0.162757
0.15136
0.26943
0.255837
0.332847
0.0404833
0.0302
0.0399033
0.0208033
0.0267033
0.0200633
0.0173
0.00486333
0.00482333
0.00155333
0.0019
0.00180667
0.000946667
0
0
0.000946667
0.00119333
0
0
0.000246667
0
0.000246667
0
0.0149933
0.0260767
0.00346667
0.00525667
0.00209333
0.0174533
0.0162967
0.0289933
0.0294133
0.0114833
0.0239833
0.12277
0.0570567
0.0565767
0.07708
0.19967
0.239813
0.121547
0.148257
0.28261
0.495023
0.54553
0.42407
0.295307
0.62222
0.60419
0.533863
0.54412
0.56356
0.00513667
0.01504
0.00466333
0.00082
0.00082
0.000346667
0.000346667
0
0
0
0
0
0
0
0
0
0
0
0
0
0
0
0
0.0133267
0.02164
0.0284067
0.04675
0.0269833
0.0497433
0.114957
0.1645
0.0672467
0.104867
0.33861
0.412717
0.13888
0.19787
0.584987
0.60872
0.4421
0.438017
0.322093
0.618137
0.585
0.56356
0
0
0
0
0
0
0
0
0
0
0
0
0
0
0
0
0
0
0
0
0
0
0
0
0
0
0
0.113247
0.0525167
0.157183
0.148093
0.218223
0.30664
0.438523
0.233987
0.35821
0.536363
0.512643
0.43947
0.522257
0
0
0
0
0
0
0
0
0
0
0
0
0
0
0
0
0
0
0
0
0
0.000266667
0
0
0
0.332833
0.440997
0
0
0
0
0
0
0
0
0
0
0
0
0
0
0
0
0
0.00142333
0.000266667
0
0
0.0143967
0.0146967
0.01324
0.00414333
0.00172333
0.00242
0.0171167
0.00656333
0
0
0
0
0
0
0
0
0
0
0
0
0
0
0.00115667
0.00204667
0
0
0.01606
0.0281433
0.00312
0.0007
0.0506733
0.0487433
0.03908
0.00930333
0.00758333
0.0476133
0.0425333
0.0529967
0.02331
0
0
0
0
0
0
0.00140333
0.00140333
0
0
0.00229333
0.00346333
0
0
0.0160733
0.0233133
0.00368
0.0007
0.0331867
0.0419
0.00814333
0.00790667
0.0942467
0.0844033
0.0264867
0.0105233
0.08656
0.0385567
0.04251
0.0309533
0.0128533
0
0.01145
0
0
0
0.0139933
0.0242733
0.01381
0.01381
0.02072
0.0446967
0.01679
0.0346533
0.0560033
0.0982767
0.00972
0.02712
0.133607
0.171357
0.0150167
0.0156967
0.344687
0.29741
0.0234833
0.08689
0.43251
0.27778
0.0911333
0.0414867
0.03176
0.0503767
0.03412
0.01381
0.0553367
0.0488067
0.0599933
0.0575467
0.09432
0.13853
0.0826667
0.102263
0.180237
0.307327
0.1297
0.17927
0.461703
0.696677
0.192427
0.408593
0.852517
0.752643
0.754033
0.489703
0.0598767
0.0670367
0.0692167
0.0742933
0.196827
0.14996
0.1519
0.121483
0.35555
0.519063
0.456703
0.409737
0.705813
0.79914
0.6233
0.792543
0.84998
0.912493
0.900753
0.842167
0.216317
0.135727
0.180737
0.426697
0.588817
0.423447
0.62203
0.77451
0.82535
0.83824
0.85113
