0.235697
0.227193
0.40771
0.59934
0.0925533
0.0672833
0.0873067
0.11726
0.101563
0.24217
0.443023
0.442303
0.634653
0
0.0198633
0.418223
0.234837
0.0459533
0.07308
0.0568233
0.33283
0.0147933
0.00740667
0.00695667
0.0221067
0.000993333
0.00904333
0.01065
0.01915
0.0372
0.0445567
0.03897
0.0399067
0.0783233
0.04626
0.06461
0.0417967
0.071
0.0937267
0.10068
0.251067
0.319807
0.348213
0.48646
0.584207
0.624103
0.59917
0.381197
0.538157
0.151173
0.266733
0.0434433
0.0914533
0.00822
0.0276567
0.0411767
0.0556
0.0983867
0.154047
0.204977
0.176727
0.150637
0
0
0.0653867
0.0201633
0.33144
0.23553
0.49796
0.00362667
0.00124667
0.00048
0.0595
0.0680467
0.0607767
0.0449033
0.0342533
0.0733133
0.0933033
0.172413
0.11971
0.160527
0.154053
0.101897
0.0847
0.0640867
0.0442433
0.0340433
0.0134667
0.0139467
0.00632
0.00632
0.101797
0.12962
0.0311167
0.0572467
0.0118067
0.0566567
0.0374733
0.03074
0.04751
0.0850933
0.0697833
0.0594533
0.0553367
0.000166667
0
0.000166667
0.0201133
0.00025
0.52471
0.383517
0.0157433
0.0301333
0.0153533
0.02443
0.0386567
0.18093
0.00917
0.0165333
0
0.00986333
0.0113833
0.0126133
0.0123767
0.0183233
0.00752667
0.0550467
0.0284867
0.0379533
0.0467567
0.26597
0.0937567
0.13789
0.192927
0.34365
0.40748
0.38726
0.30405
0.04476
0.0591833
0.0668667
0.0428633
0.452243
0.473507
0.351203
0.319907
0.175717
0.121447
0.0438167
0.0255333
0.00679333
0.00526667
0.00037
0.000176667
0.02559
0.0189767
0.0703
0.0475133
0.11619
0.134047
0.05004
0.10794
0.01779
0.0389033
0.0146933
0
0
0
0
0
0
0
0.000576667
0.000876667
0.0200967
0.0647433
0.180217
0.533917
0.478927
0.0014
0.0215133
0.0118133
0.0423833
0.04265
0.0397033
0.0507
0.0707133
0.0285
0.0634067
0.0146733
0.02995
0.00255
0.00839
0
0.528383
0.00883
0.00124667
0.000473333
0.00115333
0.0115667
0.0214433
0.0487267
0.0655133
0.06721
0.0695333
0.0386533
0.0394767
0.0381033
0.0105467
0.00439333
0.533883
0.561647
0.19939
0.131853
0.108963
0.0737567
0.0498633
0.0209
0.00884
0.0580867
0.0477133
0.00949
0.01849
0.000166667
0.00025
0.00089
0.0194333
0.22263
0.383703
0.0360133
0.0528467
0.000413333
0.00474333
0.0100467
0.0288333
0.00556
0.00556
0.0035
0.00181667
0.00181333
0.0163267
0.03149
0.11374
0.0674633
0.116957
0.260707
0.222123
0.0376667
0.0698
0.0531667
0.06691
0.00778333
0.00844
0.01083
0.0138333
0.0518133
0.03186
0.0378767
0.00738333
0.326
0.334517
0.241677
0.2371
0.15978
0.129693
0.05763
0.0260233
0.00313
0.00218333
0.00048
0.000193333
0
0
0.000456667
0.000913333
0.00185667
0.0120433
0.0217333
0.0115767
0.01548
0.0103033
0.00883333
0.00628333
0.00255
0.00255
0
0
0
0
0
0
0.00043
0.00100667
0.00840333
0.0271933
0.0669333
0.17531
0.2671
0.388737
0.365653
0.39707
0.497803
0.31913
0.432607
0.00021
0.01124
0.00042
0.04681
0.01982
0.06116
0.0413933
0.0283767
0.0432433
0.0351667
0.0396967
0.473233
0.23078
0.189767
0.14319
0.124777
0.0782333
0.0640233
0.0305833
0.000483333
0.00017
0
0
0.05113
0.0640667
0.0675533
0.0297133
0.0517933
0.04676
0.0297667
0.0278467
0.00879333
0.00456667
0.000166667
0
0.00064
0.00203667
0.02058
0.0437933
0.10396
0.146717
0.30248
0.364247
0.0653367
0.06709
0.0250433
0.0290767
0.0487467
0.00555667
0.00320333
0.00999333
0.00245333
0.0100467
0.0204767
0.02457
0.0685333
0.0680067
0.128653
0.147633
0.19755
0.08295
0.12128
0.0988
0.103927
0.00490667
0.0110833
0.03845
0.0814467
0.0312033
0.0603333
0.000486667
0.00293667
0.000486667
0.00672667
0.00336333
0
0.285373
0.245543
0.181233
0.16885
0.113057
0.108563
0.06202
0.0411733
0.00815
0.00171333
0.000573333
0.000286667
0
0.000943333
0.00188667
0.00143
0.00143
0
0
0
0
0
0
0
0
0
0
0
0
0.00043
0.0015
0.00889667
0.04627
0.0855167
0.16061
0.233817
0.342747
0.363787
0.376107
0.359837
0.316107
0.342367
0.298093
0.24261
0.222643
0.151387
0.154967
0.114147
0.0925367
0.0304967
0.0132467
0.00110333
0.00079
0
0
0.00021
0.00021
0.009
0.00879
0.02596
0.0219767
0.04366
0.06436
0.0673733
0.0566567
0.04967
0.0475767
0.0596133
0.0633267
0.0518933
0.0334067
0.01459
0.00480333
0.000403333
0
0.00055
0.00194667
0.0122333
0.0355367
0.0833167
0.13433
0.194853
0.269007
0.361723
0.0482633
0.0328767
0.0291533
0.04639
0.03317
0.0309333
0.01008
0.00624
0.0117767
0.0152833
0.00931
0.0322133
0.02095
0.0769133
0.0909733
0.151147
0.220043
0.14019
0.202753
0.00963333
0.03945
0.0855767
0.11159
0.128553
0.100993
0.0988467
0.0562233
0.000176667
0.00880333
0.04019
0.00769667
0
0
0
0
0.00336333
0
0
0
0.2507
0.145837
0.1162
0.0575167
0.0667567
0.0310667
0.0308233
0.00883667
0.00701
0.000286667
0.000286667
0
0
0.000486667
0.000486667
0.000486667
0
0
0
0
0
0
0
0
0
0
0
0.00064
0.00171
0.0158633
0.0530267
0.134447
0.20095
0.340813
0.336877
0.35489
0.24561
0.202953
0.15782
0.0882233
0.0312267
0.01829
0.00614667
0.00079
0
0
0
0
0
0
0
0
0
0.00553667
0.00480667
0.0552667
0.0437433
0.0488633
0.0471667
0.06001
0.0545933
0.0427633
0.02465
0.0149633
0.00517667
0.000403333
0.00055
0.0011
0.0113867
0.0211233
0.06975
0.10864
0.20467
0.23987
0.352943
0.400643
0.00815667
0.0119233
0.02658
0.0324433
0.0112767
0.00796333
0.00550333
0.00283667
0.00700667
0.00523667
0.0264767
0.0589333
0.0493433
0.119867
0.14169
0.00100667
0.00482667
0.06847
0.03482
0.09788
0.0991133
0.0560333
0.0827967
0.0316067
0.03515
0.000176667
0
0.0125133
0.00463667
0
0
0
0
0.000303333
0
0
0
0.09935
0.0429633
0.0307667
0.01843
0.00949
0.00252333
0.00211333
0
0
0
0
0
0
0
0
0.000526667
0.000526667
0.000526667
0
0
0
0
0.00110667
0.01526
0.339843
0.377413
0.398243
0.420573
0.32519
0.32317
0.198457
0.1431
0.0454667
0.00872333
0.00336667
0.00359667
0.00023
0.000516667
0.000286667
0.0058
0.00551333
0.01039
0.00487667
0.00542
0.0106233
0.00127333
0.0212567
0.0170733
0.0378633
0.04527
0.0491567
0.03145
0.0187733
0.00908333
0.00517333
0.0004
0.00055
0.00055
0.0108367
0.0102867
0.0594633
0.06178
0.168097
0.181937
0.331583
0.0160567
0.01112
0.01288
0.0132167
0.00261667
0.00774667
0.00435
0.02787
0.00192333
0.0205967
0.0588133
0.0662467
0.103767
0.0988467
0.01463
0.0252867
0.05268
0.07997
0.0945267
0.08555
0.06214
0.04052
0.00649
0.00754333
0.0228933
0.01532
0.00754667
0.00294333
0.00848333
0.000606667
0
0.00460333
0.00460333
0.000303333
0.000313333
0.000313333
0.0238
0.0143233
0.00198667
0.00157667
0
0
0
0
0
0.00715333
0.00684
0.00736667
0.00124
0.000713333
0
0
0
0.000466667
0.182307
0.12592
0.00437333
0.03064
0.0203933
0.13448
0.317937
0.0829433
0.183343
0.388937
0.337133
0.16975
0.23907
0.07488
0.0795267
0.01651
0.329573
0.03986
0.0168433
0.01759
0.0097
0.00656333
0.000746667
0.00601333
0.0112967
0.0208667
0.0202467
0.01605
0.00673667
0.01121
0.0192433
0.0393167
0.00667667
0.01475
0.0120533
0.0271767
0.03362
0.0340067
0.04023
0.0279833
0.0517067
0.0280333
0.0303467
0.00271333
0.00271333
0
0
0.0126033
0.04765
0.0356333
0.05607
0.00365667
0.0280733
0.0496733
0.131133
0.0792533
0.0475167
0.10604
0.10036
0.11084
0.0174533
0.0353633
0.0660733
0.0427467
0.0758633
0.0759033
0.0458967
0.0709533
0.03487
0.03396
0.01331
0.0259067
0.00973667
0.00781333
0.02369
0.03597
0.00334333
0.00297333
0.0198267
0.0152233
0.00521
0.00285333
0.02735
0.0266067
0.000833333
0
0.000833333
0.00969333
0.0324133
0.0262867
0.0127733
0.0242933
0.0281667
0.02853
0.00348333
0
0.00390667
0.147133
0.0637667
0.0630933
0.00145
0
0.0588767
0.0246033
0.0173
0.00715
0.01468
0.01
0.0409367
0.0400333
0.03285
0.0571167
0.0318967
0.0489667
0.0295367
0.07498
0.0599933
0.00416333
0.0317967
0.01957
0.0373433
0.0584567
0.0490567
0.0219867
0.0386967
0.0260833
0.0253033
0.0204133
0.0607333
0.0665333
0.108047
0.0702033
0.07505
0.11982
0.0923533
0.145793
0.0347
0.06389
0.0888533
0.0945433
0.0717233
0.0499933
0.0290767
0.01517
0.0317467
0.03607
0.00871333
0.00248333
0.0373567
0.0400967
0.00259667
0.00477333
0.0234833
0.0354467
0.00744333
0.0250633
0.0194033
0.00527333
0.03865
0.0232
0.0471433
0.00192667
0.0224633
0.0412833
0.0301333
0.05264
0.0720833
0.0979933
0.09148
0.0734967
0.0355433
0.0605
0.115057
0.107453
0.0969867
0.100913
0.0747633
0.0499
0.00422
0.114867
0.12759
0.15253
0.08873
0.04711
0.02957
0.0374433
0.06457
0.0678433
0.11582
0.08854
0.03213
0.02923
0.0438433
0.0458433
0.0669
0.0589
0.05121
0.0456067
0.0662567
0.0983133
0.0807333
0.0880333
0.0173633
0.0262767
0.0186933
0.0764733
0.05781
0.0715467
0.0882433
0.02897
0.0561167
0.000256667
0.00894
0.000256667
0.0253333
0.0290467
0.000256667
0
0.0252933
0.00816
0.00666667
0.01107
0.0105633
0.00638333
0.02906
0.0435733
0.012
0.01079
0.0553067
0.05438
0.05776
0.04274
0.0452833
0.0476367
0.132347
0.12199
0.0926733
0.0612067
0.181783
0.206533
0.15666
0.136
0.0791167
0.03273
0.0224233
0.07148
0.0569333
0.0570267
0.08406
0.126907
0.155393
0.0163633
0.0410367
0.0559033
0.10708
0.102663
0.0941267
0.103527
0.06519
0.0118933
0.02727
0.0282633
0.03992
0.0459333
0.0542233
0.0537633
0.02751
0.04486
0.00293667
0.00587333
0.00293667
0.00412
0.00957
0
0
0.0082
0.00412
0
0
0.000353333
0.00408
0.00666667
0.00937
0.00265667
0.0282867
0.0273933
0.01714
0.0119767
0.04309
0.0278167
0.0499667
0.0767767
0.02716
0.03241
0.146987
0.187537
0.0697533
0.06623
0.20193
0.157267
0.0717133
0.116857
0.0936033
0.0469233
0.01574
0.02213
0.0483133
0.04822
0.03147
0.08303
0.0407067
0.05912
0.10621
0.114517
0.113707
0.0616033
0.0110833
0.0367167
0.0185867
0.0844367
0.05851
0.0622333
0.0628
0.0272467
0
0.00830333
0.00644333
0.0147467
0.00617667
0.000303333
0.00324
0
0
0
0
0
0.000266667
0.000353333
0
0.00297
0.00323667
0.000353333
0.00874333
0.00660667
0.0103467
0.00102667
0.00998333
0.00421
0.0535733
0.0191167
0.00876
0.00755333
0.143583
0.07698
0.01997
0.0148533
0.0674
0.13947
0.02193
0.0148533
0.0385167
0.0075
0.00384333
0.00951667
0.0326433
0.00800667
0.06771
0.0329267
0.0425467
0.0478433
0.00564333
0.00795
0.00972667
0.00556
0.00783333
0.0324067
0.05568
0.0859167
0.08803
0.0859833
0.05701
0.00186
0.00464
0.00742
0.0306267
0.000606667
0.00692333
0
0
0.000303333
0
0
0
0
0
0
0.000266667
0.000266667
0
0
0.000533333
0.000266667
0
0
0.000833333
0.000566667
0.000673333
0.000566667
0
0.0141633
0.00504
0.00243667
0
0.0495533
0.0211933
0.00243667
0
0.0114933
0.0440867
0.00243667
0
0.00379
0
0.00233333
0.00233333
0.00829
0.00618
0.01095
0.00914
0.00913
0.0105233
0.00881333
0.0086
0.00278
0.00278
0.00257333
0.0199767
0.00762667
0.06406
0.0434567
0.0641067
0.0783967
0.0447667
0.0502133
0.0191167
0
0.00278
0.00765667
0.00134
0
0
0.000303333
0
0
0
0
0
0
0
0
0
0
0
0
0
0
0
0
0
0
0
0
0.00436667
0.00436667
0
0
0.01207
0.00436667
0
0.00042
0.000133333
0.00783667
0.00042
0.000133333
0
0
0
0
0.000473333
0.000696667
0.00596667
0.00964
0.0271233
0.0280167
0.0421967
0.02449
0.0187467
0.01067
0.0318033
0.0367
0.0612533
0.0651333
0.07574
0.0603767
0.0439
0
0.000643333
0.00321667
0.0327067
0.0134533
0.0215967
0
0
0.00169
0.00103667
0
0
0
0
0
0
0
0
0
0
0
0
0
0
0
0
0
0
0
0
0
0
0
0
0
0
0.00042
0
0
0
0.00042
0
0
0
0.00025
0.000723333
0.00599333
0.0110133
0.0217633
0.0342
0.0532233
0.0603267
0.04813
0.0242567
0.00593
0.00874
0.0507767
0.0610467
0.0666267
0.0561067
0.06134
0.0379
0.0358233
0
0.00128667
0.000643333
0.01322
0.0101867
0.00100667
0
0
0.000653333
0
0
0
0
0
0
0
0
0
0
0
0
0
0
0
0
0
0
0
0
0
0
0
0
0
0
0
0
0
0
0
0
0
0.000303333
0.000303333
0
0
0.00025
0.000526667
0.00579667
0.01677
0.0277167
0.04033
0.0534
0.0631567
0.0507833
0.0320067
0.0110267
0.00582
0.000643333
0.00572667
0.01318
0.0340833
0.03265
0.0257033
0.04529
0.03094
0.0132167
0.0149433
0.00368667
0
0
0.000643333
0.00404
0.000353333
0.000353333
0
0
0
0
0
0
0
0
0
0.00252333
0
0
0.00252333
0.00252333
0
0
0
0
0
0
0
0
0
0
0
0
0
0
0
0
0
0
0
0
0
0
0.000303333
0
0
0
0.000276667
0.000276667
0.0115
0.0175667
0.03545
0.03057
0.0452067
0.0370533
0.0362267
0.0155367
0.00611
0.000593333
0.00649667
0.00845667
0.00243667
0
0
0.00508333
0.00508333
0.0111033
0
0.00196
0
0
0
0
0.00037
0.00037
0
0.00022
0.00353667
0.00316667
0.00022
0.00316667
0.00885667
0
0.00821333
0.0107367
0
0
0.00504667
0.00252333
0
0
0
0
0
0
0
0
0
0
0
0
0
0
0
0
0
0
0
0
0
0
0
0
0
0
0.00634333
0.0126867
0.01903
0.0129667
0.0163533
0.0103
0.01031
0.00058
0.00029
0
0
0
0.00252
0.00299667
0.0101133
0.0125267
0.00541
0.00520333
0.00027
0.000433333
0
0.000213333
0.00027
0
0.000833333
0.00044
0.00022
0.00120333
0.00724333
0.00044
0.00957667
0.02912
0.00022
0.02877
0.0438533
0
0.000656667
0.0264633
0.0251733
0
0.000656667
0.00692333
0.00461333
0
0
0.000213333
0.000213333
0
0
0
0
0
0
0
0
0
0
0
0
0
0
0
0
0
0
0
0
0
0
0.00634333
0.00662333
0.00690333
0.00056
0.00057
0.000846667
0.000846667
0.0102133
0.00965667
0.00965667
0.000213333
0.000213333
0.00684667
0.00915333
0.0273267
0.02781
0.0452633
0.0320233
0.0253533
0.00565
0.000716667
0.000646667
0.000426667
0.000213333
0.00027
0.00146667
0.000633333
0.000653333
0.00795
0.0104967
0.0159033
0.00291667
0.0102133
0.0349833
0.0487
0.00269667
0.00566333
0.05792
0.04645
0.02699
0.00384333
0.0310933
0.0132867
0.00238
0.0255267
0.00505667
0.000656667
0
0.00172333
0.000213333
0
0
0
0
0
0
0
0
0
0
0
0
0
0
0
0
0
0
0.00391667
0.00391667
0
0
0
0
0.00028
0.00028
0.00028
0.00166333
0.00222
0.0127067
0.0207
0.02406
0.0135733
0.00783333
0.000213333
0.000603333
0.00723667
0.0153633
0.0331467
0.0437367
0.05537
0.0414133
0.0246367
0.00498667
0.00077
0.000213333
0.00268
0.00446333
0.00477333
0.0101967
0.0286233
0.01208
0.01697
0.0286333
0.0286633
0.0360933
0.0345733
0.0334767
0.01321
0.03571
0.0165233
0.0490767
0.00945667
0.00101333
0.0480167
0.000443333
0
0.00742333
0.03057
0
0
0.0057
0
0
0
0
0
0
0
0
0
0
0
0
0
0
0
0
0.0322867
0.02837
0
0
0
0
0
0.000833333
0.00249667
0.0214933
0.0311467
0.08363
0.06855
0.114947
0.0647167
0.08917
0.00246667
0
0
0
0.00317333
0.00039
0.0214667
0.0115133
0.0297667
0.0359067
0.02364
0.00689333
0.00501667
0.00866
0.00493333
0.00512
0.00656
0.0102233
0.0307167
0.04457
0.0271133
0.0322633
0.0476267
0.04611
0.03306
0.0304633
0.01847
0.0366933
0.01954
0.0117333
0.00439333
0.0686333
0.05189
0.00074
0.00017
0.06584
0.0654367
0
0
0.0345467
0.0483933
0
0
0.00611
0.01181
0
0
0.00041
0
0
0
0
0
0
0
0.00022
0.00022
0
0
0.0475133
0.0193633
0
0
0
0.000276667
0.00111
0.00593667
0.0246567
0.0455533
0.0948733
0.13276
0.167913
0.157873
0.12936
0.09162
0.00515333
0.00793667
0.02675
0.03194
0.0391033
0.02249
0.0177833
0.00246667
0.00246667
0
0
0.00301
0.00817
0.00681667
0.00619333
0.000186667
0.00265333
0.0122433
0.0489033
0.0340933
0.02614
0.00621667
0.0626467
0.04271
0.0257233
0.00601
0.0207533
0.0235267
0.0132033
0.00701
0.00419333
0.000743333
0.03555
0.0140167
0.000373333
0.000203333
0.04791
0.0347667
0
0
0.0280933
0.0280133
0
0
0.00624333
0.00868
0
0.00041
0.000543333
0
0
0
0
0
0
0
0.00022
0
0
0
0.0242233
0.00508
0
0.000276667
0.000553333
0.00538
0.00993
0.0114467
0.02835
0.0298667
0.0849567
0.09638
0.134143
0.0985833
0.0845733
0.0453267
0.00054
0.00569333
0.0111767
0.0201467
0.0334767
0.0467767
0.0472133
0.0334667
0.02065
0
0
0
0.0110533
0.00632
0.00107667
0.00673333
0
0.00711667
0.02905
0.00021
0.00021
0.0239233
0.00524333
0.00042
0.00145333
0.00142
0.00524333
0.000776667
0.000406667
0.00803667
0.00163333
0.000203333
0
0.0124467
0.00725
0
0
0.00846667
0.00604333
0
0
0.00298
0.00284667
0
0
0.000133333
0.000133333
0
0
0
0
0
0
0
0
0
0
0
0
0.00486
0
0.000276667
0.000276667
0.00510333
0.00482667
0.00662
0.00179333
0.00813667
0.00662333
0.0397767
0.0406633
0.0617067
0.02884
0.02647
0.00514667
0
0.00054
0.00087
0.00635333
0.00643667
0.0156167
0.0170433
0.0348733
0.0277067
0.0258633
0.00741
0
0
0
0.00541667
0.000743333
0.00035
0
0
0.000393333
0.00111
0
0.00279667
0.00104
0.00192
0.00783
0.00140667
0.000526667
0.00583333
0.000203333
0
0.000423333
0.0008
0
0
0.000846667
0.000423333
0
0
0.000423333
0.000423333
0
0
0
0
0
0
0
0
0
0
0
0
0
0
0
0
0
0
0
0
0
0
0
0
0
0
0
0
0.00028
0.000836667
0.00806667
0.00806667
0.00779667
0.000853333
0.000573333
0.000286667
0
0
0
0.000306667
0.000636667
0.000943333
0.00126
0.00122
0.00782333
0.0072
0.00925333
0.00234333
0.00234333
0
0
0
0
0
0
0
0
0.00279667
0.00626667
0
0.000323333
0.0260567
0.0244933
0.000323333
0
0.01492
0.0323467
0
0
0.00561
0.0146967
0
0
0.000253333
0.00506333
0
0
0
0.000253333
0
0
0
0
0
0
0
0
0
0
0
0
0
0
0
0
0
0
0
0
0
0
0
0
0
0
0
0.000556667
0.00111333
0.01049
0.0102133
0.0159933
0.00690333
0.00841
0.00207333
0.00178667
0
0
0.00193667
0.00193667
0.00688
0.00525
0.0104933
0.00585667
0.00585333
0.0009
0.000593333
0.00029
0
0
0
0
0
0
0
0
0
0
0.00347
0.00363667
0
0
0.0286167
0.0105567
0
0
0.04554
0.0433733
0
0
0.0205833
0.034
0
0
0.00531667
0.01175
0
0
0.000253333
0.000506667
0
0
0
0
0
0
0
0
0
0
0
0
0
0
0
0
0
0
0
0
0.00026
0.00026
0
0
0
0.000276667
0.000833333
0.00566
0.01476
0.0320867
0.0335967
0.0448433
0.0287467
0.0277567
0.00713333
0.00560667
0.000263333
0.000263333
0.00676333
0.00843667
0.0265533
0.0249967
0.0438167
0.0309433
0.0265833
0.00613
0.000886667
0.000303333
0
0
0
0
0
0
0
0.000166667
0
0
0.000333333
0.000333333
0
0
0.00735667
0.000436667
0
0
0.0320667
0.01411
0
0
0.0273333
0.0275667
0
0
0.00694
0.00910667
0
0
0.000253333
0.000253333
0
0
0
0
0
0
0
0
0
0
0
0
0
0
0
0
0
0
0
0
0.00199667
0.00173667
0
0.000276667
0.000553333
0.00538
0.00993
0.0275367
0.0405933
0.04211
0.04485
0.0323133
0.0313167
0.0109533
0.00586667
0.00225667
0.000263333
0.000526667
0.00107333
0.00731
0.0164667
0.0340367
0.0454667
0.0568033
0.0435467
0.0262
0.00572333
0.000863333
0.00028
0
0
0
0
0
0.000166667
0.000166667
0
0
0.000166667
0
0
0
0.00027
0
0
0
0.00746
0.00054
0
0
0.00934
0.00719
0
0
0.00242
0.00242
0
0
0
0
0
0
0
0
0
0
0
0
0
0
0
0
0
0
0
0
0.00021
0.00021
0
0
0.00173667
0.00021
0.000276667
0.000276667
0.00510333
0.00482667
0.02271
0.0178833
0.0242267
0.00717667
0.0125233
0.01184
0.0112667
0.0237467
0.0198233
0.0195633
0
0.000263333
0.000263333
0.00081
0.00139
0.01081
0.0153967
0.0324833
0.02488
0.0246067
0.00667667
0.00514
0.00028
0.00028
0
0
0
0
0
0
0
0
0
0
0
0
0
0
0
0
0.00027
0
0
0
0.00027
0.00027
0
0
0.00028
0.00028
0
0
0.00028
0.00056
0
0
0
0.00028
0
0
0
0
0
0
0
0
0
0
0
0
0.00021
0
0
0
0.00482333
0.00482333
0
0
0
0
0
0.000276667
0.00111
0.00647667
0.01186
0.03193
0.04439
0.0448733
0.02397
0.0107567
0
0
0.00178667
0.00178667
0.00812333
0.00718
0.0128467
0.0116433
0.0113567
0.00750667
0.00237333
0.00181667
0
0
0
0
0
0
0
0
0
0
0
0
0
0
0.000273333
0.000273333
0
0
0
0.000273333
0
0
0.00187667
0.00187667
0
0
0.00510667
0.00670333
0
0
0.00566333
0.01021
0
0
0.000553333
0.00565667
0
0
0
0.000273333
0
0
0
0
0
0
0
0
0
0
0
0
0.00513333
0.00052
0
0
0
0
0.000276667
0.000833333
0.0062
0.0170867
0.0374333
0.05628
0.05126
0.0417633
0.0221633
0.01654
0.00052
0.00026
0.00505333
0.00658
0.02625
0.0277933
0.05299
0.0389867
0.03376
0.00733333
0.00222
0.00111
0.000553333
0
0.00026
0.00026
0
0
0
0
0
0
0
0
0
0
0.000546667
0.000273333
0
0
0.000546667
0.00082
0
0
0.0083
0.00669667
0
0
0.0246667
0.0262633
0
0
0.01927
0.03213
0
0
0.01069
0.0197567
0
0
0.000273333
0.00558667
0
0
0.00017
0
0
0
0.00017
0.00017
0
0
0
0
0.00078
0.00026
0
0
0
0.000556667
0.00111333
0.0122767
0.0228833
0.04021
0.05326
0.0535033
0.0470267
0.0233333
0.0124467
0.0013
0.00026
0.00052
0.00107333
0.00586667
0.01979
0.0386467
0.06962
0.08242
0.0769367
0.04228
0.0161133
0.00248
0.00137
0.000553333
0.00026
0
0
0
0
0
0
0
0
0
0
0
0.00041
0.000136667
0
0
0.00082
0.000683333
0
0
0.00725
0.0011
0
0.00162667
0.0340367
0.0166267
0.00162667
0.00162667
0.0477333
0.0480433
0
0
0.02809
0.0432067
0
0
0.00548333
0.01892
0
0
0.00051
0.00034
0
0
0.00017
0.00034
0
0
0
0
0.00026
0
0
0.000276667
0.000833333
0.00111
0.0119967
0.0177833
0.03539
0.03057
0.0356333
0.0273867
0.0215633
0.0104167
0.00104
0.00052
0
0
0
0.000813333
0.00192333
0.0161067
0.0294967
0.0641533
0.0696433
0.0696267
0.0401833
0.0213267
0.00766667
0.00134333
0
0
0.00079
0.000263333
0
0
0.000263333
0
0
0.00415333
0
0
0.000273333
0.00429
0
0.00246
0.000546667
0.00041
0.00246
0.00721333
0.0032
0.00278333
0.00638
0.0111333
0.01763
0.0103533
0.00638
0.00475333
0.0438167
0.0308133
0
0
0.05432
0.05462
0
0
0.02187
0.0421533
0
0
0.00843333
0.00860333
0
0
0
0.00017
0
0
0
0
0
0
0.000276667
0.000276667
0.000553333
0.000276667
0.00662
0.00813667
0.01448
0.00869333
0.0165367
0.0104733
0.0101767
0.00054
0.00026
0
0
0
0
0
0
0.00111
0.00194667
0.01615
0.0198667
0.0387033
0.0280367
0.0295333
0.0146167
0.0116067
0
0
0.0102333
0.00574
0
0.00302
0.00521333
0.000263333
0.00717333
0.08858
0.00523
0.00523
0.00844333
0.0897133
0.00769
0.0306167
0.00675
0.0107667
0.03014
0.0133933
0.0174967
0.0145967
0.0322167
0.0356733
0.00984333
0.00549667
0.0427167
0.0513967
0.000406667
0.000406667
0.0482567
0.0493567
0
0
0.0351067
0.04091
0
0
0.00923667
0.0146533
0
0
0.00284667
0.00284667
0
0
0
0
0
0
0
0
0
0
0.00179333
0.00235
0.00290667
0.00594
0.00566333
0.00510667
0.00028
0
0
0
0
0
0
0
0
0
0
0.000836667
0.00136667
0.00619333
0.00996667
0.0129733
0.0257933
0.02594
0.00213333
0
0
0.03107
0.0183733
0.01394
0.08656
0.00515333
0.00527333
0.0144533
0.24328
0.165833
0.01936
0.0782167
0.172827
0.24914
0.0870133
0.17212
0.0493233
0.130113
0.0507233
0.136307
0.0396567
0.0674667
0.0328867
0.06234
0.06222
0.00549667
0.06653
0.0740167
0.000406667
0
0.04285
0.0513433
0
0
0.0280933
0.0289333
0
0
0.0104833
0.0168733
0
0
0
0.00284667
0
0
0
0
0
0
0
0
0
0.000276667
0.000833333
0.00593667
0.0104867
0.0278133
0.02271
0.0196767
0.00179333
0.00179333
0
0
0
0
0
0
0
0
0
0
0.00025
0.00078
0.00129
0.00565
0.0142367
0.0313733
0.0493467
0.00491667
0
0.00278333
0.0445467
0.0440967
0.0338967
0.0164367
0.02038
0.163707
0.12797
0.0270633
0.08784
0.0271667
0.00951333
0.01315
0.01507
0.0358533
0.06931
0.143533
0.199743
0.134087
0.205957
0.210293
0.189207
0.226027
0.16795
0.0600067
0.0668367
0.20496
0.14289
0.23953
0.25284
0.253843
0.00249
0.00135333
0.000216667
0.191657
0.126513
0.179003
0.18047
0.185547
0.23467
0
0
0
0.00458333
0.0491167
0.0838033
0.08374
0.25154
0.05503
0.11815
0.00380667
0.03862
0.0200833
0.0418733
0.0870533
0.119267
0.03555
0.102627
0.0456333
0.101323
0.140433
0.0740667
0.07109
0.0125067
0.0126567
0.08891
0.08864
0.0623967
0.0625667
0.00524
0.00524
0.0320033
0.03557
0
0
0.0151467
0.00972333
0
0
0.00028
0.00791667
0
0
0
0
0
0
0
0
0
0
0
0.00026
0.000536667
0.00560667
0.01045
0.0307967
0.04361
0.0597033
0.0408733
0.0329233
0.0117267
0.01021
0.000276667
0.000276667
0
0
0
0
0
0
0
0
0
0.00025
0.00051
0.00102
0.00103667
0.00989333
0.0143033
0.0680833
0.0484367
0.00400667
0.00278333
0.03182
0.0324567
0.02993
0.0316933
0.0370767
0.0482533
0.00519
0.02916
0.0106567
0.0832167
0.06703
0.10473
0.0923333
0.08576
0.134243
0.0607467
0.111487
0.08039
0.0382433
0.0140867
0.0219867
0.0378367
0.0428767
0.00931
0.0307967
0.00172667
0.00258667
0.0075
0.00614667
0.0340467
0.0304967
0.0379133
0.0538367
0.0132967
0.0341067
0.00123667
0.00650333
0
0.00028
0
0
0.0013
0.0007
0.0169733
0.01103
0.0400567
0.0375767
0.05353
0.0571333
0.0335067
0.0460433
0.00220333
0.0137833
0
0.000286667
0.00765
0.00532333
0.0421967
0.0369967
0.05163
0.0731933
0.02019
0.0521633
0.00205667
0.0128267
0
0.000563333
0
0
0.00156
0.00128333
0.0252633
0.0194433
0.0735
0.0613167
0.0896967
0.09654
0.0367967
0.0607667
0.00757
0.00844667
0.00139667
0.0786933
0.0429333
0.0276333
0.01033
0.00291333
0.0021
0.00225667
0.0111667
0.0529367
0.0320467
0.0480067
0.0077
0.01154
0.00014
0.00056
0
0
0
0
0
0
0
0
0
0
0
0
0
0
0
0.000196667
0.0125833
0.0476667
0.0726867
0.0693033
0.0709133
0.0778767
0.07458
0.0789067
0.0545
0.0459633
0.0788667
0.258903
0.20417
0.267307
0.07979
0.14878
0.01714
0.05309
0
0.00556
0.000143333
0
0
0
0
0
0
0
0
0
0
0
0
0
0
0
0
0
0
0
0
0
0
0
0
0
0
0.00458333
0.00574333
0.0160433
0.0197567
0.05283
0.0589733
0.07315
0.0973267
0.14709
0.241877
0
0.000196667
0
0.0137367
0.00135
0.03857
0.03538
0.05955
0.00250667
0.0138133
0.00650333
0.00200333
0.0341367
0.0114967
0.05677
0.04062
0.03496
0.0417
0.00641333
0.01406
0.00028
0.00114667
0
0
0.0007
0
0.01181
0.00208
0.0278433
0.12939
0.13454
0.146673
0.207697
0.230997
0.26303
0.00646667
0.04867
0.0204667
0.107907
0.0885833
0.07619
0.11037
0.0170167
0.0484067
0.00083
0.00651333
0
0.000266667
0.00128333
0
0.0197733
0.00189
0.0645333
0.02881
0.0901967
0.0703733
0.0389767
0.0615633
0.00210333
0.00958333
0.000216667
0.000966667
0.30176
0.0423033
0.0359
0.04126
0.00564333
0.0140433
0.00042
0.00166333
0
0
0
0
0
0
0
0
0
0
0
0
0
0
0
0.0799833
0.105667
0.0871867
0.143133
0
0
0
0
0
0
0
0
0
0
0
0
0
0
0
0
0
0
0
0
0
0.138677
0.0470467
0.0839833
0.00525667
0.0154433
0.00452
0.0143833
0.0622467
0.0683433
0.02026
0
0.00458333
0.00541333
0.01223
0.00914667
0.0492267
0.0164933
0.0640233
0.0872667
0.15639
0.115907
0.220243
0.250533
0.186457
0.0360433
0.0387
0.00524
0.07604
0.0995533
0.0132767
0.01358
0
0
0.00249333
0.00248
0
0
0
0.00028
0
0
0
0
0
0
0
0
0
0
0.00026
0.00505333
0.0101233
0.0277233
0.0435533
0.05968
0.0630167
0.0568767
0.0456133
0.0425733
0.0283667
0.0247533
0.00659667
0.00632
0.00122333
0
0
0
0
0
0
0
0
0
0
0
0.00026
0.00026
0.000526667
0.000963333
0.00588333
0.00622
0
0.000683333
0.0236
0.0341567
0.0559033
0.0554167
0.0460833
0.0248767
0.00244667
0.01275
0.0321833
0.0157667
0.0422
0.0528867
0.0410733
0.0364467
0.0182733
0.0168467
0.00423
0.00869333
0.00906667
0.0164133
0.00909333
0.00903
0.00168333
0.00110333
0
0.00197667
0.00327
0.0123433
0.0112467
0.0170267
0.00847
0.00854667
0.00147333
0.000956667
0
0
0
0
0
0.0006
0.00171
0.00835333
0.0199633
0.0339433
0.0461367
0.02725
0.0127433
0.0362967
0.00162667
0.01229
0.000776667
0.00220333
0.00598333
0
0.00220333
0
0
0
0.000143333
0.000143333
0.00261333
0.00384
0.0140767
0.0124967
0.0190533
0.00935333
0.00995667
0.00203
0.00149333
0
0
0
0
0
0.000276667
0.000993333
0.00809667
0.0197533
0.0491033
0.0636133
0.0811667
0.0597967
0.0443567
0.01513
0.0307367
0.0281133
0.03166
0.0108733
0.00742
0.00028
0.00014
0
0
0
0
0
0
0
0
0.00029
0.00029
0.00100667
0.000716667
0.000716667
0
0
0
0.00249333
0.0017
0.0103933
0.00026
0
0
0
0
0
0
0
0
0
0
0.00034
0.00034
0.00068
0.00034
0.00034
0
0.000343333
0.000343333
0.000686667
0.000343333
0.000343333
0
0
0
0
0.209033
0.114593
0.0977367
0.0507967
0.0447167
0.01955
0.01308
0.0106567
0.0159267
0.0360533
0
0
0
0
0.00116
0.00463
0.0129267
0.02844
0.0414133
0.0773667
0.0831033
0.141467
0.137837
0.255283
0.25265
0.269777
0.397783
0.0245133
0.0753767
0.05041
0.08648
0.0873633
0.0831633
0.0837733
0.0446167
0.0689533
0.0537333
0.0824067
0.12516
0.13217
0.124267
0.17763
0.261937
0.18534
0.24704
0.16462
0.129497
0.0473467
0.0547633
0.00583667
0.0116733
0.000143333
0.000276667
0.00143
0.389343
0
0
0
0.00115333
0
0.0350733
0.0100433
0.04217
0.04521
0.02018
0.0129533
0.00102333
0.00138
0.000603333
0.00622
0.00664667
0.0184067
0.0142033
0.0213467
0.01022
0.00967333
0.00174667
0.000866667
0
0
0
0
0
0.00138
0.00712667
0.0135267
0.10034
0.08493
0.09862
0.109817
0.0295233
0.0731867
0.08733
0.10519
0.07208
0.0494767
0.01822
0.00664667
0.000963333
0.000266667
0
0
0
0.000606667
0.00114
0.01146
0.0115633
0.0347533
0.0321
0.0390867
0.0166933
0.00977667
0.00208
0.00075
0
0
0
0
0
0
0.309847
0.4411
0.02799
0.0332633
0.0379933
0.0387333
0.0278833
0.02305
0.02319
0.0148533
0.0110667
0.00259333
0.00159
0.000693333
0.000346667
0.000346667
0
0
0
0
0
0
0
0
0
0
0
0
0
0.0622867
0.0798433
0.0211267
0.04354
0
0
0
0
0
0
0
0
0
0
0
0
0
0
0
0
0
0
0
0
0
0
0
0.00083
0.00132
0.00282
0.279997
0.43317
0.356837
0.21147
0.139063
0.130067
0.0547667
0.0241067
0.0415967
0.0135233
0.0144633
0.01829
0.06304
0.157663
0.161667
0.261903
0.00305
0.01092
0.00618
0.00618
0.000266667
0.000533333
0
0
0
0
0
0
0
0
0
0
0
0
0
0
0.00479333
0.00658
0.02444
0.02171
0.04112
0.0331933
0.0456133
0.04258
0.0508033
0.04264
0.0307967
0.0129
0.00658
0.00026
0.00506333
0.00122333
0
0
0
0
0
0
0
0
0
0
0
0
0
0.00179
0.00179
0.00812333
0.00703
0.0121133
0.00638333
0.00632333
0.00123
0.00159333
0.00244333
0.00121333
0.00085
0
0.000683333
0.00736667
0.0179233
0.03967
0.0329533
0.0274933
0.00917667
0.0308833
0.0142767
0.0229467
0.02245
0.00520667
0.00565667
0.00045
0.00045
0
0
0
0.00116667
0.000783333
0.000793333
0.000793333
0.00116667
0.00116667
0.00174667
0.00058
0.00058
0
0
0
0.00129333
0.00142667
0.00230667
0.00147
0.00185333
0.000973333
0.000516667
0
0
0
0
0
0
0.00068
0.00179
0.00179
0.01332
0.0138267
0.00161667
0.00284667
0
0
0
0
0
0
0.00137
0.00137
0.00226
0.00089
0.00142667
0.000536667
0.000536667
0.00183333
0.00183333
0.00666333
0.00483
0.00483
0
0
0.000716667
0.00734333
0.0192767
0.02524
0.0402267
0.032
0.0340167
0.0125733
0.00912667
0.00043
0.00026
0
0
0
0.00649
0.00981
0.00412333
0.00771667
0.00450333
0.00411333
0.00052
0.00014
0
0
0
0
0
0
0.00196333
0.00196333
0.00809667
0.00642333
0.00714
0.00433333
0.00361667
0.004
0.000383333
0
0
0
0
0
0.00200667
0.00200667
0.00863333
0.00696667
0.00759667
0.00131
0.00330333
0.00267333
0.00934333
0.00735333
0.01296
0.00629333
0.00595
0.000343333
0
0
0
0
0
0
0
0.283177
0.225407
0.15365
0.12042
0.09383
0.0650667
0.03953
0.01271
0.00253
0.00185667
0.00729
0
0.000273333
0.000273333
0.00539333
0.00859
0.0329533
0.0445067
0.0975933
0.11748
0.195923
0.214173
0.30978
0.39481
0.390877
0.0603933
0.05755
0.0441033
0.0896033
0.0934367
0.104987
0.0955733
0.00970333
0.01821
0.0107733
0.00932
0.000246667
0.000493333
0.00127667
0.00181333
0.00298
0.00361
0.00370667
0.00317333
0.00176
0.00088
0
0
0
0
0
0
0
0.00574667
0.01584
0.03737
0.0551467
0.0801733
0.0679333
0.0724167
0.0510767
0.05559
0.0848533
0.0714833
0.103493
0.0652533
0.03791
0.0226733
0.0354833
0.0203833
0.00754333
0.00625
0.000413333
0.000276667
0.000443333
0.00173
0.00217333
0.0158233
0.02531
0.0531533
0.03978
0.0408467
0.0135033
0.01348
0.00164
0.000696667
0
0
0
0
0
0.000533333
0.000533333
0.00124333
0.00071
0.00837667
0.00766667
0.00899667
0.00133
0.00133
0
0
0.487293
0.0564067
0.0634367
0.0504933
0.0307067
0.0141133
0.00583667
0.00643667
0.00207
0.00201333
0.00633667
0.00602
0.00773333
0.00240667
0.00412
0.00206
0.00206
0
0
0
0
0
0
0
0
0
0
0
0
0
0
0.000813333
0.03544
0.0632433
0.0546167
0.0651333
0.000253333
0.000253333
0.000506667
0.000253333
0.000253333
0
0
0
0
0
0
0
0
0
0
0
0
0
0
0
0
0
0
0
0
0
0
0
0.00049
0.01128
0.00098
0.497647
0.50973
0.382453
0.314823
0.30518
0.29152
0.289223
0.200177
0.0662033
0.03117
0.02624
0.0331433
0.0279933
0.01229
0.0405
0.0388133
0.0638
0.08135
0.145593
0.19883
0.303007
0.362077
0.444647
0.00840333
0.0111633
0.00931333
0.00313333
0.000266667
0.000266667
0
0
0
0
0
0
0
0
0
0
0
0
0
0
0.00178667
0.00178667
0.00385
0.00234
0.0122733
0.0120033
0.02989
0.0263
0.0308267
0.0177667
0.0116833
0.00564
0.000536667
0.000276667
0.00412667
0.00384
0
0
0
0
0
0
0
0
0
0
0
0.00028
0.00028
0.000836667
0.000556667
0.00537
0.00660333
0.0244767
0.0259967
0.0447533
0.0319633
0.0306
0.01069
0
0
0
0.000363333
0.000363333
0.000363333
0
0
0
0
0.000286667
0.00697
0.01081
0.00725667
0.00580333
0.00653667
0.0059
0.00570333
0
0
0
0
0
0
0
0
0
0
0
0.0100767
0.0104767
0.0111833
0.00187333
0.00109
0
0
0
0
0
0
0
0.000276667
0.000276667
0.000276667
0
0.00321333
0.00334667
0.02413
0.0213733
0.0280167
0.00723333
0.00677667
0
0
0
0
0
0.00068
0.00068
0
0
0
0
0
0
0
0
0
0
0
0
0.00183333
0.00366667
0.0100433
0.01304
0.01659
0.0102133
0.00594
0.000556667
0.00290667
0.00897667
0.0158733
0.0202033
0.0188967
0.0157067
0.00930667
0.00415667
0.00045
0.00017
0
0
0
0
0
0.000273333
0.000273333
0.00248333
0.00978667
0.00783333
0.01337
0.00644667
0.00625667
0.00072
0.00034
0
0
0
0.000236667
0.000236667
0.00472667
0.00645333
0.02421
0.0258533
0.0316733
0.0146333
0.0121167
0.0117833
0.00438333
0
0.000266667
0.000266667
0.00506667
0.00680667
0.0248867
0.0267133
0.04571
0.02826
0.03402
0.01535
0.03803
0.0326533
0.0565
0.0387967
0.03729
0.01111
0.00579667
0.000293333
0.000293333
0
0.00018
0.00018
0.00018
0
0.270843
0.233293
0.16713
0.145257
0.11105
0.0928533
0.05939
0.03483
0.00105667
0.00706333
0
0.000273333
0.00584333
0.0109633
0.0178633
0.0366567
0.08446
0.133843
0.169917
0.21211
0.299563
0.378983
0.316793
0.00747667
0.00501667
0.01061
0.00419333
0.00419333
0.00103
0.00219667
0.00141333
0.00229333
0.00088
0.00088
0
0
0
0
0
0
0
0
0
0.00574667
0.00944
0.0131333
0.01106
0.0315433
0.0327667
0.04413
0.0232233
0.0256867
0.0273167
0.0323067
0.0173333
0.0451933
0.0328233
0.0124067
0.0404733
0.02366
0.00387333
0.0245
0.0209367
0.0225067
0.00157
0.00170667
0.000136667
0.000136667
0.000263333
0.000706667
0.00097
0.00115
0.0025
0.01301
0.0132867
0.0122133
0.00195333
0.00217667
0.00173667
0.00122333
0.00056
0.00028
0.00028
0
0
0
0
0
0
0
0
0
0
0
0
0
0.339797
0.407427
0.0610067
0.0441067
0.02675
0.00512667
0.000806667
0.000713333
0.00137667
0.00590667
0.0109233
0.0310867
0.0282133
0.04104
0.0222733
0.0250433
0.00689
0.00511
0.00028
0.00028
0
0
0
0
0
0
0
0
0
0
0
0
0
0.00165
0.00246333
0.00805667
0.00338667
0.0156133
0.0407467
0.0266167
0
0
0.000613333
0.000866667
0.00594333
0.00558333
0.0235667
0.01849
0.0246833
0.00644667
0.00672667
0.00028
0.00028
0
0
0
0
0
0
0
0
0
0
0
0
0
0
0
0
0
0.00094
0.00143
0.0133933
0.0437933
0.0227533
0.401787
0.40896
0.319963
0.296707
0.238203
0.170813
0.12478
0.0858733
0.0736467
0.00623333
0.00320667
0.02508
0.00653333
0.06053
0.120973
0.16513
0.180717
0.265357
0.287983
0.408203
0.00302667
0.00302667
0.00326667
0.000133333
0
0
0
0
0
0
0
0
0
0
0
0
0
0
0
0
0
0
0.000276667
0.000276667
0.00207
0.00358667
0.00993
0.00841667
0.0117267
0.00566333
0.00566
0.00111333
0.000833333
0.000556667
0.000286667
0.000286667
0
0
0
0
0
0
0
0
0.00028
0.00028
0.00235
0.00207
0.00689667
0.00510667
0.00594
0.00167
0.00648
0.01046
0.03053
0.0433133
0.0562733
0.0561933
0.0430267
0.0302233
0
0
0
0
0
0
0
0
0
0
0
0
0.000286667
0.000573333
0.000286667
0.00992
0.00541
0.00044
0.000196667
0
0
0
0
0
0
0
0
0
0
0.000233333
0.000233333
0.000233333
0.0110033
0.01519
0.0355033
0.04071
0.0211033
0.0126433
0.00194
0.00085
0
0
0
0.00180667
0.00180667
0.00814667
0.00661667
0.00973
0.00339
0.0159
0.016
0.0402867
0.0482833
0.0518467
0.03948
0.0151933
0.00914
0.000723333
0.000723333
0
0
0
0
0
0
0
0
0.000243333
0.000243333
0.00658
0.00817
0.02788
0.02792
0.0402767
0.02595
0.0209633
0.00733
0.00733
0.00829
0.0256567
0.02717
0.0454567
0.0328533
0.0310633
0.0107067
0.00566667
0.00056
0.00028
0
0
0
0
0
0.000286667
0.000286667
0.00740333
0.0096
0.0284433
0.02863
0.03588
0.0225733
0.01589
0.00649667
0.00124
0.00062
0.00028
0
0
0.000236667
0.00071
0.0052
0.0135967
0.03088
0.0427867
0.0419367
0.01329
0.0293033
0.000266667
0.000533333
0.00107667
0.00561
0.0147067
0.0322433
0.0478367
0.0594767
0.0604267
0.05242
0.07172
0.076
0.10347
0.0893467
0.0715533
0.0372
0.0116233
0.0064
0.00103
0.000426667
0.000313333
0.000333333
0.252363
0.230173
0.18249
0.139293
0.0897267
0.0459567
0.0338167
0.00628
0.00847333
0.000443333
0.00029
0.00074
0.00602
0.0131933
0.0765467
0.0947133
0.1387
0.373913
0.334263
0.0183033
0.00876667
0.01753
0.00482
0
0
0
0.000276667
0.000276667
0.000553333
0.000276667
0.000276667
0
0
0
0
0
0
0.00369333
0.00387
0.00754333
0.00402667
0.00876667
0.00581333
0.00890667
0.00453667
0.0111967
0.00831333
0.00815333
0.000773333
0.00496333
0.00457667
0.00457667
0
0.00018
0.00018
0.00509667
0.000546667
0.00031
0
0
0
0
0
0
0.00054
0.000803333
0.00615333
0.00587667
0.0122133
0.00865667
0.0101867
0.00430667
0.00251333
0.00123333
0.00107
0.00135
0.00622
0.00594333
0.00745667
0.00207333
0.00179333
0
0
0
0
0
0
0
0
0
0
0
0.340717
0.351967
0.0557933
0.00849333
0.0262533
0.00472333
0
0.00031
0.00062
0.00555333
0.01202
0.0325367
0.0459933
0.05737
0.04609
0.03253
0.01496
0.00569333
0.000863333
0.00028
0
0
0
0
0
0
0
0
0
0
0
0
0
0.00165
0.00453
0.0357333
0.0384467
0.04556
0
0.00018
0.00805333
0.00502333
0
0
0.000306667
0.00092
0.00616667
0.0109367
0.0313167
0.0443067
0.0575167
0.04297
0.0295833
0.0115767
0.00513
0.00028
0
0
0
0
0
0
0
0
0
0
0
0
0
0
0
0
0.00094
0.00188
0.0138433
0.0248667
0.0472467
0.0628667
0.0610767
0.0824967
0.319747
0.30008
0.241793
0.215673
0.16605
0
0
0.00363667
0.00037
0.0836133
0.12787
0.137747
0.146437
0
0
0.000133333
0
0
0
0
0
0
0
0
0
0
0
0
0
0
0
0
0
0
0
0
0
0.00179333
0.00179333
0.00207333
0.00028
0.00056
0.000836667
0.00139333
0.00111333
0.000556667
0
0
0
0
0
0
0
0
0
0.00179333
0.00179333
0.00841333
0.0069
0.0171133
0.0125633
0.0307233
0.0253367
0.0439067
0.0263
0.0223067
0.00675667
0.0110267
0.03082
0.03205
0.04472
0.0258633
0.02425
0
0
0
0
0
0
0
0
0
0
0
0
0
0
0
0
0
0
0
0.00647667
0.00495
0.000243333
0.000243333
0
0
0
0
0
0
0
0
0.00179333
0.00179333
0.00648667
0.00492667
0.00985667
0.00516333
0.00493
0
0
0.0124467
0.01628
0.0216033
0.03664
0.0501433
0.0504
0.03716
0.01901
0.00869333
0.00123667
0.000663333
0.000276667
0.00509333
0.00662333
0.0247933
0.0263167
0.05006
0.0350033
0.0637833
0.05102
0.0721933
0.0628133
0.03611
0.01523
0.00413
0.0125467
0.000723333
0
0
0.000486667
0.000243333
0.00578
0.0118733
0.0257433
0.04016
0.0695567
0.0696333
0.0769
0.0425567
0.0343067
0.0127133
0.0319633
0.0439467
0.0564533
0.05645
0.0448733
0.03209
0.0117333
0.00566667
0.00056
0.00028
0
0
0
0
0.000286667
0.00127333
0.00839
0.0192067
0.0370633
0.0495533
0.0481833
0.0341933
0.0152067
0.00575333
0.00118
0.00056
0.00028
0
0
0
0.000473333
0.000926667
0.00956
0.0134533
0.0293967
0.0231833
0.0224267
0
0.000266667
0.000266667
0.00081
0.00139333
0.0107567
0.01987
0.0394133
0.05087
0.0602433
0.0771433
0.0966267
0.09217
0.0947333
0.0644
0.0553433
0.0157967
0.00643
0.00104667
0.00373333
0.00375333
0.174113
0.130567
0.0519767
0.0351767
0.00381333
0.00162
0.0222233
0.0244767
0.0190933
0.01684
0.0117533
0.0147867
0.0109467
0.0269467
0.325147
0.311197
0.279607
0.03865
0.106177
0.0606667
0.255243
0.256767
0.347147
0.0304367
0.0216733
0.00482
0
0
0.000276667
0.000553333
0.00538
0.00538
0.0229867
0.01816
0.0196767
0.00179333
0.00179333
0
0.00028
0.00028
0.00028
0.000176667
0.000176667
0.000353333
0.00074
0.00146
0.00643
0.00641333
0.0123733
0.00761333
0.0152367
0.00855667
0.00845
0.00028
0.00028
0
0
0
0
0.000236667
0
0
0
0
0.00028
0.00028
0.00056
0.00082
0.00620333
0.0112733
0.03646
0.0376767
0.07085
0.0469167
0.0469367
0.00841333
0.00773333
0.00167
0.02865
0.03292
0.0593433
0.0341567
0.04845
0.02147
0.02506
0.00538333
0.00566333
0.00028
0.00028
0
0
0
0
0
0
0.368863
0.323153
0.268453
0.317647
0.17484
0.253887
0.0869167
0.107353
0.0175967
0.0138267
0
0.00031
0.00708667
0.00746333
0.0258533
0.02414
0.033
0.01484
0.01036
0.000813333
0.000583333
0
0
0
0
0
0
0
0
0
0
0
0
0
0
0.00039
0.00327
0.0215267
0.05234
0.07308
0.08717
0.0723133
0.0579633
0
0
0.000473333
0.000236667
0
0.000306667
0.000613333
0.00092
0.00586
0.00844
0.0291267
0.0477367
0.0631367
0.0586333
0.0396267
0.0239967
0.00750667
0.00265667
0
0
0
0
0
0
0
0
0
0
0
0
0
0
0
0
0.00094
0.00790333
0.0198667
0.0328833
0.04924
0.0619167
0.0718367
0.0942067
0.1052
0.199517
0.14261
0.32691
0
0
0.000236667
0
0
0
0
0
0
0
0
0
0
0
0
0
0
0
0.000416667
0.000416667
0
0
0.00347333
0.00389
0
0
0
0.00054
0.00054
0.00536667
0.00482667
0.00772
0.00345
0.01366
0.0107667
0.0458633
0.0356533
0.0391267
0
0
0
0
0
0
0.00028
0.00028
0.00538667
0.0069
0.0268567
0.02837
0.0541167
0.0443733
0.0573433
0.0482433
0.0559133
0.0569633
0.0448667
0.0278167
0.00773333
0.00649333
0.00594
0.0117033
0.0066
0.00809
0.00609
0.00340667
0.00340667
0
0
0
0
0
0
0
0
0
0
0
0
0
0
0
0
0
0
0
0
0
0.00177
0.00177
0
0
0
0
0.00028
0.00028
0.00056
0.00028
0.000556667
0.000276667
0.0066
0.00811667
0.0259833
0.0243533
0.0317267
0.01879
0.01458
0.00541333
0.000483333
0
0
0.00205333
0.00771333
0.00680333
0.01686
0.0186233
0.03687
0.02879
0.0288233
0.00982333
0.00784333
0.000386667
0.000663333
0.00537
0.0101867
0.0192567
0.0323333
0.0459533
0.0621567
0.0700633
0.0867467
0.0881367
0.0654667
0.03303
0.00949667
0.000243333
0.00608333
0.00079
0.016
0.0295667
0.0384367
0.06401
0.0695733
0.0823867
0.0529967
0.03926
0.0131233
0.02742
0.0278267
0.0448767
0.02647
0.02647
0.00901667
0.00706333
0.000716667
0.00028
0
0
0
0
0.0445967
0.0423233
0.03329
0.0140867
0.00553667
0.000683333
0.00028
0
0
0
0
0.00022
0.000673333
0.000893333
0.00504
0.00603
0.00458667
0
0
0
0
0
0.00085
0.00177
0.0114267
0.0204667
0.0403667
0.0511733
0.0785767
0.07233
0.02846
0.0138867
0.01028
0.00246333
0.00259667
0.00570667
0.0338333
0.00247
0.00162
0.000986667
0.0235033
0.0421167
0.04
0.266743
0.125973
0.04604
0.0475767
0.05544
0.34481
0.305143
0.263413
0.16393
0.0146767
0.00085
0.0186367
0.00178333
0
0.000273333
0.00055
0.00599667
0.01055
0.0281567
0.0405933
0.05365
0.03756
0.0199567
0.00207333
0.00112333
0.00112333
0.00597667
0.00513333
0.00485333
0
0.000563333
0.00112667
0.00651
0.0110933
0.0333
0.0345967
0.03762
0.02302
0.0277867
0.0198967
0.0120067
0.00056
0.00028
0
0
0
0
0
0
0
0
0.00028
0.00056
0.00084
0.00594333
0.0110467
0.0173867
0.03773
0.07087
0.102773
0.0884933
0.05659
0.02373
0.0133967
0.02098
0.0422967
0.07695
0.0897267
0.0985133
0.0824233
0.0696467
0.0392633
0.0204233
0.0065
0.00111667
0.00028
0
0
0
0
0
0
0
0.03987
0.0428133
0.0906933
0.119413
0
0
0.00137
0.00205667
0.00992
0.0136133
0.01422
0.00658667
0.00023
0
0
0
0
0
0
0
0
0
0
0
0
0
0
0.00039
0.00039
0.0186467
0.02088
0.0445
0.05859
0.0883133
0.0777867
0.0622933
0.03173
0
0
0
0
0.000306667
0.000723333
0.00103
0.00361
0.00962667
0.0330667
0.05852
0.0686867
0.0541533
0.02847
0.0240067
0.0146833
0.01231
0.000283333
0.000283333
0
0
0
0
0
0
0
0
0
0
0
0
0
0
0.00696333
0.01664
0.0305967
0
0
0
0
0
0
0
0
0
0
0
0
0
0
0
0
0
0
0.000833333
0.000416667
0
0
0.0136433
0.0105867
0
0.00054
0.00108
0.0102967
0.0145833
0.0169367
0.0106133
0.0222833
0.0296
0.0682333
0.08739
0.120237
0.0821833
0.0562833
0
0
0.00028
0.00028
0.00028
0
0.00207333
0.00235333
0.0128433
0.0158767
0.0431367
0.0526033
0.0835433
0.0835433
0.0828967
0.06644
0.0460767
0.04465
0.0268533
0.02602
0.00813667
0.0069
0.000556667
0.000836667
0.00028
0.00028
0.00445667
0
0
0
0
0
0
0
0
0
0
0
0.00028
0.00028
0.00056
0.00028
0.00056
0.00028
0.00028
0
0
0
0
0
0
0
0
0
0.00179
0.00179
0.00812667
0.00661667
0.00717333
0.00111667
0.00111667
0.000836667
0.00111
0.00715333
0.0162167
0.03353
0.04508
0.0449067
0.03331
0.01592
0.00700333
0.000733333
0.00025
0
0.000263333
0.000263333
0
0.00039
0.00039
0.00114333
0.00111667
0.00854
0.00778667
0.00979
0.00236667
0.00236667
0
0
0.000276667
0.00537
0.00592333
0.0149933
0.0147067
0.03259
0.0296133
0.0508833
0.0383233
0.0588933
0.0313967
0.03459
0.000263333
0.000546667
0.00109667
0.0112567
0.01609
0.0297033
0.0243733
0.03867
0.0263
0.0278133
0.00813667
0.00718333
0.00390333
0.01025
0.0175367
0.0167067
0.0166033
0.00891333
0.00668
0.000436667
0
0
0
0.0326433
0.01953
0.0100067
0.00117667
0.000403333
0
0
0
0
0
0.00022
0.00022
0.00044
0.00022
0.00022
0
0
0
0
0
0.00126667
0.00208667
0.01163
0.01933
0.0389733
0.02923
0.0351833
0.0186367
0.00538
0.0372267
0.0164833
0.0455433
0.04672
0.00406333
0.000283333
0.00391667
0.00802667
0.00243667
0.0256733
0.00085
0.00439333
0.0331967
0.0415633
0.0374233
0.00576333
0.0309633
0.0274933
0.0311733
0.05161
0.0274933
0.00178333
0.000303333
0.00178333
0.000576667
0.00591
0.0110533
0.0223067
0.0348567
0.0539233
0.06028
0.0537
0.0294667
0.0124267
0.00196667
0.0111133
0.0151233
0.0322267
0.0228
0.0243667
0.00698333
0.0123667
0.01133
0.0222167
0.0396033
0.0727433
0.0694633
0.0739533
0.0468767
0.04409
0.01711
0.00594333
0.00056
0.00028
0
0
0
0
0
0
0
0
0.00028
0.00056
0.00594333
0.0122833
0.0186233
0.0150333
0.0469367
0.0630267
0.07268
0.04409
0.0270433
0.0164333
0.0207033
0.0213833
0.0563133
0.0484533
0.0778767
0.0563133
0.0641733
0.02952
0.0161533
0.00223
0.00111667
0.00056
0.00028
0.00028
0
0
0
0
0
0
0.000283333
0.000283333
0.0152667
0.00587333
0.00570667
0.00441333
0.00437333
0.00019
0.00019
0
0
0
0
0
0
0
0
0
0
0
0
0.00262333
0.00538667
0.0377333
0.0355633
0.0458933
0.0135467
0.0148767
0
0
0
0
0.000416667
0.00109667
0.00742
0.0146533
0.0423133
0.0755
0.0771733
0.0766967
0.0492133
0.0452367
0.0176567
0.00563
0.000283333
0
0
0
0
0
0
0
0
0
0
0
0
0
0
0
0
0
0
0
0
0
0
0
0
0
0
0
0
0.000416667
0
0.00021
0
0.01111
0.00135667
0.00075
0.00996667
0.0189733
0.03893
0.0326067
0.0420833
0.0380833
0.0532267
0.07606
0.10262
0.12764
0.0958667
0.0625633
0.0204467
0
0
0.000556667
0.000836667
0.00111667
0.00056
0.00841667
0.01021
0.0344367
0.03679
0.0615767
0.06489
0.07399
0.0831767
0.07559
0.07531
0.0458833
0.0331067
0.0140767
0.00925
0.00207333
0.00179333
0
0
0
0
0.00177333
0.00177333
0
0
0
0
0
0
0
0
0
0
0.00179333
0.00179333
0.00992667
0.00841333
0.01986
0.0120067
0.01711
0.00594333
0.00594
0.000556667
0.000276667
0
0
0
0
0
0.00027
0.00027
0.00659667
0.00811667
0.0259967
0.0260067
0.0335933
0.01627
0.01504
0.00594333
0.00566667
0.00111333
0.00592
0.01498
0.0207567
0.0335433
0.0260033
0.0259433
0.00807
0.00652
0.00228667
0.00228667
0.00850333
0.00673
0
0
0
0
0.000363333
0.000586667
0.000586667
0.00091
0.000686667
0.000686667
0
0
0.000276667
0.000553333
0.00110667
0.00110667
0.00563667
0.00527333
0.0113667
0.00675
0.0124367
0.00765
0.00606667
0.01165
0.00518333
0.00514333
0.000773333
0.00105333
0.00621
0.00594
0.01049
0.00511
0.00662333
0.00222333
0.00222333
0.00604
0.00867333
0.0325067
0.0350233
0.04256
0.02497
0.0226133
0.0120133
0.00577
0
0
0
0
0
0
0
0
0
0
0
0
0
0
0.000346667
0.00016
0.000933333
0
0.000346667
0.00082
0.00116667
0.00862
0.00944
0.00876667
0.0536733
0.0361267
0.0148833
0.00511667
0.000146667
0.000146667
0.000146667
0.000283333
0.00453333
0.00019
0.00035
0
0
0
0
0
0.000453333
0.000303333
0
0.000606667
0.00091
0.00594
0.01097
0.0221933
0.03555
0.05473
0.0644833
0.0570967
0.03837
0.0179333
0.01177
0.01541
0.03272
0.0455267
0.05699
0.0452567
0.0278767
0.01237
0.00651667
0.0174
0.0362433
0.0742
0.0884967
0.09153
0.05839
0.0380267
0.0110467
0.00594333
0.00056
0.00028
0
0
0
0
0
0
0
0
0
0.00028
0.00028
0.0069
0.00841333
0.0102067
0.00538
0.0262967
0.0247833
0.0329233
0.0104933
0.01105
0.00291
0.00897333
0.01448
0.01903
0.01807
0.02593
0.0198667
0.0155967
0.01071
0.01071
0.0189133
0.00987667
0.0160233
0.00670667
0.00829333
0.00186667
0.00213
0.000263333
0
0
0
0
0
0
0
0
0
0
0
0
0
0
0
0
0
0
0.00276333
0.0029
0.00335333
0
0
0
0
0.00068
0.00833
0.01722
0.05673
0.0552133
0.0735067
0.04428
0.0434933
0.01628
0.00599667
0
0
0
0
0
0
0
0
0
0
0
0
0
0
0
0
0
0
0
0
0
0
0.00042
0.00021
0.00094
0
0.00963667
0.01557
0.0358567
0.0447433
0.0572933
0.0467267
0.04666
0.04668
0.0798067
0.0923067
0.0833467
0.0637433
0.0341467
0.0243933
0
0
0.00028
0.000836667
0.00139333
0.00139333
0.00622
0.0138
0.04078
0.0596233
0.09001
0.08961
0.0776667
0.0587333
0.0372567
0.0449267
0.02713
0.0283667
0.00841333
0.0069
0.00028
0.00028
0
0
0
0
0
0
0
0
0
0
0
0
0
0
0.00028
0.00028
0.0069
0.00841333
0.0311233
0.0326367
0.0581
0.0468367
0.0486233
0.02675
0.01585
0.00620667
0.00109333
0.000546667
0
0.00027
0
0
0
0.00027
0.00535667
0.0116833
0.0207767
0.03357
0.0451267
0.04514
0.0320867
0.01931
0.0102133
0.00566667
0.000836667
0.00564333
0.00564
0.0116933
0.00660667
0.00813
0.00209667
0.00209667
0.00655333
0.00829333
0.0260933
0.0263033
0.000283333
0.00404
0.00398
0.01462
0.01155
0.0200833
0.00944333
0.00988
0.00112333
0.00112333
0.000276667
0.000276667
0.000553333
0.000276667
0.000466667
0.00019
0.00038
0.00019
0.00019
0.0440467
0.0311667
0.0250767
0.00552
0.0006
0.000503333
0.00028
0.00056
0.00028
0.00028
0
0.00043
0.00220667
0.00781667
0.03122
0.04716
0.02878
0.0218233
0.0112233
0
0
0
0
0.00559667
0.000143333
0.000143333
0
0
0
0
0
0
0
0
0
0
0
0
0
0
0
0
0
0
0
0
0
0
0
0
0
0
0.000136667
0
0.00059
0.000136667
0
0.000453333
0.000303333
0.00192
0.00222333
0.00220333
0.00592
0.0127633
0.03117
0.03326
0.0473933
0.03449
0.0328533
0.0167133
0.0160667
0.0284333
0.0414467
0.0571967
0.0599333
0.0472733
0.02695
0.00667667
0.00175
0.00118333
0.0247933
0.0242267
0.0499733
0.0260267
0.03141
0.00594333
0.00594333
0.00056
0.00028
0
0
0
0
0
0
0
0
0
0
0
0
0
0.00179333
0.00179333
0.00358667
0.00179333
0.00207333
0.00056
0.00084
0.00056
0.00207333
0.00179333
0.00813667
0.00634333
0.0117267
0.00538333
0.00566333
0.000543333
0.00986
0.0188967
0.02795
0.0367467
0.0338567
0.0424067
0.02616
0.0247433
0.00714
0.00553667
0.000526667
0.000263333
0
0
0
0
0.00957
0
0.0183
0.0121667
0.0109333
0.0164167
0.00065
0.00065
0
0
0
0
0
0
0
0
0
0
0
0
0
0
0
0
0
0
0
0
0
0
0
0
0.00021
0.00021
0.00021
0.00021
0.00461333
0.00482333
0.00635333
0.0127067
0.03081
0.02977
0.0331367
0.0222067
0.0358167
0.0370367
0.0604
0.0722233
0.0845267
0.0747633
0.0442267
0.0253867
0
0
0
0.00028
0.00056
0.00111667
0.00622
0.0113233
0.0365133
0.05839
0.07723
0.0900067
0.07088
0.05894
0.0209733
0.0182233
0.00594
0.00717667
0.00179333
0.00179333
0
0
0
0
0
0
0
0
0
0
0
0
0
0
0
0
0.00028
0.00056
0.00594333
0.0122833
0.0219367
0.0392633
0.0711633
0.0884867
0.08847
0.05987
0.0377
0.0155533
0.00590333
0.00108667
0.00027
0.00054
0
0
0
0
0
0.00508667
0.00564333
0.0150067
0.01626
0.0335867
0.0260167
0.0245033
0.00662
0.00510667
0.00028
0.000556667
0.000276667
0.000553333
0.000473333
0.000473333
0.00144667
0.00154667
0.00780333
0.02799
0.04454
0.0122567
0.0462467
0.04867
0.06244
0.0369233
0.03752
0.0211167
0.0130133
0.00177667
0.000653333
0
0
0
0
0
0
0
0.05538
0.0546767
0.0408367
0.0241167
0.00449
0.00053
0.000153333
0
0
0
0.00134667
0.00312333
0.00597667
0.0284633
0.0394133
0
0.0085
0.000283333
0.02142
0.01152
0.02402
0.00582333
0
0
0.00037
0.000143333
0
0
0
0.00282333
0.00873
0.00282333
0.00613333
0
0
0
0.00368667
0.00368667
0.00899
0.00692
0.00882
0.0038
0.01002
0.01716
0.0105333
0.01373
0.00668333
0.0113033
0.00551667
0.0232933
0.0196933
0.0405833
0.0275933
0.0315467
0.01098
0.00643333
0.00094
0.000616667
0
0
0
0.00028
0.00028
0.00056
0.00028
0.00028
0
0
0
0
0
0
0
0
0
0
0
0
0
0
0
0
0
0
0
0.00028
0.00028
0.00028
0
0
0
0
0
0
0
0.000263333
0.000263333
0.00958
0.0112733
0.0293867
0.0249567
0.0408667
0.0277633
0.0278867
0.01002
0.00527333
0.000263333
0.000263333
0
0
0
0
0
0.00259667
0
0
0
0
0
0
0
0
0
0
0
0
0
0
0
0
0
0
0
0
0
0
0.00021
0
0
0
0.00503333
0.00042
0.00656333
0.00656333
0.0116667
0.00538333
0.0125567
0.00952333
0.0203933
0.0152867
0.0437533
0.0533767
0.0720833
0.0464233
0.0302633
0.0097
0
0
0
0
0
0.00028
0.00056
0.00594333
0.00622
0.0316867
0.0329233
0.05659
0.0326367
0.03415
0.00992667
0.00869
0.000556667
0.000556667
0
0
0
0
0
0
0
0
0
0
0
0
0
0
0
0
0
0
0.00028
0.00056
0.00594333
0.0110467
0.0207
0.0267633
0.0599
0.0580967
0.0693433
0.0326133
0.02957
0.00687667
0.00535667
0.00027
0.00027
0
0
0
0
0
0
0.00028
0.000836667
0.00111667
0.00717667
0.00662
0.00813333
0.00179333
0.00179333
0
0
0.00014
0.00014
0.00299
0.00304667
0.01005
0.00845
0.01149
0.02497
0.04292
0.02633
0.0128267
0.00159
0.000653333
0
0
0.000536667
0.000536667
0.000536667
0
0
0.0307267
0.0241033
0.0445867
0.0210567
0.00396
0.00411333
0.000153333
0.000153333
0
0
0
0.0691267
0.0892433
0
0.00134667
0.00134667
0.0042
0.00134667
0.00869333
0.00994333
0.01363
0.0461767
0.0754033
0.00584
0.00606667
0.00172667
0.00541333
0.0464333
0.02278
0.0583233
0.0222833
0
0
0
0
0
0.00699
0.00768
0.00761667
0.00333
0.00111667
0.00127333
0.000753333
0.000376667
0.000643333
0.00218333
0.00833
0.00711333
0.00227333
0.000646667
0.000323333
0
0
0
0
0
0
0
0
0
0
0
0
0
0
0
0
0
0
0
0
0
0
0
0
0
0
0
0
0
0
0
0
0
0
0
0
0
0
0
0
0.00195667
0.00684333
0.01173
0.01466
0.0147833
0.0101867
0.0053
0
0
0
0
0
0
0
0
0
0
0
0
0
0
0
0
0
0
0
0
0
0
0.00028
0.00028
0
0
0
0.00028
0
0
0.00021
0
0
0
0.00028
0.00028
0.00235
0.00207
0.00413667
0.00206667
0.02284
0.0258633
0.03074
0.0102467
0.00536667
0.00049
0
0
0
0
0
0
0
0.00028
0.00028
0.000836667
0.000836667
0.00745667
0.0069
0.00841333
0.00179333
0.00179333
0
0
0
0
0
0
0
0
0
0
0
0
0
0.000173333
0.000173333
0.000346667
0.000173333
0.000173333
0.00028
0.00028
0.00566333
0.00566333
0.01711
0.0120067
0.0198567
0.00841
0.00992
0.00179
0.00179
0
0
0
0
0
0
0
0
0
0.00028
0.00028
0.00056
0.00028
0.00028
0
0
0
0
0.00014
0.00569
0.0223067
0.02661
0.0269967
0.00170667
0.00180333
0.000633333
0.000633333
0.03507
0.0233367
0.02532
0.00826
0.0002
0.00113667
0.000186667
0
0.000723333
0
0
0
0
0
0.0671767
0.03454
0.0199
0.00594333
0
0
0
0
0.00522667
0.000596667
0.00042
0.000563333
0.000563333
0.00388333
0.00342667
0.0111967
0.00517667
0.00488667
0.00029
0.00029
0
0
0.00949667
0.01048
0.0293567
0.0223667
0.02384
0.00342333
0
0
0
0
0
0
0
0
0
0
0
0
0
0
0
0
0
0
0
0
0
0
0
0
0
0
0
0
0
0
0
0
0
0
0
0
0
0
0
0.00488667
0.00488667
0.00977333
0.00013
0
0
0
0
0.00013
0
0
0
0
0
0
0
0
0
0.00243
0
0
0.00726
0.00941
0
0
0.000703333
0.00768333
0
0
0
0.000423333
0
0
0
0
0
0
0
0
0.00509
0.00537
0.00565
0.00056
0.00028
0
0
0
0
0
0
0
0
0
0
0
0
0.00028
0.00028
0.00028
0
0
0
0
0
0
0
0
0
0
0
0
0.000186667
0.00470333
0.00469
0.0101467
0.00580333
0.00563
0.000173333
0
0
0
0.00028
0.00028
0.00056
0.00028
0.00028
0
0
0
0
0
0
0
0
0
0
0
0
0
0
0
0
0
0
0.00014
0.00028
0.00298
0.0100867
0.00891667
0.000633333
0.0002
0
0.000386667
0.00784333
0.02558
0.02446
0.0356533
0.0063
0.00728333
0.0298467
0.0325533
0.0191867
0.01662
0.00125333
0
0.000373333
0.00361333
0.00900333
0.0319167
0.00154333
0.00125333
0.00125333
0
0
0
0.0336533
0.05083
0.0571933
0.03085
0.0414267
0.0107933
0.00029
0.00029
0.00346
0.00036
0.00036
0
0
0
0
0
0
0
0
0
0
0
0.000393333
0.000916667
0.000393333
0
0
0
0
0
0.000186667
0.000186667
0.00564
0.00545333
0.00708667
0.00163333
0.00163333
0
0
0
0
0
0
0
0.000783333
0.000653333
0
0
0.00013
0.00026
0
0
0
0
0
0
0
0
0.00243
0.00552333
0
0
0.0264767
0.02259
0
0
0.01065
0.0272933
0
0
0.000423333
0.00367
0
0
0
0
0
0
0
0.000556667
0.000836667
0.000836667
0.00028
0.00178667
0.00178667
0.00178667
0
0
0
0
0
0
0
0
0
0
0
0
0
0
0
0
0
0
0
0
0
0
0
0
0
0
0.03348
0.0375867
0.01408
0.00946667
0.000843333
0.000843333
0
0
0
0
0
0
0
0
0
0
0
0
0
0
0
0
0
0
0
0
0
0
0.00491667
0.0325533
0.00923333
0
0.00014
0.00014
0.00518667
0.00514333
0.00900667
0.04506
0.02291
0.00923333
0.0002
0.00095
0.02196
0.00828333
0.000183333
0.00400333
0.00411
0.00769333
0.00069
0.00069
0.00033
0
0
0.00017
0.00017
0.00017
0
0
0
0.00789
0.00828333
0.0149667
0.03497
0.0076
0
0
0
0.00016
0.000346667
0.0058
0.0110933
0.01636
0.01254
0.00872
0.00326667
0.00163333
0
0
0
0.0391233
0.0284167
0.00032
0.00032
0.00013
0.01136
0.00032
0.00032
0
0
0
0.00472
0
0
0.00781333
0.00794667
0
0
0.0393433
0.02241
0
0
0.0253667
0.0413033
0
0
0.00649333
0.0115467
0
0
0
0
0
0.000556667
0.00111333
0.01049
0.00993333
0.0157133
0.00812333
0.01472
0.00838333
0.00984333
0
0
0
0
0
0
0
0
0
0
0
0
0
0
0
0
0
0
0
0
0.000163333
0.000163333
0.000946667
0.000783333
0.00208
0.00129667
0.0111033
0.00248
0.000843333
0
0
0
0
0
0
0
0
0.00218
0.000883333
0.00109333
0.00021
0.00021
0
0
0
0
0
0
0
0
0
0
0.00506
0.00959
0.04319
0.0245433
0
0
0.000183333
0.00519
0.00569
0.0205133
0.0183533
0.000306667
0
0
0.000183333
0.00083
0.00067
0.00337
0.00103667
0.00373667
0.000866667
0.00194
0.00973
0.000306667
0
0
0.000513333
0.00840333
0.0461367
0.0705567
0.06601
0.00543333
0.0110433
0.00577
0.0177133
0.0175567
0.04591
0.03942
0.0417567
0.0148767
0.03995
0.0502233
0.00786667
0.01298
0.01123
0.02872
0.00786667
0.0122667
0
0
0.00944
0.01416
0
0
0.00957333
0.00498667
0
0
0.0242767
0.00522667
0
0
0.0305933
0.0305
0
0
0.00856
0.01167
0
0
0
0.000276667
0.000833333
0.00566
0.01476
0.0320867
0.0335967
0.0453967
0.03411
0.0328433
0.0149133
0.00857667
0.000193333
0.000193333
0.000193333
0
0
0
0
0
0
0
0
0
0
0
0
0
0
0
0
0
0.00682
0.00698333
0.00776667
0.0178333
0.01231
0
0
0
0
0
0
0
0.01751
0.00816333
0.01243
0.00665667
0.00603
0.000466667
0.000256667
0
0
0.0382
0.01633
0.00793
0.00186
0.000333333
0
0.000333333
0
0.05035
0.0412667
0.01885
0.00738333
0.00054
0.000206667
0.000413333
0.000206667
0
0.0295433
0.0152567
0.0136467
0.00195667
0.0204633
0.00830333
0.00820333
0.000513333
0.000866667
0.000513333
0
0.00989667
0.04877
0.0701933
0.0177867
0.0488367
0.10167
0.0894433
0.103517
0.0241733
0.03187
0.0306833
0.0542867
0.06967
0.0444067
0.04621
0.04872
0.0543033
0.01749
0.0269167
0.0480067
0.0468633
0
0
0.0158433
0.0175267
0
0
0.0112567
0.00653667
0
0
0.00509333
0.000133333
0
0
0.0113167
0.00496
0
0
0.01276
0.0125
0
0
0.000276667
0.000553333
0.00538
0.0229867
0.0405933
0.0426633
0.0459567
0.03797
0.0361433
0.03307
0.0234333
0.0245067
0.00431333
0.0045
0.00038
0.000186667
0
0
0
0
0
0
0
0.000276667
0.000276667
0.000276667
0
0
0
0.000203333
0.000203333
0.00396
0.0105767
0.0326833
0.0391567
0
0
0
0.00158
0.00158
0.0057
0.0724833
0.0767433
0.05636
0.04498
0.01993
0.0142033
0.000223333
0
0
0.00967333
0.000256667
0.00129
0.000333333
0.00131333
0.000223333
0.000223333
0.00235667
0.00235667
0.02701
0.00206
0.00136
0
0.00755333
0.00519667
0.05519
0.0427067
0.0138267
0.0130067
0.01458
0.102857
0.04733
0.181727
0.119513
0.10392
0.158323
0.166467
0.0912133
0.0710667
0.0777967
0.0794967
0.0820967
0.0796333
0.0105
0.02629
0.07537
0.03963
0.0006
0.00167333
0.0128067
0.00640333
0
0.0006
0.00640333
0
0
0
0.00028
0.00028
0
0
0.00021
0.00049
0
0
0.0107567
0.00482333
0
0
0.000276667
0.000276667
0.01816
0.02478
0.0316767
0.01888
0.02188
0.0330867
0.0461033
0.0567033
0.0447433
0.0312533
0.0405033
0.02364
0.01989
0.000556667
0.00037
0
0
0
0.0018
0.0018
0.00813333
0.00661
0.00717333
0.00084
0.000563333
0
0.000523333
0.000726667
0.00448333
0.02628
0.0478633
0.00628333
0.02275
0.0233333
0.0692067
0.0873533
0.09586
0.0104933
0
0.0151967
0.0920833
0.111857
0.0753667
0.07652
0.0109267
0.0132833
0.159157
0.0930867
0.0403033
0.0460333
0.12424
0.215897
0.11574
0.15363
0.292527
0.201567
0.183877
0.1936
0.264543
0.20144
0.105833
0.129937
0.0689767
0.09352
0.06586
0.0872067
0.02954
0.0565033
0.0451567
0.01217
0.00276667
0.0148433
0.00024
0.00024
0.0006
0.00169333
0
0.0025
0
0
0.00510667
0.00732667
0
0
0.000636667
0.00525333
0
0
0.00503333
0.000566667
0
0
0
0
0.00689667
0.00689667
0.0119833
0.00687333
0.0249767
0.0377667
0.0564767
0.04759
0.0343267
0.01404
0.05347
0.0366067
0.01989
0.000743333
0.000556667
0.000463333
0.000276667
0.00509333
0.00661667
0.0244967
0.0260133
0.03356
0.0162433
0.0103867
0.00104
0.001
0.00132
0.0228433
0.0392767
0.05166
0.0319733
0.0567533
0.0257233
0.0327533
0.0457833
0.0725
0.02142
0.0507033
0.0503033
0.12378
0.170577
0.179853
0.215293
0.120773
0.24163
0.2307
0.30972
0.310793
0.20307
0.217103
0.117883
0.230497
0.13348
0.14574
0.0642833
0.0722267
0.0517633
0.0630667
0.01241
0.00072
0.02085
0.04211
0.00048
0.00024
0.00187333
0.00895333
0.0025
0.0196533
0.00106667
0.00078
0.02448
0.0368067
0.00279
0.000286667
0.00822
0.0252267
0.00250333
0.00250333
0.000503333
0.00354
0
0
0
0
0
0.00178667
0.00357333
0.00357333
0.0196633
0.0227033
0.03192
0.0145833
0.00996667
0.000896667
0.0189533
0.00186667
0.000373333
0.000463333
0.00074
0.00564667
0.0101867
0.0192567
0.0320433
0.04684
0.04684
0.0380467
0.01891
0.01004
0.00127333
0.0284567
0.03629
0.0204467
0.000796667
0.00984667
0.00997333
0.03603
0.0373033
0.01784
0.0286767
0.0910633
0.0710333
0.0423933
0.11078
0.14403
0.198223
0.162873
0.177783
0.171023
0.250577
0.162007
0.212687
0.118627
0.14013
0.0725933
0.0479333
0.04548
0.00588667
0.0620867
0.0485333
0.00048
0.00024
0.0376433
0.04226
0.00024
0.00311
0.01316
0.02059
0.0202633
0.02351
0.0126667
0.00636667
0.0522033
0.0382967
0.00958333
0.00987
0.0222067
0.0368567
0
0.00250333
0.00339333
0.00505333
0
0
0
0
0.00178667
0.00178667
0.00178667
0
0.00482667
0.00538333
0.00592333
0.00109667
0.000686667
0.000146667
0.00168
0.00168
0
0.000276667
0.000276667
0.00537
0.00589
0.0152367
0.0197667
0.0385833
0.0488967
0.04836
0.03652
0.0173367
0.0109333
0.00336
0.00168
0.00825
0.000476667
0.000193333
0.02691
0.0176567
0.00366333
0.0116567
0.06891
0.0892533
0.0477833
0.0676833
0.140907
0.10701
0.12116
0.156687
0.11528
0.115547
0.14772
0.113603
0.0486933
0.06349
0.0603533
0.03399
0.0219833
0.0248867
0.00663667
0.00099
0.02186
0.01225
0
0
0.024
0.0171533
0.00311
0.00311
0.0327467
0.03154
0.00635667
0.00338
0.0319367
0.0316167
0.0266633
0.0089
0.00874
0.0127
0.02606
0.0297733
0.00312
0.00312
0.00361333
0.00997
0
0
0
0
0
0
0
0.00111333
0.00167
0.00167
0.000556667
0
0
0.00180667
0
0
0
0
0
0
0.00178667
0.00258333
0.00968667
0.0175233
0.0307267
0.0432833
0.0505067
0.04428
0
0.00201
0.0283067
0.01146
0.0104133
0.01612
0.00711667
0.0069
0.0437067
0.039
0.0147667
0.0476567
0.0660667
0.0436033
0.103083
0.0847367
0.0702233
0.05464
0.104223
0.0470467
0.0560333
0.0625
0.0300633
0.00271
0.0188333
0.0351833
0.00099
0
0.00409
0.00777
0
0
0.00607667
0.00262333
0
0
0.04299
0.0243733
0.000133333
0.00513667
0.03309
0.0445167
0.0155867
0.01507
0.0110667
0.01655
0.0121667
0.0157433
0.000136667
0.00325667
0.00816333
0.00664667
0
0
0
0
0
0.000556667
0.00167
0.0204233
0.0198667
0.0314267
0.0126733
0.0253133
0.0144467
0.0144467
0
0
0
0
0.000276667
0.000276667
0.00508667
0.00659667
0.0244567
0.02675
0.03905
0.03519
0.03454
0.0373
0.00201
0.00201
0.0251233
0.0223567
0.00771667
0.00570667
0.00551
0.00711667
0.00940333
0.00369667
0.00384667
0.0117133
0.01422
0.00391
0.0262567
0.0193867
0.02894
0.0109833
0.02069
0.00271667
0.0432367
0.02526
0.00172
0
0.0277067
0.0292933
0
0
0.0105267
0.0141133
0
0
0.00197
0.00619333
0
0.00500333
0.0252933
0.00634333
0.0100067
0.01623
0.01296
0.0324833
0.05212
0.04841
0.000273333
0.00808333
0.01701
0.0539033
0
0.000136667
0.00058
0.00736667
0
0
0
0.000553333
0.00111
0.0107633
0.0289633
0.0641733
0.0671933
0.08416
0.0610333
0.0579433
0.0222233
0.00987333
0
0
0
0
0.00028
0.000556667
0.00139
0.00592
0.015
0.0320267
0.0451533
0.0498833
0.03689
0.0254067
0
0
0.0115267
0.00848333
0
0
0.00203
0.00182333
0
0
0.000263333
0.00068
0.000213333
0
0.00167667
0.00126
0.00092
0.00046
0.000996667
0
0.01188
0.00549667
0
0
0.01739
0.0179533
0
0
0.0271867
0.0288767
0
0
0.0146233
0.03203
0.00500333
0.00500333
0.0064
0.0104567
0.0112267
0.00649333
0.000813333
0.00582667
0.08209
0.0451767
0
0.000136667
0.0540767
0.0859733
0
0
0.00707667
0.0168933
0
0.000553333
0.00110667
0.01076
0.01986
0.0550733
0.0811867
0.0842167
0.08417
0.05861
0.05551
0.0208633
0.0109467
0.00136333
0
0
0.00178667
0.00178667
0.00812333
0.00661667
0.0117233
0.00622
0.0110433
0.0152933
0.0207467
0.03358
0.02596
0.02454
0
0
0.00660333
0.00507333
0
0
0.000206667
0.000206667
0
0
0
0.000263333
0
0
0.000263333
0
0.000246667
0
0
0
0.00531
0.00052
0
0
0.01639
0.01013
0
0
0.0452567
0.0322067
0
0
0.04537
0.0569067
0
0.00027
0.0141633
0.03167
0.00054
0.00331
0.00441667
0.00509333
0.0537067
0.0177933
0
0
0.05255
0.0571967
0
0
0.0101067
0.0138667
0.000553333
0.000553333
0.0102067
0.00965333
0.04542
0.0357667
0.04845
0.01324
0.0234467
0.0116
0.0121167
0.00191
0.00107333
0
0.00026
0.00026
0.00505333
0.00658
0.0244567
0.026
0.0448533
0.0320833
0.02658
0.0110433
0.00621667
0.01167
0.00656667
0.00802333
0
0
0.00173667
0.00173667
0
0
0
0
0
0
0
0
0
0
0
0
0
0
0
0
0.000273333
0
0
0
0.00534
0.000273333
0
0
0.0265067
0.0059
0
0
0.0457133
0.0283633
0.00027
0.00027
0.0249733
0.02748
0.00304
0.00588
0.00237333
0.00679
0.03412
0.0224767
0
0
0.0219067
0.0347433
0
0
0.00376
0.00715333
0
0
0
0
0
0
0.000556667
0.00111333
0.00195
0.00139333
0.000836667
0
0
0
0
0.00026
0.000796667
0.00559
0.01469
0.03203
0.04512
0.0564
0.0448667
0.0278167
0.00745333
0.00139
0.000556667
0.00028
0
0
0
0
0
0
0
0
0
0
0
0
0
0
0
0
0
0
0
0
0
0
0
0
0.00199667
0.00199667
0
0
0.00738
0.00854333
0
0
0.00856
0.00818333
0
0
0.00929667
0.00772667
0.00311
0.00635667
0
0.00237333
0.0275
0.01415
0
0
0.0365867
0.0409867
0
0
0.00664
0.0232367
0
0
0
0
0
0.000556667
0.00111333
0.0110533
0.0104967
0.0165533
0.00661333
0.0084
0.00178667
0.00503333
0
0
0
0.000536667
0.00564
0.015
0.01929
0.03207
0.0245033
0.02602
0.00813667
0.00662
0.000276667
0.000276667
0
0
0
0
0
0
0
0
0
0
0
0
0
0
0
0.00028
0
0
0.00028
0.00028
0.000273333
0.000273333
0
0
0.00678667
0.00506333
0
0
0.0266
0.0248433
0
0
0.0164133
0.0336667
0
0
0.0012
0.0102633
0.00324667
0.00324667
0.000546667
0.000396667
0.01173
0.00393667
0.00015
0.00015
0.0261967
0.01029
0
0
0.0201033
0.0186633
0
0
0
0.000276667
0.000833333
0.0107733
0.0204367
0.0472067
0.04388
0.0420533
0.0165133
0.0164867
0.01162
0.0100933
0
0
0
0
0
0.00510333
0.00538333
0.01021
0.00510667
0.00662
0.00179333
0.00179333
0
0
0
0
0
0
0
0
0
0
0
0
0.00017
0.00017
0
0
0.00045
0.00871333
0
0
0.00854333
0.0151867
0.000546667
0.000273333
0.00692333
0.00929667
0.00561333
0.00109667
0.00237333
0.00237333
0.0321867
0.01468
0
0
0.0453033
0.04558
0
0
0.0138767
0.0316633
0
0.00256333
0.00456667
0.00496333
0.00779667
0.00967
0
0.00015
0.00264
0.00794
0
0
0.00232667
0.00221
0
0
0.000276667
0.000836667
0.0107767
0.0378267
0.0645933
0.0790267
0.0598133
0.04389
0.0261033
0.02335
0.0122067
0.00588
0
0
0
0
0
0
0.00028
0.00056
0.00084
0.00056
0.00028
0
0
0
0
0
0
0
0
0
0
0
0
0
0.00826333
0.00843333
0
0
0.0166967
0.03616
0
0
0.03482
0.04474
0.000273333
0
0.02748
0.0250667
0.000823333
0.000273333
0.00688333
0.00451
0.0153333
0.00599333
0
0
0.0344467
0.0217067
0
0
0.0249733
0.02748
0.00256333
0.00568667
0.00237333
0.00679
0.0269
0.0229167
0
0
0.01063
0.0277167
0
0
0.000546667
0.00366667
0
0.000283333
0.000843333
0.00112667
0.02817
0.0358833
0.0599733
0.0393767
0.0425067
0.0280867
0.0267167
0.0158567
0.00616333
0.000946667
0
0
0
0
0.00179333
0.00179333
0.00813667
0.00662333
0.0117267
0.00566333
0.00566
0.000556667
0.000276667
0
0
0
0
0
0
0
0
0
0
0
0.00639
0.0146533
0
0
0.0342867
0.0463667
0
0
0.05816
0.0435767
0
0
0.0277433
0.0100467
0.00240667
0.00240667
0.00499667
0.000486667
0.0110167
0.00798
0
0
0.01328
0.01193
0
0.00312333
0.00929667
0.00783667
0.00624667
0.00638333
0
0.00237333
0.0267733
0.00968
0
0
0.0257633
0.0288033
0.00013
0
0.00352333
0.00853333
0.000413333
0.000413333
0.000566667
0.000283333
0.00855667
0.00827333
0.0150033
0.00701667
0.01697
0.0108067
0.0110633
0.00111
0.000686667
0.000143333
0
0
0.000276667
0.000276667
0.00510333
0.00662
0.0245033
0.02602
0.0335833
0.0208033
0.01529
0.00621
0.00110667
0.000276667
0
0
0
0
0
0
0.00018
0.00018
0
0
0.00036
0.00657
0
0
0.0269133
0.0255733
0
0
0.0304433
0.01037
0.00035
0.00035
0.00580667
0.000756667
0.00769667
0.00564
0.000486667
0
0.02688
0.0265967
0
0
0.0268467
0.0448333
0.00312333
0.00312333
0.00136333
0.0217233
0.00326
0.000136667
0.00045
0.00045
0.007
0.00058
0.00013
0
0.0115733
0.00686333
0.00039
0.00026
0.00707333
0.00707333
0.00026
0.00013
0
0
0.000286667
0.000573333
0.000573333
0.000853333
0.000566667
0.000566667
0
0
0.00192
0
0
0.000276667
0.000553333
0.00566333
0.0102133
0.0193433
0.0321167
0.0471767
0.0471267
0.03895
0.0198933
0.0113367
0.00163
0
0
0.00262333
0.00182333
0
0
0.00766
0.00601667
0
0
0.00619667
0.00054
0
0
0.00541
0.00711
0
0
0.0072
0.00215
0.000833333
0.000483333
0.00027
0
0.00698333
0.00217667
0
0
0.0458433
0.0282867
0
0
0.0609133
0
0
0.02978
0
0.000596667
0.0091
0.00942
0.00491333
0.00506667
0.000616667
0.00026
0.000636667
0.00510667
0.00467667
0.00445
0.00589333
0.00192
0.000193333
0.00192
0.00170333
0.00157333
0.000286667
0.00046
0.00046
0.000173333
0
0
0
0
0.00192
0.000216667
0
0
0.000276667
0.000563333
0.00567333
0.00628333
0.0154033
0.0232667
0.0422667
0.0528
0.0495333
0.0500833
0.0309433
0.000216667
0.000216667
0.0268067
0.00819333
0
0
0.02426
0.0245267
0
0
0.0285967
0.01191
0
0
0.00795333
0.00039
0.00039
0.00188
0.00377667
0.00368333
0
0
0.0102933
0.0122433
0
0
0.03064
0.0174533
0
0
0.0518
0.0390833
0
0
0.0391167
0.01927
0.000596667
0.00291
0.00961333
0.00945333
0.00991333
0.00275333
0.00907333
0.0132667
0.0118367
0.0284267
0.0348167
0.02271
0.00374
0.00389333
0.000346667
0.00475667
0.01787
0.01647
0.000346667
0.000346667
0.000393333
0.00022
0.00396
0.00374
0.00748
0.00506
0.000646667
0.00043
0
0
0.000286667
0.000286667
0.00117333
0.00655333
0.0195267
0.0287133
0.0429867
0.0486433
0.0590067
0.00463
0.00623
0.0472867
0.0342267
0.00181667
0.00181667
0.03426
0.0429067
0
0.05255
0.0379733
0.00246333
0.0229867
0.00965333
0.00727
0.00934333
0.00376
0.00188
0.0127467
0.0163333
0
0
0.0430267
0.0436233
0
0
0.0334367
0.05706
0
0
0.024
0.03154
0
0.00019
0.01395
0.01687
0.00285333
0.00244667
0.00964667
0.01236
0.0238967
0.00724
0.0127833
0.02755
0.0270867
0.02605
0.04127
0.0555533
0.0548167
0.0437233
0.00951333
0.00761
0.00592667
0.00998667
0.0223233
0.00870333
0.00307
0.0074
0.00846333
0.0304633
0.0133367
0.01343
0.00493667
0.00450667
0
0
0
0.00113667
0.00680333
0.0168767
0.01845
0.0359433
0.0237867
0.02453
0.0283967
0.0293767
0.00697333
0.0085
0.01824
0.0361833
0.000333333
0.00367667
0.0431767
0.02298
0.00279667
0.0112233
0.0172767
0.0188833
0.0277667
0.0293133
0.00367
0.00179
0.0386933
0.0480533
0
0.06308
0
0.09053
0
0
0.0658333
0.08323
0.00538333
0.00019
0.06073
0.04816
0.01578
0.00764
0.0258733
0.0292333
0.0280767
0.0191533
0.02477
0.0237667
0.0317933
0.0349367
0.0428367
0.0527067
0.05433
0.03159
0.0558167
0.0217333
0.04029
0.02717
0.0379833
0.0377867
0.0247
0.0242833
0.0313667
0.0439733
0.0325767
0.01916
0.01088
0.00472
0.000213333
0
0
0.00113667
0.00183667
0.00907667
0.02828
0.0418967
0.0546633
0.00809
0.00267667
0.00991667
0.01244
0.0028
0.0102933
0.00401
0.00761667
0.00804
0.00767
0.0157633
0.00206333
0.0374367
0.0488567
0
0.00179
0.0599033
0.05916
0
0
0.0672833
0.0547467
0
0
0.08647
0.0796933
0.00322
0
0.0806967
0.10115
0.02631
0.00841333
0.0753467
0.04572
0.04035
0.03142
0.00914333
0.0277433
0.03102
0.00767
0.01136
0.02491
0.02274
0.0293833
0.0243767
0.04819
0.07427
0.0802733
0.0849767
0.06922
0.0704533
0.0577733
0.0636033
0.0561367
0.04414
0.0328733
0.0224633
0.0240833
0.00616
0.00637333
0.000213333
0.000213333
0
0
0.0007
0.0280567
0.0416467
0.0286567
0.0007
0.00085
0.00015
0.00947
0
0.000273333
0.00487
0.00093
0.000273333
0.000546667
0.00733667
0.000333333
0.000273333
0
0.0299933
0.00798667
0
0
0.0277667
0.0455133
0
0
0.0261933
0.0346833
0.00322
0
0.0271767
0.0404433
0.0117267
0.00644
0.0546833
0.0332
0.0264033
0.0404467
0.0139867
0.03529
0.05293
0.05607
0.00581667
0.00494333
0.0548633
0.00838667
0.0299333
0.0427667
0.06351
0.01921
0.0320133
0.0191133
0.0406467
0.0717333
0.0862833
0.08078
0.0807067
0.06419
0.0597667
0.0422633
0.0341033
0
0.00295
0.00295
0.00609667
0.00314667
0.00541333
0.00971333
0.00478
0.0111367
0.00799
0.00799
0.00577
0.000836667
0
0.000596667
0.000596667
0
0
0
0
0
0
0.000983333
0
0
0.00603333
0.00125667
0
0.00746333
0.00505
0.00322
0.00528667
0.00268667
0.00268667
0.0105733
0.0130767
0.00871
0.00889
0.02324
0.0282733
0.00036
0.00907
0.02169
0.0384267
0.00440333
0.00862667
0.0185767
0.05845
0.0412667
0.06057
0.03644
0.0571567
0.0713933
0.06949
0.0696233
0.0646067
0.0698333
0.0394067
0.0573267
0.0418067
0.0298067
0.04411
0.00024
0.00048
0.00024
0.00024
0.00424333
0
0.02483
0.00719333
0.02651
0.0237333
0.0168633
0.01494
0.00921333
0.00024
0
0.00122333
0
0
0
0
0
0
0
0
0
0
0
0
0.000273333
0
0
0
0.000273333
0.000273333
0.00206667
0.00206667
0
0
0.00572333
0.00779
0.00018
0.00018
0.00078
0.00597667
0.00018
0.000153333
0.00148
0.00130667
0.00437667
0.00838333
0.01836
0.0416267
0.0287267
0.0238067
0.04217
0.0207833
0.06256
0.0727467
0.0762033
0.0734233
0.0761933
0.0653233
0.047
0.0427033
0
0
0
0.00450667
0.00875
0.01759
0.03072
0.0470333
0.04392
0.0359167
0.0165833
0
0
0.0108567
0.00122333
0
0
0
0
0
0
0
0
0
0
0
0
0
0
0
0
0
0
0
0
0
0
0
0
0
0.00281333
0.000706667
0.000526667
0.00296667
0.0102667
0.00872
0.00113333
0.01146
0.0268133
0.0470033
0.0951
0.08221
0.0863533
0.10248
0.03603
0.0645133
0.01822
0.0164933
0.01209
0
0
0.00450667
0.00514
0.01398
0.01439
0.0343133
0.0351067
0
0
0
0.0151067
0.000556667
0.01019
0
0
0
0
0
0
0
0
0
0
0
0
0
0
0
0
0
0
0.00104667
0.000986667
0
0.0223367
0.00386
0.00116667
0.04158
0.0304033
0.0535033
0.0497567
0.0226367
0.0297633
0.04872
0.0806333
0.124647
0.133603
0.120057
0.0670933
0.0523967
0.0348433
0
0.00222
0.00285333
0.00777
0.00054
0.00091
0.00037
0.00037
0.0289467
0.0357
0.0272833
0.01389
0.00184667
0.0138167
0.000483333
0.00304333
0.00173667
0.000483333
0
0.00300667
0.00127
0.00019
0
0.00156667
0.000296667
0.005
0.00019
0.000296667
0
0.00739333
0.00481
0.0195233
0.00104667
0.00536
0.00357
0.0871933
0.0542533
0.0242467
0.09463
0.146073
0.13498
0.152377
0.18735
0.0768333
0.12385
0.0726367
0.00658333
0.0122333
0.00656
0.06439
0.00841
0.0911233
0.08001
0.0484767
0.0189267
0.0232933
0.0383967
0.0255467
0.0376
0.0529433
0.01258
0.00085
0.0375633
0.000556667
0.01246
0.0118233
0.0460833
0.0169033
0.0435967
0.0105533
0.0122033
0.0431833
0.0342767
0.00389333
0.0204233
0.01809
0.02863
0.07511
0.152457
0.100023
0.194147
0.170347
0.140357
0.17568
0.0749567
0.0602267
0.107283
0.0493367
0.19465
0.12579
0.127677
0.144363
0.0643567
0.123773
0.120857
0.05139
0.141937
0.0515633
0.151027
0.09152
0.0636167
0.238367
0.138617
0.0310067
0.236193
0.152253
0.0121
0.0289567
0.0645
0.0399133
0.218297
0.164883
0.219313
0.28573
0.05768
0.166713
0.270227
0.264627
0.35739
0.268907
0.24458
0.309983
0.435357
0.69947
0.627103
0.715877
0.421837
0.39143
0.259567
0.316177
0.524933
0.763497
0.8132
0.59152
0.46379
0.126477
0.216263
0.43092
0.446973
0.450037
