0.00300333
0.000603333
0.000463333
0
0
0
0
0.00014
0.00069
0.00334
0.0210067
0.03147
0.0403233
0.03041
0.00664333
0.00454333
0.000763333
0.0003
0
0
0
0.00035
0.0009
0.00514333
0.0226
0.0398567
0.0502767
0.0439733
0.0333067
0.0231533
0.0159667
0.01235
0.0204433
0.0217967
0.0316433
0.02165
0.01971
0.00649667
0.00388667
0.000156667
0.0443433
0.00408
0.0003
0
0
0.00035
0.0007
0.00465667
0.00855
0.0210467
0.0348967
0.0453167
0.0471333
0.0343967
0.0268733
0.0163
0.0155467
0.0207633
0.0292767
0.03833
0.0393433
0.03047
0.02083
0.00746
0.00241
0.02758
0.0112467
0
0.00035
0.00035
0.00430667
0.00395667
0.0168033
0.0150133
0.0296767
0.02099
0.0238933
0.00975
0.00968
0.00461
0.0164467
0.0143233
0.0276933
0.0187567
0.02052
0.00759333
0.00417333
0.000443333
0
0.00241
0.00764667
0.00018
0
0
0
0
0
0.000136667
0.00230333
0.00230333
0.00632667
0.00447333
0.00499333
0.000833333
0.00052
0
0.00196667
0.00078
0.000566667
0.00275333
0.00014
0.00254
0
0.00014
0
0
0
0
0.00014
0.00014
0.00381667
0.00279
0.0136533
0.01483
0.0156533
0.00474667
0.00511333
0.00194667
0.00218667
0.0185233
0.0126267
0.0148133
0.0256833
0.00951667
0.01918
0.00571
0.00987333
0.00954
0.00304
0.00862667
0.00024
0.00285
0
0.000156667
0.00350667
0.00371667
0.00694667
0.00889
0.00753667
0.00654
0.00438667
0.00223333
0
0
0
0
0
0
0
0
0
0
0.0404133
0.0583933
0.03869
0.000156667
0.00591667
0.00241
0.0186833
0.0184267
0.03473
0.0241967
0.0304033
0.0105933
0.0104
0.00204
0.00212667
8.66667e-05
8.66667e-05
0
0
0
0
0
0
0.00045
0.00107667
0.00854
0.0149167
0.0349167
0.0413
0.0647933
0.0705633
0.00482
0.0165933
0.02695
0.04435
0.0523867
0.05524
0.04379
0.0292433
0.0156633
0.00768333
0.00250667
0.000466667
8.66667e-05
0
0
0
0
0
0
0.00045
0.0009
0.0063
0.0133133
0.03349
0.03915
0.0522767
0.0563133
0.03955
0.01387
0.0141833
0.03368
0.0375133
0.0510367
0.0438133
0.03347
0.0244733
0.0122667
0.00757
0.000946667
0.000566667
0
0
0
0
0
0
0.00045
0.00115667
0.00655667
0.01543
0.03535
0.0505767
0.04889
0.03294
0.03122
0.0215867
0.02588
0.01031
0.00558
0.00216
0.00405667
0.00380667
0.000443333
0.000636667
0
0
0
0.00209667
0.00209667
0.0177033
0.0157133
0.0283
0.0161467
0.0226633
0.0105767
0.00769
0.00106667
0.000566667
0
0
0
0
0
0
0.000143333
0.00085
0.00112
0.0103
0.00606667
0.00289333
0.00284333
0.00018
0.00018
0
0
0
0
0.000136667
0
0.000136667
0.000136667
0.000313333
0
0.000313333
0.000313333
0
0
0
0.000193333
0.000193333
0.000386667
0.000193333
0.000193333
0.000213333
0
0.000213333
0
0
0
0
0
0
0
0
0
0
0.00116667
0.00116667
0.00147333
0.00264
0.00147333
0.000106667
0.00158
0
0.000106667
0
0
0
0
0
0
0
0
0.00021
0.00021
0.000526667
0.000316667
0.000426667
0.00011
0.00011
0
0
0
0
0
0
0
0
0
0
0
0
0
0
0.00028
0.000186667
0.000306667
0.000426667
0.000346667
8.33333e-05
0.00043
0
8.33333e-05
0
0
0.00021
0.000736667
0.00042
0.00365667
0.00375667
0.00226333
0.00549333
0
0.00215333
0
0
0
0
0
0
0
0
0
0
0
0
0.000626667
0.000933333
0.00860333
0.0120533
0.02715
0.0229233
0.0220167
0
0
0
0
0.000446667
0.000623333
0.00420333
0.00385
0.0113067
0.00782
0.0139767
0.00655667
0
0.00125333
0.000626667
0.0151233
0.00808
0.0327733
0.0241967
0.0282733
0.00347333
0.000303333
0.000176667
0
0.000643333
0.000643333
0.000996667
0.00163667
0
0
0
0
0
0
0
0
0
0
0
0
0.000546667
0.000993333
0.00772667
0.01076
0.0268467
0.0277467
0.0405833
0.04477
0.0303
0.0303733
0.01796
0.0286367
0.00852667
0.00361333
0.00058
0.000313333
0.00088
0.00138667
0.00851667
0.0139
0.00712333
0.0129367
0.00987667
0.02185
0.0206367
0.03098
0.0212533
0.0196833
0.00627333
0.00367333
0
0
0
0
0
0.000893333
0.00102333
0.00420667
0.00716
0.00198
0.00163667
0
0
0
0
0
0
0
0
0
0.000106667
0.000653333
0.00738667
0.0219333
0.03836
0.0564633
0.0577867
0.0633567
0.0684367
0.0606233
0.0236133
0.0100333
0.00562333
0.00067
0.00054
0.000956667
0.00156333
0.00855667
0.0150033
0.0272967
0.0262933
0.0282833
0.0217033
0.02837
0.0315767
0.03853
0.0391467
0.03056
0.0208233
0.0077
0.00396
0.000286667
0
0
0
0
0.000893333
0.0110433
0.0238933
0.0223167
0.0246767
0
0
0
0
0
0
0
0
0
0
0
0.000106667
0.0152
0.0214767
0.0463133
0.0361133
0.0518333
0.02833
0.03786
0.0476667
0.00825
0.01258
0.00075
0.00329
0.00362667
0.0144133
0.0187367
0.02361
0.0257233
0.0238767
0.02744
0.0181567
0.0256667
0.01922
0.0288767
0.0194733
0.02054
0.00751333
0.00441
0.00067
0.000286667
0
0
0
0
0.000406667
0.0013
0.00536
0.01192
0.02477
0.000106667
0.000106667
8.66667e-05
0.00647
0.00647
0.0112767
0.00489333
0.00622667
0.00540667
0.0177033
0.0195433
0.03449
0.0141333
0.0359
0.0328033
0.01823
0.01094
0.00887
0.00872
0.0192967
0.0246533
0.0274033
0.0220367
0.0163967
0.0161233
0.0142667
0.0127367
0.00799333
0.00696667
0.00335333
0.00620333
0.00431667
0.00456
0.00749
0.00364667
0
0
0
0
0
0
0.000213333
0.000106667
0.00389
0.000543333
0.00418
0.00401
0.0005
0.000726667
0
0
0
0
0
0
0.000143333
0
0.000523333
0.000253333
0.00038
0.00481
0.00454
0.0121767
0.0105933
0.01355
0.00949333
0.0121033
0.0215333
0.0288767
0.000473333
0.00023
0
0
0
0
0
0
0
0
0
0
0
0
0
0
0
0
0
0
0
0
0
0
0
0
0
0
0
0
0
0.000106667
0.000106667
0.000436667
0.00033
0.000556667
0.000226667
0.000226667
0
0
0
0
0
0
0
0
0
0.00011
0.00011
0.00011
0
0
0
0
0
0
0
0
0
0
0
0
0
0
0
0
0
0
0
0
0
0
0
0
0
0
0
0
0
0
0
0
0.000216667
0
0
0
0
0
0
0
0
0
0
0
0
0
0
0
0
0
0
0
0
0
0
0
0
0
0
0
0
0
0
0
0
0
0
0
0
0
0
0
0
0
0
0
0
0
0
0
0
0
0
0
0.000216667
0.000433333
0.000646667
0.00043
0.00053
0.00073
0.00073
9.33333e-05
0
9.33333e-05
0
0
0.000523333
0.000306667
0.00450667
0.0046
0.00397333
0.00773333
0.000443333
0.00388667
0.000126667
0.000293333
0.000293333
0.000293333
0
0
0
0
0
0
0
0.000176667
0.000176667
9.33333e-05
0.00027
0.000186667
0.00674
0.000253333
0.00342333
0
0.000126667
0
0
0
0
9e-05
9e-05
0.00029
0.0002
0.000353333
0.01411
0
0
0
0
0
0
0
0
0
0.000443333
0.00335667
0.00351
0.00559667
0.00851
0.00799667
0.000153333
0.00275333
0
0
0
0
0
0
0.00013
0.00013
0.00013
0
0
0.000133333
0.00452667
0.00937667
0.02129
0.0198967
0.0190967
0.02422
0.0303567
0.0383967
0.0308267
0.0137967
0.0189767
0.00331333
0.00539
0.00857333
0.00673
0.00772667
0.00707
0.00819
0.00757667
0.00488
0.00567333
0.00986
0.0193433
0.0179467
0.00046
0.000106667
0
0
0
0
0
0.000253333
0.000506667
0.000656667
0.000403333
0.00329667
0.00337
0.00731
0.00480667
0.0248867
0.0212167
0.0212867
0.02377
0.0153833
0.0216167
0.00953333
0.0226767
0.01327
0.00822
0.00301667
0.00105
0.00416667
0.00410333
0.00426
0.00451
0.00827667
0.0121367
0.03001
0.03303
0.0494867
0.0340767
0.03099
0.0109433
0.0276
0.0213867
0.0400733
0.02078
0.0202333
0.000856667
0.000503333
0.000106667
0
0
0
0
0.00059
0.000843333
0.00440667
0.00396667
0.00686
0.00644333
0.0138067
0.0146
0.0313367
0.0441267
0.0293233
0.00975667
0.00189333
0.00118
0.01134
0.0133833
0.0105267
0.00470667
0.000696667
0.000353333
0.0268833
0.00818333
0.01348
0.000956667
0.000616667
0.000646667
0.000276667
0.000803333
0.00065
0.00787333
0.00998
0.0282567
0.03905
0.0378533
0.0263867
0.00690333
0.00696333
0.000456667
0.000456667
0
0.000743333
0.00133333
0.0153233
0.0181433
0.0207
0.0272433
0.0207667
0.0241867
0.0339633
0.05329
0.0670267
0.0653233
0.04679
0.02731
0.00986667
0.000353333
0
0
0
0
0
0
0
0
0
0
0
0.00391333
0.00367
0.000383333
0.000523333
0
0
0
0
0.000406667
0
0.00446667
0.000406667
0.0181233
0.00438
0.0171367
0.0114933
0.0244133
0.00866667
0.00107
0.000246667
0
0
0.000123333
0
0
8.66667e-05
0
8.66667e-05
8.66667e-05
0
0
0.0289633
0.0357933
0.0136233
0.0208233
0.00939
0.00847333
0.00448333
0.00435
0.00068
0.000783333
0.00014
0.00028
0.00014
0.00014
0
0
0.000243333
0.000486667
0.000243333
0.000243333
0.00295667
0
0.00653667
0.00295667
0.01638
0.00399333
0.0183433
0.0304133
0.02098
0.01822
0.00590333
0.00335667
0.000573333
0.00065
0.000243333
0.000243333
0
0
0
0
0
0
0
0
0
0
0
0
0
0
0
0
0
0
0
0
0
0
0
0
0
0
0
0
0
0
0
0
0
0
0
0
0
0
0
0
0
0
0
0
0
0
0
0
0
0
0
0
0
0
0
0.000413333
0.000543333
0.00608667
0.00567333
0.00849667
0
0
0
0
0
0
0
0
0
0
0
0
0
0
0
0
0
0
0
0
0
0
0
0
0
0
0
0
0
0
0
0
0
0
0
0
0
0
0
0.00174667
0.00231
0.000563333
0.000563333
0
0
0
0
0
0
0
0
0
0
0
0
0
0.000203333
0.00073
0.00374333
0.00912
0
0
0
0
0
0
0
0
0.00023
0
0.00023
0.00023
0
0
0
0
0
0
0
0
0
0
0
0
0
0
0
0
0
0
0
0.000526667
0.000526667
0.00437667
0.00995667
0.01536
0.0233067
0.02239
0.01361
0.00796667
0
0
0
0
0
0
0
0
0
0
0
0
0
0
0
0
0
0.000216667
0
0.000216667
0.00426333
0.000413333
0.0103633
0.00484667
0.00941333
0.0118467
0.00604
0.00342667
0.00041
0.000286667
0
0
0
0
0
0
0
0.000996667
0.00377667
0.000876667
0.00302333
0.00319333
0.000123333
0.000123333
0
0
0
0
0
0
0
0
0
0
0
0
0
0
0
0
0
0
0
0
0
0
0
0
0
0
0
0
0
0
0
0.00605667
0.00226
0.00195
0
0
0
0
0
0
0
0
0.000153333
0
0.000153333
0
0
0
0
0
0
0
0
0
0
0.000133333
0.000133333
0.0097
0.00498333
0.0298
0.0217467
0.0285433
0.0195067
0.00224667
0.00045
0.000146667
0.000146667
0
0
0
0
0
0.0321833
0.0286567
0.0337567
0.02825
0.0288133
0.0377667
0.0179067
0.00422
0.00736333
0.00579
0.00592333
0.00402667
0.00833
0.00120667
0.00419667
0.000943333
0.00174
0.000353333
0.00129667
0
0
0.00194333
0
0.00194333
0.00194333
0.000253333
0.000253333
0
0.000253333
0.000223333
0.000223333
0.000866667
0.00027
0.000913333
0
0.00027
8.66667e-05
0.000326667
0.0261467
0.03586
0.0315333
0.000983333
0.000683333
0.00115667
0.000836667
0.00449667
0.00487333
0.00944667
0.0174867
0.0202
0.0219267
0.02969
0.000596667
0.00077
0.02766
0.04579
0.147483
0.354507
0.00896333
0.00642333
0.00989667
0.00870667
0.00506333
0.00800333
0.00103
0.00185333
0.000293333
0.000616667
0.00467
0.0269867
0.00783667
0.0223733
0.0201633
0.01912
0.0317667
0.00539
0.0406333
0.0224233
0.0332833
0.06685
0.0584167
0.0462833
0.0674967
0.01115
0.0309867
0.000703333
0.00489
0.000743333
0.000246667
0.0222633
0.00827333
0.0377167
0.03514
0.02324
0.0302933
0.04188
0.0216067
0.0455733
0.0358667
0.02317
0.0229
0.00499
0.00111667
0.000293333
0.000293333
0.01508
0.00247667
0.00212333
0
0
0
0
0
0
0
0
0
0
0
0
0
0
0.00032
0
0.00348333
0.00041
0.00413
0.00339667
0.00105667
0.000123333
0
0.000123333
0.00275667
0.02524
0.0209
0.0233767
0.01011
0.0153933
0.00938
0.00958
0.00123
0.00484333
0
0
0
0
0
0
0
0
0
0
0
0
0
0
0
0
0
0
0
0
0
0
0
0
0
0
0
0
0.00321667
0.00305
0.000166667
0.000263333
0
0
0
0
0
0
0
0
0
0
0
0
0
0
0
0
0
0
0
0
0
0
0
0
0
0
0
0
0
0.00013
0
0.00013
0.00013
0
9.66667e-05
9.66667e-05
9.66667e-05
0
0
0
0
0
0
0
0
0
0
0
0
0
0
0
0
0
0
0
0
0
0
0
0
0
0
0
0
0
0
0
0
0
0
0
0
0
0
0
0
0
0
0
0
0
0
0
0
0
0
0
0
0
0
0
0
0
0
0
0
0
0
0
0.00026
0.00026
0.00026
0
0
0
0
0
0
0
0
0
0
0.00019
0.00019
0.00536667
0.00543667
0.188987
0.0792033
0.168907
0.164547
0.0572667
0.04167
0.0192467
0.0224667
0.02905
0.0437067
0.0443933
0.04138
0.0246867
0.0284233
0.0741033
0.0572033
0.0296333
0.0340567
0.0176767
0.0184633
0.0278367
0.0352033
0.05578
0.0503133
0.05443
0.0318167
0.03598
0.07453
0.0964567
0.0039
0.00851
0.00895
0.0136933
0.02453
0.0378867
0.0496333
0.06016
0.0612933
0.06103
0.03926
0.0368233
0.0262467
0.04733
0.0454833
0.000146667
0.000146667
0.00434
0.00419333
0.01964
0.0160367
0.0326733
0.0210533
0.0391467
0.02663
0.0270067
0.00899667
0.0106733
0.0100333
0.02376
0
0
0
0.00059
0.00118
0.00500667
0.00824333
0.01264
0.0129333
0.0094
0.00508667
0.000966667
0.00423667
0.00384667
0
0
0
0
0
0
0
0
0
0
0
0.000113333
0.000213333
0.00522
0.00538667
0.00556667
0.00917667
0.0102133
0.0128233
0
0
0.000296667
0.000886667
0.00765333
0.0111833
0.02307
0.02129
0.0296467
0.0174633
0.0160067
0.00382333
0.00382333
0.000576667
0.000576667
0.00616667
0.000216667
0.000216667
0
0
0
0
0
0
0
0
0
0
0.0001
0.00038
0.000696667
0.00931333
0.0158967
0.00741333
0.00465667
0
0.000296667
0.000593333
0.00412667
0.0105967
0.0227767
0.03172
0.0421533
0.04186
0.0346633
0.0209933
0.00910333
0.00411667
0.000586667
0.000293333
0
0.02035
0.00682667
0.000876667
0.000216667
0
0
0
0
0
0
0
0
0
0
0.000416667
0.000833333
0.00511333
0.0133133
0.0264133
0.03104
0.0219133
0.0139833
0.00521
0.000946667
0.00026
0.000296667
0.000296667
0.00383
0.00382667
0.0163033
0.02423
0.0411367
0.0408433
0.0346633
0.0314267
0.0195367
0.0177867
0.00382333
0.00353
0
0.0358067
0.03615
0.0149633
0.01605
0.00066
0.00122333
0
0.000416667
0
0.0049
0.00062
0.02081
0.00749667
0.0276033
0.02171
0.0258833
0.02139
0.01261
0.000126667
0
0
0
0
0
0.000293333
0.00382333
0.0152833
0.0271733
0.0358267
0.03833
0.04011
0.0317533
0.02132
0.00794667
0.00412
0.00059
0
0
0
0
0
0.00023
0
0.00023
0.0138567
0.00046
0.0151433
0.0136267
0.0137733
0.0287733
0.0225567
0.0165867
0.0282567
0.00709667
0.00243333
0
0
0
0
0.00353
0.00353
0.0157133
0.0121833
0.0261467
0.01779
0.0216167
0.00795
0.00471333
0.000886667
0.00059
0
0
0
0
0
0
0
0.000133333
0.000133333
0.000133333
0
0
0.00725667
0.00230667
0.00259333
0
0
0
0
0
0
0
0
0
0
0
0
0
0
0.000296667
0.00412333
0.00442
0.00442
0.000593333
0.000296667
0
0
0
0
0
0
0
0
0
0
0
0
0
0
0
0
0
0
0
0
0
0.00173
0.000113333
0.000113333
0
0
0
0
0.000296667
0.000296667
0.000593333
0.000296667
0.000296667
0
0
0
0
0
0
0
0
0
0
0
0
0
0
0
0
0
0
0
0
0
0
0
0
0
0
0.0113167
0.0059
0.00428333
0.000113333
0
0
0
0
0
0
0
0
0
0
0
9.66667e-05
0
0
0
0
0.00013
0.00013
0.00013
0
0
0
0
0
0
0
0
0
0.00750667
0.00265667
0.0103967
0.0206433
0.0191833
0.0271133
0.0100033
0.00431667
0.00462
0
0.000146667
0
0
0
0
0
0
0
0
0.000106667
0.000203333
0.00510333
0.01676
0.0268233
0.02247
0.00977
0.000466667
0.00426333
0
0.00031
0
0.00651333
0.0193033
0.00357333
0.000563333
0.00107667
0.000626667
0.00103667
0.00041
0
0
0
0
0
0
0.02128
0
0.0235267
0.0232233
0
0
0
0.000193333
8.66667e-05
0.00990667
0.00509333
0.02402
0.0122633
0.00512
0.0249333
0.0164133
0.0272633
0.0361467
0.0241
0.00522667
0.0232233
0.00924333
0.0320467
0.0580167
0.01781
0.0225533
0.148973
0.0371967
0.36459
0.0680433
0.01174
0.0450467
0.0263733
0.00938667
0.13279
0.586463
0.000916667
0.00132
0.000646667
0.00479667
0.00414667
9.33333e-05
0.0166633
0.0294933
0.03225
0.0323133
0.01685
0.0214367
0.00212333
0.00424667
0.00263333
0
0.00592
0.00328667
0.00467667
0.01523
0.04156
0.0480733
0.0655767
0.0420433
0.0286667
0.00897
0.00503
0.00151333
0.00653667
0.00720667
0.01345
0.01221
0.01754
0.00429
0.00441333
0
0.000123333
9.33333e-05
0.000186667
0.000223333
0.000223333
0.000566667
0.000343333
0.000343333
0
0
0
0
0
9e-05
0
0.000323333
9e-05
0.000233333
0.000233333
0
0
0.0266067
0.0214567
0.01115
0.00812
0.00607
0.00367
0.00415667
0.000906667
0.00048
0.000676667
0.000553333
0.000123333
0.000246667
0.000123333
0.000123333
0
9.33333e-05
0.000523333
0
0
0
0
0
0
0
0
0
0
0
0
0
0
0
0
0
0
0
0
0
0
0.0249433
0.0105467
0.00198
0.000966667
0.000126667
0.000126667
0
0
0
0
0
0
0
0
0
0.00043
0.000973333
0
0
0
0
0
0
0.000276667
0.000206667
0.000483333
0
0
0
0
0
0
0
0
0
0
0.00968667
0.00028
0
0
0
0
0
0
0
0
0
0
0
0
0.000543333
0.00208
0.000336667
0.00013
0.00013
0
0.000123333
0.000123333
0.000123333
0
0
0
0
0
0
0
0
0
0
0
0
0
0
0
0
0.00028
0
0
0
0
0
0
0
0
0
0
9.66667e-05
0.00163333
0.00163333
0
0
0
0
0
0
0
0
0
0.00013
0.00013
0.00294333
0.00307333
0
0.00294333
0
0
0
0
0
0
0
0
0
0
0
0.00146667
0.00146667
0
0
0
0
0
0
0
0
0.00063
0.000726667
0.000183333
0.00364333
0.0014
0.0007
0
0.0007
0
0
0
0.00655667
0.0117333
0.000116667
0.00641333
0.000363333
0.00048
0.000363333
0
0
0
0
0
0
0
0
0
0.000683333
0.00215
0
0
0
0
0
0
0
0.000316667
0.000946667
0.00779667
0.00757667
0.00863
0.00186667
0.00027
0.0006
0.0007
0
0
0
0
0
0
0
0.00034
0.00015
0.00967667
0.00465
0.0235467
0.0255333
0.03372
0.0197767
0.0138433
0.000843333
0.000726667
0.000363333
0
0
0
0
0
0
0
0
0
0
0.00032
0.00032
0.000636667
0.00429333
0.0108233
0.0245367
0.0225633
0.0329833
0.01904
0.0177967
0.000953333
0.000866667
0
0
0
0
0
0.00015
0.00343667
0.00774667
0.01275
0.0235233
0.0313733
0.0395833
0.0292367
0.01744
0.00432
0.000606667
0.000243333
0
0
0
0
0
0
0
0
0.00032
0.00397667
0.00763333
0.0124767
0.02285
0.0350167
0.0471233
0.0385633
0.02318
0.00044
0
0
0
0
0.00328667
0.00540333
0.0105567
0.0123233
0.0223667
0.02045
0.01911
0.00719333
0.0042
0.000486667
0.000243333
0
0
0
0
0
0.00365667
0.00409
0.00925333
0.00939
0.02478
0.0369433
0.03862
0.03546
0.0185733
0.0168433
0.00451
0.00077
0.00033
0.000433333
0.000543333
0.00433667
0.00893667
0.0261533
0.03504
0.04267
0.03256
0.02362
0.0116033
0.00471667
0.000976667
0.00033
0
0.00011
0.01083
0.0234
0.0259067
0.0274367
0.0202833
0.01339
0.00775
0.00222333
0.00157667
0
0
0.00011
0.00449667
0.0101833
0.0176133
0.0243333
0.0254733
0.03001
0.01918
0.01397
0.00189333
0
0.00570667
0.03079
0.03848
0.0331933
0.0195133
0.00775333
0.000633333
0.000316667
0
0
0.0783567
0.03018
0.0498033
0.0393267
0.08857
0.0747467
0.0708
0.0174867
0.0181967
0.00814667
0.0199067
0.0120767
0.03766
0.10394
0.208473
0.23907
0.129643
0.47123
0.384527
0.0601567
0.04184
0.0258433
0.0658567
0.05312
0.051
0.05343
0.0426867
0.204857
0
0
0
0
0
0
0
0
0.000243333
0.000243333
0.00432333
0.00431
0.01071
0.0102567
0.0134767
0.28005
0.2054
0.242157
0.366853
0.00133333
0
0
0
0
0
0
0
0
0.00051
0.000753333
0.00483333
0.00840333
0.01719
0.01951
0.0290033
0.02685
0.0167267
0.01072
0.00453
0.00108
0.0401567
0.07721
0.1171
0.23233
0.00189
0.00133333
0
0
0
0
0
0
0
0
0.000293333
0.000803333
0.00773667
0.0115233
0.0235033
0.0256
0.0395933
0.0406767
0.04621
0.0350133
0.02187
0.0077
0.000823333
0.000393333
0
0.00422333
0.00797667
0.0765767
0.000713333
0.000156667
0
0
0
0
0
0
0
0
0.000293333
0.0007
0.00763333
0.01983
0.0319133
0.0372167
0.0428
0.0390133
0.04134
0.0276467
0.0193733
0
0.000246667
0
0
0.0198567
0.00077
0.000156667
0
0
0
0
0
0
0
0
0.000406667
0
0.01301
0.00052
0.0297333
0.01761
0.02122
0.0175233
0.0144
0.0103
0.00510333
0.00599
0.000723333
0.00043
0
0.000906667
0.00148333
0
0
0.00574
0.01404
0.00260667
0.00199333
0.0045
0.000426667
0.00331667
0.000133333
0.000266667
0.000793333
0.00714333
0
0
0.000283333
0.02593
0.0204467
0.00794333
0.0004
0.000793333
0.000266667
0.00685333
0.01276
0.0369933
0
0
0
0.0469067
0.0321933
0.000133333
0.00619333
0
0.0320467
0.00715333
0.0365467
0
0
0
0
0
0.000116667
0.000346667
0.00341667
0.0166967
0.03713
0.00096
0.0118767
0.00118333
0.0129033
0
0
0
0
0.0004
0.000266667
0.000133333
0
0
0
0
0
0.000223333
0.00221
0.000223333
0.00198667
0
0.000123333
0
0
0
0
0
0
0.000133333
0.000266667
0
0
0
0
0.00320333
0.00332667
0
0
0
0
0
0
0
0
0
0
0
0
0
0
0
0
0.0253
0.00482
0
0.00906333
0.00457
0.00026
0.00013
0
0
0
0
0
0
0
0
0
0.00018
0.0276267
0.04729
0.00193
0.000313333
0.000156667
0
0
0
0
0.00218333
0.00680667
0.00218333
0.00475333
0.00283667
0.00307
0.00572667
0.00628
0.00289
0.00350333
0.000113333
0.0252833
0.0465633
0.04809
0.00683
0.0132467
0.01749
0.0180167
0.0165767
0.00526333
0.00597333
0.00861
0.00613
0.000113333
0.000113333
0
0
0
0
0
0
0
0
0
0
0.00400333
0.00400333
0.0256333
0.0362467
0.0641867
0.00649
0.0136333
0.0434567
0.14574
0.136937
0.103023
0.596547
0.12892
0.152807
0.233913
0.11343
0.0666267
0.4591
0.0330533
0.0601233
0.00795667
0.12398
0.02137
0.221903
0.0139933
0.00138333
0.00111333
0.00034
0.00034
0.01271
0.0128267
0.0252267
0.0188033
0.000653333
0.00204333
0.000653333
0.00139
0.00418
0.00295667
0.02052
0.0223967
0.0264167
0.00925667
0.00518667
0.00113333
0.0102433
0.0014
0.00079
0.00450667
0.01382
0.00996667
0.00325667
0.00212333
0.000476667
0.0007
0.00436667
0.00423333
0.0170467
0.00324
0.0162767
0
0
0
0
0
0
0
0.0164
0.05382
0.0587767
0.00112667
0.00569667
0.00331333
0.000416667
0.000416667
0
0
0
0
0
0
0
0
0
0
0
0
0
0.04057
0.0692533
0.00563667
0.01776
0
0
0
0
0
0
0
0
0
0.000276667
0
0
0
0.0300067
0.01352
0.0146333
0.01409
0.0159567
0.00716667
0.00702
0.0123033
0.00562
0.01105
0.00568333
0.00580667
0.000246667
0
0.00028
0.00411333
0
0
0
0
0
0
0
0
0.00108667
0.00255333
0
0
8.66667e-05
0
0
0.000426667
0.000556667
0.0037
0.00621667
0.0114067
0.00896333
0.0173667
0.01777
0
0
0.000513333
0.000426667
0.0175733
0.0129533
0.0172567
0.00570333
0.00114667
0.000463333
0.0149567
0.02971
0
0
0.000426667
0.0100067
0.00500333
0.000463333
0.000926667
0.00139
0.0147367
0.0231933
0
0
0
0
0.00541667
0.00500333
0
0
0
0
0.000463333
0.000463333
0.000926667
0.00294333
0.0118633
0
0
0
0
0.00137333
0.00151
0.00055
0
0.00055
0
0
0.00211667
0
0.00717
0.00211667
0.00858
0.00534333
0.00367667
0.00372333
0.000243333
0.00044
0
0
0
0
0
0
0
0
0
0
0
0.00248
0.00248
0
0
0
0
0
0.00236333
0.00140333
0
0
0
0
0
0.00029
0.00029
0.000486667
0.000196667
0.000196667
0
0
0
0
0
0
0
0
0
0
0
0
0
0
0
0
0
0.000853333
0
0
0
0
0
0
0
0
0
0.000216667
0.000216667
0.000216667
0
0
0
0
0
0
0
0
0
0
0
0
0
0.03013
0
0
0
0
0
0
0.000216667
0.000433333
0.000533333
0.000316667
0.0001
0
0
0
0
0
0
0
0
0
0.00403
0.00271
0.108487
0.000483333
0.000483333
0
0
0
0.000476667
0.000693333
0.00722667
0.00685
0.00870667
0.00217333
0.00218667
0.000113333
0.000846667
0.000733333
0.00339667
0.00266333
0.04176
0.0635233
0.346327
0.22526
0.46167
0.223827
0.41374
0.07514
0.180217
0.0447533
0.0483833
0.05843
0.0732267
0.137817
0.150757
0.204097
0.416353
0.03658
0.0349733
0.0292567
0.0155267
0.00946333
0.00137667
0.000806667
0.000403333
0
0.000103333
0.000103333
0.000323333
0.00022
0.00879667
0.0225967
0.01524
0.0235067
0.0102267
0.00991333
0.00142333
0.000403333
0
0
0
0
0
0
0
0
0
0
0.0005
0.0005
0.000723333
0.000446667
0.00116333
0.00143333
0.00223
0.00151333
0.00102
0
0
0
0
0
0
0
0
0
0
0
0
0
0.000643333
0
0
0.000223333
0.000223333
0.000716667
0.000493333
0.000493333
0
0
0
0
0
0
0.00023
0.00023
0.00023
0
0
0.00021
0.31032
0.00479
0.000643333
0
0
0
0
0
0
0
0
0
0
0
0
0.00046
0.00023
0.00385667
0.00408667
0
0.00362667
0
0
0
0.0057
0.0103367
0.0100833
0.00707667
0.000686667
0.00413667
0
0.000686667
0.00549
0.02429
0.00727
0.000686667
0.00664
0.00115
0.0208033
0.00420667
0.00115
0.01585
0.00168667
0.0197933
0.000963333
0.00312333
0.000783333
0.006
0.00115333
0.0531833
0.0144133
0.00102
0.00119333
0.00746667
0.00217667
0.0255967
0.0130033
0.0408867
0.000283333
0.0495567
0.05926
0.106247
0.0587067
0.0587867
0.08848
0.0979833
0
0
0
0.000116667
0.00198
0.00505
0.0361567
0.0173567
0.05309
0.02068
0.01073
0
0.00854
0.00435
0.00421667
0.000133333
0
0
0
0
0.00273
0
0.000743333
0
0
0
0
0
0.00135333
0.00135333
0.00567667
0.00445667
0
0
0
0
0
0
0
0
0
0
0
0
0
0
0
0
0
0
0
0.00819667
0.0206633
0.0198033
0.02193
0.00482667
0.000516667
0.000386667
0
0
0
0
0.00018
0.00018
0.0797167
0.00183333
0
0.000156667
0.000156667
0.000156667
0
0
0
0
0.00053
0.00271333
0
0
0.06324
0.04983
0.0184933
0.00502667
0.00610667
0.00194333
0.00617667
0.00435
0.00258667
0.00682
0.00247
0
0
0
0
0
0
0
0
0
0
0
0
0.0118733
0.00787
0.0321733
0.0339333
0.0559633
0.14029
0.164093
0.343537
0.406523
0.39658
0.579373
0.493177
0.02769
0.0837267
0.17533
0.0424033
0.0158367
0.00322667
0.00111333
0.00017
0.00017
0
0.000286667
0
0
0
0
0.000166667
0.000346667
0.00501333
0.00525
0.00547333
0.000806667
0.000536667
0.00190333
0.0374167
0.0113433
0.00696667
0.0167367
0.00655
0.00739667
0.00142
0.00113333
0.00027
0.000746667
0.00448333
0.00788
0.0195867
0.0288867
0
0
0
0
0
0.116463
0.0737367
0.00782
0.02157
0.01635
0.00373
0.0011
0.000683333
0.000266667
0
0
0
0
0
0
0
0
0
0
0
0.107023
0.03157
0.03544
0
0
0
0
0
0
0
0
0
0.000206667
0
0
0
0
0
0.02449
0.000483333
0.00716667
0.0136433
0.0259233
0.02473
0.0236067
0.01661
0.01481
0.00937333
0.00402333
0.000333333
0
0
0
0.00340333
0.00021
0
0
0
0
0
0
0.00152333
0
0.000436667
0
0
0.000326667
0.000753333
0.00397333
0.00679
0.01939
0.03898
0.02149
0.0213167
0.00653667
0.0375067
0.0748
0.05917
0.05799
0.0490533
0.0866633
0.0516933
0.0535433
0.05128
0.0126467
0.02706
0.0187267
0
0.0127967
0.00652667
0.00306667
0.000586667
0
0.00696667
0
0.00532
0.00124667
0
0
0
0.03545
0.00577
0.00537667
0
0
0
0
0.00627
0.00137667
0.00012
0.00278333
0.00012
0
0
0
0
0.01464
0.00926333
0.00137667
0.000483333
0
0
0.00106
0.000583333
0.0135433
0.00759333
0.02075
0.02521
0.00749667
0.0195267
0.00465333
0.00923
0.00645333
0.00759667
0.00739333
0.00445667
0.00334667
0.00167333
0.00155333
0
0
0
0
0.381377
0.00903333
0.000663333
0
0.000323333
0.000906667
0.00106333
0.00727333
0.01223
0.0242167
0.03118
0.03095
0.0226467
0.0129567
0.01155
0.0107667
0.01954
0.01731
0.0274933
0.0164667
0.0187833
0.00554333
0.00442667
0.000436667
0.00187
0.00143333
0.00143333
0.58719
0.000663333
0
0.000323333
0.00048
0.00791
0.02125
0.01955
0.0211767
0.00844667
0.00851
0.00918333
0.0209967
0.0303333
0.03906
0.03047
0.02122
0.0146
0.0110467
0.00849
0.00330333
0.003
0.00156667
0.000156667
0.000286667
0.0025
0.00234333
0.00605333
0.00460667
0.000766667
0.00528
0.00608
0.01932
0.01859
0.0210133
0.0152733
0.01811
0.0297333
0.0236667
0.02039
0.00491
0.00013
0
0
0.000216667
0.00178333
0.00554667
0.00911333
0.0150467
0.0187833
0.0321133
0.0402267
0
0
0.000283333
0.00054
0.00456667
0.00805
0.0247533
0.02792
0.0303467
0.0183533
0.0120767
0
0
0
0
0.000283333
0.000683333
0.00471
0.0134433
0.0300033
0.0516667
0.0488433
0.0512233
0.03055
0.0121267
0.00593333
0.000916667
0
0
0
0
0
0.0004
0.0008
0.00131
0.00992667
0.02694
0.05212
0.0587567
0.0606833
0.03956
0.0289233
0.00958333
0.00501667
0
0
0
0.00117667
0.00410333
0.00292667
0.00553333
0.00300667
0.00317333
0.00107667
0.000783333
0.01803
0.0196267
0.0351733
0.0214567
0.0239167
0.00848333
0.00478667
0
0
0.01656
0.01831
0.012
0.0236
0.00334333
0.00964333
0.000676667
0.00114
0.00221333
0.00051
0.00590667
0.00221
0.00413667
0.00402
0.00022
0.00044
0
0
0
0
0.01044
0.0234567
0.00022
0
0
0
0
0
0
0.00976333
0.00169
0
0
0
0
0
0
0
0
0.000966667
0.000643333
0.00021
0.000296667
0.493957
0.471947
0.18796
0.379473
0.0450967
0.08633
0.0404033
0.03492
0.0689867
0.06006
0.0835
0.0723533
0.174187
0.00511333
0.00493333
0.433213
0.0248967
0.0249433
0.342503
0.245127
0.01968
0.03316
0.129507
0.0618233
0.01606
0.00530333
0.0220967
0.204603
0.00488333
0.00577333
0.00125667
0.000176667
0.02909
0.06598
0.0161167
0.0072
0.000176667
0
0.00189333
0.0408133
0
0
0.0528833
0.0675433
0
0
0.0641367
0.0511467
0
0
0
0
0
0
0.00369333
0.00555667
0.0269167
0.0181867
0
0
0.00408333
0
0
0
0
0
0.00914
0.000396667
0.00114
0
0.000123333
0
0
0
0
0
0.00018
0.00018
0.00315333
0.00432667
0.01567
0.01702
0.01975
0
0
0
0
0.00219
0.00539333
0
0
0
0
0
0
0
0
0
0
0
0
0
0
0
0
0.04052
0.0221067
0
0.00654333
0.0331733
0.0402967
0.0299133
0.0209
0.00915333
0.00555667
0.00150667
0.000646667
0
0.00026
0
0
0
0
0
0.0736667
0.0947867
0.00312
0.000116667
0.000116667
0
0
0
0
0
0
0
0.00106
0.00053
0
0
0
0
0.0551267
0.0836067
0.01676
0.0132667
0.09039
0.000863333
0
0
0.000116667
0
0
0
0
0
0
0
0
0
0
0
0
0
0.000176667
0.00804667
0.0173467
0.0284833
0.03143
0.339127
0.02761
0.0539167
0.153593
0.39797
0.46063
0.27744
0.19175
0.07256
0.0844467
0.184083
0.17945
0.0421367
0.0146267
0.00228333
0
0
0
0
0
0
0
0
0.00018
0.00036
0.00117667
0.0014
0.00173333
0.000916667
0.00238
0.00363667
0.00922333
0.0335633
0.0606467
0.0163733
0.0152667
0.000286667
0.000573333
0.000286667
0.00027
0.00054
0.000626667
0.00409333
0.0160067
0.03663
0.0281033
0
0.107227
0.104213
0.0283867
0.0374833
0.0253
0.0134533
0.000683333
0.000266667
0.000266667
0
0
0
0
0
0
0
0
0
0
0
0.0415533
0.0921267
0
0
0
0
0
0
0
0
0
0
0
0.000206667
0.00382667
0.000413333
0
0
0
0.0221933
0.00542667
0.01207
0.0103033
0.01546
0.0246033
0.0261
0.0262967
0.01743
0.01187
0.0039
0.00411
0.00042
0
0
0
0.00383333
0.00383333
0.00353667
0.00340333
0.00021
0
0
0
0
0
0
0
0.00572333
0.000273333
0.00071
0
0
0
0.000326667
0.00608
0.01878
0.0276667
0.0629233
0.0457667
0.0563233
0
0
0.00444
0.0897133
0.09343
0.0802733
0.0919967
0
0
0.00514
0.0007
0.0579167
0.0985767
0.0715633
0
0
0.04823
0
0
0.0272
0
0
0
0.01986
0.0338233
0
0
0.00034
0.00566
0.0169733
0.0151
0
0.0003
0.00849667
0.0149167
0.0173267
0.10005
0
0.232937
0.0550567
0.33257
0.0236133
0
0
0.0134133
0
0.440797
0.141057
0.211723
0.04091
0.0285067
0.0758467
0.0399
0.153867
0.06416
0.00082
0.0052
0.000133333
0.000156667
0
0
0
0.00334333
0.00347667
0
0
0
0
0.00013
0
0.00013
0.0321367
0.0459067
0.0200933
0.00691333
0.00357
0
0
0
0
0
0
0
0
0.000473333
0.000256667
0.00764333
0.00413667
0.01896
0.0151233
0.0394067
0.02999
0.0472267
0.0456133
0.03207
0.02032
0.00730667
0.00373667
0.000166667
0
0.00055
0.000806667
0.0075
0.0106133
0.02399
0.0249933
0.0369467
0.0381067
0.04463
0.0443333
0.0355467
0.0248967
0.00991333
0.00407333
0.000503333
0.000166667
0
0
0
0
0
0.00055
0.001
0.00769333
0.00944667
0.02263
0.0217133
0.0350267
0.02834
0.0367833
0.0243267
0.0233867
0.00951
0.00668667
0.00068
0.000336667
0
0
0
0
0
0.000153333
0.000603333
0.00127
0.00342
0.00874667
0.01339
0.01967
0.0262333
0.0224467
0.0206933
0.00869667
0.00591333
0.00072
0.000376667
0
0
0
0.00110333
0.00768
0.0143433
0.0260167
0.0316267
0.0369633
0.0298167
0.0210333
0.00912667
0.00393333
0.000376667
0.00021
0
0.000256667
0.000256667
0.00126
0.00152667
0.00869
0.000573333
0.00021
0.00021
0.000276667
0.000533333
0.00419333
0.00492
0.01045
0.0139533
0.01533
0.0271367
0.0317133
0.0265067
0
0
0.00055
0.000826667
0.00459
0.0077
0.0198633
0.0218867
0.03179
0.0265133
0.0274333
0.02668
0.02025
0.0155
0.00307
0
0
0
0.00055
0.00113333
0.00489667
0.0167867
0.0286433
0.0384433
0.0395667
0.0337867
0.02693
0.00111333
0.00038
0
0
0
0
0.00084
0.000256667
0.01679
0.00460667
0.0331967
0.0234
0.02519
0.0257233
0.0138433
0.0121033
0.0076
0.00785667
0.00115
0
0
0
0.00636
0.000893333
0.00139333
0.000416667
0.000416667
0
0
0
0
0
0
0
0
0
0
0
0.00117667
0.00117667
0
0
0.00235333
0.00117667
0
0.00119
0.00236667
0
0.00119
0
0
0
0
0
0.000323333
8.66667e-05
0.00768333
0.0062
0.0221733
0.0122567
0.27169
0.310187
0.208907
0.179153
0.0771367
0.04471
0.0210633
0.0269333
0.0380467
0.0604433
0.109777
0.129467
0.220153
0.32539
0.02616
0.0134733
0.125467
0.14375
0.168583
0.11706
0.118887
0.0649667
0.05297
0.01696
0.01748
0.0200533
0.03475
0.09014
0.101747
0.231303
0.01801
0.02511
0.0116
0.01984
0.0555267
0.0598833
0.0929933
0.0718033
0.0710367
0.0401767
0.03228
0.0118967
0.00857333
0.00164
0.0126
0.0389033
0.00513
0.00609667
0.00605667
0.00322333
0.00837667
0.02935
0.03513
0.0444733
0.0250833
0.0215533
0.00606667
0.00430667
9e-05
0.000746667
0.000746667
0.0279433
0.0158733
0.0289267
0.00759333
0.000766667
0.00479333
0.0104367
0.0228967
0.0262033
0.0213133
0.01581
0.0102367
0.00249
0.00185
9e-05
9e-05
0
0
0.0368433
0.0396133
0.0422933
0.0357433
0
0.00059
0.00134
0.00536667
0.01869
0.0305767
0.03885
0.03227
0.0232667
0.0116967
0.00467667
0.00104333
0.000313333
0
0
0
0.04844
0.03258
0.0944233
0
0
0.00075
0.00615333
0.0200667
0.02767
0.0345667
0.0227967
0.0180767
0.00577667
0.00394667
0.000313333
0
0
0.0661133
0.06
0.0640167
0.10036
0
0
0.000313333
0.00536
0.01045
0.02269
0.0259967
0.0326633
0.0225667
0.0145667
0.00249667
0.000353333
0
0
0
0
0.00194667
0.00564
0.0190933
0.0297767
0.0534733
0.0458967
0.0667567
0.0582067
0
0
0
0
0.000313333
0.00418667
0.00923333
0.0209167
0.0292833
0.0363067
0.03638
0.0246033
0.0128867
0.000816667
0.000353333
0.00484
0.000756667
0
0
0
0
0
0
0.0351833
0.0296467
0.0142333
0
0
0
0
0
0.0003
0.00417333
0.00476667
0.0164633
0.0141467
0.0256233
0.01409
0.00202
0.000463333
0
0
0.00018
0.00335333
0.00632667
0.0118667
0.0200367
0.0296567
0.02802
0.0174333
0.00222
0.00805667
0.00206667
0
0
0
0
0
0
0.0003
0.000593333
0.00118667
0.00118
0.00244333
0.00185
0.00155667
0.000676667
0
0
0
0
0
0
0
0
0
0
0
0
0
0
0
0
0
0
0.0196267
0.00279
0.000723333
0
0
0
0
0
0
0
0
0.000293333
0.000293333
0.000586667
0.000293333
0.000293333
0
0.00053
0.00601333
0.00663
0.0213233
0.0213433
0.0328033
0.0219367
0.0204167
0.01266
0.00969333
0.00929
0.0047
0.000936667
0.00451667
0
0
0.05422
0.0185933
0.00175667
0.000723333
0
0
0
0
0
0
0
0
0
0
9e-05
9e-05
0.00137667
0.00128667
0
0
0
0
0
0
0
0
0
0.00053
0
0
0
0
0.05766
0.0493933
0.0163233
0.00431333
0.00103333
0
0
0
0
0
0
0
0
0.000133333
0.000133333
0.00238667
0.00234333
0.00767
0.00670333
0.0438333
0.00524333
0.00438
0
0
0
0
0
0.000426667
0
0.000426667
0.00896667
0.0100033
0.00103667
0.00103667
0.000176667
0.00800333
0.0173033
0.0329267
0.0291367
0.0380733
0.0199633
0.0282633
0.00400667
0.00699
0.000296667
0.000296667
0
0
0
0
0.000236667
0
0.00369667
0.00037
0.0178567
0.00571333
0.0296733
0.0198567
0.0304067
0.000806667
0.0002
0.00957333
0.000606667
0.0292933
0.0132433
0.02355
0.398977
0.11698
0.590927
0.766913
0.13092
0.19573
0.65691
0.0990767
0.0970833
0.00455333
0.0104
0.00446
0.00750333
0.00376667
0.00503
0.00325333
0.00209667
0.0062
0.0329
0.0259367
0.0131433
0.0008
0
0
0
0
0
0.000136667
0.000136667
0.00055
0.000136667
0.000413333
0.00707667
0.00684333
0.00768333
0.0108933
0.0395167
0.05386
0.0460133
0.0189633
0.02873
0.00255667
0.00616
0.00012
0.00024
0
0
0
0
0.000296667
0
0.00417667
0.00046
0.01885
0.00627
0.0295467
0.0201933
0.0257467
0.0193267
0.0163433
0
0
0.00027
0.00027
0.000356667
8.66667e-05
0.01227
0.0121833
0.0158567
0.0244467
0
0
0
0
0
0
0.06497
0.0384333
0.0175567
0.00475333
0.00255667
0.00024
0.00012
0
0
0
0
0
0.000296667
0.00410333
0.00782
0.0209333
0.02987
0.0378967
0.03623
0.03784
0.0375767
0.0158567
0
0
0
0.000466667
0.000466667
0.00079
0.000323333
0.000323333
0
0
0
0
0.0271033
0.00391
0.00243667
0.00012
0.00012
0
0
0
0
0
0
0
0.00380667
0.00417667
0.0175867
0.0177733
0.0291467
0.02427
0.03463
0
0
0
0
0
0
0
0
0
0
0.000206667
0.000206667
0.00362
0.00885667
0.00349333
0.00788333
0
0
0
0
0
0
0.00159333
0
0
0
0
0
0
0
0
0
0
0.000236667
0.000606667
0.00074
0.00449667
0.01266
0.0159833
0.01062
0.00021
0.00021
0.00021
0
0.0186967
0.00280667
0.00267
0.000273333
0
0
0
0
0
0
0
0
0
0
0
0.000236667
0.000523333
0.000656667
0.00042
0
0
0
0
0
0
0
0
0.0498867
0.02546
0.0364733
0.00782
0
0
0
0
0
0
0
0
0.000293333
0.000293333
0.00177667
0.00148333
0.00498333
0.00378667
0.00443667
0.000936667
0.00065
0.000326667
0.00065
0.00318333
0.02013
0.0319133
0.0345367
0.0474467
0.0569267
0.0881333
0.0699533
0.05902
0
0
0
0
0
0.00145667
0.00145667
0.00645
0.00528667
0.01063
0.00712
0.01872
0.0168767
0.0198333
0.00859
0.00509
0.0686867
0.0991267
0
0
0.000293333
0.000293333
0.00498667
0.00615
0.01804
0.01834
0.0311533
0.0246067
0.03023
0.0278533
0.0347533
0.0285767
0.0173833
0.0473267
0
0
0
0.000293333
0.00412
0.00881333
0.0155833
0.0236467
0.0311367
0.0383433
0.0317367
0.03017
0.0174467
0.0244067
0.01449
0.00224667
0.0131133
0.00545333
0.0209733
0
0
0
0.00145667
0.00528333
0.0105633
0.01617
0.0176233
0.0245267
0.01921
0.0192133
0.00732
0.00712
0.00183667
0.00154667
0.00154667
0.0259767
0.000726667
0.000586667
0.00031
0.00031
0.00385667
0.00500333
0.0168933
0.0186267
0.0311333
0.0245233
0.0201267
0.00791
0.00263
0.00203667
0.00029
0.00029
0
0.03404
0
0.00031
0.00062
0.00122333
0.00446
0.01782
0.0291067
0.0389333
0.0392267
0.03448
0.02199
0.00921667
0.00207333
0.00119
0
0.00034
0.00844
0.02195
0
0
0.00061
0.00165333
0.00195667
0.00577
0.0183967
0.02729
0.03654
0.0379367
0.0355833
0.0326667
0.01879
0.0154767
0.00502
0.00417
0.00949
0.01797
0.0129367
0
0
0.0336833
0.02011
0.0219433
0.0073
0.0107633
0.0181267
0.0326567
0.0432167
0.0578733
0.0496767
0.0467167
0.0263933
0.0805367
0.07375
0
0.28565
0.123827
0.191337
0.103027
0.09873
0.02111
0.0215533
0.0257367
0.03168
0.0532567
0.04979
0.0514467
0.0918933
0.0311867
0.514577
0.416113
0.179943
0.402597
0.0195267
0.0257
0
0.00673333
0
0
0.000156667
0
0
0
0
0
0
0
0
0
0
0
0
0
0
0
0
0
0
0
0
0.000153333
0
0.000436667
0
0
0
0
0
0.00103667
0.00132
0.00723667
0.00154333
0.0315033
0.0193867
0.0369167
0.0370667
0.0192833
0.02802
0.00408
0.00752333
0.000523333
0
0
0
0
0
0
0.0127833
0.0248533
0.01574
0.0190567
0.00701333
0.00421667
0.000773333
0.000523333
0
0
0
0
0
0
0
0
0.00218667
0.00127667
0.00367
0.00379333
0.000473333
0.00025
0
0
0
0
0
0
0
0
0
0
0.00105333
0.000126667
0.00035
0.000223333
0.000223333
0
0
0
0
0
0
0
0
0
0
0
0
0
0
0
0
0.000193333
0.00176
0.00185
0.0037
0.00203
0.00515667
0.00350333
0.00385667
0.00112667
0.00093
0.00118
0.000693333
0.00102333
0.000193333
9e-05
9e-05
0.00018
9e-05
0.000286667
0.0012
0.00168667
0.0161833
0.0158733
0.0165533
0.00219
0.00149667
0.00548667
0.00281667
0.00277
0.000146667
0.000146667
0
0.000293333
0.00129667
0.00553333
0.0199333
0.00116667
0
0.01801
0.00812667
0.00545667
0.00277
0.000146667
0.000146667
0.000293333
0
0.00505333
0.000816667
0.03238
0.01821
0.03549
0.0232067
0.00851333
0
0.0183733
0.0157033
0.00304333
0.00340667
0.0211367
0.0325367
0.0323533
0.00734667
0.0190867
0
0.00608333
0.00058
0.0136967
0.00038
0.00233667
0.00038
0.00036
0.000216667
0.00271667
0.00038
0.00076
0.000286667
0.000143333
0.00038
0.000143333
0.000143333
0
0.00039
0
0
0.00039
0.00039
0
0
0
0
0
0
0
0
0
0.000323333
8.66667e-05
0.00353667
0.00156333
0.0197833
0.0233967
0.03405
0.00733
0.02252
0.000653333
0.00650667
0
0.000963333
0.000653333
0.0142633
0.00162
0
0.000763333
0
0.00107333
0.0276533
0.0181267
0.00154
0.00548333
0
0
0
0.01307
0
0.0138333
0.0169067
0.01475
0.00472667
0.00498667
0.000626667
0.000126667
0
0.000126667
0
0
0
0.01307
0.000366667
0.00021
0.00021
0
0
0
0
0
0
0
0
0.00517333
0.0103467
0.0182433
0.0347933
0.0548733
0.05669
0.0491767
0.02501
0.00338
0.00989667
0
0.000156667
0
0
0
0
0
0
0
0
0
0.000323333
0.00549667
0.01067
0.01552
0.0238833
0.03526
0
0
0
0
0
0
0.00451667
0.00194667
0.0160233
0.01797
0.0166567
0.0274833
0.0203933
0.0319267
0.02099
0
0
0
0
0
0.000323333
0.000646667
0.00459667
0.00944667
0.0227867
0.0323733
0.0330367
0.00317333
0.0035
0.00922
0.0111033
0.02337
0.02023
0.01593
0.00333667
0
0.000756667
0
0
0
0
0
0
0
0
0.000323333
0.000636667
0.00458667
0.00797333
0.0213233
0.02077
0.0228967
0.0110567
0.00108
0.000403333
0
0
0
0
0
0
0
0
0
0
0
0
0
0
0
0
0
0
0.000313333
0.00056
0.00427
0.00420333
0.00735333
0.00364333
0.00522
0.00182333
0.00182333
0
0.00114667
0.0018
0.00730333
0.01069
0.0138633
0.0199633
0.02028
0.0297
0.0216767
0.0175033
0.000246667
0.000246667
0.000246667
0.000493333
0
0.000246667
0
0
0
0
0
0
0
0
0
0
0
0
0
0
0
0
0
0
0
0
0
0
0
0
0
0
0.00514333
0
0
0
0
0.00231
0.000363333
0.00652
0.00194667
0.00479
0.00457333
0.000216667
0.000216667
0
0
0.0168767
0.0547033
0
0
0
0
0.000426667
0.000626667
0.02687
0.0264367
0.0145067
0.0104367
0.0253533
0.0129333
0.0382433
0.0333367
0.03141
0.0387967
0.00987333
0.0223867
0.000756667
0.00446667
0
0.000296667
0
0
0
0
0.000656667
0.000236667
0.00947667
0.00398333
0.0300767
0.0213333
0.02702
0.0364167
0.00709333
0.0191633
0.00691667
0.245933
0.14688
0.00919667
0.00347
0.00940333
0.01495
0.01817
0.05194
0.0597767
0.314347
0.44833
0.0300067
0.0254567
0.07904
0.05537
0.0231467
0.47714
0.01249
0.02519
0.0209267
0.0305167
0.0173933
0.0499033
0.0405833
0.02978
0.0206533
0.258943
0.120147
0.14024
0.0128
0.0452367
0
0
0
0.000136667
0
0.000996667
0.000583333
0.00752333
0.00206
0.000903333
0.00666333
0.00226
0.0200433
0.00931667
0.0173333
0.0164933
0.00384333
0.00525
0.00012
0.00012
0
0
0
0
0
0
0.000163333
0
0.00271667
0.000326667
0.00984
0.00494333
0.0105467
0.0104133
0.00451
0.00682333
0.01085
0.00972333
0.0002
0.0002
0
0
0.000583333
0.000583333
0
0
0
0
0
0
0
0
0
0
0
0
0
0
0
0.00359333
0.00389333
0
0
0
0
0
0
0
0
0
0
0.00389333
0.0003
0
0.000933333
0.00434333
0.0042
0.00918
0.00772
0.00577
0
0
0
0.000136667
0
0.000136667
0.000136667
0
0
0
0
0
0.00227333
0
0
0
0
0
0
0
0
0
0
8e-05
8e-05
0.00252
0.00272667
0.00272667
0.000286667
0.00191
0
0.00191
0.00592667
0
0.00592667
0.00606333
0
0
0
0
0
0
0
0
0
0
0
0
0
0
0.000146667
0
0.000146667
0.00607333
0.02209
0
0.000646667
0.000323333
0.0219267
0.00497667
0.0248933
0.0373067
0.03544
0.01547
0.02519
0.00589667
0.0110533
0
0
0
0
0
0
0.000146667
0.000623333
0.01781
0.02326
0.03906
0.0379
0.0319
0.0274967
0.00591
0.00110333
0.00035
0.00035
0.000206667
0.000103333
0.000103333
0
0
0
0
0.00414
0.00461667
0.00875667
0.0218033
0.05742
0.0692267
0.0392567
0.01939
0.00282333
0.00207
0.00035
0
0.00332
0.00321667
0
0
0
0
0.000323333
0.00446333
0.00860333
0.01242
0.03522
0.0671733
0.02059
0.00397333
0.00202
0.00019
0.00049
0.000193333
0.000193333
0
0
0.000323333
0.00059
0.00473
0.00913333
0.0358067
0.00618333
0.00787333
0.00413333
0
0
0.000266667
0.000406667
0.00513333
0.0116733
0.0228467
0.00014
0
0.00981333
0.0242867
0
0
0.0262333
0.0184
0
0
0.00423
0.01718
0
0.00235333
0.000156667
0
0
0
0
0
0
0
0
0
0.00263
0
0
0.0159
0
0
0.0216033
0.00926
0
0
0.00822333
0.000926667
0
0
0
0
0
0
0
0
0
0
0
0
0
0
0
0
0
0
0
0
0
0
0
0
0
0
0
0.000106667
0.000106667
0.000106667
0
0
0
0
0
0
0
0.000196667
0.000196667
0.000723333
0.000526667
0.000633333
0.000213333
0.00233333
0.00222667
0.00212
0
0
0
0
0.000233333
0.00043
0.00418333
0.00447667
0.00967667
0.00603
0.00762333
0.00434667
0.00437
0.00225
0.00013
0
0.00027
0.000503333
0.00744
0.0109233
0.0277767
0.0262367
0.0482
0.0332333
0.0333767
0.00779
0.00643
0.00089
0.000586667
0.000423333
0.000356667
9.66667e-05
9.66667e-05
0
0
0
0
0.00355667
0.00381667
0.00557
0.00227333
0.00211333
0.000196667
0.0001
0
0
0
0
0
0.00706333
0.00982667
0.0219867
0.01747
0.02628
0.01422
0.01587
0.00366667
0.00384667
0.00028
0.00028
0
0
0
0
0.00706333
0.0185933
0.0307533
0.0362067
0.03625
0.03045
0.02213
0.0104533
0.00437333
0.000806667
0.00028
0
0
0
0.01392
0.00176
0.0258967
0.01577
0.0214633
0.0169533
0.00733
0.01002
0.000526667
0.00097
0
0
0
0
0
0
0.00033
0
0.00033
0
0.00033
0
0
0.0146067
0.0289033
0
0
0.03887
0.0296667
0
0
0.0298833
0.0199033
0
0.00824667
0
0
0
0
0
0
0.00316
0
0.00340667
0
0
0
0
0
0
0
0
0
0
0
0
0
0
0
0
0
0
0.00321333
0
0
0
0
0
0.00147667
0
0.00497
0.000163333
0
0.000163333
0
0
0
0.00147667
0.0100467
0.00332333
0.00186
0.000103333
0
0
0
0
0.000106667
0
0.00212667
0.000106667
0.00563667
0.00211667
0.01056
0.00713667
0.0039
0.00742
0
0.00038
0
0
0
0
0
0
0.00147667
0.01011
0.00829
0.00146333
0.00156667
0.000103333
0.000103333
0
0
0
0
0.000286667
0.000393333
0.00404333
0.00577667
0.0178233
0.0176933
0.0292
0.0205667
0.0175
0.00397333
0.000453333
0
0
0
0
0
0
0
0.00378
0
0
0
0
0
0
0
0
0.000286667
0.00088
0.00453
0.0179067
0.0294667
0.0381667
0.03803
0.02633
0.0144333
0.000906667
0.000453333
0
0
0
0.000913333
0.000416667
0
0
0
0
0
0
0
0
0
0
0
0.000593333
0.00123
0.0148933
0.0179667
0.02968
0.0161567
0.0129433
0.000593333
0.00014
0
0
0
0.000833333
0.000416667
0
0
0
0
0
0
0
0
0
0
0
0
0.00033
0.000966667
0.00463333
0.00412333
0.00393333
0.000266667
0.00014
0.000416667
0
0
0
0
0
0
0
0
0
0
0
0
0.00033
0.00033
0.000456667
0
0
0
0
0
0
0
0
0
0
0
0
0
0
0
0
0
0
0
0
0
0
0
0
0
0.00572
0.00322333
0
0
0
0
0
0
0
0
0
0
0
0
0
0
0
0
0
0
0
0
0
0
0
0
0
0.00257
0.00257
0
0.00257
0.00262667
0.00281333
0.00531
0.00268333
0.00249667
0
0
0
0
0
0
0
0
0
0
0
0
0
0
0
0
0
0
0
0.00011
0.00011
0.00011
0.000403333
0
0
0
0
0
0
0
0
0
0
0
0
0
0
0
0
0.000326667
0.000326667
0.00515667
0.00538333
0.00268
0.00773667
0
0.00258
0
0
0
0
0
0
0
0.000186667
0.000186667
0
0.000186667
0
0
0
0
0
0
0
0
0
0
0
0
0
0
0
9.33333e-05
9.33333e-05
0.00194667
0.00185333
0.00447
0.00272667
0.00295667
0.00034
0.00023
0
0
0.000653333
0.00103333
0.00556667
0.0103
0.0215233
0.02827
0.03613
0.0279333
0.01733
0.00381
0.00448667
0.00319
0.000216667
0.0166333
0.00492
0.0198467
0.0162767
0.00606667
0.00827
0.000643333
0.000413333
0
0
0
0
0
0
0
0
0
0.000293333
0.000706667
0
0
0
0
0
0
0
0
0
0
0
0
0
0
0
0
0
0
0
0
0
0
0
0
0
0
0
9e-05
9e-05
0.000453333
0.000763333
0
0
0
0
0.000176667
0
0.00344
0.000266667
0.01749
0.00362667
0.0162633
0.0278567
0.0184767
0.0295633
0.0178233
0.0137167
0.000683333
0.000466667
0.0389633
0.0343733
0.02635
0.0261833
0.02676
0.0286667
0.0321667
0.02257
0.02126
0.00869
0.00632667
0.000623333
0.00046
0
0
0
0
0
0
0
0.00042
0.00334333
0.00907333
0.0135833
0.02273
0.0193567
0.0173067
0.00523667
0.127987
0.0321933
0.0260333
0.00633667
0.00587667
0.000303333
0.0457733
0.0622667
0.04434
0.03751
0.0307967
0.0187433
0.00596
0.000716667
0.00025
0
0.000526667
0.000526667
0.000953333
0.00379667
0.0903033
0.0690567
0.00288
0.235997
0.14869
0.02947
0.00618333
0.01008
0.0736767
0.06665
0.0465533
0.0407367
0.0230933
0.0199833
0.00757
0.0056
0.000356667
0.00025
0
0.000526667
0.00875
0.02137
0.0221433
0.109937
0.0641167
0.0641333
0.0358967
0.0356733
0.02738
0.0525933
0.02021
0.0268867
0.01077
0.00241667
0.00232667
0.000106667
0.000106667
0
0
0.000446667
0.000973333
0.00635333
0.0769467
0.0415533
0.05166
0.0139633
0.000386667
0.000176667
0.0162
0.0044
0.00470667
0.0002
0.000506667
0
0
0
0
0.00083
0.00083
0.002
0.00224667
0.00795
0.00936667
0.00904333
0.00167667
0.00187333
0.000196667
0.000196667
0.00382667
0.00371
0.00479667
0.00427
0.00524
0.00235667
0.00152667
0
0
0
0
0
0
0
0
0
0
0
0.000163333
0.000263333
0.00265333
0.00249
0.00535333
0.00296333
0.00317333
0.00021
0.00042
0
0
0
0
0
0
0.00611
0.00012
0.000813333
0
0.00012
0
0
0
0
0
0
0
0
0
0.000583333
0
0
0.0003
0.0003
0.0003
0.0001
0.0299267
0.0188633
0.0313633
0.00191
0.00732667
0
0
0
0
0
0
0
0.0001
0.000566667
0.00383
0.00714
0.02161
0.0237933
0.0286967
0.0160333
0.0105867
0
0
0
0
0
0.00408667
0.00155333
0.00855667
0.00806667
0.01756
0.01549
0.0153567
0.00382
0.00191
0.00227333
0
0
0
0
0
0
0
0
0
0
0
0
0
0
0
0.000286667
0.000286667
0.000286667
0
0
0
0
0
0
0
0
0
0
0
0
0
9.66667e-05
9.66667e-05
9.66667e-05
0
0
0
0
0
0
0
0
0
0
0
0
0
0
0
0
0
0
0
0
0.00253333
0.00457667
0.00204333
0.00395333
0
0.000323333
0.00465333
0.000323333
0.00774667
0.00445667
0.0181667
0.00341667
0.02013
0.0149733
0.00599333
0.000836667
0.00074
0
0
0
0
0
0
0
0
0
0
0
0
0
0
0
0
0
0
0
0
0
0.00074
0
0
0
0
0
0
0
0
0
0
0
0
0
0
0
0
0
0
0
0
0
0
0
0
0
0
0.00143333
0.00143333
0.00143333
0
0.000103333
0.000103333
0
0
0
0
0
0
0
0
0.00143333
0.00286667
0.0043
0.00286667
0.00439667
0.00306667
0.00618
0.00019
0
0
0
0
0
0
0
0.00340667
0.00484
0.00824667
0.00627333
0.0178367
0.0173933
0.0192467
0.00936333
0.00968667
0.0064
0.00348
0.00383333
0.00019
0
0
0
0
0
0
0.000273333
0.00368
0.00423
0.00736333
0.0174333
0.02988
0.03809
0.0279
0.01804
0.00971
0.00661667
0.00367333
0.000386667
0.000193333
0
0.00774333
0
0
0
0
0
0
0.000273333
0.000273333
0.000823333
0.00424667
0.0177233
0.0217967
0.0297167
0.0177167
0.01623
0.00461333
0.00333
0.000193333
0.000193333
0
0
0
0
0
0.00444333
0.000343333
0
0
0
0
0
0
0
0
0
0.000273333
0.00397
0.00424333
0.00859333
0.00499333
0.00619667
0.00179667
0.0017
0.000223333
0
0
0
0
0
0
0
0
0.000443333
0.0001
0
0
0
0
0
0
0
0
0.000273333
0.00038
0.000653333
0.00239
0.00238
0.00546667
0.00368
0.00710667
0.00374667
0.00352333
0
0
0
0
0
0
0
0.01031
0.0001
0
0
0
0
0
0
0.00039
0
0.00571
0.000496667
0.0195233
0.00733
0.0290633
0.01767
0.0176
0.0202867
0.00419667
0.000673333
0
0
0
0
0
0
0.0133833
0.00396667
0.00055
0.00045
0
0.00054
0.00121333
0
0
0
0
0
0.0059
0.00248333
0.00045
0
0
0
0.00203333
0
0
0
0
0
0
0
0
0
0
0
0
0
0
0
0
0
0.00011
0.00011
0.00580667
0.00170333
0.0189667
0.02687
0.0136
0
0
0
0
0
0
0
0
0
0
0
0
0
0
0
0
0.00076
0
0
0.00027
0
0.00761
0.000673333
0.0400267
0.0233433
0.0684967
0.0587833
0.0498867
0.07004
0.01339
0.03126
0.00822667
0.00113667
0.00048
0.000103333
0
0.000133333
0.000536667
0.01654
0.0183867
0.0439467
0.0333133
0.0496933
0.0281167
0.0298367
0.0178567
0.0141167
0.0116433
0.00509667
0.00518667
0.000133333
0.000133333
0.00238333
0.00235667
0.00772667
0.00612
0.01013
0.01141
0.0174167
0.0254667
0.0234333
0.0304367
0.0187367
0.0144833
0
0
0.000106667
0.000533333
0.00117667
0.00772
0.0192433
0.0309833
0.0379867
0.0394733
0.03114
0.01785
0.00419667
0.000426667
0.000426667
0.0125933
0.0140533
0.0277067
0.0193733
0.02132
0.00766667
0.00383333
0.00890333
0.0208133
0.0166433
0.0256167
0.0106767
0.0160033
0.00955667
0.00473333
0.00490333
0.00034
0.00017
0
0.00153333
0.00153333
0.00153333
0.00423
0.00658667
0.00017
0.00017
0.00017
0
0
0
0
0
0
0.00389
0
0
0
0
0
0
0
0
0
0
0
0
0
0.000163333
0.000163333
0
0.000163333
0
0
0
0
0
0
0
0
0
0.000326667
0.000163333
0
0
0
0
0
0
0
0.00063
0.00095
0
0
0.00032
0.00095
0
0
0
0
0
0
0.00034
0.000193333
0
0.0120833
0
0
0.00292667
0.000543333
0.00088
0.00084
0.00371333
0
0.00969
0
0
0.00111667
0.0074
0
0
0.00106667
0
0
0.00034
0
0.000546667
0
0
0
0
0
0.00448667
8e-05
0.000626667
0
0
0
0
0.0179133
0.00386
0.0165267
8e-05
0.00394
8e-05
0
0
0
0
0
0.000333333
0
0.00235
0.000333333
0.00718333
0.00211667
0.00891333
0.00548
0.00466
0.00466
0.00587333
0.00637333
0.000313333
0.00556
0
0
0
0
0
0.000333333
0.000666667
0.00588333
0.00756667
0.0193967
0.0192467
0.0238633
0.0152333
0.0107567
0.00443667
0.000903333
0.000626667
0.000313333
0
0
0
0
0
0
0
0
0
0
0.000243333
0.000576667
0.00109333
0.00606667
0.01928
0.0309267
0.0383267
0.0314133
0.0248333
0.0128067
0.00617333
0
0
0
0
0
0
0
0
0
0
0.000243333
0.000516667
0.00103333
0.00445667
0.01773
0.01956
0.02851
0.0205467
0.00809333
0.00574667
0.000163333
0
0
0
0
0
0
9.66667e-05
0.00037
0.00389
0.00746
0.00756667
0.00639333
0.00272667
0.00251
0
0
0
0
0
0
0
0
0
0.0197833
0.01621
0.0165
0.00548667
0.00367333
0.000266667
0
0
0
0
0
0
0
0
0
0
0
0
0
0
0
0
0
0
0.0001
0.0001
0
0.0001
0
0
0
0
0
0
0
0
0
0
0
0
0
0
0
0
0
0
0
0
0
0
0
0
0
0
0
0
0
0
0
0
0
0
0
0
0.000123333
0
0
0.00066
0.00038
0.00878333
0.00604667
0.00048
0
0.00096
0.00048
0.00048
0.00048
0
0
0
0
0
0
0
0
0
0
0
0
0
0
0.000123333
0.00313333
0.00610667
0.01855
0.0273467
0.03636
0.0292167
0.0205933
0.00902
0.00389
0
0
0
0
0
0
9e-05
0
0.00553333
0.0031
0.0251333
0.01801
0.0297567
0.0346867
0.0228067
0.0110867
0.00374333
0.00073
0.000463333
0.00017
0
0
0
0
0.0227267
0.0266533
0.000606667
0.00414667
0.00034
0.00017
0
0
0
0
0
0
0
0
0
0.0355967
0.0351033
0.0337133
0.0261767
0.0205533
0.01181
0.0103267
0.00331333
0.00298667
0.000163333
0.000163333
0
0
0
0
0
0
0
0
0
0.00292333
0.00307667
0.00800667
0.00520333
0.00740667
0.00247667
0.00235667
0.000303333
0
0
0
0
0
0
0.00425
0.00017
0.00054
0
0
0
0
0
0
0
0
0
0
0.000526667
0.000703333
0.01991
0.0225567
0.0363333
0.06161
0
0.000176667
0.00061
0
0
0
0
0
0.00053
0.00037
0
0
0
0
0
0
0
0
0
0
0.00035
0.000876667
0.00597667
0.0248333
0.0745467
0.0309933
0.0318633
0.000306667
0
0
0
0
0
0.00627
0.000223333
0.000383333
0
0
0
0
0
0
0
0
0
0.00035
0.00118
0.00628
0.00734667
0.0257233
0.0475133
0.0221067
0.02053
0
0
0
0
0
0
0.0242267
0.0135133
0.0248367
0.00368667
0.00888
0.000916667
0.000813333
0.00012
0
0
0
0
0
0.0154233
0.0144567
0.0011
0.00027
0.00027
0
0
0
0
0
0
0
0
0
0
0.0001
0.0001
0.0001
0
0
0
0
0.000276667
0.000276667
0
0
0
0
0
0
0
0
0
0.00114333
0.000816667
0.0140967
0.00642
0.0186267
0.02776
0.0220367
0.0225967
0.00888
0
0
0.0001
0.00361
0.000346667
0.0241
0.00941
0.000203333
0.000203333
0.000406667
0.000143333
0.000346667
0
0.000143333
0
0
0
0
0
0
0
0
0
0
0
0
0
0
0
0
0
0.000326667
0.00188
0.0103733
0.0140267
0.0268833
0.0234867
0.00855
0
0.000236667
0
0
0
0
0
0
0
0
0
0
0
0
0.00012
0.00012
0
0.00012
0
0.000136667
0.000136667
0
0.000136667
0
0
0
0
0
0
0
0
0
0
0
0
0
0
0
0
0
0
0
0
0
0
0
0
0
0
0
0
0
0
0
0
0
0
0
0
0
0
0
0
0
0
0
0.000126667
0.000126667
0.000126667
0
0
0
0
0
0.000283333
0.000673333
0.00122
0.00615
0.0192133
0.0309667
0.03803
0.03798
0.0308867
0.0192833
0.00642
0
0
0
0
0
0
0.000283333
0.000546667
0.00109333
0.00438
0.01757
0.0221067
0.0308133
0.0194033
0.0195267
0.00737667
0.00587333
0.000666667
0.00054
0
0
0
0
0
0
0
0
0
0
0.000263333
0.000506667
0.00407667
0.00415667
0.00899667
0.00552667
0.00722667
0.00214333
0.00217
0.000126667
0.000126667
0
0
0
0
0
0
0
0
0
0.000243333
0.000243333
0.000586667
0.000343333
0.000443333
0.0001
0.0001
0
0
0
0
0
0
0
0
0
0
0
0
0
0
0
0
0
0.000106667
0
0.000403333
0.000106667
0.000296667
0.000296667
0
0
0
0
0
0
0
0
0
0
0
0
0
0
0
0
0
0
0
0
0
0
0
0
0
0
0
0
0.000383333
0
0
0.00448667
0
0.02309
0
0
0.02529
0.00845667
0.00215333
0
0
0
0
0
0
0
0.000103333
0
0
0.00057
0.000466667
0
0
0.00083
0.000363333
0
0
0
0.000363333
0
0
0
0
0
0
0
0
0
0
0
0.00188667
0
0.00582667
0.00199333
0.00414
0.00424667
0.000306667
0
0
0
0
0
0
0
0.000106667
0.000106667
0.000413333
0.000306667
0.000306667
0
0
0
0
0
0
0
0
0.000246667
0.000246667
0.00356
0.00331333
0.00343
0.000116667
0.000116667
0
0.000133333
0.000133333
0.00378
0.00389333
0.00720667
0.01913
0.0156
0.0144467
0.00227667
0.00216
0.00703333
0.0197167
0.0286333
0.0372767
0.02662
0.0152533
0.00296333
0.32457
0.31581
0.218267
0.225873
0.183313
0.200663
0.156303
0.293723
0.196893
0.210827
0.166327
0.182527
0.12704
0.12022
0.0729633
0.0916967
0.0775067
0.113117
0.103613
0.0643367
0.07629
0.0690633
0.0416633
0.03817
0.06724
0.0301333
0.0759733
0.00808333
0.0168167
0.0126467
0.0201933
0.0447167
0.0260433
0.0354633
0
0.0177633
0.01698
0.0179533
0
0
0.00677667
0.00288667
0
0
0
0
0
0
0
0.00032
0.00032
0
0.000146667
0
0
0.000566667
0.01231
0
0.01613
0.0302
0
0.0274133
0.0195067
0
0.01545
0
0
0.00371
0.00284333
0
0
0.000316667
0.000736667
0
0
0.000933333
0
0
0
0
0
0.00935333
0.00671667
0
0
0
0
0
0
0
0
0.0220567
0.0215567
0.0253467
0.01297
0.0111667
0.00422
0.00436
0.00024
0.00024
0
0
0
0
0
0
0
0
0
0
0
0.0109833
0.0230133
0.02912
0.0319533
0.0244867
0.0160767
0.00951
0.00446
0.00048
0.00024
0.000123333
0.000123333
0.000556667
0.000433333
0.000433333
0
0
0
0
0.00504
0.0213567
0.01931
0.0196067
0.00731333
0.00562667
0.000473333
0.000376667
0.01277
0.0127567
0.02539
0.01319
0.0137467
0.00111333
0.00068
0
0
0
0.00431333
0.00397333
0.00437
0.00936333
0.00548667
0.00701667
0.00202333
0.00202333
0.00064
0.000776667
0.00478333
0.0168733
0.02937
0.0379
0.0291267
0.0171733
0.00454
0.00440667
0.000546667
0
0
0.000396667
0.000396667
0.000493333
9.66667e-05
9.66667e-05
0.00041
0.000953333
0.00944333
0.0131367
0.0252267
0.03379
0.02916
0.0203867
0.00826667
0
0
0
0.0001
0.0001
0.000413333
0.000723333
0.00153667
0.00971333
0.01455
0.0264033
0.000266667
0
0
0
0
0
0
0
0.00978
0.0165733
0.0137233
0
0
0
0
0
0
0
0
0
0
0
0
0
0
0
0
0.00022
0
0.00022
0.000403333
0.000183333
0.00027
8.66667e-05
8.66667e-05
0
0
0
0
0
0
0
0
0.000156667
0.00682
0.000436667
0.00526
0.00291
0.00265667
0.00284
0
8.66667e-05
0
0
0.000236667
0
0.00509667
0.000236667
0.0153067
0.00534
0.0109267
0.0107867
0.00082
0.00034
0
0
0
0
0
0
0
0
0
0
0
0
0
0
0
0
0
0.000303333
0
0.00046
0.0164767
0.02581
0.000926667
0.000973333
0
0.000293333
0
0
0
0
0
0
0
0
0
0
0.00024
0.00033
0.00412667
0.00632
0.0246467
0.0309833
0.0556367
0.0448567
0.0534733
0.03177
0.0230133
0.01881
0.00629333
0.00491667
0.00061
0.00049
0
0
0
0
0
0
0
0
0
0
0
0
0
0.000153333
0.000153333
0.000273333
0.00012
0.00012
0
0
0
0
0
0
0
0.000293333
0
0
0
0
0
0
0
0
0
0
0
0.00024
0.000926667
0.00472333
0.0141
0.03183
0.0583933
0.0758633
0.07991
0.0683
0.0449233
0
0
0
0
0
0
0
0
0
0
0
0
0
0
0
0
0
0
0.00086
0.00154667
0.0116133
0.02037
0.0418767
0.06217
0.0595
0.05977
0.03312
0.0108167
0.00424
0.0309333
0.0322033
0
0.000266667
0
0
0
0
0
0
0.00037
0
0
0
0
0
0
0
0
0
0
0
0.000413333
0.00127333
0.01014
0.0197933
0.0411267
0.0451533
0.0432333
0.0269267
0.0129933
0
0
0
0
0
0
0
0
0.00722333
0.00068
0.00413667
0
0.00037
0
0
0
0
0
0
0
0
0
0
0.000413333
0.00123
0.0100967
0.01496
0.0282367
0.0275067
0.0147067
0.00027
0
0
0
0
0
0
0
0
0
0
0
0
0
0
0
0.000276667
0.000553333
0.00064
0.000363333
0.000353333
0
0
0
0.000246667
0
0.000636667
0
0
0
0
0
0
0
0
0
0
0.000526667
0.000323333
0.000933333
0.00105333
0.00380333
0.00418667
0.000453333
0.00391
0.00031
0
0
0
0
0
0
0
0.00653667
0.01214
0.0266867
0.0163267
0.02194
0
0
0
0.000523333
0.000403333
0.00543333
0.00583667
0.0114533
0.0167667
0.00558667
0.0169033
0.000136667
0.00558667
0
0
0
0
0
0
0
0
0
0
0
0
0
0
0
0.000203333
0.000236667
0
0
0
0
0
0
0
0
0
0
0
0
9.33333e-05
9.33333e-05
0.00195
0.00196333
0.00556
0.004
0.00767667
0.00408
0.00378333
0
0
0
0
0
0.000293333
0.000386667
0.004
0.00556333
0.0176533
0.0176367
0.0293767
0.0209767
0.0211567
0.00756
0.00377667
0
0
0
0
0
0
0
0.000293333
0.00409667
0.00771
0.0141133
0.0224933
0.0308967
0.0377967
0.0304567
0.0222167
0.00889333
0.00405
0.000273333
0
0
0
9e-05
9e-05
9e-05
0
0.000116667
0.000116667
0.0004
0.00408667
0.00464
0.0110533
0.01079
0.0222533
0.0171933
0.0184967
0.00648
0.00511667
0.000273333
0.000273333
0
0
0.00158
0.00382667
0.00245333
0.00491333
0.00286
0.00301333
0.00110667
0.00117667
0.00444667
0.00398
0.00526333
0.00172333
0.00163667
0
0
0
0
0.000363333
0.00185
0.00306667
0.0129667
0.0241433
0.0138167
0.0145433
0.0166133
0.000536667
0.00299667
0.000456667
0.000623333
0.00058
0.000543333
0.00039
0.000476667
0
0
0
0
0.00548333
0.00286667
0.0139567
0.02284
0
0
0
0.0109267
0.0155467
0.0099
0
0.00983333
0.01306
0
0.00734333
0.00845667
0
0
0
0.00215333
0
0
0
0
0
0
0
0
0
0
0
0
0
0
0
0
0
0
0
0
0
0
0
0
0
0
0.000406667
0.000273333
0.00366
0.000803333
0.00111333
0.00619667
0.00861
0.0212167
0.0134833
0.0308533
0.02371
0.0169667
0.02191
0.00481667
0.000943333
0.00633667
0.0159767
0.01664
0.0159933
0.01412
0.0123667
0.00800667
0.01071
0.0129133
0.0291067
0.0879133
0.0966033
0.02402
0.0222667
0.0444267
0.03723
0.06122
0.0508933
0.227293
0.323417
0.338083
0.3617
0.24197
0.196793
0.209023
0.116107
0.0600833
0.00580333
0.00288667
0
0
0
0
0.000106667
0.000106667
0
0.000106667
0.000213333
0.000106667
0.000106667
0
0
0
0
0
0
0
0
0
0
0.00042
0
0
0
0.00438667
0.000506667
0.000253333
0.000253333
0
0.00596667
0.00491667
0.00095
0
0
0.00161333
0.000563333
0.02416
0.012
0.0614533
0.0476633
0.0509467
0.0750533
0.000953333
0.0270233
0.000506667
0.00076
0.000253333
0.00208667
0.00103667
0.00095
0
0
0
0.00105
0.00197
0.0146933
0.0201267
0.0433833
0.0347767
0.02874
0.00456333
0.0007
0.000253333
0.00118333
0.00113667
8.66667e-05
8.66667e-05
0
0
0
0
0
0.00092
0.00092
0.00740333
0.00667667
0.0107933
0.00431
0.00411667
0
0
0.000133333
0.000133333
0
0
0
0
0
0
0
0
0
0
0.000193333
0.000193333
0.000193333
0
0
0.00038
0
0
0
0
0
0
0
0
0
0
0
0
0.00038
0
0
0
0
0
0
0
0
0.0142633
0.00262
0.00315333
0.0008
0.0008
0
0
0
0
0
0
0.0223933
0.0276533
0.03545
0.0140667
0.02491
0
0
0.00011
0
0.00039
0.00011
0.000573333
0.00028
0.0006
0.000293333
0.00079
0.000306667
0.000483333
0.000483333
0
8.33333e-05
8.33333e-05
0.0021
0.00223667
0.00474333
0.00723667
0.01087
0.0104767
0.02376
0.0370233
0.0327167
0.0344967
0.000523333
8.33333e-05
0.00720333
0.00562667
0.0185
0.0159033
0.0193367
0.0105267
0.0113967
0.00594667
0.00359
0.000213333
0.000213333
0
0.000586667
0.000823333
0.00833333
0.0126067
0.0381467
0.0406033
0.0512467
0.0103767
0.00198667
0.00012
0.00012
0
0
0
0
0
0
0
0
0
0
0
0
0
0
0
0
0
0
0
0.000293333
0.000596667
0.00737333
0.0260333
0.0361033
0.0379833
0.00939333
0.0153767
0.0229067
0.0295633
0.02859
0.0203933
0.01201
0.00677333
0.00380333
0.000426667
0.000213333
0.000123333
0.00071
0.00403333
0.01142
0.0299467
0.0524
0.07393
0.07032
0.04517
0.0167633
0.00155333
0.0152067
0.000293333
0.000586667
0.00499333
0.0114767
0.03058
0.0414933
0.05451
0.05518
0.00072
0.00457
0.00767333
0.0138167
0.0145767
0.0227933
0.0179667
0.01654
0.00478
0.00339667
0.000213333
0.000213333
0.000473333
0.000596667
0.0068
0.00965
0.0297933
0.0427033
0.05752
0.0662933
0.0478067
0.00092
0.000293333
0.0282767
0.00846333
0.000293333
0.000293333
0.0047
0.0127767
0.0321733
0.04823
0
0.00028
0.00028
0.00382333
0.00379
0.0084
0.00485667
0.00620667
0.00159667
0.00159667
0
0
0.00035
0.000823333
0.00496667
0.01082
0.0244367
0.04056
0.0524967
0.0356867
0.0222233
0.00445333
0.000996667
0.0333733
0.0234133
0.0109567
0.00837
0.00989667
0.03036
0.0280833
0.0398933
0.00380667
0.00014
0.000293333
0
0
0
0
0.000246667
0.000246667
0.000246667
0
0
0
0
0
0.00035
0.000673333
0.00481667
0.00499333
0.01876
0.0180733
0.0210033
0.0169867
0.00338
0.00027
0
0
0
0
0
0
0
0
0
0
0
0
0
0.00061
0.000886667
0.00466
0.00413667
0.00887333
0.00536667
0.00777333
0.00191667
0.00776667
0.01603
0.0156567
0.0152033
0.0223
0.00868667
0.000636667
0.00532333
0
0.000636667
0.00107667
0.000673333
0.00959
0.00495
0.02942
0.02184
0.0300033
0.0372067
0.00896333
0.0220633
0.00365333
0.00014
0.00014
0
0
0.00294667
0.00179333
0
0.00155667
0.00592
0.00592
0.004
0.00992
0.0255433
0.0259967
0.0199267
0.0160033
0.00442333
0.000503333
0.00208
0.00194667
0.00695
0.00549667
0.00911667
0.00411333
0.00372333
0.01863
0.00978333
0.00595
0.00451333
0.00410667
0.00559333
0.0174633
0.0189533
0.0306333
0.02225
0.0177967
0.00427333
0.00055
0.00432333
0.00747333
0.00439667
0.00586333
0.00193667
0.00229333
0.00427667
0.00752667
0.0205333
0.0289833
0.03748
0.03764
0.0289767
0.0175167
0.00426
0.000816667
0.000266667
0
0.00124667
0.000206667
0.000263333
0.000263333
0.00392
0.00704333
0.0204067
0.0213933
0.0300167
0.0182867
0.0170867
0.00507667
0.00371
0.000266667
0.000266667
0
0
0
0
0
0
0
0.00353
0.00338667
0.00817333
0.00478667
0.00627667
0.00163333
0.00163333
0
0
0
0
0
0
0
0
0.000143333
0
0
0
0
0
0
0
0
0
0
0
0
0
0
0
0
0.00337667
0
0
0.00337667
0
0.000746667
0
0.000746667
0.000936667
0.00019
0
0
0.000873333
0.00707
0.01905
0.153757
0.0952933
0.330537
0.1797
0.223403
0.37972
0.158953
0.09677
0.251757
0.342907
0.334153
0.52981
0.150093
0.0649267
0.0753967
0.202387
0.0235833
0.00951
0.043
0
0.00142667
0.00720333
0
0
0
0
0.00507667
0
0
0.00519
0.00518333
0
0.000636667
0.000226667
0.00034
0.00022
0
0
0
0.00041
0.00041
0.000113333
0.000523333
0.000113333
0
0
0
0
0
0
0
0
0
0
0
0
0
0
0
0
0
0
0
0
0
0
0
0
0
0
0
0
0.000196667
0.000196667
0.00675333
0.00655667
0.00699333
0.000436667
0.000436667
0
0
0
0
0.000226667
0.000226667
0.00420667
0.00417667
0.0107333
0.01331
0.0135867
0.00746667
0.00091
0.000473333
0
0
0.000563333
0.00079
0.0111767
0.0145933
0.03892
0.03509
0.0574333
0.0333533
0.02705
0.000726667
0.00182667
0.00102667
0
0
0
0
0.0239767
0.0140867
0.00868667
0.00734
0.0194833
0.00236333
0.0153067
0.00221667
0.00088
0.00088
0
0
0
0.00178
0.00189
0.00534
0.00384
0.00624333
0.00308667
0.00827667
0.00607
0.00626
0.00127333
0.00127
0.000786667
0.000303333
0
0
0
0
0
0
0
0
0
0
0
0
0.000293333
0.000293333
0.000293333
0
0
0
0
0
0
0.00819667
0.0420967
0.03406
0.02363
0.0160733
0.01553
0.0180333
0.0457267
0.0485233
0.0249433
0.00320333
0.0129867
0.00197333
0.000986667
0.000366667
0.00026
0.00368333
0.00520333
0.0176533
0.01768
0.0330867
0.02315
0.0325433
0.0208267
0.0250767
0.0127167
0.0112067
0.00474667
0.00458667
0.000626667
0.000763333
0.000213333
0.00691
0.0509667
0.0404333
0.0260333
0.0172667
0.0138967
0.0197167
0.0467733
0.03043
0.01638
0.00594333
0.00132
0.000593333
0.000626667
0.00422667
0.00739
0.0209833
0.0297267
0.0424933
0.0458267
0.05092
0.0475733
0.0432467
0.0324667
0.0234367
0.0145367
0.00809667
0.00460667
0.000646667
0.000763333
0.0501433
0.0457667
0.03219
0.0336033
0.0240767
0.0293667
0.0462433
0.05472
0.0228233
0.0331733
0.00964333
0.00503333
0.000606667
0.00038
0.00396667
0.00438
0.0182333
0.0203633
0.03588
0.03058
0.0422867
0.0285467
0.0328533
0.0191233
0.00641667
0.00429
0.000476667
0.000323333
0.00332333
0.01002
0.0194233
0.03309
0.0426433
0.0372333
0.04177
0.0300367
0.02716
0.01724
0.0279233
0.0225967
0.0317133
0.0240133
0.00544333
0.000756667
0.00012
0.000673333
0.00134667
0.00522
0.0103833
0.0223633
0.0270433
0.0343067
0.0241033
0.0190633
0.00611667
0.00311
0
0
0
0
0
0
0
0
0
0
0.00061
0.00122
0.00801667
0.01118
0.0242567
0.0224733
0.0247233
0.01353
0.01725
0.0184033
0.00591
0.00762333
0.00919
0.0146067
0
0
0
0.000143333
0.000143333
0
0
0
0
0
0
0
0.000213333
0.000213333
0.000213333
0
0
0
0
0.00155667
0.00155667
0.00471333
0.00337
0.00380667
0.00065
0.00066
0.000223333
0
0
0
0.000223333
0.000223333
0.00471333
0.00604667
0.0177333
0.0164
0.02091
0.00966
0.00984
0.00399667
0.00356
0.000223333
0.000223333
0.000643333
0.00513333
0.0109733
0.02224
0.02918
0.0291833
0.0219933
0.0139
0.00819
0.00369333
0.000356667
0
0
0
0
0.000806667
0.00042
0.00991
0.00687
0.0212567
0.0209533
0.0222933
0.0143033
0.00829333
0.00717333
0.00373333
0
0
0
0
0.0227133
0.0225133
0.0133833
0.00994333
0
0
0
0.00731333
0
0
0
0.00019
0
0
8.66667e-05
0
0
0.000173333
8.66667e-05
0
0
8.66667e-05
0.00015
0
0.0102067
0.00951667
0.138297
0.07489
0.0233333
0.142607
0.52723
0.303773
0.353663
0.272153
0.277763
0.404987
0.353133
0.523237
0.338177
0.199293
0.444387
0.14587
0.26964
0.02181
0.0389367
0.02936
0.0386467
0.0615333
0.00142667
0.00773667
0.0108067
0.0363833
0.01485
0.02776
0
0.000413333
0.00491
0.00659333
0.00973667
0.00937333
0.02161
0.0209633
0.0144033
0.0273133
0.0105633
0
0
0.000246667
0.00066
0.00481
0.00624667
0.01718
0.01789
0.0200467
0
0
0.000246667
0.000493333
0.00399667
0.0079
0.0139467
0.02179
0.0297033
0.02725
0.0208733
0.00881
0
0
0.000246667
0.000656667
0.00416
0.0102067
0.00681667
0.01847
0.01229
0.0171467
0
0.00041
0.00082
0.000933333
0
0
0
0
0
0
0
0
0
0
0
0
0.00145667
0.00145667
0.00498667
0.00382333
0.00441333
0.000883333
0.00059
0
0
0
0.00179
0.00998667
0.0536733
0.0261467
0.0557667
0.000213333
0
0
0
0
0
0
0
0
0
0.00061
0.00421667
0.0110133
0.0119467
0.0220267
0.0272267
0.0317067
0
0.000386667
0.00118667
0.00464667
0.00795667
0.0135233
0.02277
0
0
0
0.00038
0.00118
0.00507667
0.00839333
0.0139467
0.0227567
0.03049
0.0307033
0.0187433
0
0
0.000126667
0.000126667
0.00205667
0.00231
0.00749
0.00945667
0.0134967
0.01467
0.0141333
0.0211433
0.01498
0.0123667
0.000383333
0.000383333
0.00051
0.00580667
0.00735333
0.0211433
0.0210267
0.0286633
0.0191667
0.0149767
0.00877
0.00435
0.00355
0.000383333
0.00153667
0.00683333
0.01626
0.0290233
0.0470967
0.0468533
0.0412667
0.0188867
0.00940667
0.00107667
0.00115333
0.00224333
0.0120533
0.0276167
0.05513
0.0498967
0.03092
0.0467433
0.0159633
0.00772
0
0.00109
0.00141
0.0181267
0.0130967
0.00555
0.00015
0.000906667
0.00107667
0.00633667
0.0132333
0.0102733
0.0220967
0.146427
0.267327
0.23181
0.30181
0.18155
0.564763
0.340263
0.34697
0.26199
0.263427
0.1287
0.201003
0.136267
0.190547
0.12987
0.19493
0.26112
0.25745
0.437813
0.05128
0.0632833
0.140253
0.0412267
0.0285433
0.04896
0.06454
0.01356
0.0219733
0.03169
0
0
0
0
0
0
0.000293333
0.000293333
0.00498667
0.00615
0.01804
0.0168767
0.0221867
0.0108867
0.00794667
0.00118
0.00059
0
0.00032
0.00211
0
0.01827
0
0
0
0.02557
0.0187567
0
0
0
0
0
0
0
0
0
0.00360667
0.00515
0.00669333
0.00308667
0.01354
0.0159767
0.022
0.01073
0.0154833
0.0101367
0.0238833
0.0386067
0.03688
0.03758
0.028
0.0125567
0.0186467
0.02515
0.0254033
0.03357
0.03362
0.02735
0.0216033
0.0324967
0.03788
0.03542
0.0398367
0.02987
0.0324633
0.0732433
0.105787
0.0853667
0.05765
0.06611
0.0509967
0.0886667
0.0799667
0.07743
0.197417
0.232153
0.211733
0.100417
0.145153
0.148517
0.341603
0.396117
0.296797
0.20745
0.4585
0.00676333
0
0
0
0.000293333
0.000586667
0.00117667
0.00557667
0.01907
0.03037
0.03806
0.03104
0.02469
0.0128967
0.00642333
0.000883333
0.000293333
0.00032
0.00685333
9e-05
0.00224
0.0184
0.00039
9e-05
0.00347
0.00976333
0.0003
0
0
0
0
0.00095
0.00249333
0.00249333
0.00154333
0.000663333
0.00464333
0.00859
0.00865333
0.00479333
0.00152333
0.00167
0.0151233
0.00836
0.00861
0.000543333
0.00148333
0.00182333
0.00753667
0.0203833
0.0305967
0.0369733
0.0344633
0.0292
0.0176467
0.00666333
0.00549
0.00466
0.0113367
0.00889
0.00715333
0.0236533
0.0953733
0.00128
0.01413
0.01315
0.0244433
0.0112933
0.0122433
0.0135267
0.00223333
0.00195667
0.00133667
0.00528333
0.00855667
0.00996333
0.00613667
0.00231333
0.00111667
0.0168067
0.09156
0.186853
0.110667
0.143753
0.0426367
0.05856
0.02312
0.04125
0.03588
0.0572533
0.04946
0.0580033
0.0314533
0.13276
0.11778
0.189543
0.08393
0.125663
0.0495267
0.0437433
0.0565933
0.32774
0.105673
0.14296
0.0505367
0.06848
0.0238467
0.03783
0.0206733
0.0249733
0.01044
0.03121
0.0387733
0.277987
0.464017
0.424513
0.545993
0.302933
0.239647
0.268933
0.0961933
0.17614
0.61476
0.378
0.370683
0.157253
0.166993
0.0558867
0.06695
0.0361667
0.05156
0.10329
0.0504033
0.212197
0.432187
0.541307
0.392027
0.584453
0.25105
0.42965
0.0995133
0.18966
0.0389933
0.0560433
0.02658
0.0234433
0.111353
0.09219
0.342443
