0.00056
0.00325333
0.00314
0.00354333
0.00056
0.000403333
0
0
0
0
0
0
9.33333e-05
9.33333e-05
0.000446667
0.000666667
0.00874
0.01269
0.03254
0.0396467
0.04601
0.0365133
0.0285667
0.0186667
0.00884
0.000693333
0.00118667
0.00135667
0.00700667
0.00644333
0.0312567
0.0257767
0.0279
0.00277333
0.00273
0.000126667
0.000126667
0
0
0
0
0
0
0
0
0.000146667
0.000146667
0.000343333
0.000393333
0.00403333
0.00383667
0.00393
0.00029
0.00029
0
0.000156667
0.000156667
0.000156667
0
0
0
0
0.000353333
0.000353333
0.000446667
0.000186667
0.000893333
0.00115333
0.00267667
0.0100433
0.0298533
0.0484
0.0668867
0.05739
0.0642567
0.04493
0.00869
0.00145667
0.000616667
0.000483333
0.000483333
0.00681
0.00693667
0.00984333
0.00444
0.00909333
0.00867
0.0176
0.0127333
0.0192533
0.00755667
0.03465
0.02777
0.0301833
0.00269333
0.00400333
0.00145
0.00404667
0.0130133
0.00334333
0.00053
0.00116667
0.00587667
0.00566667
0.0112967
0.00673
0.00898667
0.00399333
0.0175967
0.02044
0.0445233
0.0559033
0.0785167
0.0559933
0.03929
0.0111533
0.00855
0.000126667
0
0
0
0
0
0
0
0
0
0
0.000703333
0.0009
0.00508
0.00437667
0.00596667
0.00178667
0.00178667
0
0
0
0
0
0
0
0.000356667
0.00071
0.00525667
0.00499333
0.0107
0.00686
0.01258
0.00813667
0.0355333
0.0498833
0.0839933
0.08245
0.123957
0.11526
0.11239
0.0579533
0.0568433
0.03377
0.00846667
0.00205333
0.00143667
0.00082
0
0
0.00061
0.00131333
0.00223667
0.0115433
0.0161033
0.0507833
0.0527033
0.099
0.0704167
0.08607
0.062
0.09695
0.0720133
0.0455
0.00498
0.00301667
0.00056
0.00042
0.00028
0.00014
0
0
0
0.0247333
0.0271633
0.0393367
0.0614467
0.02689
0.02
0.006
0.00354
0.00152
0.00617667
0.0101267
0.0256733
0.0270533
0.0389733
0.0254733
0.02955
0.0266667
0.0554067
0.07042
0.107003
0.10372
0.11937
0.0774633
0.05885
0.0180733
0.01036
0.00071
0.00071
0
0
0
0
0
0
0
0.000353333
0.00105667
0.00559333
0.00942
0.0228267
0.0200767
0.0176833
0.00357333
0.00214333
0.000356667
0.000356667
0
0
0
0.00071
0.00106667
0.00561667
0.00945333
0.02562
0.02713
0.0433
0.03259
0.0546333
0.06202
0.0973133
0.104937
0.138503
0.159067
0.183547
0.145567
0.12452
0.0902333
0.08844
0.0484333
0.0275667
0.00649
0.00659333
0.00154
0.00072
0
0
0.000703333
0.00151333
0.01143
0.04633
0.0811233
0.11194
0.127897
0.155283
0.14204
0.14057
0.11955
0.12039
0.0712767
0.0354833
0.00860333
0.02676
0.0408367
0.0243
0.0291667
0.00905333
0.0110233
0.00484667
0.00506333
0.000496667
0.000356667
0
0.00135667
0.02609
0.06036
0.0514933
0.05176
0.0894167
0.0694567
0.0345967
0.0209067
0.00385
0.00572667
0.01103
0.0270267
0.039
0.0495667
0.0418967
0.03538
0.0263533
0.0492633
0.0668967
0.109623
0.1187
0.13173
0.0988833
0.06791
0.0285533
0.01178
0.00213
0.00071
0
0
0
0
0
0
0.000356667
0.00071
0.00526
0.00944
0.0231967
0.0327567
0.0423367
0.0300133
0.0201
0.00634
0.00455333
0.000356667
0
0
0
0.00071
0.00106667
0.00561667
0.0104867
0.0266533
0.04282
0.0579567
0.0649533
0.07234
0.09273
0.110317
0.141233
0.161797
0.180897
0.182083
0.161037
0.141453
0.103143
0.0844167
0.0494633
0.03262
0.0152733
0.0103233
0.00704
0.00249
0.00177
0
0.00081
0.00162
0.0124633
0.0472567
0.08718
0.11707
0.122093
0.14435
0.153707
0.16317
0.12724
0.10548
0.0692033
0.04832
0.0391233
0.0444433
0.05852
0.05964
0.0571267
0.04319
0.0275033
0.01545
0.00949
0.00528
0.000713333
0.000356667
0.00135667
0.00271333
0.01615
0.0395267
0.0685133
0.07853
0.07164
0.0593467
0.0483333
0.0420733
0.0718267
0.03994
0.02388
0.00695333
0.0232733
0.0177233
0.02578
0.0167533
0.00905333
0.0362867
0.0296167
0.0693033
0.0423867
0.0589367
0.0183133
0.0189033
0.00142
0.00142
0
0
0
0
0
0
9.66667e-05
0.000453333
0.00300667
0.00746
0.0129467
0.0245033
0.0261167
0.03439
0.0283667
0.0264
0.013
0.00491333
0.000716667
0
0
0
0
0.000356667
0.000356667
0.00593667
0.00558
0.0262967
0.0210733
0.0445933
0.0263233
0.0670733
0.0494833
0.106057
0.07333
0.127607
0.0797833
0.112027
0.0592033
0.0699033
0.0303467
0.0286333
0.0119967
0.01548
0.0259633
0.0224733
0.0235
0.00734667
0.00972
0.00495333
0.00495333
0.0116533
0.0108433
0.0515767
0.04463
0.0852567
0.0554367
0.10163
0.06225
0.0783967
0.02922
0.0417867
0.0171333
0.0353533
0.0359533
0.0538
0.03933
0.0415367
0.0261033
0.0260067
0.00969333
0.00523
0.000663333
0.000356667
0
0.00135667
0.00603667
0.0194733
0.0206867
0.04635
0.0561767
0.07706
0.0519833
0.04116
0.0247033
0.03663
0.00622667
0.00062
0.00103667
0.0159567
0.0195667
0.0184433
0.01897
0.01364
0.00963667
0.00155
0.000716667
0
0
0
0
0
0
0
0
0.000356667
0.000713333
0.00316
0.00280333
0.00837667
0.00628667
0.0146667
0.00909333
0.0199333
0.0115533
0.01858
0.00845
0.00951667
0.00677
0.0109633
0.0157
0.0272167
0.0361367
0.03591
0.0242333
0.0141967
0.00929
0.00481333
0.00067
0
0
0.00389667
0.00419
0.0151033
0.0124533
0.0134067
0.00294333
0.00261
0.00136333
0.00332
0.00254333
0.0169567
0.0192133
0.02374
0.00969667
0.00985333
0.00549667
0.00543333
0.000613333
0.000306667
0
0
0
0.00468
0.00725
0.00982
0.00532667
0.02602
0.0287167
0.0337967
0.0105333
0.0122633
0.00141
0.00918667
0.00980667
0.0245033
0.01708
0.0204967
0.00611667
0.00518333
0.00083
0
0
0
0
0
0
0
0
0.000343333
0.00044
0.00501667
0.00722667
0.0236833
0.0266667
0.0129233
0.00619667
0.00164667
0.00100333
0.00017
0
0
0
0
0
0
0.000356667
0.000356667
0.000356667
0
0.000356667
0.000356667
0.000713333
0.000356667
0.000356667
0
0.00106667
0.00106667
0.00570333
0.00463667
0.01044
0.00779667
0.0219767
0.0204467
0.02293
0.00909333
0.00549
0.00101333
0.00067
0
0
0.00015
0.000443333
0.00307
0.00416667
0.00793333
0.00575667
0.00473
0.00067
0.000356667
0.0048
0.00503333
0.000126667
0.000503333
0.000376667
0.000376667
0
0
0
0
0
0
0
0
0
0
0
0
0
0
0
0
0.00199333
0.00211
0.00638333
0.00439
0.00461667
0
0
0
0
0
0
0
0
0
0
0
0
0
0
0
0
0
0
0
0
0
0
0
0
0
0
0
0
0
0
0
0
0
0
0
0
0
0
0
0
0
0
0
0
0
0
0
0
0.000203333
0
0
0
0
0
0
0
0
0
0
0
0
0
0
0
0
0
0
0
0
0
0.000203333
0
0
0
0
0
0
0
0
0
0
0
0
0
0
0
0
0
0.000496667
0.000496667
0.00064
0.000143333
0.000143333
0.00713
0.0119867
0.00506
0.00689
0.00183
0.00208667
0.000256667
0.000256667
0
0
0
0
0
0
0
0
0
0.000356667
0.000853333
0.00533667
0.0111367
0.00679667
0.00685
0.000693333
0.00055
0.0279667
0.0261
0.033
0.0207167
0.0194233
0.00585333
0.00428
0.000513333
0.000256667
0
0
0
0
0
0
0
0.000356667
0.000713333
0.00527667
0.00940333
0.02516
0.0267533
0.03685
0.0212867
0.00106333
0.00208
0.0262267
0.0351533
0.0332233
0.0329367
0.0192267
0.0179967
0.00417
0.00402333
0.000256667
0.000256667
0
0
0
0
0
0
0.000313333
0.00067
0.00497333
0.00922333
0.01749
0.0293
0.0333233
0.03928
0.0274933
0.0194567
0.00517333
0.00136
0.00786667
0.0211133
0.0243567
0.0230733
0.0181567
0.01938
0.00838333
0.00825
0.000806667
0.00379
0
0.000403333
0
0
0
0
0
0
0.000313333
0
0.00493
0.000626667
0.01723
0.00892
0.03239
0.0281067
0.02358
0.0344333
0.00539
0.01576
0.00081
0.00106333
0.000863333
0.00665
0.0124633
0.0258733
0.03406
0.00053
0.00055
0.000956667
0.000626667
0.000313333
0.000963333
0.00110667
0.00034
0.00082
0
0.00017
0
0
0
0
0
0
0
0
0.000753333
0
0.00917667
0.0009
0.02387
0.00862
0.02281
0.0192333
0.00433333
0.00770333
0.00160667
0.00035
0.00084
0.00716
0.000833333
0.0232067
0.02173
0.00704
0.00825667
0.00208667
0.00258667
0.00028
0.000536667
0.00028
0.00042
0
0.00014
0
0
0
0
0.0807833
0.100077
0.0841767
0.0539767
0.0073
0.0168467
0.000653333
0.00259667
0.00028
0.00287667
0.00014
0.00042
0
0.00014
0
0
0.000163333
0
0.00577667
0.00259333
0.02176
0.0199867
0.0322333
0.0206133
0.0166567
0.003
0.000246667
0.000116667
0.000116667
0.000233333
0.000116667
0.000116667
0.0003
0.07744
0.0983733
0.11819
0.0847
0.0289767
0.0438967
0.0424133
0.0196033
0.0352233
0.00608333
0.000383333
0.000136667
0
0
0
0.00450333
0.00493333
0.0106633
0.00659
0.00840333
0.00237333
0.00224333
0
0.000673333
0.00096
0.0176733
0.0234633
0.0366633
0.107793
0.0891167
0.110573
0.0340067
0.02424
0.0119367
0.00828333
0.00218333
0.00215333
0.000106667
0.000106667
0
0.00037
0.00837333
0.0122067
0.0265967
0.0246233
0.0348433
0.0226967
0.0211633
0.00674
0.00526
0.00143667
0.00986333
0.0258133
0.04036
0.03784
0.0376533
0.0999667
0.105053
0.0357333
0.0375333
0.0223867
0.02058
0.00644667
0.00477333
0.00048
0.000743333
0.00074
0.00504333
0.0126767
0.0265533
0.03664
0.0447167
0.0448933
0.035
0.0234167
0.00975667
0.00602333
0.00620333
0.0138667
0.0280667
0.0401033
0.0489367
0.0471833
0.0400833
0.0430067
0.0430967
0.0460533
0.0619333
0.0752
0.0410633
0.0281633
0.0152233
0.00596667
0.00167333
0.000743333
0.00047
0.00477333
0.00450333
0.01865
0.0200567
0.0360367
0.02211
0.0208967
0.00548
0.00592333
0.00157333
0.00558667
0.00482333
0.01964
0.01747
0.03473
0.02828
0.0389833
0.02446
0.0355833
0.0188767
0.0123833
0.0262933
0.02509
0.0213367
0.00888333
0.03145
0.0142567
0.01735
0.0340833
0.01139
0.00176
0.0013
0
0.0001
0.0001
0.0002
0.0001
0.00581
0.00603
0.00635
0.00096
0.00130333
0.000983333
0.00081
0.000146667
0.000146667
0
0.00250667
0.00250667
0.01102
0.01149
0.00971
0.00335
0.000426667
0.0005
0.000726667
0.000263333
0.000896667
0.000676667
0.00037
0.000306667
0.000306667
0
0
0
0
0.00257
0
0.00275667
0.00257
0.00564
0.000373333
0.00561
0.00579667
0.000343333
0.00726
0.00772
0.00818
0.00122667
0.000766667
0.000613333
0.000306667
0.000443333
0.000136667
0.000136667
0
0.00700667
0.0153633
0.03907
0.03055
0.0147633
0.0306733
0.00460667
0.0109967
0.00042
0.00421333
0.000126667
0.000376667
0.000253333
0.000343333
0.000343333
0
0
0.0005
0.00035
0.00655667
0.00428
0.0211067
0.0208267
0.00867333
0.0228733
0.000136667
0.000356667
0.00357
0.00913333
0.00606667
0.00577
0.0112067
0.000753333
0.00602
0
0.000376667
0
0
0
0
0
0
0
0
0
0
0
0
0
0
0.000116667
0
0.000116667
0.000116667
0
0
0
0
0.000133333
0.000483333
0.00397333
0.00762
0.02755
0.03848
0.02342
0.0254933
0.00564333
0.000376667
0
0
0
0
0
0
0
0
0
0
0
0
0
0
0
0
0
0
0
0
0
0
0.000133333
0.000266667
0.00453667
0.00789333
0.0354733
0.0247667
0.00897333
0.00370667
0
0
0
0
0
0
0
0
0
0
0
0
0
0
0
0
0
0
0
0
0
0
0.000133333
0.000643333
0.00491333
0.0270467
0.0112533
0.00370667
0
0
0
0
0
0
0
0
0
0
0
0
0
0
0
0
0
0
0
0
0
0
0.00051
0.00769667
0
0
0
0
0
0
0
0
0
0
0
0
0
0
0
0
0.00073
0.00073
0.00109333
0.000363333
0.00223333
0.00015
0
0
0
0
0
0
0
0
0
0
0
0
0
0
0
0.000723333
0.00145333
0.00956667
0.00920667
0.0103467
0.00410333
0
0
0
0
0
0
0
0
0
0
0
0.000723333
0.00144667
0.00956
0.01695
0.03246
0.0262167
0.0238
0
0
0
0
0
0
0
0
0.000723333
0.00507667
0.01319
0.0171933
0.0290733
0.0266567
0
0
0
0
0
0.000133333
0.00448667
0.00448667
0.00908
0
0
0
0
0
0
0
0
0
0
0.000133333
0.000133333
0.000133333
0
0
0
0
0
0
0.000376667
0.00051
0.000266667
0.000133333
0
0
0
0
0
0
0
0.00038
0.000756667
0.00542333
0.00517667
0.00690333
0.00237
0.000133333
0
0
0
0
0
0
0
0.000363333
0.000743333
0.00890667
0.01321
0.0269633
0.0209033
0.03062
0.01662
0.0189633
0.00458
0.000133333
0
0
0
0
0
0
0.000363333
0.000726667
0.00109
0.00889
0.01417
0.02794
0.0360633
0.0448033
0.03885
0.02701
0.0134
0.00522
0.000773333
0
0.00378
0
0
0
0
0.000363333
0.000363333
0.000726667
0.000363333
0.00600667
0.0112867
0.0275733
0.0230033
0.02554
0.0103567
0.0100567
0.00187667
0.000773333
0
0
0
0
0
0
0
0.00071
0.00635333
0.01126
0.0116233
0.01575
0.0119467
0.0164667
0.00669667
0.00734667
0.00175333
0.00252667
0.00542
0.00842667
0.0231133
0
0
0
0
0
0
0.00071
0.00142
0.00981
0.0140067
0.0230667
0.0244467
0.03918
0.0350033
0.0417633
0.0238767
0.0224867
0.00673
0.00579667
0.00624
0.00736667
0.0212333
0.02964
0
0
0
0
0
0.000356667
0.00106667
0.00561667
0.01365
0.0294633
0.0346833
0.0459333
0.04905
0.05581
0.0527
0.0414567
0.02913
0.0133167
0.00574
0.00343667
0.00462
0.00391333
0.0150667
0.0165433
0
0
0
0
0.000356667
0.000713333
0.00526333
0.0104833
0.02665
0.0276767
0.04174
0.0259267
0.03688
0.01795
0.0256367
0.00946333
0.00947
0.00107333
0.00261667
0.0019
0.00201333
0.000113333
0.00349
0
0
0
0
0.000356667
0.00209333
0.00767
0.00905
0.01289
0.00767
0.00664333
0.00142333
0.00177667
0.00106667
0.00106667
0.000356667
0.000356667
0
0
0
0
0
0
0
0
0
0.00173667
0.00173667
0.00347333
0.00173667
0.00209333
0.000713333
0.00107
0.000713333
0.000356667
0
0
0
0
0
0
0
0
0
0
0
0
0
0
0
0
0
0
0
0
0.000356667
0.000356667
0.000356667
0
0
0
0
0
0
0
0
0
0
0
0
0
0
0
0
0
0
0
0
0
0
0
0
0
0
0
0
0
0
0
0
0
0
0
0
0
0
0
0
0
0
0
0
0
0
0
0
0
0
0
0
0
0
0
0
0
0
0
0
0
0
0
0
0
0
0
0
0
0
0
0
0
0
0
0
0
0
0
0
0
0
0
0
0
0
0
0.000203333
0
0
0
0.00185333
0.00185333
0
0
0.00185333
0.00419333
0.00732333
0
0.00234
0
0.00779667
0.0123067
0.0140467
0.00156667
0.00779333
0.00390333
0.0163333
0.01556
0.0173
0.0176633
0.0241
0.02932
0.03054
0
0
0
0
0.000313333
0.000313333
0.00017
0.000483333
0
0.00017
0
0
0
0
0
0
0
0
0.00047
0
0.0177067
0.00122333
0.0255133
0.0370667
0.0401567
0.02577
0.0409567
0.02685
0.0320467
0.0121567
0.0153167
0.00169
0.00338
0.00014
0.00014
0.00014
0
0
0
0
0.0683633
0.0128867
0.0498467
0.000416667
0.00747
0.000123333
0
0
0
0
0
0
0
0.000486667
0.000163333
0.00771
0.00367
0.00178333
0.00166667
0.00035
0.00035
0.000116667
0.000233333
0
0
0
0
0
0
0
0
0
0
0.000643333
0.000846667
0.00777
0.0450933
0.0358433
0.0003
0.00043
0.00073
0.00013
0.00056
0
0.00013
0
0
0.00093
0.000286667
0.01403
0.00739333
0.0278967
0.0267067
0.0339767
0.0217167
0.01691
0.00319
0.00301333
0.03446
0.0428967
0.04219
0.02331
0.0370367
0.0143567
0.00810333
0.0197
0.01475
0.04512
0.292723
0.277113
0.0361433
0.0393333
0.0312733
0.0371833
0.0318633
0.14393
0.350003
0.05032
0.05585
0.0507733
0.03939
0.0326233
0.0326967
0.06475
0.0828833
0.12639
0.206343
0.334653
0.11027
0.0436233
0.0299867
0.0115867
0.0210633
0.02137
0.0589933
0.0499367
0.0992
0.03913
0.0139867
0.01125
0.0301567
0.0132567
0.0277933
0.0251667
0.00596
0.00601667
0.00086
0.00673667
0.00874667
0.0143233
0.0404267
0.00826
0.01605
0.0123233
0.00032
0
0.00064
0.00032
0.00032
0.00032
0
0
0
0
0
0
0
0.00273667
0.00273667
0.01052
0.00815667
0.00853
0.000746667
0.000803333
0.00043
0.00043
0.000956667
0.00339667
0.01118
0.000453333
0.00477333
0.000116667
0.000233333
0.00669
0
0
0
0
0
0
0
0
0
0
0
0
0
0.000186667
0
0.00053
0.000186667
0.000343333
0.000343333
0.00046
0
0.00104
0.000733333
0.0047
0.00487
0.000273333
0.00453
0.000136667
0
0
0
0
0
0
0
0
0
0
0
0
0
0.03116
0.02001
0.0048
0.00435333
0
0
0
0
0
0
0
0
0
0.000343333
0.00052
0.00509667
0.00764
0.0240167
0.0347467
0.03842
0.0267433
0.01523
0.00899333
0.00438
0.00445333
0.00378
0.03328
0.0491667
0.00767667
0.0219233
0.00328333
0.00022
0
0.0131467
0.0300933
0.0160167
0.0415033
0.0254933
0.05565
0.0523833
0.05663
0.0599367
0.00497667
0.0184767
0.0360133
0.0452
0.0488267
0.0308867
0.05307
0.000706667
0.000393333
0.000903333
0.0142067
0.0172033
0.03066
0.0152433
0.00206667
0.00206667
0.000196667
0
0.00319333
0.00337333
0.00374
0
0.00187
0
0
0.00018
0.00018
0.0003
0
0.00015
0.00756667
0.0102933
0.00459667
0.00493
0.000333333
0.000333333
0
0
0
0
0
0.01502
0.00952667
0.01489
0.00526333
0.000666667
0.000333333
0
0
0
0
0
0
0
0.00976
0.00536667
0.00077
0.000333333
0
0
0
0
0
0
0
0
0
0
0
0.000133333
0
0.000133333
0.000133333
0.00472667
0
0.00512667
0.00556333
0.000836667
0.000436667
0
0
0
0
0
0
0
0
0
0
0
0
0
0
0
0
0
0
0
0
0
0
0
0.0004
0.0004
0.0004
0
0
0
0
0
0
0
0
0
0
0
0
0
0
0
0
0
0
0
0
0
0
0
0
0
0
0
0
0
0
0
0
0
0
0
0
0
0
0
0
0
0
0
0
0
0
0
0
0
0
0
0
0
0
0
0
0
0
0
0
0
0
0
0
0
0
0
0
0
0
0
0
0
0
0
0
0
0
0
0
0
0
0
0
0
0
0
0
0
0
0
0
0
0
0
0
0
0
0
0
0
0
0
0
0
0
0
0
0
0
0
0
0
0
0
0
0
0
0
0
0
0
0
0
0
0
0
0
0
0
0
0
0
0
0
0
0
0
0
0
0
0
0
0
0
0
0
0
0
0
0
0
0
0
0
0
0
0
0
0
0
0
0
0
0
0
0
0
0
0
0
0
0
0
0
0.000356667
0.000356667
0.000356667
0
0
0
0
0
0
0
0
0
0
0
0
0
0
0
0
0
0.000356667
0.000356667
0.00456
0.00420333
0.00456
0.000713333
0.000713333
0.000356667
0
0
0
0
0
0
0
0
0
0
0
0
0
0
0.00072
0.00107667
0.00564333
0.00912667
0.0235567
0.0193467
0.0214367
0.00665
0.01187
0.00557667
0.0111533
0.00557667
0.00557667
0
0
0
0
0
0.00038
0.00038
0.0011
0.00571
0.00989667
0.0257333
0.03591
0.0449667
0.0347033
0.0402867
0.03224
0.04247
0.0276767
0.0224567
0.00593333
0.000713333
0.000356667
0.000356667
0
0.00038
0.00473
0.00934
0.01477
0.0269767
0.0369233
0.0447367
0.04682
0.0526333
0.04496
0.0428433
0.0305067
0.0249133
0.0091
0.00142333
0.00106667
0.000356667
0
0
0
0.00435
0.01016
0.00591667
0.0204733
0.0190167
0.03755
0.0289433
0.03054
0.0160933
0.0181767
0.0131833
0.0097
0.00166667
0.00071
0.000156667
0.000156667
0.000156667
0
0.000106667
0.00446
0.00472667
0.0106767
0.00667667
0.0104967
0.00519
0.00579333
0.00882
0.00817667
0.00893333
0.00187
0
0
0.000373333
0.000726667
0.000996667
0.00164
0.00850667
0.0150833
0.0298267
0.02432
0.0244533
0.00922333
0
0
0
0
0.000643333
0.00489
0.01211
0.0258967
0.0370367
0.0176733
0.02899
0.0457567
0.0650733
0.0643533
0.0632933
0.03578
0.000816667
0.0124867
0.0294267
0.05138
0.0608367
0.0544933
0.0154567
0.00754333
0.000293333
0.00310667
0.02057
0.0273267
0.04564
0.0487967
0.0530367
0.0474567
0.02753
0.0161933
0.00298333
0.00345667
0.0103367
0.0133167
0.0334633
0.0433333
0.0530867
0.0375267
0.02147
0.00663667
0.00157667
0.0129867
0.0122933
9.33333e-05
0.000566667
0.00251333
0.00838333
0.00976
0.0245633
0.0232433
0.0264533
0.0108533
0.00709333
0.00203333
0.000883333
0
0
0.00012
0
9.33333e-05
0.00204
0.00194667
0.00379667
0.00256
0.00720333
0.01028
0.01072
0.0205133
0.0155867
0.0148067
0.00037
0.00037
0.00012
0
0
0
0.00071
0.00142
0.00597
0.0101867
0.026
0.0358867
0.04541
0.0292567
0
0.000356667
0.00106667
0.00526333
0.00945667
0.01468
0.0270067
0.0410733
0.04959
0.0467
0.0284533
0.0143733
0.00074
0.00037
0
0
0.000356667
0.000356667
0.00455333
0.00455333
0.0104867
0.0199
0.03816
0.0466467
0.04667
0.0445767
0.0305267
0.02109
0.00456667
0.00455333
0.000356667
0.000356667
0
0
0
0
0.000356667
0.000713333
0.0143233
0.0283867
0.04245
0.04326
0.0453633
0.0354967
0.0252733
0.00946
0.00526333
0.00106667
0.000356667
0
0
0
0
0
0.000356667
0.000356667
0.0147767
0.0199967
0.0344167
0.02455
0.0235267
0.00946333
0.00562
0.00106667
0.00071
0
0
0
0
0
0
0
0
0
0.00557667
0.00557667
0.01013
0.00491
0.00526667
0.000713333
0.000356667
0
0
0
0
0
0
0
0
0
0
0
0
0
0.000356667
0.000356667
0
0
0
0
0
0
0
0
0
0
0
0
0
0
0
0
0
0
0
0
0
0
0
0
0
0
0
0
0
0
0
0
0
0
0
0
0
0
0
0
0
0
0
0
0
0
0
0
0
0
0
0
0
0
0
0
0
0
0
0
0
0
0
0
0
0
0
0
0
0
0.17338
0.0546733
0
0
0
0
0.232913
0.181013
0.03921
0.03478
0.0557233
0.0564867
0.0713
0.0512567
0.06689
0.117237
0.213037
0
0.00378
0.127393
0.0718033
0.0664733
0.0364833
0.03779
0.04057
0.0629333
0.0822533
0.0898567
0.07907
0.0761467
0.0797767
0.0786167
0.153447
0.00583333
0.03942
0.0237933
0.0261867
0.0326567
0.0457333
0.0728067
0.0869633
0.0928833
0.0773867
0.0535167
0.05883
0.0523967
0.06047
0
0.02052
0.01077
0.0162933
0.02839
0.04236
0.0565367
0.0739067
0.0848867
0.0897067
0.08499
0.0642967
0.0513467
0.0341333
0.0258567
0.0312467
0.0195167
0
0
0.02878
0.00660667
0.01185
0.02811
0.02843
0.0428867
0.03225
0.05688
0.05339
0.07668
0.0586667
0.0540267
0.0258867
0.01493
0.00269667
0.00189333
0.00062
0.01747
0.00441667
0.00666667
0.01163
0.0171333
0.0175
0.01816
0.0149933
0.0255933
0.0235167
0.0333
0.0174933
0.01472
0.00249
0.00142333
0
0
0
0
0.00337667
0
0.00572333
0.00596667
0.01224
0.00698
0.00907333
0.0028
0.00664333
0.00419667
0.00526333
0.00106667
0.00106667
0
0
0
0
0
0
0
0
0.000353333
0.000706667
0.000353333
0.000353333
0
0
0
0
0
0
0
0
0
0
0
0
0
0
0
0
0
0
0
0
0
0
0
0
0
0
0
0
0.000343333
0.000656667
0
0
0
0
0
0
0
0
0
0
0
0
0
0
0
0
0
0
0
0.000313333
0
0
0
0
0
0
0
0
0
0.000356667
0.000356667
0.000356667
0
0
0
0
0
0
0
0
0
0.000313333
0
0
0
0
0
0
0
0.00071
0.00106667
0.00561667
0.00490667
0.0186167
0.0140667
0.0158033
0.00173667
0.00173667
0
0
0
0
0
0
0
0
0
0
0.000356667
0.00106667
0.00526
0.00945333
0.02491
0.0347833
0.0464033
0.0319733
0.0221033
0.00593333
0.00455333
0.000356667
0.000356667
0
0
0
0
0
0
0
0
0.000356667
0.000356667
0.00455
0.00593
0.0220967
0.0340733
0.0485067
0.03689
0.0249167
0.00945667
0.00526333
0.00106667
0.000356667
0
0
0
0
0.000326667
0
0
0
0
0
0.00173667
0.00347333
0.00347333
0.0179067
0.02072
0.02527
0.00945667
0.00561667
0.00106667
0.00071
0
0
0
0
0
0
0
0.000326667
0.00532
0
0
0
0
0.00173667
0.00173667
0.00173667
0
0.00455
0.00490667
0.00526333
0.000713333
0.000356667
0
0
0
0
0
0
0
0.000203333
0.00684667
0.02503
0.00752
0.000803333
0.000803333
0
0
0
0
0
0
0.000356667
0.000356667
0.000356667
0
0
0
0
0
0
0
0
0
0.000203333
0.0223767
0.0388467
0.0141567
0.00851
0.00187333
0.00107
0
0
0
0
0
0
0
0
0
0
0
0
0
0
0
0
0
0
0.000396667
0.00087
0.02612
0.0467233
0.0133367
0.0067
0.00107
0
0
0
0
0
0
0
0
0
0
0
0
0
0
0
0
0
0
0.02133
0.00605667
0.03694
0.0658467
0.0250933
0.00634333
0.000713333
0
0
0
0
0
0
0
0
0
0
0
0
0
0
0
0
0
0.00179
0
0
0
0
0
0
0
0
0
0
0
0
0
0
0
0.00047
0.00580333
0.0222867
0.0441067
0.04396
0.0429433
0.02584
0.05168
0.0144967
0.04717
0.00572
0.00169
0
0
0
0.0293867
0.0248467
0.00638333
0.001
0.000713333
0
0
0
0
0
0
0
0
0
0
0
0
0
0
0.00179
0.00251
0.0183733
0.0116567
0.00583333
0.000293333
0.000293333
0
0
0
0
0
0
0
0
0
0
0
0
0
0
0
0
0
0
0
0
0
0
0.000323333
0.00094
0.00514333
0.00482
0.00420333
0.00695667
0.00285667
0.00285667
0.00165333
0.0031
0.00835333
0.0107533
0.00692
0.00578667
0.00561667
0.000286667
0.000403333
0
0
0
0
0
0
0
0
0
0
0.000203333
0.000203333
0.00012
0.000323333
0.00012
0
0.00072
0.00144
0.0104767
0.02562
0.0532967
0.0356033
0.0401567
0.0372267
0.00724667
0.00539333
0.0123167
0.00297
0.00752333
0.0102233
0.00343667
0.00983
0.0408867
0.0128167
0.03493
0.0342867
0.00407
0.00727
0.00448
0.01315
0.305813
0.07895
0.0337933
0.0428367
0.160107
0.503977
0.251897
0.438287
0.24714
0.0678433
0.09276
0.0871933
0.0170567
0.0124367
0.0213133
0.02781
0.0245433
0.02518
0
0
0.000373333
0
0.000373333
0.000373333
0
0
0.000956667
0
0.0231833
0.0322233
0.00498
0.000543333
0.000623333
0.00688667
0.00708333
0.00980667
0.0251133
0.02368
0.0212067
0.0229467
0.0249367
0.0100567
0.00549333
0.00562667
0.0527167
0.04204
0.00685333
0
0
0
0
0
0
0
0
0
0
0
0
0
0
0
0
0
0
0
0.000273333
0.00826333
0.0122467
0.0182467
0.0107
0.00928667
0.000406667
0.00325
0.00027
0
0.00027
0
0
0
0
0
0
0
0
0
0
0
0
0
0
0
0
0
0
0.00180667
0.0240333
0.0511033
0.0175533
0.06729
0.00856667
0.00614333
0.00069
0.00042
0.00042
0
0
0
0
0
0
0
0.000696667
0.000696667
0.00114
0.000443333
0.000536667
9.33333e-05
9.33333e-05
0
0
0.00180667
0.00396667
0.13016
0.126017
0.0443067
0.0160733
0.01135
0.00115
0.00073
0
0
0
0
0
0.000346667
0.00104333
0.00906
0.00915667
0.0141567
0.00623333
0.00756
0.00186333
0.00177
0
0
0.00216
0.00251333
0.09833
0.174583
0.0298633
0.03325
0.0192633
0.00073
0
0
0
0.00035
0.000696667
0.00523
0.0128967
0.02661
0.0277733
0.0338567
0.0215667
0.0200667
0.00596667
0.00455333
0.000356667
0.000356667
0.000353333
0.000353333
0.02988
0.0907833
0.0202167
0.01995
0.00906333
0.00073
0
0
0
0.00035
0.00453667
0.00907
0.02278
0.0326533
0.0421867
0.0422267
0.0362
0.02633
0.01294
0.00526333
0.00106667
0.000356667
0
0
0
0.0224833
0.00310667
0.00307667
0.00018
0.00018
0
0
0.00418667
0.00418667
0.0182467
0.01406
0.0281267
0.0144233
0.0224567
0.00874667
0.0091
0.00106667
0.00071
0
0
0
0
0
0.00015
0.00015
0.00015
0.00018
0
0
0
0
0
0
0.000356667
0.000713333
0.00107
0.000713333
0.000356667
0
0
0
0
0
0
0
0
0
0
0
0
0
0.000356667
0.000356667
0.000356667
0
0
0
0
0
0
0
0
0
0
0
0
0
0
0
0
0
0
0
0
0
0
0
0
0
0
0
0
0
0
0
0
0
0
0
0
0
0
0
0
0
0
0
0
0
0
0
0
0
0
0
0
0
0
0
0
0
0
0
0
0
0
0
0
0
0
0
0
0
0
0
0
0
0
0
0
0
0
0
0
0
0
0
0
0
0
0
0
0
0
0
0
0
0
0
0
0
0
0
0
0
0
0
0
0
0
0
0
0
0
0
0
0
0
0
0
0
0
0
0
0
0
0
0
0
0
0
0
0
0
0
0
0
0
0
0
0
0
0
0
0
0
0
0.00034
0.00034
0.00034
0
0
0
0
0
0
0
0
0
0
0.00034
0.00068
0.00068
0.00034
0.000356667
0.000356667
0.000356667
0
0
0
0
0
0
0
0.000403333
0.000743333
0.0049
0.00449667
0.00671667
0.00291667
0.00932
0.00676
0.0127
0.00629667
0.00629667
0
0
0
0
0
0
0.0103
0.02499
0.02181
0.0315467
0.0228567
0.0415867
0.03399
0.0606833
0.0393933
0.0659967
0.0329
0.0444767
0.0115767
0.0119533
0
0
0
0
0
0.0378367
0.0436467
0.0405367
0.0467333
0.0576733
0.07922
0.09891
0.106977
0.102937
0.0735333
0.0490467
0.0203667
0.0152767
0
0
0
0
0
0
0.05845
0.08788
0.09896
0.10595
0.0836267
0.0561267
0.0294533
0.0172833
0.0524333
0
0
0
0
0.116547
0.163317
0.0934033
0.0516967
0.06053
0.0783633
0.07068
0.0689533
0.04249
0.03049
0.0553967
0.210663
0
0
0
0
0
0
0
0
0.000313333
0.000156667
0.000156667
0
0
0
0
0
0.00751
0.00766667
0.000156667
0
0
0
0
0
0
0
0.03788
0.0449567
0.0267067
0.0115667
0.00421333
0
0
0
0
0.000196667
0.000196667
0
0
0
0
0
0.00454333
0.000296667
0.02192
0.00778667
0.0246833
0.03658
0.02607
0.0232733
0.00833333
0.00441333
0.0002
0
0
0
0.000196667
0
0
0
0.000296667
0.000296667
0.00354
0.00336667
0.0103767
0.00713333
0.01093
0.00410333
0.00430333
0.000383333
0.0002
0
0
0
0
0
0.000196667
0
0
0
0
0
0.000123333
0.000123333
0.000123333
0
0.000183333
0.000183333
0.000183333
0
0
0
0
0
0
0
0
0
0
0
0
0
0
0
0
0
0
0
0
0
0
0
0
0
0
0
0
0
0
0
0
0
0
0
0
0
0
0
0
0
0
0
0
0
0
0
0
0
0
0
0
0
0
0
0
0
0
0
0
0
0
0
0
0
0
0
0
0
0
0
0
0
0
0
0
0
0
0
0
0
0
0
0
0
0
0
0
0
0
0
0
0
0
0.000356667
0.000356667
0.000356667
0
0
0
0
0
0
0
0
0
0
0
0
0.00071
0.00106667
0.00106667
0.000356667
0.00209
0.00209
0
0
0
0
0
0.00071
0.00142
0.00561667
0.00490667
0.00628667
0.00418
0.0139367
0.0118467
0.00985333
0
0
0
0
0
0
0.000356667
0.00106667
0.0091
0.01294
0.02875
0.0228067
0.03721
0.0304467
0.0469833
0.02848
0.0192133
0
0
0
0
0
0.000443333
0.0008
0.00173333
0.00932333
0.0150333
0.03062
0.0328333
0.0453667
0.05302
0.0614
0.0593167
0.0356333
0.0173967
0
0.00145333
0.00145333
0.00189667
0.00702667
0.00650667
0.0105067
0.0114433
0.0207567
0.02656
0.0392433
0.05317
0.05944
0.0572067
0.0376067
0.02148
0.00145333
0.0226433
0.0256333
0.0276767
0.0218633
0.0266433
0.03822
0.03672
0.0440133
0.03185
0.0276767
0.01116
0.00171333
0.0177733
0.0360967
0.02926
0.03938
0.0352633
0.03199
0.0212833
0.0125367
0.02011
0.02888
0.0379533
0.03788
0.0461433
0.05441
0.0443733
0.231603
0.11531
0.08707
0.10601
0.19798
0.212583
0.09217
0.06763
0.07467
0.09582
0.12397
0.12588
0.120637
0.11649
0.189913
0.241907
0.0616233
0.0669033
0.05096
0.0659233
0.0336167
0.11751
0.0806133
0.102127
0.10091
0.0848733
0.0613
0.0819467
0.165557
0.0201667
0.03257
0.0447967
0.0189933
0.0455467
0.00712667
0.00436333
0.01429
0.03032
0.0248667
0.00345667
0.02972
0.000166667
0.00345333
0.01293
0.000166667
0.000756667
0.000756667
0.00012
0
0
0
0
0
0
0
0
0
0
0
0
0
0
0
0
0
0
0
0
0
0
0
0
0
0
0
0
0
0
0
0
0
0
0
0
0
0.397373
0.29068
0.05457
0.0659133
0.03706
0.0965867
0.0643967
0.138573
0.0686333
0.171543
0
0
0
0
0.331973
0.21431
0
0
0
0.0998667
0.127363
0
0.00205333
0.0270467
0.0319033
0
0.01778
0.00108333
0.00589667
0.0226567
0.00503333
0
0.00131333
0.00065
0.00062
0
0.00076
0
0
0.000186667
0.00011
0.00011
0
0
0.000186667
0
0
0
0
0.00053
0
0
0
0
0
0
0
0
0
0
0
0
0
0
0
0
0
0
0
0
0
0
0
0.000156667
0.000156667
0
0
0
0.000356667
0.000513333
0
0
0.01534
0.00707333
0
0
0
0.02162
0.0574033
0
0.000416667
0.000676667
0.01171
0.05677
0.0612933
0.0981633
0.000416667
0.00107667
0.0271767
0.0726133
0.09408
0.11294
0.0734067
0.00245
0.0136467
0
0
0
0
0
0
0
0
0
0
0
0
0
0
0
0
0.00088
0.00621333
0.05611
0.07752
0.08387
0.1183
0.13861
0.0870067
0.06224
0.0136267
0.00959667
0
0
0
0
0.0398133
0.02885
0.05918
0.00611667
0
0
0
0
0
0
0
0
0
0
0
0
0
0
0
0
0
0
0
0.000616667
0.000616667
0.000273333
0.00337667
0.00475667
0.0226133
0.0204633
0.07638
0.0785
0.03606
0.0114633
0.0099
0.0145867
0.04946
0.0510333
0.122697
0.332813
0.791083
0.55272
0.635223
0.676033
0.69802
0.39208
0.32964
0.494043
0.228747
0.07545
0.0297867
0.05124
0.0334133
0.0312
0.03709
0.0343367
0.0639767
0.0558
0.00486333
0.000623333
0.000196667
0.000393333
0.000196667
0.00311667
0.00312667
0.00838333
0.00546333
0.00570333
0.000446667
0.000446667
0
0
0
0
0
0
0
0
0
0
0
0.000176667
0.000176667
0.00306333
0.00288667
0.00764
0.00518
0.00560667
0.000853333
0.01286
0.00517
0.04697
0.0161267
0.00813333
0.00434333
0
0
0
0
0
0
0
0
0
0
0
0
0
0
0
0
0
0
0
0
0
0
0.00024
0.000513333
0.00819667
0.01564
0.03665
0.0352733
0.0504267
0.0319867
0.0631133
0.0940167
0.0851267
0.0467333
0.08801
0.0783667
0.0226433
0.0400267
0.0430467
0.0559967
0.16081
0.0660367
0.105253
0.0457067
0.04156
0.01727
0.01866
0.08691
0.0318767
0.04945
0.00390333
0.00378333
0.0266033
0.01326
0.000233333
0.000233333
0.0243333
0.00741333
0.01216
0
0
0.00215
0.000816667
0.00805
0
0
0
0
0
0
0.000636667
0
0
0
0
0
0
0
0
0
0
0
0
0
0
0
0
0
0
0
0
0
0
0
0
0
0
0
0
0
0
0
0
0
0
0
0
0
0
0
0
0
0
0
0
0
0
0
0
0
0
0.000403333
0
0
0
0
0
0
0.00639333
0.000653333
0.000376667
0.00481333
0
0
0.0313633
0.01461
0.0113
0.0441767
0.0833033
0.20976
0.22477
0.145397
0.334157
0
0
0
0.33389
0.27789
0.110047
0.21809
0.0506533
0.0584633
0.0741933
0.072
0.0579833
0.08796
0.114433
0.237933
0
0.00087
0
0.00106667
0.00948
0
0
0.0174233
0.00901
0
0
0.00188
0.0106933
0
0
0
0.00188
0
0
0
0
0
0
0
0
0
0
0
0
0
0
0
0
0.00496333
0
0
0.00457333
0
0
0.00026
0.00595
0
0
0.00026
0.00052
0.00431
0.00595
0
0
0.00128333
0.00128333
0.00405
0.0132733
0.00424333
0.0299833
0.01445
0.05673
0.0405667
0.05666
0.0703233
0.05498
0.0254
0.0201667
0.000716667
0.00500667
0.0149133
0.0143433
0.01931
0.04003
0.0457533
0.07936
0.0877667
0.10622
0.0870967
0.0814067
0.0440567
0.0369467
0.0173467
0.06782
0.09911
0.0668233
0.0685833
0.0753967
0.0633033
0.08572
0.0703933
0.0852033
0.05482
0.0439133
0.0382567
0.201007
0.233963
0.129847
0.0358767
0.03448
0.129147
0.291897
0.05051
0.02783
0.01573
0.10433
0.06359
0.0874167
0.07286
0.103537
0.30065
0.180467
0.201943
0.31019
0.0805633
0.13898
0.0556
0.0540633
0.05612
0.0213933
0.0299867
0.03362
0.0200367
0.000166667
0
0
0
0
0
0.257233
0.299867
0.309977
0
0.00205333
0
0.00309333
0
0
0
0.00104
0.000186667
0
0
0
0.00724
0
0
0.02285
0.0164533
0
0
0.02523
0
0
0
0.01036
0.00124
0
0
0.000926667
0
0
0
0
0.00015
0
0.000626667
0.000476667
0
0.00780333
0.00547
0
0.0275067
0.0258367
0.000223333
0.000223333
0.0267867
0.04317
0.01396
0.02477
0.01938
0.0356267
0.111177
0.0788
0.04341
0.0969667
0.102493
0
0
0
0
0
0
0
0
0
0
0
0
0
0
0
0
0
0
0
0.000516667
0.00139667
0.00277
0.05215
0.101167
0.145907
0.15004
0.13525
0.11364
0.158033
0.06945
0.0208367
0.00959667
0
0
0
0
0.0692767
0.0718967
0
0
0
0
0
0
0
0
0
0
0
0
0
0
0
0
0
0
0
0
0
0
0
0
0
0
0
0
0
0.00017
0.00354
0.00664333
0.0402833
0.0278433
0.0364167
0.00335
0.00143
0.0274667
0.108213
0.0157733
0.0187033
0.0741
0.185817
0.594497
0.45012
0.854603
0.804
0.3498
0.27289
0.206447
0.0225
0.0715367
0.04556
0.0733967
0.0238133
0.00979667
0.0252867
0.0220233
0.0477767
0.0240433
0.00836333
0
0
0.000206667
0.000206667
0.000206667
0
0
0
0
0
0
0
0
0
0
0
0
0
0
0
0
0
0
0
0.000426667
0.000426667
0.000426667
0
0.0119667
0.00811667
0.03066
0.00948667
0.01708
0.00474333
0.0004
0
0
0
0
0
0
0
0
0
0
0
0
0
0
0
0
0
0
0
0
0
0.00024
0.00048
0.00452
0.0119633
0.0187933
0.0360367
0.0687633
0.0990333
0.08453
0.08903
0.02148
0.0607667
0.07911
0.10754
0.0611033
0.0798367
0.07297
0.0710767
0.122383
0.179723
0.14647
0.0699567
0.12536
0.19764
0.08364
0.0947567
0.0340333
0.0136867
0.0297133
0.0245133
0.000966667
0.00389333
0.002
0
0.00015
0
0
0
0
0
0
0
0
0
0
0
0
0
0
0
0
0
0
0
0
0
0
0
0
0
0
0
0
0
0
0
0
0
0
0
0
0
0
0.415353
0
0
0
0
0.353243
0
0
0
0
0.00087
0
0
0
0
9.66667e-05
9.66667e-05
0.000586667
0.00049
0.00088
0.00039
0
0.00039
0
0
0
0
0.00102333
0.00931333
0.09351
0.25918
0.347877
0.03718
0.13686
0.227303
0.08718
0.358363
0.357027
0.309507
0.16781
0.0790267
0.0301667
0.0429933
0.01926
0.0323667
0.00726333
0.00774333
0.00397667
0.000636667
0
0
0
0
0
0
0
0
0
0
0
0
0
0
0
0
0
0
0
0
0
0
0
0
0
0
0
0
0
0
0
0
0
0
0
0
0
0
0
0.381833
0.314307
0.125063
0.232077
0.0639633
0.0727133
0.0820133
0.0746733
0.105443
0.224263
0
0
0
0
0
0
0
0
0.27445
0.172327
0
0
0
0
0.15897
0.237177
0
0
0.03885
0.01287
0.0379333
0
0
0.00042
0.0032
0.00683333
0.0108133
0
0
0.00104
0
0
0.000433333
0.000433333
0
0
0
0
0.00104
0
0
0.000186667
0
0
0
0
0
0
0
0
0
0
0
0
0
0
0
0
0.00689667
0.00718
0
0
0
0
0
0
0
0.01235
0.0276767
0
0
0
0
0
0
0
0
0.0237433
0.0276933
0.000696667
0
0
0
0
0
0
0
0.0128233
0.0254333
0.00324333
0.01079
0
0.000696667
0
0
0
0
0.00144667
0.00422333
0.00329667
0.000706667
0.00310333
0.00298667
0.000706667
0.0136133
0.00725333
0.0301267
0.0269867
0.0249767
0.0391067
0.00439667
0.0197367
0.00254667
0
0
0
0
0
0
0
0
0
0.00052
0.00052
0.00052
0.00038
0.00076
0.00677333
0.009
0.0230467
0.0233933
0.0285733
0.0219333
0.01617
0.0102333
0.00244667
0
0
0
0.00015
0.00015
0
0
0
0
0
0
0
0
0.00038
0.000983333
0.00699667
0.0144067
0.02823
0.0364933
0.03649
0.0279833
0.0143033
0.00695333
0.00103333
0.000436667
0
0
0
0
0
0.00015
0.0003
0.000156667
0
0
0
0
0
0
0
0
0
0.000323333
0.000926667
0.00158333
0.00905
0.0143433
0.0279633
0.0223333
0.0223567
0.00819
0.00646667
0.000546667
0.000436667
0
0
0
0
0.00099
0.00099
0.00365
0.00281
0.000156667
0.000513333
0
0
0
0
0
0
0
0
0
0
0.000323333
0.000323333
0.00098
0.00099
0.00688667
0.00634
0.00816667
0.00227
0.00227
0.00011
0.00011
0
0
0
0
0.00099
0.00198
0.00864333
0.0103133
0.0135433
0.00527667
0
0
0.00065
0.000426667
0.000596667
0.00017
0
0
0
0
0
0
0
0
0
0
0.000333333
0.000333333
0.000443333
0.00011
0.00011
0
0
0
0
0
0
0
0.00099
0.00099
0.00765333
0.00846333
0.01687
0.05445
0.000416667
0.000416667
0.0201233
0.00681333
0.00993667
0.00394333
0.00377333
0.000426667
0.000256667
0
0
0
0
0
0
0
0
0
0
0
0
0
0
0
0
0
0
0
0
0
0.0001
0.0001
0.00217667
0.00387667
0.08073
0.126073
0.00066
0.00107667
0.0942767
0.0609833
0.04641
0.0514067
0.0244733
0.0264433
0.00476333
0.00779667
0.000313333
0.00057
0
0
0
0
0
0
0
0
0
0
0
0
0
0
0
0
0
0.0001
0
0.00033
0.0002
0.00533
0.00338333
0.03106
0.12698
0.12681
0.0117967
0.0118567
0
0
0
0
0
0
0
0
0
0
0
0
0
0
0
0
0
0
0.000516667
0.000516667
0.00189
0.00304667
0.0529433
0.0852
0.137557
0.11417
0.00768667
0.05026
0.0333867
0.0803133
0.0996433
0.0715267
0.01857
0.01207
0.00083
0
0
0
0.112917
0.09105
0.0354333
0.0439167
0
0
0
0
0
0
0
0
0
0
0
0
0
0
0
0
0
0
0
0
0
0
0
0
0
0
0.00363667
0.0135267
0.03463
0.0662233
0.0206967
0.0528167
0.00192
0
0
0
0.0191567
0.02556
0.00757667
0.0126933
0.01852
0.0769967
0.566227
0.189287
0.450693
0.68558
0.592727
0.360977
0.0116667
0.00274
0.00268333
0.00647667
0.00425
0.04678
0.04411
0.00411667
0.00019
0
0
0
0
0
0
0
0
0
0
0
0
0
0
0
0
0
0
0
0
0
0
0
0
0.00026
0.00411
0.0109733
0.0646333
0.0255233
0.0395567
0.00903333
0.00447333
0.000583333
0.000183333
0
0
0
0
0
0
0
0
0
0
0
0
0
0
0
0
0
0
0
0
0.00024
0.000443333
0.00448333
0.00424333
0.01111
0.01687
0.05728
0.0572033
0.08319
0.0701167
0.0536367
0.0202267
0.04514
0.0647367
0.0571967
0.0808833
0
0
0
0
0
0.00143
0.000183333
0.0345667
0.00493
0.11407
0.06314
0.102173
0.0928267
0.0336867
0.08352
0.03581
0.00980333
0.000453333
0.00553
0
0
0
0
0
0
0
0
0
0
0
0
0
0
0
0
0
0
0
0
0
0
0
0.00697667
0.00822333
0.0380433
0.09365
0.141103
0.0643233
0.00524
0.0199967
0.06858
0.0165767
0.00551
0.00123667
0.000453333
0
0
0
0
0
0
0
0
0
0
0
0
0
0
0
0
0
0
0
0
0.000553333
0.00753
0.0174733
0.0737733
0.02528
0.0479633
0.000233333
0.00378333
0.0126333
0.00111333
0.000783333
0
0
0
0
0
0
0
0
0
0
0
0
0
0
0
0
0
0
0
0
0
0
0
0
0.000553333
0.00137
0.0113133
0.0214933
0.0131633
0
0.000233333
0.00233
0.00033
0
0
0
0
0
0
0
0
0
0
0
0
0
0
0
0
0
0
0
0
0
0
0
0
0
0
0
0.000816667
0.0270267
0.0292467
0
0
0.002
0
0
0
0
0
0
0
0
0
0
0
0
0.00022
0.00022
0.00044
0.00022
0.00022
0
0
0
0
0
0
0
0
0
0
0
0.03825
0.0218
0
0
0
0
0
0
0
0
0.000153333
0.000153333
0.00195667
0.00180333
0.00662
0.00503667
0.00528
0.000683333
0.000463333
0.00022
0
0
0
0
0
0
0
0
0
0
0.01823
0
0
0
0
0
0
0
0
0
0
0.0047
0.000153333
0.00650333
0.0200233
0.0202933
0.0252367
0.0118067
0.00745
0.000703333
0.00046
0
0
0
0
0
0
0
0
0
0.00385333
0.0043
0
0
0
0
0
0
0
0
0.0434367
0.0338267
0.0345767
0.0269
0.0132033
0.00667667
0.00068
0.00022
0
0
0
0
0
0
0
0.00019
0.00019
0
0
0
0
0
0
0.0118767
0.0259233
0.00632667
0.00033
0.00022
0
0
0
0
0
0
0
0
0
0
0
0
0
0.00011
0.00011
0
0
0
0
0
0
0
0
0
0
0
0
0
0
0
0
0
0
0
0
0
0
0
0
0
0
0
0
0
0
0
0
0
0
0
0
0
0
0
0
0
0
0
0
0
0
0
0
0
0
0
0
0
0
0
0
0
0
0
0
0
0
0
0
0.000476667
0
0
0
0
0
0
0.00673333
0.00650667
0.0049
0.00443667
0
0
0
0.03038
0.0327433
0.05979
0.0381533
0
0.0918667
0.19227
0
0.32793
0.187767
0.283777
0.39468
0.3031
0.05619
0.0624933
0.0388733
0.0892633
0.06599
0.13041
0.0752633
0.22102
0.00107
0
0.00571333
0
0.0311633
0.0139267
0
0
0.0353333
0.0368867
0
0
0.02252
0.0144333
0
0
0.00593
0.00219
0
0
0.00031
0
0
0
0
0
0
0
0
0
0
0
0
0
0
0
0
0
0
0.00056
0
0.00388667
0
0.0145167
0.00485
0.0121767
0.106573
0.0651467
0.372073
0.26734
0.429587
0.03059
0.0534367
0.333533
0.208193
0.0759633
0.11574
0.0926633
0.0673733
0.13863
0.103437
0.253453
0.322927
0.23951
0.0877267
0.06195
0.01597
0.0329433
0.0585867
0.00223
0.01075
0.00468333
0.03392
0.00360333
0.00130333
0.00737
0.0216933
0.000226667
0.00267667
0.00722
0.00404667
0.00888667
0.00628667
0.0108833
0.01134
0.0442667
0.0281
0.0712533
0.0697967
0.04422
0.0689267
0.00532
0.02445
0.000113333
0
0
0.000236667
0.000523333
0.00173333
0.00204667
0.00614333
0.0146867
0.0355933
0.0372267
0.0473567
0.0282533
0.0274433
0.00756
0.00520667
0
0
0
0
0
0.000286667
0.000286667
0.000836667
0.00055
0.0103033
0.00975333
0.01577
0.00611333
0.00846667
0.00245
0
0
0
0
0
0
0
0
0
0
0
9.66667e-05
9.66667e-05
9.66667e-05
0
0
0
0
0
0
0
0
0
0
0
0
0
0
0
0
0
0
0
0
0
0
0
0
0
0
0
0
0
0
0
0
0
0
0
0
0
0
0
0
0
0
0
0
0
0
0
0
0
0
0
0
0
0
0
0
0
0
0
0
0
0
0
0
0
0
0
0
0
0
0
0
0
0
0
0
0
0
0
0
0
0
0
0
0.00013
0.00013
0
0.000353333
0.000353333
0.000353333
0
0
0
0
0
0
0
0
0
0
0
0
0
0.00013
0.00198
0.00754667
0.00605
0.00676333
0.00106667
0.000713333
0
0
0
0
0
0
0
0
0
0
0
0.000556667
0.00647667
0.0079
0.0219567
0.0217333
0.0364267
0.0229533
0.02289
0.00634667
0.00634333
0.00071
0.00071
0
0
0
0
0
0
0
0.000426667
0.000426667
0.00518
0.0111
0.0287
0.0381333
0.0553633
0.05388
0.0530033
0.0354867
0.0196533
0.00705333
0.00213
0.00142
0.00071
0
0
0
0
0
0
0
0.000743333
0.00549667
0.01639
0.0336733
0.05975
0.0720067
0.0918967
0.0743767
0.0680067
0.0308
0.0189133
0.00284333
0.00213333
0.00071
0
0
0
0
0.000356667
0.0011
0.00181
0.0123467
0.03723
0.06735
0.0865933
0.0988833
0.10039
0.0870333
0.0578633
0.02695
0.0108833
0.00213667
0.000713333
0
0
0.0916
0.163097
0
0
0
0
0.000356667
0.000713333
0.00142333
0.00632667
0.0315967
0.0455633
0.07044
0.0577133
0.0753733
0.04872
0.0445667
0.01223
0.00946
0.000713333
0.000713333
0
0
0.16603
0.20836
0.123337
0.08179
0.0747667
0.07505
0.0715867
0.07441
0.169687
0.273487
0
0
0
0
0
0
0.000356667
0.000356667
0.00561667
0.00526
0.0199367
0.0146767
0.0275767
0.0129
0.0163833
0.00348333
0.00348333
0
0
0
0.0810433
0.0804667
0.0814967
0.0740833
0.07046
0.07109
0.102153
0.105637
0.20539
0
0
0
0
0
0
0
0
0
0
0
0
0
0.0541333
0.07919
0.0756933
0.0728167
0.0759367
0.0674267
0.07261
0.05708
0.0575233
0.0376867
0.0548767
0.0415067
0.0612033
0
0
0
0
0
0
0
0
0
0
0
0
0
0
0
0
0
0
0
0.00278
0.00397333
0.0289267
0.0307
0.05241
0.0302833
0.0478067
0.0292233
0.0457233
0.0258967
0.03207
0.01284
0.0180133
0.00795333
0.0142567
0
0
0
0
0
0
0
0
0
0
0
0
0
0
0
0
0
0
0
0
0
0.00119333
0.00155
0.00610333
0.00537
0.00784
0.004
0.00786
0.00503333
0.00657
0.00225
0.00234667
9.66667e-05
0.00053
0
0
0
0
0
0
0
0
0
0
0
0
0
0
0
0
0
0
0.00211
0.00630333
0.00501
0.00501
0.00153
0.00142667
0.00107
0.000356667
0
0
0
0
0
0
0
0
0
0
0
0
0
0
0
0
0
0
0
0
0
0
0
0
0.000363333
0.00457333
0.00596333
0.0204067
0.02039
0.02667
0.0125833
0.0091
0.00142333
0.00106667
0.000356667
0
0
0
0
0
0
0
0
0
0
0
0
0
0
0
0
0
0
0
0
0
0
0.000363333
0.000726667
0.00703
0.0108767
0.0308833
0.0390233
0.04959
0.0372533
0.0270067
0.01294
0.00526333
0.00106667
0.000356667
0
0.00047
0.00047
0
0
0
0.000136667
0.000136667
0.000696667
0.00056
0.00056
0
0
0
0
0
0
0
0
0.000353333
0.000716667
0.00665
0.0126
0.0270133
0.04145
0.05551
0.05551
0.0375867
0.02142
0.00664333
0.00455333
0.000356667
0.000356667
0.00611333
0.000943333
0.00061
0.000136667
0.00254333
0.00254333
0.0199367
0.01809
0.0179533
0.0173933
0
0
0
0
0.000353333
0.000706667
0.00141667
0.00699667
0.0231667
0.0372333
0.04572
0.04956
0.03898
0.0270067
0.007
0.00280333
0.000356667
0
0.00862667
0.00632333
0.00151
0.000966667
0.00485333
0.00690333
0.02416
0.02494
0.00824333
0.000696667
0
0
0
0
0.00036
0.000713333
0.00107
0.00142
0.00597333
0.02214
0.0270067
0.03652
0.0217333
0.0203533
0.00593333
0.00455333
0.000356667
0.000356667
0.00378333
0.00100667
0.00103667
0.00500333
0.00936333
0.0249867
0.0377333
0.0487133
0.04028
0
0
0.00176333
0.00176333
0.00737333
0.00597
0.00842333
0.00317
0.00874333
0.0111967
0.0119067
0.01155
0.00664333
0.00731333
0.00173667
0.00173667
0
0
0
0.000373333
0.000373333
0.00597667
0.00736667
0.0218133
0.02182
0.0336767
0.0216833
0.03085
0.0231633
0.0249067
0.0111967
0.00597333
0.00177667
0.00071
0
0
0
0
0.000373333
0.00110333
0.00670667
0.0143667
0.0280833
0.0372567
0.0428433
0.04876
0.04876
0.04956
0.0333933
0.0228133
0.00910333
0.00526333
0.00106667
0.000356667
0
0
0
0
0.000356667
0.00108667
0.00179667
0.00947333
0.01294
0.0270067
0.02142
0.0375867
0.0283867
0.04036
0.0217333
0.0203533
0.00593333
0.00455333
0.000356667
0.000356667
0
0
0
0
0.000356667
0.000356667
0.00106667
0.00106667
0.00526333
0.00455333
0.00664333
0.00280333
0.00838
0.00593333
0.00731333
0.00173667
0.00173667
0
0
0.00492
0
0
0
0
0
0
0
0
0
0.000356667
0.000356667
0.000356667
0
0.000356667
0.000356667
0.000356667
0
0
0
0
0.00860333
0.00368333
0
0
0
0
0
0
0
0
0
0
0
0
0
0
0
0
0
0
0
0.0389367
0.00439
0.000706667
0
0
0
0
0
0
0
0
0
0
0
0
0
0
0
0
0
0
0.0852
0.04267
0.00890667
0.00149
0.000706667
0
0
0
0
0
0
0
0
0
0
0
0
0
0
0
0
0.0006
0.0006
0
0
0
0
0
0
0
0
0
0
0
0
0
0
0
0
0
0
0
0.00093
0.00260333
0.00599333
0.0386933
0.0598
0.08292
0.0698833
0.0776
0.03994
0.0640367
0.00872
0.02534
0.000626667
0.00482
0
0.000313333
0
0
0
0
0
0
0
0
0
0
0
0
0
0
0
0
0.00023
0.0001
0.00161333
0.00036
0.00588667
0.00711
0.0257833
0.02609
0.0312367
0.0103633
0.00428
0.00124667
0.08354
0.0559933
0.01338
0.00882333
0.00140667
0.000783333
0
0
0
0
0
0
0
0
0
0
0
0
0
0
0
0
0
0.0006
0.00331333
0
0
0
0
0
0
0
0.000416667
0
0
0
0
0
0
0
0
0
0
0
0
0
0
0
0
0
0.000266667
0.05931
0.02432
0.05476
0.0108633
0.00185667
0.00696333
0.000233333
0.000856667
0
0
0
0
0
0
0
0
0
0
0
0
0
0
0
0
0
0
0.00271333
0
0.00013
0
0.00013
0.000266667
0.00989
0.0101567
0.0243467
0
0
0
0
0
0
0
0
0
0
0
0
0.00117333
0.004
0.00208
0
0
0.00117333
0
0.00117333
0.09449
0.0233433
0.0280967
0.00875333
0
0.01223
0
0.307483
0.273887
0.0656467
0.134063
0.299343
0.452293
0.0400833
0.152497
0.243257
0.0564733
0.0237533
0.08987
0.05415
0.19113
0.0008
0.0186033
0.0178533
0.0602233
0.0118633
0.0056
0.0112633
0.00541
0.00336
0.01401
0.00362667
0.0109167
0.000266667
0.000323333
0.00019
0.00019
0
0.0098
0
0.01039
0.0175567
0.0111533
0.0128867
0.00846667
0
0
0
0
0
0
0
0
0
0
0
0.00704667
0.00336
0.01743
0
0
0
0
0
0
0
0
0
0
0
0
0
0
0
0
0
0
0
0
0
0.00026
0.000566667
0.00743
0.0407167
0.01226
0.0803767
0.0598067
0.03938
0.0602967
0.01396
0
0
0
0
0
0.000183333
0
0.00368333
0.000183333
0.0351433
0.00532333
0.0205367
0.0485333
0.0226033
0.00585
0.00421
0.00032
0.000183333
0
0
0
0
0
0
0
0
0
0
0
0
0
0
0
0
0
0.000203333
0.000203333
0.0395133
0.0411033
0.0133233
0.0146167
0.00419667
0.00488333
0.000163333
0.000306667
0
0
0
0
0
0
0
0
0
0
0
0
0
0.00103
0.00103
0.00471667
0.0219567
0.0357733
0.0101133
0.00527667
0
0.00024
0
0
0
0
0
0
0
0
0
0
0
0
0
0
0
0
0.0656233
0.0484767
0.0226633
0.0147233
0.00469667
0.000806667
0.000163333
0
0
0
0
0
0
0
0
0
0
0
0.00103
0.00272
0.01996
0.0486067
0.0193833
0.0113133
0.00112333
0.000643333
0
0
0
0
0
0
0
0
0
0
0
0
0
0
0
0
0.00169
0.0120433
0.0093
0.000586667
0.00048
0
0
0
0
0
0
0
0
0
0
0
0
0
0
0
0
0
0
0.00834333
0.00512
0.000106667
0
0
0
0
0
0
0
0
0
0
0
0
0
0
0
0
0
0
0.0232567
0.00617
0.00174667
0.00059
0.000946667
0.000356667
0.000713333
0.000356667
0.000356667
0
0
0
0
0
0
0
0
0
0
0
0.0377367
0.0249633
0.01035
0.00422
0.00725667
0.00514
0.0091
0.00526333
0.00490667
0.000356667
0
0
0
0
0
0
0
0
0
0
0.0200833
0.02314
0.0149333
0.0149167
0.02226
0.02073
0.0344233
0.02491
0.0214267
0.00526
0.00142
0.00071
0.00071
0
0
0
0
0
0
0
0.00422667
0.00652667
0.00359333
0.00894333
0.02262
0.0359533
0.0460333
0.0460333
0.0431233
0.02803
0.01677
0.00632667
0.00597333
0.00106667
0.000356667
0
0
0
0
0
0
0
0.00113333
0.00568
0.0212867
0.000563333
0.000373333
0.00110333
0.00563667
0.0218033
0.0294633
0.04036
0.0399967
0.04276
0.0448633
0.0339667
0.03294
0.01539
0.0111933
0.00106667
0.00071
0
0
0
0
0
0.00113333
0.00162
0.0172267
0.0202633
0.0339333
0.0240967
0
0
0
0.00490667
0.00597333
0.0143633
0.02598
0.0407167
0.05197
0.0533533
0.05581
0.0462933
0.0367767
0.0192267
0.00982333
0.00143333
0.000723333
0
0
0
0
0
0
0
0.000486667
0.000703333
0.00487333
0.00476
0.0103133
0.00624667
0.00598333
0.000213333
0
0
0
0
0
0.00106667
0.00597333
0.0224967
0.0315567
0.0462933
0.0438333
0.0519667
0.0463867
0.0407133
0.02282
0.00948
0.00109
0.000723333
0
0
0
0
0
0.000356667
0.000356667
0.000713333
0.000573333
0.000573333
0.00059
0.000373333
0.000476667
0.000103333
0
0
0
0
0
0
0.000356667
0.00526333
0.00562
0.01539
0.01084
0.0245467
0.0199967
0.0337033
0.0213767
0.0161667
0.00210333
0.000366667
0
0
0
0
0
0
0.00174333
0.00174333
0.00594
0.00455333
0.00910333
0.00526333
0.00526333
0.000713333
0.000356667
0
0
0
0
0
0
0
0
0
0
0
0.000356667
0.000356667
0.000713333
0.000713333
0.00107
0.00107
0.00629
0.00593333
0.00731333
0.00173667
0.00173667
0
0
0
0
0.000356667
0.000356667
0.00594
0.00732667
0.0213967
0.02001
0.0263
0.01678
0.0132933
0.00561667
0.00142333
0.000713333
0.000356667
0
0
0
0
0
0
0
0
0
0.000356667
0.000356667
0.000713333
0.000713333
0.000713333
0.000713333
0.000356667
0.000356667
0
0
0
0
0
0
0
0.000356667
0.00490667
0.01049
0.0263
0.03582
0.0443
0.0361667
0.02629
0.0129367
0.00526
0.00142333
0.000713333
0.000356667
0
0
0
0
0
0
0
0.00173667
0.00173667
0.00731333
0.00593333
0.0104833
0.00526333
0.00490667
0.000356667
0
0
0
0
0
0
0
0
0
0
0.000356667
0.00490667
0.00945667
0.0252667
0.0262933
0.0358067
0.0213767
0.0199933
0.00593
0.00455
0.000356667
0.000356667
0
0
0
0
0
0
0.000356667
0.000356667
0.00455333
0.00593333
0.02
0.02138
0.0241933
0.0146767
0.01365
0.0091
0.00455
0
0
0
0
0
0
0
0
0
0
0.000356667
0.000713333
0.00526333
0.00526333
0.0104833
0.00593333
0.00731333
0.00173667
0.00173667
0
0
0
0
0
0
0
0.000476667
0.000833333
0.000713333
0.00142667
0.00526667
0.02108
0.0344333
0.0319733
0.0203533
0.0104833
0.0132967
0.00874667
0.00455
0
0
0
0
0
0
0
0
0
0.000356667
0.000356667
0.000713333
0.000356667
0.000356667
0
0
0
0
0
0
0
0
0
0
0.01271
0.00681
0.00669
0.00142667
0.00562
0.0214333
0.0262967
0.0234833
0.00905
0.00767
0.00612333
0.00438667
0.000653333
0.000463333
0
0
0
0
0
0
0
0
0
0
0
0
0.000356667
0.000356667
0.000713333
0.000356667
0.000356667
0
0
0
0
0
0.0519333
0.0340367
0.0470533
0.0256067
0.0199867
0.00526333
0.00661
0.01183
0.0183967
0.01843
0.0130433
0.03738
0.0267267
0
0
0
0
0
0
0
0
0
0
0.00209333
0.00209333
0.00802667
0.00629
0.007
0.00142333
0.00106667
0.000356667
0
0
0
0
0
0.148713
0.111143
0.146157
0.0999633
0.08087
0.02234
0.00419
0.00318333
0.0139433
0
0
0
0
0
0
0
0
0.00209333
0.00209333
0.01222
0.01222
0.03119
0.0269967
0.0414267
0.0231667
0.0217833
0.00526
0.00490667
0.000356667
0.000356667
0
0
0
0.273623
0.273137
0.0774033
0.0293933
0.01471
0.0276867
0.0279267
0.05223
0.161303
0.16195
0
0
0
0
0
0
0.000356667
0.000356667
0.00802667
0.00976333
0.0325733
0.03503
0.05785
0.05401
0.0628533
0.0544633
0.0414267
0.0270067
0.01084
0.00526333
0.000713333
0.000356667
0
0
0.235863
0.102887
0
0
0
0
0.000356667
0.000713333
0.01084
0.0181533
0.0398967
0.05258
0.07156
0.0743733
0.0658867
0.0582067
0.0353867
0.0269967
0.00802667
0.00629
0.000356667
0.000356667
0
0
0
0
0
0
0
0.000356667
0.00106667
0.0111933
0.0315567
0.0529467
0.06108
0.06701
0.05258
0.0486433
0.02235
0.0167733
0.00245
0.00209333
0
0
0
0
0.0002
0.0002
0
0
0
0
0
0.00071
0.00142
0.02214
0.02598
0.04353
0.0245467
0.0276667
0.00940667
0.00802667
0.000356667
0.000356667
0
0
0
0
0.00577333
0.00113
0.00093
0
0
0
0
0
0.00071
0.00142
0.00177667
0.00561667
0.00490667
0.00628667
0.00173667
0.00173667
0
0
0
0
0
0
0.0310867
0.01391
0.0105667
0.00223
0.0013
0
0.00173667
0.00173667
0.00593333
0.00490667
0.00561667
0.00177667
0.00106667
0.000356667
0
0
0
0
0
0
0
0
0.03641
0.0196033
0.0109367
0.00295667
0.00165667
0.00593333
0.00731333
0.02138
0.02
0.0262967
0.01294
0.0132933
0.00526
0.00490667
0.000356667
0.000356667
0
0
0
0
0
0.0141367
0.0116967
0.00173
0.00165667
0.00490667
0.0104833
0.0262967
0.0358133
0.0443033
0.0361667
0.0276767
0.01816
0.0101267
0.00490667
0.000356667
0.000356667
0
0
0
0
0.00405
0.00417
0.00043
0.00043
0.000356667
0.00490667
0.00945667
0.02527
0.0262967
0.0358133
0.02138
0.02138
0.00731333
0.00557667
0
0
0
0
0
0
0.00031
0.00031
0
0
0
0.000356667
0.000713333
0.00526333
0.00526333
0.0104833
0.00593333
0.00731333
0.00173667
0.00173667
0
0
0
0
0
0
0
0
0
0
0
0
0
0.000356667
0.00065
0.00100667
0.000943333
0.00065
0.000293333
0
0
0
0
0
0
0
0
0
0
0
0.00177667
0.00177667
0.00562667
0.00414333
0.00828333
0.00472667
0.00443333
0.000293333
0
0
0
0
0
0
0
0
0.00028
0.00028
0.00556
0.00705667
0.02088
0.01945
0.0331467
0.0234633
0.0201567
0.00468333
0.000543333
0
0
0
0
0
0.00056
0.00461
0.00961
0.0248767
0.03465
0.0425467
0.0424733
0.03233
0.0196967
0.00447667
0.000796667
0.000253333
0
0
0
0
0
0
0.00028
0.00028
0.00458667
0.00433
0.0200167
0.0201333
0.01711
0.0326567
0.0168567
0.00368
0.00393333
0.000253333
0.000253333
0
0
0
0
0
0
0
0
0
0
0
0
0
0
0
0
0
0
0
0
0
0
0
0
0
0.00056
0.0415233
0.158093
0.212943
0.243843
0.273143
0.34128
0.175143
0.07995
0.0990067
0.17138
0.0982133
0.301357
0.100643
0.0933267
0.0720433
0.197587
0.11017
0.0803667
0.0801033
0.0779467
0.0990967
0.113193
0.141953
0.12995
0.14976
0.276587
0.10706
0.10306
0.07114
0.08053
0.0876
0.07608
0.0805233
0.0835667
0.0565367
0.102597
0.0724
0.0511067
0.05686
0.04286
0.05829
0.0679167
0.0910533
0.0805
0.0246933
0.0643
0.0465733
0.0337633
0.02466
0.0280033
0.0549233
0.06355
0.06599
0.03277
0.0142967
0.05026
0.0306567
0.03336
0.0202133
0.0243233
0.02646
0.03897
0.0316433
0.0230033
0.0157967
0.0293833
0.0310967
0.0553433
0.0465967
0.0587233
0.03126
0
0
0
0
0
0
0
0
0
0
0
0
0
0.000113333
0.00104333
0.00361667
0.00689333
0.00996
0.0301667
0.04017
0.0549667
0.03724
0.02806
0.00926667
0.00452667
0.000313333
0.000313333
0
0
0
0
0
0
0
0
0
0
0.000913333
0.00123
0.000316667
0.000633333
0.0006
0.000316667
0.000283333
0.000283333
0
0
0
0
0
0
0
0
0.00013
0.00013
0.00135333
0.00148333
0.00135333
0.00270667
0.00471
0.00606333
0.00684
0.01121
0.00349
0.00987333
0.000533333
0.00356667
0
0.000416667
0
0
0.000693333
0.000563333
0.000913333
0
0
0
0
0
0
0
0
0
0
0
0
0
0
0.0210233
0.0255467
0.0157533
0.0101867
0.00589667
0.00489667
0.000233333
0
0
0
0
0
0
0
0.000436667
0.000436667
0.00487333
0.00951
0.00456667
0.00563667
0
0.000946667
0
0.0251
0.00751333
0.0392833
0.0288167
0.0271367
0.00590333
0.0101033
0.000463333
0.000463333
0
0
0
0
0
0
0
0
0
0
0
0
0
0
0
0
0
0.00796667
0.00173
0.0105767
0.01372
0.00168333
0.00168333
0.06355
0.0252133
0.0205067
0.0289067
0.00786333
0.0154833
0.00943333
0.101677
0.0442433
0.0196333
0.0156
0.0678433
0.0396733
0.01055
0.01372
0.0277033
0.0151533
0.0317833
0.0105533
0.00016
0.00326333
0.00315667
0.00353
0.000143333
0.00082
0.000143333
0
0
0
0.000913333
0.000323333
0.00191667
0.00147667
0.00576
0.00561333
0.00306667
0.00735333
0.00092
0.00327667
0.00017
0.00109
0
0.00017
0
0
0
0
0
0
0
0
0
0
0
0
0
0
0
0
0.000336667
0.000336667
0.00220333
0.00254
0.00444667
0.00665
0.0068
0
0
0
0
0
0
0
0
0.000393333
0.000393333
0
0
0
0.00589333
0.00603333
0.00085
0.000993333
0.000143333
0.000143333
0
0
0
0
0
0.00235333
0.00235333
0
0
0
0
0
0
0
0
0
0
0
0
0
0
0
0
0.000613333
0.00570333
0.0104867
0.0361333
0.0310433
0.0346367
0.00868333
0.00892333
0.00024
0.00024
0
0
0
0
0.000113333
0.000113333
0.00221333
0.00232667
0.00209667
0.00431
0.00262
0.00471667
0.00014
0.00276
0.00024
0.00014
0.0001
0
0
0
0
0
0
0.00169
0.00351333
0.00533667
0.00547
0.00378333
0.00209667
0.000273333
0.000136667
0
0
0
0
0
0.000536667
0.000806667
0.00474
0.00420333
0.00012
0.00012
0.000216667
9.66667e-05
0.000453333
0.000626667
0.000626667
0.00027
0
0
0.00012
0.00217333
0.00635333
0.00475333
0.00537
0.00107
0.000713333
0
0
0
0
0.000503333
0.000623333
0.00688
0.00833333
0.02277
0.0208133
0.0354067
0.0215633
0.0218333
0.00528333
0.00457
0
0
0
0.00439
0.0132867
0.0156567
0.0363733
0.0420333
0.05071
0.04604
0.03609
0.0257267
0.00953333
0.00492667
0.000356667
0
0.00056
0.03736
0.0661533
0.0627967
0.0672367
0.04949
0.0416067
0.0328767
0.0231933
0.0102133
0.00631333
0.00106333
0.0103733
0.0102267
0.05781
0.0938367
0.10931
0.102077
0.114843
0.08336
0.07582
0.0518133
0.0559767
0.0360867
0.0234567
0.0639233
0.05609
0.21807
0.137527
0.153
0.127167
0.107487
0.10542
0.266323
0.19109
0.15831
0.135047
0.100207
0.0727033
0.0897667
0
0
0
0
0
0
0
0
0
0
0
0.000113333
0.000113333
0.00257333
0.00268667
0.00553333
0.00657
0.0165267
0.0189267
0.00665
0.0200433
0
0.00505333
0
0
0
0
0
0
0
0
0
0
0
0
0
0.03259
0.0380233
0.0319933
0.00694667
0
0
0
0
0
0
0
0
0
0
0
0
0
0
0
0
0.00034
0.00034
0.000116667
0.000456667
0
0.000116667
0
0.000563333
0.000913333
0.00156
0.03292
0.000116667
0
0.000516667
0.000116667
0.000683333
0.0004
0.000283333
0.000283333
0
0
0
0
0
0
0
0
0.04725
0.0433467
0.0447233
0.01132
0.0116233
0.00581
0.00549333
0.000893333
0.00087
0.000366667
0
0.000503333
0
0
0
0
0
0.00187333
0.00187333
0.00761
0.00668333
0.0123067
0.0241567
0.0410233
0.0524333
0.0470333
0.01827
0.03466
0.00128667
0.00654667
0.00018
0.000643333
0
0
0
0
0
0
0
0
0
0
0.00077
0
0.00077
0.0225067
0.00077
0.02342
0.05318
0.0618967
0.04525
0.02838
0.00596333
0.0230367
0.000503333
0
0
0
0
0.000423333
0.000423333
0.0065
0.00795
0.0259167
0.0255767
0.0324967
0.0201533
0.0232033
0.0322233
0.05453
0.05113
0.0296
0.0140433
0.0507333
0.06807
0.0866033
0.0880167
0.0812333
0.06218
0.05435
0.02367
0.0381133
0.00827333
0.000983333
0.00048
0
0
0
0.000766667
0.00119
0.01138
0.01669
0.0463767
0.0541533
0.0700367
0.04872
0.0414667
0.0282933
0.04403
0.04333
0.0196467
0.0502433
0.03429
0.0533133
0.0372733
0.0617467
0.03913
0.0463467
0.0305267
0.03093
0.0278833
0.01325
0.00596
0.00048
0
0
0.000766667
0.00554667
0.0157367
0.0233333
0.0486633
0.0568733
0.07047
0.0470667
0.03938
0.0371433
0.01932
0.0358667
0.0401467
0.00851667
0.00784
0.01398
0.00717667
0.01691
0.0274633
0.0234433
0.03786
0.00761
0.0227233
0.00548
0
0.000323333
0.00510333
0.00566667
0.0137067
0.0132133
0.03105
0.0250433
0.0274633
0.00998333
0.00952667
0.00790333
0.00963333
0.00698333
0.00069
0.00750333
0
0.00069
0
0
0
0
0
0
0
0
0
0
0
0.00316667
0.00016
0.00616333
0.00123
0.00343333
0.01283
0.0393567
0.0446433
0.0576133
0
0
0
0
0
0
0
0.000983333
0.000983333
0.00511
0.0057
0.00659333
0.01131
0.00833
0.00213
0.02726
0.00957333
0.0300333
0.00062
0.00784
0.000196667
0.000816667
0
0.000196667
0
0
0
0
0
0
0
0
0
0
0
0.000306667
0
0.000306667
0.00539667
0.000306667
0.00509
0.00509
0.000166667
0.000166667
0
0.000166667
0
0
0
0
0.000466667
0.000353333
0.00662333
0.00476333
0.01035
0.01255
0.0177833
0.0212033
0.00538
0.0183067
0.00667333
0.00919333
0.00289333
0.00932667
0.00016
0.00295333
0
0.00016
0
0.00169
0.00351333
0.00169
0.00196
0.000563333
0.000563333
0
0
0
0
0.0222933
0.01695
0.00128667
0.00100333
0
0
0
0
0
0
0
0
0
0
0
0
0
0
0
0
0.00153667
0.00153667
0.00159667
0.00313333
0
0.00159667
0
0
0
0
0
0
0
0
0.00021
0
0.00072
0.00021
0.00051
0.06989
0.0582233
0.0541933
0.0121567
0.0270433
0.00178
0.00078
0.000986667
0.000916667
0.000303333
0.00126667
0.000613333
0.00103667
0.000653333
0.00086
0.000383333
0.00133667
0.000476667
0.00086
0.00131667
0.000456667
0.00075
0.000293333
0.000586667
0.000293333
0.000293333
0
0
0
0
0
0
0
0
0
0.00397667
0.0184333
0.04671
0.0796567
0.0971367
0.0197767
0.00578667
0.00532333
0.01988
0.00986667
0.00558667
0.00529333
0.000293333
0
0
0
0
0
0
0
0
0
0
0.00199333
0.00211
0.00812667
0.00653333
0.01137
0.00563667
0.00537333
0.00042
0.000503333
0.0201
0.00809333
0.00811333
0.000843333
0.000663333
0
0
0
0
0
0
0
0
0
0
0.00077
0.00154
0.0232767
0.0038
0.0275167
0.06617
0.0423067
0.0377733
0.0455133
0.0321633
0.0290367
0.00644667
0.00218667
0.00074
0.00074
0
0
0
0
0
0.000326667
0.000326667
0.00455667
0.00622333
0.0229367
0.0247233
0.04555
0.03379
0.0397733
0.01709
0.0161667
0.00453333
0.0049
0.0625067
0.0797667
0.01279
0.00999333
0.03473
0.03802
0.0631967
0.07053
0.0637733
0.0591033
0.07335
0.0700367
0.06414
0.03649
0.0189267
0.00721333
0.00576667
0.00074
0
0
0
0
0
0.000326667
0.00532333
0.00955333
0.0218267
0.0335433
0.0530333
0.0632533
0.05854
0.0514333
0.0317433
0.0270333
0.0118233
0.05778
0.0729133
0.0220533
0.05371
0.0691833
0.0757667
0.07771
0.0400867
0.0593067
0.0579767
0.07669
0.0670067
0.05777
0.03072
0.0195267
0.00707333
0.00502667
0
0
0
0
0
0
0.00499667
0.00647333
0.0190733
0.0377967
0.05598
0.0473733
0.0381167
0.0836533
0.0425033
0.0381367
0.0564433
0.0799767
0.0907033
0.0729633
0.01094
0.00678667
0.0154167
0.0104867
0.01717
0.0320733
0.0221167
0.0383367
0.0186933
0
0
0
0
0.00147667
0.00246
0.02618
0.02942
0.0449833
0.0247867
0.0235767
0.00134
0.00065
0.00065
0
0
0
0
0
0
0
0
0
0
0.00300667
0.00827333
0.0426467
0.0129733
0.02732
0.00753
0.0124667
0.00277
0.00948333
0.00015
0.00272333
0
0.00015
0
0
0
0
0
0
0
0
0
0
0
0
0.00033
0.00033
0.000126667
0.000456667
0.000766667
0.000726667
0.00734
0.00268667
0.00926
0.00013
0.00265
0
0.00013
0.000353333
0
0.00516333
0.000866667
0.0171533
0.0116267
0.03425
0.028
0.0282733
0.0407967
0.0300533
0.0362067
0.0281533
0.04636
0.0123467
0.0311133
0.00236667
0.01176
0
0.00220667
0.000103333
0.000103333
0.00247333
0.00204667
0.00204667
0
0
0.000776667
0
0
0
0
0
0
0
0
0
0
0
0.000126667
0.000126667
0.00058
0.000453333
0.000453333
0
0.000126667
0.000126667
0.00058
0.000453333
0.000453333
0
0
0
0
0
0.000133333
0.000133333
0.00253333
0.00261
0.00722667
0.00533667
0.00560333
0.0883767
0.06516
0.0344
0.0125767
0.0022
0
0
0
0
0
0
0
0.0001
0.0001
0.00214333
0.00217
0.00644
0.00485
0.00550333
0.00123333
0.00327333
0.00262
0.00894667
0.00690667
0.0116233
0.00529667
0.00519333
0.00035
0.00035
0
0.000353333
0.000486667
0.00491333
0.00696
0.0235533
0.0237433
0.0349567
0.0187067
0.0209133
0.00760333
0.01398
0.00777
0.0206633
0.0144633
0.0274333
0.01462
0.02157
0.00846333
0.01579
0.00904667
0.01304
0.01978
0.0136667
0.00182
0.00115667
0
0
0
0
0
0
0
0
0
0.00103667
0.00180667
0.0235433
0.0740667
0.03099
0.00988
0.00291333
0.00149
0
0
0
0
0
0
0
0
0.000356667
0.000456667
0.00475333
0.00644
0.02061
0.0205833
0.0271033
0.0136133
0.0202267
0.0141567
0.0338567
0.0293
0.03551
0.0198733
0.0142533
0.0059
0.00105667
0.00035
0
0.000353333
0.00140667
0.00583333
0.0180667
0.03374
0.0635767
0.0646033
0.0880967
0.0606567
0.0883267
0.05496
0.0940533
0.0659667
0.08976
0.0574267
0.0852967
0.0622533
0.0889233
0.0555667
0.0708867
0.0351033
0.0422433
0.0988567
0.0676533
0.0440867
0.0756
0.0626067
0.06985
0.0603767
0.0422267
0.02086
0.00969
0.00272333
0.00149
0
0
0
0
0
0
0
0
0
0.000356667
0.00106333
0.00536
0.01301
0.0265733
0.0368767
0.0374333
0.0378867
0.03417
0.0483367
0.0540933
0.0654867
0.05146
0.0359833
0.0144133
0.00606667
0.00106333
0.000356667
0
0.0007
0.00175333
0.00314
0.0150267
0.02697
0.0598467
0.07283
0.100053
0.10117
0.116883
0.12604
0.136577
0.145417
0.126687
0.0965567
0.0875
0.0971067
0.0856733
0.09281
0.0755767
0.0607933
0.144343
0.0726933
0.05346
0.06361
0.05721
0.05351
0.03301
0.01851
0.00639
0.00177333
0.00054
0
0
0
0
0
0
0
0
0
0
0.000706667
0.00138667
0.00939333
0.0129567
0.0268767
0.02163
0.0320833
0.0261633
0.0461333
0.05012
0.0637167
0.0492533
0.0355467
0.0138567
0.00594667
0.000943333
0.000356667
0
0.0007
0.00086
0.00224667
0.00522333
0.01806
0.0276767
0.04957
0.05186
0.0762367
0.0802233
0.114313
0.116487
0.137053
0.103463
0.0541533
0.04505
0.0593367
0.11188
0.103907
0.0290133
0.02791
0.03646
0.0282067
0.0388067
0.02502
0.0229233
0.00734
0.00530667
0.00069
0.00054
0
0
0
0
0
0
0
0
0
0
0
0.00068
0.00101
0.00528
0.00472667
0.00715667
0.00348667
0.01204
0.0158533
0.0339633
0.0278033
0.0294967
0.0109167
0.00898333
0.000716667
0.000586667
0
0
0.000513333
0.000673333
0.00749
0.0106533
0.0256367
0.0298233
0.0387333
0.0388767
0.0488733
0.0658433
0.0694833
0.0860367
0.0658733
0.0627333
0.0273867
0.0267267
0.05184
0.0432967
0.00887
0.00818
0.00065
0
0
0
0
0
0
0
0
0
0
0.00243333
0.0077
0.0343067
0.01416
0.00231333
0.00115667
0
0
0
0
0
0
0
0
0
0.00103667
0.0816867
0.102077
0.0052
0.0265133
0.13855
0.11803
0.12509
0.00659667
0.00440667
0.0798633
0.0454967
0.00824
0.00071
0.00071
0
0
0
0
0
0
0
0
0.00243333
0.00243333
0.0360167
0.02408
0.00277667
0.00115667
0
0
0
0
0
0
0
0
0
0
0.0666333
0.000243333
0.00440667
0.0718233
0.000243333
0.000243333
0.0402967
0.00304
0.00071
0
0
0
0
0
0
0.000356667
0.000356667
0.000713333
0.000356667
0.000356667
0.0135367
0.0150133
0.00192
0.00162
0
0
0
0
0
0
0
0
0
0
0.0156667
0.04776
0
0.000243333
0.000113333
0.000113333
0
0
0
0
0.000356667
0.000713333
0.00491
0.00491
0.0101933
0.00599667
0.00575333
0.000443333
0.0003
0
0
0
0
0
0
0
0
0
0
0
0
0.0369967
0.0049
0.000546667
0.000433333
0.00247
0.00014
0
0
0.000356667
0.000713333
0.00526333
0.00910333
0.0228767
0.0239667
0.036
0.0219833
0.0167767
0.000143333
0
0
0
0
0
0.000356667
0.000356667
0.000356667
0
0
0
0.000143333
0
0
0.00257333
0.000143333
0.00257
0.000433333
0
0.00014
0
0.000356667
0.000713333
0.00526333
0.0104867
0.02426
0.03594
0.04659
0.0371667
0.02137
0.00514
0
0
0
0
0.00173667
0.00173667
0.00731333
0.00593333
0.0104967
0.00492
0.00456333
0
0
0
0
0
0
0
0
0
0
0.000356667
0.00593667
0.00558
0.02181
0.0204267
0.0251333
0.00962667
0.00543
0.000723333
0
0
0.000356667
0.000356667
0.00593333
0.00731333
0.0213767
0.0213767
0.03587
0.02637
0.0212267
0.00499667
0
0.000433333
0
0
0
0
0
0
0
0
0
0.00035
0.00454667
0.00525333
0.00562667
0.00143
0.000723333
0
0
0
0.000356667
0.000713333
0.00142333
0.00664333
0.01432
0.0276733
0.03629
0.0444867
0.0309733
0.0172133
0
0
0.000983333
0.000433333
0
0
0.000366667
0.000716667
0.00879
0.00913
0.0228333
0.01476
0.01579
0.00173667
0.00173667
0
0.000356667
0.000356667
0.00106667
0.00142
0.00945333
0.0143833
0.0278667
0.0199467
0.0148567
0.000663333
0.00055
0
0
0
0
0
0.00465
0.00501667
0.01309
0.02892
0.0383233
0.04641
0.03195
0.0182633
0.00210333
0.000366667
0
0
0
0
0.000356667
0.00106667
0.00142333
0.00670667
0.00599667
0.00575333
0
0.000113333
0.000113333
0
0
0
0
0
0.00465
0.00657333
0.02277
0.0322533
0.04649
0.0348433
0.0210767
0.00528333
0.000733333
0.000366667
0
0
0
0
0
0.000356667
0.000356667
0.000713333
0.000356667
0.000356667
0
0
0
0
0.000113333
0
0
0.00203667
0.00384667
0.0178667
0.0204933
0.0232333
0.00981333
0.00563
0.00108
0.000366667
0
0
0
0
0
0
0
0
0
0
0
0
0
0
0
0.000113333
0.000113333
0
0
0.00192333
0.00216667
0.00671667
0.00562
0.00107
0.000713333
0
0
0
0
0
0
0
0.000453333
0.000453333
0.00139333
0.00094
0.00130667
0.000366667
0
0.000366667
0
0.00017
0
0
0
0.000526667
0.00128333
0.00146667
0.00071
0.000353333
0
0
0
0
0.00708667
0.000333333
0.00294
0.00260667
0.00892667
0.00677333
0.01415
0.00877
0.01361
0.0066
0.00750667
0.000753333
0.00566
0.000366667
0.000273333
0.0153367
0.00585667
0.0051
0.0104267
0.00568
0.00765333
0.00197333
0.00224667
0.0241333
0.0199867
0.04182
0.0310933
0.07034
0.05555
0.0900733
0.0535133
0.0612
0.0203567
0.000923333
0.00470667
0.0234333
0.00471
0.02479
0.0257533
0.0306767
0.0416133
0.0233367
0.0228
0.00739
0.0135133
0.204693
0.0593267
0.09081
0.07745
0.102257
0.0403
0.20196
0.03733
0.18774
0.0568267
0.0863533
0.0692433
0.0923167
0.06415
0.0989467
0.06372
0.223157
0.29223
0.181427
0.125373
0.143767
0.13401
0.23002
0.216943
0.33967
0.220487
0.31612
0.187017
0.253127
0.175537
0.207327
0.328583
0.518697
0.41235
0.54532
0.236203
0.250823
0.5127
0.302003
0.302317
0.33486
0.199507
0.37513
0.434733
0.376233
0.539323
0.349297
0.394463
