0.168543
0.120723
0.14714
0.19211
0.13331
0.157087
0.13557
0.137837
0.222793
0.172667
0.61083
0.151323
0.551223
0.59174
0.47709
0.42761
0.317407
0.458853
0.316287
0.1766
0.141937
0.238693
0.166427
0.159147
0.12236
0.08262
0.146057
0.0621967
0.04235
0.10196
0.06392
0.0881167
0.0325867
0.0871267
0.11508
0.0880867
0.0660833
0.0656067
0.10515
0.0655767
0.0554433
0.0326733
0.0389733
0.0375467
0.0761467
0.130607
0.0572833
0.0416733
0.0133533
0.0233933
0.02523
0.0278967
0.0248567
0.0358967
0.14335
0.0975833
0.0129533
0.0685433
0.00740333
0.0414933
0.0480667
0.0246867
0.0572667
0.0374433
0.0165167
0.00158333
0.0325467
0.0417167
0.00775
0.0302067
0.0425467
0.00820667
0.01442
0.151403
0.1542
0.0108
0.0962933
0.00141667
0.05846
0.00108
0.000386667
0.00146667
0.0324033
0.000386667
0.0005
0.00203667
0.12115
0.0607
0.05398
0.0353667
0.136183
0.0181367
0.0381467
0.01448
0.150223
0.142337
0.147353
0.156897
0.218873
0.132153
0.0579767
0
0
0
0.00883667
0
0.00165
0
0
0.000113333
0.15188
0.157763
0.134357
0.13758
0.110423
0.0933533
0.149347
0.0499733
0.102073
0.103307
0.00210333
0.0629333
0.00119
0.0220233
0.0202333
0.00904333
0.00903333
0.00223667
0.00153667
0.132563
0.14878
0.15942
0.119053
0.136483
0.116137
0.0962633
0.111567
0.107273
0.0515267
0.04364
0.02641
0.01976
0.00119
0
0
0
0.00185333
0
0
0
0.09505
0.0779267
0.0694433
0.06541
0.0562733
0.02391
0.0293367
0
0.00115333
0
0
0.04334
0.04384
0.0320367
0.0388967
0.0521367
0.0219233
0.00438
0.0130033
0.00130333
0.00415667
0.00119
0.00179
0.0106467
0
0
0.00197667
0
0
0
0
0
0
0
0
0
0
0.0817
0.0780467
0.0425067
0.02063
0.0265233
0.0240867
0.00711
0.00126667
0
0
0.00115333
0
0
0
0
0
0
0
0
0.04616
0.01298
0.01241
0.00996333
0.00949667
0
0
0
0.000113333
0.000113333
0
0
0
0
0
0
0
0
0
0
0
0
0
0
0
0
0
0
0
0
0
0
0
0
0
0
0
0
0
0
0
0
0
0
0
0
0
0
0
0
0
0
0
0
0
0
0
0
0
0
0
0
0
0
0
0
0
0
0
0
0
0
0.000126667
0.000126667
0
0
0
0
0
0
0
0
0
0
0
0
0
0
0
0.000296667
0
0
0
0
0
0
0
0
0
0.000126667
0.00290667
0.00307667
0
0
0
0.000436667
0.00014
0
0
0
0
0
0
0
0
0.00290667
0
0
0.01723
0.0147033
0
0.00069
0
0.00014
0
0
0
0
0
0
0.00474
0
0.0347067
0
0
0.01511
0
0.00730667
0
0
0
0
0
0.00196
0
0
0.0225133
0
0.0679733
0
0.0221333
0
0.00156333
0.00339
0
0.00969667
0.0275033
0.03282
0.0149
0.00798667
0.00417
0.00642667
0
0
0
0
0.0574767
0
0.00858667
0.00191667
0.00326333
0.00265667
0.000126667
0
0
0
0.0244867
0.00796667
0.00012
0.00012
0
0
0.000273333
0.000273333
0.00417
0.00389667
0
0
0.00196
0
0.0696367
0.00134
0
0.0305167
0
0.01361
0.00505
0
0
0
0
0
0
0
0.00417
0
0
0.03077
0.0219433
0.0646067
0
0.0731467
0.0341967
0
0
0.000733333
0.000126667
0
0
0.000126667
0
0
0
0.0279367
0.01149
0.00958
0
0
0
0.00115333
0
0
0
0
0
0
0
0.0465833
0.0364033
0
0
0
0.00012
0
0.0299467
0.0234167
0
0
0
0
0
0
0
0
0
0
0
0
0
0
0
0
0
0
0
0
0
0
0
0
0
0
0
0
0
0
0
0
0
0
0
0
0
0.0133
0.00251333
0.0193833
0
0.0133133
0
0
0
0
0.00024
0.00376333
0.00185333
0
0.00991
0.0120833
0
0.00115333
0.00115333
0
0
0
0
0
0
0
0
0
0
0
0
0
0
0
0
0
0
0
0
0.00877667
0.0203133
0.00287
0.00287
0
0
0
0
0
0.0173133
0.00577667
0.00287
0
0
0
0
0
0
0
0
0
0
0
0
0
0
0.000273333
0.000273333
0
0
0.000273333
0.000546667
0
0
0
0.000113333
0.0229567
0
0
0
0
0
0.00402
0
0
0
0
0
0.00012
0
0
0
0
0.00135
0
0
0
0
0
0
0.000363333
0
0.00627
0
0
0
0
0
0
0
0
0
0
0
0
0
0
0
0.04715
0
0
0.0507033
0.0239033
0
0
0.08305
0
0
0
0
0
0.0577833
0.0168067
0
0
0
0
0
0
0.00210333
0.00183
0.00155667
0
0.00481
0
0
0
0.00239667
0.00228333
0.00682
0
0
0
0
0
0
0.000263333
0.000376667
0.00266
0
0
0
0
0
0
0
0
0
0
0
0
0
0
0
0
0.01368
0.0112967
0.000303333
0
0.0214633
0
0.00399333
0
0.00077
0.00019
0.00019
0
0.00012
0.00012
0.00215
0.00203
0.00535667
0.00352333
0.00014
0.00014
0.00014
0
0
0
0.000363333
0
0
0.0390833
0.0106533
0
0
0.000383333
0.000383333
0
0
0
0
0
0.0644067
0
0
0
0
0
0.102383
0.00024
0.000623333
0
0
0
0
0.00024
0
0
0.000166667
0
0
0.00341667
0.00051
0
0
0.00785667
0
0
0
0.000166667
0.000166667
0
0.000173333
0
0
0
0.000173333
0
0.0141233
0.0111433
0
0
0
0
0
0
0
0
0
0
0
0
0
0
0
0
0
0
0
0
0
0
0
0
0
0
0
0
0
0
0
0
0
0
0
0
0
0
0
0
0
0
0
0
0
0
0
0
0
0
0
0
0
0
0
0
0
0
0
0
0
0
0
0
0
0
0
0
0
0
0
0
0
0
0
0
0
0
0.00051
0.000303333
0
0
0
0
0
0
0
0
0
0
0
0
0.000196667
0.00014
0
0.000653333
0
0.000653333
0
0.00474667
0.000363333
0
0
0
0
0
0
0
0
0
0.04287
0
0
0
0.00285
0
0
0
0
0
0
0.00826333
0.0001
0.106213
0.0174967
0.11871
0.0095
0
0.01058
0.0095
0.0014
0.00113
0.00307
0
0.00199667
0
0.0980533
0.0612033
0.00943333
0
0.0184567
0.01006
0
0
0
0.000596667
0.00155667
0.00307333
0.00176667
0.00176667
0
0
0
0
0
0
0
0
0.000526667
0.000423333
0.00231667
0.00130667
0
0
0
0
0
0
0.00269667
0.0101167
0.0145033
0.00101
0
0
0
0
0
0
0
0
0
0
0
0
0
0.00015
0.000413333
0
0
0
0
0
0
0
0
0
0
0
0
0
0
0
0
0
0
0
0
0
0
0
0
0
0
0
0
0
0
0
0
0
0
0
0
0
0
0
0
0
0
0
0
0
0
0.0306933
0.00289333
0.03142
0
0
0.00077
0
0.00019
0
0
0
0
0.000196667
0.000196667
0
0
0.00619
0
0
0
0.02144
0
0
0
0
0
0
9e-05
0
0
0
0
0.00255667
0.0001
0
0
0
0.00613333
0.00280667
0.0176833
0.02041
0.0655
0
0
0.00542333
0.000986667
0
0
0.00892667
0.0001
0.000276667
0.00639
0.0396333
0
0
0
0.000293333
0.000293333
0
0
0.0180267
0
0
0.02134
0.0166267
0
0
0.01658
0.00818333
0.0241633
0.02211
0
0
0
0
0
0
0
0.00541333
0.03378
0
0
0
0
0
0
0.00586
0.00499
0
0
0
0
0
0
0.000973333
0.01131
0.00199667
0
0
0
0
0.000103333
0.02948
0.03111
0.00101
0
0
0
0
0
0
0.000263333
0.000263333
0
0
0
0.00016
0
0
0
0
0
0
0
0
0
0
0
0
0
0
0
0
0
0
0
0
0
0
0
0
0
0
0
0
0
0
0
0
0
0
0
0
0
0
0
0
0
0
0
0
0
0
0.02356
0.00484667
0.0292133
0.01108
0.00216
0.00216
0
0.00216
0
0
0.0102
0.00803333
0.00480333
0.00323
0.00388333
0.00513
0.0124933
9e-05
0
0
0
0.00847
0.00423333
0.0315533
0.0749
0.00018
0
0
0
0
0
0
0.01219
0
0
0
9.33333e-05
0.0102567
0.0479467
9.33333e-05
0.00962333
0.00953
0.01456
0.0208833
0.0551567
0.07179
0.0111533
0.0301167
0.000386667
0.0114567
0.0409633
0.000293333
0.0945267
0.00943333
0.0285167
0.0137333
0
0
0
0.000563333
0.00213
0.0822433
0
0
0.000386667
0.03669
0.0754233
0.0216333
0.0354933
0.0103467
0.04418
0.0144833
0
0
0
0
0
0
0
0.0168033
0.0265733
0.0257533
0.0539567
0.00488333
0.00311667
0
0
0.00361667
0
0
0.00427
0
0
0
0
0
0
0.03594
0.00101
0
0
0
0.000973333
0.00044
0
0
0
0
0.0310967
0
0
0
0
0.00015
0.00154333
0.00922667
0
0.000796667
0.00273667
0.00194
0.0021
0
0
0
0.00531667
0.00579333
0.00127333
0.000293333
0
0
0
0.000253333
0.00557
0.000166667
0.000253333
0
0.000166667
0
0
0
0
0
0
0
0
0
0
0
0
0
0
0
0
0
0
0
0
0
0
0
0
0
0
0
0
0
0.02982
0.0248933
0.00766667
0.00244667
0
0.000286667
0.000286667
0
0
0.00407667
0.02863
0.0101267
0
0
0
0.01757
0
0
0
0
0
0
0.02008
0.03779
0.0331967
0.0301167
0.112683
0.0265167
0
0
0
0
0
0
0
0.00102
0.151183
0.01247
0.01272
0.03144
0.02983
0.0510067
0.0197933
0.05049
0.04538
0.0131433
0.0120367
0.0952767
0.0974333
0.0467967
0.0385033
0.00115333
0.00115333
0
0
0.0252333
0
0
0
0
0
0
0
0
0
0
0.00114667
0.0240833
0.0372133
0.00231333
0.00346667
0
0
0
0.000956667
0.00134333
0.0192867
0.01038
0.00198
0
0
0
0
0.00114667
0.00381333
0.00645667
0.000663333
0.000663333
0.0177333
0.03411
0.00326
0
0
0
0.00392333
0.0193667
0
0
0
0
0.0261633
0
0
0
0
0.00114
0.0304767
0.03387
0.03071
0.01389
0
0
0.01523
0
0
0
0
0
0
0.00322667
0.000223333
0.000223333
0.000133333
0
0
0
0
0
0.00466
0.00612333
0.0114667
0.00824
0.00969667
0.00369
0.00039
0.0128533
0.00951333
0.01097
0.0177767
0.00667667
0.000416667
0.00581667
0
0.000163333
0.000166667
0
0
0
0
0
0
0
0
0
0
0
0
0
0
0
0
0
0
0
0
0
0.01172
0.00492
0.00646667
0
0.00708667
0.0077
0
0
0.0009
0.000286667
0
0
0
0
0.00393667
0.0288433
0
0.01022
0
0.00773667
0.00830667
0
0
0
0
0.01702
0
0
0.111707
0.0644033
0.04958
0.0703833
0.0497067
0.0628233
0.0619033
0.13476
0.0636833
0.05054
0.01404
0.0611567
0.0255333
0.0421867
0.01179
0.0329533
0
0
0.00496
0
0
0.00358
0.00325333
0
0
0.00297667
0.0233867
0.00289333
0
0
0
0.000136667
0
0.000663333
0.00213333
0.00343667
0.00398333
0.00289333
0
0.000956667
0.0043
0.02069
0.0370667
0.00904667
0
0
0
0
0
0.01056
0.000683333
0
0
0
0.00527667
0.0190767
0.01234
0.00049
0.00035
0
0.00139333
0.00886
0
0
0
0.000393333
0.000393333
0.0236767
0.0241067
0.0106933
0.00702
0.031
0.0381267
0.00756333
0.0287267
0.01187
0.00660333
0.00118667
0.00102
0
0
0
0
0
0
0
0
0
0
0
0
0
0
0
0
0
0
0
0
0
0
0
0
0
0
0.000613333
0.000613333
0
0
0.00407333
0
0.0280933
0
0
0
0.000926667
9e-05
0
0
0
0.0259867
0.00895333
0.0168433
0
0
0
0
0
0
0.00101667
0
0
0
0
0
0
0
0.000926667
0.133277
0.01084
0.0127633
0.000143333
0.0164067
0.0750533
0.04803
0.0453167
0.0188933
0.0462067
0.0379633
0.0327033
0.0394467
0.155603
0.13833
0.02547
0.02328
0.0131933
0.06416
0.0905667
0.0403567
0.0607233
0.06909
0.00340667
0.000513333
0
0
0.00687333
0
0
0
0
0
0
9e-05
9e-05
9e-05
9e-05
0
0.0316133
0
0
0
0.00032
0
0
0.00591667
0.00378333
0.00133333
0.00018
0.0228
0
0.000136667
0
0
0
0
0
0
0
0
0.000126667
0.0250767
0
0.00334333
0.00397333
0.00837333
0
0
0
0.00578
0.000126667
0.02045
0.0221667
0.00560667
0
0
0
0.0258333
0.00035
0
0
0
0.01151
0.00314333
0.00117
0
0
0.01422
0
0
0
0.000586667
0.000193333
0
0
0
0.0233833
0.0159033
0.0164167
0.00404333
0.00430333
0.01117
0.0141533
0.02927
0.0287567
0.0435833
0.0175567
0.0340967
0.0403
0.0415667
0.03545
0.000163333
0
0.03619
0.0242
0
0.02446
0.0001
0.00669667
0.00102
0
0
0
0
0
0
0
0
0
0
0
0
0
0
0
0
0
0
0.000136667
0
0.00958667
0
0.0346767
0
0.0163833
0.0250367
0.0192233
0
0
0.00888333
0.00209
0
0
0
0
0
0
0.0317267
0.0230033
0.0457667
0.0947767
0
0
0
0
0
0
0.00152667
0.0114433
0.09386
0.0108767
0.00984
0.0803933
0.0162267
0.0508767
0.03876
0.0213033
0.0119033
0.00211667
0.000513333
0
0.123063
0.10562
0.0505567
0.0264667
0
0.0758133
0.04985
0.0368033
0.0135867
0.000353333
0.00726667
0.00691333
0.00806
0.0247867
0.0342933
0.0216867
0.0366433
0
0
0.0402433
0
0
0.00032
0
0
0
0
0.01989
0.0216767
0.04903
0
0
0.000663333
0
0
0
0.0368533
0.00771333
0
0.0371333
0.01459
0
0.0226433
0.01329
0
0.0189533
0.01158
0
0.00839
0
0
0.0222367
0.0205367
0
0
0
0.0185633
0.02053
0.00310667
0.00046
0.00011
0
0
0.03596
0.0437067
0.02191
0
0
0
0
0
0.00398
0.01497
0.0251433
0.01123
0
0
0
0
0.0128567
0.0238733
0.000163333
0.00216333
0
0.02514
0
0
0.0216067
0.0387733
0.0001
0
0.04763
0.0453067
0.00951
0
0.00383333
0
0
0
0
0
0
0
0
0
0
0
0
0
0
0
0
0
0
0
0
0
0
0
0
0
0
0.0344133
0
0.000836667
0.00134333
0.000963333
0.00466667
0.00201333
0.01576
0.0189267
0
0.0120233
0.0145967
0.000143333
0.000143333
0
0
0
0
0
0
0
0
0.0006
0.00038
0.0116433
0.00173
0.00378667
0.00160333
0.00676667
0.00843333
0.111353
0.111183
0.00747667
0.0170633
0
0.0659233
0.04219
0.0496167
0.0335267
0.00041
0.000806667
0.00577333
0
0
0
0
0
0
0.000203333
0.000113333
0.0107867
0
0
0.0001
0.0001
0.0106667
0
0
0
0.000193333
0.000136667
0
0.00185333
0.00032
0.0283967
0.0116633
0.00939333
0.00036
0.00523667
0.00266333
0
0.00493
0
0
0
0.0001
0.0087
0.0007
0
0.0001
0.0001
0
0.00139333
0.00754667
0.00692333
0.00934333
0
0
0.00139333
0.00976
0.00063
0.00134
0
0
0
0.000193333
0
0
0.00171
0.0193233
0.0577767
0.0624433
0.0213433
0.0309167
0
0
0
0
0.00011
0
0
0.00844667
0
0
0
0
0
0
0.00376667
0.0139233
0
0
0
0
0.0001
0.0313767
0
0
0
0
0
0.00014
0.00014
0
0
0
0
0
0
0.000136667
0
0
0
0.00619333
0.00068
0
0.0377367
0.0313667
0
0
0.02757
0.0341067
0
0.0265567
0
0
0
0
0
0
0
0
0.00366
0.03386
0.000126667
0
0
0
0
0.00210667
0.0434533
0
0
0.0223033
0.01909
0.0299867
0
0.00729667
0.01042
0.0235367
0
0.0503
0.0294933
0.0322433
0.00500333
0.00798333
0.0253167
0
0.0175767
0.0493633
0.0419967
9e-05
0
0
0.000936667
0.0195767
0
0.00324
0
0.00018
0.01461
0.0273233
0.0116833
0
0.00147
0.00211333
0
0.0277267
0.02933
0.00861
0.00325333
0
0.00973
0
0
0.00124
0.0122833
0
0.00652667
0.0293133
0
0.00247667
0.0455
0.0176267
0.001
0.0468367
0.00127
0.05037
0.0929267
0.08475
0.10105
0
0
0
0.0134933
0.000516667
0.00111333
0.03133
0.0191833
0
0
0
0
0
0
0
0.00932
0.000983333
0.000563333
0.000596667
0
0.00181667
0
0.00121667
0.000563333
0.00981667
0
0.01892
0.00517667
0.00494333
0.02225
0.0381267
0.0502933
0.04475
0.0614933
0.0527133
0.03612
0.0214833
0.0110633
0.00383333
0
0
0
0
0
0
0
0
0.000383333
0.000383333
0
0
0
0.00617667
0.000543333
0
0.0137633
0.00667333
0
0.0257767
0
0
0
0
0.0209
0.00248
0
0.000126667
0
0
0
0
0
0
0
0.00468
0.00336
0.000486667
0.00082
0.00507
0.00669
0
0
0
0
0.00697
0
0
0
0
0
0
0.0821367
0.0726533
0.0367367
0.02832
0.03557
0.0172233
0.0316767
0.0339733
0.02629
0
0.000253333
0.000493333
0.00106667
0.00784
0.0242133
0
0
0.00525333
0
0
0
0.000476667
0.00468667
0.0043
0.01278
0.00868333
0.00349333
0.00284
0.00404333
0.00598
0.00608
0.0001
0
0
0
0.000423333
0
0
0
0
0.002
0.00921333
0
0
0
0
0
0
0
0.0007
0.00100667
0.0221067
0
0
0.04026
0
0.0121567
0.0232333
0
0
0
0
0
0
0
0
0
0
0.0336467
0.00186
0
0.0189
0.00124
0
0
0.0992133
0
0.0104467
0.02755
0.001
0.00354667
0.0595733
0
0
0.02299
0.0238033
0.0709
0.0489667
0
0.0145567
0
0
0
0.0392133
0.000563333
0
0
0
0
0.00131667
0.00666667
0.00164
0.0112433
0.00597
0.0532333
0.00169
0.07417
0.135337
0.126513
0.0364633
0
0.14307
0
0
0
0.000663333
0.000543333
0.0163433
0.0107
0.00012
0
0.0315833
0.0156133
0
0.000126667
0
0.0283167
0
0
0
0
0
0.000183333
0
0
0
0
0
0.00150667
0.000186667
0.00071
0
0.07605
0.00364333
0.00364333
0
0
0
0
0
0.00538667
0.000183333
0
0.0510133
0.00242
0.00554333
0
0
0
0.0126933
0.0276567
0.00323333
0.0368733
0.00223667
0.0202633
0.0385733
0.0440033
0
0
0
0.000476667
0.0105767
0.0012
0
0.00736333
0.00112667
0.00112667
0.00710667
0.06767
0.00246333
0.00450667
0.0136933
0.0281
0.04402
0.0438667
0.0281733
0.0102533
0
0.00379333
0
0
0.00018
0.05842
0.00662
0
0
0.00018
0.07673
0.0240733
0
0
0.00100667
0.00736667
0
0.000236667
0.06762
0
0.00938
0.0238233
0.0100833
0.00636333
0
0
0
0.00172333
0.00166667
0.0107833
0.00395333
0.0304367
0
0
0
0.00582
0.145273
0.166217
0.159713
0.000266667
0.01795
0
0
0.00526333
0
0.00407667
0
0
0
0
0
0
0
0
0.00176667
0
0.00154
0.00154
0.00180333
0.00334333
0
0.00247667
0.00127667
9.66667e-05
0.00656667
0.0125367
0.03226
0.00643667
0.000226667
0.000733333
0.000506667
0.0356233
0.0472167
0.0652867
0.0586167
0.0570033
0
0
0
0.000226667
0.03019
0.0113767
0.00414667
0.000413333
0.000413333
0
0
0.00179
0.00179
0.00714667
0.00588
0.00588
0
0
0.25398
0.37222
0.491953
0.00349
0.00116
0.00257667
0.00983667
0.00348333
0.0334633
0.000216667
9e-05
0
0
0.00133333
0
0
0
0
0
0
0
0
0.000186667
0.0755767
0.10521
0.07456
0
0
0
0.000186667
0
0
0.03151
0.00332667
0
0.00301333
0.01246
0
0.0223433
0.00205
0.000576667
0.000203333
0
0.000113333
0.000893333
0
0.01908
0.02581
0.00103667
0.00103667
0.00647667
0.00544
0.00544
0.00558667
0.00241
0
0
0
0
0.00666
0.00133333
0
0
0
0
0.0159233
0.0398233
0.0370667
0.03484
0.0156633
0
0
0.00138333
0
0
0.00103667
0.00354333
0.01273
0.0325467
0.02458
0.00161667
0.0031
0.00394
0
0
0.00600333
0
0
0
0
0.03243
0
0.0276533
0.03595
0
0.0474867
0.00726667
0
0
0
0.0422167
0
0
0
0.0290233
0
0
0.08782
0
0.00464
0
0.0285867
0.0679667
0.01084
0.0343
0.0166967
0.0343267
0.0733133
0.00539333
0.0488167
0.00294667
0.0551967
0.00195667
0.00459
0.00464
0.00960667
0.00176667
0
0
0
0.0387267
0.00165333
0.000113333
0.000113333
0
0
0
0
0
0.000163333
0
0.0100933
0.00850333
0.00779
0.00959333
0
0
0.00673
9.66667e-05
0.01859
0.02277
0.0293367
0.00042
0.00219667
0.0425333
0.0561967
0.0141767
0.0309433
0.00140667
0
0.190973
0.323893
0.01634
0.00322333
0.01168
0
0.00144
0
0
0
0
0
0
0.0913733
0
0.0716867
0
0
0
0
0
0.00332667
0.00332667
0
0
0
0.000113333
0
0
0
0.00108
0
0.00390333
0.0289933
0.00692667
0
0
0.0111433
0.01951
0.0410567
0.000893333
0
0.03592
0.001
0.02534
0
0.02585
0.0148133
0
0.000476667
0.0117133
0
0
0.00133333
0.000113333
0
0.02378
0.02463
0
0
0
0.000113333
0
0
0
0
0
0
0.0583333
0
0
0
0
0
0
0
0
0.000236667
0.000236667
0.000236667
0.0519167
0
0.04528
0
0
0
0
0.00292333
0.00756333
0
0.0147233
0
0.00523667
0.106793
0.02141
0.0122233
0.143323
0.20527
0.02248
0.0733733
0.00181667
0.00200667
0.0969067
0.03342
0.0346833
0.0220733
0.09003
0.07189
0.0275267
0.0212767
0.02611
0.00829
0
0
0
0
0.0131667
0.000733333
0.000583333
0.00473667
0
0
0.000226667
0.0156833
0.0112733
0.00553333
0
0
0
0
0
0
0.0842067
0.0718267
0.03835
0.0241733
0.00878333
0.00608667
0.00186333
0.00186333
0
0
0.205677
0.0116433
0.0104933
0.0101033
0.00375
0.000106667
0
0
0
0
0
0.102417
0
0
0
0
0
0
0
0
0.07698
0
0
0.0806
0.0693767
0
0
0
0
0
0
0.00511
0.00167667
0.00167667
0
0
0
0
0
0
0
0.05553
0.00365
0.00657
0
0.00149667
0.00257667
0.00981667
0
0
0.0259933
0.0404333
0.0163433
0
0
0
0.0156267
0.0234533
0.00608667
0.00480333
0
0
0
0
0
0.0253533
0.0415933
0
0.0364333
0.0170267
0
0
0
0
0.0419567
0
0.0743733
0
0
0.03058
0
0
0
0.120967
0.0931867
0.000156667
0.02736
0.0476167
0
0
0.08086
0.0984667
0.0189
0.0506633
0.0592267
0.21889
0.0162467
0.103417
0.166887
0.204703
0.03312
0.00581667
0.0835633
0.0418333
0.0261967
0.0626467
0.0356367
0.00250333
0.00468333
0.0305767
0.1158
0.167447
0.238243
0.255937
0.000193333
0.00019
0.00019
0
0.109407
0.0805133
0.01049
0.0562133
0.03471
0.0170567
0.0117233
0.00686333
0.000226667
0.000113333
0
0.03372
0.0412833
0.0147033
0.00555
0
0
0.0169267
0.03155
0
0
0
0.00026
0.0444833
0.0906933
0.111227
0.00145
0.00257
0.0111067
0.466073
0.0885533
0.613497
0.390227
9e-05
0
0
0.10574
0.154193
0.14967
0.160713
0
0.108743
0
0.0984
0
0
0
0
0
0
0.0628433
0
0
0
0.117933
0.00349333
0
0
0
0
0
0
0
0
0
0.0149533
0.00088
0.00086
0.000686667
0
0
0
0
0
0
0.03698
0
0
0
0
0.026
0.0503767
0
0.0112067
0
0
0
0.0180933
0.00636667
0.00474
0.00538667
0.0228333
0.0404167
0
0
0
0
0
0
0.00215667
0
0.0323633
0
0
0
0
0
0
0
0
0.0113433
0.0113433
0.0487733
0.0296967
0
0
0
0.01362
0.00265333
0.00924
0.0644567
0.0559367
0
0
0.01529
0.01529
0.0457233
0.0414
0.00265333
0
0.000156667
0
0.0124933
0.0154633
0
0.00308
0.0228767
0
0
0
0.0473233
0.0322367
0.0289667
0
0
0.00415
0
0.0161767
0.262273
0
0.00528
0.0527
0.27177
0.188467
0.00061
0.00061
0.00784333
0.105033
0.03756
0.104607
0.0422367
0.00616333
0.0428467
0.04477
0.0747067
0.129787
0.0139733
0.0289433
0.0435433
0
0
0.00440667
0.0191367
0.0338967
0
0.0806933
0.0368667
0.00026
0.00441333
0.0299067
0.0269033
0
0
0
0
0.00745
0.02454
0.06622
0
0.00116333
0.245173
0.0278533
0.273103
0.01293
0.0147033
0.01305
0.00274
0.00393
0.00128
0.00115333
0
0
0.16103
0.19099
0
0
0
0
0
0.00013
0.00310667
0
0
0.14334
0
0
0
0.00297667
0.00426
0
0
0
0
0
0
0.00360667
0.00349333
0
0
0
0
0
0
0.0653733
0.0646833
0
0
0
0
0.0398067
0.0330067
0.00480333
0
0
0
0
0
0
0
0
0
0
0
0.00149667
0.00396667
0
0.000376667
0.000376667
0
0
0
0
0
0.000376667
0.000933333
0.000933333
0
0
0
0.0170933
0
0
0
0
0
0
0.00522667
0
0
0.02572
0.000173333
0
0
0
0.05707
0.000576667
0
0
0.00415
0.00267333
0.0361767
0
0.0187967
0.0570767
0.0374633
0.52754
0
0.00025
0.0818067
0.342883
0.183297
0.19223
0.0662033
0.101127
0.183117
0.04059
0.0552967
0.01985
0.0225833
0.00269667
0.01186
0.01768
0.126523
0.200037
0.09971
0.168963
0.05414
0
0.165113
0.11485
0
0.0758567
0.321257
0
0.112263
0
0
0.00087
0
0.0111967
0.03436
0.0470433
0.0498467
0.0263
0.00744
0.000803333
0.000113333
0
0
0
0.00427667
0
0.00219333
0.0158067
0.134893
0.127947
0.0919
0.0589133
0.00364333
0.27011
0.636067
0.659853
0.0110633
0.0291333
0.0320767
0.000106667
0
0
0
0
0
0.0467267
0.0451433
0
0.00013
0.00177
0.00830333
0
0
0
0.00964
0.0277567
0
0
0.03851
0.04299
0.0195833
0.100933
0.0594933
0.122593
0.13161
0.197693
0.18261
0.180217
0.0307233
0.0892433
0
0.0221567
0
0
0
0.147523
0.101297
0
0.00519333
0
0.117017
0.0986367
0.0582433
0
0
0
0
0
0
0
0
0
0.0658067
0.06959
0
0
0
0
0.00128333
0.00221667
0
0
0.0822033
0.00012
0.0148833
0.0216067
0.04772
0.08665
0.0687133
0.0320167
0.00829
0.00899667
0
0
0
0
0.0693767
0
0.00186
0.00433
0
0
0.0761633
0.0828767
0
0
0
0.0141567
0.000303333
0.03472
0
0.00634333
0.00111667
0
0.000813333
0
0.01104
0
0.0405933
0.00496333
0.03606
0.0628967
0.0129633
0.0177067
0.0487333
0.0344233
0.00025
0.000783333
0.138463
0.139267
0.0572233
0.12679
0.00351667
0.0578
0.0649933
0.236347
0.0179433
0
0.000193333
0.19004
0
0
0.0849433
0.0997967
0.08053
0.411167
0.377947
0.429913
0.192313
0.0888767
0.541837
0.52556
0.0979167
0.1089
0.687873
0.0174133
0.15788
0.74035
0.07076
0.0290133
0.04134
0.0419733
0.0356633
0.0489467
0.02663
0.0423833
0.0232233
0.000376667
0
0
0
0
0.0582567
0
0
0.0330567
0.0265767
0.0109467
0.00553333
0
0.00116333
0.00727
0.254227
0.09773
0.08654
0.03795
0.0183767
0.40168
0.01031
0.0195267
0.00779667
0.00065
0.0015
0.00119333
0.000106667
0.00013
0
0
0.000376667
0.00201667
0.00798
0.0141367
0
0.0181667
0.01546
0.0320167
0.00046
0
0.00846333
0.0300267
0.0350367
0.0182267
0.02894
0.0219767
0
0.0154267
0.00719333
0
0
0.0365633
0.0237033
0.00402
0.00092
0.0240533
0.0360567
0.0416333
0.0265767
0
0
0.00046
0
0
0.16742
0.0236033
0.0153133
0.0194633
0.0322333
0.0223767
0.0176333
0
0.14993
0.0961667
0.16921
0.01353
0.000113333
0.000113333
0
0
0.00198667
0.00105333
0.000513333
0.0410933
0.0154533
0.00138
0.000593333
0
0
0
0
0.000513333
0.0622367
0.0149233
0.00496667
0.00480333
0
0
0
0
0
0
0
0
0
0.00012
0.000176667
0.09496
0
0
0.00725
0.000606667
0.000753333
0.01507
0.00338667
0.00413
0
0.0152267
0
0.000813333
0.00106
0.00163667
0
0.0287667
0.01755
0.0184867
0.0357733
0.0349
0.02789
0.0488033
0.000533333
0.000876667
0.0143033
0.0440933
0.07556
0.00124
0.0182
0.04042
0.11194
0.000386667
0.300203
0.54906
0.50646
0.00361
0.0118833
0
0.435853
0
0.0117567
0
0.0812933
0.37115
0.10263
0.00087
0
0.35278
0.133423
0.475543
0.0120767
0.00796667
0.175853
0.0318233
0.0425567
0.19266
0.02728
0.00566333
0.02232
0.00961333
0.02801
0.0271433
0
0
0.0683
0.0235333
0.02899
0.0255133
0
0
0.00219333
0.13468
0.0773133
0.0601933
0.07029
0.302533
0.46335
0.31418
0.28442
0.03661
0.0557433
0.05741
0.0594533
0.0380067
0.0196533
0.00702667
0.00013
0
0
0.0220967
0.02891
0.01425
0
0.01596
0.0152433
0.0100267
0.008
0.00887667
0.00429667
0.00356
0.00252333
0
0
0.00807
0.0104533
0.0215967
0.01975
0.000126667
0.0235667
0.03367
0.04083
0.0490767
0.0379867
0
0
0.000126667
0
0
0.00161
0.00046
0.000786667
0.151777
0.176623
0.00430667
0.0013
0.00845667
0.00541667
0
0.148293
0.13208
0.12961
0.101217
0
0
0
0
0
0
0
0.000213333
0.00415667
0.116353
0.101653
0.00724667
0.01511
0.04094
0.0393133
0.0321167
0
0
0
0.000213333
0.00425
0.0504433
0.01785
0.00857667
0.00523667
0.0231033
0.0296
0.0118233
0.01059
0.00012
0.000523333
0.00161
0.000423333
0.000423333
0
0.00877333
0
0.00442333
0.00211
0
0.00168667
0.01336
0.0153
0
0.0588567
0.05761
0.0132933
0.0263233
0.01936
0.0341533
0.000126667
0.00032
0.00032
0.00884333
0.0791867
0
0.124377
0.16101
0.451997
0
0.0952267
0
0.0242733
0.04928
0.361303
0.00158
0.315793
0.372387
0.165457
0.03033
0.0356033
0.00176333
0.03481
0
0
0
0.00782667
0.00426667
0
0
0.0105133
0.00604333
0.00063
0
0.0703833
0
0.0076
0.01649
0.000146667
0
0.00329667
0.00685667
0.0442667
0.0652867
0.03369
0.11204
0.0100233
0.000543333
0.000423333
0
0.0191067
0.01446
0
0
0
0.00786333
0.0168467
0.0145233
0.00743667
0.00949
0
0.01499
0.00330333
0.00656667
0.00632667
0
0
0
0
0
0.0095
0
0
0
0.000126667
0
0
0.0737767
0.0795233
0.102827
0.0824633
0.133357
0
0
0.138337
0.131633
0.178773
0.19041
0.165593
0
0.110937
0.000176667
0.00902667
0.00624
0.102647
0.106817
0.000633333
0.000163333
0
0.00676
0.000876667
0.00166333
0
0
0
0
0
0
0
0
0.00788
0.02179
0.0632433
0.0761867
0
0
0
0
0
0
0
0
0
0.00063
0.000306667
0.00073
0.0176367
0.000306667
0.0144033
0.00169
0.0307233
0.00537333
0.00675333
0.0489967
0.00495
0.000126667
0.0338467
0.0313033
0
0.000126667
0.0226433
0
0
0.0524
0.00958
0
0.04685
0.10592
0.03395
0.0608467
0.11243
0.10913
0.0140433
0.0464933
0.00071
0
0.326463
0.300473
0.00104
0.00159
0.00246
0.35535
0.0909433
0.00602
0.56371
0.15594
0.114163
0.0308733
0.02814
0.03675
0.00505333
0.00665667
0
0
0
0
0.0313867
0.0277967
0.00807333
0.00646
0.00196333
0.00196333
0.01142
0.0143967
0.00613667
0.0472333
0.000146667
0.00561667
0.000146667
0.0875367
0.118607
0.131953
0.14108
0.123433
0.09183
0.0641367
0.0897
0.127387
0.14843
0.0660033
0.0655933
0.0581967
0.0292733
0.00618
0.02414
0.0269867
0.0325733
0.0336033
0
0.0186033
0.0129967
0
0.000376667
0.00198667
0.00174667
0.00119667
0
0
0.00167333
0.00580333
0.0270467
0.0568433
0.04837
0
0
0
0.0005
0
0
0
0.0185233
0
0
0
0
0.0292067
0.0135967
0.0333967
0.00825333
0
0
0.00132333
0.00132333
0.0703733
0.111633
0.0746567
0.03108
0.00167
0.119503
0.158647
0.12802
0.06111
0
0
0
0.00245667
0.0408233
0.0917167
0.00635333
0.00115
0
0
0.00546
0.166623
0.00541667
0
0.00831667
0.000936667
0
0.02248
0.000213333
0
0.165383
0.129837
0.0017
0.136837
0.09686
0.01391
0.00257333
0.00219333
0.00139667
0.00186667
0.00047
0
0
0
0
0.00116333
0.00156667
0.00865333
0.0154733
0.0201667
0.02897
0.0367533
0.0208433
0.0170567
0.00218667
0.00131
0
0
0
0
0
0
0
0
0
0
0
0.0150833
0
0
0
0
0
0
0.00409333
0.0121333
0.0152567
0.0475967
0.00188667
0.0252233
0.0670233
0
0.08737
0
0
0.00931667
0
0
0.01799
0.0164533
0.00071
0.00071
0.0249867
0.131933
0.428337
0.34433
0.4806
0.04366
0.0499933
0.0334067
0.01185
0.0424633
0.07675
0.0198567
0.0207167
0.39788
0.506327
0.281187
0.36075
0.212533
0.0539967
0.07276
0.00182333
0.0113933
0
0
0.00138667
0
0
0
0.00166667
0.00589667
0.00919333
0.00915667
0.0125767
0.00444
0.00251
0.11794
0.0839467
0.07303
0.04183
0.02849
0.0613367
0.122453
0.1187
0.0698567
0.102197
0.03291
0.01867
0.0167
0.06328
0.04067
0.00365333
0.0130067
0.01125
0.00169
0
0
0.000756667
0.00302667
0.0342467
0.00067
0.00055
0
0
0
0
0
0.00597333
0.000806667
0
0.00205667
0.00205667
0
0.00255667
0.11866
0.03367
0.00303
0.000936667
0.167333
0
0
0
0.0218633
0
0.00966333
0.00936333
0.01221
0.0356667
0.0589
0.08536
0.00676667
0.00168667
0.13669
0.0751967
0.02484
0
0
0
0
0
0
0.0107267
0
0
0
0.00116333
0.00116333
0.00198
0.00906667
0.0172167
0.0331867
0.0426567
0.02718
0.00131
0.0371
0.0138067
0.00280667
0.00131
0.0132867
0
0
0.00533333
0.00149667
0
0.04882
0.00228667
0.00149667
0.0605133
0.00079
0.08156
0.00300667
0.00016
0.00016
0.00016
0
0.22977
0.01083
0.00671
0.00687
0.0867867
0.30894
0.00522667
0.171523
0.158783
0.144363
0.00154333
0.0111133
0.0147967
0.15525
0.000436667
0.198777
0.0799233
0
0
0
0
0.0531867
0.00138667
0.00103667
0.00063
0.00063
0
0.00286
0.00288
0.02215
0.02679
0.0258467
0
0
0.000536667
0.00107667
0.00388333
0.02425
0.115423
0.10614
0.0817933
0.0707167
0.03377
0.0100433
0.0749833
0.00168667
0.00075
0.00713667
0.03885
0.00622667
0.00580333
0.0241867
0.02013
0.0229133
0.0308467
0.01314
0.0211667
0.000526667
0
0
0
0.000373333
0.00012
0.000293333
0.02416
0.0465467
0.0371733
0.0404533
0.0462433
0
0
0.0621567
0
0
0.0241233
0
0.03231
0
0.03957
0.0383767
0
0.0316167
0.01723
0.05899
0
0.01845
0.115943
0.0983867
0.01052
0.00994667
0.0223367
0.0190067
0.11247
0.136927
0.13702
0.0727
0
0.179283
0.00176333
0
0.163023
0
0
0.00696333
0
0
0.19063
0
0.000163333
0.212147
0.0168
0.000796667
0.000796667
0
0
0
0.0121067
0.000796667
0
0
0.0240567
0
0
0
0
0.0498833
0
0
0
0
0.000816667
0.01092
0.0211033
0.0034
0.00528333
0.00154333
0.04973
0.0283867
0
0
0
0
0.000816667
0.00160667
0.01319
0.00079
0.0501133
0.0687333
0.00388667
0.00430333
0
0
0.0636767
0.0564133
0.0113167
0
0
0
0
0.00511333
0
0.647437
0.0133167
0
0.00110667
0.00110667
0.641547
0.03141
0
0.111803
0.05168
0.166493
0.03912
0.0441933
0
0
0
0
0
0
0
0
0.0527433
0.01937
0.000626667
0.0685467
0.03809
0.0350167
0.0425067
0.00429333
0.05777
0.0391133
0.0233033
0.0106667
0.0006
0.0257033
0.0407733
0.00039
0.0485233
0.0009
0.0298267
0.0879167
0.107
0.01728
0.00659
0
0.0242333
0.00646667
0
0
0
0
0
0
0
0
0.0109733
0.0545733
0
0
0
0
0
0.00248333
0
0.0161067
0.02948
0.0765133
0.0865833
0.000213333
0
0.00564667
0.00665667
0
0
0
0
0.0278133
0.0132367
0.05988
0.0123767
0.0025
0.0713833
0.00343667
0.09806
0.10229
0.00426333
0.0381067
0.0280767
0.0868333
0.02079
0
0
0.0388567
0
0.0350633
0
0
0.0110567
0.275223
0
0
0
0
0
0
0.02639
0.19155
0.08863
0.0144033
0
0
0
0
0.13417
0
0
0
0.0418833
0.00309333
0
0
0
0.0508733
0.0509933
0.0209533
0
0.0322133
0.00410667
0
0
0
0
0.0489433
0.03637
0.00101333
0
0
0.00733
0.0904
0.00101333
0
0.0466667
0
0
0.124277
0.0123833
0.04954
0.0322967
0
0.08197
0.243943
0.459453
0.0018
0
0
0
0
0
0
0.0457733
0
0
0
0
0
0
0
0.1157
0.0377867
0.02082
0.00207667
0.0018
0.15165
0.132107
0.10341
0.05756
0.0160767
0.0895
0.09489
0.09313
0.0406133
0.0394633
0.03671
0.0481133
0.0247
0.01656
0.00930333
0.139543
0.12202
0.0750367
0.000816667
0.000606667
0.00465667
0.109873
0.134573
0.13591
0.0772367
0.0601967
0.08082
0.0385633
0.0356667
0.08988
0.08508
0.03323
0.00998667
0.03598
0.0149167
0.002
0.000936667
0.000936667
0.000203333
0
0
0
0
0.00101333
0.00286667
0.00402333
0.000253333
0
0.0318367
0.0340633
0.0488833
0.0320367
0.0118833
0.0560767
0.0702833
0.06304
0.0729833
0
0.000213333
0.0684233
0.04841
0
0.0396567
0
0
0.000666667
0.000666667
0.0473967
0.04821
0
0.00945
0.01084
0.03422
0.02202
0.0547167
0.02025
0.01043
0.0160867
0.01695
0.0353233
0.0412833
0.0611
0.0197067
0.0237833
0.0489367
0.0579733
0.18127
0.143217
0
0.000163333
0
0
0
0
0.03159
0
0
0.00234333
0.0483567
0
0
0
0
0
0.0429033
0.0589367
0.01961
0.0210333
0.00390667
0.0113367
0.00240667
0.03151
0
0
0
0
0.01595
0.0168867
0.00418
0
0
0
0.0608933
0.16533
0.448217
0.0156767
0.0624533
0.135547
0.213317
0.223113
0.10815
0.0888233
0.07795
0.09024
0.110073
0.175217
0.126977
0.0305133
0.0273233
0.01924
0.0088
0.01526
0.0190933
0.0568267
0.08213
0.09248
0.0698
0.00472667
0.00718333
0.00381667
0.00770333
0.0446233
0.0460767
0.00893
0.000603333
0
0.00415
0.00550333
0.00375667
0.00346
0.000253333
0
0
0.000916667
0.00150667
0
0
0.0835267
0.0715367
0.00801667
0.00491
0.0573333
0
0.0296867
0.0252133
0.0344033
0.0843767
0
0.000196667
0.0189767
0
0.0364467
0.0366
0.0124667
0.01893
0.0680233
0.01747
0.09033
0.0676167
0.0754233
0.02374
0.0513167
0.0508533
0.0350667
0.00181333
0.00366667
0
0.0438833
0
0.05412
0.23967
0.0373867
0.155937
0.00419333
0.00019
0.01438
0.11542
0.488733
0.0197867
0.0446933
0.236333
0.10994
0.26989
0.109303
0.274833
0.127473
0.0417567
0.03179
0.02365
0.0308167
0.02233
0.164543
0.07829
0.0102967
0.12524
0.0152267
0.03004
0.0258633
0
0
0
0
0
0
0
0
0
0
0.0127933
0.01373
0
0
0
0
0
0
0.02686
0.0426267
0.0363733
0.000236667
0.000196667
0.0386367
0.00101333
0
0.00188333
0.0364967
0
0.0106667
0.0308633
0.00996667
0.0231733
0.0391267
0.0191567
0.00643333
0.03753
0.05516
0.0004
0.0452567
0.0380167
0.0335833
0.02959
0.0150567
0.149617
0.05449
0.0605533
0.24919
0.0488167
0.00165
0.0300367
0.04838
0
0
0
0.0419833
0.0276
0.248233
0.03487
0.00649667
0.0170667
0.00156333
0.00303667
0.00412
0.187117
0.00668333
0.00824667
0.0533167
0.101007
0.00756333
0.29985
0.0127833
0.01418
0.00504333
0.00592333
0.121593
0.145577
0.1034
0.104543
0.04369
0.0424733
0.136417
0.1306
0.0529933
0.0206
0.0377067
0.0490533
0.04461
0.03295
0.0155567
0.154277
0.0340333
0.03654
0.00853667
0.0110467
0.0656667
0.101657
0.00518333
0.0189367
0.0265767
0.0107533
0.0233567
0.00276667
0.0227033
0.00106333
0.00106333
0.0208733
0.00689667
0
0.00763667
0.00114
0
0
0
0
0
0
0.00845
0.00063
0.00154667
0
0
0
0
0.0713933
0.0825867
0.0791533
0
0
0.05227
0.03945
0.0636933
0.00908333
0.0218333
0.0544733
0
0
0.00101333
0.00487333
0.0359433
0.00195
0.0355
0.00101333
0.00272667
0.0371267
0.0291633
0.05669
0.0351733
0.0106133
0.0454
0.04993
0.0439167
0.00673667
0.03288
0
0.0768433
0.344603
0
0.0716033
0.00249333
0.00019
0.00122
0.305713
0.0033
0.335947
0.0213367
0.00088
0.08313
0.380783
0.16312
0.29226
0.00380667
0.259807
0.0256067
0.120723
0.159657
0.294593
0.298623
0.14356
0.154603
0.122227
0.0681733
0.0582667
0.0539
0.15792
0.01414
0.03419
0.0486433
0.0537233
0.0423367
0.174183
0.16919
0.03656
0.0208967
0.00439
0.0175367
0.01987
0.01993
0.00114
0
0
0
0
0
0
0
0
0
0
0.0191867
0
0
0
0
0
0
0
0.09342
0.08143
0.0825367
0
0.05355
0.00068
0.0267733
0.03335
0.0339767
0.0246167
0.00169333
0.00614
0.02608
0.0260967
0.0323033
0.0220267
0
0.00121667
0.0155733
0.0720133
0.0461033
0.0719667
0.0351567
0.04207
0.0429833
0.02888
0.0190167
0.0264067
0.0429033
0.04332
0.0888
0.0758267
0.0689833
0.01537
0.0635633
0.06638
0.0366133
0.31228
0.0397467
0.00014
0.00179
0
0.02436
0
0
0
0.308383
0.00599333
0.00149
0
0.00038
0.00268333
0.00152667
0.0216933
0.21934
0
0.0603767
0.262907
0.222423
0.182477
0.0506333
0.03629
0.0621733
0.0154
0.162257
0.157097
0.04169
0.0567333
0.0483067
0.117637
0.163917
0.0168633
0.00595333
0.0688367
0.0704333
0
0.00787333
0
0.00137667
0
0
0
0
0
0
0
0
0
0.00075
0.0074
0.00135333
0.000803333
0
0.00012
0.00524
0.0158967
0
0
0
0
0.06991
0.07995
0.0627633
0.0409767
0.0636633
0
0.00661333
0.0238933
0.000196667
0.01285
0
0.02607
0.00208
0.02526
0.0202833
0.0212433
0.05325
0.0574267
0.0611333
0.0861233
0.00534667
0.0230367
0.00163333
0.0590167
0.03818
0.0493267
0.0706167
0.000866667
0.01756
0.000163333
0.0261433
0
0.0698367
0.0181867
0.03902
0.04423
0.02386
0.0659133
0.0957033
0.00014
0.01022
0.306643
0.27551
0.0312767
0.333753
0.40918
0
0.00365667
0
0
0.481903
0.05203
0.477523
0.0294533
0.0225467
0.489723
0.14412
0.170583
0.388953
0.119803
0.0608467
0.03414
0.06124
0.05661
0.02466
0.04099
0.0385333
0.04357
0.0580233
0.05955
0.0901133
0.0902933
0.0610567
0.0437333
0.0178867
0.0466733
0.0628367
0.107923
0.152917
0.165303
0.00187333
0.00904
0.00319667
0.00191667
0.059
0.00170333
0.136083
0.0973333
0
0.0179433
0.0119067
0
0
0.000236667
0
0
0
0
0.00444333
0.03619
0.0338367
0
0
0
0
0
0
0
0.0723267
0.0869033
0.0309967
0.00068
0.0170433
0
0.00179333
0.0457067
0.0831067
0.0263467
0.00179333
0.0108
0.0280433
0.0570067
0.00287667
0.0267367
0.0164967
0.00661
0.000386667
0.0160567
0.00560667
0.0261533
0.0161633
0.0409133
0.0847267
0.0441067
0.0452933
0.00926
0.0219667
0.03165
0
0.000713333
0.000713333
0.0202333
0.0965033
0
0
0.0839333
0.0742767
0.00590333
0.0437367
0.00477333
0.0107233
0
0.00353
0.00279
0.00027
0
0.00038
0.41845
0.00139667
0.46094
0.0703667
0.02086
0.0202433
0.0261833
0.00805333
0.00016
0.00016
0
0.0635567
0.128043
0.159843
0.142583
0.188367
0.172413
0.07463
0.0100367
0.02465
0.0566733
0.0601033
0.0634133
0.19168
0.1853
0.18597
0.16001
0.135367
0.00038
0.00414
0.000593333
0.00038
0
0.134837
0
0.0587733
0.0152333
0
0
0
0.00422
0.000696667
0.000656667
0.000236667
0
0
0
0
0
0
0
0
0
0.0317933
0.01374
0.00234667
0.00138667
0.00150667
0
0
0.0371967
0.00096
0.0161133
0.0182
0.00831
0.08567
0.0966567
0.0258767
0.0335367
0.000863333
0.0159667
0.00461
0.00850333
0.0326067
0.000163333
0.00367667
0.00334333
0.01086
0.01199
0.0245033
0.0872033
0
0
0.00276
0
0.0165367
0.0473467
0
0
0
0
0.00027
0
0
0
0.00455333
0.00619667
0
0.000746667
0.109167
0.30795
0.109933
0.21948
0.11527
0.0516367
0.0392733
0.0946633
0.0969967
0.0703433
0.0184433
0.00536
0.0291833
0.04805
0.0365567
0.0379233
0.0354667
0.143203
0.163173
0.09191
0.0880567
0.163543
0
0.180327
0.0706467
0.03243
0.00983333
0.00424667
0.0104867
0
0.000933333
0.00495333
0
0.000113333
0.00031
0
0
0
0
0
0
0
0
0
0
0
0
0
0
0
0.0122767
0.01917
0.0120933
0.01983
0.0304067
0.0336033
0.00879
0.00117333
0
0
0.00117333
0.000103333
0
0.0272233
0.0420933
0.0782033
0.07517
0.0137367
0.00995667
0.03755
0.00443
0.0146967
0.0317
0.0578
0.02391
0.04092
0
0
0.03196
0.08795
0.00573333
0.02747
0.0131967
0.0230433
0.05997
0.0190533
0.00277667
0.02182
0.000163333
0.06128
0
0
0
0.0602967
0
0
0.0180733
0
0
0.00257
0.00397
0.0797933
0.00352333
0
0
0.000643333
0.00861
0.059
0.0657967
0.174257
0.0014
0.0422833
0.02988
0
0
0
0
0
0.00101667
0
0.000986667
0.000586667
0.0274133
0.430417
0.397253
0.08917
0.173017
0.0794567
0.0778567
0.0255467
0.0346433
0.00428667
0
0.0382433
0.000213333
0
0.000213333
0.1575
0
0
0.180243
0
0.123783
0
0
0.0191233
0.02845
0.0195767
0
0.00124333
0.00135667
0.00139333
0.00153
0
0
0
0
0
0
0
0
0
0.0145667
0.01669
0.00993
0.003
0.00337
0.000103333
0.00475667
0.00127667
0.02217
0.0423633
0.04423
0.0202733
0.00068
0.00954
0.00654667
0.00291667
0.01153
0.00738
0.0056
0.0100467
0.0276167
0.0740667
0.06711
0.0843867
0.0279433
0.0285067
0.00019
0
0.0269633
0.000863333
0.120507
0.00699
0.0176433
0.0897467
0.00553667
0.00343
0.00213667
0.0258233
0.00185667
0.00169333
0.00064
0
0.000783333
0.00434
0.00457333
0.00739333
0.00471
0.00045
0.00433
0
0.0277333
0
0
0
0
0.00339333
0
0
0.0858167
0.07924
0.000763333
0
0
0
0.0208433
0.0141467
0.202847
0.23195
0
0
0
0.31392
0
0
0.00101667
0.00101667
0.00214333
0.00152667
0.0004
0.0004
0
0
0.282343
0.0574833
0.32917
0.307473
0.0977267
0.204627
0.09584
0.174117
0.04571
0.0406133
0.00824667
0.20172
0.200333
0.0448
0.0288
0.0404967
0.01626
0.0557
0.0926933
0.146813
0.07423
0.0589433
0.0846033
0.12974
0.15134
0.000146667
0
0
0.0394833
0.0255233
0
0
0.05513
0
0
0.0244067
0.0550533
0.00282
0.0107833
0
0
0
0
0
0
0
0.00409667
0.000593333
0.00049
0
0
0
0
0.02692
0.03434
0.05655
0.00356333
0.00594
0.00356333
0.00377
0.000986667
0.07166
0.0776633
0.0451367
0.03729
0.0281933
0.06526
0.00194
0.0423467
0.0338367
0.00192
0.0361867
0.0337633
0
0.0308333
0
0
0
0.02235
0
0
0
0
0
0
0
0
0
0
0
0
0
0
0.000503333
0.0161333
0
0.00297
0.000763333
0.0313833
0.00725333
0.00201333
0
0.000746667
0.000746667
0
0.0316933
0.0634067
0.216727
0.0821867
0.18434
0.16542
0.05238
0.0168
0.0205333
0.0328567
0.182133
0.196423
0.00150333
0.00249333
0.00326667
0.0132967
0.192153
0.12097
0.0600433
0.0608533
0.05564
0.03631
0.08008
0.000146667
0.111893
0
0
0.09106
0
0.0449767
0
0
0
0.00013
0
0
0.0122733
0.0121133
0.0692267
0
0
0
0
0
0
0
0.0351767
0.0268633
0.0293067
0.00393667
0.00652667
0.03783
0.0285433
0
0
0
0.00784
0.00257667
0.00849667
0
0
0
0.0110167
0.0110633
0
0.0243633
0.00582
0.0377467
0.00910667
0.02096
0
0.0772267
0.00410333
0.111557
0.124687
0.00612667
0.0142067
0.00231
0.00742
0.00129333
0.06116
0.00193667
0.00759
0.00169333
0
0.00824
0.0188
0
0
0.01012
0.00157333
0.000143333
0.000316667
0.00055
0
0
0.0130533
0.000823333
0
0
0.000823333
0
0
0
0.000503333
0
0
0.02512
0
0
0.0356767
0.04627
0.00954667
0
0
0
0.01932
0
0.04574
0.00123
0.000166667
0
0.0808633
0.000263333
0
0.00155333
0.00203667
0.00181
0
0
0.000263333
0.000263333
0.00711667
0.169107
0.17591
0
0
0.03347
0.232333
0.17773
0.151143
0.156463
0.192923
0.182227
0.03482
0.0323867
0.0279833
0.0117867
0.0109767
0.00226
0.0405467
0.07194
0.130103
0.172717
0.0747733
0.04505
0.07596
0.121017
0.0256833
0.03986
0.00235333
0.000146667
0
0
0
0.02764
0
0
0.000593333
0.00268
0.00221667
0.00208667
0
0.00026
0.00147
0.00271333
0.00013
0.00574667
0.13916
0
0.0208067
0.0266767
0.0544733
0
0
0
0
0
0.0351333
0.0205267
0.00401667
0
0.0230067
0.00427
0.01543
0.0265933
0.0170167
0.00376
0.00307667
0
0
0
0.00359333
0.01475
0
0.0282633
0.00184
0
0
0.000693333
0.06846
0.05862
0.0372967
0.01781
0.00398
0.00175
0
0.0672167
0.0760233
0
0
0
0
0
0.00744333
0.03134
0.0179633
0
0
0.01554
0.02332
0.0265567
0
0
0
0.0902667
0
0
0
0
0
0
0
0
0
0.0148867
0
0
0
0
0
0.00103
0.00869333
0
0.01768
0
0
0
0
0
0
0
0
0.000166667
0
0.00220667
0.00220667
0.00220667
0
0.02467
0.0031
0.00723667
0
0.06347
0.17124
0.184287
0.0898267
0.147977
0.0768733
0.158327
0.146163
0.00147667
0.00147667
0.00194333
0.00591667
0.0272133
0.132403
0.17192
0.174727
0.00371333
0.00147
0.00159333
0.00175667
0.000946667
0.00695333
0.0712467
0.08747
0.0476333
0.0503567
0.00371667
0.0601233
0
0.0232267
0.0167433
0
0
0.02331
0
0
0
0
0
0
0.03368
0
0.0738
0.000593333
0.08804
0.00147
0.157897
0.20288
0
0.0342967
0.27637
0.0151767
0.181643
0.27387
0
0
0
0
0
0
0.02229
0.0142067
0.00556333
0
0.02852
0.0152333
0.00316667
0.000683333
0.000193333
0
0.0136333
0.00354333
0
0
0.0002
0.0002
0.00187
0
0
0
0.0407767
0
0.05877
0
0
0.0340833
0.0136767
0
0
0
0
0.0177
0.0348967
0
0.0126633
0
0
0
0
0
0.05139
0.00218333
0
0
0
0
0
0
0
0
0
0.000233333
0
0
0
0.000233333
0
0
0
0
0
0
0
0
0
0
0
0
0
0
0
0
0
0
0
0.0207733
0
0
0
0
0
0
0.00435333
0
0.10086
0
0.00947333
0.14322
0.137197
0.12831
0.07859
0.0511667
0.09691
0.07015
0.0370333
0.0397967
0.00323
0.09047
0.0640333
0.0819333
0.10234
0.23813
0.228473
0.00247667
0
0.000966667
0
0.000226667
0.02935
0
0.000226667
0.00134667
0.00111667
0.000523333
0
0
0
0
0
0
0.00259
0.01692
0
0.0170433
0.03771
0.000373333
0
0.0426567
0.0236967
0.000113333
0.000243333
0.0238033
0
0.0780867
0.135323
0.338143
0
0
0
0.0369467
0
0.0341433
0.06422
0.0514033
0.0418267
0.0415933
0.0158033
0
0
0.000803333
0.0453733
0
0
0.0546933
0.05293
0.00307333
0.00184
0.00559667
0
0
0.0448
0.0286033
0.00224333
0.00685333
0
0.04144
0.0318367
0
0.0254167
0.100547
0.08724
0
0
0.000536667
0
0.0748
0
0
0
0
0
0
0
0
0
0
0
0
0
0
0
0
0
0.00265667
0
0.00265667
0
0
0
0
0
0
0
0
0.000526667
0
0
0
0
0
0
0
0
0.0130133
0.0127267
0.000943333
0
0
0.0165867
0.01198
0
0
0
0.0126267
0.0134267
0.0279767
0.0286867
0
0
0
0.02954
0.0507267
0
0
0
0
0.129643
0.12262
0.108657
0.113817
0.13204
0.126657
0.0715333
0.109207
0.160253
0.160187
0.153653
0.04754
0
0
0
0.02453
0.05943
0.0417867
0.0418667
0.0841633
0.00915333
0.00691
0.000786667
0
0.0408333
0.1628
0.28458
0.0244367
0.0185533
0.02084
0.01459
0.00119333
0.00231333
0.01915
0.0325133
0.05353
0.113123
0.00996
0.000523333
0
0.00981333
0.0102767
0
0.15656
0.129127
0
0.0172633
0.0532867
0
0
0
0
0
0
0
0
0.03245
0.04018
0.03817
0.0300867
0
0.0166467
0.000193333
0
0
0.00247667
0.00167333
0.02448
0.0141967
0.0173433
0.0122033
0
0
0
0.000843333
0
0
0.000693333
0
0.00231667
0
0.03335
0.00256667
0.0304667
0.00895333
0.00985667
0
0.000243333
0.00270333
0
0
0
0
0
0
0
0
0
0
0
0.0069
0
0
0
0
0
0
0
0
0
0
0
0
0
0
0
0
0
0
0
0
0
0
0
0
0
0
0
0
0.000526667
0
0.0100167
0
0
0
0.000776667
0.01257
0.00300333
0.0716167
0
0
0
0.00241
0.00480333
0.10115
0
0
0
0.00169
0.00195333
0.00992333
0.102503
0.0614733
0
0.000466667
0.00175667
0.00722667
0.00625333
0.0140533
0.0154933
0.000163333
0.000163333
0.000163333
0.00838
0.00244333
0.134233
0.30535
0.388493
0.51471
0.420453
0.0435833
0.0397
0.0120367
0.0659767
0.0086
0.0404033
0.0453533
0.0878433
0.0625133
0.06412
0.05041
0.0341967
0.0170333
0.0102067
0.00136333
0.02001
0.00784
0.07536
0.119323
0.18192
0
0
0
0
0
0.0225333
0.00568667
0.00665333
0.00111
0.00111
0
0
0.0102533
0.0185433
0.0203933
0.04296
0.0149667
0.00184
0
0
0
0.0327867
0
0
0.00307333
0
0.0418233
0.00190333
0
0.00312333
0
0
0.02626
0
0.0351467
0
0.00257
0.00699
0.0416467
0
0.000386667
0
0.04207
0
0.0764367
0
0
0
0
0.0549
0
0
0
0
0
0
0.0117233
0
0
0
0
0
0
0
0
0
0
0
0
0
0
0
0
0
0
0
0
0
0
0
0.01074
0
0
0
0
0
0
0
0
0
0
0
0
0.00308
0.00228
0
0
0.0107733
0.0201567
0.09421
0
0
0
0
0
0
0
0
0
0.03069
0.106453
0.09333
0.132447
0.127163
0.0545967
0.0488567
0.0849067
0.119623
0.143857
0.02257
0
0.0534467
0
0
0.03035
0.101337
0.0208867
0.0648833
0.0839767
0.0165967
0.08075
0.0677
0.13587
0.117923
0.0486233
0.292513
0.340643
0.00905
0.000273333
0.00161333
0
0.00016
0.00098
0.00014
0.00014
0
0.000626667
0
0.02227
0.0344667
0.0249033
0
0
0.0443733
0.000803333
0.000803333
0.0111667
0.03917
0.06043
0.0390733
0.04393
0.0195933
0.0487833
0.0110333
0
0.000946667
0
0.00658667
0
0.00417
0
0.00315333
0.000143333
0.00692667
0.03231
0.0741967
0.0610167
0
0
0
0.0156033
0
0
0
0
0.000676667
0.0266933
0.000156667
0
0.00692667
0
0
0
0
0
0
0
0
0
0
0
0
0
0
0
0
0
0
0
0
0
0
0
0
0
0
0
0
0
0.00125
0
0
0
0
0
0.0871567
0
0.00169
0.0523767
0.0608633
0.0471833
0.100157
0.1029
0.000576667
0.000576667
0.0449167
0.06112
0.06156
0
0
0
0
0
0.000576667
0
0
0
0
0.121533
0
0.0168433
0.04313
0.0860967
0
0.00129
0.00209667
0.00112333
0.0842967
0
0
0
0.0300333
0.00771667
0.00181333
0.00022
0.00022
0.00834
0.0651733
0.10716
0.181443
0.157993
0.32344
0.27116
0.41184
0.0485267
0.0219867
0.0805167
0.0599567
0.0730867
0.0616433
0.0442533
0.0404567
0.0750467
0.09839
0.140913
0.155517
0.0194567
0.03426
0.0325833
0.00165
0.0311967
0.0158933
0.00719
0
0
0.00635
0.00683667
0.000733333
0
0.000106667
0.000126667
0.00123667
0
0.000106667
0.00589333
0.00855
0.00164667
0
0.0347633
0.0434867
0.03638
0.01987
0.000646667
0.000646667
0.00271333
0.0004
0.0004
0
0.00843667
0.0228233
0.00106
0
0
0
0.00663333
0.03163
0
0
0.0123533
0.00314
0.00028
0.00640667
0.0404233
0
0
0
0
0
0
0
0.04994
0
0
0
0
0
0
0
0
0.00210333
0
0
0
0
0
0
0
0
0
0
0
0
0
0
0
0
0
0
0
0
0
0
0
0
0
0
0
0
0
0
0
0.101847
0.04681
0.03996
0.00709
0.00044
0.0118433
0.0593067
0.01306
0.00127667
0.000776667
0
0
0
0.00045
0.08421
0.00460667
0.00460667
0.00416
0.0046
0.07551
0.00634333
0.00758
0.10544
0.0956433
0.0101933
0.0137767
0.130373
0.03074
0.00116
0.117053
0
0
0
0
0
0.000806667
0.000156667
0.000156667
0.0343
0.692033
0.141007
0.0391733
0.0438633
0.0784533
0.173463
0.01201
0.00016
0.00031
0.0321533
0.0278433
0
0
0.0123267
0.00622333
0.000106667
0.0124467
0.0169133
0.00708
0.00228333
0.0379467
0.03525
0.000646667
0.000126667
0.00091
0.00107333
0.00524
0.00695333
0
0
0
0
0.00619
0.00643667
0.0205333
0
0.00827333
0.0162433
0.01219
0.01376
0.00597667
0
0.0344833
0.0004
0.02143
0.000383333
0.000946667
0.00131
0
0.00707667
0
0
0
0
0
0
0.05813
0
0.000156667
0.0441667
0
0
0
0
0
0
0
0
0
0
0
0
0
0
0
0
0
0
0
0
0
0
0
0
0
0
0
0
0
0
0
0
0
0
0.00125
0.0934167
0
0.00169
0.00302333
0.0136733
0.0149367
0.03688
0.0472967
0.06426
0.0485333
0.04108
0.02202
0.0005
0.00125
0.00125
0.0888533
0
0.118157
0.0998867
0.00044
0
0.13255
0.0064
0
0.000843333
0.00226667
0.04301
0.06819
0.11651
0.0143567
0.0155767
0
0
0
0
0
0.00416333
0.00474
0.0668467
0.000156667
0.00175
0.00765
0.00281667
0.00366667
0.00266333
0.00403667
0.00159333
0.03323
0.00729
0.0352367
0.115783
0.246803
0.463423
0.752623
0.566687
0.71433
0.128863
0.185927
0.0129167
0
0.0151033
0.0183467
0
0
0
0
0
0.00313
0.0118067
0.0118767
0.0281767
0.000546667
0.000816667
0.00528333
0.000216667
0.0397467
0.02024
0.0133
0.00927
0.00348
0
0.000216667
0.000516667
0.00213333
0.00164667
0
0.01512
0.000383333
0.000846667
0.00313333
0.000273333
0
0
0.000946667
0.0321367
0
0.00141
0.0395167
0.0165333
0.00845
0
0
0
0.00108
0
0.0663567
0
0
0.00267333
0.0166667
0
0
0
0
0
0
0
0
0
0
0
0
0
0
0
0
0
0
0
0
0
0
0
0
0
0.000136667
0
0
0
0
0
0.00362
0.00611667
0.0284467
0.0275633
0.0306867
0.01145
0
0.100503
0.08743
0.00143333
0.00495333
0.0102367
0.0005
0.0685533
0.0583133
0.0141033
0
0
0
0
0.12212
0.11464
0.00264667
0.08559
0.132157
0.134877
0
0.00899667
0.0447633
0
0.00224
0.0250567
0.00014
0.00014
0
0.0592967
0
0
0
0
0
0
0
0
0
0.0968367
0.08206
0.0461067
0.0475633
0.06658
0.0987633
0.12524
0.430957
0.00015
0.00239667
0
0.00224667
0.00458333
0
0.00793333
0
0.00244333
0
0.000106667
0.04006
0.0295367
0.01972
0.000126667
0.00202
0.04545
0.00027
0.00027
0.00558333
0.00558333
0.00501333
0.00362
0.0324333
0.0263367
0.0395067
0
0
0.0003
0.00355
0.00392
0.00115667
0.000486667
0
0.00977667
0.000136667
0
0
0
0
0
0.01514
0
0.000546667
0
0.01191
0.00255333
0
0
0
0
0.00778667
0.05348
0
0.000133333
0.0580167
0
0
0
0.0182667
0.0374267
0
0
0
0
0
0.00057
0
0
0
0
0
0
0
0
0
0
0
0
0
0
0
0.000136667
0
0
0
0
0
0.0001
0.0001
0
0.00921
0.000266667
0.102067
0.10163
0
0
0.00013
0.01632
0.0124567
0
0.0161633
0.0580867
0
0
0.000326667
0.00175
0.00434667
0.000163333
0
0
0
0.00014
0
0
0.00028
0
0
0
0
0
0.0910867
0.03119
0.0327133
0.0171033
0.00244667
0.0109667
0.02589
0.0270767
0.00995333
0.03813
0.116013
0.22079
0.122797
0.40197
0
0
0.00233667
0
0
0
0
0.0360367
0.00539667
0.00256333
0
0
0
0
0.03399
0.00106
0.00106
0.02311
0.02438
0.00528
0
0
0
0.00057
0.00057
0.00057
0
0
0.00067
0
0
0
0.01294
0.0302067
0
0
0
0
0
0
0.00067
0.00067
0.00831
0.00411
0
0
0
0
0
0.00480667
0
0
0.0368367
0.01825
0
0
0
0
0
0
0
0.000133333
0
0
0
0.00427333
0
0
0
0
0
0.00057
0
0
0
0
0
0
0
0
0
0
0
0
0
9.66667e-05
9.66667e-05
0.00247667
0.00247667
0
0
0
0
0
0
0
0
0.000136667
0
0
0
0
0
0
0
0
0
0.0071
0.00881333
0.0022
0.00171333
0
0
0
0
0
0
0.0812733
0.0963267
0.10695
0.0951533
0.0805833
0.0718267
0
0
0
0.02656
0.000326667
0.0135667
0
0
0
0.000576667
0.000436667
0
0
0
0.00729
0.00155667
0
0
0
0
0
0
0
0
0
0.00285333
0.00701667
0.0244267
0.00813333
0.000646667
0.00679667
0.00990333
0.0114633
0.0276533
0.02123
0.02452
0.00748333
0.33099
0.67615
0.697327
0
0
0
0
0
0
0
0
0
0
0
0
0.00205333
0.0108567
0.0152167
0.0342933
0.0347867
0.0175533
0.0308167
0.00242
0
0.00985667
0.000136667
0
0
0
0
0
0
0
0.00094
0
0
0
0
0
0
0
0
0
0
0
0
0
0
0
0
0
0
0
0.000416667
0.00501
0
0
0
0
0
0.000133333
0.00892
0.00157333
0
0
0
0.000133333
0.0331033
0
0
0
0
0
0
0
0
0
0.0291567
0
0.00389
0.00961333
0
0
0
0
0
0
0
0
0
0
0
0
0
0
0
0
0
0.00294667
0.0105367
0.0129167
0
0
0
0
0
0
0.000273333
0
0
0
0
0.000486667
0.000486667
0.000486667
0.000486667
0
0
0
0.00251667
0
0
0
0
0
0.0417033
0.00251
0.01592
0.0365667
0.0241167
0
0
0
0
0
0
0
0
0
0.00758667
0
0.00273
0.00014
0.00041
9.66667e-05
0.00217
0.00446333
0.00445
0
0.0032
0.00152333
0.00042
0
0.0331
0
0
0.06768
0
0
0
0.0814433
0.0273867
0.01044
0.00679667
0.00111
0.000646667
0.02227
0.02866
0.0282267
0.0771267
0.0473867
0.4548
0
0
0
0
0
0
0
0.01111
0.0181833
0.0102567
0.0121467
0.00298667
0.00256
0
0.00256333
0.00016
0
0
0
0.000136667
0
0.0290267
0
0
0
0
0.0243267
0.0295133
0
0
0
0
0
0.000283333
0
0
0
0.00691667
0
0
0
0
0
0
0
0.0137433
0.00814667
0.000496667
0.00043
0
0
0
0
0
0
0.00703
0
0
0
0
0
0
0
0
0
0
0
0.00889
0
0
0
0
0
0
0
0
0
0
0.000186667
0
0
0
0
0
0
0
0
0
0
0
0
0
0
0
0
0
0
0
0
0
9.66667e-05
0.00047
0
0
0
0
0
0
0
0.02898
0.01901
0.00047
0.00883667
0.03072
0
0
0.00104
0
0
0.0107633
0.02368
0.00761667
0
0
0.0503467
0.0608667
0.000323333
0.04476
0.0414667
0
0.00268
0.0672767
0.0479233
0.0651767
0.0395667
0.0464233
0.0157467
0
0.0133133
0.0313433
0.00714667
0
0
0
0.00659
0
0.00302333
0.0279933
0.00973667
0
0
0.00902667
0.0226367
0.02258
0
0.00921
0.00467667
0.0110367
0.00159
0.00292
0.00306667
0.00443
0.0186533
0.00284
0.000143333
0.00697
0.02081
0
0.0421767
0.0388633
0.02307
0.00712333
0.0143233
0.0224867
0.0342567
0
0
0.0156967
0.00661
0
0
0
0
0.0470733
0
0
0.00285333
0
0
0
0
0.00702667
0.0248
0.0537733
0.0829167
0.0628233
0.15566
0.17205
0.275637
0.265643
0.465983
0.378157
0
0
0
0
0.00283
0.00705667
0.0161933
0.00275333
0
0
0.00296667
0
0.0115033
0
0
0
0
0
0.000656667
0.00088
0
0
0
0
0.0124167
0
0
0
0
0
0
0.00335333
0
0
0
0
0
0.000303333
0
0
0
0
0.00130667
0
0
0
0
0
0.00964
0
0
0
0.00381333
0.00378667
0.00091
0.00128333
0
0
0
0.00932333
0.0171167
0.0170133
0
0
0
0.000186667
0.00634333
0.0169867
0.00396667
0.00305667
0
0
0
0
0
0.03102
0.0380633
0.00356
0
0.02054
0.0100233
0
0.0168467
0.0035
0.000226667
0.00663
0
0.00392667
0.00146667
0
0.000376667
0.0211067
0.0235233
0
0.01127
0.00265667
0.00146667
0
0.00146667
0
0
0
0.0185933
0
0.000253333
0.0110967
0.0263233
0.000143333
0.000253333
0.01518
0
0.0636833
0.00695
0
0
0.0765233
0.08378
0.04941
0.03431
0.0172133
0.03453
0
0
0
0
0.0240067
0.0212067
0.0226433
0.00504667
0.000756667
0.02447
0.0238033
0.05546
0.13709
0.114933
0
0
0
0
0
0.00258667
0
0.00541667
0.00283
0
0.00275667
0.00067
0.00109667
0.00016
0.000803333
0.0123667
0.0118367
0.0116933
0.00239667
0.00228333
0
0
0.00231
0.00019
0
0
0.0091
0
0
0
9.66667e-05
9.66667e-05
0
0
0
0
0
9.66667e-05
0
0
0
0.00366667
0
0
0
0
0
0.00305
0.000616667
0
0
0.000373333
0
0
0
0
0
0.00104
0
0.000876667
0.000136667
0
0
0.00504667
0
0
0
0
0.03664
0
0.00134
0
0
0.00071
0.00205
0.01494
0.00849667
0.000253333
0.0161533
0.00071
0.00157
0.000103333
0
0
0.00041
0.00114667
0.00152667
0.00229333
0.00386667
0.01019
0.0241267
0.00757333
0.0452
0
0
0.0351667
0.0104167
0
0.00204
0.00204
0.0044
0.00136667
0
0.00366333
0.00711667
0.0289467
0
0
0
0
0
0
0.00379667
0
0
0
0.0117767
0.0159733
0.000293333
0
0
0
0
0
0
0
0.0213533
0.0393133
0
0
0.00234
0.00234
0
0
0.00492667
0
0.000426667
0.000426667
0.000643333
0.000643333
0.00307
0
0
0
0
0.000116667
0.000223333
0
0
0
0.000116667
0.000223333
0.00035
0.00019
0
0.000296667
0.00952667
0.000296667
0.000776667
0.000616667
0.000406667
0
0
0
0.00011
0
0
0
0.000406667
0
0.00011
0
0
0
0
0
0.00196
0
0
0.00457667
0.0194367
0.0035
0
0.03513
0
0.00420333
0.0449133
0
0
0
0.0331133
0
0
0.0246067
0.000133333
0.00574667
0.0296633
0
0
0.00586667
0.0343633
0.00047
0.00033
0.0315367
0.00689667
0.0170567
0.00245333
0.00725667
0.000143333
0.000986667
0
0
0.0210333
0.000103333
0.000103333
0.000103333
0.03658
0.00627
0.000433333
0.00466667
0.0239867
0.0260267
0.00811333
0
0.00649667
0
0
0
0.00523333
0.00429
0.00458333
0
0.0181633
0
0
0.00534333
0
0.00263
0
0.000223333
0
0
0
0.00254
0.00265333
0.000226667
0.000223333
0.00108667
0.00108667
0
0
0.00131
0
0
0
0
9.33333e-05
0
0
0.000423333
0.00016
0
0.000186667
9.33333e-05
0
9.33333e-05
0
0.00011
0
0
0
0.00106
0
0
0.00277333
0
0.0160433
0
0.00434333
0.0350567
0.000133333
0.0163567
0.00014
0.00014
0.00014
0
0.0236567
0.02148
0.0330567
0.00028
0.00028
0.00767
0.03001
0.03916
0.0343
0.00656667
0
0
0
0.00511333
0.00642
0.00642667
0.0232233
0.00846
0.03621
0.0356267
0.0555833
0.0354667
0.00068
0
0.00068
0.00136
0.00423
0
0
0.00642667
0.00438667
0
0
0
0
0.00481
0.00168667
0
0.00211
0.00168667
0
0
0.00143333
0.00143333
0
0
0.000293333
0.000293333
0.000293333
0
0
0
0
0
0
0
0
0.00276333
0.000423333
0.0237967
0.0109833
0.000423333
0.00793
0
0
0
0
0.00384667
0.000113333
0
0
0.000116667
0
0
0
0
0
9.33333e-05
0
0.00804333
0
0
0.00715667
0
0.00145
0.0128267
9.33333e-05
0
0.00156
0.00619333
0.0003
0.00016
0.00016
0
0.000406667
0
0
0
0.0001
0.00118333
0
0
0.0001
0
0.0001
0.00376667
0
0.0114267
0
0.02188
0
0.0001
0
0.03353
0
0.01761
0.04162
0.05017
0
0
0.00014
0.00360333
0.08912
0.08363
0.0448233
0.0692067
0
0.0113667
0
0
0
0
0
0
0
0.0122
0.00747333
0.00710333
0.00068
0.000153333
0
0
0
0
0.00049
0
0
0
0
0
0
0
0
0
0
0
0
0.000423333
0.0179467
0.02867
0
0.00434
0.01707
0
0
0.00198
0.00027
0
0
0.00016
0.00292
0.000113333
0.000113333
0.000113333
0
0
0
0
0
0.01058
0.000346667
0
0
0
0
0
0
0
0
0.00779333
0.00678667
0.000943333
0.000166667
0.00188333
0.00729333
0
0.000993333
0
0.0002
0.00718667
0
0.00735
0
0
0.0466767
0.0106433
0.00044
0
0.0123033
0
0.0545733
0.00014
0.00346
0.04145
0.00014
0
0
0
0.00824667
0.00137333
0
0.00130333
0.00205333
0.00530333
0.01114
0.0114667
0
0.00204
0.00615333
0
0.00068
0
0
0.00128667
0.00661667
0.00582
0
0
0.000423333
0
0
0.00098
0.00049
0
0
0.000423333
0.000423333
0
0
0
0
0
0
0
0
0
0
0
0
0
0
0
0
0
0
0.0445067
0.0429433
0.03274
0.0205433
0.00968333
0.00146333
0
0
0
0
0.00959667
0.01617
0
0
0
0
0.000886667
0.000346667
0
0
0
0
0.00098
0
0
0
0.00179667
0.00803
0.02887
0
0.0318433
0.0163933
0
0.00239333
0.0183767
0.01632
0.0106
0
0.00471333
0
0.000306667
0.0184367
0.0227667
0.0044
0.0307367
0.0998767
0.0929233
0.07589
0.110497
0
0.0482533
0.00123333
0.00260667
0.03547
0
0.0216233
0
0.00875
0.00805667
0.00709667
0
0.00217667
0.00149667
0
0.000523333
0.00094
0.00157333
0.00286
0
0
0
0
0
0.00631
0
0
0
0
0
0
0
0
0
0
0
0
0
0.00094
0.00094
0.00300667
0.00344667
0
0.00309667
0.00265667
0.00265667
0
0.0160967
0.03281
0.0124933
0.00121
0.00340333
0.00017
0
0
0
0.00016
0
0
0
0
0
0
0
0
0
0
0.02244
0
0
0
0
0.00828
0.0320067
0
0
0.0112367
0.00384333
0.0324633
0
0
0.000166667
0.00426
0
0.00334
0
0.00110667
0.00094
0
0.0207967
0
0.0001
0
0.00094
9e-05
0
0.04324
0
0.0539433
0.0554
0.00132333
0
0
0
0.02215
0.00013
0.00013
0.00198667
0
0
0.00094
0.00142667
0.000976667
0.00255
0
0.00094
0
0
0
0.000363333
0.000363333
0
0
0
0
0
0
0.00094
0
0
0
0
0.00394667
0
0
0.00265667
0
0
0
0
0
0
0.0220867
0.03183
0.01175
0.000153333
0.00017
0
0.000793333
0
0.0008
0.0131667
0
0
0.00114667
0.0220367
0
0
0
0
0
0.0184333
0
0
0.0317867
0
0
0.02928
0
0
0
0.00670667
0
0.000193333
0
0.000306667
0.0213667
9e-05
0.0515167
0.0778
0
0.08076
0
0.0115167
0
0.0128
0
0
0.0422733
0.00013
0.0182633
0.0104033
0.00293333
0.01371
0.00783
0.00198667
0.00126
0.00124333
0.00140333
0.000903333
0.000523333
0.00180667
0
0.0236567
0.02286
0
0.00049
0.00275667
0
0.000616667
0
0.00312
0.000616667
0.000616667
0
0
0
0.000596667
0
0
0
0.000233333
0.000233333
0
0.0155467
0.0151967
0
0
0
0
0
0
0
0.00384333
0.0137033
0.00169333
0.00172
0.000466667
0.000753333
0.000296667
0.00708333
0.00586667
0
0.01326
0.013
0
0
0
0
0
0
0
0
0
0
0
0
0
0
0
0
0
0
0
0.00494
0
0.00213667
9.66667e-05
0.00644
0
0.0664567
0
0.07756
0.000186667
0.0284833
0.01038
0
0.04551
0.03511
0.03125
0.0392333
0.0134567
0.00722333
0
0.00134333
0
0.00297667
0
0
0
0.028
0.0434667
0.000866667
0.0017
0.0232967
0.00145
0.00625667
0
0
0
0.00788333
0
0
0
0
0
0
0
0.0224067
0.0335667
0
0
0
0
0
0
0
0
0
0
0
0
0.000593333
0.00018
0.00230333
0.00242
0.0008
0
0.000296667
0.000296667
0
0.0165067
0
0
0
0
0
0
0.01669
0
0
0
0.0454433
0.00782333
0
0
0.0802
0.00677
9.66667e-05
0
0.000193333
0.000256667
9.33333e-05
0.00146
0.00388
0.00379667
0.0134067
0
0.0434933
0.06498
0.0512267
0
0.0115567
0
0.0139767
0
0
0.03093
0.0499833
0.0460733
0.03086
0.00127
0.00163
0.0103067
0.0101067
0.0165567
0.04127
0
0.0109733
0.00176667
0.00612667
0.0596667
0.0402933
0.00176667
0.0121933
0.00631667
0.00639333
0.000626667
0.0131833
0.00548333
0
0
0
0.000616667
0
0
0.00354
0.00807
0
0
0.00732333
0
0
0.00153
0.00247
0
0.00131333
0.00546
0.02093
0
0
0.01609
0.00399
0.00265667
0
0
0
0
0
0
0
0
0.00018
0.00119
0.000593333
0.00982
0.00474667
0.000593333
0.00692333
0.0172133
0.0208367
0.00937333
0.00747667
0.0270267
0
0
0
0
0
0
0.015
0.0261367
0.0424333
0
0
0
0
0
0
0.00828667
0
0
9.66667e-05
0
0.00261333
0
0
0.00901
0
0
0.00349
0.112217
0
0.0236467
0.0795467
0
0
0.0302567
0
0
0.04471
0
0.0340467
0.0161367
0.0276733
0.00013
0.00671667
0.00382333
0.0109167
0.00394
0.0183967
0
0
0
0.01446
0
0
0.0286533
0
0
0
0.000626667
0.00548333
0
0
0
0.0179467
0
0
0
0
0.00071
0
9.33333e-05
0.00220667
0
0
0.02158
0
0
0
0
0
0
0
0
0
0
0
0.00039
0
0
0.00512333
0.000376667
0
0
0
0.00114667
0
0
0
0
0
0
0
0
0.00114667
0.00131
0
0
0.000296667
0.000296667
0
0
0.000163333
0.00281333
0.00371667
0
0.000453333
0.000156667
0.0133267
0.0369067
0.0224867
0.00297
0.0794833
0
0.0121933
0.0485567
0.00045
0
0
0.00998667
0.00076
0.0325867
0
0
0.00401667
0.0072
0.00344667
0.00185667
0.00299667
0.00163
0
0.0214633
0.03061
0
0
0.0522567
0.00318
0
0
0.05094
0.0558667
0.0361267
0.00494667
0.0147333
0.0117933
0.0151733
0.000626667
0
0
0
0
0
0
0
9.33333e-05
0
0
0
0.00220667
0.0295267
0.0145433
0.0134167
0.0387067
0
0.0101133
0.00196667
0
0
0
0
0
0
0
0
0
0.000506667
0.000116667
0.0214567
0.00694667
0.00229667
0.000473333
0.00869
0
0
0.02121
0
0
9.66667e-05
0.0418967
0
0
0
0
9.66667e-05
0.0803233
0
0
0
0
0
0.00453667
0.00632333
0.000163333
0
0
0
0.00419667
0.101237
0.07686
0
0
0
0
0
0.0218167
0
0
0.000403333
0.03095
0
0
0
0.0352633
0.01344
0.000696667
0.00419
0.01461
0
0
0.0180533
0
0.0132133
0
0.0206533
0
0
0.0193367
0.00667333
0
0
0.0341733
0.00660333
0
0.00120333
0
0.0538667
0
0.0568633
0.0968
0
0
0.000956667
0
0
0
0.05807
0
0.00162667
0
0.0175633
0.0393667
0
0.0379767
0
0
0
0.000633333
0
0
0
0
0
0
0
0
0.000116667
0
0.0184033
0.01776
0.00287333
0.00192
0.0196167
9.66667e-05
0.0130433
0.00172667
0.000116667
0
0
0
0
0
0
0
0
0
0
0
0.03516
0
0
0
0
0
0
0
0
0
0
0
0
0.00225667
0
0
0.000226667
0.02449
0
0
0.000403333
0.00105667
0.00111333
0.00123
0.00151667
0.00222667
0
0.00501
0.00323
0.00181667
0
0
0
0.00660667
0
0
0.0155833
0
0
0
0
0.00172667
0.0120733
0.0268233
0.01496
0.00318
0
0
0
0.0400933
0.00127333
0.000576667
0.000576667
0
0.03462
0
0
0
0
0.0731133
0
0
0
0
0.00783333
0.08835
0
0.00034
0.000246667
0.0735733
9.66667e-05
0
0.0426767
0.00343667
0.0128767
0.05207
0.0227167
0.00985667
0
0
0
0
0
0
0
0
0
0
0
0
0.00368667
0.00456667
0.0021
0.00105
0.00263667
0
0.00351667
0.00017
0.000646667
0
0
0
0
0
0
0.000666667
0.000666667
0.00733
0.00367667
0
0.000646667
0
0
0
0
0
0
0.00054
0.00141667
0.0130833
0.0132567
0.0160333
0.00421333
0
0.000116667
0
0
0
0
0
0
0.000116667
0
0
0
0
0
0
0
0
0
0
0
0.00314
0.00114
0.00172
0.000696667
0
0
0
0
0
0
0.000696667
0
0
0.00327
0
0.01531
0
0
0.0329433
0
0
0
0
0.03052
0.0194133
0
0
0.03208
0.128343
0
0.0295767
0.0124533
0.000523333
0.000523333
0.149033
0
0
0.15503
0.133077
0
0.00092
0.0009
0.00271
0.00312667
0.0205933
0.00171
0.000633333
0
0
0
0
0
0
0
0
0.00017
0.00122
0.00105
0.00109
0.000423333
0
0
0
0
0.00513667
0.00513667
0.00580333
0.000313333
0
0
0
0
0
0
0
9e-05
0
0
0
0
0
0
0
0
0.000753333
0.00571667
0.000616667
0.00561333
0.04388
0
0.0331533
0.04877
0.00499667
0
0
0.0116733
0.0232067
0.0354333
0.00667667
0.0072
0.100787
0
0.000523333
0
0
0.000803333
0
0.13992
0.000246667
0.127837
0.0113733
0
0.0203333
0.0764733
0.0716033
0.126603
0.10513
0.02194
0.02061
0
0.0129267
0
0
0
0
0
0
0
0
0
0
0
0
0
0
0
0
0
0
0
0
0
0.00016
0
0
0.000423333
0.000313333
0.00119
0
0.00184667
0.00118
0.01094
0.01158
0.0072
0.00076
0.00656333
0.00076
0.0234267
0.00161
0.0017
0.00137667
0.00718
0.0114167
0.0232867
0.02416
0.0158167
0.000753333
0.00419
0.00915333
0.0262433
0.0607767
0.0505533
0.0337133
0.0213533
0.00232
0.100563
0.0301767
0.0490933
0.00424
0.0131367
0.134117
0.00739
0.01846
0.00203667
0.00295667
0.00042
0.0201633
0
0
0
0.00107667
0
0
0
0
0
0
0
0
0
0
0
0
0
0
0
0
0.000876667
0.00127667
0.00056
0.00016
0.000756667
0
0
0
0.00667333
0.000896667
0.0234
0.00161
0.00335
0.02006
0.00771333
0.00875
0.02096
0.0211267
0.00899667
0.0489667
0.00179667
0
0.0982233
0.04001
0.0387333
0.0169733
0.0270933
0
0.104247
0.00738333
0.00203667
0.14035
0.10974
0.14974
0.01686
0.00155667
0.00107667
0
0
0
0
0
0
0
0
0
0
0
0
0
0
0
0
0
0.00125
0.00125
0
0
0.000123333
0.000123333
0.00014
0.00186333
0.00405333
0.00193667
0.00014
0.00933
0.00034
0.00179667
0.00034
0.03704
0.0527433
0.00034
0.00362667
0.00532333
0.01654
0.0197033
0.02554
0.00804
0.0362667
0.0422567
0.0756933
0.00875333
0.00196333
0.0081
0.00048
0
0
0
0
0
0
0
0
0
0
0
0
0
0
0
0
0
0
0
0
0
0
0.00027
0.00027
0.00154333
0.00262667
0.00991333
0.00398667
0.00517667
0.00204
0.00131333
0.00314
0.00627667
0.00350333
0.01938
0.0409633
0.00958667
0.00348
0.00676667
0.01953
0.10725
0.0748233
0.0295
0.07475
0.07673
0.0627833
0.0276067
0.0473333
0.0966967
0.0935367
0.00083
0.00107
0.000413333
0.000173333
0
0
0
0
0
0
0
0
0
0
0
0
0
0
0
0
0
0
0
0
0
0
0
0.00154333
0.00286
0.0408967
0.0498067
0.0378933
0.0853033
0.00024
0.00024
0
0
0
0
0
0
0
0
0
0
0
0
0
0
0
0
0
0
0
0
0
0.00111333
0.00111333
0.00612
0.0134067
0
0
0
0
0
0
0
0
0
0
0
0
0
0
0
0
0
0
0
0
0.00447667
0.00598333
0.00967333
0.02162
0.0431967
0.05237
0.0706067
0
0
0
0
0
0.00263333
0.00172333
0.00711
0.00594
0.01979
0.0283833
0.04933
0.128113
0.00027
0.00088
0.01703
0.0529867
0.0313133
0.0730033
0.0608433
0.114617
0.11581
0
0.00027
0.00635667
0.00263333
0.00199333
0.0108333
0.0337467
0.04275
0.04858
0.0706033
0.0548233
0.0237733
0.0594967
0.05131
0.06682
0.09788
0.0697633
0.0750767
0.00155
0.02394
0.103873
0.08538
0.0629667
0.0742867
0.0782733
0.0982367
0.08451
0.00303333
0.00547667
0.148503
0.0880333
0.0618933
0.0850567
0.0122933
0.0593933
0.0322933
0.0661967
0.16182
0.10502
0.00985
0.0118333
0.11734
0.0566833
0.117573
0.0732
0.0610333
0.0782933
0.06116
0.0392867
0.05251
0.0545733
0.03329
0.0100267
0.02343
0.0830067
0.0315867
0.0679633
0.0252467
0.0232667
0.0248367
0.0930833
0.0975733
0.10581
0.0954733
0.0693467
0.0439167
0.04135
0.0693967
0.02648
0.0286433
0.03954
0.03413
0.0379367
0.09325
0.0240233
0.03235
0.0789433
0.106643
0.0459333
0.05219
0.0907233
0.132597
0.0404733
0.119287
0.08204
0.0507567
0.109573
0.20128
0.157973
0.178257
0.0181467
