0.0225067
0
0.114623
0.0884433
0.16262
0
0.0388267
0.0223167
0.0978667
0.0381867
0
0
0
0.0108
0.0433767
0
0
0
0.1195
0.119383
0
0
0
0.15866
0
0.0970667
0
0.0889467
0.00813667
0
0.0685933
0.14051
0
0.0680267
0.180077
0.276347
0
0.148243
0.0758667
0
0.19598
0.14355
0
0
0.111637
0.0544567
0
0
0
0.23446
0.13713
0.168523
0.122883
0.170573
0.10592
0
0
0.251237
0.0581867
0.210963
0.0778567
0.0224733
0.202853
0.134103
0.180593
0.0881333
0
0.136767
0.14998
0.11079
0.132603
0.06868
0.202473
0
0
0
0.237553
0.132827
0
0.17022
0.252183
0.173157
0.132523
0.180453
0.19796
0.0568267
0.0923933
0
0.211837
0.08233
0.12275
0
0.0372567
0.150067
0
0.05966
0
0
0
0.212657
0
0.10022
0.16027
0.10034
0
0.0931933
0.0705
0.06686
0
0.0751667
0.17714
0
0
0
0.203157
0
0.18613
0.197407
0
0
0.08011
0.187827
0
0.0336033
0
0.0676333
0.03908
0.105577
0.03277
0.02828
0.05212
0
0.0922133
0
0.132907
0.0458233
0.0558033
0
0
0
0
0.06919
0.0973833
0.100823
0.177733
0.01486
0.02246
0.0926967
0.0926433
0
0
0.0229233
0
0
0
0
0
0.18266
0
0
0
0.0758533
0.176713
0.136223
0.0412433
0.270607
0
0
0
0
0
0.137
0.0244033
0.164343
0.188997
0.0923
0.20976
0.0404867
0.03357
0.04842
0.328007
0
0.199887
0.16389
0
0.09338
0.153193
0
0.06709
0
0.2275
0
0
0
0
0
0
0.0458533
0.0743967
0.133727
0
0.225867
0
0.0553033
0.04503
0
0
0
0
0.19953
0
0
0.177057
0.222897
0.0305467
0
0.15639
0.27361
0.131167
0.11081
0
0
0.00744333
0
0.14409
0.206123
0.162123
0
0.30632
0.0336033
0
0
0
0
0.188117
0.07924
0.216537
0.09237
0.233543
0
0.0948
0.11979
0.0164367
0
0
0.25624
0
0.0927167
0.06143
0
0
0.177513
0
0
0.205203
0.0229967
0.132943
0.11212
0.0973533
0
0
0.152963
0
0
0.158687
0
0.0101967
0.32888
0
0.0147133
0.0221067
0.0596833
0
0
0.32122
0
0
0.180507
0.0779567
0.250267
0
0.254987
0.215587
0.141893
0.142103
0.16466
0.158987
0.00761667
0.06842
0
0.04962
0
0.23906
0.204553
0
0.0592233
0
0.266387
0
0
0
0.0164367
0
0.05348
0
0.0912333
0
0.353003
0.198017
0.162887
0.0487367
0
0.03682
0
0
0.114727
0
0
0
0.103363
0.162343
0.0737167
0
0.350847
0.145603
0.122957
0.0372133
0
0
0.22308
0
0.27132
0
0
0.193647
0
0.09301
0
0.28995
0
0.25762
0.116413
0
0
0
0.139737
0
0.00757
0
0.21177
0.210307
0.07361
0
0
0
0.17827
0
0.242567
0.17613
0
0
0.04522
0.06848
0.0732567
0
0.176287
0.0821467
0
0.0311367
0.166223
0.187953
0.153903
0.317527
0.0735933
0
0.0567467
0
0.0757267
0
0.0983
0.0921
0.369943
0.03055
0
0.0443633
0
0.168203
0.155163
0.272507
0.200537
0
0.0872333
0.0679567
0.15965
0.0679367
0
0.00743333
0.188283
0.0986933
0.0738267
0.123047
0.13849
0.125043
0
0
0.205947
0.19957
0.0877233
0.196763
0.0532067
0
0.09789
0.124577
0
0.121807
0
0.0728033
0.329683
0.04502
0
0.0244033
0.197787
0.160567
0
0.12242
0.0922733
0.0666633
0.371853
0.02188
0.0982033
0.0371033
0.0101967
0
0
0.07381
0.0512133
0.191923
0.07306
0.248207
0.13072
0.142233
0.0681833
0
0.23855
0.0298933
0.13399
0.0612333
0.236117
0.298627
0
0
0
0.0680567
0.153797
0
0.0728267
0.10979
0
0.104113
0.0701
0.195797
0.0715633
0
0.0682933
0
0.156247
0.06911
0.1123
0.18181
0
0
0.27459
0.17737
0.152983
0.285393
0
0
0.177507
0
0
0
0
0
0.112163
0.221157
0.160647
0.248697
0.111007
0.203173
0.0674967
0
0
0.26389
0.15798
0.222493
0
0.119953
0.181027
0.0669333
0
0.16585
0
0.0496867
0.180273
0.111433
0
0.08971
0.160237
0.26246
0
0
0.177163
0
0.219667
0.151147
0.07704
0
0.244823
0.167447
0.139287
0.0409
0.06768
0.118323
0
0
0
0.27301
0
0.0591233
0
0
0.16792
0
0.347943
0.146007
0.167927
0.17922
0.0666067
0.0824067
0.194943
0.06787
0.13528
0
0.1086
0
0.199603
0.166577
0.0834633
0.19023
0.0634633
0
0
0
0.20669
0.132073
0
0.0447133
0
0
0
0.135987
0
0
0
0.19861
0
0
0
0.10046
0.109607
0.165403
0
0.0784167
0
0.0783433
0.0267533
0.115923
0.0996867
0
0
0
0
0
0.107163
0.09281
0.215057
0.09903
0.331517
0.0995667
0.0240967
0.0832567
0.221633
0.291803
0
0.07132
0.0958933
0.166503
0
0.03065
0.0939133
0
0.0900233
0.0512767
0
0
0.248927
0.142527
0.03986
0.180203
0
0.23976
0.15995
0.0443133
0
0
0
0.123567
0.155853
0.118427
0.06773
0.143597
0
0.201993
0.15333
0.279873
0
0
0
0.06956
0.0884833
0.131707
0.0894633
0
0
0
0.105403
0.10059
0
0.0307267
0.04988
0.211403
0.138927
0.138643
0.0444933
0.10882
0.295597
0.165933
0.310907
0.134767
0.0679367
0
0
0.0671833
0
0.0305833
0.0852467
0
0
0
0.06896
0.17607
0.114737
0
0.130727
0
0.117493
0
0
0.02259
0.212237
0
0
0.16045
0.1893
0.09796
0.0987067
0
0
0.0757967
0.20251
0.0101967
0.0222067
0.116507
0.09267
0.202057
0
0.0757133
0.0665
0
0
0.08966
0.03908
0
0.0682533
0.0683633
0
0.09662
0.0118167
0.04498
0.251867
0
0.0771033
0.274207
0
0
0
0.1649
0.0697067
0
0.157207
0.07474
0
0.301187
0.305007
0.16098
0.22652
0.0664733
0
0
0
0
0.0680367
0.145243
0
0.170617
0
0.00761667
0
0.348207
0.149633
0
0
0.186663
0.135507
0.174903
0
0
0
0
0.176243
0
0.0221967
0.0623133
0.0152867
0.236517
0.197503
0.102013
0.297387
0.09356
0.16357
0.0311733
0.167177
0.1455
0.05641
0.155207
0.335857
0.0151233
0.25232
0.218237
0.0612467
0.17616
0
0
0.0256967
0
0.239173
0.30006
0
0
0.104887
0
0
0.14361
0.0453233
0.0296567
0
0.08013
0
0.215927
0.13472
0.0502367
0
0.117803
0
0.302007
0
0.0770033
0.254617
0.0756
0
0.150857
0
0
0
0.10391
0.0599467
0.06004
0.17286
0.121953
0
0.01486
0.02266
0.189653
0.0999133
0
0.122527
0.250193
0.107283
0.18121
0.178183
0.0978433
0.294153
0
0
0.27539
0.26422
0.104923
0.0980733
0
0.0735867
0
0.2395
0
0
0.3197
0.263723
0.0846333
0
0
0
0.116213
0.15622
0.13179
0
0.101263
0.0975467
0.25121
0.323947
0
0
0.07599
0.0229
0.09762
0
0.22415
0
0
0.0974133
0.203137
0
0
0.27107
0.260817
0.177557
0.167057
0.0518533
0.16902
0.13407
0.167583
0.189383
0.156083
0.00745333
0.21781
0
0
0.0619267
0.317647
0
0.07537
0
0
0.221277
0.0701833
0.115333
0
0.10345
0.265067
0.0800867
0.08129
0
0.19889
0.0868233
0
0
0.0432867
0.134183
0.115907
0.06788
0.197967
0.155943
0.175297
0.129253
0.0682133
0.101757
0.125423
0.13688
0.164537
0.20383
0
0.237577
0.13348
0.08898
0.12831
0.161583
0.03114
0
0.0695367
0
0.03477
0.206547
0.0958833
0
0.0222267
0.02368
0.0667467
0
0.176907
0.0963567
0.0950133
0.11529
0.228993
0
0.155313
0
0.0677167
0.0841767
0.190463
0.3231
0.207473
0.18229
0
0
0.0956633
0
0.0228233
0.181607
0
0.215533
0.239357
0
0
0.221353
0.127657
0.23524
0.20118
0
0.21592
0.176663
0.321447
0.0902033
0.14953
0
0
0.0879
0.168687
0.0941133
0.184403
0.189597
0.13512
0.275697
0
0
0.0317933
0.06879
0.27283
0.0584667
0
0.272893
0.15266
0.143843
0.0664467
0.11662
0.187427
0.167837
0.0665167
0.132747
0
0
0.142223
0.0940967
0
0.0487233
0.00767667
0.160423
0.0450633
0
0.22022
0.09259
0.0566467
0.228143
0.02259
0.0689567
0.179307
0.178013
0.18497
0.27226
0
0.164557
0.108633
0.127417
0.02986
0
0
0.241537
0.0862467
0
0.0597167
0.0644967
0.271927
0.238223
0.187777
0.0959367
0.09487
0.0732767
0.175197
0
0.109203
0.133337
0.0973733
0
0
0
0.0706433
0
0.0252833
0.157377
0.140443
0.272507
0.181937
0.20679
0.294317
0
0
0
0.23701
0.08384
0.22873
0.171707
0
0.07292
0
0.105633
0
0
0.130963
0.152653
0.13399
0
0.2144
0.292227
0.15032
0.185347
0.19881
0
0.260227
0.04825
0
0.215573
0
0
0.283923
0
0.0815667
0.112013
0.05201
0.190287
0.08094
0
0.155037
0
0.197603
0.0227333
0.0947533
0.09262
0.213497
0
0
0.104713
0
0
0.215387
0.228047
0.0388267
0.0898567
0.301893
0.173287
0
0.158643
0.128107
0
0
0
0
0
0
0
0
0.30871
0.11295
0.2268
0
0.25545
0
0
0.179733
0.29706
0.179847
0.219107
0.196267
0.244093
0
0.211963
0.204263
0.09788
0.08083
0.38717
0
0.231013
0.282837
0.134273
0.16696
0
0.19239
0.0952567
0
0
0.137687
0.231523
0.141617
0.0710033
0
0
0.09591
0.0674233
0
0.219997
0.227957
0.21017
0
0.179403
0.170653
0.190017
0
0.30102
0.12534
0.156067
0.06709
0
0.136947
0
0.121207
0.172197
0.246243
0.07996
0.176023
0.09487
0
0.157627
0.211273
0.200433
0
0.0865067
0
0
0
0.19036
0.0816633
0.0231867
0.24145
0.0460067
0.166377
0.13123
0.272923
0.0973267
0.18395
0
0
0.217093
0
0.0352133
0.0337267
0
0
0.164863
0.16467
0
0.168353
0
0.259593
0
0.0731067
0.0928667
0
0
0
0.155183
0.200547
0
0.139777
0.316337
0.209827
0.176307
0.0969567
0.276137
0.318997
0
0.165467
0.231173
0.156597
0
0.27245
0.06291
0
0.06722
0
0.25113
0.126063
0.04221
0
0.273923
0.08245
0
0
0.16489
0.0943333
0.213753
0.37076
0.204897
0.03477
0.19031
0.0455567
0.141013
0.259523
0.197123
0.176603
0
0.13418
0
0
0
0.06138
0.32575
0
0.174523
0.16211
0.06346
0.23129
0.19536
0.13638
0.287887
0.0712167
0.0930133
0
0.03071
0.125533
0.173373
0.0929267
0
0.275573
0.0996067
0
0
0
0.155397
0.306563
0.10265
0.133487
0.197233
0.0699833
0.249083
0.167363
0
0.0689833
0.115913
0.218437
0.189057
0.20197
0.11916
0.305917
0.16962
0.163237
0.03071
0.123163
0
0.0119633
0.114403
0.188153
0
0
0.110607
0.127997
0.12611
0.147193
0
0.0516433
0.0848033
0.177433
0.02364
0.201613
0.07933
0
0.0677133
0.0241633
0
0.170247
0
0.2356
0.0607733
0
0
0.26406
0.00807667
0.254377
0.175437
0.182547
0
0
0.10179
0
0.118343
0.00815667
0.166973
0.17679
0.0732267
0.133993
0.191773
0
0
0.213217
0
0
0.174617
0.278163
0.14688
0.0666933
0.0897533
0
0.18667
0.34511
0.0713833
0.16444
0.229507
0
0
0.214767
0.0804133
0
0.225327
0.281453
0.00807667
0.133373
0.13413
0
0.177643
0.212913
0.114347
0.219173
0.137633
0
0.27379
0.21244
0.0252833
0.0730633
0
0.273583
0.0611633
0.211593
0.16094
0.13551
0.09467
0
0.174033
0.177187
0.224427
0.147737
0.177653
0.177143
0.09597
0.06377
0.135723
0.0664867
0.158193
0.0505033
0.08232
0.1815
0.191343
0.11729
0.0153733
0.17515
0.194033
0.160363
0.157173
0.142327
0.186983
0.0356033
0.240377
0.289847
0.129527
0.24082
0.17758
0.184277
0.310933
0.266697
0.241347
0.256593
0.09282
0.14294
0.177813
0.100293
0.111823
0.09702
0.105857
0.199077
0
0.23303
0.105047
0.21611
0.18582
0.0665367
0.0163067
0.0207533
0.115783
0.14923
0.13274
0.151227
0.252197
0.0149167
0.10535
0.14014
0
0
0.254557
0.18959
0.156573
0
0.194217
0
0.2739
0.0773
0
0.0222
0.15924
0.226733
0.00815667
0.141797
0.182237
0.10416
0.176243
0
0.120813
0.22612
0.164167
0
0.163407
0.150507
0.1593
0.28186
0.241967
0.108627
0.186453
0.197003
0.07417
0.303893
0.21715
0.180333
0.173093
0.339413
0.16359
0
0.179753
0.147767
0
0.21077
0.175353
0.172727
0.220587
0.24057
0.15538
0.14443
0.28924
0.142717
0.167007
0.0649233
0.20291
0.14828
0.274667
0
0.0923267
0
0.0404367
0.13098
0.00748333
0.04072
0.16151
0.21245
0.243803
0.178397
0
0.159173
0
0.132267
0.27337
0.187593
0.13185
0.13276
0.14475
0.231617
0.09779
0
0
0
0.0744533
0.16861
0
0.03791
0.0246133
0
0.0160867
0.0668
0.160543
0.229483
0
0.277477
0.25991
0.0970467
0.219617
0.03249
0.24974
0.24405
0.06698
0.223063
0.0409733
0.116867
0.278493
0.220903
0.134633
0.17119
0.0981533
0.103953
0.104787
0.256533
0
0.162777
0.183853
0
0.285683
0.07759
0
0
0.20849
0.115543
0.27445
0.0749433
0.27295
0.16229
0.176997
0.0439333
0.22679
0.228167
0.1086
0.0180633
0.10542
0.119657
0.16956
0.198343
0
0.1187
0.117833
0
0.00812333
0.0163067
0.124937
0.12563
0.205557
0.18239
0.132907
0.30802
0
0.27123
0.0365
0.127783
0.0804067
0.137887
0.16025
0.11534
0
0
0.132493
0.0118167
0.167887
0.272993
0
0
0.08962
0.133517
0.161127
0.111343
0.0758567
0.29817
0.10137
0.198263
0.11287
0
0
0.120457
0.183097
0
0.17293
0.11789
0.228007
0.143203
0
0.242797
0.149233
0.120193
0.182273
0
0.133903
0.164853
0
0.0671633
0
0.0378833
0.116397
0.185013
0.266637
0.00745333
0.29544
0.119657
0.181617
0.205187
0
0.170653
0.105823
0.0979133
0
0.0154933
0.2631
0.100593
0
0.135683
0
0
0.220663
0.181583
0.139663
0.04253
0.00807667
0.108723
0.214663
0.0986467
0.0735867
0.14652
0.2144
0.09713
0.19083
0.122593
0.0799733
0
0.136307
0.00745333
0
0.234087
0.0279633
0.204943
0.103403
0.240217
0.217403
0.223633
0.138153
0.0164367
0.249463
0.0593667
0.148363
0.24106
0
0
0.23675
0.156933
0.15746
0.276393
0.236777
0.180417
0.27186
0.218493
0.08935
0
0.253593
0.104567
0.144373
0.23405
0.0661033
0.22859
0.137027
0
0.22235
0.311303
0.156843
0.110833
0.216273
0.205117
0.177113
0.245727
0.056
0.218953
0.26343
0.296793
0.24821
0.221923
0.0640467
0.149397
0.267703
0
0.14148
0.167157
0.0323633
0
0.281867
0.0747667
0.180913
0.112583
0.19199
0.221473
0.224567
0.21429
0.0961633
0.284747
0.285867
0
0.137967
0.0147833
0.152413
0.08065
0.15982
0.10063
0.0477667
0.0161533
0
0.03223
0.07365
0.15707
0.115153
0.234783
0.286437
0.198703
0
0.14913
0.291937
0
0
0
0
0
0.135583
0.134963
0.220873
0.264577
0.217423
0.0912733
0.0583433
0.25028
0.112313
0.156767
0.08474
0.215787
0.263463
0.0836533
0
0
0.150227
0.0737233
0.11591
0
0.133243
0
0.10759
0.13388
0.25304
0.252137
0.193073
0.16817
0.18325
0
0.0318567
0.101387
0.188247
0.181927
0.174337
0.0939367
0
0.10744
0
0.0981433
0.188623
0.12484
0.0637333
0.11604
0
0.209387
0.2132
0
0.0967767
0.245677
0.186643
0.19924
0.223043
0.10767
0.0241567
0.0903133
0.175457
0.267693
0.13367
0.07368
0.24965
0.0561
0.139687
0.10831
0.13232
0.141183
0.00812333
0.12568
0
0.27285
0.214793
0.334623
0.09561
0
0.0648533
0.0691967
0.05555
0.22991
0
0.187573
0.05873
0.14608
0.120877
0.0973533
0.00745333
0.0517533
0.256953
0
0.123673
0
0.15931
0.20802
0
0
0
0
0.0773067
0
0.204113
0.0920133
0.216083
0.205237
0.18079
0
0
0.262003
0.21496
0
0
0.18009
0
0.1162
0.295407
0.254987
0
0
0
0
0.25055
0.151913
0.0147833
0.10428
0.213647
0.216367
0
0.19171
0
0.197517
0.21684
0.197623
0
0.214237
0
0.203283
0
0.243697
0.250253
0.130703
0.252143
0.268627
0.265673
0.179083
0.28146
0.31412
0.176957
0.217853
0
0.124187
0.149667
0.0103833
0.15049
0.0868367
0.28987
0.13884
0.24583
0
0.220283
0
0.229197
0
0.00812333
0.02256
0.19441
0
0.176393
0.17664
0
0.141577
0.161653
0.263343
0.189277
0.0151233
0.0947467
0
0
0
0.09958
0.19214
0.06646
0.14815
0.265697
0.17033
0
0.110673
0.07396
0.13436
0
0.0312367
0.116747
0.281353
0.186997
0.16296
0.165787
0
0
0.0816233
0.0419967
0
0
0.178347
0.129047
0.162993
0.293107
0.2135
0.198977
0.0670633
0.168823
0.130877
0.0909067
0.0946333
0.30647
0.0379067
0.17732
0.0875967
0.0882767
0.00769667
0.15887
0
0
0.156873
0.0951167
0.217813
0.288227
0.312943
0.20074
0.0456367
0.122777
0
0.152717
0.0725
0.00764
0.145473
0.207293
0
0.130167
0.102827
0.202487
0.03732
0.14762
0.18262
0.109573
0
0.30005
0.174393
0.12178
0
0.12624
0.0680867
0.13455
0.20714
0.0929033
0
0.130957
0.0916667
0.163783
0.05709
0.0990167
0.01641
0.119133
0.197453
0.133433
0
0.156457
0.178693
0.04195
0
0.117113
0.213463
0.146803
0.151463
0
0.0162933
0.0243233
0.129847
0.105053
0.0796533
0.1233
0.212693
0.23345
0.165057
0.26646
0.1945
0.03954
0.101103
0.132903
0.0686167
0.0588533
0.02522
0.175437
0.181077
0.37335
0.2845
0.190297
0.16507
0
0.100323
0.21397
0.0499233
0.28003
0.0680067
0.138017
0
0.0227867
0.0413367
0.14747
0
0
0.123203
0.0563667
0
0
0.155527
0.369103
0.0430933
0.09598
0.192377
0.16416
0.21741
0.157597
0
0.178527
0.21611
0.169213
0.190673
0.166717
0
0.0791967
0.150337
0.128343
0.28882
0.196953
0.24474
0.228987
0.194307
0.256213
0.240197
0.25951
0
0
0.09652
0.342903
0.10052
0.00759
0.11589
0.113703
0.215263
0.04254
0.20139
0.08434
0
0.19407
0.11803
0.0844533
0.259253
0.0756733
0.277607
0.16873
0.166147
0.06861
0.2014
0.185393
0.06477
0.0303767
0.13259
0.227923
0.0826467
0.117753
0.134047
0.141513
0
0.234987
0
0.0496467
0.243403
0
0.0673467
0.11437
0.225377
0.11193
0.01632
0
0.0872233
0.10471
0.10023
0.20838
0.13284
0.265857
0
0.0836
0.25696
0.0948
0.179203
0.211683
0.19541
0.27021
0.0909267
0
0.200047
0.195063
0.16871
0
0.31939
0.0942967
0.0748933
0.12646
0.14367
0.126253
0.387377
0.361467
0
0.187243
0.0799233
0.35464
0.240203
0.10601
0.0916133
0.165563
0.178803
0
0.236757
0.123223
0.0161533
0.230073
0.0764133
0.10156
0.221073
0.03219
0.03806
0.1795
0
0.199947
0.214433
0.0438333
0.100563
0.210483
0
0.183073
0.107453
0
0
0.125367
0.0475633
0.06624
0.0373133
0.11365
0.0675933
0.0878067
0.11447
0.188007
0.16747
0.26651
0.114727
0
0.123113
0.236643
0.241863
0.159807
0.284937
0.262753
0.0109033
0.19752
0.1652
0.246843
0.178107
0.13183
0.37962
0
0.0636933
0.0523
0.0811667
0.37259
0.200523
0.0238833
0.198133
0.168547
0.05355
0.24546
0
0.271933
0
0.0549733
0
0.0744667
0.147377
0.230793
0.397813
0.198493
0.226723
0
0.12477
0
0.0984067
0.14385
0
0.287557
0.141283
0
0
0.18974
0.169237
0.08991
0
0.0340367
0.101847
0.06758
0.18452
0.00843
0
0.292303
0.16844
0.18393
0.260337
0.180573
0.03435
0.209303
0.11357
0.244493
0.319343
0.227733
0.16905
0.171757
0.20624
0.133557
0.10849
0.136513
0.0686933
0.06792
0.191933
0.173817
0.0568967
0.11787
0.240133
0.1825
0.293843
0.102017
0.177293
0.147313
0.0545267
0
0.101897
0.308183
0
0.13386
0.116257
0.241947
0.149877
0.177667
0.323517
0.109877
0.114767
0.1401
0.02286
0.256773
0.132833
0.0987933
0
0
0.0761567
0.259987
0.124073
0.1347
0.0737267
0.13162
0.109673
0.148347
0
0.146853
0
0.16693
0.14052
0
0.215633
0.160723
0.15197
0.260197
0.0119633
0
0.10877
0.240843
0.167513
0
0
0.16659
0.232527
0.0751733
0.13213
0
0.0978733
0.09953
0.0949833
0.1977
0.0677067
0.110267
0.0936267
0.0532867
0
0.17403
0.0662667
0.0148967
0.0952467
0.269793
0.02687
0.23473
0.126207
0.150993
0.156713
0.0908233
0.05528
0
0.0304467
0.2365
0
0.114097
0.32219
0.0953567
0.214893
0.2519
0.04017
0.267967
0
0
0.259657
0
0.0738267
0.0923433
0
0.2289
0.0153967
0
0.201057
0
0
0.30625
0.181413
0.0375667
0.0077
0.12581
0.0828133
0.0875067
0.203877
0.166397
0.206433
0.148443
0.06815
0
0.169217
0.0858
0.324193
0.0895733
0.319473
0.206223
0.160617
0.205423
0
0
0.247883
0.157223
0.0838133
0.2914
0.17883
0.1829
0.293963
0.13483
0
0.12636
0
0.06665
0.0688867
0
0.14443
0
0.225337
0.130993
0.2378
0.22455
0.14527
0.0231867
0.109537
0.20461
0
0
0.117293
0.0980933
0.14845
0.22768
0.0910233
0.0679067
0.215727
0.0974233
0.23092
0.176143
0.14368
0.116313
0
0.0919133
0.21611
0
0.0659833
0.0830067
0
0.223717
0
0.132143
0.0958133
0.11558
0.177853
0.0514367
0.174287
0.336983
0
0.184997
0.1163
0
0
0.283663
0.0684033
0
0
0.0919267
0.00861667
0.192473
0.0686833
0.16808
0.27361
0
0.0077
0.0661767
0.169027
0.13255
0
0
0
0.219593
0.249363
0.26027
0
0.270763
0.260323
0.0684367
0.20023
0.10427
0.169427
0.116517
0.0960233
0.00759
0
0
0.159903
0.0492433
0.0427967
0.16926
0
0.01872
0.176687
0
0.20969
0
0.169517
0.110027
0.10075
0
0.31094
0.202153
0.247803
0.186157
0.0707867
0
0.126477
0.0686533
0.146007
0.0939833
0.0907333
0.0708767
0.294427
0
0
0.152633
0.141903
0.0383933
0.0859033
0.225173
0
0.0915833
0
0
0.1167
0.18555
0
0.236293
0.03068
0
0
0.115903
0.189443
0.0904267
0
0
0
0
0.0891167
0.16849
0.23827
0
0.132143
0.0148967
0.09059
0.0944667
0
0.11875
0.0898533
0
0.197403
0.04167
0.25847
0
0.108637
0.20568
0.0915067
0.163843
0.153147
0.182927
0.09309
0.20758
0.0101033
0.12352
0.288507
0
0.116657
0.159943
0.291367
0.0196667
0
0
0
0
0.0924933
0
0
0
0.128063
0.183093
0.15065
0.09103
0.00992
0.103887
0
0.01001
0
0.296443
0.06327
0.270817
0
0.0498767
0.0490167
0
0
0.131693
0.00800667
0.0943333
0
0.05612
0.201713
0
0.09495
0
0
0.125387
0.16918
0
0.110673
0.109
0
0.0199
0
0
0.0812633
0.0701467
0.00807333
0.18319
0
0.13404
0
0.112347
0
0.12717
0.10342
0
0.0576
0
0.0305
0.104223
0
0.168237
0.0500267
0.0402633
0
0.0109033
0
0
0.158603
0
0.181033
0
0.159397
0.259297
0.114203
0
0.0904833
0
0
0.23428
0
0.132533
0.0918267
0
0.0257033
0.182347
0
0.06476
0
0.0624767
0.255433
0.05696
0.133903
0.0307267
0
0.17651
0.00814667
0.0535833
0
0.03257
0
0.147097
0
0.06385
0
0
0.00800667
0.07322
0
0.101247
0
0
0
0
0.06067
0
0.185927
0.0105133
0.09099
0.283073
0.127637
0
0.0684167
0
0.03837
0.04584
0.290773
0
0
0
0
0.0915533
0
0.21267
0
0.0902833
0.182267
0
0.01043
0
0
0
0
0.15034
0
0
0
0.0103867
0
0.00989
0.0186667
0.23756
0
0.0302067
0
0.06987
0
0.254823
0
0
0
0
0
0
0.0486367
0
0.00814667
0.0197267
0.100757
0
0
0
0.213087
0.169193
0
0
0.00807333
0
0.0483733
0.200453
0
0.01043
0
0.169407
0.158337
0.230713
0.0741533
0
0
0
0
0.0459167
0.26548
0
0
0.10418
0.09105
0.0904933
0.00983667
0
0
0.181267
0.156503
0.0648233
0.0567267
0
0
0
0.0998
0
0
0.00807333
0.275747
0
0.26902
0.169157
0.27101
0.0591767
0
0.16754
0
0
0
0.0459167
0
0.143077
0.0395567
0.0567567
0
0
0
0.0186667
0.149467
0
0
0
0.0471833
0
0
0
0.04843
0
0
0.162403
0.166673
0.07302
0
0.09055
0
0
0
0
0.0312367
0.117083
0.14172
0.16977
0.08034
0
0
0
0
0
0.02439
0
0
0
0.166827
0
0
0
0.20318
0.0231533
0
0
0
0
0.09481
0
0
0.10384
0
0
0.10012
0
0.19593
0
0.09006
0
0.220727
0
0.0228767
0.301753
0
0
0
0.0896633
0
0.0911567
0.180867
0.169453
0
0
0
0
0
0
0
0.207603
0
0.23501
0.2221
0
0
0
0
0.0802033
0
0
0
0.235887
0.29256
0
0.100053
0
0.0730333
0
0
0.0602167
0.14422
0
0
0
0.210623
0.0964433
0
0
0
0.04237
0
0
0
0
0.0732533
0
0
0
0.0415767
0
0
0.0407833
0
0
0.305553
0
0
0.194833
0.0105133
0.0242733
0.245797
0
0
0
0
0
0
0
0.12949
0
0
0
0
0
0
0
0
0.259463
0
0.0535667
0
0.0901
0
0
0
0
0
0
0.04878
0.210367
0.03936
0.04871
0
0
0
0
0
0
0.08996
0.0760133
0
0.23488
0.03049
0.0113933
0
0
0
0
0
0
0
0.0694967
0.0964833
0
0
0.112983
0.0888967
0
0.23491
0
0
0
0
0
0
0.02439
0
0.07288
0
0
0.113343
0.02298
0.175007
0
0
0
0
0.00989
0.06513
0.01043
0
0
0
0.0893133
0
0.04067
0
0.06915
0
0
0
0.0566167
0
0
0
0.0405333
0
0
0.125533
0
0
0
0
0
0
0
0
0
0.0113933
0
0.18607
0
0
0
0.160663
0
0
0
0
0
0
0.0295233
0
0
0
0
0
0
0
0
0
0.0895167
0
0.0162433
0
0
0
0
0
0.0801167
0.0244633
0
0
0
0
0
0
0.06989
0
0
0
0.0903467
0
0.0570733
0
0
0
0
0
0
0
0
0.259953
0
0
0
0
0
0
0
0.0770933
0
0
0
0
0.06038
0
0
0
0
0
0
0.125877
0.0646033
0.0227633
0
0
0
0.0891467
0
0
0
0
0
0
0
0
0
0
0.185887
0.0728533
0.0162667
0.0981533
0
0
0
0
0
0.01632
0
0
0
0
0.0495167
0
0
0
0
0
0
0
0.0728133
0
0
0
0
0
0
0
0
0
0
0
0.103577
0
0
0
0
0
0
0
0
0
0
0
0
0.259853
0
0
0
0
0
0
0
0
0
0
0.0113933
0
0
0
0
0
0
0
0
0
0
0
0
0
0.0731567
0.09749
0
0
0
0.0407433
0
0
0
0
0
0
0
0
0
0
0
0
0.0903467
0.0977167
0
0
0
0
0
0.0974533
0.0974267
0
0
0.00989
0
0
0
0
0
0
0
0
0
0
0
0
0
0
0
0
0
0
0
0
0.0120533
0
0
0
0
0
0
0
0
0
0
0
0
0.0697033
0
0.0296367
0
0
0
0
0
0
0
0
0.07309
0.10364
0
0
0
0
0
0
0
0
0.09733
0.0101033
0
0
0
0
0
0
0
0
0
0
0
0
0
0.0511367
0
0
0
0
0
0
0
0
0.17041
0
0
0
0
0
0
0
0
0
0
0
0
0
0
0.03993
0
0.21005
0
0
0
0
0
0
0
0
0
0
0
0
0
0
0
0
0
0
0
0
0
0
0
0
0
0
0
0
0.0344467
0
0
0
0
0
0
0
0
0
0
0
0
0
0.0458567
0
0
0.06499
0
0
0
0
0
0
0
0
0
0
0
0
0
0
0
0
0
0
0
0
0
0
0.102283
0
0
0
0
0
0
0
0
0
0
0
0
0
0
0
0
0
0
0.07316
0
0
0.0975833
0
0
0.0576033
0
0
0
0
0
0
0.01632
0
0
0
0
0
0.34715
0
0.0102433
0
0
0
0
0
0.0254633
0
0
0
0
0
0
0
0
0
0
0
0
0
0
0
0
0
0.19009
0
0
0
0
0
0.113407
0
0
0
0.0615367
0
0
0.0254633
0
0
0
0
0
0
0
0
0
0
0
0
0
0
0
0.0981467
0
0
0
0
0
0
0
0
0
0
0
0
0
0
0
0
0
0
0
0
0
0.19897
0
0
0
0
0
0
0.204617
0
0
0
0
0
0
0
0
0
0
0
0
0
0
0
0.17272
0
0
0
0
0
0
0
0
0
0
0
0
0
0
0
0
0
0
0
0
0.06517
0
0.14712
0
0
0
0
0
0
0
0
0
0
0
0.09976
0
0.0590633
0
0
0
0.147727
0
0
0
0
0.0730767
0
0.09967
0
0
0.0943633
0
0
0
0
0
0
0
0
0.0983567
0
0
0
0
0
0
0
0
0
0
0
0
0
0.0763033
0
0
0
0.156797
0
0
0
0
0
0
0
0
0
0
0
0.02954
0
0
0.0259433
0
0
0.14221
0
0
0
0.156287
0
0
0
0
0
0
0
0
0.155467
0
0
0
0
0
0
0
0
0
0
0
0
0
0
0
0
0
0.0488667
0
0
0
0
0
0
0
0
0
0
0
0
0
0
0
0
0.0953867
0
0
0
0
0.0507433
0
0.0770533
0
0
0
0
0.12019
0
0
0
0
0
0
0
0
0
0
0
0
0
0
0
0
0.0253667
0
0
0
0
0
0
0
0.0253233
0
0
0
0
0
0
0
0
0
0
0
0
0
0
0
0
0
0
0
0
0
0
0
0.0962033
0
0
0
0
0
0.0105133
0
0
0
0
0.00814667
0
0
0
0
0
0
0
0
0
0
0
0
0.0764267
0
0
0
0
0
0
0
0
0
0
0
0
0
0
0.08607
0
0
0.170993
0
0
0
0
0
0
0
0
0
0
0
0
0
0
0
0
0.05083
0
0
0
0
0
0
0
0
0
0.0190567
0
0
0
0
0
0
0
0.0771367
0
0
0
0
0
0
0
0
0
0
0
0
0
0
0
0
0
0.0866567
0
0
0
0.170953
0
0
0
0
0
0
0
0.0767333
0
0
0
0
0
0
0
0
0
0
0.166153
0.0514533
0
0.01943
0
0
0
0
0
0.0777233
0
0
0
0
0
0
0
0
0.0954667
0
0
0
0
0
0
0
0
0.0517467
0
0.06252
0
0.0169333
0
0
0
0
0
0.08521
0
0
0
0
0.10644
0
0
0
0
0
0
0
0
0
0
0.0466833
0
0
0
0
0
0
0.09411
0
0
0.00968
0
0
0
0
0
0
0.02565
0
0
0
0
0
0
0.133943
0
0
0
0
0
0
0.05664
0
0
0.0422567
0
0
0
0
0
0
0
0
0
0.0186667
0
0
0
0.0980033
0
0
0.139547
0
0
0
0
0
0
0
0
0
0
0
0.0581767
0
0
0
0.0253767
0
0
0
0
0.156217
0.155487
0
0
0
0
0.0291367
0
0
0
0.0293367
0
0
0
0
0
0
0
0
0
0.00968
0.06274
0
0
0
0
0
0
0
0.0424567
0
0
0
0
0
0
0
0
0
0
0
0.127017
0
0
0.158383
0
0
0
0
0
0
0
0
0
0
0
0
0
0
0
0
0
0
0
0
0
0
0.0789833
0
0
0
0
0
0
0.0169333
0
0
0
0
0
0
0
0
0
0
0
0
0.157927
0
0
0
0
0.02644
0
0
0
0
0
0
0
0
0
0
0
0
0
0
0
0
0
0
0.0507
0
0
0
0
0
0
0
0
0.0766833
0
0
0
0
0
0.155557
0
0
0
0
0
0
0.0178867
0
0
0
0
0.0253767
0
0
0
0
0
0
0
0.0314567
0
0
0
0
0.0253667
0.08661
0
0
0
0.223143
0.0793933
0
0
0
0
0
0
0
0
0
0
0
0
0
0
0
0.0186633
0
0.0782133
0
0
0
0
0
0
0
0
0
0
0
0
0
0.00870333
0
0
0
0
0
0
0
0.0762333
0
0
0.0952067
0
0
0
0
0
0
0.07301
0
0
0
0
0
0
0
0
0
0
0
0
0
0.08617
0
0.01745
0
0
0
0
0
0
0
0
0
0.169987
0
0
0.155213
0
0
0
0
0
0
0
0
0
0.127557
0
0
0.07634
0
0
0
0
0
0
0
0
0
0
0
0
0
0
0
0
0
0.04197
0.0190567
0
0
0
0
0
0.06114
0
0
0
0
0
0
0
0
0
0
0
0
0
0
0.02565
0
0
0
0
0
0
0.27801
0
0
0
0
0
0.0377233
0
0
0
0
0
0
0
0
0
0
0
0
0
0
0
0
0
0
0.0773233
0
0.0863733
0
0
0
0
0
0
0
0
0
0
0
0.07855
0
0
0
0.0786267
0.00968
0.216633
0
0
0.0564233
0.08212
0.0869533
0
0
0.17223
0
0.0312367
0
0
0
0
0
0
0
0
0
0
0
0.0583667
0
0
0.00870333
0
0
0
0
0.0774233
0
0
0
0
0
0
0.0851133
0
0
0.0982433
0
0
0
0
0
0
0
0
0.0823767
0.08745
0
0
0
0
0
0
0.0848
0
0
0
0.02919
0.25517
0
0.07662
0
0
0.103347
0.0259433
0
0
0.0841167
0.0845467
0
0
0.0312833
0
0
0
0
0
0
0
0
0
0
0
0
0
0.121547
0
0
0
0
0
0
0
0
0
0.244743
0
0
0
0
0
0
0
0
0
0
0
0
0
0
0
0
0
0
0
0.08874
0
0
0
0
0
0
0
0.168333
0.0185
0
0
0
0
0
0
0
0
0
0
0
0
0.05197
0
0.0875167
0
0
0.0768567
0
0
0.01843
0
0
0
0
0
0
0
0
0.120927
0
0
0
0.08777
0
0
0
0
0
0
0
0
0
0
0
0.12941
0
0
0
0.14597
0
0
0
0
0
0
0
0
0.187413
0
0
0
0
0
0.103687
0.0863433
0.01993
0
0
0
0
0.0511733
0
0.0770433
0.156383
0
0.0847233
0
0
0.0676933
0.0870533
0
0.168353
0
0
0
0
0
0
0
0.16795
0.202453
0.00976
0.0282133
0
0
0
0.155197
0
0
0
0.31255
0
0
0
0
0
0
0.05146
0
0
0
0
0.15505
0
0.161883
0
0
0
0
0
0
0.15676
0
0
0
0
0
0.00870333
0
0
0
0
0
0
0
0
0.07675
0
0
0
0
0
0
0.0388167
0.135007
0
0
0
0
0
0
0
0
0
0
0
0
0
0
0
0
0
0
0.121897
0
0
0
0
0.00866667
0.200803
0
0
0
0
0
0
0
0
0
0
0
0
0
0
0
0
0
0
0
0
0
0
0
0
0.07771
0
0.0385567
0
0
0
0
0
0
0
0
0
0.05213
0
0.0315767
0
0
0
0
0
0
0.253403
0
0
0.223137
0.0483067
0
0
0
0.08483
0
0
0
0
0
0
0
0
0
0.0628833
0
0
0
0
0.0865967
0
0
0
0
0.00866667
0
0
0
0.08662
0.0206633
0.0868567
0.07713
0
0
0.10866
0
0
0
0
0
0
0
0
0
0
0
0
0
0.0435333
0.0858467
0
0
0
0
0
0
0
0
0
0
0
0
0
0
0
0
0.282107
0
0.0844833
0
0
0
0
0
0.10332
0
0
0
0
0
0.129853
0
0.0859867
0
0
0.28262
0
0
0
0.08699
0
0
0
0
0
0
0.0344533
0
0.111867
0
0
0
0.147503
0
0
0
0
0
0
0.299873
0
0
0
0
0
0
0.0282567
0
0
0
0
0
0
0
0
0
0
0.0360033
0
0
0
0
0
0
0
0.0467767
0.0942367
0.129263
0
0
0
0
0.156133
0
0
0
0
0
0
0
0
0
0
0
0
0
0
0
0
0
0
0
0
0
0
0.20323
0.29089
0
0
0
0
0.17034
0
0
0
0
0
0.0837567
0
0
0
0.201107
0.0858067
0
0
0
0
0
0
0
0
0
0
0
0
0
0
0
0.16945
0
0
0
0
0
0
0.0607067
0
0
0.10858
0
0
0
0
0
0
0.0776033
0
0
0
0
0
0
0.03693
0
0
0
0
0
0
0
0
0
0
0
0.01993
0
0
0.0863967
0
0.0259733
0
0
0
0
0
0
0
0
0
0
0
0
0
0
0
0.0816067
0
0
0
0
0
0
0.22737
0
0
0
0
0
0
0.156647
0.0773867
0
0
0
0
0
0
0
0
0
0
0.0313067
0
0
0
0.02858
0
0
0
0.0206633
0
0
0
0.0390967
0
0.0769367
0
0
0
0
0
0
0.0988967
0
0
0
0
0
0.00976
0.0781567
0
0
0
0
0
0
0
0.03166
0
0
0.128923
0
0
0
0.104497
0
0.07214
0.0632367
0.0445267
0
0
0
0.0985467
0
0
0
0
0
0.00894
0
0
0.00916
0
0
0
0
0
0.0178867
0
0.0257867
0
0
0
0
0
0
0
0.0739267
0
0
0
0
0
0
0
0
0
0.0190567
0
0.0281133
0
0.148673
0
0.38974
0
0
0
0.1567
0.0368233
0
0
0
0
0
0.00894
0
0
0
0
0
0
0
0
0
0
0
0
0
0.0281133
0
0
0
0.0434267
0
0.197227
0
0
0
0
0.0848833
0.168433
0.00916
0.156337
0
0.0861367
0
0
0
0
0.0856
0
0
0
0
0
0
0.192037
0
0
0.210027
0.12394
0
0.0282567
0
0
0
0
0
0
0.0257867
0
0
0.332473
0
0.0852067
0.0845333
0.0866333
0
0
0
0
0.07638
0
0
0
0
0
0
0
0
0
0
0.0854833
0
0.0302833
0
0.05683
0
0
0
0
0.0408733
0
0.130263
0
0
0
0
0
0
0
0
0
0
0
0
0
0
0
0
0
0.0609133
0
0
0
0
0
0
0
0
0
0
0
0
0
0
0
0
0
0
0.0842967
0
0
0
0
0.02831
0
0
0
0
0
0
0.0477833
0
0
0
0
0.16186
0
0
0
0
0.01031
0
0
0
0
0
0
0
0
0
0
0
0
0
0
0
0
0.06778
0.337373
0
0.05191
0.03681
0
0.10313
0
0.0988033
0
0
0
0
0
0.158893
0
0
0.0475767
0
0
0
0
0.02795
0
0.0468467
0
0
0.227967
0
0
0.0206533
0
0
0
0
0.177493
0
0.0350567
0
0
0
0.24424
0
0
0.07477
0
0
0
0
0.0293367
0.107443
0
0
0
0.0716233
0.00874667
0
0
0
0.189823
0
0
0
0
0
0
0
0
0
0
0.233303
0
0.0844567
0.163573
0
0.0291367
0.0851733
0.0786567
0
0
0
0
0.08436
0
0
0
0
0.12016
0
0
0
0.02606
0
0.252873
0
0
0
0
0.169487
0
0
0
0.09327
0
0
0
0
0.325917
0
0
0
0
0
0
0
0
0.08508
0
0.153257
0
0.05822
0
0
0
0
0
0
0
0
0.00916
0
0
0
0
0.0520333
0
0
0.21217
0
0
0.297377
0
0
0
0
0
0
0
0
0
0
0
0
0
0
0.08525
0.08285
0.158853
0.18933
0
0
0
0
0
0
0
0
0
0.0888033
0
0
0
0
0
0
0
0.08412
0
0
0
0
0.170267
0
0
0
0
0
0
0.12241
0
0.06569
0
0
0
0
0
0
0
0
0
0.08501
0
0
0
0.200403
0
0.05186
0
0
0.102947
0
0.237173
0
0
0.41891
0
0
0.15904
0
0
0
0
0
0
0
0
0
0
0
0
0
0
0
0.01031
0
0
0.07445
0
0.170797
0
0
0.15412
0
0
0
0
0
0
0
0
0.172243
0.06991
0
0
0
0
0
0
0.08681
0
0.08832
0.0962567
0
0
0
0
0
0.29468
0.25463
0
0
0
0
0
0
0
0
0
0
0
0
0
0
0
0
0
0
0
0
0
0
0
0
0
0
0
0
0
0
0
0
0
0
0.0870867
0
0
0.12786
0
0
0
0
0
0.0603567
0
0
0
0
0
0.0854433
0
0
0
0
0
0.05597
0
0
0.02664
0
0
0
0
0
0
0.23371
0
0
0.05581
0
0
0.282687
0
0.0502133
0.0998933
0
0
0
0
0
0
0
0.0530267
0
0
0
0
0
0
0.12133
0
0
0
0
0
0
0
0
0
0.08914
0
0.05625
0
0
0
0
0
0
0
0.0789833
0
0
0
0
0
0
0
0
0.0395433
0
0
0
0
0
0.0845233
0
0
0.390313
0
0
0
0
0.401643
0
0
0.08221
0
0
0
0
0
0
0
0
0
0
0.143887
0
0
0
0.1714
0
0
0
0
0
0.173517
0
0
0
0
0
0
0
0.170053
0
0
0
0
0
0
0
0.0203933
0.146773
0.08428
0
0
0
0
0
0.364667
0
0.0313333
0
0
0
0
0
0.242803
0
0
0.18809
0
0.0293267
0
0
0
0
0
0
0.151897
0
0
0
0
0
0
0
0
0.142123
0.177913
0
0.16833
0
0
0
0
0
0
0
0
0
0
0
0
0
0.345483
0
0
0
0
0
0
0
0
0.401277
0
0.0302833
0.0259367
0.15088
0.0586633
0
0
0
0
0
0
0.0204467
0
0
0
0
0
0.1981
0
0
0
0
0.0466033
0
0.00924667
0.02858
0.0841
0.0801767
0
0.0275767
0
0.05239
0
0
0
0
0
0
0
0
0
0
0
0
0
0
0
0
0
0
0
0
0
0
0
0
0.12507
0.0559867
0
0.08165
0
0
0
0
0
0
0
0
0.04665
0
0
0
0
0
0
0.0198233
0
0
0
0
0.168323
0
0
0
0
0
0
0
0
0.03724
0.130863
0.0748633
0
0
0
0
0
0
0
0
0
0
0.0803467
0
0
0.0773367
0
0
0
0
0.0280367
0
0
0.305413
0
0.100917
0.0758733
0
0
0
0
0
0
0
0
0
0.0797
0
0
0
0
0
0
0
0
0
0
0
0
0.10275
0
0
0.21528
0
0.0185
0
0
0
0
0.0309067
0
0.0978167
0
0
0
0
0.20034
0
0
0
0
0
0
0
0
0
0.105843
0.17216
0
0
0
0
0.0678967
0
0
0
0.109347
0
0
0
0
0
0
0
0.0526167
0.0682033
0
0
0.17254
0
0
0
0
0.0570067
0
0
0.216737
0
0
0
0
0
0
0
0
0
0
0
0
0
0
0.225797
0
0
0
0
0
0
0
0.37024
0
0
0
0
0
0
0
0
0
0
0.02623
0
0
0
0
0
0
0
0
0.08407
0
0
0
0
0
0
0
0
0
0
0
0
0.212287
0
0.11171
0
0.156723
0.08577
0
0.05229
0
0
0
0
0.0100533
0
0
0
0
0
0
0.170033
0
0
0
0
0
0
0.1282
0.0574567
0
0
0
0
0
0
0
0
0
0
0
0
0
0
0.09438
0
0
0
0
0
0
0
0
0
0
0
0
0
0
0
0
0
0
0
0
0
0
0
0
0
0
0.17369
0
0
0.235753
0
0
0
0
0
0
0
0
0
0
0
0
0
0.0729067
0
0
0
0
0
0.0279933
0
0
0
0
0
0.120987
0.102183
0.21469
0
0
0
0
0
0.0847467
0.0841367
0
0
0
0
0
0.05275
0
0
0
0
0
0
0
0
0
0
0
0
0
0
0
0
0
0.312893
0
0
0
0
0
0
0
0
0
0
0
0
0
0
0
0
0
0
0
0
0
0
0
0
0
0.25974
0
0
0
0
0
0
0
0
0
0
0
0.361143
0
0
0
0.142383
0.119537
0.0562667
0
0
0
0
0
0
0
0
0
0
0
0
0
0
0
0
0
0
0
0
0
0
0
0
0.0282567
0
0
0.0560033
0
0
0
0
0.14203
0
0
0
0
0.0259733
0
0
0.00924667
0
0
0.100283
0.0272633
0
0
0
0
0
0
0
0
0
0
0
0
0
0
0
0
0
0
0
0
0
0
0
0.168497
0
0.01993
0.0186633
0.179503
0.09414
0
0
0
0
0
0.169383
0
0
0
0
0.133087
0
0
0
0
0
0
0.199947
0
0
0
0
0
0
0
0
0
0
0.16797
0
0
0
0
0
0
0.0558233
0
0
0
0
0
0.0498133
0
0
0
0
0
0.21788
0
0
0
0.0103133
0
0
0
0
0.0341033
0
0
0
0
0.08572
0
0.242283
0
0.157527
0
0
0
0
0.0899133
0
0.163207
0.01133
0
0
0
0
0
0
0
0
0
0.189633
0
0
0.0517333
0
0
0
0
0
0.330003
0
0
0
0
0
0.35488
0
0.149637
0.0288767
0.149627
0
0
0.04608
0
0.0937
0
0
0
0
0
0
0
0.308693
0
0
0
0
0
0
0
0
0
0
0.10255
0
0
0
0.517247
0
0
0
0
0
0
0
0
0
0
0.178897
0
0
0
0.08871
0
0
0
0
0
0
0
0.0340767
0.0649933
0
0
0.09048
0
0
0
0
0
0
0.168353
0.0970733
0
0
0
0
0.0206233
0
0
0
0
0
0
0.0298833
0
0
0
0
0
0
0
0
0
0.08346
0
0.0645767
0.0210567
0
0
0
0
0
0
0
0.14184
0
0
0.239797
0.179843
0
0
0
0
0
0
0
0
0
0
0
0
0
0
0.0889967
0
0
0
0
0
0
0
0.21542
0
0
0
0
0
0
0
0
0.08571
0
0
0
0
0
0
0
0
0
0.0455033
0
0
0
0.0508167
0
0
0
0
0
0.0719633
0
0
0
0
0
0
0
0
0.10747
0
0
0
0
0
0
0
0
0
0
0
0
0
0
0
0
0.25471
0
0
0
0
0
0
0
0
0
0.06928
0
0
0.15986
0
0
0
0.220067
0
0
0
0.120457
0.0454733
0
0.0263867
0.131933
0
0
0
0
0
0
0.22802
0
0
0
0
0
0
0
0
0
0
0
0
0
0.00962
0
0
0
0.159337
0.254313
0
0.159653
0
0
0
0
0
0
0
0.02795
0
0
0
0
0
0
0
0
0
0
0
0
0
0.292273
0.0828867
0
0
0.2112
0
0.0455033
0.0355033
0
0
0
0
0.206677
0
0
0
0.159417
0
0
0
0
0.0905233
0.05484
0
0
0.0909167
0
0
0
0
0
0
0
0
0
0
0
0
0
0
0
0
0
0.0392867
0
0
0
0.28242
0.0812567
0
0
0
0
0
0.105697
0
0
0
0
0
0
0
0.254083
0
0
0
0
0.00971667
0
0
0.14162
0.190437
0.0850533
0.02277
0
0
0
0
0
0
0
0.169503
0
0
0
0.119357
0
0
0
0
0.20633
0
0
0
0
0
0
0
0
0
0.09361
0
0
0
0
0
0
0
0
0
0
0
0
0
0
0
0
0.19728
0
0.107857
0
0
0
0.0905767
0
0
0
0
0
0
0
0.00971667
0
0
0.153217
0.0280367
0
0
0
0
0
0
0.140373
0.00971667
0
0
0.0686333
0
0
0
0
0
0
0.0730033
0
0.20978
0
0
0
0
0.173347
0
0
0.31291
0
0
0
0
0
0.4484
0
0
0
0
0
0
0
0
0
0
0
0
0.230597
0
0
0.308957
0
0
0
0
0
0
0.05282
0
0
0
0
0
0.25276
0
0
0.10189
0.0606
0
0.2066
0.0300633
0
0
0
0
0
0
0.0441967
0.15573
0
0
0
0
0
0
0.00969333
0
0
0
0
0
0
0.58782
0
0
0.0534933
0
0
0
0.14944
0
0.576023
0.111537
0
0.0534933
0
0
0
0
0
0.0314267
0
0
0
0
0
0.14297
0
0
0
0.528507
0
0
0
0
0
0.0531067
0.00962
0
0
0
0
0
0
0
0
0
0
0
0
0
0
0
0
0
0
0
0.0528767
0
0
0
0
0
0.02932
0
0
0
0.0908167
0.07172
0
0.133193
0
0
0
0.150093
0
0.00874667
0
0
0
0
0
0
0.251673
0.116273
0.574333
0
0.04225
0
0
0
0
0
0
0
0.00986333
0.264713
0
0.168303
0
0
0
0
0
0
0
0
0.15037
0
0
0
0
0
0
0.0905067
0
0
0
0
0
0
0
0
0
0
0.515787
0.02118
0
0.176127
0
0
0.03908
0
0
0
0
0
0
0
0.0948167
0.0835733
0
0.0630667
0
0
0
0
0
0
0
0
0
0
0
0.03197
0
0.168297
0
0
0.0304
0
0
0
0
0
0.02277
0
0
0
0
0
0
0
0.1599
0
0
0
0
0
0
0
0
0
0
0
0.0543267
0
0.0297967
0
0
0
0.180977
0
0
0
0
0
0
0
0.0947933
0.126373
0.18003
0
0.16974
0
0.159383
0
0.00874667
0.1683
0
0
0
0.0967867
0
0
0.262957
0
0.0341033
0
0
0.22277
0
0
0
0.232883
0
0
0
0
0
0
0.24525
0
0
0
0.130953
0
0
0
0.25076
0
0
0
0
0.497303
0
0
0
0
0
0
0
0
0
0
0
0
0.206313
0
0
0
0
0
0
0
0
0.217653
0.0728833
0.0305333
0.180907
0
0
0
0
0
0
0
0
0
0.0966633
0.0963767
0.149783
0
0
0.111377
0
0
0
0
0.159037
0
0
0.0812333
0
0
0.0839767
0
0
0
0
0
0
0
0.29832
0.260953
0.183657
0
0
0
0
0.278763
0.0400567
0
0
0
0
0.0527133
0
0.139753
0
0
0.175317
0.0454067
0
0
0
0
0
0.206407
0
0
0
0
0
0
0
0.0203933
0
0
0.113683
0
0.0569133
0
0.171593
0.0630733
0
0.38375
0.09139
0.0624033
0
0
0
0.23865
0
0.238163
0
0.158693
0
0
0
0
0.0439667
0.0733667
0
0
0.0876933
0
0
0.127017
0.01015
0.361947
0.10931
0.23322
0.01024
0
0.16057
0
0
0.0667433
0
0.307043
0
0
0
0
0.0352067
0.245683
0
0.01133
0
0
0
0
0
0.293243
0
0.05718
0.197817
0
0.1802
0.0247333
0
0.11093
0
0.29852
0.109027
0
0
0
0.02118
0.0665567
0
0
0
0
0
0.160557
0
0
0.483057
0.27034
0
0.0507933
0
0
0
0
0
0
0
0.172307
0
0
0
0
0
0
0
0
0
0.150087
0.0635067
0.0883367
0.180207
0.169903
0
0.24148
0.0293867
0.27063
0.168743
0
0
0
0
0
0
0
0.289317
0
0.240313
0
0.0577467
0
0
0.160123
0
0
0
0.211803
0
0.18514
0
0.10048
0
0.207253
0.30588
0
0
0
0.100097
0
0.15257
0
0
0.0403167
0.0893767
0.220083
0
0.429053
0
0
0
0
0
0
0
0
0
0
0
0
0.0668033
0
0
0
0.0916567
0.203327
0.153507
0
0
0
0
0.0103433
0.23423
0
0
0.101687
0.0582
0.02496
0.0342933
0
0
0
0.0948767
0.04936
0.0323
0
0.251117
0
0.245377
0
0.08794
0
0
0
0.09434
0
0
0.09464
0
0
0
0.12434
0
0.185963
0.0970833
0
0
0
0
0.0951367
0.0843933
0
0
0.13275
0
0.126643
0
0.0984033
0.242737
0
0
0
0
0
0.18866
0
0.49143
0
0.07
0
0.06825
0
0.0403167
0.10595
0.0883367
0
0
0.140997
0
0
0.2337
0
0.0311533
0.21711
0.0988467
0
0.134767
0
0
0
0
0
0.10425
0.547247
0
0
0
0
0
0.0442933
0
0
0.0740267
0
0
0
0.192663
0
0
0
0.285493
0.0309033
0
0
0
0.0330033
0.153053
0
0
0.207723
0.318477
0.204313
0
0
0
0.244097
0
0
0
0
0.0633533
0
0
0
0
0
0
0
0.00969333
0
0.1246
0
0.31517
0
0.206643
0
0
0.06427
0
0.216727
0.24968
0.187017
0
0
0.387317
0
0.20843
0.0688333
0
0.32761
0
0.23347
0
0
0
0.01024
0
0.0924767
0.23369
0
0.0578833
0
0
0
0.377183
0
0.05207
0.0530267
0
0.100547
0
0.144063
0
0.659347
0.2538
0.142393
0
0.168613
0.04114
0.492907
0.207407
0.206023
0
0
0.244023
0.208487
0.0647767
0
0
0
0.273787
0
0.2451
0.368
0
0
0.147747
0
0.16095
0
0.0388633
0
0
0.168327
0.175513
0.0110833
0
0.102607
0
0.430137
0
0.335367
0.263103
0.0693467
0.135343
0
0
0
0.65722
0.431857
0.403677
0.387493
0
0.250397
0
0
0.0979167
0.126357
0
0
0.107203
0
0.03454
0.2297
0
0
0
0
0
0.0878067
0
0.07213
0.0416767
0.270677
0
0
0.178743
0
0.170433
0.350933
0.596987
0.25377
0
0
0
0.60489
0.103397
0.113043
0
0
0
0
0.228697
0.338733
0
0.0804
0
0.0848833
0.07083
0.103777
0.164357
0.259793
0
0
0.09583
0.120623
0.650883
0
0.572697
0
0
0.300297
0.263433
0
0.570403
0.0694333
0
0.06818
0
0.251323
0
0
0.24391
0
0.625517
0
0.16835
0
0
0.0946967
0
0
0.199153
0.382613
0.33297
0.171603
0
0.0103133
0
0.100427
0
0.37903
0
0.00997333
0
0.150563
0.09604
0
0
0.144147
0
0.11824
0
0
0
0.233953
0.187257
0
0.41963
0.4066
0
0.250987
0
0
0.0962833
0.31476
0
0.0691933
0.175833
0.432433
0
0.192037
0
0.00912667
0
0
0
0
0
0
0.0346533
0.294367
0.64486
0
0
0
0
0.161227
0
0.44568
0
0
0.673817
0.08975
0
0.100907
0.4149
0
0.192253
0
0.0591833
0
0.00996
0.28526
0
0.06812
0
0
0.416307
0.495437
0.09111
0
0
0
0.440767
0
0
0
0.03441
0.0630633
0
0
0
0.46722
0.35355
0.49543
0.299557
0
0
0
0
0
0
0
0.628463
0.0693867
0.145363
0
0.0212367
0
0.276857
0.52843
0.296217
0
0
0.627453
0.63572
0.554843
0.0303367
0.547337
0.08394
0
0
0.645153
0.57298
0.337953
0
0
0.68432
0
0
0.206037
0
0.436017
0.36832
0.39308
0
0.221003
0.131533
0.280767
0.02957
0
0.0849267
0.09645
0
0
0.31701
0.489367
0
0.166263
0
0
0
0.0896767
0
0
0.20238
0
0.125407
0
0.293997
0
0.32246
0.32862
0.18235
0.261103
0.27609
0.00997333
0.641263
0
0.0957233
0.0303367
0.269753
0.11507
0.0425767
0
0
0
0
0.404297
0.244713
0.180047
0.33965
0.381597
0
0.116137
0
0.0604333
0.181263
0.0401733
0.499273
0
0
0
0.430323
0.238997
0
0
0.0310067
0.0303567
0.644963
0.307147
0.32064
0
0
0.519367
0.0540467
0
0
0
0
0
0
0.0891667
0.129667
0.605317
0.600937
0.0208733
0.381837
0.0425767
0
0
0.52696
0.152663
0.08974
0.516047
0
0
0
0
0.0523233
0.240567
0.345537
0.24317
0.457867
0
0
0
0.120713
0.129753
0.08875
0
0.677483
0.388073
0.18271
0.652887
0
0
0.349203
0
0.379523
0.229007
0.34669
0.541453
0.41229
0
0
0.649693
0.367137
0.41006
0
0.10081
0.36953
0.175237
0.02107
0.07128
0.186633
0.187393
0.140373
0.175603
0
0
0
0
0
0.120373
0
0.241047
0.04041
0.01015
0
0
0.0203833
0
0
0.175033
0
0
0.314387
0.285947
0.262007
0
0.39176
0.392927
0.396373
0
0.427697
0
0.28527
0.622317
0.276463
0.09644
0
0.0274033
0.497503
0
0
0
0.0100533
0
0.17525
0.09314
0.415897
0
0.13044
0
0.11523
0.332267
0
0
0.00827
0.539597
0
0.205857
0.07987
0.05986
0
0.251617
0.268117
0.0405067
0
0
0
0.329547
0
0.09
0.0705433
0.50661
0
0.142427
0.401733
0.485773
0.575147
0
0
0
0.05479
0
0
0.481493
0.393757
0
0
0.00827
0.223903
0
0
0.547387
0
0
0
0.453707
0.042
0
0
0
0.403963
0.18083
0.11555
0.06215
0.208513
0.562317
0
0.01011
0.209177
0.05534
0.485107
0.705463
0.2239
0.36953
0
0.0386767
0
0.27245
0.481097
0
0.255493
0
0.302683
0
0
0.6555
0.16141
0.0738933
0.042
0
0
0.259493
0.681347
0.37343
0.40637
0.101213
0.161927
0.380187
0.62893
0.58056
0
0.219557
0.430473
0.04084
0.07437
0.217857
0
0
0.0387733
0
0
0.281453
0.72585
0.419767
0
0
0.01067
0.427313
0
0
0
0
0.406287
0.0782267
0
0
0
0.605517
0.40242
0
0
0
0
0
0
0.660837
0.338667
0.1814
0.457283
0.523877
0.61533
0.614577
0.46138
0.45414
0.180403
0.0725667
0
0.148483
0.2379
0.06288
0.260087
0
0.171373
0.272367
0
0
0.09387
0
0.630607
0.357127
0.329633
0.0401733
0
0
0.542267
0
0.228227
0.699143
0.1943
0.0273867
0
0.33816
0.02908
0.244297
0.56435
0
0.163123
0.3769
0.309067
0
0.530233
0
0.15078
0.0799367
0.158127
0.512427
0.402303
0.2375
0
0.44877
0.313913
0.0110833
0
0.09426
0.103083
0.07173
0
0.0435
0.0210567
0
0.102113
0.0939467
0
0.295187
0
0
0.394577
0.0891133
0
0
0.09628
0.401947
0
0
0
0.0635167
0.127367
0.158813
0
0
0
0.126163
0
0.481403
0
0
0.252817
0.0948467
0.267863
0.10284
0
0.29375
0.107743
0.20669
0.0643733
0.27689
0
0.139993
0
0.0905733
0.07147
0.0318933
0
0.351687
0
0.0446233
0.206003
0
0.0943167
0.10842
0
0
0.0941067
0.21788
0.241007
0.346553
0
0.333893
0
0.601927
0.0968167
0.0839567
0.29366
0.10235
0.126493
0
0.460833
0.382957
0.0208733
0
0.0966967
0
0.150757
0
0
0
0
0
0.655217
0.241753
0.1772
0
0
0
0
0.192893
0.09657
0.16534
0
0.0334033
0.209607
0
0.0875833
0.496097
0.150177
0.716367
0
0.29718
0.199017
0.44658
0
0.64549
0.38291
0.20525
0
0.10143
0.06099
0
0
0.0233033
0
0
0.134507
0.19325
0.57317
0.177237
0
0
0.10041
0.18063
0.07446
0
0
0
0
0.467293
0.0959367
0
0.430633
0.42264
0.17465
0.0749033
0
0.06729
0.2024
0.15578
0
0.618107
0
0
0.175
0
0
0
0
0.592173
0
0
0.26293
0.121567
0.411563
0.48932
0.412403
0
0
0.0948433
0.194087
0.174483
0
0
0
0.4691
0.441093
0
0
0
0.28013
0
0
0
0
0.5205
0
0.27714
0.0953333
0
0
0.373357
0.03321
0
0
0.336933
0.35641
0.460903
0.20036
0.32359
0.144913
0.129117
0.12974
0
0.340793
0.331347
0.23243
0
0.41775
0
0.03321
0
0.1595
0.22904
0.0183
0
0.180877
0.242707
0.0583933
0.448777
0.465107
0.0960267
0.0566667
0.223257
0.299893
0
0.449617
0.0778967
0.177503
0
0.509337
0
0
0
0.300837
0.362277
0
0.333043
0.141047
0.465597
0.552287
0.0999667
0.242637
0
0.56144
0.0952767
0.219203
0.610863
0.0827933
0.01015
0
0.367957
0
0
0
0
0.363347
0.207653
0
0.134313
0.27499
0.259253
0.100353
0
0.27853
0.272917
0.537553
0.151593
0.107537
0.0233033
0.04048
0.206193
0.566223
0
0.175457
0
0.56322
0.0914633
0
0.352907
0.336527
0.268183
0
0
0.0199133
0.473697
0.08834
0.50501
0.175647
0.14981
0.651303
0
0
0.09483
0.40203
0
0.152403
0.45712
0.280567
0
0.253127
0.279723
0
0.29036
0.269183
0.463603
0.49233
0.40838
0.11551
0.314477
0.237317
0.439007
0.46109
0
0.182953
0
0.16265
0.51758
0.64571
0.431343
0
0
0.420553
0.166993
0.377283
0.5463
0.581343
0.01011
0.368613
0
0
0.16007
0
0.106197
0.435363
0.09063
0.66611
0.126127
0.36299
0.15966
0.0332167
0.378447
0
0.478277
0
0.443827
0.36365
0.81132
0.20707
0.168927
0.174627
0.181603
0
0.339757
0.436283
0.676323
0
0.13702
0.293487
0.03314
0.364353
0.173837
0
0
0.101067
0
0.547007
0.50728
0.0664267
0.286573
0
0
0.11726
0.43673
0
0.653533
0.126727
0.315797
0
0.718463
0.149583
0.20347
0.242367
0.244307
0.187737
0.216823
0.140073
0
0.183187
0.227557
0
0.13353
0
0.336203
0
0.430377
0.20666
0
0.207273
0.277663
0
0.202833
0.172157
0.62563
0.153037
0
0.285147
0.24818
0.264473
0.514367
0.41623
0.47928
0.14824
0.650227
0.142143
0.193257
0.576563
0.310553
0.0942767
0.364577
0.511267
0.16051
0.65229
0.502447
0.193427
0.235233
0.34424
0.0523933
0
0.19449
0
0
0.263147
0.502107
0.113953
0.712823
0.191447
0.0928333
0
0
0
0.241793
0.551647
0.405547
0
0.21425
0.652173
0.46376
0.0316233
0.383467
0.370407
0.28455
0.576177
0.401243
0.481233
0
0.405423
0.396363
0.317197
0.236337
0.236337
0.163193
0.237237
0.317433
0.59769
0
0.543347
0.22809
0.55207
0.29576
0.2771
0.344643
0.22962
0.292653
0.16791
0.37921
0.460047
0.216147
0.683383
0.27718
0.59858
0.180923
0.37292
0
0.394697
0.58374
0.729957
0.630257
0
0.245353
0
0.67397
0.174487
0.245273
0.362493
0
0.00912667
0.277247
0.117913
0.110087
0.83775
0.336997
0.22855
0.584427
0.203553
0.525193
0.726353
0.672023
0.692767
0.41129
0.218797
0.47779
0.555343
0.481247
0.18894
0.0313233
0.30682
0
0.117613
0.57054
0.364173
0.242447
0
0.28127
0.311567
0.146727
0.55969
0.665433
0
0.3863
0.49067
0.35952
0
0.594503
0.336853
0
0
0
0.244587
0.24172
0.12717
0.435847
0.24279
0.50529
0.0549867
0.602237
0.653463
0.240803
0.152643
0.24935
0.0110833
0.247323
0
0.360533
0.0309
0.195383
0.23305
0.249503
0.239097
0.59333
0.13305
0.298063
0.239917
0.116117
0.218087
0.26876
0.266903
0.34015
0.220457
0.0303633
0.20444
0.17501
0.29919
0.616143
0.322477
0.535067
0.26162
0.240853
0.6869
0.34966
0.285297
0.224543
0
0.26976
0.318083
0.0353
0.240287
0.283127
0.215593
0.615513
0.566893
0.160677
0.0309
0.628957
0.466577
0.346177
0.536193
0.677127
0.643023
0.114857
0.19565
0
0.226013
0.588983
0.286657
0.218747
0.268463
0.129423
0.445537
0.635917
0.448533
0.398787
0.644603
0.264623
0.205337
0.38049
0.45769
0.0744033
0
0.56267
0.80677
0.154803
0.26071
0
0.808337
0.102987
0.531497
0.11982
0.667837
0.431257
0.331837
0.0624767
0.537343
0.49399
0.15113
0
0.04983
0.505707
0.54157
0.629517
0.642137
0.259357
0.206583
0
0.459313
0.180833
0.53278
0.44456
0
0.171497
0.0305833
0
0.71301
0.490607
0.177487
0
0.191147
0.141423
0.512393
0.144093
0.819027
0.366433
0.49741
0.481393
0.446097
0.0614767
0.05726
0.207783
0.00879
0.372633
0.107883
0.49342
0.676613
0.00966667
0.0957533
0.589047
0.24305
0.461583
0.269407
0.285717
0.563153
0.48213
0.596233
0
0
0.461543
0.710223
0.40514
0.642873
0.44143
0.10159
0.681493
0
0.278083
0
0.42663
0.10145
0.42015
0.45381
0.778143
0.643257
0.52044
0.45732
0.332403
0.730933
0.0938733
0.704373
0.392207
0.485387
0.24428
0.53788
0.445757
0.561423
0.657953
0.612977
0.506203
0
0.524033
0.289113
0.284933
0.218593
0.245397
0.330397
0.65109
0.12755
0.60148
0.0616467
0.27567
0.459577
0.125937
0.172013
0.162043
0.60345
0.273803
0.60629
0.26748
0.0614133
0.51169
0.38262
0.732763
0.563933
0.143027
0.517393
0.219013
0.22078
0.350843
0.54629
0.492943
0.621763
0.597467
0.284067
0.00827
0.21573
0.151337
0.141313
0.433563
0.34388
0.351823
0.684947
0.57134
0.447017
0.23586
0.106457
0.658493
0.744573
0.437883
0.271607
0.62776
0.237777
0.37974
0.112577
0.51666
0.708523
0.65043
0
0.42072
0.0184267
0.357393
0
0.402417
0.435007
0.477237
0.823717
0.417653
0.0184267
0.441087
0.18141
0.63236
0.160107
0.437687
0.0957467
0.613327
0.52402
0.413137
0.48143
0.173697
0.662097
0.0365133
0.27128
0.206723
0.220163
0.614933
0.646237
0.140763
0.541767
0.331703
0.516677
0.305983
0.653347
0.57035
0.379237
0.271827
0.421637
0.518613
0.24127
0.52616
0.68907
0.56255
0
0.28788
0.638343
0.55543
0.36922
0.0945
0.24206
0.418327
0.34262
0.50604
0.25845
0.482697
0.25266
0.468567
0.0523667
0.537823
0.650357
0.285277
0.45407
0.24194
0.0840067
0.53932
0.488057
0.13297
0.734867
0.356517
0.747543
0.388257
0.527567
0.196517
0.14157
0.246197
0.165513
0.159363
0.454647
0.347177
0.598387
0.232303
0.225367
0.142023
0
0.750537
0.0903933
0.0807467
0.36528
0.514293
0.155867
0.217297
0.42329
0.0834667
0.436487
0.138743
0.4017
0.71958
0.81608
0.111517
0.295233
0.0791733
0.30719
0.129037
0.713817
0.736773
0.779767
0.0102633
0.0218767
0.219433
0.47844
0.08648
0.243363
0.219023
0.122297
0.258487
0.597283
0.841633
0.00913333
0.529453
0.0487833
0.692467
0.19155
0.23105
0.17567
0.0350667
0.13213
0.281423
0.757457
0.147253
0.177487
0.118607
0.5989
0.117807
0.617773
0.69786
0.242697
0.368487
0.33077
0.592627
0.172717
0.102813
0.16469
0.0391833
0.571773
0.720423
0.725383
0.0436867
0.202327
0.0717367
0.23228
0.391753
0.580293
0.0309667
0.606033
0.43845
0.771603
0.37221
0.06971
0.85338
0.107567
0.88012
0.569713
0.25792
0.31629
0.38787
0.5192
0.344367
0.42574
0.00913333
0.834577
0.769417
0.733027
0.393247
0.435983
0.0987367
0.0973067
0.422533
0.32233
0.670707
0.656413
0.271423
0.375347
0.329107
0.0831333
0.506063
0.2875
0.662953
0.591477
0.508227
0.71505
0.0952033
0.407583
0.20401
0.545003
0.34152
0.36421
0.75132
0.0664367
0.299533
0.282737
0.362187
0.717737
0.0982233
0.524617
0.539727
0.340447
0.191093
0.42837
0.548953
0.142203
0.19684
0.76292
0.770717
0.0193033
0.680467
0.160883
0.168987
0.506437
0.23176
0.584363
0.02953
0.180143
0.398997
0.239023
0.638397
0.06455
0.16764
0.129617
0.571037
0.22206
0.642197
0.0309667
0.317103
0.196637
0.41987
0.264897
0.696857
0.393093
0.223717
0.342843
0.0397433
0.250843
0.74948
0.0736233
0.602497
0.290847
0.237323
0.199557
0.379857
0.53652
0.47727
0.574397
0.117003
0.102183
0.531707
0.24306
0.0358067
0.25883
0.0575733
0.23278
0.674577
0.15374
0.35012
0.503157
0.46057
0.570103
0.782883
0.23417
0.394657
0.2446
0.24541
0.308237
0.458023
0.0365367
0.0870033
0.275807
0.00913333
0.404197
0.25779
0.49681
0.122253
0.203023
0.554053
0.259787
0.294387
0.5044
0.407177
0.609283
0.576763
0.817533
0.146983
0.12063
0.243127
0.715163
0.606003
0.21723
0.14948
0.26813
0.551773
0.755653
0.58704
0.541347
0.56346
0.0779033
0.233387
0.0708767
0.272173
0.53591
0.23968
0.212387
0.689567
0.729553
0.32646
0.38435
0.223393
0.127857
0.111263
0.03298
0.738893
0.710673
0.122297
0
0.2437
0.0850267
0.230827
0.143687
0.27902
0.145027
0.637603
0.187567
0.12429
0.589183
0.532637
0.212083
0.24317
0.45132
0.446883
0.58454
0.758357
0.148027
0.631357
0.589213
0.0788533
0.131633
0.53783
0.249513
0.73121
0.429297
0.873933
0.517053
0.1279
0.0797733
0.34782
0.598773
0.228963
0.392037
0.4593
0.344067
0.45023
0.425317
0.604803
0.0965133
0.548297
0.38042
0.554633
0.740717
0.63674
0.243877
0.71974
0.71286
0.328447
0.423453
0.120547
0.367847
0.227137
0.455977
0.34566
0.336553
0.05783
0.20032
0.37695
0.57481
0.736657
0.461157
0.57504
0.613727
0.0415267
0.0573667
0.0973833
0.61768
0.0789667
0.682417
0.444073
0.75047
0.351663
0.243893
0.416773
0.434837
0.48658
0.307863
0.179767
0.0262767
0.0899567
0.46575
0.48249
0.02651
0.24856
0.20849
0.38932
0.53864
0.11574
0.412093
0.551353
0.508557
0.45831
0.50187
0.301437
0.25035
0.175937
0.245607
0.24394
0.358527
0.191453
0.0706367
0.598913
0.357983
0.475053
0.478253
0.644663
0.169903
0.36857
0.370463
0.09733
0.67928
0.329157
0.314677
0.1535
0.511203
0.23818
0.26146
0.370243
0.270903
0.393973
0.52155
0.543487
0.351937
0.261943
0.146977
0.57741
0.48364
0.201577
0.0951933
0.608723
0.21847
0.70446
0.306177
0.73654
0.07295
0.51558
0.0651433
0.336447
0.23918
0.435557
0.174413
0.449293
0.15747
0.531143
0.11578
0.17704
0.24329
0.266563
0.244717
0.0790767
0.27815
0.0369667
0.426287
0.341127
0.144857
0.22317
0.145357
0.4179
0.37052
0.17981
0.2437
0.314977
0.66317
0.33369
0.20394
0.155007
0.168367
0.19224
0.408537
0.39777
0.24257
0
0.294123
0.353257
0.484027
0.290673
0.07953
0.33743
0.313083
0.286123
0.5496
0.373237
0.12232
0.39074
0.164723
0.276637
0.172717
0.322
0.278157
0.281327
0.407897
0.694007
0.69277
0.0949967
0.52025
0.26359
0.154843
0.293637
0.03062
0.154607
0.60344
0.0370767
0.0525067
0.1037
0.64456
0.26083
0.28019
0.679333
0.270227
0.414323
0.601187
0.709687
0.714573
0.334563
0.07937
0.477927
0.362967
0.637327
0.261833
0.299707
0.305157
0.141193
0.538543
0.562793
0.22869
0.348497
0.719357
0.40015
0.677623
0.721623
0.449147
0.397807
0.265963
0.452683
0.05963
0.329863
0.558067
0.102877
0.293433
0.2711
0.207373
0.23664
0.293537
0.0900867
0.328423
0.351653
0.378637
0.734717
0.253557
0.527053
0.07056
0.199543
0.47958
0.0793
0.438337
0.24396
0.218417
0.0800167
0.689153
0.363927
0.478243
0.213317
0.45305
0.195267
0.292427
0.349263
0.56282
0.40916
0.0644567
0.306043
0.223873
0.315777
0.159647
0.12042
0.377737
0.588803
0.05363
0.74839
0.0584067
0.320047
0.595693
0.0572467
0.53938
0.416197
0.563877
0.28186
0.1534
0.468913
0.163203
0.06636
0
0.52376
0.188733
0.386343
0.675643
0.13885
0.494603
0.07056
0.32996
0.256577
0.306943
0.11305
0.0733367
0.768647
0.276693
0.21285
0.118123
0.43992
0.11409
0.24478
0.665653
0.243633
0.79637
0.0920933
0.66493
0.17364
0.263443
0.323443
0.803817
0.138743
0.248413
0.232073
0.211507
0.39155
0.0800733
0.488223
0.0794067
0.343493
0.141197
0.469443
0.0995133
0.0803567
0.538523
0.284847
0.0429733
0.329033
0.238867
0.682533
0.65824
0.22646
0.741867
0.211307
0.275937
0.35391
0.159423
0.278387
0.14349
0.15429
0.38142
0.456463
0.212477
0.227997
0.279167
0.625727
0.34049
0.529987
0.103257
0.44283
0.434753
0.639483
0.0952833
0.377317
0.139067
0.0702033
0.11962
0.172073
0.270663
0.521737
0.0902833
0.626167
0.17051
0.461277
0.04348
0.181547
0.4504
0.66081
0.155407
0.14876
0.128713
0.333267
0.381857
0.304273
0.57475
0.0788767
0.151077
0.0797333
0.07942
0.4672
0.480533
0.644947
0.0507767
0.21143
0.27246
0.450643
0.682907
0.351533
0.19733
0.194603
0.350183
0.615367
0.268493
0.32116
0.514483
0.245017
0.232187
0.1986
0.289683
0.692883
0.4815
0.229957
0.468373
0.37834
0.363497
0.255413
0.252883
0.180137
0.315263
0.184913
0.242823
0.21748
0.719137
0.719203
0.0869767
0.656957
0.214663
0.313737
0.324203
0.259177
0.140797
0.429683
0.26318
0.12406
0.341413
0.464333
0.08085
0.261597
0.0396067
0.35452
0.17715
0.594653
0.253477
0.09762
0.717493
0.112213
0.345057
0.369917
0.0386733
0.366787
0.39795
0.454253
0.468013
0.460863
0.11621
0.2612
0.527567
0.693253
0.511607
0.463247
0.17405
0.144763
0.135563
0.365443
0.40242
0.45093
0.354283
0.400637
0.425237
0.579553
0.457363
0.423453
0.61711
0.41431
0.34752
0.435203
0.44865
0.703433
0.317773
0.15667
0.371237
0.561787
0.35338
0.333843
0.125917
0.502873
0.241703
0.501457
0.37577
0.306873
0.400937
0.698953
0.13531
0.442247
0.74167
0.42551
0.23366
0.292617
0.818447
0.40094
0.790277
0.505047
0.23263
0.45635
0.51643
0.425663
0.22232
0.453227
0.40526
0.44993
0.447103
0.494983
0.39927
0.851433
0.32867
0.320777
0.15094
0.17278
0.358487
0.41228
0.29735
0.434167
0.308327
0.20412
0.815583
0.18824
0.41824
0.417043
0.0986433
0.492317
0.209043
0.459727
0.641733
0.562177
0.134857
0.253267
0.44008
0.715573
0.71153
0.532593
0.508853
0.436783
0.67131
0.416203
0.30099
0.52419
0.464567
0.342057
0.522517
0.103653
0.506713
0.481447
0.31208
0.254717
0.233763
0.323097
0.252033
0.43813
0.834803
0.724047
0.472453
0.45026
0.32041
0.132093
0.374203
0.0795033
0.42584
0.316257
0.37877
0.39209
0.306273
0.462563
0.447987
0.71942
0.530157
0.506747
0.0801
0.0676133
0.447403
0.19622
0.49472
0.45984
0.252477
0.49931
0.205467
0.354817
0.717723
0.132097
0.35883
0.308217
0.202773
0.4473
0.301507
0.0786233
0.08696
0.338527
0.10958
0.50567
0.305797
0.619277
0.11192
0.35118
0.306193
0.38966
0.792803
0.22828
0.294093
0.40852
0.347343
0.67272
0.45245
0.57545
0.552393
0.303573
0.76676
0.43824
0.550197
0.35644
0.60826
0.713293
0.369887
0.187557
0.3111
0.322557
0.12505
0.159047
0.524023
0.57715
0.45695
0.49408
0.504043
0.32509
0.406587
0.0579433
0.29082
0.43404
0.302357
0.24128
0.27609
0.384157
0.298893
0.666407
0.57321
0.701403
0.638537
0.383513
0.199393
0.331647
0.102467
0.709147
0.456257
0.28617
0.00963667
0.40083
0.70805
0.262673
0.697127
0.437143
0.494027
0.489537
0.66014
0.400457
0.16013
0.599097
0.490643
0.81336
0.3303
0.456193
0.511523
0.668203
0.45684
0.305633
0.39643
0.754653
0.62681
0.44935
0.401817
0.29249
0.413473
0.534127
0.326777
0.357583
0.47335
0.467553
0.512157
0.756577
0.19349
0.417503
0.44365
0.461153
0.523003
0.54688
0.529183
0.719963
0.254103
0.12274
0.495687
0.47971
0.435903
0.44145
0.78775
0.470807
0.503833
0.35512
0.377243
0.322013
0.356857
0.29077
0.08711
0.260053
0.517343
0.50904
0.58674
0.0676767
0.31453
0.356677
0.33671
0.419473
0.468097
0.37949
0.28902
0.388197
0.401937
0.860973
0.331167
0.402577
0.523997
0.226243
0.0483067
0.103073
0.413397
0.35609
0.461473
0.225237
0.332717
0.436713
0.434097
0.504943
0.43407
0.401073
0.56545
0.48735
0.426133
0.436743
0.42747
0.24029
0.585697
0.580553
0.486913
0.41507
0.16814
0.37639
0.134973
0.40455
0.48244
0.519067
0.329537
0.69961
0.411397
0.626283
0.584703
0.47195
0.596823
0.532133
0.339463
0.54615
0.65785
0.0321433
0.424937
0.529497
0.0444033
0
0.251633
0.5567
0
0.21585
0
0
0.211543
0
0
0.136843
