0.186787
0.25127
0.189653
0.693517
0.5199
0.6793
0.17117
0
0.812877
0.25166
0.444207
0.274377
0.141137
0.364693
0.101147
0.112517
0.90188
0.288323
0.178837
0.142923
0.186997
0.71132
0
0.11362
0
0
0.0363733
0.158577
0
0
0.16943
0
0.19374
0
0.07244
0
0.33345
0.226213
0
0.0844167
0.0369467
0
0
0.0747233
0.118047
0
0
0.395457
0.0504267
0
0.06125
0.0247533
0
0
0.184027
0.3107
0.134623
0
0
0.13674
0
0
0.03108
0.12464
0
0
0
0.28326
0
0.0515433
0
0.0758033
0.0746633
0
0
0
0
0.09246
0
0.32078
0.234077
0.08268
0.3857
0.27925
0.107403
0.0454033
0
0
0
0.380567
0
0.187247
0.313337
0
0.249523
0.265957
0.294173
0.02442
0.0311067
0
0
0
0
0.290803
0.19607
0.01581
0
0
0.447883
0.0599633
0.131583
0
0.308027
0.260487
0.0173733
0.146013
0.126587
0.140227
0
0
0
0.42477
0.12332
0.430867
0.56518
0.285437
0.237433
0.352183
0.510613
0.0684167
0
0.11497
0.19749
0
0.108657
0.0482833
0
0.01027
0.214507
0.105603
0.29827
0.0321833
0.166053
0.158137
0
0
0.0935233
0
0
0.111783
0.05194
0.233547
0.13994
0.16184
0.167477
0.166483
0.225117
0.0106033
0
0.01027
0.107723
0.397763
0
0.210763
0
0
0
0.0105267
0.03593
0.157033
0.13958
0.249013
0.0143267
0.145667
0
0
0.0104767
0.167253
0
0
0
0.0411333
0
0
0.11277
0.11898
0.288487
0.122927
0
0.27969
0
0.0933767
0
0
0.02503
0.11043
0
0
0.06453
0
0.30448
0
0.157887
0
0
0
0
0.07678
0.154147
0
0.283673
0.34445
0
0.23546
0
0
0
0
0.123897
0.222797
0.144833
0
0.13774
0.276167
0
0.0121267
0
0.118377
0
0.153287
0
0.156047
0.11067
0
0.22462
0
0.0603967
0.112837
0.0145267
0.0457133
0.14427
0
0.130307
0.122933
0
0.12715
0.106577
0
0
0
0
0
0.02246
0
0.145497
0.0297867
0
0
0
0.62615
0
0.12244
0
0.0353067
0
0
0.0458667
0.0882433
0.136243
0.213453
0
0.0642533
0.0754467
0.29059
0
0.327977
0
0
0
0
0
0.0722067
0
0
0.154993
0.0545267
0.0677633
0
0.164357
0
0
0.0143267
0
0.154723
0.150283
0
0
0.0130267
0
0
0
0
0
0
0.0506767
0.0914367
0
0.0755033
0
0
0
0.231677
0
0.66734
0.243903
0.321883
0.11581
0
0.17257
0
0
0.0275333
0
0
0
0
0.116547
0
0
0
0
0.0471433
0.412813
0.227417
0.209267
0.23364
0.42386
0.0755167
0.141937
0
0
0.0265433
0.122087
0
0
0.01506
0.03267
0
0.23194
0.09289
0
0.163277
0
0
0
0.05675
0
0.07039
0
0
0
0
0
0
0.23414
0.133733
0.299733
0
0.141547
0
0.0353
0.11755
0.268747
0.21335
0
0.0580367
0
0
0
0
0
0.0947833
0
0.125887
0.0452867
0.297343
0.298587
0.49449
0.10438
0
0
0.0233833
0
0
0.191177
0.206333
0.106387
0.05818
0.342693
0.412463
0
0
0.03154
0
0.05225
0
0
0
0.0155067
0.19072
0.103923
0
0.11872
0.36681
0.196063
0
0
0
0
0
0
0
0.100723
0.195173
0
0
0.299657
0.12529
0.14349
0
0
0
0
0
0.0334867
0
0.0228267
0
0.101047
0.23711
0.04023
0.14986
0.307447
0
0.12263
0.0694433
0.03833
0.102437
0
0.0451633
0.421083
0.158573
0.244237
0.160277
0
0
0.0969667
0.241453
0
0.135797
0
0
0
0
0
0.0345733
0.23083
0.12732
0
0.158753
0
0
0.272463
0
0
0
0.30388
0
0
0
0
0.0766533
0.120627
0.122337
0.115263
0
0.01019
0.117547
0.15892
0
0
0.101957
0
0
0
0.0902033
0.0869167
0.0645433
0
0
0
0
0.0574
0
0.01396
0.144117
0.0948333
0.03269
0
0.160133
0
0.245727
0.09017
0.121837
0.01332
0
0
0
0.08983
0
0.0536067
0
0
0
0
0
0.0275833
0.353747
0
0
0.0161
0.0304367
0.252043
0.115823
0.23238
0
0
0.14172
0.172213
0.0963633
0
0.0503433
0.00990333
0.146613
0.176897
0
0
0.10564
0.0555167
0
0
0.236623
0
0
0
0.101217
0.0788633
0
0.00955667
0.127197
0.15522
0
0
0
0.14902
0.04024
0
0.159807
0
0
0.31968
0
0.10033
0
0.316953
0
0.17887
0.127647
0
0.270477
0.11544
0
0.0671133
0.07994
0.250073
0
0
0
0.0960667
0.10318
0.14604
0
0.0308567
0
0
0
0
0.23839
0
0.09254
0
0.06877
0.0693033
0.03704
0.07469
0
0
0.124007
0.255703
0.11324
0.135173
0.162783
0.101527
0
0.340567
0
0.29116
0.0673167
0.01287
0.235697
0
0.26169
0
0.292093
0.0899967
0
0.155353
0.11989
0.11581
0
0
0
0.0832567
0
0
0
0
0
0.18505
0
0
0.103417
0
0.125317
0.0628167
0.0137367
0
0
0.01204
0
0
0.18771
0.01159
0
0
0
0.06998
0
0
0.192407
0
0
0.10616
0
0
0
0.04302
0.06052
0
0
0
0
0
0.0660033
0
0
0
0.115047
0
0
0
0
0
0.170137
0
0.160013
0.215117
0.517183
0
0.0932333
0
0.0291933
0.17129
0.207213
0
0
0
0.14293
0.0456067
0.0314933
0.0929367
0.139837
0.196053
0
0.233423
0
0.0513233
0
0.245947
0
0.34058
0
0.348457
0.03091
0.29416
0
0
0
0.190157
0.185287
0
0.0451233
0
0.0626
0
0
0.0447067
0.2082
0
0
0
0.277027
0
0
0
0
0
0.0585567
0
0
0
0
0
0
0
0
0
0
0.0381367
0.324477
0.0337
0
0.261267
0.0975333
0
0.157677
0
0
0
0.0614333
0.05998
0.130067
0
0.2077
0
0
0
0.21011
0.10595
0
0.16427
0
0.0550367
0.02294
0
0
0.13117
0
0
0
0.165917
0
0
0.0483033
0.136347
0.105317
0.0628767
0.27937
0
0.12632
0.2419
0
0
0.1528
0.50669
0.346037
0.10178
0.36839
0
0
0.04589
0.226817
0.350737
0.294407
0
0.0924267
0
0
0
0
0.0132667
0
0
0.370063
0.03559
0.0809967
0.626873
0.309083
0.06176
0.143963
0.167297
0
0
0.0984533
0.2486
0.09579
0.106707
0.22732
0.11679
0.10233
0.151087
0.10444
0.21729
0.0388267
0
0
0
0.107743
0.22264
0
0
0.15138
0.01038
0.263447
0
0
0.39897
0
0
0.0692833
0.111147
0.105397
0
0.389663
0
0
0
0
0.0602133
0.0154167
0.07863
0.192597
0
0
0.0478433
0.58076
0
0.0429367
0.30464
0.13879
0.137027
0.06354
0.10533
0.116523
0
0.181863
0
0.02576
0.0729933
0
0.0161
0.444553
0.279833
0.321877
0
0.05163
0.121003
0
0
0.04877
0.158333
0.3455
0.307483
0
0
0
0
0.184373
0
0
0.18195
0.0151167
0.211617
0
0
0
0.100153
0
0
0
0.02655
0
0
0.331493
0.79659
0
0
0.103727
0
0
0
0
0
0
0.310277
0.179963
0
0.141677
0.0642833
0.0107567
0
0.09491
0
0.134293
0
0
0.276613
0.115713
0
0.132183
0
0.04183
0.0788
0.0932733
0.0729867
0.255033
0
0
0.0114033
0.0958767
0.109693
0
0.03796
0.133537
0.108973
0
0.0794067
0
0.16704
0.0231133
0
0
0.108797
0
0
0.108183
0.116643
0
0.225543
0
0
0
0.100147
0
0.266793
0.0689
0
0
0.146913
0
0.165463
0
0.0477467
0.16586
0
0.0210867
0
0.123953
0
0
0
0.22159
0
0
0.27226
0
0
0.258867
0.155553
0.304067
0
0.07186
0.05191
0.0165467
0.101463
0.0739467
0.0645867
0.0156467
0
0
0
0.138797
0.269357
0
0
0.23671
0.121537
0.132847
0.249983
0
0
0.0854033
0.27836
0
0.202153
0.246263
0.147107
0.03042
0.21747
0.1337
0
0
0.0875067
0
0
0
0.101763
0.142357
0
0.14777
0
0.13765
0.197717
0.271177
0
0.239257
0
0.243147
0
0.09354
0
0.01058
0.01578
0.239047
0
0.50678
0
0.249693
0.211473
0.0517967
0
0.265283
0.291177
0.209223
0.0476033
0.0371767
0
0.109497
0.0962433
0.251417
0
0.152963
0.0938833
0
0
0.102353
0
0.0963333
0.23672
0.241583
0
0
0.22825
0.185663
0.08257
0.13166
0.139033
0.481467
0
0
0.154623
0.306373
0
0
0.09879
0.05296
0
0
0.02138
0.10284
0
0.187617
0
0
0
0
0
0.0940033
0
0.0736533
0
0
0
0.0919867
0
0.130347
0
0
0.0658967
0.11479
0.0834633
0
0.161607
0
0.212853
0
0
0.336907
0
0
0.20082
0.06588
0.249923
0.150857
0
0
0
0.0692433
0.0839367
0
0.05154
0.1055
0.134883
0.0316233
0.116067
0.0605767
0
0.113923
0.544007
0.118157
0
0.354667
0
0.171483
0.04029
0
0.0315467
0.263057
0
0.44751
0
0.08276
0
0.125327
0.0946933
0
0
0.2268
0
0.02252
0
0
0.0149467
0.0539067
0.100803
0
0.01189
0
0
0
0
0
0
0
0.100437
0.0580767
0.0741867
0.128273
0
0
0
0
0.0449633
0.06366
0.110703
0.205663
0.122203
0.0539667
0
0
0
0.09262
0
0.18959
0
0
0.407833
0
0.112767
0.0463333
0
0.10866
0.04014
0.350043
0.18504
0.175153
0
0.231433
0.125967
0.06489
0.04857
0
0.486403
0
0
0
0.13852
0
0.0884067
0.173263
0.15815
0.115883
0.0698033
0.2353
0.31479
0.0644867
0
0
0.05167
0
0
0
0
0
0
0.0308633
0
0.103637
0
0
0.0715867
0
0.102413
0
0
0.06746
0
0.165777
0.108097
0.205883
0.266813
0
0.0757967
0
0
0.146127
0
0
0
0.104663
0.0784467
0.254997
0
0
0.412597
0.1677
0
0
0
0
0.62656
0
0
0
0.112683
0
0
0
0
0.12805
0.14206
0.0765667
0.163677
0.107257
0
0.0814433
0
0.280303
0.0112167
0
0
0.198577
0
0
0.15549
0.0914533
0.149033
0.0697133
0.0330467
0
0.0735433
0.13034
0
0
0
0.0507267
0.10316
0
0
0
0
0.15151
0
0.222667
0.14956
0.09324
0.0341233
0.187107
0
0.19031
0.111423
0.0606433
0.203913
0.234827
0.274373
0
0
0
0
0.135313
0.286667
0.0933367
0.173597
0.0621833
0.10734
0.0935833
0
0.15366
0.309743
0.0997933
0.151573
0.04227
0.0213533
0
0.74836
0.100893
0
0.143547
0
0
0
0.22239
0.38326
0
0
0
0.0112333
0.232363
0.03103
0.10044
0
0
0.109283
0
0
0.428887
0
0.1711
0.0754667
0
0.0989867
0
0
0
0.1335
0.42879
0.0874967
0
0.287183
0.12767
0
0
0
0
0.243953
0.130413
0.01079
0
0
0.137917
0.02072
0.0614667
0.0133633
0.116737
0.247017
0
0
0
0.136267
0.0232767
0.08259
0
0.0757667
0
0.312243
0.326053
0.03072
0.09098
0
0.195293
0
0
0.12684
0
0.0150933
0.0408133
0.04746
0.229803
0.02082
0.181213
0.12003
0.06452
0
0.0276367
0.01019
0.3019
0
0
0
0
0
0.265103
0
0
0.155163
0.13111
0
0
0.0678633
0.0455833
0
0
0
0.09903
0.201253
0.104587
0
0.01165
0
0
0
0.03253
0
0
0
0
0.214993
0.10512
0
0
0
0.09845
0
0.196847
0
0.144053
0.114167
0.118443
0
0.14913
0.21395
0.28754
0
0.120093
0
0
0
0
0.23276
0
0.0544433
0.11617
0.387877
0
0
0.0143267
0
0.10415
0
0
0
0
0
0
0
0
0
0
0
0
0
0.0639
0
0.0688633
0.1432
0
0.0206733
0.221107
0.0152333
0.15754
0.443777
0.0998
0
0.267477
0.10402
0
0.18963
0.0729167
0
0.0308467
0
0
0
0
0
0
0.0112433
0
0
0.00964333
0.207423
0
0.392297
0.112343
0.17733
0.37285
0.0966333
0
0
0
0.08484
0.0964833
0.09709
0
0.289677
0
0.10786
0.0117967
0.105333
0
0.15203
0
0
0.136113
0.127867
0
0.158987
0.13483
0
0.0981833
0.382747
0.24184
0
0.0231967
0.0271333
0.24789
0.0489633
0
0.121797
0.8289
0.19608
0.0272567
0
0.134643
0
0
0.289637
0
0
0.05946
0.06334
0
0.426713
0
0.134627
0.0210433
0
0.22585
0
0
0
0.137383
0
0
0
0
0.139543
0
0
0
0.265117
0
0.145587
0
0
0.1643
0
0.0658433
0
0.0447467
0.288997
0.05636
0
0
0.148743
0
0
0
0
0.08364
0.334333
0.0692433
0.13267
0
0
0.151297
0.223533
0
0
0.06756
0.0731967
0.31917
0.144997
0.117423
0
0
0
0
0.0461467
0.0114033
0.41011
0.0963367
0.111567
0.01058
0.102593
0.31267
0.487663
0
0
0.209007
0
0.192633
0.13964
0
0.12647
0.03603
0
0.1805
0.08528
0.210577
0.04227
0
0.16254
0
0
0.0935167
0.16514
0.11905
0.0763133
0.0712067
0.0304
0.0666733
0
0.0914933
0.0717067
0
0.14261
0
0
0
0.10503
0
0
0
0.190147
0
0
0.142733
0.0931767
0.373797
0
0.0540367
0
0
0
0
0
0.0670033
0
0
0.0616433
0
0.66637
0
0
0
0.117837
0
0.196777
0
0.0910167
0.227687
0.118903
0
0.0689
0.0929133
0.01027
0
0
0.13841
0.0414933
0.130573
0.182883
0.17145
0.16788
0
0.14026
0.0400567
0.0155067
0.0877833
0.263953
0.0314933
0.09789
0.05755
0
0
0
0.07305
0.143373
0
0
0
0.1368
0.325277
0.130977
0.09295
0.0235533
0
0
0.0131933
0.0440333
0
0.156783
0
0.03082
0
0.167447
0.166103
0
0
0.2499
0.0763967
0
0
0.163227
0.146933
0
0
0.210127
0
0.217387
0
0.26206
0
0.132577
0.267007
0.255733
0
0.139667
0
0.12352
0
0.286347
0.01069
0.166113
0
0.0915533
0
0
0
0.23165
0.10744
0
0.0555867
0.10607
0.27123
0.03203
0.134347
0.110533
0.0986867
0.138677
0.0709167
0.0684167
0
0
0.103163
0.0971267
0.150003
0
0.334837
0.279167
0
0.0807533
0
0
0.1763
0
0.12773
0
0
0
0.653917
0.59994
0
0.242363
0.0250233
0
0
0
0.247637
0.12959
0.15206
0.250303
0
0.102013
0.122313
0.0622333
0.152697
0
0.0103833
0
0
0.04966
0.0817967
0
0
0
0.326457
0.28857
0
0
0.0720067
0.42233
0.200117
0.31774
0.0736
0.03092
0.0618367
0.33352
0.04763
0
0
0
0
0.0391333
0
0.13044
0.237123
0.133137
0
0.167873
0.06089
0.193393
0
0
0.132573
0
0.10235
0.0486633
0
0
0.03192
0
0.15813
0.136757
0
0
0.0404767
0.0702967
0.0644067
0
0.338323
0.156247
0.0129667
0
0.06457
0
0
0.0982967
0.09392
0.122997
0
0.0799667
0.128053
0
0.11546
0
0.151713
0
0
0.23413
0
0.115337
0
0.0787
0
0
0
0
0.236043
0.135423
0.22826
0.102877
0
0.477243
0
0
0.00907333
0
0
0
0
0.0103
0
0.196547
0.0108633
0.359347
0.0522667
0
0
0
0
0.170407
0
0.274203
0
0
0
0.210333
0.25423
0.126343
0.21963
0.15215
0.52799
0.0645867
0
0.09326
0
0.27898
0
0
0.0520367
0
0
0
0.107547
0
0.0654967
0.0297867
0.0935233
0
0
0
0.0398633
0.459833
0
0.35296
0.0242233
0.0623533
0
0
0.139473
0.19608
0
0.166353
0
0.0167333
0.186893
0.352427
0.0451233
0.13698
0
0.1122
0
0
0.10708
0
0.33198
0
0
0.02294
0
0.174087
0.157393
0
0.19295
0.05455
0.197167
0
0.205283
0.10759
0
0
0
0.194597
0.0890233
0.150563
0.10518
0.193187
0
0
0
0.15505
0.10698
0.0935333
0
0.0112833
0.301027
0.02449
0
0
0.139813
0.251927
0
0
0.072
0.0321233
0
0.0123133
0
0.0558767
0
0.11533
0.195737
0
0
0
0
0
0.287197
0.0930833
0.0828233
0.0941567
0.2547
0
0.15781
0
0.22462
0.0318367
0
0
0
0.685753
0
0.18456
0
0.0308567
0
0
0.246427
0.1934
0
0
0
0
0.138933
0
0.16747
0
0
0
0
0.18573
0.180103
0
0.01151
0.115913
0.0122033
0
0
0
0
0.09277
0.0310133
0.0783433
0
0.181753
0
0.22428
0
0.13078
0.0310967
0
0.0722533
0.306943
0
0
0.126723
0
0.234063
0.09665
0.01165
0.125393
0.01202
0
0
0.0233833
0.116033
0.202927
0.0430133
0.0273933
0
0
0.116107
0.0459967
0.0159933
0
0
0.150417
0.35307
0.0893267
0
0.147863
0.0241467
0.281297
0.100477
0
0
0
0.0782233
0.0572267
0
0
0
0
0.15747
0.0718467
0.116473
0
0.423163
0.03349
0
0.165163
0.143513
0.0288033
0
0.0770433
0
0.0864433
0
0
0.11094
0.07402
0
0.1178
0
0.0146833
0
0.138083
0
0.15616
0
0
0.0393933
0.0690467
0.123017
0.138073
0.04243
0.18721
0.11509
0.22933
0.153243
0.148197
0.236377
0
0.235517
0.1823
0
0
0
0.06631
0
0
0
0.0320567
0
0
0
0.304113
0
0.08811
0.476443
0
0.11011
0
0
0
0
0.0774467
0
0
0.03199
0.03397
0
0
0
0.162637
0.19713
0.15584
0
0.185547
0
0.152903
0.199863
0
0.0323933
0.140263
0.142467
0.38621
0.307523
0.0646467
0.10447
0.36257
0.406707
0.0741333
0
0
0.04645
0.0658633
0.115863
0
0
0
0
0
0
0
0.03593
0.05142
0
0
0.0968967
0.0624167
0
0
0.162003
0.0932867
0.18522
0
0.306843
0.115417
0
0.0272
0.1861
0.2011
0
0
0.0358433
0.118697
0.0931633
0
0.228833
0
0.273227
0
0.118953
0
0
0.12404
0.0348433
0
0.118477
0
0
0.10096
0
0
0
0.172547
0.215827
0.270787
0
0.0868533
0.0322133
0.0684733
0
0.159153
0.0131233
0
0.205157
0
0.263067
0.116883
0.05217
0
0.01136
0
0
0
0.118783
0.143417
0
0.150937
0
0
0.214697
0.11677
0
0
0
0
0
0.224753
0
0.04112
0
0
0
0
0
0.24137
0.265407
0.200207
0.0965833
0
0
0
0
0.165137
0.1059
0
0.135833
0
0
0
0
0.443097
0
0.11071
0.137707
0.530283
0
0
0.10537
0.0274833
0.0519433
0.104647
0
0
0.09422
0.0691933
0
0
0
0.200317
0.19004
0.11519
0.0435167
0
0.164743
0.0404633
0
0
0
0.380627
0.466417
0.04775
0.01797
0.03698
0
0
0.16527
0
0.06186
0.20542
0.133883
0
0.0422133
0
0
0.239127
0.439313
0
0.39303
0.249577
0.0968967
0
0.106063
0.253323
0
0.18727
0.22288
0
0.0864667
0.02278
0
0.0161
0
0.160303
0.09652
0
0
0
0.0991933
0.102183
0
0
0.0539067
0
0.0271333
0.04352
0.279897
0.19578
0
0
0.12084
0.133363
0.299603
0
0
0.204807
0.359237
0.0724467
0
0
0
0.15519
0
0.181463
0.23637
0.0350867
0
0
0.02591
0
0.148493
0.0601467
0.154587
0.142253
0
0.232947
0.124767
0
0.09252
0.108083
0.00999667
0.460033
0
0
0
0.176427
0.14063
0.05771
0.13643
0.0615133
0
0
0
0.299427
0
0
0.0825933
0
0
0.242583
0.140893
0.00990333
0.0455367
0.26085
0
0.0234
0.198677
0.07085
0.03384
0.0453267
0.309537
0.04238
0
0
0.119507
0.0733133
0.0452233
0
0
0.268213
0
0
0.0453233
0
0
0
0.23235
0
0
0.04926
0
0
0
0
0
0.0934033
0.356293
0
0.104373
0
0
0.0896667
0
0.123857
0.0887133
0.106307
0
0
0
0
0
0
0.04479
0.502913
0
0.3541
0
0
0
0.259077
0.0414267
0
0.357467
0.0440367
0.349113
0.104373
0
0
0.34363
0.0105633
0
0
0.0921
0.10404
0.0290867
0.06708
0
0.15042
0
0.141403
0.13432
0.17886
0.0930533
0
0
0
0
0.109117
0
0
0
0.0699167
0.0726133
0
0.239057
0
0.0576733
0.0122033
0.182023
0.275097
0.122967
0
0
0
0
0.46864
0
0
0.0275833
0.302343
0.07193
0
0
0.254743
0.0559233
0.167783
0
0
0.0303833
0.237937
0.09303
0
0.111033
0.05859
0
0
0
0.0764433
0.0423667
0
0.102963
0.107103
0
0
0.0404633
0
0
0.06404
0.0517033
0.0376133
0.02547
0
0
0.0126867
0
0.289663
0.0911933
0.0970067
0.165273
0
0.134017
0
0
0.149493
0.0336533
0.529287
0
0.177647
0.208547
0.0341167
0.2517
0.313827
0.236987
0
0.22938
0.07472
0.3843
0.290217
0.109887
0.09609
0.170637
0.01151
0
0
0
0.12572
0
0.09491
0.197703
0
0.16347
0.178007
0
0
0
0
0.0933933
0
0
0.10333
0
0.0935967
0.121573
0
0
0.16089
0
0
0.118237
0
0.17539
0
0.181217
0
0.256243
0
0.0113433
0
0
0.47813
0
0
0
0
0.176397
0
0
0
0.07544
0
0
0.116303
0
0.271657
0.0103667
0.12372
0.0896
0.42853
0
0
0.0107767
0
0
0.21692
0.07674
0
0.0161133
0.0925567
0
0.15403
0
0
0
0.0209133
0.18877
0
0
0.0516633
0
0
0
0
0
0.155417
0
0.199507
0.118163
0.213587
0.0639
0.0205967
0
0.139327
0
0
0
0.149343
0
0
0.0359733
0.0503567
0
0.106773
0.25785
0
0
0.0344
0.206113
0
0.257653
0
0
0.0926733
0
0
0
0.254383
0
0
0
0
0.235803
0
0.107403
0
0
0
0
0.100487
0.0569033
0.0205367
0.0356433
0.270303
0.0561067
0
0
0
0
0.214957
0
0
0
0.164707
0.0402667
0
0.05125
0.0101067
0.0495467
0
0.291227
0
0.132237
0.392227
0
0.06674
0.137723
0.29794
0
0
0
0.179883
0.242423
0
0.03112
0.02283
0
0
0.0844767
0
0.232847
0.132817
0.123193
0.02655
0
0
0
0
0
0
0.23366
0.33055
0.121433
0
0
0
0.0315267
0
0
0.0119367
0
0
0.167323
0
0
0.0660567
0
0.0950467
0.0621767
0
0.0467267
0.0711733
0
0
0
0.116303
0
0.0704267
0.01201
0
0.17368
0.281567
0
0
0.195607
0.101653
0.33149
0.109117
0
0.119653
0.0915833
0.0640267
0
0.01058
0.06264
0.0983333
0.136137
0.140993
0
0
0
0.05507
0
0.0784833
0
0.0551233
0.01144
0
0
0.01311
0.107757
0.08638
0
0.118937
0.0130267
0
0
0
0.167377
0
0
0
0
0
0
0
0.251547
0.0107567
0.122213
0.166097
0.233593
0.0359367
0
0
0.09482
0.06994
0.147433
0
0
0
0
0.290777
0
0.42517
0.0335933
0
0
0.08324
0
0
0
0.11736
0.0621867
0
0.241833
0
0
0
0
0.169263
0.284837
0
0.13762
0.07653
0
0
0
0.10284
0.0167333
0.25317
0
0.279447
0.107123
0.177073
0.12611
0.07872
0.110823
0
0
0
0.09746
0
0.150287
0
0
0
0.22489
0
0.0447067
0.0468667
0.22344
0.0314533
0.186083
0.0404367
0
0
0
0
0.0377867
0
0.236047
0
0.127593
0.100347
0.117127
0.01151
0.142857
0
0.237977
0
0
0
0
0.115903
0.0326567
0
0.03169
0
0
0.0615733
0.114013
0
0
0.137343
0.08296
0
0
0
0.04152
0.0347633
0.0901967
0
0.0323533
0.0672233
0.117317
0
0.0452967
0.1484
0.0474267
0
0.0615967
0.0536833
0
0.13543
0.103243
0
0
0
0
0
0
0
0
0
0
0.0991133
0.13661
0
0.175053
0
0.0794033
0
0
0
0.0826167
0
0.07861
0.0769133
0.0747633
0
0
0
0
0.0234233
0.0163933
0
0.687057
0.38277
0.140293
0
0.02996
0.0842333
0.153383
0.20679
0.0840667
0.0104933
0.135127
0
0
0.116047
0
0
0.19345
0.13879
0
0
0
0
0.09314
0.0754133
0
0
0
0.153463
0
0.22241
0
0.485733
0
0.0427533
0
0.189327
0
0.222423
0.29075
0
0.0804033
0
0
0.27323
0.161517
0
0.138173
0
0
0
0.0976367
0.07138
0
0
0
0.19121
0
0.182657
0.0210967
0.0900133
0
0.232797
0.0861067
0
0.155887
0.269037
0.07033
0
0
0
0.119197
0.162397
0
0
0
0.0735
0.0949267
0
0.0306933
0.0320433
0.10251
0.13792
0
0.09689
0
0
0.0536467
0
0.152993
0
0
0.09373
0
0.118283
0.0712633
0
0.207777
0
0.0934667
0
0
0
0.27994
0
0.15814
0
0.10583
0.10949
0
0
0
0.03121
0.03506
0.0371767
0
0
0.0206767
0.0794133
0
0.10393
0
0
0.242623
0
0
0
0
0.242297
0
0.105627
0.0729233
0
0.387417
0.16375
0
0.0639467
0
0
0.14399
0.242723
0.18423
0.0275333
0.06142
0.03805
0
0
0
0.0924967
0.210767
0.44693
0.03795
0.227607
0.188187
0
0
0.242273
0.26225
0
0.0334
0.0947133
0.0552733
0
0.0932
0
0.134143
0.0310267
0
0
0.0484233
0.124193
0.0897
0
0.0155867
0
0.351447
0.268687
0
0
0
0
0
0
0
0
0.104493
0
0
0.08533
0.19717
0
0.0294733
0
0
0.101303
0.121303
0.103583
0.100253
0.11208
0.08801
0
0.242843
0.07847
0
0
0.107217
0.17238
0
0
0.10674
0.118803
0.152573
0.155483
0.27818
0
0.35417
0
0
0.178007
0
0.03544
0.264207
0.09605
0.0923433
0
0.33337
0.356187
0
0.137873
0.0349
0
0.10435
0
0.0839167
0.168283
0
0
0
0.122237
0
0
0
0
0
0.13419
0
0.12169
0.19705
0.1598
0
0
0.274093
0
0
0.104543
0
0.337557
0.578187
0.166507
0.18836
0.103443
0
0
0.07975
0
0.09309
0
0.249803
0.1469
0
0.14624
0.138837
0.09612
0
0
0.103753
0.115167
0.32341
0.0974733
0
0.333227
0.104707
0
0.23634
0
0.183167
0.0892167
0
0.04153
0
0
0.786033
0.16045
0.046
0
0.13565
0
0.209263
0
0.140437
0
0.0206767
0
0
0.189583
0
0
0
0.107877
0.413383
0.106727
0.64687
0.0150133
0
0.115457
0
0.107203
0.0749867
0.135777
0.04397
0
0.26858
0.06991
0.124683
0
0
0.03099
0
0
0
0.23056
0
0.05252
0.129793
0.13931
0
0
0
0.130453
0
0
0.366187
0.0297167
0
0.0785133
0.282993
0.138217
0
0.186053
0
0
0.221097
0
0
0.55765
0.108773
0
0
0.481587
0.0516667
0
0
0.182147
0
0
0
0.28605
0
0.28814
0.03091
0.158187
0
0
0.01197
0.0803467
0.158613
0
0
0.21331
0
0
0.0514567
0.0415633
0.273293
0.14681
0.220757
0.157953
0.0941467
0.00990333
0
0.0454667
0.486883
0
0.08075
0
0
0.268587
0.0113233
0.115243
0
0.03114
0
0.343203
0.0736067
0.168277
0.10499
0.405863
0.397233
0.274093
0.262033
0
0
0
0.08438
0
0
0.0104133
0.169253
0
0.102893
0
0
0.0388267
0
0.03796
0.14961
0
0
0.0864367
0.09791
0
0.14028
0
0.33523
0.0961567
0
0
0
0
0
0.235557
0.0205967
0.0360867
0.160253
0
0.0922867
0.10584
0.22843
0
0
0.23847
0.24928
0.10757
0.107203
0
0.15086
0
0
0.05814
0
0.0674233
0
0.0632167
0
0.0432167
0.0427567
0.0416967
0
0
0.32335
0
0.15246
0
0.748463
0.03884
0.392787
0.03363
0
0.0131033
0.0749633
0.101277
0.283737
0
0.104723
0.10267
0.157997
0
0
0
0.0710167
0.39346
0
0
0.142337
0.0215333
0.08421
0
0
0.02033
0
0
0.09574
0
0
0
0.359907
0
0
0.0607167
0
0.149913
0
0
0
0.235897
0
0.1041
0.01139
0.06221
0
0
0.03037
0
0
0.05357
0.135593
0.15495
0
0.154897
0.186653
0
0
0.23595
0.164853
0
0
0.09973
0.338353
0.100407
0.23968
0.10882
0.118027
0.13259
0.16636
0.101087
0.326653
0.10315
0.158873
0.109307
0
0.0951933
0.4299
0
0.369607
0.342713
0
0
0.380063
0.0430467
0
0
0
0.183307
0
0.158857
0.103697
0
0.07808
0.206287
0.0393833
0
0.416517
0.264237
0
0.101
0.108503
0.428923
0.0275
0
0
0.06212
0.02503
0
0.0933667
0
0.0151167
0.0933167
0.0106033
0
0.0359367
0
0.429277
0
0.01147
0.231843
0.39781
0
0
0.103463
0
0.0621467
0.18026
0.0930367
0
0
0.157117
0
0.00973667
0
0
0
0
0
0
0
0.10014
0.120307
0
0
0
0.46377
0.147577
0.133623
0.09744
0
0.03384
0.09055
0
0.03067
0.289857
0
0
0.36443
0
0
0
0
0.0205267
0
0
0
0.11225
0.0417667
0.04563
0
0.0968833
0
0
0.330767
0.0231267
0
0.0957467
0.211937
0
0.115927
0.223213
0.0278567
0.0928233
0
0
0.200627
0.102367
0
0.14508
0
0
0
0
0.196057
0.0589367
0.0737267
0
0.0349933
0.313083
0.2734
0.0288567
0
0.428867
0
0
0
0.01202
0
0.150987
0
0.166847
0.161377
0
0
0.120487
0
0
0.225493
0.23867
0.14909
0.367207
0
0
0
0.06176
0.0122033
0.128193
0
0
0
0.0363267
0
0.1053
0
0
0.03583
0
0.0127933
0.246753
0.0633833
0
0.18993
0.120017
0
0.14022
0
0
0.76153
0.21795
0.438937
0.157457
0.0324967
0
0.224177
0
0
0
0
0
0.2329
0
0
0.03544
0.0799233
0
0.114377
0
0.173687
0.0310267
0.390023
0.188243
0.06641
0.211313
0
0
0
0.144967
0
0.131957
0.2343
0
0.0161133
0.102607
0
0
0
0.0926533
0.0192467
0.0315933
0
0.115027
0
0.107717
0
0
0.10608
0
0.0809433
0.24961
0
0
0.0369467
0.117877
0.0625367
0
0
0
0
0
0.174173
0.11652
0
0
0
0.0973267
0.13204
0.01114
0
0
0.355593
0
0.134893
0.101837
0.0829733
0
0
0.10006
0.0632867
0
0.499457
0
0
0
0
0.19966
0.17639
0.0790733
0.115943
0.0881033
0.265397
0
0.1922
0
0
0.127853
0.207257
0.02356
0.231367
0
0
0.207897
0.0128133
0.03438
0
0.277153
0.354673
0
0
0
0.0350467
0.0583033
0.170463
0.114877
0.164453
0.303367
0
0
0
0
0.387803
0
0
0
0
0
0.0467633
0
0.08961
0.142717
0.111297
0.528103
0.15007
0.15673
0
0
0.237193
0.262963
0
0.01136
0.1069
0.237907
0.298717
0.187767
0.11613
0.0152333
0.125433
0
0.0783767
0.01496
0
0.0166733
0.215383
0.03796
0.0789267
0.234283
0
0
0
0
0
0.0420667
0.0837233
0
0.09806
0.13481
0
0.0250233
0
0.484127
0
0.257643
0
0
0.0105733
0
0.473707
0.153713
0.116263
0.260467
0
0
0.428353
0.26423
0.0525033
0
0
0.28327
0.19675
0.123547
0
0
0.0561867
0.1017
0.145477
0
0
0.02124
0.142033
0.321353
0.102143
0.62925
0
0.179727
0.0214167
0.0786167
0.0714067
0.106343
0.23614
0.18299
0
0.10465
0
0
0
0
0
0
0
0
0.0562233
0.04574
0
0
0
0.218947
0
0.0600567
0
0
0.07173
0.0936167
0
0.4691
0
0.02655
0.206753
0.0343167
0.338653
0
0
0
0.20547
0.0310767
0
0
0
0.0627567
0.21727
0.123257
0
0.0643967
0
0
0.319917
0.11088
0.100267
0.0823467
0
0
0
0
0
0.166323
0.259647
0.0169167
0.032
0.0628433
0
0.03495
0
0
0.0571867
0.07772
0.0934633
0
0.10599
0
0
0
0
0.136683
0
0
0.101413
0
0
0.123173
0.220057
0
0
0.167823
0
0
0.115813
0
0
0
0
0.158613
0
0.209317
0
0
0
0.08591
0.610663
0
0.06314
0.105717
0.160987
0
0.288743
0.12359
0
0.14485
0.122143
0.0422667
0.150423
0.0840167
0
0.04804
0
0
0.05771
0.344843
0.141237
0.243607
0
0.22079
0.150107
0.14845
0.138917
0.07251
0.143143
0.0801167
0
0
0
0
0
0.11874
0
0.0529267
0.243457
0.0878667
0.20987
0
0
0.191057
0.208617
0
0.05142
0
0
0.152863
0
0.228823
0
0
0.138583
0
0.12962
0
0.271693
0
0.09681
0.03121
0.180567
0.153927
0
0
0.143287
0.13908
0.0916967
0
0.17386
0.153377
0.167367
0
0.49816
0
0.158913
0.183187
0.501507
0.104743
0.152433
0.08793
0
0.0406267
0
0.07819
0
0.30683
0.0277733
0
0
0.29317
0.230717
0.19055
0
0.423543
0.24215
0.0303667
0.265267
0.01735
0.357113
0.264597
0
0.131517
0.200057
0.32574
0
0.107013
0
0
0.152753
0
0.00955667
0.13991
0
0
0
0
0.139307
0.104927
0.262133
0
0
0.40606
0.0211867
0.04029
0
0.18624
0
0
0
0
0.272597
0
0.37926
0
0.111167
0.0105633
0.0506867
0
0.0961367
0
0.257233
0.338827
0
0.03484
0.0565267
0
0.0540367
0
0.0962467
0
0
0
0.01024
0.0641733
0.0823367
0.193827
0.13483
0
0
0.239373
0
0.109833
0.02531
0
0
0.39814
0
0.10625
0
0
0
0.0277733
0
0.14124
0.12222
0
0
0.08434
0.09304
0.0634267
0
0
0
0
0
0.167173
0.224693
0.19903
0.361887
0.1436
0.18944
0
0.0921033
0
0.0482
0.67915
0
0
0.38566
0.21582
0.255983
0.0952367
0.361333
0
0.06823
0.258283
0
0.410967
0.3975
0.24168
0.09479
0.0879467
0.241423
0.09644
0
0.0231967
0
0
0.0923367
0
0.0646033
0.288673
0
0.0923367
0
0.474987
0
0.379217
0.04368
0
0.23358
0.126457
0
0
0.11675
0.167773
0.119067
0.0453867
0.0782467
0
0
0.09992
0.108607
0
0.214993
0.117293
0
0.0353067
0
0.123993
0
0
0.223087
0.208797
0.0426433
0
0.0402667
0.319627
0.0859033
0.2744
0.0178267
0
0.115787
0
0
0
0.0359733
0
0
0.11447
0.0590833
0
0
0.7586
0
0.249827
0.07999
0
0
0
0.1258
0
0
0
0
0.09698
0.03938
0.0994
0
0.0388033
0.0934767
0
0.103343
0
0
0.130977
0.371617
0
0
0.183697
0
0
0.0601067
0
0
0.103483
0.0951733
0
0.107783
0.0768733
0
0
0.0675567
0.395657
0.23955
0.732423
0
0.217447
0.418587
0.18858
0
0.153937
0.0580867
0
0
0.130267
0.03407
0.16583
0.219237
0.385863
0.1151
0.05378
0
0.605043
0.155967
0.138133
0.266607
0
0
0
0
0
0.117647
0
0
0
0
0
0.12728
0
0
0.159177
0
0.290417
0.274227
0
0
0.06767
0
0.0985333
0
0
0
0.12992
0.0440333
0
0
0
0
0.1891
0.128267
0
0
0.0648733
0.0998267
0.10318
0
0.12281
0.52443
0.0800967
0.0542533
0
0
0.330067
0
0.10523
0.0245667
0.11607
0
0
0.01381
0
0
0.20369
0.07829
0.31344
0.0413833
0
0.733187
0
0.0325367
0.141833
0.0409433
0.220347
0
0
0.137697
0.105133
0.18951
0.0235767
0
0.110707
0
0.275357
0
0
0
0.01139
0
0
0
0
0.0388233
0.09666
0.115903
0
0
0.160863
0.0890367
0.04794
0.259833
0
0
0.03249
0.04949
0
0.31372
0.230417
0.39073
0.258287
0.0998333
0.343343
0
0
0
0
0
0.286723
0.0608867
0.103383
0
0.0964233
0
0.0878067
0.08428
0
0.0831467
0.11517
0
0
0.08559
0
0
0
0
0.747137
0
0
0
0
0
0.124917
0.104357
0.0962767
0
0
0
0
0
0.0334367
0
0.04136
0.104023
0
0.175147
0.0422
0.0967567
0
0.718183
0.0340667
0
0.0432967
0
0.249587
0
0
0.105947
0.0808233
0.355633
0.133193
0.163937
0.105873
0
0.2646
0
0
0.0612633
0.0679833
0.110533
0
0.22108
0
0.09745
0.0999433
0.156493
0.0838567
0
0.21587
0.27711
0.156327
0.15937
0
0
0
0
0.115737
0
0.03281
0
0.107333
0
0.0415267
0.231563
0.0622
0.454167
0.0394367
0.14217
0
0
0
0.10382
0.0507267
0.1799
0.0413833
0.0389167
0.0703867
0.177693
0
0
0.38034
0.14192
0.177807
0.241087
0
0.52846
0
0
0.256863
0.04214
0.389103
0.0117967
0
0
0.307333
0.01557
0
0.0803567
0.02033
0.0915667
0.156267
0.122463
0
0
0
0.0175667
0.03172
0
0
0
0
0
0.151473
0.190987
0
0
0.09271
0.23994
0.205627
0.0117967
0.0300267
0.363297
0.00999667
0
0.0108667
0
0.151373
0.0108633
0.259967
0
0
0.15093
0
0.207397
0.16476
0.0974633
0.12513
0
0
0.0699567
0.394607
0.0934267
0.07269
0.252457
0
0.216797
0.14966
0
0.0854167
0.0923533
0.232043
0.546473
0
0.0432767
0
0.171653
0.09234
0
0
0.283957
0.0328867
0.0353233
0.1906
0
0
0.0326467
0.339733
0
0.109293
0
0
0.11664
0.345713
0
0.141623
0.251513
0.22265
0.0971133
0.15566
0.0655267
0.0441033
0.13062
0
0.13121
0
0
0.193717
0
0
0
0.107663
0.04695
0
0
0.241507
0
0.0631
0.10992
0.101707
0.125383
0
0
0.0561433
0.181047
0.0456533
0
0.141373
0.105353
0
0
0.16809
0
0.05699
0.206043
0.12293
0.0316133
0.08613
0
0.107023
0.09509
0.0426433
0.0772667
0
0
0.0937933
0
0.0103633
0.126523
0
0.0266633
0
0.103733
0.41225
0
0
0.108207
0
0.362937
0
0.287403
0
0
0
0.230237
0.09435
0.106743
0.0972333
0.02082
0.139873
0.01557
0
0.0407467
0.17288
0.459723
0
0.11711
0.0647333
0
0
0
0
0.0367867
0.59322
0
0.11573
0
0
0
0
0
0.24896
0.13974
0.0597533
0
0
0
0
0
0
0.330147
0.10824
0.299587
0
0
0
0.108327
0.336043
0
0.100343
0.20745
0.10663
0
0
0
0.0841733
0.1394
0.0452033
0.25706
0
0
0.0318333
0
0.0544667
0
0.137223
0.09582
0.37903
0
0
0.03544
0.34447
0
0
0
0.183387
0
0.01114
0
0.156097
0.0126567
0.105603
0.05413
0.109157
0.107103
0.0432833
0.05437
0.01159
0.126857
0.15757
0.0203867
0.19409
0.0934167
0.0935133
0
0
0.0899867
0.0945367
0.04314
0.06216
0
0
0.0708467
0
0
0
0.641303
0.12787
0.185023
0.12997
0
0
0.100137
0.188447
0.103527
0
0
0
0.0809067
0.15464
0.32036
0.0723333
0.03129
0.0466
0
0
0.105823
0
0.115297
0.07712
0.139473
0
0
0
0.0981767
0.0307767
0
0.0459633
0
0.103097
0.0968867
0
0
0
0.0410767
0
0
0
0.10128
0.168163
0
0
0.240647
0.19518
0.07285
0
0.26391
0
0.115073
0
0
0
0
0
0
0
0.231827
0.106613
0.10753
0
0.140153
0
0
0
0
0.230327
0.20819
0.156793
0.35596
0
0.16443
0
0
0
0.108873
0
0.266093
0.23665
0.282503
0.128293
0.11614
0.0113633
0.0487233
0.139287
0.03277
0.119597
0.161667
0
0.109753
0
0
0
0.06831
0.0315367
0
0
0
0.42829
0
0
0.09773
0
0.05815
0.104343
0.0519467
0.0785667
0
0
0
0
0
0
0.132213
0.07428
0
0
0
0.0119367
0.29624
0.16975
0
0
0
0
0.0865
0
0.09754
0
0
0.114813
0
0
0.14534
0
0
0.0770333
0.137507
0
0.0927533
0
0.139807
0.107887
0
0
0
0
0.0957633
0
0.11539
0.06709
0
0
0
0.0151067
0
0.117177
0.21178
0
0
0.116643
0
0.108633
0
0
0
0.0936567
0
0.138167
0.406443
0
0.16686
0.158463
0.47466
0
0.0323933
0.08407
0.0133633
0.03795
0
0.0952467
0.318643
0.0818633
0
0
0.117243
0.194507
0
0
0.0611933
0
0.0575767
0.43102
0
0.06297
0
0
0.0579367
0.348113
0.155957
0
0.0833467
0
0.09738
0
0
0.03507
0.422003
0.0944033
0
0.0156467
0
0.0667767
0
0.0673567
0.0638067
0.144247
0
0.116527
0
0.0902133
0
0.264617
0
0.0506867
0.0131233
0
0
0
0
0.16697
0.136533
0
0
0.210977
0.0649633
0
0.138763
0.288583
0.118837
0.119637
0
0.11815
0.0430033
0
0.131733
0
0.0857233
0
0
0.07892
0.0780433
0.15607
0
0
0.19189
0.0976467
0
0
0
0
0
0
0
0.01075
0.182133
0
0.25462
0
0
0
0.0817533
0.253267
0
0.55561
0.48251
0.0519633
0.0391567
0
0.10237
0.140173
0.51689
0
0.291217
0.323557
0
0
0
0.220937
0
0.10278
0
0
0
0
0.168863
0
0
0.243517
0.0461133
0.163087
0
0
0.392397
0.0703933
0.27188
0
0
0
0
0.0650267
0.428367
0
0.2493
0
0
0
0.04107
0
0.200063
0.0464033
0.111067
0
0.0359367
0
0.0584533
0
0.10381
0
0
0
0.0878267
0.273787
0.08979
0
0
0.382587
0
0.0309667
0.0624133
0.114947
0.0910633
0
0
0
0
0.149887
0
0.0636033
0.295737
0.06392
0.181983
0
0
0
0.0105267
0.256373
0.327637
0
0
0
0.292383
0
0.03608
0
0
0
0.27783
0
0.0417067
0.19449
0
0.109247
0
0
0.105093
0
0
0
0.0250567
0.146813
0
0.307527
0
0
0
0
0
0.19157
0
0.03154
0
0.46642
0.1524
0
0.19911
0.0121267
0.10844
0.206183
0
0.486903
0.140973
0
0
0
0
0.09583
0
0.0704633
0.159373
0
0.19688
0
0
0.130527
0.296287
0.10072
0.109917
0.0515333
0.127113
0.423073
0
0.03082
0.109243
0.116857
0.31932
0.0566667
0
0.21013
0.0622833
0
0.0311033
0.151417
0
0
0.0445033
0.0541067
0.0773667
0
0
0.11836
0
0
0
0.0956467
0.01201
0.25191
0
0
0.103597
0.118093
0.05113
0.199407
0.0394433
0.38022
0.23273
0
0.232383
0.0308
0
0.07021
0.151657
0.08594
0
0.0122733
0
0.0632867
0
0.0511233
0.125807
0.109043
0.139933
0
0
0
0
0.08906
0
0
0.0344067
0
0.105903
0.177257
0
0
0
0
0.09461
0.0537133
0.05692
0.07712
0
0
0.0967333
0.1032
0
0
0.0925133
0
0.14118
0
0.11583
0
0
0.16148
0
0.18708
0.0152833
0
0.14271
0
0.156237
0.20083
0
0
0.0281933
0.02672
0
0
0.04027
0
0.1018
0
0
0.122797
0
0.212007
0
0
0
0.243193
0
0
0.229917
0
0.0420967
0.324067
0
0
0.13458
0
0
0
0
0
0.0112067
0
0.04145
0
0.10486
0.0365267
0.228713
0.233947
0.233517
0
0.340407
0
0
0.04678
0
0.242353
0.0253567
0.0349433
0
0
0
0.0967667
0
0
0
0.09548
0.10451
0.31338
0
0.0233833
0.02604
0.0126867
0.216073
0
0
0
0
0
0.210677
0
0
0
0.0256733
0.31792
0
0
0.0655533
0.106697
0
0.125227
0.148397
0
0.274443
0
0.158677
0
0.09326
0
0
0
0.202857
0
0.468987
0
0
0
0.0651067
0.105793
0.0596867
0.313333
0.151673
0
0.117183
0.0642967
0.0367333
0.185427
0.151033
0.0675367
0.0873933
0
0.32461
0.183283
0
0.196803
0.0266233
0
0.189333
0
0.217787
0.186613
0.0947667
0
0
0
0.267843
0
0
0.0951867
0.35445
0.0961
0.15801
0.3043
0
0.0926833
0
0
0
0
0
0.0450167
0.172957
0
0.161667
0
0.30457
0.01027
0.01396
0.0970333
0.06226
0
0
0.110857
0.0594733
0.122903
0
0.112167
0
0.101833
0
0
0
0.0511067
0.09673
0.149853
0
0
0
0.0615633
0
0
0.21615
0
0.0848833
0.38914
0.34756
0
0.159233
0
0.0506833
0.140347
0.0840233
0.158057
0.21456
0.01311
0.115503
0.130127
0
0.13511
0
0
0
0.08201
0.647783
0.137877
0
0
0
0.484423
0
0.241093
0
0
0
0
0
0
0.241473
0.0950333
0.0216867
0.26879
0
0.26985
0.07269
0.0690567
0
0.231527
0
0
0
0
0.168547
0.0456567
0.11865
0
0
0
0
0
0
0
0
0
0.0657933
0.170287
0.04816
0
0
0
0
0
0
0
0.419
0
0.0701433
0.0794833
0.23517
0.20608
0.115947
0
0.0462067
0.36007
0
0.0291933
0
0
0.108353
0
0
0.446583
0
0.3032
0.0897233
0
0.104563
0.02701
0.487047
0
0.15285
0.119417
0
0
0.0104767
0.0209933
0.0783633
0.14008
0
0.32932
0
0.05248
0.0930033
0
0
0.137717
0
0
0
0
0.09171
0
0.0347633
0.128007
0.329297
0.33868
0
0.154357
0
0
0.135097
0.0909333
0.0640067
0.16906
0
0.2005
0.04238
0.122373
0.0114233
0.03349
0.210547
0.23803
0.268503
0
0
0.0800333
0
0.432097
0.0955133
0
0
0
0
0
0
0.0215733
0
0.0582933
0
0
0.0409433
0.10309
0
0
0
0.202733
0.105437
0.207377
0
0.0484233
0.101167
0.159387
0.0925367
0
0
0.166903
0
0.313047
0.0467633
0.136003
0.142353
0
0.0136733
0
0.09144
0
0.23334
0.217177
0.240227
0
0
0.213403
0
0
0.0486433
0
0.194227
0
0.140227
0.0588833
0.200107
0
0
0
0.06733
0.09307
0.106677
0
0.379653
0
0.109453
0.0312033
0
0.107127
0
0.01038
0.227317
0.0108433
0.0986467
0
0
0
0.04975
0.101187
0
0
0.05442
0
0
0.03021
0.02138
0.191143
0.200393
0.108057
0
0
0
0.224493
0.0476
0
0
0
0
0.13921
0
0.0341867
0.15414
0.20244
0
0
0
0.290307
0.0273933
0
0.116467
0.421387
0.85954
0
0
0
0.0934567
0.135997
0
0.15316
0
0.111643
0
0
0.0520767
0
0.15773
0
0
0.150067
0.0929367
0.04991
0
0.07898
0.22666
0.461377
0.02607
0.0799133
0.01396
0.0339067
0.0167267
0.233277
0
0
0.126373
0.09109
0.0203867
0
0
0.217847
0
0
0
0.0852433
0.313867
0.22192
0
0.0523133
0.100783
0.133323
0
0.02278
0.0116433
0.14195
0.0134733
0.693797
0
0
0
0.0116433
0.0620567
0
0.107223
0.0745833
0
0.20231
0.0571733
0
0.199807
0
0
0.0943433
0
0
0.0736667
0
0
0
0.239923
0.338243
0
0.105937
0
0.0622267
0
0
0.473003
0
0
0
0.212143
0
0.0341233
0.0968
0
0
0
0
0
0.0623967
0
0
0
0.04155
0
0
0
0
0.0828867
0.209557
0.21276
0.0783733
0
0
0
0
0
0
0
0.105307
0.137483
0.07274
0.178147
0.0653167
0.145607
0.18507
0
0.133433
0.0992033
0
0.132123
0
0
0
0.17871
0
0
0
0.0261567
0.111743
0.18605
0.10058
0
0
0.432373
0.11594
0.183447
0.115413
0.0913533
0.0974333
0
0
0.0231133
0
0
0
0.337923
0.0234
0
0
0.0347567
0.0783933
0.235527
0.01396
0.144303
0.124077
0.182207
0
0.0539533
0
0
0.0948633
0
0.171657
0
0.0687
0.120263
0.0310667
0
0
0
0.15853
0.153467
0.120437
0.0215333
0.193787
0
0.0112067
0.02072
0
0.106267
0
0
0.0150933
0
0
0.0654467
0.20403
0.03269
0
0
0.137907
0
0.13613
0
0
0
0
0.10165
0
0
0.145853
0.287573
0
0
0
0
0.100727
0.288823
0.0914367
0.02531
0.13992
0.07529
0.352247
0
0.0966533
0
0
0.117337
0.0620633
0
0.08413
0.234467
0
0
0
0
0
0
0.0316133
0.0965533
0.10377
0
0.0344
0
0
0.125973
0
0
0
0.105063
0
0.154673
0
0.441443
0.07178
0
0
0.0949167
0
0.0740933
0.0181833
0.08134
0.139083
0
0.0218767
0.0773467
0.0310767
0.453733
0.138557
0.25386
0.0502
0.0348433
0
0.01189
0.155067
0
0.625253
0.246157
0
0
0
0.182237
0.29369
0.253763
0
0.259397
0.117473
0.21143
0.14323
0
0
0
0
0
0.01123
0
0.120847
0.0418467
0.10995
0.260783
0
0
0
0.2559
0.0228733
0.16069
0.35285
0.14224
0
0.141947
0
0
0
0
0
0
0.05028
0.09422
0.161173
0.43413
0
0
0
0
0.18222
0.108437
0.0410467
0
0.100063
0.14333
0
0
0
0.249717
0.434947
0
0
0.13488
0.182437
0.233673
0.177697
0.0162233
0.03203
0
0.23867
0
0
0.0152033
0.0440367
0
0
0.247003
0
0
0
0.370377
0
0.16564
0
0
0
0.212423
0.162937
0
0.212203
0.3759
0.130587
0.08974
0
0
0
0
0
0
0.117527
0
0
0.21773
0
0.0866
0
0.0873467
0
0
0
0.127387
0.0869033
0.09168
0.485617
0
0.221883
0
0.141977
0.134737
0.125087
0.09185
0
0.291557
0.02124
0
0
0.0375233
0
0
0.10969
0
0
0
0
0.105297
0
0
0
0
0.839033
0.0984033
0
0.151623
0.118877
0
0
0.01075
0
0.148233
0
0.144183
0
0.0947033
0.352093
0.03259
0.1551
0
0.02914
0.0297267
0.04682
0
0
0
0.01024
0
0
0.0348833
0.3622
0.762843
0.07217
0
0.0553733
0.129097
0.2623
0
0
0
0.02701
0
0
0
0
0.0926933
0.0839133
0.0471567
0.18437
0
0.107737
0
0
0.280477
0.0148667
0
0.06543
0
0
0.180107
0.12764
0.29156
0.0129667
0
0.0550133
0.0108433
0
0
0
0
0
0
0
0.175093
0
0.150087
0.0984133
0.1152
0.1403
0
0
0.11958
0
0.18574
0
0.07604
0.0665367
0.09741
0.19739
0.211787
0.1686
0.0365967
0
0.133617
0.0347133
0
0
0.155517
0
0.0504033
0
0
0.16336
0
0.0576767
0.106117
0
0.0644767
0
0
0
0.16083
0.14042
0
0
0.11641
0
0.0113633
0.0345367
0.102427
0.154297
0.129743
0
0.249987
0
0
0.195417
0.198117
0
0
0
0.10567
0.260493
0.292073
0
0
0
0
0
0.133087
0.271123
0.255617
0
0
0.1168
0.0162233
0
0
0.17496
0.311357
0.0565
0.05899
0
0.01763
0.106933
0
0
0
0
0
0.10253
0
0.234133
0
0.0639667
0.0838533
0.0521333
0.149373
0
0.0895733
0
0.326407
0
0.144297
0
0.0350467
0
0.325487
0.14194
0.11513
0.0408967
0
0
0.21938
0
0.276303
0.05253
0.18191
0.0122733
0.109117
0
0.0269067
0.112613
0.159923
0
0.2259
0.0451633
0
0
0
0
0.0296633
0.0615633
0
0.32289
0
0.114577
0
0
0.02078
0
0.06901
0
0.0330233
0
0.240783
0.08654
0
0.0592
0.0218767
0.24988
0
0
0.218713
0.0576967
0
0.28138
0
0
0
0
0.0602067
0
0
0
0
0.379967
0.112817
0
0.121323
0.21113
0
0
0.0562833
0.0833267
0
0.390163
0.114573
0
0
0
0
0
0
0.102947
0
0.109387
0
0.215833
0.0540367
0.0323133
0
0
0.198133
0.03919
0.0178267
0.0105267
0.105493
0.134497
0
0.0159933
0
0
0.07142
0.442263
0.0206
0.21594
0.214167
0
0
0.132657
0.31098
0.122337
0.0132667
0
0.19055
0.16387
0
0.141153
0.193287
0.17257
0.13224
0.0797233
0.04408
0
0.0775667
0
0.153477
0.07019
0
0.20677
0.300837
0.173177
0.11651
0.0894033
0
0
0
0.147427
0.216857
0
0
0.0650667
0
0.44393
0.21025
0
0.0362167
0
0.343097
0.337877
0.0697633
0.09621
0
0.233177
0
0
0.11193
0.290797
0.106937
0.115583
0
0
0.146207
0
0
0.0635567
0.307873
0
0.11803
0
0.31724
0.0311267
0.333967
0.08111
0
0
0.0529767
0
0.102293
0.09257
0
0
0
0.117347
0.0969667
0
0.0224833
0.0719233
0.16843
0.291027
0
0
0
0
0.15473
0.24486
0
0.25527
0
0
0.133
0.18345
0
0
0
0
0.09345
0.271213
0.0442
0.10369
0
0.0699367
0.15918
0.107773
0.114167
0
0
0
0.0449467
0.17182
0.14695
0.0965067
0.140457
0
0
0
0.0470133
0.216613
0.0541767
0
0.0699167
0.12518
0
0
0.147883
0.03027
0.29062
0.102033
0
0
0
0.0903667
0.0935167
0
0
0
0
0.104807
0
0.105457
0
0
0
0.411213
0
0.135883
0.709617
0
0
0.0705067
0.143973
0.0517467
0
0
0.29326
0.118003
0
0.109997
0.173243
0
0
0
0
0
0
0
0
0
0
0
0.01412
0
0.143837
0.214057
0.132247
0.0810767
0.0150933
0.397137
0
0.151757
0
0
0
0
0
0
0
0
0
0.15799
0
0
0
0
0
0.15113
0
0.579147
0
0.06757
0
0.0795167
0
0
0.174003
0.0412967
0
0
0.11867
0
0.10673
0
0
0
0
0
0.52318
0.104677
0
0.192167
0.29849
0
0
0.0348667
0
0.05
0
0
0
0.166257
0.123893
0.161947
0.121247
0
0.04368
0.38956
0.0209333
0.03021
0.163047
0.0536667
0.411933
0
0.0554767
0
0
0
0
0
0.0415167
0.0334167
0.27147
0
0
0.0482267
0.12991
0
0.103553
0
0
0.140357
0.25814
0
0.134837
0.31593
0.0935333
0
0.02248
0.0934967
0
0.299727
0.344403
0.122943
0.20438
0
0
0.01454
0
0
0
0.109603
0.412453
0.03093
0.201807
0.0122733
0
0
0
0.156837
0.0430467
0.10233
0.02213
0
0
0
0
0.09906
0.10394
0.11095
0
0
0.0433867
0
0.0107767
0.179803
0
0
0.04519
0
0
0
0.247347
0
0.171953
0
0.0125
0
0
0
0
0.18848
0
0.117527
0.0659667
0
0
0
0
0
0.05178
0.564517
0.520077
0.128417
0.343027
0
0.240377
0
0
0.0331733
0
0
0
0.128327
0.11537
0.136633
0
0
0
0
0
0.115977
0.123413
0.0474267
0
0
0.07001
0
0.04494
0
0
0
0.01727
0
0.03277
0
0.0404133
0.0718367
0.133133
0.140057
0
0
0.106057
0.363887
0
0
0.166363
0
0
0
0
0.19174
0.26456
0
0.0331733
0
0
0.0242233
0
0
0.29077
0.266727
0
0.127693
0.0393933
0
0.301183
0
0
0.09586
0.08935
0
0.0116433
0.140737
0.14917
0.439003
0.1584
0
0
0
0
0.0561867
0
0
0
0.177643
0
0.1061
0
0.14069
0.192447
0.0806933
0
0.0786
0
0
0
0
0.11521
0
0.121437
0
0
0
0.210427
0
0.0504267
0
0
0
0.235327
0
0.0360933
0
0.223713
0.06119
0
0
0
0
0.216463
0.581433
0.0103633
0
0
0.07001
0
0.0792033
0
0
0
0
0.196833
0
0
0
0.20127
0
0.176833
0.1017
0
0
0.52904
0.161777
0.17402
0
0.17018
0
0
0
0.10792
0.105787
0.10853
0.03388
0.11495
0.0137367
0.03172
0
0.233883
0
0.10712
0
0.137663
0
0
0
0
0
0.17702
0
0.107987
0.170823
0.10721
0
0.0930433
0.259037
0
0.609107
0
0.0350333
0.276177
0.104987
0.116207
0.183123
0.140243
0
0.11405
0
0.157077
0
0.117617
0.32967
0.131357
0
0.155737
0.178353
0.0502
0.180783
0.263857
0.0721167
0.163323
0.03445
0
0
0.12673
0
0
0.09078
0
0.117033
0.20893
0.10184
0.0104933
0
0
0.431273
0
0
0
0.09645
0
0.27153
0
0.0276367
0
0.09333
0.1152
0.0643
0.142063
0.182833
0
0.0964367
0.143323
0.148817
0
0
0
0.285663
0
0
0
0.167257
0
0
0.6782
0.235213
0.0905667
0.06239
0
0
0
0
0.656973
0
0
0
0
0
0
0.1729
0
0.103103
0.0758
0.03684
0.08399
0
0.23315
0.120657
0
0.0461133
0
0.07754
0.166513
0.108633
0.0560167
0.136337
0.0812567
0.116857
0
0
0
0
0
0
0
0
0
0.0693
0.0757167
0
0.0637833
0
0.175803
0
0
0.249777
0
0
0
0
0
0.01165
0.102653
0.118857
0
0
0.0112833
0
0
0
0
0
0
0
0
0.15887
0
0.220103
0.244013
0.186747
0.124177
0.167793
0.232203
0.104857
0.0449933
0.06805
0.17884
0
0
0.08752
0
0.0847733
0
0
0
0.01135
0
0
0.268517
0
0
0.192433
0
0.10401
0
0
0
0
0.0923533
0.15574
0.0362133
0.04531
0.30213
0
0.127013
0
0
0
0
0
0
0.138927
0.153043
0
0.0363533
0
0
0.0514567
0
0
0
0
0
0
0
0
0
0.02078
0.07602
0
0.03108
0
0
0.0779233
0.259993
0.157183
0.15893
0.15934
0.234327
0
0
0
0.36473
0
0
0.13947
0.48244
0.232763
0
0
0
0
0.0446167
0
0.0830733
0.196237
0.10517
0
0
0.0924933
0
0.12874
0.07678
0.0422533
0
0
0
0.21717
0.42021
0.260393
0
0
0
0
0
0
0.244063
0
0.387747
0
0
0
0
0.197283
0
0
0.06631
0.18657
0.11941
0.07931
0.109257
0.09481
0.339633
0
0.198923
0.151317
0
0
0.08897
0
0
0.137483
0.01454
0
0
0.126083
0.0522433
0
0.11497
0.713237
0
0
0
0.0927767
0.14817
0.0843167
0
0
0
0.736503
0.102447
0.0661667
0.0933
0
0.04775
0.115103
0.11385
0
0
0.00905
0.0440367
0
0.0838133
0.14503
0
0.0519633
0
0
0
0
0
0.0126867
0.0935067
0
0.0131033
0.06534
0.04569
0
0
0
0
0.107173
0.0626467
0.173057
0
0
0
0
0
0
0.34161
0.40692
0
0.126537
0
0.0391567
0
0
0.104023
0
0.0169167
0.293043
0.129313
0
0.14361
0
0.01144
0
0
0
0
0.1087
0
0
0
0.05069
0.164447
0
0
0.06635
0
0
0
0
0.126653
0
0.0435167
0
0.297973
0.0350167
0.187637
0
0.13404
0
0.0315933
0
0.21752
0.08036
0
0.0793467
0
0
0
0
0.153547
0
0.206373
0.02607
0
0
0
0.141643
0
0
0
0
0.649923
0
0.255147
0.829623
0
0.104667
0.156657
0
0
0.0472667
0.481583
0
0
0
0.0173733
0.241017
0.0600567
0
0
0
0.0805633
0.0404133
0.176157
0
0
0
0
0
0.07822
0.312673
0.175983
0
0
0
0
0.224713
0
0.236057
0
0.01627
0
0.0733367
0.290013
0.0744433
0.114437
0.0964133
0.03795
0.0314167
0
0.17714
0
0.172697
0.0931333
0.0331733
0
0.346297
0
0
0.1062
0.04568
0.106053
0.238727
0
0.1208
0.120327
0.18357
0.140317
0.15582
0.20754
0.27005
0.0214167
0
0.219367
0
0
0.26247
0.10302
0
0
0
0.329087
0.484487
0.125533
0
0
0.201607
0.0297633
0
0.0695833
0.0766633
0
0.0211867
0.0484133
0.01506
0
0.125377
0
0.340667
0.20713
0.0103667
0
0
0
0
0
0.278937
0
0
0
0.03235
0.0418167
0.166747
0.216937
0.0850967
0
0.0967867
0.318017
0
0
0.0389267
0
0.10284
0.215183
0
0.370283
0.120433
0.353697
0
0
0
0.213337
0.07277
0
0
0
0
0
0.0150667
0
0.0312033
0
0.0638233
0
0
0.156647
0.03305
0.228617
0
0.0702233
0.03397
0.0304
0.0371533
0
0
0.115323
0.10304
0
0
0
0.278657
0.10545
0
0
0.0623633
0.16627
0
0
0
0
0.3231
0.117817
0.07689
0.0128033
0.254193
0.0122733
0
0
0.329097
0
0.0397633
0
0
0.06183
0.0297867
0.0106033
0
0.03305
0.27596
0
0.100713
0.22071
0.09727
0
0
0.122443
0
0
0.0390267
0
0
0
0.0641267
0.0449933
0
0
0
0
0.0713833
0.291957
0
0.166283
0.30658
0.03037
0
0
0
0
0.119857
0
0.339447
0.04314
0.0152333
0
0.10837
0
0
0.02655
0
0.120003
0
0.03833
0
0
0.19816
0.08593
0.03169
0.428607
0.151577
0.354903
0
0
0.139873
0.0771933
0
0
0
0.04181
0
0.16665
0
0
0
0
0
0.257983
0
0.191453
0
0.18201
0.382147
0.265063
0
0.10461
0.23422
0.28816
0.09076
0.102287
0.0113433
0
0.03268
0
0
0.05272
0.03268
0.0704067
0.235053
0.138557
0.0693333
0.135817
0
0.13755
0
0.0546967
0.209913
0
0
0.0353067
0.178883
0.103603
0
0.0313167
0
0
0
0.0450467
0.04843
0
0
0.158987
0
0
0.18879
0
0
0.0345767
0.421203
0.134753
0
0.03285
0.0155867
0
0.0273933
0
0
0
0.1583
0.138213
0
0
0
0.0669833
0.140133
0.151877
0.15357
0.0881067
0
0
0
0.34672
0.18729
0
0.248567
0.139967
0
0.22759
0
0.0351567
0.0572433
0.12628
0.04627
0
0.0616133
0
0
0.09682
0.07958
0
0
0.0151067
0.0806433
0.0663933
0
0.09483
0.228487
0.313577
0
0
0.04302
0
0.313787
0.178417
0
0.07134
0.23867
0.156873
0
0
0
0
0.0215733
0
0
0.15351
0
0
0
0
0.03215
0.16777
0.372507
0
0
0.17424
0
0.218127
0
0.350183
0.156133
0.169593
0
0
0.108223
0
0.608783
0
0
0.0307133
0
0
0
0.107923
0.126163
0.0463333
0
0.117997
0.21252
0
0
0.0466667
0
0.20899
0.06842
0.126093
0.115463
0
0
0
0
0
0
0
0.09538
0.0215333
0.260573
0
0
0
0
0
0
0
0
0.10828
0.05252
0.323057
0
0
0
0.0103633
0
0
0.184843
0
0.138603
0.135167
0.0827067
0.334853
0.242413
0.0342433
0
0
0
0.10482
0.0456233
0.241027
0
0.09428
0.286477
0
0
0.03129
0
0.151943
0.131323
0
0
0
0.103167
0.132757
0
0
0
0
0.02032
0.137807
0.19094
0
0
0
0
0
0
0
0.105923
0.0112167
0.14059
0
0
0.0146833
0.0413067
0
0.177313
0.06486
0.07079
0.160783
0
0.155623
0.03103
0
0.0632967
0
0
0.725397
0.13652
0.0333633
0.07197
0.134683
0
0.166247
0
0.0687933
0.24038
0.101197
0.205887
0.20784
0.0231567
0.18508
0
0.32052
0.400737
0.03121
0
0
0.0126633
0
0
0
0.0458267
0.09136
0
0.264543
0.365727
0.02437
0
0
0
0.108373
0.119867
0.0112167
0.01201
0.117157
0
0.01578
0
0
0
0.860657
0
0
0
0
0
0
0.12753
0
0.208827
0.18145
0
0.0623733
0
0.11469
0.263743
0.312597
0.0275
0.13511
0
0.391523
0
0
0.388537
0
0.16332
0.0615467
0
0
0.105823
0
0.0512
0.0481
0.0806033
0.06251
0
0.24564
0.213463
0
0
0.0107567
0
0.08097
0
0.63418
0
0.03371
0.0322133
0
0
0.101927
0
0
0
0
0.26419
0.16624
0.11505
0.178187
0.0175667
0.0964067
0.09073
0.0899367
0.02391
0.25062
0.122687
0.11584
0
0.11157
0.116663
0
0.376857
0.234673
0
0.137753
0
0
0.0536633
0.123337
0
0.115947
0
0.202247
0.0161133
0
0
0
0
0
0.0306233
0.39925
0
0
0.0350867
0.0311267
0.00905
0.0924167
0
0
0.02078
0.0926133
0
0
0
0.09085
0.0538833
0
0
0.109317
0
0.361153
0
0
0
0
0
0
0.147157
0.01203
0.873973
0.422923
0.11576
0.0639867
0.103447
0
0.04673
0.0956167
0.0438933
0.14418
0.0532167
0
0.189193
0
0
0
0.133183
0
0
0
0.0341867
0
0
0
0
0
0.107077
0
0
0
0.0974533
0
0.149337
0
0.3119
0.01024
0.0622467
0.0256733
0.15772
0.0458033
0.372553
0.140567
0.502037
0.248103
0.16305
0.132537
0.210013
0
0
0.0221167
0
0.34548
0
0.0807067
0
0.101053
0.01627
0
0
0.14175
0
0.104823
0.267963
0.184123
0
0
0.0589933
0.2897
0.27886
0
0.0708033
0.07901
0
0.141917
0.415297
0
0.01075
0.118057
0.0907967
0.0116433
0
0
0
0.126043
0
0
0.0109333
0.01581
0.137563
0.01396
0.4063
0
0.104467
0
0
0
0.01418
0
0.08378
0.0495833
0.211603
0.137963
0.05316
0
0.0901467
0.13798
0
0
0.233407
0.14212
0.105727
0
0
0
0
0
0
0.11462
0
0.0103833
0.101987
0
0.03483
0.174977
0.268967
0.24189
0
0
0
0.112743
0.373047
0.11629
0.0404367
0
0
0
0
0.165623
0.18633
0
0.0800333
0.0307433
0
0
0
0.20988
0.0475733
0.34778
0
0.0304767
0.106237
0
0.188727
0.110307
0.0622333
0.48587
0
0.05426
0.0631367
0.23486
0
0.0983967
0
0
0
0
0.03114
0
0
0.265197
0
0
0.0860367
0
0.0306967
0
0
0.151097
0.234503
0
0
0.0725067
0.191363
0
0
0
0
0
0
0
0.123273
0.0460467
0.145137
0
0
0
0
0
0
0
0.0923433
0.22546
0
0
0
0
0
0
0
0.29254
0
0.13063
0.0462533
0
0
0.09161
0
0
0
0.0216867
0
0
0.20285
0.15738
0.308603
0.43042
0.06701
0.105563
0
0.104253
0
0
0
0.327667
0
0.10568
0
0
0.69916
0.103783
0
0
0
0
0
0.225307
0
0
0
0.0698033
0
0.53142
0
0
0
0.0160967
0.08593
0.109537
0
0
0
0.0844367
0
0
0.0637433
0.118457
0.135777
0.107117
0.0447933
0
0.502733
0
0.104283
0.103793
0.25238
0.11481
0.0685267
0
0
0.150983
0
0
0.25402
0.34325
0.0909733
0.223297
0
0
0
0.24075
0.0451533
0
0
0.18608
0.483797
0.48228
0.141153
0.0319767
0
0.0325367
0
0.0450033
0.0460433
0
0.108193
0
0
0
0.03407
0
0
0.0928033
0.27782
0.0345733
0.0209933
0
0
0.139407
0
0
0
0
0
0.130507
0
0.468517
0
0.152433
0.288673
0.01727
0
0
0.0346767
0
0.338597
0.16403
0
0
0.09274
0
0.08935
0.0484167
0.22376
0.193613
0.552993
0.241463
0.14174
0
0
0.103983
0.400677
0.0476033
0.276293
0
0.131077
0.09231
0.0840567
0
0
0.0414867
0
0
0.10294
0
0.136423
0.133833
0.0475733
0.379617
0
0.0108633
0
0.216883
0
0.0856467
0
0.08309
0.232297
0
0
0.259397
0
0.0930367
0.324927
0.07
0
0
0.257567
0.26704
0
0
0.116733
0.04334
0
0
0.01735
0
0
0.0308633
0.102067
0.0522167
0
0
0
0.02608
0.0953433
0
0
0
0.0609433
0.382043
0
0.303777
0.14352
0.18319
0
0.0121267
0
0.0654167
0.0391267
0.08009
0
0.19602
0
0
0.0411533
0
0
0
0.0146833
0.0339733
0
0.202377
0
0
0.2861
0
0.211617
0.0726533
0.12796
0
0
0.24044
0
0.0296633
0.02252
0.171757
0
0
0.106453
0
0.0640167
0
0.0403467
0.288967
0
0
0
0.189083
0.314303
0.0128033
0
0
0
0
0.0114233
0.266537
0
0.02608
0
0.269713
0.22073
0.12544
0.01418
0
0
0.10113
0.0924033
0
0
0.140667
0
0.0806
0.282257
0.0840867
0.233903
0
0
0.118953
0
0.10405
0
0
0
0.08167
0.1415
0.0211367
0
0.239167
0
0
0.0113233
0.09349
0.132207
0
0
0
0
0.0813367
0.10566
0.180027
0.341063
0
0.19647
0.15473
0.23546
0
0
0.104393
0
0.0784333
0
0.400897
0.01027
0
0
0.0521367
0.333087
0
0
0.10516
0.0933567
0.01123
0
0
0.07556
0
0.201457
0.601
0.193613
0.260943
0.633487
0.0104767
0.11698
0
0.0506033
0.0809933
0.0689233
0
0.01381
0
0
0.480967
0.217173
0
0
0.14991
0.117
0.0305033
0
0.134517
0
0
0
0.06373
0.09055
0.261583
0.12055
0.617783
0
0.130003
0
0.156867
0.0430133
0.137557
0.0788033
0.0551633
0
0
0.137257
0.222763
0
0
0
0
0
0
0.10745
0.0467267
0.38649
0.10073
0.12501
0
0.0678467
0.264933
0
0
0
0.04588
0.0337733
0.248583
0.20798
0.15345
0
0
0.0137367
0
0.11067
0
0
0
0
0
0
0
0.28953
0
0.171377
0
0
0
0.21643
0.439703
0
0.07237
0.0536567
0.161633
0
0.38927
0.0938133
0.279943
0
0.0458667
0.116337
0
0.123473
0.0483333
0
0.0959567
0
0.58941
0
0.288007
0
0
0
0
0
0
0.104473
0.106277
0.30366
0.0350867
0
0
0
0
0.105707
0.0312033
0.23713
0.0312033
0
0.0934633
0
0.195573
0.02078
0.05413
0
0.100687
0.22799
0
0.0462867
0.127183
0.144293
0
0.179093
0
0
0.176687
0.07339
0
0.131243
0
0.283347
0.138663
0
0.01267
0
0
0.102887
0.32135
0
0
0
0
0
0
0
0.10266
0
0
0.210933
0.08807
0.10746
0.104443
0
0.196667
0.211723
0
0
0.384423
0
0
0.0880533
0
0.0788
0.381453
0.09914
0
0.0341167
0.13849
0.14942
0
0
0
0.0649533
0.290447
0
0
0
0
0
0.2137
0.01815
0
0
0
0.268303
0
0.00955667
0.23314
0.11055
0.0620033
0
0.30017
0.10646
0.12895
0.160773
0
0.209583
0
0.0130267
0.20644
0
0.0717767
0.2498
0.0628433
0.167983
0
0
0.222727
0
0.0470233
0.0961633
0.0819833
0.30841
0.226957
0.164983
0.0627333
0
0
0.0297167
0.129703
0
0.105513
0.0655967
0.208537
0
0.0108433
0.0710167
0
0.113717
0.13134
0
0.186897
0.0281933
0.350767
0
0
0.09633
0.115827
0
0.02032
0
0.24548
0
0
0.08371
0.195343
0.0733767
0
0.18483
0.107577
0.05915
0.0955867
0.20074
0
0
0
0.191827
0
0
0.112653
0.257263
0
0.22063
0.0653067
0
0
0.192447
0.169333
0.120973
0.324253
0.0923767
0.10475
0
0.0619033
0.04344
0
0.0458833
0.0391567
0.190847
0.02329
0.0446533
0.180623
0.201007
0.328923
0.285577
0.09419
0.151053
0
0.0928933
0.0306967
0
0.0946533
0.145913
0.172687
0.106853
0.0321767
0
0
0.59816
0.0133367
0
0.04479
0
0.147993
0
0
0.0112833
0
0
0.03093
0.0323133
0.23382
0
0
0
0.09341
0
0
0.21113
0.141797
0
0
0
0.459717
0
0
0.22106
0.129073
0
0.413983
0.0719267
0
0
0.110653
0.32363
0.421313
0
0
0.223853
0
0.0466267
0
0
0.18599
0
0
0
0
0.38189
0.0793267
0.11654
0.02996
0.0630767
0.10874
0.310093
0
0.0206767
0
0
0.292753
0
0
0.0685533
0.0976733
0.0969167
0.156387
0.280303
0
0.11634
0
0
0
0.438653
0
0.312387
0.0973467
0
0.10343
0.23358
0
0.1142
0.0460433
0.1823
0
0.04877
0
0.158517
0
0
0.246293
0.50957
0.246487
0
0
0
0
0
0.107067
0
0
0
0.25186
0
0.0234233
0.145553
0
0
0
0.26609
0
0.0320567
0.0820367
0
0.12399
0.14056
0
0.04158
0.127777
0
0.550363
0
0.12356
0
0.0481833
0
0.20036
0
0.0800733
0
0.213683
0.109163
0
0.311343
0.09859
0.103083
0.04274
0.258077
0.107653
0.219373
0.05136
0.05278
0.181447
0
0
0.0613567
0.13866
0
0.232173
0
0.210153
0
0
0.0320667
0.0451533
0
0.376097
0
0
0
0
0.3353
0
0.0979833
0
0
0.108187
0
0.16565
0.0396467
0
0
0
0
0
0
0.16553
0
0
0
0.1857
0.21534
0
0.01197
0.109317
0
0
0.09306
0.26492
0
0
0
0
0.0310767
0.24663
0
0.117637
0
0.10261
0
0.0492967
0.0556867
0
0
0.101307
0
0.10211
0.102537
0
0.252177
0
0
0
0.0816333
0.0518067
0
0
0.06754
0.20435
0
0.23346
0
0.330013
0
0.0509367
0
0
0
0.316007
0.328247
0.23259
0
0
0.173627
0.121407
0.158887
0
0.0152933
0.112093
0.06217
0
0.21645
0
0
0
0.106703
0.502423
0
0.1114
0.190647
0
0.30683
0.100887
0
0.25329
0.0737633
0.159067
0.235797
0.194967
0.145457
0.166873
0.199733
0.05397
0.33744
0.10794
0
0.1642
0
0
0
0.178247
0.0213533
0.0927567
0
0
0.0205267
0
0.106403
0.12665
0.13136
0
0.09336
0.1317
0.323553
0
0
0.2223
0.124173
0.134063
0
0
0
0
0.501563
0
0.118027
0
0.0771533
0
0
0.171473
0.1309
0
0.01069
0.01311
0.23192
0.08456
0
0.365373
0.0294733
0.28875
0.235133
0.296023
0.140797
0
0.106357
0
0
0.116833
0
0
0.03495
0.266007
0.164017
0.27528
0.215167
0.142557
0
0.11992
0.519377
0
0.0670167
0.16694
0
0.0239767
0.20467
0
0
0
0
0
0
0
0.364613
0
0.468217
0.195483
0.0343733
0.103503
0.02356
0.272907
0
0
0.0935333
0.0410767
0.352183
0
0.124057
0.244963
0
0
0
0
0.186443
0.0899833
0.0831233
0.101203
0
0
0
0
0.0231267
0.0849533
0.0927433
0.232703
0
0
0.147543
0
0
0
0.12153
0
0.160317
0.276987
0.01197
0
0.1972
0.0152833
0
0.0948333
0.0604933
0.0951067
0
0.0468
0
0.0250233
0.0337
0.0209333
0
0.11036
0
0.0395133
0.0150133
0
0.325333
0.08068
0
0.0626
0.277443
0
0.0926167
0.13985
0
0.247617
0.0352633
0
0
0
0
0
0
0.243863
0
0
0
0
0.429347
0.236477
0.210973
0
0.126413
0
0.11425
0.0889067
0
0
0.35079
0.0337567
0
0.165513
0.0601933
0
0.0638667
0
0.276613
0.28929
0.0718967
0.0521567
0.11158
0
0
0.294397
0.11327
0.0932467
0.498723
0
0
0.14359
0.08047
0
0
0
0.12246
0
0.0351567
0
0.21512
0
0.122003
0
0.07402
0.13932
0.10143
0
0.0616633
0.20987
0.208433
0.70518
0.116063
0.04519
0
0
0.0148667
0
0
0
0.133837
0.190097
0.0448667
0
0.104983
0
0.0623667
0
0.0309367
0
0.102283
0
0
0.115
0.0386867
0
0.0979933
0
0.18516
0.17379
0.0108433
0
0
0.23173
0.2118
0
0.290483
0.10761
0
0.0146833
0
0
0
0
0.0451233
0.018
0.142323
0
0.10481
0.150507
0.0984667
0.03426
0.04107
0.0122033
0.362517
0.10457
0
0
0.19166
0
0.0125
0.04407
0.116563
0.125457
0
0.09346
0.0739367
0.1034
0.13778
0.01797
0
0
0
0.208817
0
0
0.106587
0
0
0.119773
0
0.121273
0.288173
0
0.15921
0.01079
0.09631
0.09471
0
0.0826533
0.0103667
0.06964
0.14088
0
0
0
0.0937567
0
0
0.0447967
0
0.0122733
0.165487
0.03603
0
0.14209
0.0122033
0.0648233
0.03363
0.0717133
0
0
0.22593
0.08278
0
0.03305
0.0930567
0
0
0.174187
0.0104133
0.0551033
0
0.25776
0.09675
0.0118933
0.351967
0
0.0795733
0.0542533
0.0522167
0
0
0.367137
0.12305
0.106657
0.0128133
0.04329
0.50127
0.261907
0.09468
0.0397167
0.522683
0.102897
0
0
0
0.215303
0.0866733
0
0.0583167
0
0.122583
0.0924667
0.0648267
0
0
0
0
0.0108633
0.0694833
0.0634633
0.521277
0
0.210043
0.130043
0
0.138753
0.0920733
0
0.11615
0
0.305927
0.48833
0
0.08234
0
0
0.194777
0
0.10332
0
0.186427
0.252953
0.01127
0.3924
0.10817
0.50376
0
0.106503
0.182653
0.13339
0.0973767
0.348427
0
0.0975533
0.01287
0
0
0.249803
0.46295
0
0.0507667
0
0
0.0925467
0.165487
0
0.02356
0.0647233
0.157123
0
0
0.19042
0.139443
0
0.0526167
0.279297
0.1081
0.0738367
0
0
0
0
0
0
0
0.0983167
0.125383
0.184953
0.402027
0.322507
0.0255567
0
0.480997
0
0.381413
0.0452933
0
0.269607
0.0528167
0
0
0.0979033
0.08276
0.0109333
0
0.0770667
0.12934
0
0.04867
0.104997
0.165693
0
0
0
0.28668
0.0458033
0.0803833
0
0.0553733
0.08686
0
0.11969
0
0
0.12736
0
0.207723
0.0642967
0
0.227447
0
0
0.159273
0.499217
0
0.0688667
0.0758733
0
0.13855
0
0
0.254533
0
0
0.125037
0
0.097
0
0
0
0.02213
0
0.0652067
0
0
0.0796233
0.299087
0.16508
0
0.162797
0.288277
0.241903
0.06691
0
0.157243
0.11375
0.0347567
0.0108667
0.2518
0.08054
0.02632
0
0.0112333
0.110477
0.06889
0
0.10893
0
0.212807
0.10742
0.185357
0
0.42562
0.47892
0
0.0922633
0.281853
0.10418
0.21963
0
0
0
0
0
0
0.138367
0
0.0786633
0.06329
0.09409
0.13905
0.04581
0.0963233
0
0.114693
0
0
0
0.19594
0
0.12919
0
0
0.0485667
0.169073
0.0544433
0.287487
0.287393
0
0.16395
0.10061
0
0.0150133
0
0
0
0
0.108437
0
0.272123
0.14138
0
0.0114233
0
0.0941567
0.0470167
0
0
0
0.39106
0.188423
0.354037
0.0561133
0
0.14824
0.249873
0
0.08221
0.296733
0.0769567
0.132887
0
0.262193
0
0.134107
0.03544
0
0
0.05925
0
0.0888
0.0838033
0
0.03603
0
0
0.149257
0.466763
0.03328
0.0441133
0.52054
0.0461633
0
0.04041
0
0
0.378993
0
0
0.19571
0
0.07678
0
0.143733
0
0
0
0.09985
0.0160967
0
0
0
0
0.810867
0
0
0.03442
0.0912067
0.601903
0.232067
0
0
0.0690067
0.1778
0.100613
0.12448
0.26403
0
0.0103667
0
0
0
0.01506
0.283557
0
0.181637
0.0389267
0.119163
0.23742
0
0.158753
0.260427
0.114587
0.0289733
0
0.267853
0
0
0.110583
0
0
0.10129
0
0.158563
0.112347
0
0
0.359503
0.275597
0
0.113157
0.10477
0.08042
0.1086
0.3474
0
0.436033
0.05372
0
0.108067
0
0.0355067
0.100793
0.04102
0
0.66854
0.0428133
0.10457
0
0
0
0.151177
0.65645
0.157113
0
0
0.0126633
0
0
0.270227
0.095
0.388087
0
0
0
0.211823
0
0
0.220927
0
0.018
0
0.195923
0
0
0
0.18742
0.117677
0.0682967
0.0215333
0
0.06607
0
0
0
0
0
0.12159
0.105567
0
0.0503433
0.0957533
0
0
0.0125
0
0.200217
0
0
0.309703
0.04822
0.0946433
0.19413
0
0
0
0
0
0.09278
0
0
0.1332
0
