0.409557
0.17816
0
0
0
0.20862
0.553827
0.0974833
0.70399
0
0
0.0689
0
0
0
0
0
0
0
0
0
0
0
0
0
0
0
0.0445467
0
0
0
0
0
0
0
0
0
0
0
0
0
0.0127067
0
0
0
0
0
0
0
0
0
0
0.00636
0
0
0
0
0
0
0
0
0
0
0
0
0
0
0
0
0
0
0
0
0
0
0
0
0
0
0
0
0
0
0
0
0
0
0
0
0
0
0
0
0
0
0
0
0
0
0
0
0
0
0
0
0
0
0
0
0
0
0
0
0
0
0
0
0
0
0
0
0
0.0382067
0
0
0
0
0
0
0
0
0
0
0
0
0
0
0
0
0
0
0
0
0
0
0
0.128723
0
0
0
0
0
0
0
0
0
0
0
0
0
0
0
0
0
0
0
0
0
0
0
0
0
0
0
0
0
0
0
0
0
0
0
0
0
0
0
0
0
0
0
0
0
0
0
0
0
0
0
0
0
0
0
0
0
0
0
0
0
0
0
0
0
0.474823
0.25326
0
0
0
0
0
0
0.10941
0.382343
0.52155
0.431453
0
0
0
0
0
0
0.0951833
0.402293
0.211847
0.13522
0.21454
0
0
0.14812
0
0
0.08572
0.0683467
0
0
0.490353
0
0
0.10929
0
0
0
0
0
0
0
0.0191033
0
0.103667
0
0
0.425213
0.285287
0
0
0
0.169713
0
0
0
0
0.0318567
0.498233
0.502843
0.03179
0.0891767
0.468527
0.161403
0.208933
0.129473
0
0
0.00635
0.17745
0
0
0.481713
0.495893
0.511847
0.511987
0.269477
0.171987
0.188807
0.18813
0
0
0
0
0
0
0
0.109383
0.0364833
0
0
0
0.0431233
0.0431233
0.19198
0.156257
0
0
0
0
0
0.0381233
0.107843
0.155937
0.431453
0.49573
0.498793
0.45415
0.0222367
0.46466
0.12091
0.36996
0
0
0
0
0
0.45615
0.504823
0.20902
0.33947
0.0702667
0.289547
0.08637
0
0
0
0
0
0
0
0
0
0.0789533
0.13523
0.33703
0.51652
0.516093
0.0951233
0
0.513673
0.0801
0
0
0
0
0
0
0
0.16738
0.0292167
0.166943
0.23259
0.477617
0.222213
0.249903
0.211087
0.27768
0.169137
0
0
0
0.0217533
0.515413
0.33244
0.0374333
0
0.17556
0
0
0
0
0.00635
0.0744067
0
0
0
0
0.135117
0.443857
0.12422
0.424723
0.00723333
0
0
0.00554667
0
0
0
0
0
0
0.03798
0
0
0
0
0.18134
0
0
0
0
0
0
0
0
0.39779
0.117507
0.503083
0
0.21482
0
0.18811
0.169433
0
0
0
0
0.5144
0.129453
0.516703
0
0
0.0393467
0
0
0.0115733
0
0.341477
0
0
0.31259
0.12696
0.460923
0.134493
0
0
0
0
0.0920067
0
0
0.244483
0.0729633
0
0.122107
0.277423
0.198803
0.180223
0.11507
0.0440567
0
0
0
0
0
0
0.0687267
0
0.514083
0.08816
0
0.250257
0.39596
0
0
0
0
0.27131
0.4119
0.14738
0.223133
0.175887
0.201683
0.196473
0
0
0
0
0
0.3286
0
0.497297
0.02902
0
0
0.0448867
0
0
0
0.108127
0.11249
0.0570033
0.14867
0.333763
0.0645833
0.134467
0
0
0
0
0.0480533
0
0.235187
0.354233
0.0944067
0.0413167
0.196637
0.468947
0.243853
0
0
0.0686967
0.31798
0.103073
0.08048
0
0
0.13463
0.3873
0.10426
0.0719367
0
0
0
0
0
0.0535633
0.219423
0.21138
0.32651
0.10403
0.324933
0
0
0
0
0
0.10934
0.274427
0.04446
0
0
0.42932
0.390797
0.05967
0.00729667
0.07994
0.1944
0
0.00553
0.0509167
0
0
0
0.136143
0
0
0
0
0.05073
0
0.0916467
0
0.307853
0
0.0941267
0.211197
0.0494667
0.08833
0.02805
0.190167
0.06561
0.04501
0.0487633
0
0
0
0
0.0579867
0.158163
0
0.0122467
0.20148
0
0
0.159493
0.227243
0.103723
0
0.395077
0.216783
0
0
0
0
0
0.523917
0.474067
0
0.161187
0
0
0.14977
0.228343
0.22981
0
0.248993
0
0
0
0
0
0
0
0
0
0.121373
0.13224
0.395947
0
0
0.0507833
0.0506933
0
0
0
0
0
0
0
0.09674
0.254633
0
0.08707
0.00641
0.310553
0
0.37373
0.00699
0
0
0.0111233
0
0
0
0
0
0.503347
0
0.102497
0.0598467
0.02573
0.0420767
0.385303
0.1525
0
0
0
0.00553
0
0
0
0
0.51463
0.238513
0.168833
0.102257
0
0
0
0
0.12999
0.133443
0
0
0
0.10937
0
0
0
0.0381233
0.17924
0.0424867
0
0
0
0
0.23287
0
0.343967
0.362147
0.03361
0.12836
0.108477
0.0785
0
0
0
0.03327
0.0862967
0
0
0
0.299107
0
0.06158
0
0.215447
0.12109
0.249303
0
0
0
0
0.122243
0.84029
0.931347
0.38686
0.207273
0.18855
0.0222233
0
0
0
0.103643
0
0
0
0
0.450663
0.178347
0.01425
0.0210067
0.130747
0.0444067
0
0
0
0
0
0.0254433
0.383383
0.299543
0
0
0
0.0604733
0.38028
0.41056
0
0.395997
0.0633667
0.0537833
0.10796
0.135063
0.24974
0.150233
0
0
0.262723
0
0
0
0
0
0
0
0.512513
0.04095
0.499163
0.13487
0.229867
0
0.194813
0
0
0
0.0742833
0
0.370623
0.0689833
0.102533
0.0686533
0.0862967
0
0.0882467
0.190423
0.0955733
0
0.118147
0.06011
0
0
0
0
0
0.0954967
0.246767
0.145347
0.188053
0.0444067
0.187717
0.0502767
0
0
0
0
0
0.04803
0
0
0
0.867983
0.818973
0.757637
0.0946933
0.797587
0.6413
0
0.09005
0.184227
0.0684367
0.18772
0
0.111007
0
0
0.174987
0.0728533
0.147023
0
0
0
0.194207
0
0
0
0.34141
0
0
0
0.852727
0.627043
0
0.79562
0.341943
0.0225733
0.140747
0.10881
0
0.221727
0
0
0
0
0
0
0
0.804427
0.83073
0.270153
0.0923233
0.0146333
0.830793
0.00757
0.268677
0
0
0
0
0.02346
0.0466967
0.34317
0.07205
0.14562
0.05026
0
0
0
0
0
0
0
0
0
0.741017
0.31705
0.105343
0.722993
0.654363
0.0784667
0.590143
0.646053
0.0876767
0.0598333
0.45956
0
0.0692067
0.33925
0
0.115197
0.16179
0.07262
0.152843
0.230807
0.09086
0
0
0
0
0
0
0
0
0
0.06868
0.727513
0.04538
0.917073
0.09946
0.12216
0.314327
0.0224767
0.13627
0
0.388223
0
0.17272
0.1878
0.24319
0.135323
0.05297
0.246473
0.05334
0.154497
0.16508
0.02787
0
0
0.266453
0.115807
0.01735
0.148637
0
0
0
0
0.0380667
0.79933
0.85048
0.0220133
0
0
0.112427
0.00771667
0.0801367
0.04372
0.803677
0.577487
0.254943
0
0.230993
0.106977
0.216573
0.3009
0.0510567
0.00699
0.23555
0.24287
0.1711
0.128253
0.20915
0.176093
0.186793
0.0428467
0.07922
0.150287
0
0
0
0
0
0
0
0
0.0820967
0
0
0.0671333
0.552687
0.176987
0.347213
0.306357
0.0434167
0.476473
0.178123
0.03048
0.391663
0.20561
0.52426
0.274067
0.0646233
0.249263
0.13575
0.0523433
0
0.32951
0.184107
0.170973
0.0531333
0.00613667
0
0
0
0
0
0
0.222217
0
0
0.08055
0.40958
0.299137
0.339323
0
0.493553
0.79893
0.785257
0.0690333
0.0455967
0.141077
0.136897
0.0749567
0.0392167
0.352527
0
0.135567
0.261243
0.246477
0.0531467
0
0.00641
0
0
0
0
0
0
0.34404
0.12886
0.317347
0.133053
0.23793
0
0.25347
0.04232
0.191567
0
0.179863
0.0717367
0
0
0
0
0
0
0.0780867
0.895763
0.82216
0.74483
0.403867
0.548007
0.36723
0.10234
0.191647
0.18621
0.0281267
0.205927
0.27198
0
0.111487
0.134747
0.165813
0
0
0
0
0
0
0.14138
0.0115567
0
0
0.641513
0.107703
0.0995533
0.00708667
0.211843
0.34342
0.31119
0.29409
0.26454
0.377407
0.229747
0.0903433
0.0211667
0
0
0.144767
0.0622433
0
0
0
0
0.05368
0.0793767
0
0.118327
0.163197
0.01986
0.03811
0.395783
0
0.09851
0.0519933
0.0516633
0.00652667
0
0.329057
0.04023
0.157327
0
0
0
0
0
0
0.03808
0
0.06764
0.100793
0.30683
0.3416
0.0863
0
0
0
0.15082
0
0
0.0244467
0.0293133
0
0
0
0
0
0
0.0508067
0
0.840077
0
0.737227
0.5568
0
0.183067
0.44151
0.660097
0.0751167
0.0656533
0.14443
0.23283
0.30092
0.455833
0
0.144087
0
0
0
0
0.0926
0.323607
0.151853
0.07237
0
0.8619
0.0951167
0
0.29904
0.07551
0.0462
0.108397
0.136107
0
0.0520167
0.152293
0.223513
0.196327
0.230087
0.201463
0
0.152027
0.250997
0.05283
0.0546767
0
0
0
0
0
0
0.339383
0.495897
0.0366467
0.113517
0.1897
0.260363
0.0752967
0.158467
0
0.123883
0.0530367
0.0537833
0.0726767
0.0908567
0
0
0
0
0
0
0.342077
0.0830033
0.0601367
0.324827
0.03005
0.0245567
0.111957
0
0.365153
0.18089
0.0142767
0.23457
0
0.15196
0
0
0
0
0
0
0.0926
0.270273
0.860847
0
0.0531
0.152297
0.38408
0.277253
0.40402
0.260947
0.239827
0.15296
0.135093
0
0.0123
0.12498
0.09386
0.135787
0.0529867
0
0
0
0.386793
0.22109
0
0.216103
0.0709767
0.119767
0.134087
0.0117733
0
0.13601
0.05328
0.05324
0.0842133
0
0
0.0112333
0
0
0
0
0
0.197717
0
0
0
0
0
0.82595
0.15405
0.48369
0.246253
0.0689267
0.262707
0.0281267
0.08558
0.12343
0.225923
0.0630733
0.15276
0
0.221423
0.19049
0.0385233
0.05163
0.13599
0
0
0
0.214987
0
0
0
0.240247
0.239673
0.559127
0.0457233
0.736873
0.108087
0
0
0.0536633
0
0.0533167
0.0533867
0.00561333
0
0
0.367593
0.0879367
0.0150367
0.28169
0
0.0530867
0.143093
0.218277
0
0.2817
0
0.0875933
0.0212
0.236677
0.187997
0.0588833
0
0
0.0176133
0.0546933
0.168193
0.0515633
0
0
0.0281267
0.00553
0
0.05014
0
0
0.432993
0.28022
0
0
0
0
0
0.15465
0.275897
0
0.41993
0.651477
0.34339
0.34471
0.23273
0.294423
0.134867
0.208967
0.18013
0.14105
0.0781633
0.0409833
0.170053
0.0489867
0.0176133
0.05428
0.0910167
0
0
0
0.254467
0
0.175597
0
0.67521
0.05911
0.0754267
0.57786
0
0.181017
0.0527867
0.177323
0.19112
0.0606667
0.0489967
0.02572
0.608727
0.34637
0
0.197803
0.0530033
0.235763
0.0181533
0.03067
0.0292933
0.11095
0
0
0
0.0687667
0
0.793527
0.234123
0
0.0449933
0.22393
0.0611733
0.08935
0.06871
0.321987
0.51444
0.38573
0.0245467
0.24275
0.175017
0
0.05106
0.159637
0.0581833
0.0531733
0
0
0
0
0.237977
0
0
0.0697567
0.17183
0.0687233
0.373553
0.0531467
0.295053
0.105547
0.0866433
0.04249
0
0.524057
0.19731
0.0739667
0.0513
0.142633
0
0.0524567
0.00554667
0
0
0.135097
0.0347067
0
0.317137
0.26656
0.180297
0.0528567
0.0152767
0.05381
0
0.0454
0.0219133
0.287177
0.395023
0.217163
0
0.187937
0.00646667
0.457193
0.390723
0
0.14824
0.252857
0.168393
0.10685
0.0536867
0
0
0
0
0
0
0
0
0.57883
0.37378
0
0.32568
0.39519
0.0871267
0.00557667
0.107237
0.41783
0.0118067
0.00613667
0.112587
0.0353333
0.05622
0
0.0509367
0.0444567
0.00562
0
0
0
0
0
0.0441367
0.114263
0.0587767
0.219077
0.0382767
0.0662667
0.1426
0.07083
0.0310133
0.0501167
0.265083
0
0.0212
0.416873
0.0192533
0.329663
0.229673
0.125283
0.26367
0
0.0487767
0
0
0
0.04905
0
0
0
0
0.26969
0.00629667
0
0
0.10454
0.0815533
0.29727
0.364007
0
0.188517
0.11838
0.0702767
0.0227167
0
0
0.0117333
0.0504467
0
0
0
0
0
0
0.371073
0.0219167
0
0.254603
0.0692867
0.0135867
0
0.41192
0.285193
0.396967
0
0
0
0.20167
0.133717
0.12766
0.05351
0.11045
0
0
0
0
0
0.30238
0
0
0
0.217107
0.0292967
0.48355
0
0.591363
0.39973
0.415927
0.35648
0.32659
0.202257
0.216413
0.0601067
0
0.23889
0.326267
0.36505
0.05047
0
0.0492
0.44213
0.199053
0.139983
0.188333
0.15283
0.124497
0.0546033
0.248787
0.194903
0.05468
0.07992
0
0
0
0
0.17491
0
0
0
0.205937
0.16768
0.273507
0
0.412837
0.03012
0.0382967
0.22945
0.374163
0.36794
0.0149333
0
0.0548
0
0
0
0.218383
0.0528733
0.0408967
0
0.2936
0.05273
0
0.0351733
0.0535467
0
0
0
0
0
0
0
0.0382167
0
0
0
0.0432267
0.83486
0.198863
0
0.0604767
0.02224
0.13567
0.18581
0.00613667
0
0.194207
0.135473
0.0678
0.0714933
0.0832467
0
0.0183033
0.05294
0
0.0654667
0.0280467
0
0
0
0
0
0.0190067
0
0.0607033
0
0
0
0.178223
0.143217
0.218423
0.533893
0.203723
0.128783
0.0162033
0.580423
0.440083
0.0229933
0
0
0.19514
0.29173
0
0
0.0364633
0.152117
0.231797
0.08856
0.0367
0.156667
0.06361
0.05079
0
0
0
0
0
0.382307
0.360947
0.73995
0.105167
0.3303
0.176607
0.0607833
0.726077
0.02274
0.669563
0
0.13586
0.203803
0.0670267
0.29386
0.136693
0.03624
0.0580667
0.33485
0
0
0.05464
0
0.0544067
0.24918
0.05325
0.138497
0.04876
0
0
0.0173567
0
0.02191
0.3216
0.01502
0
0.08
0.395047
0
0
0.04313
0.170547
0.396287
0
0.0364633
0.19065
0.10565
0.185887
0.0531633
0.181437
0.18424
0.0117333
0
0.0502367
0
0
0
0.10946
0
0
0.03739
0.337467
0.165267
0
0
0
0.30731
0.210893
0.0684333
0.0365333
0.170873
0.380637
0
0
0.208427
0.167573
0
0.0549933
0
0.334827
0.0357267
0.0449333
0
0
0
0
0
0
0.201867
0
0.37108
0.0736367
0.314327
0.1587
0.19555
0.23547
0.138177
0.0350667
0.0169033
0
0
0
0
0.0288967
0
0.162907
0.262523
0.13013
0.181263
0.115263
0
0
0.242787
0.38086
0.22984
0.272293
0.454537
0
0.282107
0.185783
0.375887
0.1245
0.05303
0.0525867
0.0533233
0
0
0
0
0.424323
0.21528
0
0
0.433653
0
0
0.731823
0
0
0.22682
0
0.0739933
0.00654
0.25796
0
0
0
0.18612
0
0.364883
0.0526767
0.0879967
0
0
0
0
0
0
0
0
0.331607
0
0.722697
0.04574
0
0.31025
0.0263633
0
0.0388967
0.04054
0
0.0765533
0.00699
0
0.205467
0.331163
0
0.0839433
0.00564333
0.17324
0.0814867
0
0
0
0
0
0
0
0.38199
0.11699
0.779847
0.229723
0.32155
0.35119
0.217137
0.10572
0.628083
0.335283
0.167763
0.29433
0.45849
0
0
0.152037
0
0
0.04439
0.17375
0
0
0
0.34438
0.0569867
0.0432267
0
0.188243
0.127957
0
0.413
0.0914633
0.06036
0.0510367
0.0609633
0.18982
0.135177
0.121063
0.38799
0.40053
0.00587333
0.208613
0.105457
0
0
0
0
0
0
0
0
0.1752
0
0.114853
0.60888
0
0.165663
0.281457
0.188587
0.03276
0.05253
0.311817
0.05216
0
0.0385233
0.334523
0
0
0.185963
0.0535167
0.0337733
0
0
0
0
0
0
0
0.0299333
0.352977
0.06893
0.224007
0.540227
0.512767
0.19108
0
0.06696
0
0.28754
0.125587
0.269353
0
0.0547267
0.17703
0.334597
0
0.00588
0.0256533
0
0
0
0
0
0.0473967
0.08876
0.2071
0.431467
0
0.407243
0.0135867
0.14542
0.0877867
0
0.2443
0
0.384203
0.312683
0.01756
0
0.05501
0
0
0
0.15349
0
0.06204
0.00757
0.0338967
0.238007
0.394743
0.623
0
0.585247
0
0.0917533
0
0.376903
0.0411933
0
0.248917
0
0
0.05314
0.19766
0
0.0465433
0
0
0
0
0
0
0.727527
0.856673
0.35938
0.214763
0.13879
0.08623
0.02192
0.39617
0.397747
0
0.35951
0.522927
0.213907
0.33574
0.243457
0
0
0.0335633
0.10857
0.0867767
0.0295267
0
0.174823
0
0.01688
0
0
0
0.24199
0.321847
0.12576
0.226653
0.0142833
0.108097
0.11789
0
0
0.06356
0.386827
0.395803
0
0.32972
0.349427
0.0147433
0
0.14757
0
0.2548
0.218853
0.0567433
0.38127
0.0516533
0.0513133
0.06888
0.178663
0
0
0.0165967
0.04723
0
0
0
0
0.00627667
0.746513
0.22853
0.0723833
0.151093
0.10889
0.250403
0.04589
0.0430567
0.22562
0.218017
0
0.0875167
0.0596833
0.134193
0
0.256103
0
0.32844
0
0
0.0506967
0
0
0
0
0
0
0
0
0.14295
0.0544867
0.55853
0.104833
0.331243
0
0.161317
0.238067
0
0.00751667
0.187783
0.0304267
0.435387
0.351693
0.133457
0.25465
0.0261967
0.04227
0.20438
0.07166
0.0886967
0
0
0
0.0531033
0.0519333
0.0176833
0.0391833
0
0
0
0
0
0
0
0.748557
0.454667
0
0.0232
0.06148
0.114437
0.09422
0.04318
0.00654
0.113153
0.354483
0.153523
0.33459
0
0.05158
0
0.365137
0.0306967
0.0534567
0.05479
0.100053
0
0.0338733
0.02792
0
0
0
0
0
0
0.49099
0.0204733
0
0.12637
0.28235
0.510947
0.0406533
0
0.20469
0.239813
0.275533
0.25316
0.0417867
0.333703
0.0514033
0.0681833
0.0530033
0.0573033
0.128567
0
0
0
0
0
0
0
0.185333
0.128753
0
0.125153
0.234773
0.388483
0.183503
0.167083
0
0.167147
0.0380167
0
0.396433
0.0741933
0.192797
0.0130667
0.27572
0
0.506713
0
0
0.00646667
0.0653767
0.195893
0
0.27366
0.0642133
0.10851
0.0549833
0.0510433
0
0
0
0
0
0
0
0.0647533
0.232423
0.128743
0
0
0
0.33237
0.0599567
0.0146067
0
0.0150367
0.100037
0.292293
0.395363
0.46006
0.0518067
0.34646
0.0571167
0.120383
0.07758
0
0.104177
0.238043
0.0518467
0.0713433
0.0754567
0.05085
0
0.07399
0
0
0.00561333
0
0
0
0
0
0.08597
0
0.06957
0.304623
0.261597
0.01619
0.254277
0.08966
0.0986333
0.35061
0.10149
0.394103
0.49108
0.281983
0.119647
0.03564
0.0934533
0.0451233
0
0.216073
0.0527133
0.0351133
0.05095
0.0504533
0
0
0
0
0
0
0
0
0
0
0
0
0.0584367
0.32127
0
0.08176
0.06674
0.05849
0.251107
0.0216833
0.157947
0.284593
0
0
0.27107
0.245703
0
0.14508
0.501567
0.1936
0.336363
0
0.0914367
0.05159
0.14591
0.08921
0.115823
0
0
0
0
0
0.89608
0
0.33113
0
0.198493
0.175627
0.418647
0.0692633
0.0611233
0.0567367
0.0935433
0.34696
0.0522767
0.610593
0.34639
0.33386
0.141167
0.205393
0.13453
0.0504033
0.0998267
0.0906267
0
0.0931967
0
0
0
0.2615
0
0
0.908663
0.02201
0.0668733
0.0695567
0
0.02039
0.12632
0.139723
0
0.36463
0
0.20242
0.35411
0.04481
0.3361
0.00737333
0.15881
0.176477
0
0.0509133
0.0447667
0.0509367
0
0.0505
0
0
0
0
0.31015
0
0.190307
0.0228733
0
0.27447
0.306827
0
0.247897
0.365223
0.26497
0.395557
0.387823
0.373457
0.24288
0.0507033
0.31578
0.33343
0.226153
0.196787
0.0542733
0.0511333
0.12779
0.0973533
0.0539133
0.0542633
0.0532933
0
0.05132
0
0
0
0
0.423873
0
0
0
0
0.37858
0.151937
0.25789
0.289553
0.527413
0.177673
0.0464867
0
0.0965167
0.371667
0.257507
0.103393
0.20365
0.177633
0.41232
0.0877867
0
0.217527
0.158893
0.11206
0.62575
0.263757
0.0513133
0.40913
0.174493
0.0819333
0.0117733
0.0344333
0
0
0
0
0.666443
0.0203933
0.51953
0.0809667
0
0.0431233
0
0.29821
0.254257
0.0260133
0
0.05468
0.0505133
0.0528367
0.02839
0
0
0
0.0473867
0.345657
0.225763
0.31766
0.03195
0.321313
0.317577
0.483457
0.0187467
0.321927
0.165543
0.40221
0
0
0
0.0426833
0.0162033
0.359627
0.350743
0.385933
0.134907
0
0.186043
0.286277
0.513243
0.252787
0
0
0
0
0
0.00562
0
0.0183967
0
0
0.0649
0.125897
0.19006
0.103013
0.538493
0
0.00705667
0.25185
0.0948967
0.320747
0.08652
0.1055
0.129487
0.573393
0.400063
0.23171
0.33661
0.219073
0.265473
0.05094
0.0143133
0.12882
0
0
0
0
0
0
0
0.111213
0.0152433
0.243323
0.321613
0.331637
0.18771
0.06931
0.14803
0.57193
0.397523
0.579677
0.380347
0.380107
0.06973
0.01681
0.05344
0
0
0
0
0
0.0112067
0
0
0.0115567
0.52265
0
0.03811
0.125483
0.0835167
0
0
0.03032
0.418917
0.321093
0.280367
0.140147
0.192617
0.130693
0
0
0.387077
0.330937
0.0541567
0.0650667
0.34941
0.0530767
0.239443
0.41505
0.1218
0.0510567
0.0142767
0.0510133
0
0.01118
0
0
0
0
0
0
0.24836
0
0.220363
0
0
0
0.0696433
0.430533
0.33801
0.13243
0.22574
0
0
0.372227
0.00627667
0.01495
0.465207
0.362717
0.366483
0.114497
0.28792
0.359977
0.413497
0.36619
0.20829
0.0504267
0
0.0514
0.0512067
0
0
0.0527033
0
0.0543933
0
0.00555
0
0
0.314463
0.45122
0.276197
0.320813
0.3222
0.0152767
0
0.0151567
0
0.36426
0.430603
0.01498
0.331033
0
0.242707
0.02023
0.0651
0.414653
0
0.06226
0
0
0
0
0
0
0
0.0353033
0.284773
0
0
0.89349
0.154547
0
0.32094
0.0904867
0.138807
0.328187
0.130553
0.178703
0.264537
0.0222767
0.09953
0.3959
0.23664
0
0.142957
0.40217
0.0864733
0
0.0224433
0.433977
0.28216
0.193987
0.317703
0.358353
0.319817
0
0.359517
0.03175
0.05082
0.0510267
0.00564333
0
0
0
0
0
0
0
0.84709
0
0
0.227087
0.0644067
0.14017
0.320617
0.07172
0.251643
0.0146333
0.18509
0.00791
0.32285
0.440083
0.231647
0.329227
0.0917967
0.12588
0.0409567
0.204763
0.0430567
0.0374233
0.2825
0.64424
0
0.05081
0
0.605753
0.319317
0.134233
0.32252
0.584207
0
0.1337
0.23293
0
0.152537
0.334767
0.07244
0.113213
0.00587333
0
0
0
0.35466
0.26702
0
0.03024
0
0.315887
0
0.0304833
0.12583
0.0919733
0.0665367
0.81556
0
0.238657
0.21839
0.03868
0.0418833
0
0.200537
0.388313
0.0882967
0.0504867
0
0
0.1789
0
0
0
0
0.0566433
0
0.06891
0.0237467
0.394827
0
0.33833
0
0.0659333
0.262597
0.0905033
0
0.232317
0.174323
0.0837
0.48142
0.236077
0.0435933
0.27971
0
0.00737333
0.36489
0.32373
0.0935267
0.05073
0.0515167
0.0390333
0
0
0
0
0
0.34399
0.320693
0.0232
0.125423
0.04644
0.320593
0
0.0477433
0.0328433
0.32399
0.264727
0
0.139487
0.257443
0.385837
0.291787
0
0.415603
0.0235433
0.205423
0
0.25489
0.160587
0.0530833
0
0.102483
0
0
0
0
0.28848
0
0.10577
0
0
0.28136
0.13869
0.310973
0.29994
0.33785
0
0.129617
0.10696
0.322297
0.0688367
0.216397
0.35436
0.287413
0.230237
0.381147
0.3592
0.391117
0.411013
0.0670667
0.42763
0.334873
0.02023
0.3589
0.35593
0.341143
0.05276
0
0.0674933
0.05038
0
0
0.122093
0
0
0
0
0.554473
0.77966
0.27041
0.126423
0
0.116673
0.66053
0.0238267
0
0
0.0452033
0.183887
0.3834
0.0438367
0.270713
0.2332
0.0447467
0
0.0460567
0
0.408863
0.09528
0.230977
0.0451867
0.0528167
0
0
0
0.116667
0.406797
0.401543
0.390277
0.209787
0.634367
0.352037
0.349363
0
0
0.160087
0
0.121367
0.177123
0.13365
0.273793
0
0.265843
0.248823
0.398217
0.231633
0
0.387693
0.38645
0.00558667
0
0.0511367
0
0
0.05382
0
0
0
0
0
0
0.237737
0
0
0.0600867
0.321243
0.34148
0.282987
0.01516
0.251007
0.305237
0.252217
0
0.139697
0.154617
0.09414
0.293337
0.464207
0.25447
0.0151067
0.0504733
0.0538133
0
0
0
0
0
0.0120433
0
0.100403
0
0.0134367
0.0740967
0.126593
0.18087
0
0.11564
0.241667
0.24929
0.05577
0.332113
0.338153
0.337897
0.01313
0
0.11847
0.269993
0.29029
0.307093
0.345463
0.04457
0.409467
0.28708
0.333267
0.0513733
0
0.0526933
0.127417
0
0.0511967
0
0
0
0.0712267
0.253823
0
0
0
0.309147
0.22833
0.323303
0.0930433
0
0
0.0225167
0.33136
0
0.06705
0.25054
0.0683233
0.325493
0.0202633
0.0388
0.167887
0
0
0.255803
0.409553
0.370913
0.64303
0
0
0
0.02385
0
0.02804
0.00554667
0
0
0
0
0.0843367
0.341383
0
0.0115733
0.107513
0.15464
0.48598
0.359003
0.135853
0.367237
0.185083
0.314157
0.00782
0.20795
0.258063
0.0931833
0.26426
0.212473
0
0.0239233
0.05397
0.185543
0.05391
0.01692
0
0
0
0.00564333
0
0
0
0
0
0.0120433
0
0.163693
0.128433
0.312397
0.20656
0.04528
0.235873
0.125593
0.252617
0.370443
0.0738733
0.0195467
0.3519
0
0
0.0667533
0.145837
0.110333
0.373563
0.380797
0
0.08391
0.427697
0
0
0
0
0.543537
0.60973
0.0760767
0.558593
0.00627667
0.36939
0
0.0741933
0.303013
0.32131
0.10381
0
0.220963
0
0.0581167
0.0694967
0.396437
0
0.04866
0.110637
0.33749
0.07613
0
0.0235633
0
0.0226567
0.386343
0
0
0.00555
0
0
0.59678
0.57349
0.535803
0.624497
0.873833
0.208507
0
0.375977
0.01559
0.259177
0.16076
0
0
0.30395
0
0
0.03883
0.41142
0.23316
0.329953
0
0.319813
0.0195467
0
0.335043
0
0
0.188523
0
0.0526867
0
0
0
0
0
0.806033
0.897377
0.442217
0.424277
0.366527
0.12494
0.206013
0.125673
0
0
0.0548167
0.310787
0.10006
0.20308
0.26709
0.255317
0.398033
0
0.431847
0.143807
0.441923
0
0
0
0.1996
0
0.505023
0.20011
0.0670367
0.0510967
0
0.0505967
0.0522033
0
0
0
0
0
0
0.844877
0.426383
0.57466
0.457413
0.43017
0.316827
0
0.0313567
0.24313
0.07071
0.296857
0.0670367
0
0.15106
0.239487
0.2897
0.109993
0.23243
0
0.275163
0.0533567
0.0504533
0
0
0.155947
0
0
0.314813
0.697633
0.49098
0.552587
0.522877
0.125953
0.320927
0.218373
0.126347
0.32116
0.0458233
0.272577
0.0142833
0.0702767
0.38124
0.0134267
0.26039
0.349863
0.0947767
0.26575
0
0
0.08419
0.20961
0.49677
0.36831
0.40573
0
0.358007
0.458063
0
0.05818
0.401373
0.31726
0.06017
0.0507133
0.246757
0
0
0
0
0
0
0
0.680507
0.487113
0.44319
0.201457
0.488927
0.0607033
0.604447
0.142573
0.265677
0.0406833
0
0.0298467
0.103327
0.32144
0.350047
0.0659833
0.0208767
0.34136
0
0.323603
0
0.236387
0
0.0210067
0
0.0512067
0
0.385957
0.335397
0.334207
0
0.0510867
0.241727
0.148813
0.05151
0
0
0
0
0
0
0
0.82647
0.6241
0.09678
0.549753
0.104807
0.142777
0.0680167
0
0.07528
0.320943
0.139107
0.266437
0.0738967
0.181083
0.0664833
0.436177
0.577997
0.0515533
0.247337
0.420573
0.134613
0.328543
0.31448
0
0
0
0.388287
0
0.33339
0.0513033
0
0
0
0
0
0
0
0
0
0.507213
0.728273
0.551433
0.594557
0.37448
0.641793
0.844327
0.551167
0.70246
0.493533
0.126517
0.22979
0.32156
0
0.19049
0.33013
0.272833
0.03684
0.338207
0.0410067
0.304703
0.192237
0.27562
0.272647
0.229233
0
0.409763
0.387923
0
0.124293
0.01605
0.0504833
0.0529067
0
0.14424
0.0874433
0.0718067
0
0.0391267
0
0
0
0.01117
0
0
0.364207
0
0.797703
0.426413
0.752087
0.846083
0.9211
0.602857
0.897387
0.0604533
0.125157
0
0.7797
0
0.113463
0.06091
0
0.37674
0
0.290533
0.168203
0.26381
0.24671
0
0.57247
0.0866667
0.36174
0.30097
0.423723
0.535523
0
0.336517
0.634547
0
0.203917
0
0
0.35736
0
0.357693
0.0527733
0.33379
0
0
0.05113
0.0507233
0
0.0353867
0
0
0
0.66976
0.757307
0.425747
0.431157
0.724967
0.83268
0
0
0
0.124873
0.230847
0.345967
0.314717
0.189223
0
0.260887
0.196887
0.251683
0.274883
0.181467
0.362757
0.139907
0.338417
0.391647
0.455897
0.217507
0.273883
0.402973
0.09405
0.33367
0
0.319753
0.0670933
0
0.0505633
0.0516433
0
0
0
0.06649
0.494467
0.423847
0.481193
0.0497467
0.52232
0.0142
0.320037
0.257987
0.25008
0.14022
0.114473
0.29459
0.305307
0.0511833
0.0669533
0.25349
0.22193
0.41146
0.16802
0.643583
0.334837
0.33303
0.05876
0.312487
0.268943
0.02229
0
0
0
0
0
0
0
0
0.122107
0
0
0.497897
0.455397
0.58466
0.320563
0.165407
0.435017
0.348067
0.254613
0
0.290853
0.264647
0.335903
0.335903
0
0.05039
0
0.0335567
0
0.8507
0.495517
0.760977
0.498593
0.425427
0.79667
0.571877
0.57297
0.6996
0.16063
0.81239
0.53871
0.120493
0.75074
0.117287
0
0.329553
0.147683
0.490393
0.344217
0.04472
0.280123
0.15294
0
0.0922767
0.10359
0.323743
0
0
0.0509833
0.0602767
0
0
0
0
0
0
0
0.46037
0.504627
0.839817
0.0509133
0.619927
0.258723
0.407583
0.135567
0.19059
0.125463
0.48163
0.240937
0.249553
0.2181
0.253113
0.2242
0.377867
0.26569
0.642773
0.412537
0.320197
0.137873
0.333303
0
0.0504233
0.170157
0
0.307803
0
0
0
0.208033
0.0272633
0.423213
0.626473
0.69199
0.827003
0.429513
0.798683
0.10836
0.499843
0.592393
0.282977
0.0459233
0.156573
0
0
0
0.18293
0.06439
0.237973
0.06455
0
0.139887
0.137897
0.0518
0.416533
0.327497
0.57
0
0.0530267
0.07379
0
0.0703267
0
0
0
0
0
0
0
0.468243
0.71788
0.620517
0.764853
0.638557
0.509723
0.618627
0.70412
0.727993
0.25901
0.20059
0
0.55022
0.0233767
0
0.14954
0.14766
0.280717
0.160917
0
0.22503
0.34085
0.372497
0.38982
0.548773
0.182
0.402297
0.154413
0
0.0664033
0.04111
0.0352133
0.0531567
0.0511667
0.255097
0
0
0
0.571333
0.0804133
0.62334
0.5024
0.80531
0.413653
0.846413
0.619893
0.17352
0.663647
0.0714133
0
0.129133
0.0327067
0.3297
0.06578
0
0.65409
0.0591433
0.576717
0
0.0635867
0.400613
0.365057
0
0
0.299097
0.0213633
0.312493
0
0
0
0
0
0
0
0
0
0
0
0
0.425427
0.49748
0.781653
0.435163
0.867877
0.0726067
0.142113
0.809797
0.344153
0.68198
0
0.163063
0.296837
0.0448267
0.279443
0.412233
0
0.654247
0
0.531537
0.0477733
0
0.33328
0
0
0
0
0.505433
0.524437
0.793707
0.54739
0.5747
0.629423
0.0931033
0.7297
0.77365
0.785507
0.0223567
0.43223
0.0902133
0.66968
0.57903
0.00728333
0.139557
0.139843
0.321327
0.39071
0.0659433
0.3918
0.163777
0.05065
0
0.3072
0.0506067
0.10422
0.208817
0
0
0.0507367
0.0580133
0.00559333
0
0
0
0
0.157
0.0450333
0
0.02727
0.51298
0.73069
0.0778733
0.736397
0.398197
0
0.218007
0.321777
0.0222767
0.395033
0.527573
0.0409967
0
0
0.355593
0.03381
0
0.138257
0
0.546567
0.527983
0.66195
0.45684
0.841253
0.504693
0.630193
0.307867
0.0988667
0
0.04676
0.241453
0.319917
0.09227
0.173693
0.0527967
0.31401
0.206467
0.395533
0
0
0
0.0512
0
0
0.714383
0.670973
0.43897
0.169853
0.848943
0.66612
0.90007
0
0.25595
0.0237
0.71363
0.0221267
0.261387
0
0.307147
0.39296
0.174213
0
0.213183
0
0.33613
0.33393
0
0
0
0.281237
0.54203
0.618863
0.523413
0.425027
0.76622
0.13876
0.0249667
0.319713
0
0.17024
0.191077
0.07921
0.176673
0
0.63306
0.277
0.33394
0.101607
0.337177
0.05323
0.169853
0
0
0.0507567
0
0.01118
0
0
0
0
0
0
0.546817
0.761367
0.162693
0.0207933
0.672603
0.56446
0.629467
0.68614
0.83157
0.191767
0.136247
0.657213
0.7085
0.780003
0.804953
0.119043
0.105583
0.29063
0.160527
0.322027
0
0.175747
0.139747
0
0.0742633
0.406057
0
0.473787
0.394433
0
0.402427
0.386963
0
0.0175867
0.541023
0
0.185693
0.0514833
0
0
0
0
0
0
0
0.02693
0
0
0
0.559803
0.426003
0.37888
0.51644
0.272437
0.04818
0.74825
0.0225367
0.116193
0.0689833
0.02281
0
0.383487
0
0.42486
0.333697
0.381407
0.0477333
0
0
0
0
0
0
0
0
0
0
0.6711
0.426067
0.424023
0.127027
0.42591
0.458443
0.17049
0.629753
0
0.308537
0.11919
0.184033
0.322133
0
0.321723
0
0
0
0.325693
0
0
0
0
0
0
0.00794
0
0
0
0
0
0
0.23553
0.657853
0.690633
0.851367
0
0.12826
0.235
0.138393
0.181033
0.32172
0.382617
0.20245
0.1161
0.40534
0.319093
0.12824
0.196843
0
0.02234
0
0
0
0
0
0
0
0
0
0
0
0
0
0.6008
0.57925
0.162233
0.28769
0.624573
0.225137
0.551293
0.155677
0.700407
0.6969
0.24729
0.304223
0.0562867
0.430207
0.0837733
0.727063
0
0
0.11379
0.139077
0.30427
0.0667933
0.377927
0
0.115377
0.13668
0.161403
0
0.0505833
0.0110667
0
0
0
0
0.0512267
0
0
0.59115
0.7442
0.51046
0.36404
0.403367
0.137303
0.625173
0.775563
0.0907367
0.453643
0
0.0603533
0.239073
0
0.0480733
0.205607
0.205963
0.0804267
0.136067
0
0.238463
0.17193
0.55838
0.519527
0.16162
0.175323
0
0
0.205077
0
0.12737
0
0
0.0996733
0.748457
0.82134
0.568957
0.61062
0.56611
0.32159
0.13794
0.696333
0
0.847577
0.11693
0.669443
0.26533
0.7622
0.0187467
0.3825
0
0.258597
0.00797
0.139817
0.233933
0.369963
0.252243
0
0.347053
0.08269
0.0527567
0.254413
0.408183
0
0.0168533
0
0
0
0
0.0503367
0
0
0
0.150297
0.233433
0
0.68852
0.04355
0.17953
0.67447
0.725637
0.155207
0.529777
0.476253
0.54476
0.0451767
0.514857
0
0
0
0.0379867
0.23328
0
0.190507
0
0.00716667
0.06536
0.137123
0.138107
0.0803
0.327353
0.28938
0.02381
0.334
0.0337167
0
0
0
0
0
0
0
0
0.322167
0.246377
0
0.661323
0.692043
0.60542
0.246167
0.358903
0.0662967
0.13537
0.663803
0.799187
0.590513
0.803367
0.85441
0.704923
0.205977
0.343693
0.243503
0.13933
0.152513
0
0.163273
0.63515
0
0.29034
0
0
0
0.0453
0
0.0506667
0
0
0
0.26948
0.193283
0.585153
0.354027
0.667717
0.91817
0.570333
0.626823
0.42022
0.435857
0.283087
0.509447
0
0.158933
0.0717033
0.02398
0.248013
0
0.441313
0
0.269733
0.147213
0
0.137827
0
0.256257
0.218737
0
0
0
0.00794
0
0
0
0
0
0
0.872433
0.508923
0.0375267
0.135313
0
0
0.06711
0
0.0222867
0.0222867
0
0
0
0.1123
0.0737667
0.0952367
0.43351
0.129117
0.0647433
0
0
0
0
0.0503933
0
0
0
0
0
0
0
0
0.44673
0.525713
0.5673
0.58485
0.647223
0.646883
0.138723
0.56124
0.11029
0.0727067
0.299453
0
0.1902
0
0.12892
0.0898467
0.11788
0
0.548633
0
0
0.0282567
0.01692
0.0505967
0
0.0113033
0
0
0
0
0
0.431757
0.675367
0.502217
0.32207
0.130403
0.30096
0.19335
0.0713267
0.34581
0
0.19118
0.0454733
0.100733
0.189147
0
0.356323
0.0324333
0.0953367
0.13856
0
0.449663
0.0795633
0.18018
0.40718
0
0.194183
0
0
0
0.0505167
0
0
0
0.497063
0.45095
0.55851
0.578663
0.157417
0.626113
0.567837
0
0.0535667
0.302067
0
0.0376233
0.206683
0.0611133
0.02212
0.19246
0.115793
0.152993
0.06612
0.369307
0.294083
0.274373
0.656207
0.642073
0.33443
0
0
0
0
0.425443
0.552787
0.129813
0.806953
0.0264767
0.113347
0.0925433
0.18387
0.171377
0.266397
0.162837
0.36222
0
0.307887
0.395263
0.406167
0.654897
0.386337
0.05732
0.535947
0.221667
0
0
0
0
0.06153
0
0
0.44934
0.855297
0.126997
0.39888
0.00761
0.159437
0.0882267
0
0.33109
0.16037
0
0.13794
0
0.378353
0
0.427763
0.06693
0.32117
0.654567
0.14697
0.37218
0.541947
0.381093
0
0.00645
0.289273
0.334663
0
0
0
0
0
0
0.0769033
0
0.626313
0.685773
0.308207
0.627917
0.4306
0.42947
0.730987
0.00749
0.55793
0.191693
0.68551
0.108707
0
0
0.0649967
0.133217
0.137287
0.0740833
0.11945
0.119337
0
0.291517
0
0.128563
0.51704
0.190163
0.05309
0.558043
0.39531
0
0.0223967
0
0
0
0.0189733
0
0
0.44787
0.15997
0.282153
0.4751
0.558397
0.59522
0.580177
0.771793
0.70762
0.459663
0.82694
0.650857
0.318043
0.10326
0
0.36835
0.110357
0.0724667
0.12956
0.32053
0.13285
0.41076
0.06662
0.01498
0.18125
0
0
0.538777
0.03385
0.315047
0
0
0
0
0
0
0
0.39628
0.426177
0.28641
0.65071
0.648573
0.0717967
0.0224667
0.422643
0
0
0.3442
0.02375
0.478937
0.0486767
0.460993
0.02213
0.0518633
0.0586567
0.0552233
0.139017
0.119377
0.257097
0
0.620817
0.579503
0.0113033
0
0
0.05134
0
0
0
0
0
0
0.168697
0.51901
0.63906
0.425543
0
0.0663433
0.0225733
0.344993
0.361767
0.139677
0.06566
0
0.0789367
0.0585167
0.09619
0.137203
0.0660367
0.0870267
0.08699
0.0571267
0.42314
0.200827
0.322043
0.33454
0.05649
0
0
0
0.0495967
0.301383
0.423517
0.647387
0.63922
0.4158
0.22078
0.57389
0.647067
0.58026
0.872957
0.149573
0.697977
0.0671767
0.422563
0
0.06426
0.081
0.139317
0.18107
0.04857
0.420837
0.344337
0.00649
0.22805
0.05696
0.01262
0
0.280143
0.522107
0.06775
0.282207
0.0226233
0.0113033
0
0
0
0
0
0
0
0
0
0.690487
0.54059
0.453757
0.61144
0.545127
0.566853
0.13659
0.142587
0.113033
0.22934
0.128077
0.05814
0.372403
0.11576
0.271537
0.272297
0.169217
0.0372633
0
0
0.154163
0
0
0.03375
0
0
0
0.820987
0.52798
0.08057
0.640537
0.716083
0.145923
0
0.558383
0.68322
0
0.04531
0
0.18115
0.396333
0.384457
0.1236
0.156597
0.11621
0
0.0398767
0.107773
0.33394
0
0.11877
0.400063
0.0923267
0.214827
0
0
0.01262
0.52112
0
0.50404
0.0113033
0.208337
0
0
0
0
0.0416933
0
0
0.86661
0.40553
0.649343
0.74995
0.659043
0.274103
0.481787
0.608483
0.184143
0.0617133
0.139167
0
0.16091
0
0.245577
0.04202
0.0662133
0.109607
0.320633
0.0570667
0.0148267
0.171777
0
0.497423
0.252093
0.159643
0
0.365147
0
0
0
0
0
0
0
0
0
0.651097
0.365293
0.566753
0.411837
0.158517
0.37102
0.479303
0.41568
0.0231767
0.341667
0.00769667
0.0428233
0
0.02854
0.419713
0.0581367
0.0663367
0.202677
0.438533
0
0.158333
0.367523
0
0.49401
0.0948667
0
0.172853
0
0
0.249687
0.475973
0.153747
0.05774
0.00645
0.388613
0.03903
0.162027
0.0189733
0.27078
0
0.623583
0.628577
0.532193
0.644703
0.604443
0.607903
0.842213
0.17551
0.594113
0.30245
0.862527
0.66781
0.53547
0.539623
0.0907333
0.0847767
0.116567
0.02145
0.45266
0.359227
0
0.313697
0.37679
0.131897
0.0716633
0.0669433
0.408797
0.0571
0.09999
0.0129233
0.161627
0.0564033
0
0.311643
0.525433
0.22052
0.0379933
0.0510367
0
0
0.33315
0
0
0
0
0.408137
0.23925
0.0625167
0.71011
0.45739
0.652277
0.59319
0.0228233
0.20537
0.13828
0.38736
0.130993
0.0197133
0.487587
0.0791833
0
0
0.116863
0.34572
0.427263
0.0668667
0.0568233
0.263713
0
0.0454333
0
0.401157
0
0.364313
0
0
0
0
0.105777
0.489513
0.466277
0.624387
0.798413
0.33512
0.0916933
0.116073
0
0.0604667
0.0707433
0.33772
0
0.321207
0.388003
0.19809
0.177877
0.105807
0.105573
0.326947
0.0523967
0.19914
0.34988
0.08105
0.06622
0.439203
0.0195767
0.06582
0.13776
0.423787
0
0
0
0.212563
0.461763
0.07674
0
0.12804
0.364967
0.34297
0.0743967
0
0
0.0338167
0
0
0
0.42313
0.30723
0.272167
0.722087
0.666547
0.06034
0.316177
0.0675633
0.0473433
0
0.395513
0.134593
0.139377
0.0745333
0.383337
0.16349
0.08005
0.0657367
0.120767
0.378327
0.0138267
0
0
0.29515
0.194153
0
0
0
0.05479
0.334833
0.0168533
0
0
0
0
0
0
0.40835
0
0.702663
0.3868
0.597087
0.543087
0.04843
0.46244
0.277323
0.821703
0.151753
0
0.70189
0.45903
0.135403
0.252297
0
0.447357
0.204117
0.446227
0.341773
0.428253
0.424537
0.06621
0.382783
0.0802767
0
0.128633
0
0.406333
0.512953
0.0666667
0.09227
0.105757
0
0.315727
0
0
0.147097
0
0
0
0
0
0.483907
0.426603
0.184343
0.208997
0.70069
0.873043
0.435593
0.476177
0.0204333
0.163513
0.138087
0.0658467
0.119513
0.153717
0.35733
0.48549
0.259067
0.0708767
0.293147
0
0.05671
0.53644
0.0339433
0.05725
0.0555733
0.433187
0.286623
0.0509367
0
0
0
0.0607267
0
0
0
0
0.45048
0.732393
0.21611
0.55197
0.132373
0.282293
0.06059
0.307207
0
0.213123
0.245597
0.0656567
0.0450833
0.00715333
0.00707
0.45981
0.28866
0.0737333
0.266293
0.447113
0.176143
0.15104
0
0.267743
0.0660233
0.409557
0.10984
0.0565667
0
0.181663
0
0.399343
0
0.07686
0.468513
0.57732
0
0
0.129597
0
0
0
0
0
0
0
0.03343
0
0.10693
0.473907
0.309787
0.426033
0.107213
0.11755
0.19998
0.178323
0
0.0147133
0.212243
0.02281
0.20602
0.150577
0.420977
0.338897
0.0223667
0.12985
0.402547
0
0.0573733
0.05715
0.550323
0
0.17945
0.241013
0
0.0536633
0
0
0
0.314707
0
0
0.408697
0.431703
0.59303
0.44437
0.814513
0.431
0.0501567
0.0313367
0.03545
0
0.26467
0.301667
0
0.0388967
0.528797
0.424437
0.0712633
0.18166
0.328607
0.127427
0.201943
0.408443
0.37581
0.113197
0
0.440793
0
0.197897
0.261053
0
0.0869667
0
0.0572867
0
0
0.0515767
0
0
0.05089
0.00799
0
0.0506833
0
0
0
0
0.45951
0.440403
0.595797
0.395553
0.52394
0
0
0.0147133
0.07322
0.0204267
0.160717
0.204373
0.322973
0.00711333
0.13793
0.0257767
0.12151
0.0278667
0
0.160823
0
0.128667
0.158227
0
0
0.0231833
0.555743
0.787533
0.462747
0.66721
0.783073
0.611637
0.575223
0.56658
0.201973
0.06805
0.251853
0
0.20039
0.0700567
0.121327
0.0649267
0
0
0.238993
0.151313
0.0221133
0.249533
0
0.10548
0.0564767
0.05055
0
0
0
0.54204
0.190773
0
0.05078
0
0
0
0
0.00537
0
0
0.532003
0.682307
0.65341
0.542763
0.76139
0.557723
0.431373
0.17089
0.46499
0.10962
0.05312
0.0869267
0.0886
0.06014
0.01257
0.204053
0.46031
0.0662833
0.0655967
0.184187
0.0568567
0.0894367
0.536477
0.0571967
0.416083
0.300293
0.340413
0.343803
0.0515167
0
0
0
0
0
0
0.302563
0.45317
0.66593
0.532013
0.791443
0.420157
0.62487
0.255133
0.06195
0.0680333
0.895927
0
0.0716167
0.0705267
0.389043
0.10026
0.00707
0.396473
0
0.14016
0.155703
0.205073
0
0.0873067
0.199513
0.0565367
0.0128533
0.0515133
0.0294567
0.05763
0.255857
0.261083
0.0673633
0.17503
0
0
0
0
0
0
0
0
0.02385
0
0
0.684313
0.217857
0.46769
0.00708667
0.125997
0.09268
0.101563
0
0.0498267
0.00782
0.286683
0.13776
0
0.0643167
0.06464
0.39225
0.0739933
0.34325
0.1405
0.0151067
0.480903
0.144793
0.120033
0.32331
0.0620533
0.306227
0.105573
0.01605
0
0
0
0
0.331517
0.22668
0.553423
0.851603
0.648423
0.307053
0.64843
0.0678833
0.0885733
0
0.25868
0.129793
0.18072
0
0
0.130823
0.0742367
0.00737
0.0727733
0
0
0.34712
0.400867
0.0649567
0.181063
0.00635
0.413533
0.15705
0
0.01903
0.1635
0
0.0890667
0.05059
0
0
0
0
0.66613
0.55489
0.747463
0.706787
0.699363
0.438733
0.24689
0.436743
0
0.0284733
0.0151933
0.00711667
0.467227
0.36788
0.149473
0.34952
0.141053
0.473297
0.12996
0.120347
0.0573833
0.485913
0.455273
0.50459
0
0
0
0.0511533
0
0
0
0
0.528983
0.559203
0.668903
0.419083
0.560887
0.79503
0.154947
0
0.0141267
0.04751
0.13874
0.0867867
0.4016
0.0785833
0.12899
0.0643267
0.04385
0.02168
0.408093
0.205843
0.374443
0
0.15562
0.218317
0.334977
0.107983
0.159187
0
0
0.340747
0.24262
0.333913
0.59208
0
0
0
0
0
0
0
0
0.31456
0.48147
0.49782
0.35984
0.834863
0.780667
0.758647
0.445663
0
0.11379
0.38421
0.0240933
0.04976
0.138257
0.06821
0
0.427307
0.215527
0.113793
0.04847
0.35447
0.452283
0.0924567
0.425717
0.12826
0.28056
0.05839
0.0664967
0.121817
0.138133
0.05856
0.3872
0.117267
0
0
0.12906
0
0
0
0
0
0
0
0
0
0
0
0.686983
0.237393
0.4688
0.52589
0.78249
0.66984
0.744467
0.77379
0.8014
0.10299
0.408503
0.656437
0.68363
0.62878
0.250697
0.30964
0.00769667
0.0869667
0.0951933
0.04082
0.0602833
0.32199
0.172997
0.14455
0.192077
0.318907
0.160313
0.0639733
0.0213867
0.0890233
0.38368
0.13702
0.473843
0.385733
0.514277
0.04367
0.0498933
0.554323
0.499643
0
0.56477
0.448607
0.18915
0.403437
0
0.01118
0
0
0
0.115857
0.418497
0.421587
0.624597
0.82961
0.38077
0.136533
0.266763
0
0.381493
0.12651
0.06113
0.04086
0
0.00707
0.0496467
0.0505367
0.399683
0.0703433
0.380663
0.204443
0
0.0516267
0.37005
0.239367
0.06579
0.393527
0.05655
0
0
0.128973
0.146717
0.5046
0
0.40457
0
0
0.05057
0
0
0
0.0161667
0
0
0.43304
0.874513
0.23573
0.83406
0.878747
0.62621
0.644007
0.214307
0.678543
0.777473
0.673653
0.45388
0
0
0.384797
0.0647
0.155863
0.335407
0.41913
0.02425
0.06478
0.428877
0
0.39773
0.1729
0.218477
0
0.12956
0.0427533
0
0
0.108637
0
0
0
0.0218733
0.0603867
0.0272433
0
0.23341
0.837233
0.439037
0.824057
0.426343
0
0.116433
0.102657
0.05691
0.321373
0.1214
0.0891133
0
0
0.456467
0.169317
0.24327
0.0889767
0.37606
0.0406133
0.181027
0.60363
0.394893
0
0
0
0
0
0.0506433
0
0
0
0
0.810327
0.76298
0.663957
0.57604
0.544993
0.392557
0.433397
0.66947
0
0.336287
0.459023
0.0473
0.117867
0
0.09235
0.0546633
0.0142
0.288107
0.268533
0.0690233
0.0645533
0
0.383417
0.467243
0
0.3872
0.21125
0.02952
0
0.05761
0
0
0.129797
0.176683
0.441433
0.58737
0
0.444003
0.00799
0.0831333
0
0
0
0
0
0
0
0.0323467
0
0.478033
0.555303
0.650297
0.0141567
0.0612267
0.321033
0
0.436763
0.12158
0.0652567
0.135493
0
0
0.07287
0
0.109623
0
0
0.03746
0.466547
0.153863
0
0
0
0
0
0
0
0
0
0
0.656053
0.587323
0.654213
0.689127
0.676587
0.45261
0.718337
0.66458
0.0941067
0.00761
0.0585367
0
0.02871
0.11341
0.06968
0.127173
0.114143
0.266763
0.427283
0.0475767
0.0570267
0
0
0.18165
0
0.2028
0.0468967
0.125793
0.340583
0.0504333
0
0.0639033
0.0220633
0
0.505273
0.276573
0.544033
0
0.566477
0.0707967
0
0.129503
0
0
0
0
0.328967
0.0557167
0
0
0.57816
0.75419
0.460003
0.0722167
0.210033
0.191513
0.0642933
0.0787533
0.0655967
0.0640133
0.04255
0.08699
0.13745
0.334987
0.129243
0.234967
0
0.0215433
0
0.32695
0
0.417207
0
0
0.0936233
0.05118
0
0.0509067
0
0
0
0.258517
0.7661
0.53787
0.36747
0.405273
0.0850333
0.06679
0
0.11369
0.0643567
0.04395
0.00711667
0.0811667
0
0.202717
0.0302933
0.125787
0
0.0569633
0.1859
0.27704
0.136947
0.361227
0.00736333
0.57917
0
0
0.52601
0
0.482637
0.115773
0
0
0
0.395587
0.674657
0.66541
0.08479
0.139303
0.0912667
0.558047
0.206357
0.0305633
0.11439
0.05098
0.131633
0.318903
0.23887
0.0689033
0.0501267
0.0658033
0.0142
0.0644767
0.066
0
0
0.264137
0
0
0
0
0.0576133
0.175023
0.241687
0.0714067
0
0
0
0.03165
0.242833
0.2576
0
0.33377
0
0.12937
0
0.0338067
0
0
0
0
0.19702
0.0107633
0
0.768023
0.7516
0.504647
0.707137
0.07116
0.34143
0.00724
0
0.0741833
0.08934
0.0647167
0.04312
0
0
0
0.184933
0.0668633
0.351613
0
0.05775
0.0660133
0
0.0408533
0.264797
0.0390867
0
0
0.509167
0.0863933
0.450533
0
0
0
0
0
0
0
0.524537
0.623173
0.449923
0.491553
0.642607
0
0.12301
0.137773
0.0915533
0.137963
0.04777
0
0.0362367
0.122873
0.137893
0.0288333
0
0.0648567
0.0284433
0.0442333
0
0.14107
0.20544
0.457897
0.06617
0.0951867
0.146867
0
0
0
0.0979633
0
0
0.0514933
0
0.147453
0
0
0.0294567
0.287687
0
0
0
0
0
0
0
0
0.493433
0.274057
0.42107
0.233197
0.638837
0.10272
0
0
0.640917
0.0883367
0
0
0
0.327667
0.0708967
0
0.0705667
0
0.0609633
0.0147333
0.119633
0.166697
0.47543
0.371213
0.408397
0.32282
0.32972
0.0507333
0.43636
0.0649467
0.0277767
0
0.205067
0
0.177477
0.06415
0
0
0
0
0.0292
0
0
0
0
0.278197
0.113293
0
0
0.49127
0
0
0
0.151587
0.00537667
0
0.420533
0.60193
0
0.109007
0
0.190403
0.09699
0.112863
0.189877
0.07879
0.06452
0.0999833
0
0.508363
0
0.01495
0.06911
0.135093
0.17622
0.383417
0.480617
0.370237
0.04513
0.112417
0
0
0
0.03821
0.01262
0.0439133
0
0
0.123547
0
0
0
0
0
0
0.02901
0.628993
0.452293
0.110923
0.138963
0.07007
0
0.0490033
0.136657
0.0645433
0.07384
0.138757
0.0387567
0.05327
0.06895
0.0304833
0
0
0.204537
0.0287667
0.17199
0.0641967
0.203137
0.04319
0.203183
0
0.249007
0.04323
0.0367667
0.460323
0
0.100467
0.00733667
0.330667
0
0
0.0727167
0.25866
0
0.62802
0
0.00799
0.315973
0.283243
0.12842
0
0
0
0
0
0
0.431213
0.376507
0.159573
0.597743
0.136233
0.24133
0.0146067
0.273587
0.0972833
0
0
0
0.0282933
0.079
0.271933
0.27745
0.395383
0.249057
0.282553
0.138967
0.189527
0.328703
0
0.03238
0.0128733
0.314767
0
0
0
0.0570133
0
0.48553
0
0.00758333
0
0.29998
0.290773
0
0
0
0
0
0
0
0.0116167
0
0
0.281693
0.17389
0.220763
0.178323
0.0605433
0.0451267
0.0497167
0
0
0.0141833
0.0611967
0
0.00759667
0
0
0
0.0739033
0.0645833
0.0921967
0.0653233
0.226283
0.0979333
0.189543
0.272513
0.0589767
0
0.06667
0
0.3423
0.143163
0.0224133
0
0
0
0.0320233
0
0
0
0.606747
0.50246
0
0.0355133
0.27652
0.0700067
0.0289467
0.0934067
0.0727
0.362693
0.11008
0.06524
0.11136
0.0661467
0
0.121733
0.0513067
0
0
0
0.02952
0
0.0983267
0.243897
0
0.61258
0
0
0.09005
0
0
0
0
0
0
0
0
0.21085
0.03018
0.0700633
0.0601967
0
0.0696667
0.06937
0.238397
0
0.321527
0.159617
0
0.31552
0.0534867
0.473567
0.386323
0.0723533
0
0.09752
0.00824333
0.06103
0.06436
0.0499067
0.0572033
0.02415
0
0.10104
0.134507
0.0997333
0.111823
0.0576367
0.14626
0.128827
0.130247
0
0
0.168847
0.599377
0.12784
0
0
0
0
0.05086
0
0
0.310057
0
0.62655
0.543617
0.0922767
0.108047
0.0463167
0
0.06927
0.0641933
0.14751
0.0303533
0.0711267
0
0.0694133
0.06521
0.243943
0.0650767
0.0433067
0.19747
0.19013
0.275037
0.0283967
0.00702667
0
0.38544
0
0
0
0.02404
0
0
0
0
0
0.5673
0.435243
0.38056
0.0681133
0.0603567
0.136533
0.35116
0.0381367
0.136873
0.205487
0.0677967
0.0537
0
0.0508867
0.0699633
0
0
0.0533033
0.09491
0
0.06064
0
0.06474
0.0935367
0.0569267
0.0661467
0.0427533
0.132967
0.0662933
0
0.181573
0
0
0
0
0.0441367
0.05801
0
0.0572
0
0.308693
0.01255
0.566233
0
0.128267
0
0.412607
0.0336633
0
0
0
0
0
0
0
0
0.37426
0
0.332273
0
0.04569
0.348473
0.521467
0.116633
0.294617
0.137207
0.0702233
0.0677567
0.0705633
0.0220633
0.472077
0.0306467
0
0
0.06848
0.00679
0
0
0.0457533
0.377837
0.0647833
0.06483
0.02279
0.112777
0.0580333
0
0
0.11518
0.0757433
0
0
0.562537
0.530243
0
0
0
0.0222367
0
0
0
0
0
0
0
0
0.494933
0.419457
0.0745233
0.16567
0.0693367
0.0851367
0
0.00711333
0
0.0270667
0.161957
0.0688967
0.00759667
0.06594
0.0232
0.0655833
0
0.06117
0.0662967
0
0.04421
0.0913133
0.32863
0.0128533
0
0
0
0
0
0.12946
0
0
0
0
0.10545
0
0
0
0
0
0
0
0
0.282227
0.0152567
0.07074
0.0585667
0.0647867
0.0649333
0.00729667
0.0382967
0.00711333
0.0958667
0.0658
0.113743
0.278157
0.328893
0.227323
0
0.546377
0.315683
0.0573867
0.0507767
0.499617
0
0.210383
0.45502
0
0.368097
0
0.0707933
0
0
0
0
0
0
0.424113
0
0.0586433
0.1362
0.0234167
0
0.322067
0.0707433
0.29944
0.0703167
0.06938
0.0155567
0.0216
0
0
0.0695733
0.0705533
0.0644267
0.0655733
0.0204333
0.0429067
0.113927
0
0.0294667
0.02538
0
0.141937
0.166
0
0
0
0
0
0
0.524783
0.02381
0
0
0
0
0
0
0
0
0
0
0.0355567
0.0693133
0.0213867
0
0.0228533
0
0.0231167
0
0.0646967
0.261183
0
0
0.321933
0.307767
0.0461567
0.169677
0.0649967
0
0.29484
0.0662167
0.0930733
0.0657933
0.00702667
0
0.0573633
0
0.12911
0.0293033
0
0
0.61785
0
0
0.58146
0.05077
0
0
0
0
0
0.06819
0.0708867
0.117833
0
0
0
0.189503
0
0.0213867
0.06437
0.328583
0
0.0798533
0.05954
0
0
0
0
0
0.21772
0
0.596603
0
0.128783
0
0
0.50445
0.0480733
0
0
0
0
0
0
0
0
0.0151867
0
0.01516
0.0155567
0.05003
0.0653367
0
0.129173
0
0.564237
0
0.134583
0.0371033
0.267577
0.595163
0.54631
0
0.0512933
0
0
0
0
0
0
0
0
0.11048
0.0645933
0.0644433
0.0642433
0
0
0
0
0.06385
0.0842933
0.100927
0.0661033
0
0.5207
0.485247
0
0
0
0.195177
0
0
0
0
0
0.54721
0
0
0
0
0
0
0.02219
0.1292
0
0
0.0320533
0.50705
0
0
0.0220933
0
0.58043
0
0
0
0
0.32051
0.139903
0
0
0
0
0.138133
0.129777
0
0.0573333
0
0.00635
0
0
0
0.0628767
0
0
0
0
0
0
0
0.288223
0.09312
0.0320333
0.00737
0
0.236507
0.455183
0.546653
0
0
0.0553033
0
0
0
0
0
0
0
0
0
0
0
0
0
0.03406
0
0
0
0
0.194073
0.00755
0
0
0
0
0
0
0
0
0
0.0381267
0
0
0
0
0
0.224797
0.0146433
0
0.0220667
0.155267
0.28932
0
0
0.14886
0
0.183407
0
0.127047
0
0
0
0
0.04433
0
0
0
0
0
0
0.06975
0
0
0
0
0
0
0.32953
0.533053
0.0570233
0
0
0
0
0
0
0
0
0
0.07979
0
0
0.31536
0
0
0.286863
0
0
0
0
0
0
0
0
0
0
0
0
0
0.16432
0.0148967
0.0220933
0.464103
0
0
0
0.349743
0
0
0.236167
0
0
0.30169
0.0575567
0
0
0
0
0
0.556347
0
0
0.453997
0.319637
0
0
0
0
0
0
0
0
0
0.124
0
0
0.143993
0
0
0
0
0.09556
0.0286233
0
0
0
0
0.402583
0.02956
0.389543
0
0
0.439813
0
0
0
0
0
0
0
0
0
0
0
0
0
0
0
0
0.12276
0
0
0.563517
0.506617
0
0
0
0
0
0.0222667
0
0
0.41735
0.139637
0
0
0
0
0.15599
0
0
0.477523
0.32181
0
0.45519
0
0
0.318907
0
0
0
0.0509833
0
0
0.397537
0.417143
0
0
0
0
0.0128733
0
0
0.408177
0
0
0
0
0
0
0
0
0
0
0.0111367
0
0
0
0
0
0
0
0
0.177403
0
0.0966733
0
0
0
0
0
0
0
0
0
0
0.00579
0.05226
0
0
0.201057
0
0.0371733
0
0
0
0
0
0
0
0
0
0
0.0592767
0
0.163803
0.553977
0
0
0
0
0
0
0
0
0
0
0
0
0
0
0
0
0
0
0.331697
0
0
0
0
0
0
0
0.01255
0
0
0
0
0
0
0
0
0
0.02028
0
0
0
0
0
0
0
0
0
0
0
0
0
0
0
0
0.01618
0
0.0885033
0
0.0553033
0
0
0
0
0
0
0
0
0
0
0
0
0
0
0
0
0
0
0
0
0
0
0
0.01113
0
0
0.0111367
0
0
0
0
0
0
0
0
0
0
0
0
0
0
0
0
0
0.0939033
0
0
0
0
0
0
0
0
0
0
0
0
0
0
0
0
0
0
0
0
0
0.174997
0
0
0
0
0
0
0
0
0.30918
0
0
0
0
0
0
0
0
0
0
0
0
0
0
0
0
0
0
0
0
0
0
0.109727
0
0
0
0
0
0
0
0
0
0
0
0
0
0
0
0
0
0
0
0
0
0
0
0
0
0
0
0
0
0
0.08882
0
0
0
0
0
0
0
0
0
0
0
0
0
0
0
0.275703
0
0
0
0.0288833
0
0
0
0
0
0
0
0
0
0
0
0
0
0
0
0
0
0
0
0
0
0
0
0
0
0
0
0
0
0
0
0
0
0
0
0
0
0
0
0
0
0
0
0
0
0
0
0
0
0
0
0
0
0.17963
0
0
0.00696667
0
0
0
0
0
0
0
0.301483
0
0
0
0.0771333
0.27126
0.02807
0
0.297243
0
0
0
0
0
0
0
0
0.275177
0.314857
0.46873
0.0406367
0
0
0
0
0
0
0
0.331603
0
0.198167
0.0642533
0
0
0.25444
0.27301
0.198313
0
0.0872067
0
0.407943
0.33794
0.312367
0.151677
0.175877
0.160867
0.3584
0
0.20637
0
0
0.100407
0.09025
0
0.20609
0
0
0
0
0
0
0.0924467
0
0.05705
0
0
0.12221
0.12043
0.0720833
0
0
0.508643
0.395887
0.187673
0
0
0.11946
0
0
0
0
0
0
0
0
0.217623
0.0215433
0
0
0.07989
0
0
0
0
0
0
0.0681933
0
0
0.202097
0
0
0.0656333
0
0
0.00755
0
0
0
0.07773
0.103103
0
0
0.10977
0
0
0.207783
0.191973
0
0
0
0
0.04729
0
0
0.18957
0
0
0
0.121797
0
0
0.626917
0.383917
0.486823
0
0.09463
0.135117
0
0
0
0.0659433
0.125287
0
0.272327
0
0.08535
0
0.21406
0.11594
0.07607
0
0.13503
0
0
0
0.178463
0
0.0161667
0
0.0575467
0
0
0.34903
0.00723333
0
0
0.160953
0.34951
0
0
0
0
0
0
0
0.149153
0
0
0
0
0.31439
0.42407
0
0
0
0
0
0
0
0
0.0381267
0.0611267
0
0.06464
0.165227
0.08751
0
0.355567
0
0.253577
0.111337
0.0301733
0.24863
0.123447
0.0578367
0.25063
0.0575233
0.824253
0
0.0190433
0
0
0
0.149247
0
0.0378233
0.0294567
0.0435233
0.00737
0
0
0.20155
0
0
0
0.0658367
0.367213
0
0
0
0
0.0784633
0
0
0
0.06773
0.28804
0.0649167
0
0
0
0.14163
0
0
0.167743
0.00649
0.144433
0
0.202813
0
0
0.36252
0
0.00579
0.723643
0
0
0
0.589633
0.379673
0
0
0
0
0
0.358693
0
0
0
0
0.62132
0
0.413677
0
0.135353
0
0.0531033
0
0.355633
0.267343
0.173337
0.121973
0.184177
0
0.07819
0.51543
0
0.40111
0
0.0396833
0
0
0.13239
0
0
0.112663
0
0.121073
0
0
0.43101
0.182883
0.2351
0
0.25338
0
0
0.38706
0.0290667
0.0272233
0.280263
0
0.43279
0
0
0.727267
0
0
0.0596533
0
0.250263
0
0.00559333
0.62949
0.0527633
0
0
0.23913
0
0
0
0
0
0
0.03502
0.09517
0.32237
0.04384
0.406803
0
0
0.0526433
0
0.109413
0.0606833
0.10934
0.0510533
0.0576933
0.03739
0
0
0
0
0
0
0
0.143063
0
0.130187
0
0
0
0
0
0.201357
0.0778333
0
0.0605467
0
0
0.292877
0.0997067
0
0
0.6239
0
0
0.413843
0
0
0
0.32156
0
0.245217
0
0.0722167
0
0
0
0
0.20071
0.551657
0.05285
0.53874
0.0279167
0
0
0
0
0
0.0115733
0.184317
0.10944
0
0
0
0.0858833
0
0
0.0499067
0
0
0.0861367
0.30313
0
0.0483033
0
0
0.729757
0
0.12274
0.0458067
0.32499
0
0.302433
0
0.0127433
0
0.21084
0.26678
0
0
0.30013
0
0.347057
0
0
0
0.02129
0
0.17199
0
0
0
0
0
0.615967
0
0.09047
0.112093
0
0
0.315783
0
0
0.597243
0.752573
0
0.05077
0
0
0.0538133
0
0
0.0816
0
0
0
0
0
0.272097
0
0.282793
0
0
0
0
0
0.0698367
0
0
0
0
0
0.10891
0
0.162327
0.0447433
0
0.08332
0
0
0
0.481493
0
0.32262
0
0
0
0.481137
0
0.0656467
0.1582
0
0
0
0
0
0
0.134313
0.0606133
0.00782
0
0.37488
0
0.304467
0
0
0.06214
0.536143
0
0
0.12163
0.188263
0.12423
0.130533
0.272493
0
0.741593
0.203073
0
0.0208767
0
0.5041
0
0
0
0
0
0.51427
0.243067
0
0.08421
0
0
0.0225367
0.3492
0
0
0
0.265283
0
0
0.05362
0.0889467
0
0
0
0
0
0
0
0.22292
0.654923
0
0
0
0
0
0.281593
0.0169467
0
0.102117
0
0
0.179153
0
0
0
0.0374333
0
0.0810333
0
0.280847
0
0
0.0135867
0
0.0506767
0
0
0
0
0.0128733
0
0.100157
0.03907
0.06106
0.59975
0.377827
0
0
0
0.17219
0
0
0
0.05996
0.0661733
0
0
0.115743
0
0
0
0.294077
0
0
0.0750967
0
0
0
0
0
0
0
0.0190567
0
0
0
0.0741933
0
0
0.251327
0.462883
0
0.34327
0
0.19785
0
0
0.18761
0
0
0.34909
0.0229533
0
0.06546
0
0
0
0
0
0.685553
0
0
0.0438333
0.0517033
0.503957
0
0.0120433
0.0516533
0.0202767
0.16622
0.06538
0
0
0
0
0
0
0
0
0
0
0
0
0
0
0
0.12774
0.120733
0.249807
0.126287
0
0
0.659513
0
0.0173933
0.173113
0
0
0
0.01614
0.10583
0.0254633
0.00555
0
0
0.0649567
0.211557
0
0
0.350043
0
0.05409
0
0.903507
0
0.129277
0
0
0.0732967
0.572173
0.0761833
0.845343
0
0.08315
0.0510933
0.35316
0
0.04986
0
0.221507
0
0
0.05124
0
0
0.06904
0
0.30292
0
0
0.170283
0.239473
0
0.104273
0.43219
0
0.16666
0.42488
0.576377
0
0
0
0.0664867
0.109373
0.13011
0.622653
0.23095
0.160223
0
0.251927
0
0
0.12966
0.20259
0
0
0
0
0.550437
0.274917
0
0
0.40102
0.488837
0
0
0.278683
0.198793
0
0
0
0.830607
0.0714667
0.0363133
0
0.0449767
0.140613
0
0.105713
0.0168967
0
0
0.202483
0.248803
0
0.685717
0.146977
0.108563
0.0562267
0.666817
0
0.0513267
0
0.459883
0
0
0
0
0
0.18993
0.76738
0
0
0
0.406227
0
0
0
0.11955
0.06081
0
0.87931
0.05845
0
0
0.199197
0
0
0
0
0.0440233
0
0.186547
0
0.33577
0.450647
0.535843
0
0
0
0
0
0
0.0514033
0
0.0667567
0.387103
0
0.0346367
0
0.0679367
0.23929
0.165273
0.01951
0.0505633
0.128897
0.120823
0.438553
0.37538
0
0.111343
0.17711
0
0
0.0492267
0
0
0.19488
0.0659467
0
0
0.0507467
0.121613
0
0.296683
0
0.314427
0
0.20889
0
0.25898
0
0
0.0191133
0
0.141613
0
0.122013
0.150087
0
0
0.873943
0
0.38352
0
0
0.39766
0.147603
0
0
0.0587267
0.0655267
0.398047
0.475707
0
0
0
0
0.238233
0.372057
0
0
0.61558
0.0660933
0
0.0677967
0
0
0
0
0
0
0.0577667
0
0
0.12226
0.23989
0
0.133153
0
0.0513667
0.00558667
0.05341
0
0.15813
0.0690567
0
0
0
0.387117
0
0.250787
0.44158
0.138193
0.456577
0
0
0.250273
0.0374267
0
0.109363
0
0
0.04424
0
0.171787
0.114267
0.338307
0.220457
0
0
0.436683
0.67291
0
0.121513
0
0
0
0.848403
0
0.0652233
0
0.138373
0.0663167
0
0
0.25166
0.387843
0
0
0.149213
0
0.284767
0.02233
0
0.232993
0
0.0566233
0.0696567
0.02385
0
0
0.1351
0
0
0.1827
0
0.0152433
0
0.324217
0
0
0.45425
0.320793
0
0
0.102223
0
0
0
0.0376867
0.158813
0.10961
0.467043
0.09546
0
0
0
0
0
0.0318867
0
0.420803
0.222707
0.56677
0.161227
0.308017
0
0
0.3377
0
0.75357
0.14693
0.295227
0
0
0.361103
0
0
0.0141833
0
0
0
0
0.66673
0
0
0.06545
0.06623
0
0.03766
0
0.39462
0.22909
0.10577
0.3027
0.22446
0.0860167
0
0.00806
0.28449
0
0
0
0.353077
0
0
0
0
0.438277
0
0.0659633
0
0.305507
0.06498
0.16086
0.127613
0
0
0
0
0.138077
0
0.0141833
0.08724
0.114337
0
0
0
0.0489933
0.139577
0
0.05184
0
0
0.0891567
0.413987
0
0.134193
0
0
0
0
0
0
0
0.127923
0
0
0
0.0223367
0.322053
0
0
0.648227
0.0658767
0
0
0.204547
0.0149333
0.191983
0.0917067
0
0
0.109373
0
0.116663
0.0456967
0
0
0
0.19149
0.657157
0.361297
0
0
0.144163
0.0485233
0
0.121627
0.535613
0.372347
0.118157
0.40975
0
0
0.0670567
0
0
0.0515
0
0.0652433
0
0.429937
0
0.515507
0.0645133
0
0
0
0.0562767
0
0.337973
0
0
0
0
0.04711
0.09782
0.333583
0
0.266043
0
0
0
0
0.484107
0.190533
0
0
0.446743
0.388637
0.716693
0
0
0.0929567
0
0
0.0366667
0
0
0
0
0.130093
0.0548933
0.140417
0
0.506403
0.0710633
0
0.104867
0
0
0.80636
0.0389867
0
0
0.709907
0
0
0.670967
0
0.52082
0
0.0508867
0
0
0
0.105927
0.173077
0
0.129533
0
0.658873
0.0541067
0
0.257623
0.13349
0.332093
0
0.143493
0
0
0
0
0.474963
0
0.0213633
0.0862633
0
0.08451
0.0732667
0.155253
0
0.416263
0.0123
0
0.125677
0
0.04623
0.137833
0.565297
0.00636
0
0
0.00641
0
0
0.269093
0.80819
0.537783
0.396757
0
0.02822
0.23581
0
0.03569
0.12114
0
0.241263
0.18741
0
0.317243
0
0
0.111883
0.133007
0
0.08056
0.38175
0
0.174567
0.0336233
0
0.0469067
0
0.0646067
0
0.185807
0
0
0
0.279897
0.0692133
0.03632
0
0.12899
0
0.160747
0.153697
0
0
0
0
0.0917933
0
0.0781633
0
0
0
0.151487
0.620133
0.429387
0
0.0295267
0.17606
0.314243
0.02207
0
0.07042
0.320993
0
0
0.0440733
0.03918
0
0
0
0.152577
0
0.100427
0.139463
0.18062
0
0.0748533
0
0
0
0.0581333
0
0
0.530183
0.0283233
0
0
0.08124
0.138197
0
0
0.07096
0.109403
0
0
0
0.06516
0.0187733
0
0
0.04505
0.177797
0.838477
0.7379
0.548233
0.216167
0
0
0
0.0646133
0
0.0583967
0.05089
0.06612
0
0
0.08457
0
0.666673
0.3494
0.904623
0.191857
0.346397
0.274603
0.0281567
0.413473
0.362173
0
0.138003
0
0
0
0
0.05697
0.149397
0
0.10945
0
0
0
0.26108
0
0.30942
0.0779733
0.595013
0
0.380647
0.39835
0
0.0151067
0.110567
0.124913
0.0599967
0
0
0
0
0.201827
0.12942
0
0
0
0.0946833
0.526657
0.331167
0
0
0.0515067
0.04701
0.44217
0.0952233
0.198493
0
0
0
0
0.37335
0
0.0607967
0
0.32015
0.233367
0
0
0
0.0390567
0.11662
0.0445667
0.206923
0
0
0.46059
0.493943
0
0.21652
0
0
0
0.12507
0.422197
0
0
0
0.08978
0
0
0
0.01735
0
0.0646933
0
0.00751667
0
0.10494
0.00649
0
0
0.77772
0.0513833
0
0.071
0.17575
0
0.33437
0
0
0.39683
0
0
0.296397
0.722507
0.120613
0
0
0
0.588913
0
0.12108
0
0
0.0847667
0.72259
0
0.123213
0
0.32036
0.0740533
0.181503
0
0.189713
0.0746233
0.314407
0.0650467
0
0.21049
0
0
0.31061
0
0.47445
0.12891
0.0712233
0
0.593933
0.36352
0
0.00736333
0.0628067
0.0183033
0.130097
0.287507
0
0.378753
0.251053
0
0.140347
0.0708133
0.04456
0.384537
0
0
0
0
0.03369
0.52642
0.402083
0.100467
0.32363
0.0843133
0.21081
0
0
0.377713
0.665767
0.41222
0.242903
0.38149
0
0
0
0.513567
0
0.24177
0.19227
0
0
0
0
0.202983
0.00537
0
0
0
0.358953
0
0.80154
0.00622
0
0.9066
0
0
0
0.342537
0
0.321773
0.0291233
0
0.0401767
0.0760667
0.217417
0
0.187593
0.229153
0
0.389073
0.183033
0
0
0.06617
0.42358
0
0.138983
0.08022
0.204207
0
0.05076
0
0
0
0
0.80591
0
0.289523
0
0.119763
0
0
0.437093
0.31696
0
0
0
0
0.11127
0.10547
0
0.360337
0.0649967
0.03555
0.0944067
0
0
0
0.136627
0
0.32651
0.136457
0
0
0
0.619943
0.57219
0.06653
0.07054
0
0
0.0903533
0
0.114593
0.643183
0
0.0649167
0.0223833
0.02553
0.0216
0.720807
0.36342
0
0.418673
0.161007
0
0
0
0.0686767
0.09
0.0689733
0
0
0.0354967
0.0824933
0.170247
0.249133
0
0
0.320717
0
0.160577
0.103397
0.26994
0
0
0
0
0.0568133
0
0
0.550597
0.00791
0.00696667
0.05672
0.31092
0.47363
0
0
0.05341
0.599737
0.461743
0
0
0
0
0
0
0
0.285523
0.27448
0.21316
0.0288833
0
0.39576
0
0.107683
0
0
0.01559
0
0.0338667
0.157013
0.21055
0
0.381313
0
0
0
0.138897
0.07135
0
0.188843
0.250977
0.50118
0
0.0509133
0.12346
0.392737
0
0.107547
0.0680167
0
0.05666
0.0544533
0.306527
0.0283367
0.72856
0.0377167
0
0.53355
0
0.512173
0
0.184043
0.21746
0
0.401863
0
0.7163
0
0
0
0.0221133
0.0212233
0
0
0.0593467
0.42723
0
0
0
0.33553
0.19489
0.431643
0.612697
0
0
0.648413
0
0.05193
0.0543067
0.08877
0.424997
0.276353
0
0
0.16111
0.25322
0
0
0
0.0602167
0.0794067
0.0688833
0
0
0
0.162437
0
0
0.06569
0
0
0.0408633
0
0
0
0.05033
0
0.414843
0
0.0253933
0
0
0.28848
0
0
0
0.22428
0.0502567
0
0.178997
0.0508567
0
0.222757
0.314567
0.54078
0.25245
0
0.84134
0.70627
0.13859
0
0
0.42554
0
0
0.314417
0
0.523507
0
0
0.08923
0
0
0
0.351607
0.121563
0
0
0
0.00797
0
0
0.48762
0
0
0.0334433
0.139793
0.248467
0
0.0148967
0.01986
0.367027
0
0.00733333
0.20739
0.0250233
0.138207
0
0.803597
0
0.0203933
0.0294367
0
0.0292933
0.109423
0.47494
0
0
0.02945
0.351393
0.447437
0
0
0.03572
0
0
0
0
0.00806
0.0213267
0
0.0509333
0.0643333
0.0166167
0.804147
0
0
0
0
0.269643
0
0
0
0.0294767
0.22793
0.0526733
0.188957
0.0537367
0
0
0.386063
0
0.823537
0
0
0.171063
0.134547
0
0
0.423963
0
0
0
0
0.0655633
0.22336
0
0
0.407603
0
0.446003
0.1559
0.0506167
0.0227433
0
0
0.102097
0
0
0.306923
0
0
0.62138
0.128373
0
0.0702733
0.81412
0
0.00578333
0
0
0.305783
0.28533
0
0.139977
0.17639
0
0
0.104573
0.13769
0.32077
0.10951
0
0
0.109967
0
0
0
0.0313933
0
0
0.0642633
0.21777
0
0
0
0
0.05441
0
0
0
0.185493
0
0
0
0
0
0.184083
0.249107
0
0
0
0
0
0.0502333
0
0.137457
0
0
0
0
0.105783
0.242327
0.0492033
0
0.150997
0
0
0
0
0
0.0735333
0.0653533
0
0.137987
0.235387
0
0.634597
0
0
0.12677
0.0642333
0
0
0.0795567
0.217687
0.50354
0.353063
0
0
0
0
0
0
0
0.239897
0.10441
0
0
0.177803
0.392773
0.16083
0
0.213683
0
0
0.0601833
0.0451667
0.57376
0
0.0404767
0
0
0.39165
0.134623
0.143077
0
0
0.01991
0.149693
0.00588
0.0892067
0
0.714543
0
0
0
0
0
0
0
0
0
0.15227
0.30316
0.22289
0.112663
0
0.512667
0
0
0
0.09918
0
0
0
0
0.203027
0
0.12949
0.459357
0.00578333
0
0.0573033
0.175703
0.0521967
0
0
0.06686
0.127077
0.33309
0
0.0605167
0
0.133253
0.18059
0
0.0503467
0.471947
0.0512933
0
0.39406
0.282677
0
0.378133
0
0.0223833
0
0.0427433
0.864203
0
0.08384
0.297287
0.189133
0
0
0.214467
0
0.04002
0
0.258897
0
0.32294
0
0
0
0.0188667
0
0
0
0
0
0
0
0.33024
0
0.08334
0
0.128387
0.532527
0
0
0
0.37266
0
0.128443
0
0.109397
0
0
0
0.0607367
0
0
0.42659
0
0.0694033
0.457373
0
0.15535
0
0.06912
0
0
0.01502
0
0
0.33429
0
0.38021
0.0365767
0
0.357543
0
0.562337
0
0
0
0
0.358507
0.105913
0.301507
0.0576967
0.04466
0
0.12203
0.07316
0
0
0.136627
0.37623
0
0
0
0
0.0657533
0
0
0.36392
0
0.742117
0
0
0.0460867
0
0
0
0
0.0238067
0.05885
0.118037
0.123943
0.0998867
0
0.255153
0
0
0
0.138413
0.510653
0.3784
0
0
0
0
0
0.333427
0
0
0
0.0127433
0.511247
0
0
0.412787
0.275387
0.0503533
0
0
0.129387
0.18029
0.20898
0.39301
0
0
0.13223
0.534557
0
0.0568633
0.10787
0
0.10107
0
0
0.433663
0
0.0378067
0
0.139813
0
0
0.0439533
0
0.377933
0
0
0
0
0
0.18633
0
0.0512367
0.0531067
0.122167
0.0232
0
0
0
0.139573
0.474073
0.302213
0
0.384917
0.30863
0.1159
0
0
0
0
0
0
0
0.328497
0.07056
0
0.88692
0
0
0.173857
0.328677
0.164383
0.138637
0.708167
0
0
0
0.0661833
0
0.32202
0
0
0
0.267257
0
0.0143367
0
0.00711333
0.647167
0.32516
0
0
0
0.48997
0.16584
0.13821
0.615857
0
0
0
0.68304
0
0
0
0.254913
0
0.0611767
0.0468667
0.32765
0
0.641057
0.0472933
0
0.443327
0.203187
0
0
0
0.13041
0
0
0
0.08252
0.0148267
0.0502133
0
0.20839
0.0326367
0.12841
0
0.353623
0
0.0796567
0
0.555573
0.268787
0.637247
0.243553
0.37757
0
0
0
0
0.0895033
0.12832
0
0
0.0558333
0.42717
0.246833
0.0478833
0.05965
0.0278067
0.28857
0
0
0
0.41861
0
0.0564833
0
0.51781
0
0
0.204187
0.0304367
0.550333
0
0
0
0.03551
0
0.38676
0.17179
0.01503
0
0
0.0888033
0.133277
0
0.424343
0
0.222013
0
0.566587
0.0228633
0.204093
0.251233
0.154523
0
0.42604
0.8456
0.0658767
0.08739
0
0.12273
0.0213867
0
0.02903
0
0
0.709033
0
0.465263
0
0
0
0
0.813867
0
0
0.120217
0.622293
0.14814
0
0
0
0
0
0.31012
0.100353
0
0
0
0.40597
0
0.0508067
0.750667
0.10939
0
0.172683
0.328273
0.0168533
0.03024
0.2226
0.06608
0
0.128257
0
0.0147433
0
0.00733667
0.25429
0.215247
0.322807
0.17006
0
0
0
0.0904567
0.1365
0
0
0
0.138177
0
0.13309
0.06093
0.448263
0
0
0
0
0
0
0
0
0.374637
0.06548
0.136277
0.139307
0.35087
0.198097
0
0.151107
0
0.0566233
0
0.31252
0.38922
0.356007
0.0817
0
0
0.13558
0
0.611547
0
0.40738
0
0
0.0603133
0
0
0.31711
0.40761
0
0
0
0
0
0.457503
0.38055
0
0
0.109343
0
0
0.291523
0.18529
0
0
0
0
0.129343
0.373063
0.403023
0.0333333
0
0.0502933
0.22521
0.109433
0
0.116167
0
0.0580133
0.10347
0
0
0
0
0
0.534523
0
0
0
0
0.05987
0.800097
0
0.0843833
0
0.0508867
0
0
0
0
0.41368
0.363383
0.82175
0.01113
0
0
0
0
0.42595
0
0
0.0380433
0.0741867
0
0
0.12978
0.43411
0
0
0.122337
0.20398
0.204163
0.0146067
0
0
0
0.369503
0.0857133
0.222117
0
0
0
0
