0
0
0
0
0.0495467
0
0
0
0
0
0
0
0
0
0
0
0
0
0.15793
0
0
0
0
0
0
0.0750567
0
0
0.0904667
0.0898267
0
0.194903
0
0
0
0
0.0387867
0
0
0
0
0
0
0
0.2117
0
0
0
0
0
0
0
0
0
0
0
0
0.01938
0
0
0
0
0
0
0
0.509947
0
0
0.25826
0
0.117877
0
0
0
0
0
0
0.0191367
0.0705333
0
0
0
0.138027
0
0
0
0
0
0
0
0
0
0
0
0.153193
0
0
0
0.0395667
0
0.01328
0.110623
0
0
0
0
0
0
0
0
0
0
0
0
0.04364
0
0
0.0135933
0
0
0
0.126627
0
0
0
0
0
0
0
0.264553
0
0
0
0
0
0.153783
0
0
0
0
0
0
0
0.198403
0
0.00817
0
0
0
0
0
0
0
0
0
0
0.18404
0
0
0
0
0
0
0
0
0.161313
0
0
0
0.0250433
0
0.110603
0
0
0
0
0
0
0
0
0
0.40343
0.15661
0
0
0
0
0
0.0398267
0
0
0.22251
0.0272867
0
0
0.0273433
0
0
0
0
0
0.571087
0
0
0
0
0
0
0
0
0.560143
0
0
0
0
0.0745667
0
0.00773
0
0
0
0.11336
0
0
0
0
0
0.06514
0
0
0
0
0
0
0
0
0.21185
0
0
0
0.00733
0
0
0
0
0
0
0
0.297987
0.48896
0
0.1489
0.0365767
0
0.54601
0
0
0
0
0
0
0
0
0
0
0
0
0
0
0
0
0.28265
0.30337
0.0135833
0
0
0
0.09704
0
0.186373
0
0
0
0
0.367487
0
0
0
0
0.40221
0
0.163987
0.06342
0.719763
0.59905
0
0
0
0
0
0
0
0
0
0
0
0
0
0.102103
0
0
0.682327
0
0.0131367
0.0524867
0.03513
0.1489
0
0
0
0
0
0
0
0.0579667
0.0947033
0
0
0
0
0
0
0
0.201437
0
0
0.69016
0
0
0.337673
0.368047
0
0
0
0
0
0
0
0
0
0
0
0
0
0
0
0
0
0
0
0
0
0
0
0
0
0
0
0
0
0
0
0.25248
0
0
0.02441
0
0
0
0
0
0
0.11372
0
0
0
0
0
0
0
0
0
0
0
0
0
0
0.396503
0
0
0
0
0
0
0
0
0
0.139777
0
0
0.205077
0
0
0.0232067
0
0
0
0
0
0.04451
0.13235
0.0312467
0.06371
0.684787
0
0
0
0
0
0.08045
0
0
0
0
0
0
0
0
0
0
0
0
0
0
0
0
0
0
0
0
0
0
0
0
0.05953
0
0
0.0361867
0
0
0
0
0
0.461757
0
0
0
0
0.3013
0
0
0
0
0
0.15103
0
0.100427
0
0
0
0
0.0217767
0.685213
0
0
0
0.0149967
0
0.04267
0
0
0
0
0.0445567
0.00625667
0
0
0
0
0
0
0
0.0138633
0
0
0.0272833
0
0.314093
0
0.07678
0
0
0
0.0221967
0.09103
0.0174267
0
0.36676
0.0830433
0.0483633
0
0
0
0
0
0
0
0.28862
0
0.06221
0
0
0
0.0450733
0
0
0
0
0
0
0
0
0
0.0146567
0.0677967
0
0
0
0
0.05489
0
0
0
0
0.0697333
0.143673
0.01117
0
0.0464367
0
0
0
0
0
0
0
0
0
0.249167
0
0.02491
0
0
0
0
0
0
0
0
0
0
0
0
0.11826
0.02916
0.0994267
0
0
0
0
0
0.671823
0
0.227287
0
0.122723
0
0
0
0
0
0
0
0.149317
0
0.0562833
0
0
0
0.06409
0
0
0
0
0
0.5534
0
0.61445
0
0
0
0.157483
0.0742
0
0
0.0416
0
0
0.0265467
0
0
0
0.688093
0.166327
0
0
0
0.7084
0
0.03226
0
0
0.01993
0
0.0514933
0.0192633
0
0
0
0
0
0.0195
0
0.0560867
0
0
0.66311
0
0
0
0
0.139977
0
0
0.100983
0
0
0
0.0143267
0.01938
0
0
0
0
0
0
0
0
0
0.0294367
0.0877867
0
0.08704
0
0
0
0
0
0.0225533
0
0.132617
0
0
0
0
0
0
0
0
0.0449567
0
0.3153
0
0
0.35073
0.00753667
0
0
0
0
0
0.0619067
0
0
0
0
0
0
0
0
0
0
0
0
0
0
0
0
0
0
0
0
0
0.0391233
0
0.00653333
0
0
0
0
0
0
0
0
0
0
0
0
0.00805667
0
0
0
0
0
0
0
0.0575433
0
0
0
0
0
0
0
0
0.0386167
0
0
0
0
0
0.20516
0
0
0
0
0
0
0
0
0
0
0
0
0.0902267
0.09484
0
0
0.108813
0
0.0291433
0
0
0
0
0
0
0
0
0.0707333
0.110687
0
0.17326
0
0
0
0.23669
0
0
0
0
0.0593233
0
0
0
0
0.15673
0
0
0
0.0260333
0
0
0
0
0
0
0
0.0496033
0
0.0547333
0
0
0
0
0.0860233
0
0
0
0
0
0
0
0
0
0
0.0667133
0
0
0
0
0
0
0
0
0
0
0
0.244117
0
0
0
0
0
0
0
0
0.375097
0.20894
0
0.255397
0
0.0412933
0
0
0
0.0192067
0
0
0
0
0.196723
0
0
0
0.0382833
0
0.0308467
0
0
0
0
0
0
0
0
0.281133
0
0
0
0
0.0651233
0
0
0
0
0
0
0
0
0
0
0
0
0
0
0
0
0
0
0
0
0
0.10547
0
0
0.05233
0
0.137323
0
0
0
0
0
0
0.03215
0
0
0
0
0
0
0
0
0
0
0
0
0
0
0
0
0
0
0
0
0
0.0443533
0
0
0
0
0
0
0.01665
0
0.06013
0.05875
0
0
0
0
0
0
0
0
0
0
0
0
0
0
0.00719
0
0
0
0.0709833
0
0
0
0
0
0
0.0149
0
0
0
0
0
0
0
0
0
0
0.35493
0
0
0
0.0214667
0.0074
0
0
0
0.02877
0
0
0
0
0
0
0
0
0
0
0
0
0
0
0
0
0
0
0
0
0
0.0516
0
0
0
0
0
0
0
0
0
0
0
0.0373733
0.204213
0
0
0
0.0373033
0.58318
0
0.03246
0
0
0
0.0808767
0
0
0
0
0
0.00817
0
0
0
0.0375867
0
0
0
0.0259
0
0
0
0
0
0.08442
0
0
0.0383733
0.0558167
0
0
0
0
0
0
0
0
0
0
0.0443367
0
0
0
0.01382
0
0
0.0365
0.0350333
0
0.10194
0
0
0
0
0
0
0
0.07428
0
0
0
0.0193733
0
0
0.16744
0.158143
0.00734333
0
0
0.46106
0
0
0
0
0
0
0
0.0129133
0
0.0454467
0
0
0.686033
0
0
0
0
0
0
0
0.00686
0.31675
0
0.00742667
0
0
0
0.0680967
0.04037
0.22002
0
0
0.0650533
0
0.13491
0.0321933
0
0.00673667
0
0
0
0
0
0
0
0
0
0
0
0
0
0
0
0
0
0
0
0.0295867
0
0
0
0
0
0
0
0
0.0296967
0
0
0
0.0515633
0
0
0
0
0.0650233
0.09615
0
0
0
0
0
0.00708333
0
0
0
0
0.0280933
0.564657
0
0.0502533
0
0
0
0
0.0500167
0.05198
0
0.28288
0
0
0
0
0
0
0
0.232473
0.179257
0
0
0
0
0
0.0345733
0
0
0
0
0
0
0
0.207273
0
0.00740667
0
0
0
0
0
0
0
0.0381633
0
0
0
0
0
0
0.00708333
0
0.160797
0
0
0
0
0
0.0667167
0.141963
0.00740667
0
0
0
0
0.23989
0
0.0107833
0
0.01992
0.08166
0
0
0
0
0.07081
0.02228
0.04406
0
0
0
0
0.364033
0
0.334213
0
0
0
0
0
0
0
0
0
0
0
0
0
0.0631667
0.0188867
0
0
0
0.02172
0
0
0
0
0
0
0
0
0
0
0.00827333
0
0
0.00711667
0.03381
0
0.0424667
0
0
0
0.0195267
0.0465067
0
0
0.0434133
0.0719667
0
0
0
0
0
0
0
0
0
0
0.0138167
0
0.01435
0.0222433
0.07161
0.78214
0
0
0
0
0
0
0
0
0.0225533
0
0.23036
0
0
0
0
0
0
0
0
0.0430767
0.15784
0
0
0.105483
0
0
0
0
0
0
0
0
0
0
0
0
0.0653867
0
0
0.02888
0.219803
0
0
0
0.241667
0.752127
0
0
0
0
0.07959
0
0
0
0
0
0.14771
0.0287467
0
0
0
0
0
0.452317
0
0.0259867
0.00997333
0
0
0
0
0
0
0
0
0
0
0
0
0
0
0
0
0
0.03132
0
0
0
0
0
0.02624
0
0
0.0267633
0
0
0
0
0
0
0.0557633
0
0.0323867
0
0
0
0
0
0
0.0534833
0
0
0
0
0
0
0.00740667
0.0566667
0
0.391743
0
0
0
0
0
0
0
0.00684
0
0
0.0374
0
0
0
0.0182733
0.14569
0
0
0.07585
0.0590367
0.49681
0
0
0.00750667
0
0
0
0
0
0
0.0753033
0
0
0
0.0243933
0
0
0.00653333
0
0
0
0
0
0
0.427407
0
0
0
0
0
0
0
0.0186967
0
0
0
0
0
0
0
0.120333
0
0
0
0.0906867
0
0
0
0
0
0.15379
0.0497467
0
0
0
0
0
0
0
0.08203
0
0
0.231733
0
0.0361733
0
0.687963
0.0313733
0.446613
0.192237
0
0
0
0
0.0687333
0
0
0.63054
0.41902
0
0
0
0
0
0
0
0.324807
0
0
0
0
0
0
0.00812667
0.0340267
0
0.0161333
0
0
0
0
0
0
0
0.02825
0
0.0132433
0
0
0
0
0
0
0
0
0
0
0
0.02144
0
0
0
0.00805667
0.0633167
0
0
0
0
0.00750667
0
0
0
0
0
0
0
0
0
0
0
0
0.0284567
0
0
0
0
0
0.274773
0
0
0
0
0
0
0
0
0
0
0
0
0
0
0.08084
0.132147
0.0285833
0
0.06547
0
0
0.246787
0
0
0
0.0101367
0
0
0.125463
0
0
0
0
0
0
0
0
0
0.0568067
0
0
0
0.0754333
0
0
0
0
0
0
0.278197
0
0
0
0
0
0
0
0
0
0
0
0.0144533
0
0
0
0.0325567
0
0
0
0
0
0
0.05714
0
0
0
0
0
0.00742667
0
0.0546
0
0
0.0692133
0
0
0
0
0.00711667
0
0
0.00812667
0
0.06115
0.0354667
0
0
0
0
0
0
0
0
0
0
0
0
0
0
0
0
0
0.0243933
0
0
0
0
0
0
0
0
0
0
0
0
0.04915
0
0
0.02491
0
0
0
0
0
0
0
0.00666667
0
0
0
0.61928
0
0
0
0
0
0
0
0
0
0
0
0
0
0
0
0
0.0985867
0
0.0579067
0.02355
0
0
0
0
0
0.120443
0
0
0
0
0
0
0
0
0
0
0
0
0
0
0
0
0
0
0
0
0
0
0
0
0.16058
0
0
0
0
0
0
0.06128
0
0.0146967
0
0
0
0.0640533
0
0.0144433
0
0.0078
0
0.0187733
0
0
0
0
0
0
0
0.0593567
0
0
0
0.00751
0
0.0389533
0
0
0
0
0
0
0.0191367
0.10522
0
0.0668133
0.0387167
0.218037
0
0
0.0708167
0
0
0.03444
0
0.0961633
0
0
0
0.190903
0
0
0
0
0
0
0
0
0.0337
0.0482933
0
0
0
0
0
0
0
0
0
0
0
0
0
0
0
0
0
0.116783
0.07701
0.02122
0
0
0
0
0.0606967
0
0
0
0.262403
0
0
0
0
0
0
0.07556
0.07525
0
0
0.472897
0
0
0
0.0195333
0
0.204143
0
0
0
0
0
0
0
0
0.0146967
0
0
0
0
0
0.0241567
0
0
0.552023
0
0
0.0197767
0.0369
0
0.12138
0
0
0
0
0
0
0
0
0
0.0148367
0
0
0
0.0282667
0
0
0
0
0
0
0
0
0
0.00684
0.0375767
0.0221967
0
0
0.0612967
0
0
0
0.0298733
0.06587
0
0
0
0
0
0.135023
0.157693
0
0
0
0
0
0
0
0
0
0
0
0
0
0
0
0
0
0
0
0
0
0
0
0
0
0
0
0
0
0
0.223517
0
0
0.0334167
0
0
0.0617367
0.0552067
0
0
0.0917233
0
0
0
0.0180667
0
0
0
0
0
0
0
0
0
0
0
0
0
0.2497
0
0
0
0
0
0
0
0
0
0
0
0.02975
0
0
0
0
0
0
0
0.01993
0
0
0
0
0
0
0
0
0.0153533
0
0
0
0
0
0
0.0775067
0
0
0
0
0
0
0
0
0
0
0
0
0
0.0284567
0
0
0
0
0
0
0
0
0
0
0.0127433
0
0
0
0
0.00711667
0.599417
0
0.48087
0
0
0
0
0.00648667
0
0
0
0
0
0
0
0
0
0
0
0
0
0
0
0
0.04562
0
0
0
0
0
0
0
0.01373
0
0
0
0
0
0
0
0
0
0
0.304783
0
0
0
0
0
0
0
0
0
0
0
0
0
0.0206933
0
0
0
0
0
0
0
0
0.523993
0
0
0
0.14021
0
0.0489267
0
0
0
0
0
0
0
0
0.0589167
0
0
0.15239
0.212393
0
0
0
0
0
0
0
0
0
0
0
0
0
0
0
0.295253
0
0
0
0
0
0
0.54694
0.0218733
0
0
0.41015
0.08412
0
0
0
0
0.00702
0
0
0
0
0
0
0.794503
0.100333
0.5701
0
0
0
0
0
0
0.0249367
0.0904833
0
0
0
0.0149
0
0
0
0
0
0
0.01546
0.0623
0
0.0916867
0
0
0
0.01935
0.802303
0
0
0
0
0.05036
0
0.06029
0.08278
0
0
0
0
0.695893
0
0
0.08398
0.0282833
0
0
0
0
0.0586767
0
0
0
0.146227
0
0
0
0
0
0
0.0908
0.131483
0
0.172997
0
0
0
0
0
0.679203
0
0
0
0
0
0
0
0
0
0.0267633
0
0
0
0
0
0
0
0
0
0
0
0
0.441617
0
0
0
0.211
0
0
0
0.172593
0
0
0.383803
0.0666367
0.00672
0.0214967
0.0631267
0.0422567
0
0.201867
0
0
0
0.267823
0.03407
0
0
0
0
0.05624
0
0
0
0
0
0
0
0
0
0.16867
0.0697133
0
0
0
0
0
0
0
0
0
0
0
0
0
0
0.06241
0
0
0
0.0208833
0
0.0132433
0
0
0
0
0
0
0
0
0.00767333
0
0
0
0
0
0
0
0
0
0
0
0
0
0.00805667
0
0
0.02736
0
0
0
0
0.314337
0.24137
0
0.0354033
0
0.21278
0.03209
0
0
0.580707
0
0
0
0
0
0
0
0
0.0149967
0
0.0136567
0
0
0
0
0
0.00966
0
0.243937
0
0
0
0
0.0342567
0
0
0
0
0.0503433
0
0
0.00799
0
0
0
0
0
0
0
0
0
0
0
0.0199067
0.183943
0
0
0
0.0504567
0
0
0
0
0.136023
0.671963
0
0.02975
0.231017
0
0
0.03948
0
0
0.02355
0
0
0
0
0
0
0
0
0.0447933
0
0
0
0
0
0
0
0
0
0
0
0
0
0.0708633
0.133717
0.640103
0
0
0.625033
0
0
0
0.0965467
0
0
0
0
0
0
0.496913
0
0
0
0
0
0.75865
0
0
0.462003
0
0
0
0.00639
0.05881
0.02802
0
0
0
0
0.279593
0
0
0
0
0
0
0
0
0
0
0.0210867
0
0
0
0
0.11673
0
0
0
0
0.109217
0
0
0
0
0
0
0
0
0
0
0
0
0
0
0.0462333
0
0
0
0
0
0
0
0
0.102633
0
0.02736
0
0
0
0
0
0
0
0
0
0
0
0.04146
0.0702033
0
0
0.0265433
0
0
0
0.00875667
0
0
0
0
0.02228
0
0
0
0.02562
0
0
0
0
0.03132
0.244917
0
0
0
0
0
0
0
0
0
0
0
0
0
0
0.31161
0
0
0
0
0
0
0
0
0
0
0.173563
0
0
0
0.00838667
0
0
0
0.313953
0
0
0
0
0
0
0
0
0
0
0.04344
0
0
0
0
0
0
0
0
0
0
0
0
0.14976
0
0
0
0
0
0
0.23053
0
0
0
0.0066
0.0576833
0
0.0596833
0
0
0.0456833
0
0
0
0
0
0
0
0
0
0
0
0
0.0909633
0
0
0
0
0.00997333
0
0
0
0
0.00966
0
0
0
0
0
0
0
0
0.0275633
0
0.303893
0
0
0
0
0
0
0
0
0
0
0
0
0
0
0.18722
0
0
0
0
0
0
0
0
0.06036
0.186613
0
0.0681167
0
0
0
0
0
0
0.205587
0
0
0
0
0
0
0
0
0
0
0
0
0
0
0
0
0
0
0
0
0
0
0
0
0
0.0187733
0
0.0130867
0
0
0.56289
0
0
0
0
0
0
0
0
0
0
0
0
0
0
0.00966
0
0
0
0.04581
0
0
0
0
0
0
0.183313
0
0.0885567
0
0.0383033
0
0
0
0
0
0
0
0
0
0
0
0
0
0
0
0
0
0
0
0
0
0.0103867
0
0
0
0.0731867
0
0
0
0
0
0
0
0
0
0
0
0
0
0.0438
0
0
0
0
0.0702167
0
0
0
0
0
0
0
0
0
0
0
0.121193
0
0
0
0
0
0.0693067
0
0
0
0
0.00849333
0.0211967
0.0343633
0
0
0
0
0
0
0
0.210277
0
0
0.352933
0
0
0
0
0
0
0
0
0
0
0.0932
0
0
0.0864467
0
0
0
0
0
0.111713
0
0
0
0
0
0
0
0.325137
0
0
0.540173
0
0
0
0
0
0
0
0
0.405667
0
0
0
0
0
0.01971
0.361977
0.248437
0
0
0
0
0
0
0
0
0
0
0
0.0285567
0
0
0
0
0
0
0.0376233
0
0.164707
0
0
0
0
0
0
0
0
0
0
0
0
0.0213567
0.0149967
0
0.0143267
0
0
0
0.0150767
0
0.06363
0
0
0
0
0.299913
0
0
0
0
0.134457
0.0196467
0
0
0
0
0
0
0
0
0
0.69773
0.0501833
0.289683
0
0
0.204213
0
0
0.113443
0.00702
0
0.0692033
0
0
0
0
0
0.0893367
0
0
0
0
0
0
0
0
0.0757767
0
0
0
0.0256567
0.02044
0
0.07716
0
0.04272
0.104183
0
0.01993
0.0255733
0
0.237933
0
0
0
0
0
0
0
0
0
0
0.298577
0
0
0
0
0
0
0
0.0271167
0
0.0307
0
0.01641
0
0
0.0228233
0
0
0
0
0.0888867
0
0
0
0
0
0
0
0.02014
0
0
0.0867633
0
0
0
0.02355
0.161547
0
0
0.0858333
0.08112
0.0552933
0.157503
0
0
0.00639
0
0
0
0.319247
0.0078
0
0
0
0
0
0.08849
0
0
0
0
0
0
0
0
0
0
0
0.06423
0
0
0.08818
0.0138633
0.140597
0
0
0
0
0
0
0.04599
0
0
0.0229067
0
0.0516033
0
0
0
0
0
0
0.00767333
0
0
0
0
0
0
0.04376
0.667597
0
0
0
0.02569
0
0
0
0
0
0.278597
0
0
0.396093
0
0.0214567
0
0
0
0
0
0
0
0
0
0
0
0.168243
0
0.0249367
0.20481
0.0194433
0
0
0
0
0
0
0.0385767
0
0
0
0.218263
0
0
0.13122
0
0
0
0
0
0.198147
0
0
0
0.07606
0
0
0
0.0196467
0.30909
0
0
0.12857
0
0
0
0.233777
0
0
0
0
0
0
0
0.0763467
0
0
0
0
0
0
0
0
0
0
0
0
0
0
0
0
0
0.0455133
0
0
0.210607
0.07641
0
0
0
0
0.0392167
0
0
0
0.01277
0
0
0
0
0
0
0.0811433
0
0
0
0
0
0.15543
0
0
0
0.167363
0.10177
0.0205033
0
0
0
0.08368
0
0
0
0
0
0
0.0197767
0
0
0.08587
0
0.03747
0
0
0
0
0.03014
0
0.0448367
0
0
0
0
0.251597
0
0
0
0
0
0
0.42791
0
0
0
0
0
0
0
0
0
0
0
0
0
0
0.03919
0
0
0
0
0
0
0
0.0256567
0
0
0
0
0.387847
0.0691733
0
0.00740667
0.173827
0
0
0
0
0
0
0
0
0.190773
0
0
0
0
0
0.01491
0
0
0.0435633
0
0
0.0294033
0
0
0
0.01837
0
0
0
0
0
0
0
0
0.46569
0
0
0
0
0
0
0.28922
0
0
0
0
0
0
0
0
0
0.0214667
0
0.0647933
0
0
0.04181
0.230657
0
0
0
0
0
0
0
0
0.0561767
0
0
0
0
0.0319433
0
0
0.512623
0
0
0.236683
0
0
0
0
0
0
0
0
0
0
0.0876133
0
0
0
0
0
0
0
0
0
0
0
0
0
0
0
0
0
0
0
0
0
0
0
0
0.0598633
0
0
0
0
0
0
0.09521
0
0
0
0
0
0
0
0
0
0.0202767
0
0.01959
0
0
0
0.16712
0
0
0
0
0
0.0145133
0
0.0381633
0
0
0
0
0
0.11817
0
0
0.704273
0
0
0
0
0
0
0
0
0
0
0
0
0
0
0
0
0.02161
0
0.15285
0
0
0
0
0
0
0
0
0
0
0
0
0
0
0.05012
0.04694
0
0
0
0
0
0
0
0
0
0
0
0
0
0
0.0420767
0
0
0
0
0
0
0
0
0
0
0
0
0
0
0
0
0
0
0
0
0.0882067
0.189877
0
0
0.487997
0
0
0.01641
0
0
0
0.00646667
0
0
0
0.00684
0
0
0
0.00773
0
0.00750667
0
0
0
0
0.0285367
0
0
0
0
0
0.240487
0
0
0.00646667
0
0.07375
0
0
0
0.02922
0.12973
0
0
0
0.0398467
0.00827333
0.01328
0.0566833
0.0195433
0
0
0
0
0
0.00686
0.0291133
0
0
0
0.373713
0
0
0
0
0.0642
0
0
0
0
0.147167
0
0
0
0.0242033
0
0
0
0
0
0
0
0
0
0
0
0
0
0
0.0218133
0.02524
0.06261
0
0
0
0.11087
0
0
0
0
0
0
0
0
0
0
0
0
0
0
0
0
0.00707333
0
0
0
0
0.0186433
0
0
0.0731367
0
0
0
0
0.1524
0
0.477967
0.0734433
0
0
0
0
0
0
0
0
0
0.0324833
0
0
0
0
0
0
0
0
0
0
0
0
0
0
0
0.0243867
0
0.18441
0
0.1732
0
0
0
0.0131367
0
0
0
0
0
0.0394367
0
0
0
0
0
0
0.0953167
0
0
0
0
0
0.0578733
0.0207533
0
0
0
0
0
0
0
0
0
0
0
0
0.0642633
0
0
0
0
0
0
0
0
0
0
0
0
0
0.146377
0
0
0
0
0.06213
0
0.0442833
0
0
0
0
0
0
0
0.0457333
0
0
0
0
0
0
0.0511367
0
0
0
0
0
0.0277433
0
0
0
0.0386067
0
0
0
0
0
0
0
0
0
0.100963
0
0
0
0
0
0
0
0
0
0
0.113307
0
0
0
0
0
0
0.0443467
0
0
0
0.0152
0
0
0
0
0
0
0
0
0
0
0.0666367
0
0
0
0
0
0.518517
0
0
0
0
0
0
0.202107
0
0
0.0282567
0
0
0
0
0
0
0
0
0
0
0.198543
0
0
0
0.0128867
0.0429667
0
0
0.0516333
0
0
0
0
0
0
0
0
0
0
0
0
0
0
0
0.212203
0.104957
0
0.0845067
0
0
0
0.0586533
0
0
0
0
0
0
0
0.2267
0
0
0.0329167
0
0
0
0
0
0
0
0
0
0
0
0
0
0.121623
0.00851
0.0493367
0.104473
0
0
0
0
0
0
0
0
0
0
0
0
0
0
0
0
0
0
0
0
0
0
0
0.09127
0
0
0
0
0
0
0
0
0
0
0
0
0
0.6236
0.13851
0.0414433
0
0
0.0452233
0
0.00639
0
0
0
0
0
0
0
0.0504567
0.29037
0.06099
0
0
0
0
0
0
0
0.147123
0
0
0
0
0
0
0
0
0
0
0
0
0
0
0
0
0
0
0
0.0131367
0
0
0
0
0
0.2327
0
0
0
0
0.0719133
0.03913
0
0.0903867
0
0
0.00875667
0
0
0
0
0.0667667
0
0
0
0.0154233
0
0
0
0.0250433
0
0
0.01373
0
0
0
0
0.30741
0
0
0.27078
0.0603
0.141557
0
0
0
0.231303
0
0
0
0
0
0
0
0.06944
0.20008
0
0
0
0
0
0.0198567
0
0.0652833
0
0
0
0
0
0
0.02245
0.0294367
0
0
0
0
0
0
0
0
0.07492
0
0
0
0.0656233
0
0
0.02183
0
0
0
0.02099
0
0
0
0
0.0616367
0
0
0
0
0
0
0
0.113063
0.0325367
0
0
0
0
0
0
0
0
0
0
0
0.00799
0
0
0.0504
0
0
0.04519
0
0
0
0
0
0
0
0
0
0.166027
0
0
0
0
0
0
0
0.04641
0
0
0
0.0358167
0.336883
0
0
0
0.0135933
0
0
0
0.0292833
0
0
0
0
0
0
0
0
0
0
0
0
0
0
0
0
0
0.07924
0.0642267
0
0
0.0282233
0
0
0
0
0
0.00637333
0
0.0434967
0
0
0
0
0
0
0
0
0.0296067
0
0.0145133
0.353177
0
0.0888833
0
0
0
0
0
0
0.01959
0
0
0
0
0
0.0225533
0
0
0
0
0.00740333
0
0
0.10021
0
0
0
0.0344567
0
0
0
0
0
0
0
0
0
0.0590667
0
0
0.00997333
0
0
0
0
0
0
0
0.0665533
0
0
0
0
0
0
0.0628333
0
0
0.00851
0
0
0
0
0
0
0
0
0
0
0
0
0
0
0
0
0
0
0
0
0
0
0
0
0
0
0
0
0.0305567
0
0
0
0
0
0
0
0.16066
0
0
0
0
0
0
0.00691667
0
0
0
0
0
0
0
0
0
0
0
0
0
0.196853
0
0
0.0219967
0
0.0192367
0
0
0
0
0
0
0.00686
0
0
0
0
0
0
0
0
0.0268767
0
0
0
0
0
0.02985
0
0
0
0.00733
0
0
0.01372
0
0
0.0631267
0
0
0
0
0
0
0
0.00663667
0.0554533
0
0
0
0
0
0
0
0
0
0
0
0.07534
0
0.399803
0.0074
0.0459733
0
0.0446067
0
0
0.35009
0
0
0
0
0.139883
0
0
0
0
0.0725833
0
0
0
0
0
0
0
0.00691667
0
0
0
0
0.108953
0
0
0.05039
0
0.00812667
0
0
0
0
0
0
0.00726333
0
0
0
0.00690333
0
0
0
0
0
0
0
0
0.166483
0
0
0
0
0
0
0
0.104963
0.0153533
0
0
0
0
0
0.18971
0
0
0
0
0
0
0.03835
0
0
0
0
0
0
0
0
0.718513
0
0
0
0
0
0
0
0
0
0
0.0586167
0
0
0.00740667
0
0
0
0
0.0375233
0.00719
0
0
0
0
0
0
0.02524
0
0
0.0066
0
0.00643
0
0
0
0
0
0
0
0
0
0
0
0
0
0
0.55032
0
0
0
0
0
0.0447967
0
0
0.03362
0
0
0
0
0
0
0
0
0
0
0.233617
0
0
0
0
0
0
0.03672
0.00686
0
0
0
0
0
0.49676
0
0
0
0.0535233
0
0
0
0
0
0
0
0
0
0
0
0
0
0
0.0164233
0
0.04492
0
0.10111
0
0
0.351067
0
0
0
0
0
0
0
0
0
0.0457667
0
0
0.22699
0
0
0
0.280923
0
0.0221467
0
0
0.0607167
0
0
0
0
0.0637267
0
0
0.652913
0
0.0566667
0.176867
0
0
0
0
0
0
0
0
0
0.00935333
0
0
0
0
0
0
0
0
0
0
0
0
0
0
0
0
0
0.0131367
0
0
0
0
0
0
0
0
0
0.02099
0.157413
0
0
0
0.0454467
0
0
0
0
0
0
0
0
0.104993
0
0
0
0
0
0
0.13568
0
0
0
0
0
0
0.0693233
0
0
0
0.0143267
0.08128
0.02028
0
0.0944367
0
0
0.0882167
0
0.0511833
0.0422467
0
0
0
0
0.77439
0
0
0
0.0128267
0.0385967
0
0
0
0.0824267
0
0
0
0
0
0
0.0107833
0
0
0
0.00713
0.0517233
0
0.05009
0
0
0
0
0
0
0
0
0
0
0
0
0
0
0.0636067
0
0
0
0
0.15807
0.0292033
0
0.06556
0.1008
0.05879
0
0
0
0
0
0
0
0
0
0
0
0
0
0
0
0
0
0
0.292497
0
0
0.0172033
0.0313733
0
0
0.186953
0
0.516553
0.168283
0
0
0
0
0.0614133
0
0
0
0
0
0
0
0
0
0
0
0
0
0.394683
0
0
0
0
0
0
0
0
0
0
0.00673667
0
0
0
0
0
0
0
0
0.14695
0
0
0
0
0
0
0
0
0
0
0.0194433
0
0.0343367
0
0
0
0.0215433
0
0
0
0
0
0
0
0
0.0313733
0
0
0
0
0.144537
0
0
0.10035
0.06437
0
0
0
0
0
0
0
0
0
0
0
0
0.0521533
0
0
0
0
0
0
0
0
0
0
0
0
0.30104
0
0
0
0
0
0.0442633
0
0
0
0
0.152757
0
0
0.0331333
0.0451967
0
0
0
0
0
0
0
0
0
0
0.0848
0
0
0
0
0
0
0
0.0180833
0
0.07091
0
0
0
0
0
0
0
0
0
0
0
0.0183367
0
0
0
0
0.04277
0
0
0
0
0
0
0
0
0.0953367
0
0.0203733
0
0
0
0.0440133
0.0298133
0
0.12179
0
0
0
0
0
0
0
0.338417
0
0
0
0.0464967
0
0
0
0
0
0
0.0872833
0
0
0
0.347357
0
0
0
0
0
0
0.114683
0.16133
0
0
0
0
0
0
0
0
0
0
0.0689
0
0.07484
0
0
0
0
0
0.0719933
0
0.00864333
0
0
0
0.347317
0
0
0.718867
0
0.0188133
0.02172
0
0
0.0304167
0
0.0222433
0.111827
0
0
0
0
0
0
0
0.0509667
0
0
0
0
0
0.16419
0
0
0.0492
0
0
0
0
0
0
0
0
0
0
0.37788
0
0
0
0
0.0215433
0.0381633
0
0
0
0
0
0
0
0.02117
0.0575433
0
0
0.0241267
0
0
0
0
0
0
0
0
0
0.230717
0
0
0
0
0
0
0
0
0
0
0
0
0
0.0193433
0
0
0
0
0
0
0
0
0.0281267
0
0
0
0
0
0
0
0
0
0
0
0
0
0
0
0
0
0
0
0
0
0
0
0
0
0
0
0
0
0
0
0.0229067
0
0
0
0
0.0630867
0
0
0
0.0808767
0
0
0
0
0
0.05301
0
0
0
0.03629
0
0
0.308843
0
0
0
0.0308267
0
0.01873
0
0
0.71332
0
0
0
0
0.07338
0
0
0
0
0
0
0
0
0
0
0
0
0.261827
0.03444
0
0
0
0
0.02355
0
0
0
0.658543
0
0.0437533
0.0287467
0
0
0
0
0
0.19529
0
0
0
0
0
0
0
0
0
0
0
0
0
0
0
0.0838
0
0
0
0.0627433
0
0
0
0
0
0.0497067
0
0
0
0.06312
0
0
0
0
0
0
0
0.103513
0
0
0
0
0.1409
0
0
0.0198567
0
0
0
0
0.0195267
0
0
0
0.2314
0
0.323883
0
0
0
0
0
0
0
0
0
0
0.06935
0
0.0892167
0
0
0.18928
0
0
0
0
0.0599067
0
0
0
0
0
0
0
0
0
0
0
0.10343
0.164823
0
0
0
0.15229
0.00837667
0
0
0
0
0
0
0
0
0.10316
0.01536
0
0
0
0
0
0
0.308017
0
0
0.0217333
0.08504
0
0
0
0
0
0
0
0
0
0
0
0
0
0
0
0
0
0
0
0
0
0.453077
0
0
0.05655
0
0
0
0
0
0
0
0.04129
0
0
0
0.00707
0
0
0.16233
0.613967
0.730903
0
0
0
0
0
0
0
0.0571833
0
0
0
0
0
0
0
0
0
0
0.0398
0
0
0
0
0
0
0
0.0378467
0
0
0
0
0.0078
0.0933067
0
0
0
0
0
0
0.0744067
0
0
0
0
0
0
0
0
0
0.0586033
0
0
0
0
0
0.461163
0.0491033
0
0
0
0
0
0
0
0
0
0
0
0
0
0
0.0255733
0
0.0685033
0
0
0
0
0
0.0758867
0
0
0
0
0
0.07314
0
0
0
0
0
0
0
0
0.03051
0
0.00697333
0
0.06328
0
0
0
0.0349233
0.0429567
0
0
0
0.0233433
0
0.0619633
0
0
0
0
0
0
0
0
0
0
0
0
0.06152
0
0
0.111773
0
0
0
0
0
0
0
0
0
0
0
0
0
0
0
0
0
0
0.04522
0.00731333
0
0
0
0
0
0.00838667
0.0704267
0
0
0
0
0
0.0294967
0
0
0
0
0
0
0
0
0.05111
0
0
0
0
0
0
0
0
0
0.11762
0.11756
0.199797
0
0
0.0510367
0.0164233
0.572327
0
0
0
0
0
0
0
0
0
0
0
0.03014
0
0
0
0
0
0
0
0
0
0
0.0609733
0
0
0
0
0
0.0304167
0
0
0.325243
0
0
0
0
0
0
0
0
0
0
0
0
0
0
0
0
0
0
0
0
0
0
0
0
0
0
0
0
0
0
0
0
0
0
0
0
0
0
0
0
0
0
0
0
0
0
0
0
0
0
0
0
0
0
0.17939
0.0969733
0
0.0493233
0
0
0
0
0
0
0
0.47696
0.00773
0
0
0
0
0.00837667
0.0322667
0.00673667
0
0
0.1249
0
0
0
0
0
0
0
0
0
0
0
0
0
0
0
0
0
0
0
0.0362433
0
0.12832
0
0
0
0
0
0
0
0
0
0.0441933
0
0
0
0
0
0
0
0
0
0
0
0
0
0
0.00708333
0
0
0
0
0
0
0.407937
0.103787
0.174063
0.19865
0
0
0
0
0
0
0
0
0
0
0.0161
0.0066
0
0
0.03051
0
0
0
0.17838
0
0.05615
0
0
0.219783
0.00638
0
0
0.0647167
0
0
0
0
0.01328
0
0
0
0
0
0
0
0.389933
0
0
0
0.07769
0.324067
0.00726333
0
0
0
0
0.0492233
0
0
0
0
0
0
0
0
0
0.0188867
0
0
0
0
0
0
0
0
0
0.0325433
0
0
0
0
0
0
0
0
0
0
0
0
0
0
0
0
0
0
0.113013
0
0
0
0
0.215693
0.0298733
0.07891
0.309047
0
0
0
0
0
0
0
0
0
0
0
0.178317
0
0
0
0
0
0.0128267
0
0
0
0
0
0
0
0
0
0
0
0
0
0
0
0
0
0
0
0
0.624793
0
0
0.00740333
0
0
0
0
0
0
0.02507
0
0
0
0.0596433
0
0
0
0.0679033
0
0
0
0
0
0.0282867
0
0.09457
0
0
0
0
0
0.06744
0.146537
0
0
0
0.0436333
0
0
0.606587
0
0
0
0
0
0
0
0
0
0
0
0
0.142537
0
0
0
0
0
0.657137
0
0
0.00838667
0.01521
0
0
0
0
0
0
0
0
0
0
0
0
0
0
0
0
0
0
0
0
0
0
0
0.08261
0
0
0
0
0
0.0488933
0
0
0
0.0346433
0
0
0
0
0
0
0
0
0
0.12394
0
0.0633133
0
0.05062
0
0
0.0735467
0.08165
0
0
0.0445433
0.0262933
0
0
0
0
0.48369
0
0
0
0
0
0
0
0
0
0
0
0
0
0
0.00864333
0.05902
0
0
0
0.464453
0
0
0.04146
0
0
0
0.07063
0
0
0
0.0815133
0
0
0.28167
0
0
0
0
0
0
0
0
0
0
0.397783
0.0633433
0
0
0
0.17379
0.0274933
0
0
0
0
0
0
0
0.0611633
0
0
0
0
0
0
0
0
0
0
0
0
0.341727
0
0
0
0
0
0
0
0
0
0
0
0
0
0
0
0
0
0
0
0
0
0
0
0
0
0
0
0
0
0
0.00827333
0
0
0.0726533
0
0.22035
0
0
0
0
0
0
0
0
0
0
0
0
0
0
0
0
0.0751733
0
0.0228933
0
0
0.05929
0.0615033
0
0
0
0
0
0
0
0
0.0719633
0
0.0307233
0
0
0
0
0
0
0.0182733
0
0
0
0.00827333
0
0
0
0
0
0
0.0521033
0
0
0
0
0
0
0
0
0
0.00653
0
0
0
0.0713233
0
0
0.00653
0
0
0
0.17348
0
0
0
0
0
0
0
0
0
0
0
0
0
0.54314
0.11461
0
0.100097
0
0
0
0
0.222247
0
0
0.0214567
0
0
0
0.06958
0
0
0
0.752737
0.125123
0
0
0.0232467
0.57636
0
0
0
0
0
0
0.671957
0
0
0
0
0
0
0
0
0
0
0
0
0
0
0
0
0.0205267
0.00742667
0
0
0
0
0
0.04
0
0
0
0.0344867
0
0
0
0
0.0180667
0
0
0
0
0
0
0.223173
0
0
0
0
0
0
0.17589
0
0
0.0296033
0
0
0
0
0
0
0
0
0.04043
0
0.05931
0
0
0
0
0.0387933
0.0214667
0
0
0
0.0199333
0
0
0
0
0
0
0
0
0.00708333
0.179057
0
0.01971
0
0
0
0
0
0
0
0.0671267
0
0
0
0
0
0
0
0
0
0
0
0
0
0
0
0.0218133
0
0
0.0259
0.02704
0
0
0
0.0946433
0
0
0
0
0
0
0
0
0.255903
0
0
0
0.0505133
0
0
0
0
0
0
0
0
0
0
0
0.0437233
0.150737
0
0
0
0.517453
0
0.0590533
0
0
0
0
0.0673833
0.09565
0
0.103303
0
0
0
0
0
0
0.275433
0
0
0.127777
0.164723
0.0698833
0
0
0
0
0
0
0
0
0
0.00637
0.0373167
0
0
0
0
0
0
0
0
0
0
0
0
0
0
0
0.06654
0
0
0
0
0
0
0
0
0
0
0
0
0
0
0
0
0.0135833
0
0
0
0
0
0
0
0.0221467
0
0
0
0
0
0
0
0
0
0
0.04864
0
0
0
0
0
0
0
0
0
0.118067
0
0
0
0.0221967
0.00935333
0
0
0.0766133
0.08584
0
0.47255
0.235753
0
0
0
0
0
0.184373
0
0
0
0
0
0
0
0.435507
0
0
0
0.0298733
0
0
0
0
0
0.107443
0
0
0
0
0
0.144673
0
0
0
0
0
0.0282933
0
0
0
0
0.338783
0
0
0
0
0
0
0
0
0
0
0
0
0
0.172997
0.0595967
0
0
0
0.112217
0
0
0
0
0.141897
0.0530367
0
0
0
0
0
0.0591633
0
0
0
0
0
0
0
0
0
0
0
0
0
0
0
0
0
0
0
0
0
0.34282
0.216703
0
0.03673
0
0
0
0
0
0
0
0
0
0
0
0
0.391903
0
0.09152
0
0
0
0
0
0.04655
0
0
0
0
0
0
0
0
0
0
0
0
0
0
0
0
0
0
0
0
0
0
0
0
0
0
0.00814
0.02188
0
0.0284567
0
0
0
0
0
0
0
0
0
0
0
0
0
0
0
0.02117
0
0
0
0
0
0
0
0
0
0
0
0
0.01935
0.0193433
0
0
0
0
0
0
0.0907333
0
0
0
0
0
0
0
0
0
0.0280033
0.42968
0
0
0
0
0
0
0
0
0
0
0
0
0
0
0
0
0
0
0
0
0
0.10508
0
0
0
0
0
0
0
0
0
0.0191067
0.0908533
0
0
0
0
0
0
0
0
0
0.376273
0
0
0
0
0
0
0
0
0
0
0.130663
0.425993
0
0
0
0
0
0
0
0
0
0
0.288453
0
0
0
0
0.02289
0
0
0
0
0
0
0
0
0.0234467
0
0
0.01954
0
0
0
0
0
0
0
0
0
0.100153
0
0
0
0
0.07787
0
0
0
0
0
0
0
0.0298133
0
0.0331533
0
0
0.0649733
0
0
0
0
0
0
0.03651
0
0
0
0
0
0
0
0.0543933
0
0.758733
0.0898933
0
0
0
0
0
0
0
0
0
0
0.02227
0
0
0
0
0
0.03513
0.0949867
0
0
0
0
0
0
0.0662933
0.602797
0.0634933
0
0
0.0890133
0
0
0
0
0
0
0
0
0
0
0
0
0
0
0.143107
0
0
0
0
0
0
0
0
0
0
0
0
0
0.0362333
0
0
0
0
0
0
0
0
0
0
0.0398267
0
0
0
0
0
0
0
0
0
0.446347
0
0
0
0.0210467
0
0
0.01382
0
0.0222733
0
0.405477
0
0
0
0
0
0.01442
0
0
0
0
0.0191067
0
0
0
0
0
0
0
0.10651
0.01988
0
0
0
0
0.0439033
0
0
0
0
0
0
0
0
0
0.0448333
0
0
0
0.03334
0
0
0
0
0
0
0
0.261823
0
0
0
0
0
0
0
0.125937
0.319263
0
0
0.500933
0
0.176503
0
0
0.0198733
0.4027
0
0.290877
0.0556567
0
0
0
0
0
0
0
0
0
0
0
0
0
0
0
0.14317
0.201703
0
0
0
0
0
0
0
0
0
0
0
0
0
0.0138633
0
0
0
0.02122
0
0
0
0
0
0
0
0
0
0
0
0
0
0
0
0
0
0
0
0
0
0.258077
0.22834
0.01117
0
0
0
0
0
0
0
0
0.0840567
0
0
0
0
0.0138333
0
0
0.0219967
0
0
0
0
0
0
0
0
0
0
0
0
0
0.124117
0
0
0
0
0
0
0
0
0
0
0
0.0510333
0
0
0
0
0
0.0229133
0
0
0
0
0
0
0
0.10548
0.382573
0
0.119177
0
0
0
0
0
0.161657
0
0
0
0
0
0
0
0
0
0
0
0.102347
0
0
0
0
0
0.39733
0
0
0
0
0
0
0.17379
0
0
0.103777
0
0.00941333
0.189057
0
0
0
0
0
0
0
0
0
0
0
0
0
0
0
0.0897267
0
0
0
0
0
0
0
0
0
0
0
0.0245633
0
0
0
0
0
0
0
0
0
0
0
0
0.02355
0
0.190743
0
0
0
0
0
0
0
0
0
0
0
0
0
0
0
0
0
0.22944
0.0556633
0
0.1373
0
0
0.06386
0
0
0
0
0
0
0
0
0
0
0.0242033
0
0
0.0271733
0
0
0
0
0.0656067
0
0
0
0
0
0
0
0
0
0
0
0
0
0
0.0221
0
0
0
0
0.02037
0
0
0
0
0.09055
0
0.114667
0
0
0
0.07046
0
0.34434
0.133507
0
0
0
0
0
0
0
0
0
0
0
0
0
0
0
0
0
0
0
0
0
0
0
0
0.767097
0
0
0
0
0
0
0.17363
0
0
0
0
0
0
0
0
0
0.185823
0
0
0
0
0
0
0
0
0
0
0
0
0
0
0
0
0.0255767
0.08093
0
0
0
0
0
0
0
0
0
0
0
0.0221933
0
0
0
0
0.01853
0
0
0
0
0
0.196413
0
0.182397
0.0242033
0
0
0
0
0.06337
0
0
0
0
0
0
0
0
0
0
0
0
0
0
0
0
0
0
0
0
0.0427867
0
0.10108
0
0
0
0
0
0
0.07358
0.688887
0.108093
0
0
0
0.0222367
0
0
0
0
0
0
0
0
0
0
0.0223667
0.08466
0
0
0
0.00707333
0
0.05985
0
0
0
0
0.0144533
0
0
0.0771667
0
0
0
0
0
0
0
0
0.0739267
0
0
0
0
0
0
0
0
0
0
0
0.0232467
0.0546467
0
0
0
0
0
0
0
0
0
0
0
0
0
0
0
0
0
0
0
0
0
0
0
0
0.0128867
0
0
0
0.03858
0
0.374673
0
0
0
0
0
0
0
0
0.22136
0
0
0
0
0
0
0
0
0
0
0.0459633
0
0.05638
0
0
0
0
0
0
0
0.161593
0
0
0
0
0
0
0.719093
0
0
0
0
0
0.138563
0
0
0
0
0
0
0
0
0
0.0136567
0
0
0
0
0
0
0
0
0
0.0298133
0
0
0.0305567
0
0
0
0
0.0219833
0
0
0.03513
0
0.04301
0
0
0
0
0
0
0
0
0
0
0
0
0
0
0
0
0
0
0
0
0
0.01546
0.00726333
0
0
0
0
0.106533
0.00849333
0
0
0
0
0
0
0
0
0
0
0
0
0
0
0
0
0
0
0
0
0
0.0333067
0
0
0
0
0
0
0
0
0.0591433
0
0
0
0
0
0.0690967
0
0.09513
0
0
0
0
0.00719
0
0
0
0
0
0
0.02355
0
0
0
0
0
0
0
0
0
0
0
0.0307767
0
0
0
0
0.189443
0
0
0
0.00799
0.04004
0
0
0
0
0.140547
0
0
0
0.06101
0
0
0
0
0
0
0
0
0.00827333
0
0.08002
0
0
0
0
0
0
0.36791
0
0
0.13477
0
0
0
0
0
0.03171
0
0.14037
0
0
0
0
0
0
0
0
0
0
0
0.440273
0
0
0
0
0.05627
0
0
0
0
0
0
0
0
0.01382
0
0.0628333
0.0665633
0
0
0
0
0
0.0309033
0
0
0
0
0
0
0.06438
0
0.159743
0
0.02888
0.0243867
0
0
0
0
0
0
0
0
0
0
0
0
0
0
0
0
0
0.20058
0
0
0
0
0
0
0
0
0.0596467
0
0
0
0
0
0
0
0.0209933
0
0
0
0
0.0219967
0
0
0.149863
0
0
0
0
0
0
0
0.0626733
0
0
0
0.0191367
0
0
0
0
0
0.00937
0
0
0
0
0
0.123937
0
0
0
0.0217333
0
0
0.13426
0
0
0
0
0
0
0.0518833
0
0
0
0
0
0.0292933
0
0
0.02985
0.339157
0
0
0
0
0
0.0778733
0
0
0
0
0
0
0.0206767
0
0
0
0
0
0
0
0
0
0
0
0
0
0
0
0
0
0
0
0
0.0680367
0
0
0.36059
0
0
0.19124
0
0
0
0
0
0
0
0
0
0
0
0
0
0.00711667
0
0
0
0
0
0
0
0
0
0
0.493827
0
0
0.0375233
0.0282567
0.0592433
0
0
0
0
0
0
0
0
0
0
0
0
0
0.0214667
0
0
0
0
0
0
0
0
0
0
0
0
0
0.106203
0
0
0.0289967
0
0
0
0
0
0.360227
0
0
0
0.130783
0
0
0
0
0
0.19193
0
0.04434
0
0
0
0
0.0233433
0
0
0
0
0
0
0.08787
0
0
0
0
0
0
0.06243
0
0
0.42734
0
0.0411033
0.62347
0
0
0
0
0
0
0
0
0
0
0
0
0
0
0
0
0
0
0
0
0
0
0
0
0
0
0.533277
0
0
0
0.0629733
0.116053
0
0
0
0
0
0
0
0
0
0
0
0
0
0
0
0
0
0
0
0
0
0
0
0.04065
0
0
0
0
0
0
0
0
0
0
0.0519433
0.0486133
0
0
0
0
0.0287433
0
0
0
0
0
0
0
0
0
0.618083
0
0
0
0
0
0
0
0
0
0
0
0.06906
0
0
0
0
0
0
0.01992
0
0
0
0
0.00726333
0
0
0
0.0172033
0.0278833
0
0
0
0.0598867
0
0
0
0
0
0
0.197363
0.0536933
0
0
0
0
0
0
0
0
0
0
0
0.693777
0.348413
0.16158
0
0
0
0
0
0
0
0
0
0
0
0
0
0
0.04582
0
0
0
0
0
0.0771267
0
0.06296
0
0
0
0
0
0
0
0
0
0
0.04496
0
0
0
0
0
0.11635
0
0
0
0
0
0.01979
0
0.0218133
0
0
0
0.0365433
0.0074
0
0
0
0
0.04931
0.16005
0.00646667
0
0
0
0
0
0
0
0
0
0
0.0971467
0
0
0
0
0
0
0
0.25229
0
0.207247
0
0
0
0.0567367
0.0324433
0.0267067
0
0
0
0
0
0.05306
0
0.0325567
0
0
0
0
0.0331867
0
0
0
0
0
0
0
0.00707
0.14923
0
0
0
0
0.0719267
0.01486
0
0
0
0
0
0
0
0
0
0
0.0229067
0.0249367
0
0
0
0
0
0
0.04427
0
0.101437
0
0.0282667
0
0
0
0
0
0
0
0
0
0
0
0
0
0.02277
0.02976
0
0
0
0
0
0
0
0
0
0
0
0
0
0
0.0287467
0
0
0
0
0
0
0
0
0
0
0
0
0
0.01984
0.0217333
0
0
0.03028
0
0
0
0
0
0
0.0249367
0
0
0
0
0
0
0.0278
0
0
0
0
0
0
0
0
0
0
0
0
0
0
0
0
0
0
0.04334
0
0
0
0
0
0
0
0
0
0
0
0
0
0.0208833
0.0735067
0
0
0
0
0
0
0
0
0
0
0
0
0
0
0
0
0
0
0
0
0
0
0
0
0
0
0
0.0223667
0
0
0
0
0
0
0
0
0
0
0.0422833
0
0
0
0
0
0
0
0.0539933
0
0
0.0344533
0
0.0445167
0
0
0
0
0
0
0.0444367
0
0
0
0
0
0
0
0
0
0
0
0
0.04351
0
0
0
0
0
0
0
0
0
0
0.0486967
0
0
0
0
0
0
0
0
0
0
0
0
0
0
0
0
0
0
0.0444433
0
0
0
0.06277
0
0
0
0
0
0
0
0
0
0
0
0
0.0666533
0
0
0
0
0
0.0405
0.00711667
0
0
0
0
0
0
0
0
0
0
0
0
0.0667867
0
0
0
0
0
0.0418733
0
0
0
0
0
0
0
0
0
0
0
0.0740533
0
0
0.01959
0.09475
0
0
0
0.0443167
0
0
0
0
0
0
0
0
0.0691867
0
0
0
0
0
0
0
0
0
0
0.06474
0.0397133
0
0
0
0
0
0
0
0
0
0
0
0
0
0
0
0
0
0
0
0
0
0
0
0
0
0.04845
0.0135933
0
0
0
0
0
0
0
0
0
0
0
0
0
0
0
0
0
0
0
0
0
0
0
0
0.0225067
0
0
0
0
0
0
0
0
0
0
0
0
0
0
0.01536
0
0
0
0
0.04216
0.128277
0
0
0
0
0
0
0
0
0
0.0191367
0
0
0
0
0
0
0
0
0
0
0
0
0
0
0
0.0187733
0
0
0
0
0
0
0
0
0
0
0
0
0
0
0
0
0
0
0
0
0
0
0
0
0
0
0.0217333
0
0
0
0
0
0
0
0
0
0
0
0
0
0
0.00707
0
0.0218733
0
0.0188133
0.101353
0.1251
0
0
0
0
0
0
0
0
0
0.0672
0.02224
0
0
0
0
0
0
0
0.637553
0.01553
0.0191067
0
0
0
0
0
0
0
0.0632367
0.0707767
0.157003
0
0
0
0
0
0
0
0
0
0.02224
0.06744
0
0
0
0
0
0.05808
0.0793367
0.0222633
0.07338
0
0.452767
0
0
0
0
0
0
0
0
0
0
0
0
0
0
0
0.0343333
0
0
0
0
0
0
0
0.04967
0
0
0
0
0
0.01413
0.0191067
0
0
0
0
0
0
0
0
0
0
0
0
0
0
0
0.0348733
0
0
0.06334
0
0
0
0
0.143663
0
0
0
0
0
0
0
0
0
0
0
0
0
0
0
0
0
0
0.0299267
0
0
0
0
0
0
0.01373
0
0
0
0.03132
0
0
0
0.0512633
0
0
0
0
0
0
0.611297
0
0
0
0
0
0
0.0754
0.17433
0.0813433
0.0130167
0
0
0
0
0
0
0
0
0
0
0
0
0
0
0
0
0
0
0
0
0
0
0
0
0.0228233
0.0492933
0.124183
0
0
0
0
0.03825
0.09648
0
0
0
0
0
0
0
0
0
0
0
0
0
0
0
0
0.0232467
0.00638
0
0
0
0
0
0
0
0
0
0
0
0
0.00711667
0
0
0
0.0442833
0
0
0
0
0
0
0
0
0
0
0
0
0
0
0
0
0
0
0
0
0
0
0
0
0
0
0
0.09033
0.02631
0
0
0
0
0
0.0224167
0
0
0.01971
0
0
0
0
0
0
0
0
0.00835333
0
0
0
0
0.509987
0
0
0
0
0
0
0.0256567
0
0.308373
0
0
0
0
0.0877433
0
0
0
0
0
0
0
0
0
0
0
0
0
0.44392
0
0
0.06354
0
0
0
0
0
0
0.0773633
0
0.178047
0
0
0
0
0
0
0
0
0
0
0
0
0
0
0
0
0
0
0.0634433
0
0.1558
0
0
0
0.0611033
0.06911
0
0
0
0
0
0
0
0
0
0
0
0
0.0211233
0
0
0
0
0.0596267
0.04531
0
0.03922
0
0
0
0
0
0
0
0
0
0
0
0
0
0
0
0
0
0.0183367
0
0
0
0
0
0
0
0
0
0
0
0
0
0
0
0
0
0.08038
0.121287
0.0380933
0
0
0
0
0
0
0
0
0.02161
0
0.09203
0
0
0
0
0
0
0
0
0
0.0231733
0
0
0.00838667
0.08925
0
0.00941333
0.01962
0
0
0
0
0
0
0.0154233
0
0.07252
0.00835333
0
0
0
0
0
0
0
0
0
0
0.357413
0
0
0
0
0
0
0
0
0.0259633
0
0
0
0
0
0
0
0
0
0
0
0
0
0.07507
0
0
0.0651533
0
0
0
0
0
0
0
0
0
0
0
0.0384567
0
0
0.12831
0
0
0
0
0
0
0
0
0
0
0
0.604417
0
0
0
0
0
0
0
0
0.132807
0
0.07256
0
0
0
0
0
0
0
0
0
0
0
0
0
0.485423
0
0
0.0242467
0
0
0
0
0
0
0
0
0
0.12251
0.0795533
0
0.133783
0
0
0
0
0.156897
0
0
0
0
0
0
0
0
0
0
0.0664767
0
0
0
0.04845
0
0
0.04043
0
0.246377
0
0
0
0
0
0.0932633
0
0
0
0
0
0
0
0
0
0
0
0
0
0
0
0
0.0462467
0
0
0
0
0
0
0
0
0
0.02795
0
0
0
0
0
0.28762
0.119307
0.0555367
0
0.00875667
0.0131367
0
0
0
0
0.0491033
0
0.147907
0
0
0.0494267
0
0
0
0
0
0
0
0
0
0
0
0
0
0
0
0.263593
0
0
0
0
0
0
0
0.198957
0
0.0429
0
0
0.317087
0
0.03014
0
0
0.0630833
0.593193
0
0
0
0.0213033
0
0.0736733
0
0
0
0
0
0
0
0
0
0.0561033
0
0
0.497317
0
0.294383
0.0352367
0.04082
0
0
0
0
0
0
0.0451567
0
0.0812433
0
0
0
0.06313
0
0
0
0.0164233
0
0
0
0.674893
0.0668167
0.0588933
0
0
0
0
0.0153533
0
0
0
0
0.0889167
0
0
0
0
0
0
0.00707333
0
0
0.0686
0
0
0
0
0
0
0
0
0.0141833
0.144923
0
0.09028
0
0
0
0
0
0
0
0
0
0
0
0
0
0
0.02355
0
0
0
0
0
0.04942
0
0.345013
0.137903
0.201483
0.00646667
0
0
0
0
0
0
0
0
0
0
0
0
0
0
0
0
0.0720867
0.04252
0.150927
0
0
0
0
0.0199067
0
0
0
0
0
0
0
0
0.197467
0
0
0
0.56925
0.0192633
0
0
0
0
0
0.120757
0
0.0144433
0.326123
0.0945467
0
0
0
0
0
0.0423233
0
0
0
0.01219
0.0855067
0
0
0.0589033
0
0
0
0
0
0
0.0197767
0.0706033
0
0
0
0
0
0
0.219047
0
0
0.08361
0
0
0
0
0
0
0
0
0
0
0
0
0.191137
0
0.16159
0
0
0
0
0.532093
0.05434
0
0
0.00937
0
0
0
0
0
0.352843
0.279887
0.0779433
0
0
0
0
0
0
0
0
0
0
0
0.19409
0
0.00941333
0
0
0
0
0
0
0
0
0.38742
0.0388767
0
0
0
0
0
0
0
0
0
0
0
0
0
0.03653
0
0
0
0.148697
0
0
0
0
0
0
0.521773
0.0135833
0
0
0.0628733
0
0
0
0
0
0
0
0
0.0103867
0.0909467
0
0
0
0
0
0
0
0
0
0
0
0
0
0.03838
0
0
0.03925
0.160967
0
0
0
0
0.44291
0
0.261353
0
0
0
0.421243
0
0.243437
0
0
0.0198567
0.06158
0
0
0
0
0
0
0
0
0
0.0781267
0
0
0
0
0
0
0.157053
0.0619067
0.02028
0
0.05017
0
0
0
0
0
0.0545333
0
0.107593
0
0
0
0
0
0
0
0
0
0
0
0
0
0
0
0
0
0
0
0
0
0
0
0
0.01491
0
0
0
0
0
0.0396467
0.00664333
0
0
0
0
0
0
0
0
0
0
0
0
0
0.01435
0.00997333
0.25135
0
0
0
0
0
0
0
0.0794567
0
0.0386867
0
0
0
0
0.05613
0
0
0
0
0
0
0
0.10907
0
0
0
0
0.503267
0
0
0
0
0
0
0.00997333
0
0
0.20213
0.52665
0
0
0
0.345433
0
0
0
0
0
0
0
0
0
0
0.234633
0
0.0581
0
0
0
0
0
0
0
0
0.304377
0.0172033
0
0
0.0581767
0.47703
0.00643
0
0
0
0.03907
0
0
0
0
0
0
0.741967
0
0
0
0
0
0.3496
0.00827333
0
0
0.01938
0
0
0
0
0
0
0.6053
0.0192367
0
0
0
0
0
0.100277
0.73944
0
0
0
0
0
0
0
0
0
0.0958833
0.225323
0.00734333
0
0
0.0878667
0
0
0
0
0
0
0
0
0.0333167
0.31224
0
0.0753567
0.0367433
0
0
0
0
0.0574367
0
0
0
0
0
0
0
0
0.118167
0.00931667
0
0.0586
0
0
0
0.0253
0.02491
0.199333
0
0
0
0
0
0
0.0824267
0
0.0430867
0.0589267
0
0
0
0
0.733737
0.285237
0
0
0
0.05003
0.0590333
0
0
0
0
0.186817
0.04039
0.394893
0
0.0337333
0
0.124233
0.01033
0.25453
0
0
0
0
0
0
0
0.400703
0.07609
0
0.25495
0.723627
0.52
0.16094
0.236983
0.0459933
0.22424
0.199987
0.0928467
0.0296133
0
0
0.07904
0.06018
0.13993
0.15793
0.740973
0
0.1124
0
0
0.307603
0.353637
0
0
0.158307
0.15026
0.154453
0.10519
0.18028
0
0
0.325273
0.265497
0
0.07634
0
0
0.125897
0.611293
0
0.0659967
0.127963
0.610723
0.19302
0.183253
0.620033
0.194597
0.12688
0.151603
0.20475
0.451293
0.14265
0.174937
0
0.19658
0.531627
0.17603
0.352007
0.135617
0.167157
0.445387
