0
0.0879933
0
0
0.184977
0.07805
0
0.0782667
0.135507
0
0
0
0
0.0387867
0
0
0.08756
0.0219033
0.0842333
0
0.08069
0
0
0
0.287693
0.0793567
0.07965
0.286537
0
0.0798233
0.0791367
0.22053
0.286677
0
0.285067
0
0.22818
0.286173
0.286123
0
0
0
0.02887
0.0127733
0.0268333
0.05537
0
0.0398633
0.288337
0.154207
0.0219033
0.256473
0
0.0480633
0.266837
0
0.237523
0
0
0.0769333
0.08944
0
0.0859933
0.02889
0.0691567
0
0
0.102583
0.153147
0
0
0.0889033
0.08969
0.0782133
0
0.0790667
0.07958
0.0890367
0.0881033
0
0.116257
0
0.107113
0.0287767
0
0
0.0796833
0.267233
0.0800767
0.0858
0.22777
0.0576467
0
0.171707
0
0
0.0862767
0.0881233
0
0
0
0
0
0.228667
0.07878
0.0882367
0
0.0175467
0
0
0.0287767
0
0
0
0.124337
0.220633
0
0
0
0.07614
0
0
0
0
0
0
0
0
0
0
0.15343
0
0
0
0
0
0
0
0.09252
0
0.0782833
0
0
0
0
0.0401467
0.0783933
0.118067
0.0659733
0.0793667
0.0101267
0
0
0.0961933
0
0.22041
0
0
0.0635233
0.0101267
0.0780467
0
0
0
0
0
0.0192933
0
0.220177
0
0
0
0
0
0
0.315337
0
0
0
0.0481633
0
0.07803
0.0101267
0.0781767
0
0.00988667
0
0
0
0
0
0
0
0
0
0
0.00988667
0
0.00988667
0
0.0175467
0
0.0789067
0
0.0781033
0
0
0.0887
0.0445567
0
0.07826
0
0.0861333
0.0721433
0.0351733
0
0
0.05279
0
0.0381267
0.0786067
0
0.07893
0
0.05272
0.0956367
0.02643
0.0877133
0.0704333
0
0
0.272157
0
0
0
0.209543
0
0.04785
0.0753533
0
0
0
0
0
0.0783467
0.02636
0.0573133
0.0287767
0.0698867
0.0700367
0
0.0955333
0
0
0.170903
0
0.0268333
0.00881333
0
0
0.0792933
0.0783133
0
0
0
0
0
0
0
0.03903
0.16218
0
0
0
0.111617
0.03867
0.0801333
0.08045
0.0539667
0.0537267
0.02698
0
0
0.04677
0
0.199
0
0
0
0
0
0.13277
0.0951533
0
0.0193067
0.0456333
0.0956167
0
0.152457
0
0
0
0
0
0.169613
0
0
0
0.315443
0.0618033
0.0381267
0.02683
0.0538167
0.08054
0
0
0
0.0791567
0.170217
0.169703
0
0
0
0.0782533
0.17001
0.07996
0.142467
0
0
0.0957
0.169393
0
0.105163
0.169077
0.170143
0
0.104807
0
0
0
0
0
0
0
0
0
0.04901
0
0.0602767
0.0269867
0
0
0
0
0
0
0
0.115343
0
0
0
0
0
0
0
0.0175467
0
0.169307
0
0
0.105297
0.16969
0
0
0.16842
0
0
0
0
0
0
0
0
0
0
0
0
0
0
0
0
0
0
0
0
0
0
0
0
0
0
0.04785
0
0.170637
0.0573133
0
0
0
0
0
0
0
0
0
0.08582
0
0
0
0
0
0.170117
0
0
0
0
0
0
0
0.01022
0
0
0.0617067
0
0
0.168593
0.169263
0.0882767
0.18535
0.16825
0.0204633
0.0715367
0.1686
0
0
0
0
0
0.0313067
0
0.168883
0.169147
0
0.1703
0.169033
0
0.15293
0.171437
0.161253
0.169373
0.169133
0
0.16996
0.04785
0
0.16854
0
0
0.170073
0.0484333
0.17054
0.152333
0
0
0.152767
0.12299
0
0.0193067
0.06607
0.00938333
0.03851
0
0
0
0
0
0.13413
0
0
0
0
0.14251
0.0193067
0.0663033
0.0854267
0.0186667
0.136677
0.09313
0
0
0
0
0
0
0.13243
0
0
0
0
0
0
0
0
0.170743
0
0
0.0186667
0
0
0
0
0
0
0
0.0387233
0
0.0952033
0
0
0
0
0
0
0.0269867
0
0.0767867
0
0
0
0
0
0
0
0.0186667
0
0
0
0.0757433
0
0
0
0
0
0
0
0
0
0
0
0.169807
0
0
0
0
0.0670733
0
0
0
0
0
0.161427
0
0
0
0
0
0
0
0
0
0
0
0
0
0
0
0.05751
0
0
0
0.0734867
0
0
0.01022
0
0
0
0
0
0
0
0
0.169017
0
0
0
0
0
0
0
0
0.28115
0
0.106427
0
0.256727
0.280203
0
0.258263
0.184827
0.281713
0.28222
0.163067
0.08008
0.160847
0
0.185297
0.0926267
0.176997
0.0250133
0.0984367
0.102313
0.208443
0.198057
0.285317
0
0.10093
0.28684
0.0790867
0.171617
0.198843
0.0290167
0.0398633
0.286127
0.287893
0.13384
0.216323
0.271823
0.0628133
0.190337
0.05156
0.285187
0
0.1226
0.03623
0.28096
0.166377
0.29504
0.17267
0.118237
0.129007
0.0579933
0.15887
0.28324
0.283077
0.0382233
0
0
0
0
0
0
0
0.286933
0
0.07485
0.03743
0
0
0
0.08978
0
0.0573133
0.14223
0.22712
0.22845
0
0
0.02877
0
0
0
0
0
0
0
0
0
0
0
0
0
0
0
0.21745
0.24409
0.17071
0.07232
0
0.0991133
0.0480033
0.28069
0.06089
0.0128867
0.0250133
0.281553
0.17016
0.113653
0.0887767
0.0127733
0.0505567
0
0.153717
0.281193
0.123593
0
0
0.15916
0.282937
0.146323
0.28415
0.24307
0.28298
0.28391
0.281653
0.29539
0
0
0
0
0
0
0
0
0.282047
0
0.100263
0
0
0
0
0
0
0
0.19968
0.234987
0.0760233
0
0
0
0
0
0
0
0
0
0
0.288143
0.0127733
0
0
0.0952833
0
0
0.128263
0
0
0
0
0.28526
0.2208
0
0.07614
0
0
0.208387
0
0
0
0
0.288093
0.117993
0.153043
0
0
0
0
0
0.0377433
0.07865
0.02889
0
0
0.392497
0.153007
0.0579067
0.111273
0
0
0.0791733
0.286977
0
0
0
0.120327
0
0.25736
0
0.286813
0.11046
0.392527
0.17423
0.01947
0
0
0.09781
0
0.0640533
0.338397
0
0
0
0
0
0
0.280707
0
0
0
0
0
0
0
0
0.12521
0
0
0.0799233
0.05919
0
0
0
0
0
0
0
0
0.17896
0
0.02483
0
0
0.00992667
0
0.0691267
0
0.07811
0
0
0
0
0
0
0
0
0
0
0
0
0
0
0
0
0
0
0
0
0
0
0
0
0
0
0
0
0
0
0
0
0
0
0
0
0
0
0
0
0
0
0
0
0
0.0291867
0.0390933
0.0354933
0
0
0
0
0
0
0
0
0
0
0
0
0
0
0
0
0.0382233
0
0
0
0
0
0
0
0.05111
0
0
0
0.0898167
0
0
0
0
0
0.00988667
0
0
0.0198433
0.00988667
0
0
0
0.00995667
0.00995667
0
0.27672
0.0389033
0.0883733
0.0879933
0.0883667
0.07087
0.0291467
0.0711067
0.0291767
0.00885333
0.00975667
0.01183
0.0198667
0.0901367
0.09055
0.05347
0
0.0903233
0.09066
0.0799933
0.08915
0.0899033
0
0.00988667
0
0
0
0
0
0
0
0
0
0
0
0
0.0198433
0
0
0
0
0
0
0
0
0
0
0
0
0
0
0
0
0
0
0
0
0
0.258907
0
0
0
0
0.11244
0.08717
0
0
0
0.242717
0
0.12204
0.07458
0.114163
0.100233
0.119307
0.27195
0.169527
0
0.01183
0
0.122003
0
0.0998133
0
0.178407
0.29501
0
0
0.00992667
0.226313
0.00992667
0
0
0.17829
0.235887
0
0.0707533
0.0626133
0.234397
0
0.108307
0.294453
0.294767
0
0.294973
0
0
0
0.0902167
0.1917
0
0
0.09102
0
0
0
0
0
0
0.1777
0.119753
0.06957
0
0.4443
0.203903
0
0
0.113627
0.112907
0
0.0596
0
0.107483
0
0
0.23932
0.284517
0.0124167
0.0124167
0
0.348227
0.0372467
0.107043
0.429037
0.240963
0.352427
0.00992667
0.37975
0.0823433
0.0471067
0.09425
0.0709367
0.0103333
0.0103333
0.0584267
0
0.08789
0
0.0583967
0.09165
0.0714633
0
0.04065
0
0.0611333
0.0410567
0.00995667
0
0
0
0
0.22809
0
0
0
0.106483
0
0
0.0713533
0.04619
0
0
0
0
0.29114
0
0.218367
0
0
0.04102
0.07642
0
0
0
0.0902167
0.0102567
0.141653
0
0
0.146187
0.0907667
0.09135
0
0.18332
0.220183
0.0910667
0.121827
0
0.408347
0
0.0918833
0.03061
0.0101267
0
0
0.0909033
0
0
0.09091
0
0
0
0.155883
0.257173
0.00975667
0
0.0914467
0
0.0896667
0.0914533
0.267747
0.0395033
0.0393333
0
0
0.0916533
0
0.0304433
0.0121533
0
0
0
0.0399467
0.191793
0
0.0713867
0.387537
0
0.338543
0.108347
0
0.2488
0.34322
0.147103
0
0.399287
0.38738
0
0
0
0.144303
0
0
0
0
0
0
0
0.12534
0.242177
0
0.14514
0
0.0494467
0
0.42712
0.104233
0
0
0
0
0
0
0
0
0
0
0
0
0
0.0530433
0
0.28699
0.133437
0.0668733
0.28776
0.03949
0.288227
0
0.25245
0
0.17002
0.07894
0.0437567
0
0
0
0
0
0
0
0
0
0.0192767
0.058
0
0
0
0
0
0.0196233
0.252473
0.0196233
0.09478
0.117547
0.190653
0
0
0
0
0
0
0
0
0
0
0
0
0
0
0
0
0
0
0
0.0352
0
0
0
0
0
0
0
0.0787667
0
0
0
0.0196467
0.0397333
0
0.02923
0
0.37022
0
0
0
0
0
0
0
0
0
0
0
0
0
0
0
0
0
0
0
0
0
0
0
0.0407
0.0584167
0
0
0.0102567
0
0
0.0499
0
0.136717
0.126987
0.0712067
0.215087
0.09029
0
0.0885067
0.0685267
0.0486467
0
0.0787533
0
0
0.0388967
0
0.0895533
0.04105
0
0
0
0
0
0
0
0.15709
0.326627
0.22568
0.324733
0.281533
0
0
0
0.21256
0.39336
0
0
0.09198
0.35943
0.351323
0.384887
0.39302
0
0.39364
0.38187
0
0.337267
0.0921233
0
0.39226
0
0.349407
0
0
0
0
0
0
0
0.0192767
0
0
0.0795567
0.378993
0.292627
0
0
0.04989
0
0
0
0
0.305593
0.0102433
0.09351
0.156753
0.0337067
0
0
0
0
0
0
0
0
0
0
0
0
0
0
0
0
0
0
0
0
0
0
0
0
0
0
0.0823967
0
0
0.0931333
0.174407
0
0
0
0
0.0196467
0
0
0
0.107453
0.201637
0
0
0.28495
0
0.119353
0.0310233
0.32045
0.11226
0
0.0758667
0
0
0
0
0
0
0
0
0
0
0
0
0
0
0
0
0
0
0
0
0
0
0
0
0
0
0.284337
0
0
0
0.34814
0
0
0
0
0
0.393927
0.39451
0.0888133
0.0775767
0
0
0.40928
0.208787
0.0316233
0.0779033
0
0
0
0
0
0
0.0316233
0
0
0.150737
0
0.06308
0
0.0623933
0.0619
0
0
0.10311
0.0320833
0.0487267
0
0
0
0
0
0
0
0
0.0749867
0.379133
0.0437833
0
0
0
0
0.0786567
0
0
0.389093
0
0
0
0
0
0
0
0
0
0
0
0
0
0
0
0
0.08913
0.117267
0.0689567
0.0685567
0.0891667
0
0.0896633
0.0613333
0.0103333
0
0
0.03404
0.03404
0
0.274077
0.394497
0
0
0.40871
0
0.156473
0.345933
0.26587
0.122613
0.39474
0.374487
0
0.33782
0.37062
0.21164
0.408473
0
0
0
0
0
0.17648
0.37765
0.380973
0.15648
0
0.193937
0.294427
0.122733
0.03061
0
0
0
0
0
0
0
0
0.144583
0.0589433
0
0.107087
0.0112533
0
0
0
0.0979067
0
0
0
0
0
0
0
0
0
0.377523
0.369783
0
0
0
0.03369
0.263573
0
0
0
0
0
0.22061
0.0112533
0
0
0
0
0
0
0
0.327407
0
0
0.144983
0
0
0
0
0.0860067
0.32866
0.243797
0.118863
0
0
0.29656
0.37816
0.28063
0.22455
0.372903
0
0.0444933
0
0.16458
0
0
0.01982
0.0404567
0.37347
0
0
0
0
0.0745167
0
0
0
0
0
0
0.297037
0.365587
0.251763
0.207113
0.385067
0.344297
0.394113
0.393013
0.380857
0.29692
0
0.0316233
0.331777
0
0.02289
0.37233
0
0.0635067
0.0437833
0.175037
0.278517
0
0
0
0
0
0.09559
0.4081
0
0.0437833
0
0
0.205773
0
0.365783
0.0432667
0.0432667
0.287923
0.0991333
0.26901
0.29958
0
0
0
0
0
0
0.05464
0
0
0
0.0550133
0
0.02289
0.0995067
0
0.18621
0
0.206237
0
0.0224533
0
0
0
0
0
0.0583867
0.0635933
0
0
0.0112367
0.0112367
0
0.264933
0
0
0
0
0.393177
0
0
0.349877
0
0
0
0
0
0.10708
0
0
0
0.0866133
0
0.140467
0.207493
0.05815
0.0857767
0
0
0.0404167
0
0
0
0
0
0
0
0
0
0
0.0676133
0
0
0.08121
0
0
0
0
0
0
0
0
0
0
0
0
0
0
0.0134533
0
0
0.08094
0
0.01346
0.01346
0
0
0.0629533
0
0
0
0
0.0673833
0.0269567
0
0.183303
0.174517
0
0.0193867
0
0
0
0
0
0
0
0.03867
0
0.20863
0
0.0193267
0
0
0
0
0
0
0.02375
0
0
0.02375
0
0
0
0
0
0.0246733
0
0
0
0
0
0
0
0.124113
0.124343
0
0
0
0
0
0
0
0
0
0.151187
0.133407
0.0269367
0.08627
0
0
0.12619
0.0676
0
0
0
0
0.12698
0.0404267
0
0.0480133
0.0861333
0.0864
0.16662
0
0
0
0
0
0
0
0.0482933
0.0289667
0.153113
0
0
0
0.123063
0.109157
0
0.04831
0.10879
0
0.108493
0.13238
0.0406633
0.12263
0.00955
0
0.00970333
0.18002
0.189513
0
0
0
0.138967
0.0855233
0.08572
0.20802
0.208673
0.167223
0.158063
0.122113
0.0407567
0
0.230293
0.08099
0
0.0289633
0.0680533
0.0999833
0.0404167
0
0
0
0
0
0
0
0
0
0
0
0
0.181123
0
0
0
0
0
0
0
0
0
0
0
0
0
0
0
0.0951467
0
0
0.0291867
0
0
0
0.162967
0.0672867
0
0.05055
0
0.08624
0.0681467
0.0674633
0
0.0405433
0
0.07797
0.00981
0.189763
0
0
0
0
0
0
0
0
0
0
0
0
0
0
0
0
0
0
0
0
0
0.192073
0
0
0
0
0.212297
0
0.12379
0.0675933
0.0693933
0.167183
0.125133
0.14445
0
0.12631
0.134187
0.0948867
0.08598
0.189407
0.189937
0.1624
0
0
0.0404133
0
0.02692
0
0.160567
0
0
0
0
0.0948233
0.10841
0
0.152437
0
0
0.0404533
0
0.05402
0.182693
0.20345
0
0
0.0269533
0.0540267
0
0
0.0134533
0
0.21551
0
0.216213
0
0.211967
0.118263
0
0
0
0
0
0.230043
0
0
0.0405133
0
0.10109
0.204693
0.151377
0
0.17479
0.230397
0.182543
0
0.124067
0.203293
0
0.0809767
0.161703
0.214963
0.06736
0.124887
0
0
0.0863067
0
0.0196267
0.18115
0
0
0.00981
0.0404167
0.0811733
0.132077
0
0
0.12193
0.132923
0
0.16152
0.0854933
0.08526
0.1407
0.172417
0.100423
0.133607
0.12923
0.0568433
0
0
0.216297
0.215877
0.215217
0.193897
0
0
0
0.199997
0.204253
0.107937
0.0283567
0
0.0192733
0.0666267
0
0
0
0
0
0.0851633
0
0.0283567
0
0
0
0
0.03794
0.0567467
0
0.0382367
0
0
0.0283567
0
0
0
0.0771433
0
0
0
0
0.0665667
0.00979333
0
0
0
0
0
0
0
0
0
0
0
0.161677
0
0
0
0
0
0
0
0.00945333
0
0
0
0
0
0
0
0
0
0
0
0
0
0
0.00932
0
0
0
0
0
0
0
0
0
0
0
0.07442
0
0
0
0
0
0
0.0371233
0
0
0
0
0.0558233
0
0
0
0
0.08346
0
0
0
0
0.14402
0
0.07698
0
0.122907
0
0
0.00948333
0.0277333
0
0.0695367
0
0
0.0269367
0
0
0.0538567
0
0
0
0
0
0
0
0
0
0.08142
0.0586133
0.0853733
0
0.04041
0
0
0.0765633
0.0855033
0.04776
0
0
0.03886
0.208057
0
0
0.02942
0.21387
0
0
0
0.12357
0
0
0
0
0
0.0660133
0.0845933
0
0.124473
0
0
0
0
0
0
0
0
0
0
0
0.0858967
0
0
0
0
0
0.0196267
0
0
0.0872667
0
0
0.0856367
0
0
0
0
0
0
0
0
0.08405
0
0
0
0
0.0865567
0
0
0.08696
0
0
0
0
0
0.0380233
0.08456
0.0379533
0
0
0
0.0870633
0.0851133
0
0
0
0
0
0.00979333
0
0
0
0.08625
0
0.04834
0.00981
0
0.0868767
0
0
0.0389967
0
0
0
0
0
0
0.0192733
0
0
0
0
0
0
0
0
0.0840333
0
0
0.08367
0
0
0.00932
0
0
0
0
0
0
0
0
0
0
0
0
0
0
0
0
0
0
0
0
0
0
0
0.00948333
0
0
0
0
0.0283733
0
0.02829
0.02802
0.0845
0
0
0.0378267
0.06587
0.0563733
0
0
0
0.0836567
0.0841067
0
0.02821
0
0
0.00945333
0
0
0
0
0
0.00955
0.00955
0.06621
0.0843867
0.0832767
0
0
0
0.0377433
0
0
0.0841733
0.08353
0
0
0.100457
0.0841667
0
0
0
0
0.05579
0
0
0
0.0833467
0.08365
0.0187
0
0
0.0380967
0
0.0187
0
0.08347
0
0
0
0.0277333
0
0
0
0.0957233
0
0.0467833
0
0
0
0
0
0
0
0
0
0
0
0
0
0
0
0
0
0
0
0
0
0
0
0
0
0
0.0235933
0.0853567
0
0
0.0378267
0.0843033
0.0591633
0.0235933
0.0280567
0.02379
0
0
0.05633
0.08492
0.0850067
0
0
0.144233
0
0
0
0
0
0.0808367
0.152363
0.0403833
0.112037
0
0.230903
0.0403833
0
0
0
0.215083
0
0
0
0
0
0
0.215383
0.183563
0
0
0.21419
0
0
0
0
0.0811133
0
0
0.215383
0.138727
0.12417
0.215877
0
0.0947833
0.12854
0
0
0.0872233
0.121663
0
0
0
0
0
0.0210133
0.0523167
0
0
0
0.0714767
0.00968333
0
0
0
0
0
0.230813
0
0
0
0.02692
0
0
0.0837333
0.133713
0
0
0
0
0
0
0
0
0
0
0
0.214053
0
0
0
0.10306
0
0
0
0
0
0
0
0
0.0105333
0.0210133
0
0.215827
0
0
0
0
0
0
0.0105333
0.215403
0
0.174907
0
0
0.175003
0
0
0
0
0
0
0
0
0
0
0
0
0
0
0
0
0
0
0
0
0
0
0
0
0
0
0
0.402607
0
0
0
0
0
0
0
0
0
0
0
0
0.1797
0
0
0
0
0
0
0
0
0
0
0
0
0
0
0
0
0
0
0
0
0
0
0
0
0
0
0
0
0
0.141077
0
0
0
0
0
0
0
0
0
0
0
0
0
0
0
0.120427
0
0
0
0
0
0.12223
0
0.0946233
0
0.21463
0
0
0
0
0.0367367
0
0
0
0
0
0
0
0
0
0
0.0855967
0
0
0
0
0
0
0
0
0
0
0.03758
0
0
0
0
0
0
0
0.126433
0.08576
0
0
0
0
0
0
0
0
0
0
0.09848
0.0614767
0
0
0
0
0
0
0
0
0
0
0
0
0
0
0
0
0
0
0
0
0
0
0.111127
0
0.0605767
0
0
0
0
0
0.0404533
0
0
0
0
0
0
0
0
0.214527
0
0
0
0
0
0
0
0
0
0
0
0
0
0
0
0
0
0
0
0
0
0
0
0
0
0
0
0
0
0
0
0
0
0
0.0315467
0
0
0
0
0
0
0
0
0
0
0
0
0
0.24842
0
0
0.23293
0
0.196563
0.05907
0.22378
0
0
0
0.0730733
0.156987
0.03638
0
0.03638
0
0
0
0.401293
0
0.410783
0.32868
0.339863
0.0235333
0
0.177293
0
0
0.0352
0
0
0.217537
0.0239267
0
0
0.2645
0
0.0662567
0.40246
0.228107
0
0
0
0
0
0.192247
0
0
0
0
0
0
0
0.0235333
0.32841
0
0.0716533
0.07412
0
0
0
0
0
0
0
0
0
0
0.43126
0.300817
0.203933
0.273637
0.0471067
0.427287
0
0.0121533
0
0.427437
0
0.431697
0.337763
0.44514
0.429597
0.431123
0
0
0
0.0476767
0
0
0
0
0.181233
0
0.429937
0.428737
0
0.428493
0.27731
0.0646133
0.0210167
0.130817
0
0
0
0
0
0
0
0
0
0
0.110287
0
0.431297
0
0
0
0.35451
0
0
0
0
0
0
0
0
0
0
0
0
0
0
0
0
0
0
0
0
0
0
0
0
0
0
0
0
0
0
0
0
0
0
0
0
0
0
0
0
0.0366933
0
0
0
0
0
0
0
0
0
0
0
0
0
0
0.0209833
0
0
0.0623133
0
0
0
0
0
0
0
0
0
0
0
0
0
0
0
0
0
0
0
0
0
0
0
0
0
0.0626367
0
0
0.04194
0.229633
0
0
0
0.214007
0.19308
0.181417
0.215573
0.21493
0.14238
0
0.22974
0
0
0.214703
0.21287
0.20247
0.02367
0.20429
0
0
0
0.0714767
0
0
0.21598
0
0.10278
0
0.215443
0.151533
0
0.171683
0
0
0.16626
0.21352
0.173137
0.14261
0
0.00968333
0.0385333
0
0
0
0
0
0
0.26527
0.00970333
0
0
0
0
0
0
0
0
0
0
0.0366933
0
0
0
0
0.0487767
0
0.03896
0
0
0
0
0
0
0
0.03758
0
0
0
0
0
0
0
0
0
0
0
0
0
0
0
0
0
0
0
0.0246733
0
0
0
0
0
0.0613667
0
0
0
0.108447
0.122407
0.03531
0
0.0250567
0.0710567
0.0710067
0.0595633
0
0
0
0.108207
0.107753
0
0.1098
0
0.09947
0.108977
0
0
0
0
0
0
0
0
0
0
0
0.0471433
0
0
0
0
0
0
0
0
0
0
0
0
0
0.24144
0.236407
0
0.0888367
0
0
0.130063
0.156743
0
0
0
0
0
0.132487
0
0
0.06458
0
0
0.03659
0.0997767
0.0990567
0.109877
0
0
0
0
0.07275
0
0.107777
0
0.03659
0
0
0.0739933
0.0711133
0
0
0
0.0469433
0.01171
0.04702
0.15869
0
0
0
0
0
0
0
0
0
0
0
0
0
0
0
0
0
0
0
0
0.340393
0
0.328657
0.106653
0.106827
0
0
0
0.0354867
0
0.02379
0.0372567
0
0.0497067
0
0.0248867
0
0
0
0
0
0
0
0
0
0
0
0
0
0
0
0
0
0
0.110743
0.0192733
0
0
0.10972
0
0.0122167
0
0
0.0377567
0
0
0.0845867
0
0
0
0
0
0
0.0834033
0
0
0
0
0
0.0659533
0
0
0
0
0.0847333
0
0
0
0
0
0
0
0
0
0
0
0
0
0
0
0
0.109233
0.0359133
0.0121033
0
0
0.08437
0.0747
0.0834267
0.0845167
0
0
0
0
0.0658967
0
0
0
0
0
0
0
0
0
0.00955333
0
0
0
0
0
0
0
0
0
0
0
0
0
0
0
0.10773
0
0.09465
0
0
0
0
0
0
0
0
0
0
0
0
0
0
0
0
0
0
0
0
0
0
0
0
0
0.0991733
0
0.107903
0.02432
0.106993
0.111723
0.0851767
0
0
0.0624667
0
0
0.110577
0.123203
0.08424
0
0
0
0
0.06606
0
0.0843167
0
0
0
0
0
0
0.0711267
0
0
0
0.00955333
0.107197
0
0.0235933
0
0
0
0.110837
0
0.0707967
0
0
0
0
0.160457
0
0.0673133
0
0
0
0
0
0
0
0.0605433
0.17733
0.0193233
0.05973
0
0.0620733
0.157593
0.191697
0
0
0.0486167
0.0877133
0.160337
0
0
0.0872233
0.167643
0.177977
0
0.178733
0.178537
0.17794
0.177823
0.0193233
0.157317
0.192857
0.0590867
0
0.05231
0
0
0
0
0.119423
0.107587
0
0
0
0
0
0.0956567
0
0.33303
0
0
0
0.121813
0
0
0
0
0
0
0
0
0
0
0
0
0
0
0
0.10987
0.0489533
0
0
0.03758
0
0
0
0
0.0497067
0
0
0
0.0372567
0.110853
0.108363
0.106987
0.0822533
0
0
0
0.123293
0.0480167
0
0
0.420663
0
0.0733733
0
0
0
0
0.0122167
0
0
0
0
0
0
0
0
0
0
0
0
0
0
0
0
0
0
0
0
0
0
0
0
0
0
0.09918
0
0
0.0678533
0
0
0
0
0
0
0
0
0
0
0
0
0
0
0.04306
0
0
0
0
0.106363
0
0.106827
0.107123
0.0352333
0.0787667
0.10791
0
0
0
0.05908
0.01171
0
0.147927
0
0.10951
0.109283
0.0292933
0.01171
0
0.0292933
0.05995
0
0.117863
0
0.16834
0
0
0
0
0.03564
0.0715533
0.106913
0
0
0
0
0
0
0
0
0
0
0
0
0
0.17841
0
0
0.16879
0.169293
0
0
0.19281
0.19235
0.191917
0
0.179447
0
0.180077
0
0
0
0.16126
0
0
0
0
0
0
0
0
0
0
0
0
0
0
0
0
0
0
0
0
0
0
0
0.0644033
0
0
0
0
0.160747
0
0
0.178193
0
0
0
0
0
0
0
0
0
0.17922
0.179403
0.0936233
0
0
0
0
0
0.0832667
0.136277
0
0.01022
0
0
0
0.0308767
0
0
0
0
0
0
0
0.03172
0.04177
0
0
0
0
0
0.0533633
0
0
0.199587
0
0.0794067
0.18624
0.0444967
0.183793
0
0.151503
0
0.0621233
0.0239067
0.11099
0
0
0.0764833
0
0
0
0.145253
0
0
0
0
0.0715433
0.08952
0
0
0
0.0457967
0.225107
0
0
0.0717667
0.37276
0
0
0.372777
0
0.387287
0
0
0.28717
0
0.326097
0.37403
0
0.171413
0.0298033
0.142903
0.17035
0.17009
0.236787
0
0.37652
0
0.16835
0
0.00969667
0
0.123893
0
0
0
0
0
0
0.00969667
0
0
0.00945333
0
0
0
0
0
0
0
0
0
0.0196767
0
0
0
0
0
0
0
0
0
0
0
0
0
0
0
0
0
0
0
0
0
0
0.105187
0
0
0
0
0
0
0
0
0
0
0
0
0
0
0
0
0
0
0
0
0.0718033
0.01005
0.0389933
0.261997
0
0
0.170837
0
0.0292967
0
0.28812
0.378253
0.37617
0.04321
0
0
0
0
0.151217
0
0
0
0
0.00938333
0
0.0285067
0
0
0
0
0
0
0
0.0683267
0
0
0.05945
0
0.0265533
0.37853
0
0
0
0
0.169323
0
0
0
0
0.0175033
0
0
0.169857
0.17165
0
0
0.00969667
0
0.0193933
0.00969667
0
0
0.0310233
0.03137
0
0
0
0
0.0310233
0
0
0
0.379117
0
0.0704
0
0.10479
0
0
0.0767933
0
0.0823633
0
0
0
0
0
0
0
0
0
0
0
0
0
0
0
0.105453
0
0
0.0530867
0
0
0
0
0
0
0
0
0
0
0
0
0
0
0
0
0
0
0
0
0
0
0
0
0
0.183477
0.172537
0.183867
0
0
0
0
0
0
0.15084
0.183807
0.0456267
0.376827
0
0.113077
0.01134
0.10397
0
0.0177933
0
0
0
0
0
0
0
0
0
0
0
0.0978433
0
0.37277
0
0.01134
0
0
0
0
0
0
0.0265533
0
0.0529667
0
0
0.0756533
0
0
0
0
0.359657
0.33773
0.0595833
0.37524
0
0
0
0
0
0.389803
0.37457
0.227593
0.320407
0
0.120023
0
0.0398533
0.0971333
0
0.161907
0.16166
0.37357
0.165753
0.173033
0.0298033
0
0.0759
0
0.104033
0
0
0.0114233
0.0240967
0.206147
0
0.38748
0
0
0
0.0120267
0.03598
0.0240967
0
0
0
0
0.105763
0.0938633
0
0
0.05824
0
0.120537
0.133767
0
0
0.0930833
0.317693
0
0.0682233
0.0962067
0.137347
0.084
0.0955867
0.0718267
0.100897
0
0
0.0709967
0
0.170073
0.0118733
0.378717
0.0239
0
0
0
0.05464
0
0.0482133
0
0
0
0
0
0
0
0
0
0
0
0
0
0.0801667
0
0.0634167
0.06337
0.09748
0.135703
0
0
0.440193
0
0.10519
0
0
0.41751
0.31756
0
0
0.0341
0
0
0
0
0
0
0
0.0352033
0
0
0
0
0
0
0
0
0
0
0
0.0346733
0.0690533
0.105377
0
0.13289
0.117577
0.290173
0.11862
0
0.0470233
0.0172833
0.0793067
0.19914
0
0
0
0
0.151993
0.0172833
0
0
0.243327
0
0
0.0698767
0
0
0
0.135193
0
0.1035
0.10306
0.10403
0
0.188877
0.1687
0.105163
0
0.152483
0
0.0112
0
0
0.06791
0
0.104463
0.13706
0
0
0.0968767
0.169887
0.03465
0.0313067
0
0
0
0.10121
0.323743
0.0315433
0.0337
0.104377
0
0.03526
0.08723
0.0964433
0
0.0967133
0.105447
0.105483
0
0
0
0.21016
0.119783
0
0
0.152717
0
0
0
0
0
0.16143
0
0.105093
0.262677
0
0.374087
0.373733
0.0973433
0.375863
0
0
0.290067
0
0.105017
0.18536
0
0
0
0
0
0
0
0
0
0
0
0
0
0
0
0
0
0
0.23202
0
0
0
0
0
0
0
0
0
0
0
0
0.0706333
0.0171333
0.141277
0
0
0.186583
0
0.0175033
0
0.199237
0
0.0175033
0
0
0
0.106693
0
0
0
0
0.141913
0.16085
0
0
0
0
0
0
0
0
0
0
0
0
0
0.17224
0.18499
0
0
0.13812
0
0
0.18357
0
0
0.177167
0.106133
0.183803
0
0
0.177643
0.165773
0
0
0
0
0
0
0.183553
0.0443467
0
0
0
0
0
0
0
0
0
0
0
0
0
0
0
0
0
0
0
0
0
0
0
0
0
0
0
0
0
0.106193
0
0.142533
0
0
0.141563
0
0
0
0
0.15039
0
0
0
0
0
0
0.198577
0
0
0
0
0.0267033
0.0267033
0.198663
0
0
0
0.0177933
0
0.150373
0
0
0
0
0
0
0
0.11528
0.10468
0
0.08028
0
0.08006
0
0
0
0.185327
0.19828
0
0
0.06121
0.04347
0.18674
0
0
0.18465
0.0526167
0
0
0.0439167
0.0716167
0.0535667
0
0
0
0
0
0
0.0445433
0.0803167
0
0.0981633
0.0445433
0
0
0.185223
0
0
0
0
0
0
0
0
0
0
0
0
0
0
0.08909
0
0
0.226203
0
0
0.00908
0.158017
0.0812667
0.179487
0
0
0
0.172357
0.0542467
0.0180567
0
0.0180567
0.0949667
0.0810867
0
0.0534367
0
0
0
0
0
0.11629
0
0
0
0
0
0.115487
0.184327
0.176033
0.0519767
0.0171333
0
0
0
0.0356633
0.08146
0.09869
0.0177733
0.151967
0.10645
0.0270533
0
0.0633767
0.08142
0.0179633
0.0808133
0.0360033
0
0.0179367
0
0
0.0808667
0.107127
0.0985767
0
0.0949667
0.08087
0.08087
0.0892933
0.0808833
0.0808733
0
0
0
0
0
0
0.277523
0
0
0.201727
0
0
0
0
0.26615
0
0
0
0
0
0
0
0
0
0
0
0
0
0
0.0641833
0
0
0
0
0.13276
0.202207
0
0
0
0
0
0
0
0
0.1765
0
0.08575
0
0
0
0
0
0
0
0
0
0
0
0
0
0
0.133887
0
0
0
0.116167
0.0903967
0
0.225143
0
0
0
0
0
0
0
0.124017
0
0
0
0
0
0.0704633
0.205983
0
0
0
0
0.255363
0
0.213597
0
0
0
0
0.0216333
0
0
0
0
0
0
0
0
0
0.03396
0.137983
0.276917
0
0
0.0224833
0
0
0.190717
0.00908
0.13681
0.118137
0
0
0
0
0
0
0
0
0
0
0
0.01311
0
0.0675433
0
0
0
0
0
0
0
0
0
0.170037
0
0
0
0.0820033
0
0
0
0
0
0
0
0
0.175313
0.161557
0.175263
0
0
0
0
0.160993
0
0.16098
0
0.0541133
0
0.0552367
0
0
0
0.172863
0.10083
0.0447933
0.19987
0.0637733
0.00945
0
0.16044
0.07211
0.226517
0.22103
0.0985167
0.108003
0.01792
0.20787
0.0804633
0.161147
0.0541133
0
0.14314
0
0
0.0480433
0.244033
0.09084
0.248953
0.2443
0.0265733
0.243963
0.01792
0.00945
0
0.0539967
0.0808667
0
0
0.04482
0
0
0
0
0
0
0
0
0
0
0
0
0
0
0.00888667
0
0
0.0623133
0.0804833
0
0
0
0
0
0
0
0.0785133
0
0.00888667
0
0.06253
0.0806667
0
0.0178767
0.03562
0
0.05353
0
0.0183833
0
0.0907767
0
0
0
0.0808567
0
0
0
0
0
0.24368
0.0348433
0.125043
0.235587
0
0
0
0.0949133
0.0445433
0.08088
0.0905867
0
0
0.133993
0.07171
0.0985333
0.0807633
0
0.0808867
0
0.235713
0.197417
0
0.12518
0
0
0
0
0
0.1183
0.163087
0.10712
0
0
0
0
0
0
0.0806433
0
0.0807633
0.244103
0.0448933
0.11778
0.13436
0.24886
0.126567
0.0804867
0.14161
0.10536
0
0.09842
0.0569333
0.0269533
0
0.125233
0.0689833
0
0.08336
0
0
0
0.0836633
0.0839733
0
0
0
0
0
0
0
0
0
0
0
0
0
0
0.0838633
0.0840333
0.0277333
0.0555367
0
0.08379
0.0834367
0.0838967
0.0835533
0.0842
0
0.0757433
0
0.0475167
0
0
0
0
0
0
0
0
0
0
0.19831
0
0
0
0
0
0
0.06115
0
0.187563
0
0.168097
0
0
0.185757
0.0234
0
0.122243
0.104563
0
0
0.158117
0
0
0
0
0
0.0730833
0.183513
0
0
0
0
0
0
0
0.172923
0.184167
0.04978
0
0
0
0.0845833
0
0.18377
0
0.244377
0
0
0
0.0264133
0
0
0
0
0
0
0
0
0.0234
0
0
0
0
0.0376633
0
0
0
0
0
0
0
0
0
0
0
0
0
0
0
0
0
0
0
0
0
0
0
0
0
0
0
0
0
0
0
0
0
0
0
0
0
0
0
0.0189733
0.0189733
0
0
0
0.0394967
0
0
0
0
0
0
0
0
0
0
0
0
0
0
0
0
0
0
0
0
0
0
0
0
0
0
0
0
0
0
0
0
0
0
0
0
0
0
0
0
0
0
0
0
0
0
0
0
0.00945333
0
0
0
0
0.02866
0
0
0
0
0
0.0471833
0
0
0
0
0
0
0
0
0
0
0
0
0
0
0
0
0
0
0
0
0
0
0.03851
0
0
0
0.10353
0.07541
0.136973
0.0478467
0.0969367
0.12698
0
0.0191867
0
0
0
0.177673
0.09708
0
0.167313
0.17849
0
0.02866
0
0.178797
0
0
0
0
0.19248
0.177327
0.178977
0.191967
0
0
0
0
0
0.170613
0
0
0
0
0
0
0
0
0
0
0
0
0
0
0.104697
0.105473
0
0
0
0.106557
0
0
0
0.0945533
0
0
0
0
0
0
0
0.08301
0
0
0
0
0
0
0
0
0
0
0
0
0.1069
0
0
0
0
0
0
0
0
0
0
0.0118833
0
0.183387
0
0
0
0
0.08455
0
0.0119
0
0.10064
0
0.0118833
0
0
0
0
0.145733
0
0.183487
0
0
0
0
0
0
0
0.0118833
0
0
0
0
0
0
0
0
0
0.0997733
0.09939
0
0.102197
0
0
0
0
0
0
0
0
0
0.0925167
0.0924533
0
0
0
0
0
0
0
0
0
0
0
0
0
0
0
0
0
0
0
0
0
0
0
0
0
0
0
0
0
0
0
0
0
0
0
0
0
0
0
0
0
0
0
0
0
0
0
0
0
0
0
0
0.05453
0
0.102523
0.102897
0.102823
0.02221
0
0.179987
0.17893
0
0
0
0
0
0
0
0.132747
0
0
0
0
0
0.123027
0
0.07346
0
0
0
0
0.0211233
0.0211233
0
0
0
0
0
0
0
0
0
0
0
0
0
0
0
0
0
0
0
0
0
0
0
0
0
0
0
0.10068
0.1478
0
0
0
0.0626
0.00998333
0
0.0600133
0.07333
0
0
0
0
0
0
0
0
0
0
0
0
0
0
0.03142
0
0.04053
0
0.0508067
0.180503
0
0
0
0.15918
0.22584
0
0
0
0
0
0
0
0
0
0
0
0
0
0.04095
0.08839
0.0422167
0.0317467
0.0632967
0
0
0
0
0
0.111333
0
0
0
0
0.242763
0
0.04945
0
0
0
0
0
0.209623
0
0
0.08362
0
0
0.16597
0
0
0.305503
0.30508
0.0537833
0
0
0.0708267
0
0
0
0
0
0
0
0
0
0
0
0
0
0
0
0.100237
0.0336633
0
0
0
0
0
0
0
0.179657
0.03232
0.113957
0.0647633
0.13716
0
0
0
0
0
0
0.103523
0
0.0306933
0
0
0.10373
0
0
0
0.0317467
0
0
0
0.08729
0.0544467
0.276767
0
0.29096
0
0
0
0
0
0
0
0
0
0.100543
0
0.0927933
0
0
0
0
0.17351
0
0
0
0
0
0
0
0.291597
0.291217
0
0.291797
0
0.147767
0
0
0
0
0.0414033
0
0
0.0216867
0.0214633
0
0.131633
0
0
0.01973
0.0611333
0.277023
0.121923
0.0214633
0
0
0.276813
0.27693
0.05287
0
0.24968
0.188957
0
0.07351
0.105953
0
0
0
0.279387
0
0.0721433
0
0.142313
0
0.0765
0.0326733
0.01973
0
0.22805
0
0.0306933
0
0
0
0.00969667
0
0
0
0.162553
0
0
0
0
0
0.16368
0.14496
0.0119
0
0
0
0.0362667
0.0729833
0
0
0
0.02894
0.0271367
0.13613
0.190603
0
0.00899667
0
0
0
0
0
0
0
0
0
0
0
0
0
0
0
0
0
0
0.0619367
0
0.01105
0
0
0
0
0.08713
0
0
0
0.0871567
0
0
0
0
0
0
0
0
0
0
0
0
0
0
0
0
0
0
0
0
0
0
0
0.0239067
0
0
0
0
0
0
0
0
0
0
0
0
0
0.10873
0
0
0.0475467
0
0
0
0.0595533
0
0
0
0
0
0.103517
0
0
0
0
0
0
0
0
0.0926667
0
0
0
0
0
0
0
0
0
0
0
0.05817
0
0
0.02915
0
0
0
0
0
0.03293
0
0.0555233
0.0558733
0
0.0119
0
0.0891867
0.0662433
0
0
0
0.08687
0.0863667
0
0.100427
0
0
0
0.0982233
0
0
0
0.04484
0.120837
0
0
0.121193
0
0.08074
0
0.05991
0
0
0.0727133
0.00898
0.0807667
0.00898
0.03371
0
0.0808
0
0.158587
0
0
0
0
0
0
0.02839
0
0.0378667
0
0.0286367
0
0
0.0570267
0
0.0179533
0
0
0.00908
0
0
0
0
0.05389
0
0
0
0
0
0
0
0
0
0
0
0
0
0.0984533
0
0
0
0
0
0
0
0
0
0
0
0
0.175637
0
0.203287
0.08656
0
0
0
0
0.127083
0
0
0
0.10188
0.0342833
0.08588
0.0861267
0.10175
0.100757
0.101543
0
0
0.08695
0.08587
0.06903
0.0342833
0.06833
0.0336633
0
0
0
0
0.10176
0
0
0
0.08548
0.10042
0.0855767
0
0
0.06771
0.0347467
0
0.02221
0.0863667
0.0347467
0.0290533
0.10067
0.101403
0
0.08738
0
0.10268
0.05841
0
0
0.0877167
0.0347067
0
0
0.02894
0
0
0
0.08667
0.0362867
0
0.10119
0.101417
0
0.0999033
0.0994133
0
0.0661
0.0483933
0
0
0.146647
0
0
0
0
0
0.131063
0.06539
0.0213233
0
0.10268
0.0990967
0.22714
0.06695
0.0443767
0
0
0.0992767
0.0988633
0
0.05486
0.0772867
0
0.06416
0.0645433
0.09079
0.0902233
0
0.0673333
0.101477
0.0995833
0.05876
0
0
0
0
0.0998967
0
0
0
0.02894
0.0324533
0
0
0.0553667
0
0.0295333
0
0.07183
0.0808733
0.02694
0
0
0.160773
0.0538967
0.0539067
0.160323
0.16967
0
0
0.160677
0
0
0
0
0
0.08668
0
0
0
0.161497
0
0.00990667
0
0.0265733
0
0.03594
0.09857
0.0179633
0
0
0
0
0.0178767
0
0
0.0179633
0.0718567
0.08047
0.0449033
0
0
0
0.02692
0
0
0
0
0.0360367
0.0854733
0
0
0
0
0
0
0
0
0
0
0
0.248637
0
0
0
0
0
0
0
0
0
0
0
0.0725967
0
0
0
0
0
0
0.0362867
0
0
0.121957
0
0
0.1072
0
0.106903
0
0.108647
0
0
0
0
0
0.244247
0
0
0
0
0
0.0287167
0
0
0
0
0
0.0860267
0.01105
0.0336233
0
0
0
0
0
0.0867267
0.08678
0.0866467
0.08702
0
0.0662267
0.0576167
0.0864033
0
0.0289
0
0
0.0853
0.0286367
0.10865
0
0.03631
0.0724767
0.109057
0
0.0861333
0
0
0
0.0579933
0.0193733
0
0.0861767
0
0
0
0
0
0.01105
0
0
0
0
0
0.0347067
0.0575767
0.109333
0.122733
0
0
0
0.153827
0.0246733
0
0
0.0119767
0.432093
0
0.0121533
0
0
0
0
0.37171
0
0.01036
0.0832667
0
0
0
0.09142
0.11965
0
0
0.351397
0.08635
0.137163
0.40119
0.138793
0.265923
0.35892
0.239237
0.0372167
0.235917
0
0.18022
0.204943
0.2695
0.0600467
0.34743
0.231747
0
0.334787
0.247
0
0.324997
0.320213
0.24717
0.511097
0.288997
0.0807767
0.34538
0.375567
0.0801667
0.234237
0.215027
0.48098
0.406637
0.408843
0.48365
0.405607
0.449443
0.388477
0.14129
0.427103
0.334327
0.373003
0.324937
0.144177
0.00913
0.378793
0.30917
0.0805567
0.2272
0.1365
0.249363
0.32101
0.183997
0.42877
0.167373
0.209967
0.429453
0.428643
0.399153
0.37632
0.29466
0.426967
0.428047
0.502153
0.454877
0.41973
0.448087
0.3413
0.378603
0.26727
0.54882
0.00913
0.465417
0.06378
0.407453
0.0502067
0.302173
0.4302
0.467723
0.24398
0.473523
0.432593
0.24948
0.422807
0.469297
0.464937
0.491697
0.45574
0.551247
0.366377
0.3659
0
0
0
0
0.13658
0.5123
0.501857
0.21535
0.340207
0.561143
0.436953
0
0.29374
0.02182
0.211747
0
0.61414
0.583123
0.32929
0.424173
0.394327
0.34252
0.28014
0.5515
0.43198
0.0543667
0
0
0.28789
0.117057
0.08154
0
0
0
0
0
0
0
0
0
0
0.0761867
0.30477
0
0.32625
0.0868367
0.0219967
0.221617
0.30307
0
0.0772033
0.47622
0.368437
0
0.31271
0.474847
0
0.0917867
0.220633
0
0.07173
0
0.312293
0.388533
0
0
0
0.09185
0.0112467
0.382997
0.0907067
0.187017
0.291407
0
0.19819
0.288957
0.07541
0.04619
0.0310233
0
0.27955
0.31309
0.28116
0.290627
0.05398
0
0.197623
0.338133
0.444117
0.151453
0.36393
0.40177
0.0112467
0.15253
0
0.0131133
0
0.309787
0.325307
0
0.0384667
0.111607
0.0774067
0.0881567
0.132977
0
0.0710033
0
0.0597567
0.24556
0.40362
0.07177
0.217493
0.28028
0
0.35606
0.198817
0
0.39726
0
0
0.28892
0.265207
0.02606
0
0
0.23504
0.256347
0.0410967
0
0.21333
0
0
0
0
0
0
0
0
0
0
0
0
0
0
0
0
0
0
0
0
0
0
0
0
0
0
0.150547
0.143903
0
0.07869
0
0.290747
0
0
0.169863
0
0.02859
0
0
0
0
0
0
0
0.271117
0
0
0.3374
0
0.19523
0.249397
0
0.268627
0.132897
0.116143
0.115837
0
0.293097
0.05172
0.282783
0
0
0
0
0
0
0
0
0
0
0.50296
0
0
0
0
0
0
0
0
0
0
0
0
0
0
0
0
0
0
0
0
0
0.40625
0.444713
0.397897
0.433093
0.30664
0.42098
0.445773
0
0
0.50955
0
0.57136
0.0768967
0.222643
0
0.407257
0
0.608887
0.498583
0
0.307183
0.646157
0.349847
0
0
0.389403
0.515587
0
0
0.420897
0.387343
0.304043
0.37153
0.366007
0.25919
0
0.392443
0.0131133
0.244363
0.17573
0.37397
0
0.34614
0.52234
0.592603
0.29541
0.51965
0.296773
0.0224833
0.515477
0.39174
0.402123
0.24768
0.22302
0.370437
0.503987
0.63212
0.339497
0.492553
0.489667
0.35849
0.42873
0.40596
0.2367
0.54002
0.437923
0.365477
0.51697
0.612417
0.45433
0.392147
0.364917
0.379917
0.489573
0.519877
0.55811
0.545037
0.448233
0.382697
0.337853
0.403963
0
0.10479
0.371343
0.10276
0.523087
0.533823
0.533273
0.371287
0.48737
0.288707
0.406187
0.14301
0.78087
0.1005
0
0.31886
0.0931433
0.0745733
0.27114
0.18332
0.0445
0.0778533
0.303897
0.524477
0.511197
0.102187
0.44655
0.0224833
0.526747
0.33487
0.35427
0.466093
0.475127
0
0.152083
0.308277
0.0565333
0.152317
0.408723
0.117517
0.295233
0
0.115057
0.09112
0.06546
0.21064
0.11753
0.0756567
0.210003
0
0
0
0
0
0.10051
0.186623
0.283967
0.09121
0.3006
0.221053
0
0.341367
0.0334533
0.308723
0.0129467
0
0.0339767
0
0.294083
0.341833
0.268103
0.0129467
0.27964
0
0.09652
0
0
0
0
0.05833
0
0
0
0
0.0129467
0
0
0
0.306387
0
0
0
0
0.258987
0.0998833
0.05746
0.0349067
0.24636
0.346517
0.33831
0.06945
0.10438
0.76819
0.422963
0.10169
0
0.0559367
0.85545
0.393497
0.0316633
0.366143
0.332217
0.53621
0.331397
0.258333
0.372223
0.375273
0.291497
0.257103
0.596187
0.32019
0.5875
0.37381
0.26423
0.45352
0.596963
0.527353
0.330813
0.29974
0.372997
0.375943
0.38747
0.23039
0.282293
0.257103
0.303887
0.366497
0.330217
0.368983
0.361227
0.553723
0.32618
0.539567
0.30616
0.601167
0.345637
0.305737
0.395433
0.316033
0.62521
0.413333
0.23471
0.367173
0.30949
0.251183
0.237137
0.47012
0.236447
0.71812
0.318557
0.435107
0.279527
0.569907
0.555557
0.331143
0.513167
0.569653
0.36124
0.515457
0.37054
0.448687
0.112923
0.15066
0.381653
0.326977
0.11695
0.52687
0.26617
0.435523
0.3072
0.52457
0.59707
0.32104
0.170097
0.398367
0.36644
0.39596
0.209857
0.33055
0.4142
0.246493
0.357557
0.353577
0.187837
0.19864
0.188693
0.285163
0.49734
0.42128
0.437853
0.464073
0.480073
0.425157
0.652243
0.57428
0.432753
0.251893
0.259133
0.53206
0.292107
0.757587
0.441093
0.735693
0.69043
0.523973
0.502043
0.53961
0.55092
0.500423
0.714477
0.495313
0.933127
0.30082
0.592493
0.347983
0.48648
0.577517
0.436583
0.173453
0.480357
0.68799
0.747577
0.92573
0.829557
0.74459
0.847243
0.34828
0.98007
0.290937
0.72592
0.343293
0.790217
0.68531
0.440313
0.59278
0.157527
0.79034
0.618593
0.788833
0.707137
0.804407
0.863433
0.326097
0.835813
0.817843
0.916607
0.46369
0
0
0.384713
0.426607
0.327607
0
0.327747
0.3146
0.326593
0
0.265517
0.27475
0.0317967
0
0.307567
0
0
0
0
0
0.07948
0.269833
0.0210167
0
0
0.783913
0.144927
0.52475
0.02689
0.110617
0
0
0.0119767
0
0.539453
0.372393
0
0.385833
0.194857
0
0.02785
0.0371967
0.0648533
0
0.2984
0.08313
0.0197067
0
0
0.0100067
0.75493
0.390193
0
0.76532
0.42865
0
0
0
0
0.05408
0.134187
0
0
0
0
0.428913
0.02689
0.0712067
0.428453
0.0197067
0.174753
0
0.227203
0.299757
0
0
0.0533767
0.0810167
0.0327667
0.749883
0.560417
0.218483
0.705237
0.332143
0.09243
0.08234
0.338477
0.56422
0.52509
0.324173
0.0825667
0.732237
0
0
0.365283
0.115933
0.14249
0.250037
0.275147
0.32749
0.413367
0.367903
0
0.781857
0.4017
0.287437
0.00913
0.387367
0
0.35115
0.08192
0.823507
0.0551033
0.591793
0.148907
0.0827167
0.734543
0.249247
0.0554933
0.403007
0.287693
0.70042
0.55255
0.427627
0.0276433
0
0.81924
0.22939
0.643483
0.692743
0.09923
0
0.815177
0
0.730657
0.82759
0.671173
0.800047
0.354613
0.142143
0.617473
0.766693
0.340557
0.408823
0.410177
0.325387
0.297787
0.717533
0.245943
0.328403
0.42078
0.408027
0.0815067
0.650323
0.05906
0.05972
0.301073
0.400373
0.771133
0.173397
0.784147
0.793473
0.204847
0.12371
0.37556
0.409743
0.748857
0.03659
0.787587
0.0811767
0.798577
0.762343
0
0.36677
0.78045
0.407653
0.82314
0.819803
0.79166
0.821083
0.46346
0.57598
0.777043
0.554033
0.16175
0.747277
0.747147
0.276747
0.504163
0.365933
0.02657
0
0.0558667
0
0.241193
0
0.0821133
0
0
0.0821667
0
0.28905
0.289287
0.406047
0
0.0212833
0.07342
0.06342
0.0416433
0.0107267
0.10107
0
0.10153
0.10135
0.0618567
0
0.0804567
0
0
0.0952
0
0.03632
0
0
0.0105133
0.0105133
0
0.0209833
0
0
0
0
0.0962967
0
0.09553
0
0
0
0
0.10033
0.0955367
0
0
0
0
0
0
0
0
0
0
0.0945533
0.09438
0.01074
0
0.01073
0.0107833
0
0
0
0.0825433
0.07283
0
0.0950267
0
0
0.40786
0.02785
0.04142
0.0619333
0.09298
0.09993
0.0961967
0.00913
0.0750067
0
0
0
0.08499
0
0.0431533
0.103367
0.04281
0.0320833
0.0417967
0.420073
0.0678133
0
0
0.08267
0
0
0.0959933
0.09369
0.102583
0.09405
0
0
0.09585
0
0
0
0
0
0
0
0
0
0
0.0468933
0
0
0
0
0.100647
0.0331433
0
0
0
0
0
0
0.132777
0
0
0.0107833
0
0.09415
0
0
0
0
0
0
0
0.0935633
0.09337
0
0
0
0
0
0
0
0.0419567
0
0.20035
0
0
0
0
0
0
0
0
0
0.0323967
0.01073
0.0933667
0.0431267
0.0938067
0.0952333
0.0967233
0
0
0.0618367
0.0951067
0.0956233
0
0
0
0
0
0
0
0
0
0
0
0
0
0
0
0
0.03399
0.100183
0
0.0648333
0
0
0.0942967
0.0308733
0.0940933
0.10165
0.0741067
0.02776
0.05143
0.0944867
0.0939733
0.0914833
0.0833567
0.161883
0.463137
0.0967767
0.319437
0.422333
0.12118
0.0958967
0.122653
0.0949633
0.08364
0.10011
0.0960567
0.0429267
0.122423
0.0826367
0.816063
0
0.600597
0.05563
0.08317
0.12026
0.09801
0.110733
0.361527
0.329363
0.0327667
0.42639
0.111077
0.0851467
0.428513
0.06119
0.140623
0.31171
0.304187
0.447303
0.469247
0.09654
0.40544
0.75471
0.56789
0.445527
0.17086
0.356887
0.135527
0.102797
0.0482967
0.0889367
0.0845
0.05691
0.311393
0
0.0346333
0.0368467
0.722747
0.31548
0.0571233
0.348987
0.51931
0.360507
0.626387
0.50992
0.28446
0.53998
0.282043
0.336673
0.09392
0.82911
0.40527
0.05362
0
0.407557
0.378127
0
0.0533667
0.0795567
0.0726067
0.250297
0.0824767
0.08496
0.34765
0
0.0949467
0.09372
0
0.291643
0.874547
0.0625433
0.0224833
0
0.404667
0
0
0
0.08922
0.50853
0.496757
0.380353
0.511823
0
0
0.3861
0
0
0.08964
0.46124
0.357957
0
0.378677
0.223403
0
0.0937333
0
0
0
0
0
0.0934733
0.09323
0
0.0910467
0.298483
0
0
0.0428667
0
0.0384667
0.49306
0.108953
0
0.0753233
0.20969
0
0.09453
0.09663
0.09695
0.199643
0
0.303237
0.0647667
0
0.07543
0.0833567
0.0234233
0
0.0229167
0.0940933
0
0.0970633
0.09963
0.755883
0
0.03843
0
0.0748
0.0762367
0
0.09648
0.0229167
0.0625433
0.0426733
0.01074
0.0635967
0
0.6924
0
0.0110467
0.159123
0
0.2152
0.632407
0
0.543403
0
0
0
0
0
0.02973
0
0
0
0
0
0.39078
0.292457
0
0.08436
0.08534
0
0.0569667
0.0107833
0.32479
0.407673
0.0902367
0.733047
0.652883
0.70253
0.28874
0.221233
0
0.3036
0
0
0.356993
0.0429233
0.180323
0.230747
0.435987
0.407607
0.61387
0.170037
0.164127
0
0.48835
0.181343
0
0.19223
0.108553
0.219917
0.2546
0
0.254543
0.130023
0.255347
0.16971
0.145613
0.174197
0.683257
0.43948
0.464923
0.117543
0.82251
0.773687
0.10323
0.3932
0.118357
0.320967
0.77775
0.447627
0.103137
0.295103
0.777967
0.3235
0.32746
0.386747
0.309553
0.33681
0.146867
0.315983
0.26422
0.320437
0.30567
0.360293
0.279513
0.846847
0.157807
0.78789
0.26382
0.206557
0.268127
0.35284
0.0532167
0.614527
0.276527
0.172267
0.29095
0.314547
0.274723
0.335563
0.324217
0.276417
0.567243
0.157737
0.174473
0.431977
0.522513
0.63059
0.70158
0.1918
0.764927
0.733107
0.58314
0.0449233
0.24971
0.54347
0.219897
0.48599
0.197283
0.735373
0.224543
0.335823
0.21334
0.121563
0.391453
0.224643
0.231157
0.16456
0.77364
0.337313
0.31905
0.154443
0.780643
0.377387
0.30728
0.18452
0.25458
0.123793
0.624797
0.191667
0.416977
0.111793
0.112013
0.209083
0.364953
0.19473
0.37655
0.220067
0.419003
0.43654
0.362837
0.129657
0.139203
0.841503
0.222563
0.528127
0.413453
0.220333
0.608977
0.926557
0.0213233
0.917433
0.278997
0.167013
0.267263
0.168883
0.48005
0.216493
0.11959
0.132273
0.763193
0.112997
0.45791
0.34481
0.357477
0.238083
0.853427
0.238603
0.470713
0.84894
0.403063
0.844427
0.333047
0.335747
0.417907
0.82897
0.626723
0.80273
0.480227
0.623567
0.276117
0.279087
0.19783
0.46079
0.209517
0.17014
0.579917
0.368257
0.2442
0.21259
0.196023
0.38518
0.252063
0.2942
0.301727
0.36122
0.243223
0.08466
0.24968
0.535183
0.506517
0.15322
0.5988
0.261863
0.207143
0.732473
0.21143
0.58298
0.21833
0.435233
0.25957
0.584093
0.0243667
0.176723
0.68265
0.05519
0.185697
0.250877
0.407713
0.28409
0.300987
0.713083
0.337443
0.508627
0.283263
0.9214
0.299893
0.570827
0.02772
0.922063
0.342767
0.32481
0.673373
0.0703133
0.02859
0.818137
0.113723
0.648897
0.769783
0.80314
0.0334933
0.642797
0.67072
0.878383
0.898267
0.349367
0.578037
0.348633
0.451523
0.353357
0.723667
0.517193
0.62131
0.721307
0.18776
0.643767
0.4487
0.39526
0.76407
0.239653
0.718567
0.41795
0.45541
0.765853
0.350817
0.721007
0.423713
0.824217
0.465513
0.945873
0.88715
0.0308433
0.32847
0.599487
0.276013
0.72339
0.358163
0.76969
0.44398
0.32975
0.400697
0.897943
0.425923
0.327033
0.574717
0.37825
0.158383
0.49333
0.735343
0.211113
0.243617
0.27165
0.656777
0.219213
0.220147
0.20671
0.15678
0.22048
0.87026
0.343493
0.734767
0.671
0.796783
0.884957
0.238863
0.911873
0.3333
0.158077
0.336977
0.83567
0.24552
0.418977
0.267313
0.454103
0.276503
0.342103
0.188477
0.80755
0.81912
0.757097
0.824037
0.307893
0.278813
0.199767
0.31843
0.863107
0.646347
0.255423
0.16459
0.34624
0.438313
0.265007
0.3886
0
0.37641
0.378497
0.0241167
0.340543
0
0
0
0
0
0
0.0637067
0
0
0
0
0
0
0
0
0
0
0
0
0
0
0
0
0
0
0
0.0552433
0.0837767
0
0
0
0
0
0
0
0
0
0
0
0
0
0
0
0.0118733
0
0
0
0
0
0
0
0
0
0
0.166647
0.22722
0
0.133297
0
0
0
0
0
0
0
0
0
0
0
0
0
0
0
0
0.62623
0.0361433
0
0
0.0241167
0
0
0
0
0
0
0
0.410907
0
0
0
0
0
0
0
0
0
0
0.0110467
0
0
0
0
0.01074
0
0
0
0
0
0
0
0
0
0
0.01176
0
0.01176
0.187353
0
0
0
0
0.1419
0.10443
0
0
0
0.0986267
0.20994
0.0798933
0
0.211113
0.0879067
0
0.09807
0.0983767
0
0.0109767
0.0438133
0
0.341207
0.110767
0
0.03438
0.0982867
0.292193
0.09596
0
0
0.0868367
0.0954533
0.0951833
0.0634667
0.0315567
0
0
0.143177
0.03196
0
0.169673
0.0985767
0
0.277903
0
0
0
0
0
0.0216333
0
0.0678067
0.208293
0.221617
0
0.0454467
0
0.266273
0.189203
0.15498
0.199237
0.20078
0
0.154987
0
0.0415467
0.297113
0
0.390103
0.201273
0.153897
0.12434
0.371897
0.37935
0
0.04572
0.420233
0
0
0
0
0
0
0
0
0.102627
0
0
0
0
0
0.0939367
0
0
0
0
0
0
0
0
0
0
0
0
0.347233
0.14367
0.17333
0.260237
0.2423
0.28298
0.153867
0.25174
0
0
0
0.31305
0.310403
0.31124
0
0
0
0
0
0
0
0.16098
0
0.27091
0.0112
0
0
0
0
0
0
0.0338567
0
0
0.24723
0
0.127913
0
0
0.29399
0.22184
0
0.271453
0.0513567
0.07281
0.373717
0.427667
0.0969267
0.20975
0.385737
0
0.41724
0.20804
0.209297
0
0
0.0205633
0
0.11356
0
0.0864767
0.03708
0.0246467
0
0
0
0.0863
0
0.37683
0.37535
0.05447
0.0941733
0.12462
0.0637033
0
0
0.208007
0.2573
0
0.24332
0.06387
0.21966
0
0
0.243223
0.02344
0
0
0.242867
0.0124333
0.196433
0.08674
0.103297
0.102887
0.250407
0
0
0
0.0960033
0
0
0.354843
0.0744867
0.10166
0
0
0.101357
0
0
0
0
0.384267
0.209687
0.0096
0
0.02864
0
0.337477
0.294483
0.151167
0.27873
0.0096
0.0877167
0.13368
0.374667
0.369873
0
0.233133
0.0113767
0.311177
0
0
0.358917
0.09905
0.06791
0
0.43019
0.460713
0.0868433
0
0
0.195027
0.149063
0.29699
0.415453
0.0710633
0.0716467
0.0514067
0.0854867
0.369957
0.0857567
0.36781
0
0
0
0
0
0
0
0
0
0
0.0362267
0.0362533
0.0543067
0
0
0
0
0
0.0844567
0
0
0.132313
0
0
0
0.27216
0.260963
0.0315567
0
0.310923
0.276437
0
0
0
0
0
0.110137
0
0
0.0560667
0
0.104897
0.05895
0
0.1383
0.0699233
0
0.104763
0.0112833
0.137817
0.278493
0.06872
0.13734
0.281907
0.10451
0.293293
0.189023
0
0
0.0822067
0
0
0.111457
0
0
0
0
0
0.111213
0
0
0.0830333
0.324037
0.0690967
0.15213
0.209107
0.0226767
0.0112833
0.01311
0
0.147853
0
0.31066
0.136907
0.10178
0.20846
0.278897
0.312517
0.20948
0.313793
0.31549
0.207093
0.260453
0.190677
0.11781
0.312547
0.04532
0.160823
0.31449
0.0677533
0.160823
0
0
0.243157
0.128873
0.207337
0.21648
0.00990667
0.0524767
0
0
0
0
0
0
0
0.101503
0.128043
0.0689533
0
0.2094
0.290337
0
0.0793933
0.313977
0
0.00979333
0.312587
0
0.190273
0
0
0.00972667
0
0.1383
0.09007
0.314163
0
0
0.05895
0.227987
0.211787
0.0705467
0.0267967
0.113033
0
0
0
0
0
0
0
0
0
0.31515
0
0.208917
0.0509633
0
0.31072
0.31045
0
0
0
0.277457
0
0.0328367
0
0.311083
0.202103
0
0.0338567
0
0
0
0
0
0.0447833
0
0.111407
0
0.190027
0
0.0315567
0.0955033
0.209787
0
0
0
0
0
0
0.167453
0
0.0631467
0
0.0322233
0
0.0538567
0.0353133
0
0.02344
0
0.189947
0.208783
0
0
0
0
0.0801833
0.06221
0.0693467
0.271727
0.16275
0
0.01311
0
0
0.17282
0
0
0
0
0
0
0
0
0
0
0
0
0
0
0.08428
0
0
0
0
0
0
0.0627033
0
0
0.118507
0
0
0.15511
0
0
0
0
0
0
0
0
0
0
0
0
0
0
0
0
0
0
0
0
0
0
0
0
0.0450467
0
0.0201033
0
0
0.0280367
0.08124
0
0
0
0
0
0
0
0
0
0
0
0
0
0
0
0
0.0623533
0
0.03558
0
0
0
0
0
0
0
0
0
0
0
0.21708
0.190247
0
0.0893367
0
0
0
0
0
0
0.0543233
0
0.162307
0.162673
0
0.07182
0.0807367
0.106
0.160497
0.0717233
0.0347067
0.0808033
0.0226567
0
0.16141
0.188347
0.0807433
0
0
0
0.0857667
0.08076
0.125213
0
0
0
0
0
0.189553
0.108437
0.16196
0.152493
0.0717533
0.09494
0.0539133
0
0.0949267
0
0.0718033
0
0.01061
0.0601133
0
0.07177
0.01049
0.01049
0
0
0.23557
0
0
0
0
0
0
0
0.180477
0.20728
0.25608
0.241597
0.26025
0.189533
0.148087
0.1842
0.00897333
0.00888667
0.11395
0.1118
0.07886
0.07484
0.208267
0.0281267
0
0.164707
0.133193
0.26876
0.2792
0
0
0.12143
0.223017
0.15379
0.221123
0
0.140643
0.183
0.00979333
0.12246
0.0267967
0.218683
0.01806
0.24935
0.0436867
0
0.173347
0.17307
0
0.28954
0.24485
0.0837333
0.17293
0.0565667
0.211257
0.08691
0
0.0997933
0
0
0
0.00908667
0.216297
0.131163
0.169103
0.23883
0.0096
0
0.05809
0.01964
0
0.09613
0.237773
0.241457
0
0
0.353007
0
0.18148
0
0.370347
0.362503
0.09756
0.0294333
0.09427
0
0.323253
0.39327
0.340833
0
0.0857033
0.08596
0
0.20886
0
0.05694
0.41879
0.261267
0.151327
0.236427
0.0844233
0.05769
0.1313
0.142497
0.0436867
0.114233
0.0853167
0.310357
0.292533
0.01025
0
0.250753
0.0386933
0.0867067
0.318903
0.234813
0
0.0281267
0.358613
0.34981
0.390597
0
0.325013
0.0980433
0
0.1061
0.22585
0.0660633
0.190347
0
0.0200933
0.0983867
0.0383233
0.0895267
0.0762667
0.06771
0.0864133
0.08595
0.09927
0.0997433
0.0846767
0.30551
0.0848633
0.0806967
0
0.0860133
0
0.0844867
0.164877
0.109173
0.384137
0
0
0.0862867
0.0865633
0.108903
0.27432
0
0.32831
0.0942767
0.19461
0.08507
0.06634
0.164167
0.0189933
0
0.0847333
0.0188667
0.16223
0.0288967
0
0
0.00908667
0
0
0
0
0
0
0.00908667
0
0
0.0722833
0.0804567
0.0266933
0
0
0
0
0
0.0632133
0
0.142377
0.00897333
0
0
0
0.04729
0
0.312403
0
0.0810933
0.12373
0
0.0986933
0.111267
0
0.0179533
0
0.0812733
0.0179367
0
0.0420733
0
0.0421933
0
0.0899667
0
0
0
0
0
0.0357167
0
0.173177
0.12217
0.0573633
0
0.01049
0.132877
0.258223
0.174623
0.0847333
0.142337
0.174257
0.0655033
0
0.0706867
0.0179367
0
0
0.155857
0
0
0.0916967
0.174277
0.08015
0
0
0.0975467
0.1175
0.0448233
0
0.17215
0
0
0.0448567
0.0823733
0.121387
0.290527
0.171133
0
0.04158
0.07185
0
0
0.152213
0
0
0.0377533
0
0.02835
0
0.0201867
0
0.17369
0.155663
0.173563
0.208557
0.0736133
0.110237
0
0.157727
0
0
0.0204933
0.09905
0.08486
0.08472
0
0.08156
0.12432
0.153647
0.0661067
0.31268
0
0.173083
0.172917
0
0.164893
0.135723
0
0.15417
0.05957
0.0898267
0.03786
0
0
0.180113
0.0775367
0.08188
0.154007
0.0757933
0
0.19223
0.145147
0.0386433
0.0775533
0
0
0
0
0.136963
0
0
0.0563433
0.0303567
0.101937
0.111323
0
0.172577
0.139903
0.11836
0.3211
0
0
0
0
0
0
0
0
0
0
0
0
0
0
0.206103
0
0.0106333
0.24507
0.228847
0.195747
0.184017
0.16523
0
0.0601267
0
0.0570367
0.0850667
0.0774867
0
0
0
0
0
0
0.0441333
0
0
0.0335467
0.10101
0.06737
0
0.10396
0.10223
0
0.06669
0
0
0.0895133
0.10209
0.100863
0.104953
0
0
0.101733
0.06623
0.102277
0
0
0.0693833
0.0852267
0
0
0
0.02339
0.0700967
0
0.0932933
0.103637
0.0330867
0.205997
0
0.0570167
0
0.03004
0.0601533
0.0898967
0
0
0.103867
0
0
0
0
0
0
0
0
0
0
0
0
0
0
0
0
0.0351333
0
0.0228267
0
0.103703
0
0.10415
0
0
0.124213
0.1629
0
0
0.17932
0.179803
0
0
0.180403
0.15178
0
0
0
0
0.181033
0
0
0
0
0
0
0.0102767
0
0
0
0
0
0
0.0724667
0.0651267
0.0326733
0
0.0420867
0.0105367
0
0.0105367
0.0423867
0
0
0.0401333
0.0423867
0.0414567
0.0102767
0
0
0
0
0
0
0
0
0
0
0
0
0
0.448617
0.0346667
0
0
0
0
0
0
0
0
0
0.0803067
0.0461167
0
0
0
0.306377
0
0.10133
0
0
0.155887
0.174627
0.0986267
0.106163
0.155527
0
0
0
0.436517
0.441057
0.0205633
0.102787
0
0
0
0.10285
0
0
0.0113767
0
0
0
0.08175
0.0929633
0.0700067
0.03515
0.0581067
0.175937
0.4104
0
0
0
0
0.01145
0.0346667
0.01145
0
0.0453667
0
0
0.128463
0
0.0391633
0
0.289183
0.35169
0.217707
0
0
0.165367
0.0377633
0
0.10334
0.249963
0
0.253463
0.296317
0.14636
0
0
0
0
0.10284
0.101617
0
0.0204933
0
0
0
0.1021
0
0.407797
0
0
0.10045
0.32462
0.368583
0
0.10228
0.341453
0.01025
0.393997
0.08531
0.122597
0.0719367
0
0.0124333
0
0.0205633
0
0.0202433
0.11648
0
0.28116
0.00984
0
0.00984
0
0
0.0583
0
0
0
0
0.0678633
0.04874
0
0
0.04983
0.260547
0.228637
0.08386
0
0.101983
0
0.183163
0
0
0.291083
0
0
0
0.166253
0.216013
0
0.0214633
0.29141
0.17688
0.291773
0.03232
0
0
0.27985
0.177587
0.167703
0.267087
0.24578
0.257647
0.257997
0.278593
0.25563
0.09453
0
0
0
0
0.0737767
0.112943
0
0
0
0
0.15406
0.03142
0.10367
0.07379
0.29446
0
0.2788
0.268837
0
0.0521067
0.0213233
0.0319567
0
0.16651
0.102287
0.278183
0.12075
0
0.04145
0
0
0
0.04353
0.278277
0
0
0.17985
0.03957
0
0.275803
0
0.103863
0
0
0
0.1947
0.291597
0.00923667
0
0.10134
0.1619
0
0.0997567
0
0.228607
0
0
0
0.0301133
0.0503567
0
0
0
0
0.100767
0
0.0234233
0.10433
0.17735
0.0917033
0
0.103297
0
0
0.0841233
0.09201
0.0501967
0
0
0.13388
0.165083
0.0204933
0
0.04851
0
0.4107
0.122313
0
0.17268
0.332
0
0.107537
0
0
0.10941
0
0.0246467
0
0
0
0
0.0616433
0
0.37966
0
0.10479
0.0371567
0
0
0.377047
0
0
0.0880733
0.196163
0
0
0.21757
0.16372
0.17739
0
0.2701
0
0.304173
0.302
0
0.302757
0.181547
0
0.0308133
0.119383
0
0
0.11306
0.15128
0.42737
0.0814733
0
0.375167
0
0.345287
0.13988
0
0.189047
0.108837
0.194513
0.318577
0.344327
0
0.08526
0
0.43475
0
0
0.119063
0
0
0.159863
0
0
0
0
0.0241433
0.0604567
0
0.254863
0.16445
0
0
0.16691
0.108353
0.175737
0.36196
0.0504267
0.0806167
0.260403
0.115897
0.27851
0.09065
0.17129
0.27809
0.223533
0
0.08216
0.225997
0.277053
0.278627
0
0.153467
0.182983
0
0.203143
0
0.0984633
0.20645
0.07843
0
0
0
0.0290733
0.00965667
0.0194167
0.0966267
0.206607
0.09749
0.0779667
0
0.28012
0.23888
0.157337
0.131097
0.100233
0.0887967
0.186967
0.43674
0.00965667
0
0
0
0
0.09626
0.0401333
0.0970933
0.10735
0.0216867
0.0660133
0
0.176947
0
0
0.134327
0.10887
0.0980067
0
0.0290633
0.08665
0.01185
0
0
0
0.01185
0.0972933
0.0875533
0
0.0957633
0.0688933
0
0
0
0
0
0
0.18737
0.226017
0.201287
0
0.1026
0
0
0
0.108423
0
0
0
0.17483
0.0645733
0
0.25003
0
0
0
0
0
0.174117
0.100777
0.148513
0.219397
0
0.12861
0.0982033
0.1657
0.271727
0.173853
0
0
0.18429
0
0
0.0194167
0.175643
0.223493
0.0963767
0.266357
0
0.0194167
0
0.22897
0
0.14606
0.10013
0.11778
0.248313
0.09915
0.321453
0.0477767
0.0753867
0.342647
0.0681033
0.109557
0.09841
0.0987833
0.24816
0.26232
0.02204
0.09862
0.02189
0.01099
0.0986867
0.218123
0
0.236523
0.02902
0.106853
0.10854
0.122633
0.1098
0
0.108067
0
0.0808633
0
0
0.07187
0.0449167
0.0726533
0
0.08087
0
0
0
0.0864367
0.0855433
0
0.08574
0
0.08084
0.0808467
0
0.01061
0
0
0
0
0.0855533
0.00893333
0.0268567
0.0717333
0.0448233
0.0563667
0.218347
0.172447
0
0
0.02696
0
0
0
0
0.0808333
0.0852767
0.107337
0.05675
0.0756533
0.0863167
0.11617
0
0
0
0.0536567
0
0
0
0
0
0
0
0
0
0.03593
0.10732
0.108367
0.0448733
0
0.0603133
0.04482
0
0.0179233
0
0
0
0
0
0
0
0
0
0.03371
0
0
0
0
0
0.0267667
0.0474867
0.0761133
0
0.0857967
0
0
0
0
0.03619
0.108767
0.10827
0
0
0
0
0.08605
0.03209
0
0
0
0.00889
0.0870767
0
0.0289
0
0
0
0
0.0601633
0.0652567
0
0
0
0
0.0869033
0.0328533
0
0
0.0871033
0.0580133
0.0483233
0
0.0862667
0.122067
0
0
0
0.0861633
0.08607
0.01028
0.08737
0.0583767
0.0506933
0.02866
0
0.13718
0.309733
0.258587
0.0819067
0.16054
0.149243
0.00974667
0.27736
0
0
0
0.38708
0.00998333
0.0488933
0.432623
0.07786
0.02859
0
0.152377
0
0.0188667
0.424583
0.0371567
0.1322
0.198067
0.140573
0.238253
0.125117
0.349993
0.0366967
0.0738267
0.109013
0.29786
0.18916
0.0121967
0.283347
0.28978
0
0.313543
0.278107
0.258507
0.221677
0.246617
0
0.24705
0
0
0.422143
0
0
0
0.107457
0.107437
0
0.01185
0
0.269443
0.0862767
0.02579
0.3077
0
0.0761333
0.0362133
0.0993533
0.0917733
0
0.09425
0
0.137497
0
0.0415767
0.03118
0
0
0.20829
0.0290067
0.249693
0
0
0.07869
0.0471733
0.406687
0
0.05807
0
0.45508
0
0
0.224577
0
0.167433
0.0734533
0
0.0579067
0
0.03707
0
0.110147
0
0
0
0
0.17458
0.311333
0.0834667
0.02973
0.266453
0.246127
0.3486
0.260307
0.157077
0.05977
0.10761
0.260427
0.259943
0
0.10864
0
0
0.203973
0.357223
0.29678
0.344323
0.345263
0.21651
0
0.197693
0.107697
0
0.270467
0
0.00927667
0.24179
0.154323
0.130633
0.133953
0.0652
0.03561
0.104193
0.00927667
0.09055
0.15278
0.214313
0.02752
0
0.0360367
0.03263
0.187237
0
0
0.107777
0
0.01099
0.122303
0.0109
0.108243
0.06606
0
0
0.115353
0
0.331697
0
0
0
0
0.0750533
0.0109
0.291697
0
0
0
0.0839133
0.21709
0
0.0365433
0
0
0.03707
0.03707
0.03707
0.25125
0.175477
0.0829967
0
0.0373733
0.264637
0
0.118433
0
0.143283
0
0
0.251993
0
0.01185
0
0
0
0
0
0.0534367
0
0.109423
0.0801633
0.142593
0.173813
0.16582
0.111583
0
0
0
0.0727567
0.0993433
0
0
0
0
0
0.11028
0
0.10832
0
0.0332067
0
0
0.0478167
0
0.174423
0.147443
0.129737
0.11154
0
0.17262
0.172417
0
0.182437
0.383637
0.407247
0
0
0.123567
0
0
0
0.01017
0
0
0
0.0808767
0
0.0529
0
0
0
0.0384033
0.05766
0.04633
0.0185133
0
0
0.336697
0
0
0.05391
0
0
0.0848767
0
0
0
0.07248
0.09613
0.0328533
0.0356933
0.108107
0
0
0
0.0239733
0
0.0713533
0
0.0837833
0.0829633
0
0.107577
0.09547
0
0.0428467
0.0378
0.0107767
0.13662
0.107897
0.00944
0
0
0.0511067
0.0610133
0.04029
0
0
0.0881967
0.00944
0
0.04137
0.0696667
0
0
0.0976767
0.0324533
0
0
0.24124
0.134957
0.175393
0.127003
0
0.0367567
0
0.0239733
0.178777
0
0.00898
0
0.03593
0.07225
0.00927667
0.06548
0.0764033
0.103323
0
0
0
0.0990267
0.0241433
0
0.09723
0.0579833
0.0580233
0
0.12915
0
0.0880667
0
0.03207
0
0
0
0
0.0473033
0
0.01906
0
0.0968967
0
0.09678
0
0.0976
0.08669
0.0976933
0.0980533
0.0867133
0.0773433
0.136797
0.0189933
0
0
0.294213
0.02045
0.01017
0
0
0.0121967
0.189547
0.00940333
0.0476533
0
0
0.162877
0
0
0.372507
