0.159663
0
0
0.219793
0.146423
0
0
0.420737
0
0.04988
0
0
0.182677
0.205333
0.0129167
0.00646333
0.0489567
0.0672533
0.0730167
0.00386667
0.0147833
0.383067
0
0
0
0
0.159937
0.0342933
0.0439033
0
0
0
0.19386
0.00543667
0.0846533
0.0467267
0.00743
0
0.07578
0.0553
0
0
0
0.110957
0.03854
0
0
0.0257667
0.0461133
0.0366333
0
0.291923
0.293027
0.30155
0
0.111613
0.04103
0
0.04618
0.0117833
0.407537
0
0.0446733
0
0
0.04656
0
0
0.0455067
0
0.0726633
0
0.04133
0.11905
0.131477
0.180347
0.00371
0.04965
0
0.0326167
0
0
0
0.01461
0.0917367
0.813437
0.03222
0
0.04552
0
0
0.07365
0.0557267
0
0.0208867
0.0115167
0
0
0.0567567
0.110763
0.207507
0
0.117997
0
0
0.148803
0
0
0.11956
0
0
0
0
0
0.0306867
0.0349767
0
0.0388533
0.03928
0.11148
0.123767
0
0
0
0
0.499423
0.04749
0
0.109737
0.115293
0
0
0.00845667
0.14211
0.0354433
0
0
0.02611
0.362987
0.04237
0
0.03652
0
0
0
0.0194167
0
0.07413
0
0.07345
0.0556767
0.11383
0.182517
0.199353
0.00964667
0
0.0743533
0.0364633
0.03621
0
0.0309067
0.0372133
0
0.04532
0.00543667
0
0
0.05573
0.02953
0
0.17535
0.0666767
0
0.370277
0
0.0151833
0
0.0459133
0.381827
0
0.127157
0
0
0
0.160447
0.0412667
0
0.465163
0
0
0
0.10153
0.114977
0.162813
0.06265
0
0.160347
0.43196
0.03883
0.116687
0.07544
0
0
0
0.0297267
0.0539733
0.383017
0.38119
0.18335
0.0453333
0
0
0.156433
0
0
0.01076
0.183513
0.00644667
0
0.184033
0.00532
0
0
0.0363733
0.47304
0.0592133
0
0.12775
0.0643533
0
0
0
0
0.0204133
0.0276533
0
0
0.0495133
0
0.111727
0.218373
0.109643
0
0
0.125837
0.183697
0
0.110267
0.04594
0
0.0937133
0.0586733
0
0
0.03081
0
0.0599867
0
0.115137
0.0115867
0.03688
0
0.107277
0
0
0.46701
0.163487
0
0.0353367
0
0.0498667
0.167397
0.05403
0.11264
0
0
0.0597867
0
0.122907
0
0.206563
0.05611
0.0731533
0
0.0254533
0
0.10683
0.163593
0.0534267
0.137413
0
0.38204
0
0.163527
0
0
0.110847
0
0.254963
0
0
0
0
0
0
0
0.11672
0
0.18398
0.01434
0.0828067
0
0
0.0485333
0.399903
0.31832
0
0.367473
0.0323867
0
0.192467
0
0.06707
0.38107
0
0.0590067
0.174323
0
0.16765
0.0387033
0
0.03461
0.102813
0.00356667
0
0.205717
0
0
0.01239
0.0147067
0.0535867
0
0.28003
0
0.0288467
0
0
0.183347
0
0.0733867
0.389033
0
0
0.0383067
0.0453733
0.110163
0
0.123193
0.171453
0.08463
0.273057
0
0.03666
0.0770567
0.0530767
0.20326
0
0.155823
0
0.0566367
0
0
0.00645333
0.0116233
0.02134
0
0.0485367
0.0542267
0
0.21388
0
0
0.141043
0.04932
0.0790833
0.304993
0.0489833
0.0416267
0
0
0
0
0.0242767
0
0
0.0492733
0
0.04317
0
0
0
0.0551867
0.272203
0
0.671823
0
0.144523
0.00414667
0
0.0283167
0.0322367
0
0.125813
0.00645
0
0.0307
0
0
0.0360633
0.05353
0.0305
0
0.404443
0.0465733
0.101127
0.247853
0
0.0189233
0.0457533
0
0.0596467
0.05522
0
0
0
0.0156767
0.225163
0
0
0.0852967
0
0
0
0.0258633
0
0
0
0.166427
0.155067
0.0454733
0.10141
0.04827
0.0368733
0.0648933
0.16266
0
0
0.369827
0
0
0.115293
0.25042
0
0
0.248097
0.115957
0
0.0271233
0.0657467
0.0115867
0.298427
0.434813
0.132253
0.111513
0
0.205587
0
0.06386
0
0
0.238593
0.04322
0
0.0477767
0.37278
0
0.20041
0.07276
0
0
0.141897
0.167573
0.123473
0
0
0.03235
0
0.0671967
0.54825
0.03233
0.845317
0.730687
0.162683
0.04827
0
0
0
0
0
0
0.124393
0.181717
0
0.110433
0.0851533
0
0.00364333
0.0342
0.04836
0.110993
0
0
0
0
0.387223
0.00615
0
0.0368667
0.199923
0.214973
0
0.0253567
0.03384
0.0128867
0.04801
0.116227
0.0129733
0.0342033
0.0295033
0
0.0156333
0.55788
0.248877
0.221997
0
0.0987133
0.0367467
0.101247
0
0.0254467
0
0.0553967
0
0
0.0356367
0
0.00559667
0
0.3898
0.155853
0.0825667
0.259833
0
0.374987
0.465033
0.1837
0.16988
0.0116067
0.144733
0
0.1194
0.02933
0.538343
0
0.0312167
0.19114
0
0
0.380163
0.37997
0.05874
0
0
0
0
0
0
0.0784767
0.0362533
0.03848
0
0.0122367
0.0213233
0
0.0340733
0.0464733
0.0516233
0
0
0.0343133
0
0
0.03688
0
0
0.0482233
0.0402367
0.431363
0.21527
0
0.0109267
0
0.123773
0.116073
0.03758
0.0392467
0
0.0408533
0
0.0288333
0.09813
0
0.695127
0
0
0
0.254207
0.0564233
0
0
0.22255
0
0.0735233
0.00480333
0.182817
0.11036
0.0549433
0
0
0.486727
0.467087
0.04624
0
0
0
0
0
0.622183
0.219813
0
0.0307267
0.0309567
0.0376667
0.08582
0.80661
0.0637067
0.369107
0.182407
0.0539533
0
0.03864
0
0
0
0
0
0
0.0180433
0.40319
0.12642
0.00535667
0.405317
0.11569
0
0
0.0483133
0
0.0226567
0.364097
0.00399
0
0.0298967
0.0555
0.385497
0.0157967
0.141063
0.296297
0
0.0664767
0.176107
0.05247
0.04061
0
0.0208533
0
0.139973
0.197307
0.04603
0.0336667
0.0409733
0.0169233
0
0.155843
0.16173
0
0.0548767
0.03281
0
0.14564
0.03399
0
0
0
0.382527
0.05184
0
0.182577
0.173393
0
0.11439
0.20471
0.09505
0.16125
0.0840433
0
0.0519
0.0386033
0
0
0
0.360677
0.0253567
0.0433633
0.16009
0.0367367
0.06852
0
0.104297
0.379417
0.00396333
0
0.17455
0.29789
0.296903
0
0.0368467
0
0.0148233
0.35621
0
0
0
0.0369767
0.0347233
0.04524
0
0.146873
0.0227467
0.04439
0
0.04744
0.194327
0
0
0
0.127803
0.06725
0.01942
0.03857
0.08179
0.0404867
0.167517
0
0.07253
0
0
0
0.0744367
0.0301867
0.0494467
0
0
0.00645
0.0189833
0
0.0568067
0.0469633
0
0
0.07032
0.0339833
0.13161
0.292857
0.0674867
0
0
0
0
0.0543133
0.173553
0
0.393087
0.0423667
0.20808
0.122593
0.0559467
0.406153
0.451897
0
0
0
0
0.08622
0.208467
0.653927
0.0528133
0
0.01024
0.0181567
0.0588867
0.0600767
0.0388433
0.102267
0.01109
0.0222733
0
0
0
0.18201
0
0.433643
0.00559667
0.109833
0
0.0465267
0.323867
0.00615
0
0.07992
0.03608
0.0151
0.0146267
0.0715167
0.12786
0.0395733
0.0400867
0.380767
0.0384233
0
0.0121633
0.08542
0
0
0
0
0
0
0
0
0
0.400967
0
0.0362933
0.00645
0.209183
0.0421933
0.227007
0.0162267
0.0924267
0
0
0.03515
0.0745667
0.05872
0.2309
0
0
0
0.256437
0
0.0124433
0.0369967
0
0.110787
0
0
0
0
0
0.170273
0.279373
0.256563
0.20005
0.224443
0.08012
0.205863
0.0153933
0
0.03424
0
0.182453
0.00570667
0
0.0843333
0.105643
0.0363833
0.05377
0.884133
0
0.0189167
0.0164067
0
0.13612
0
0
0.0493333
0.0851867
0
0.0603533
0
0
0
0.0235533
0
0.189277
0.0508267
0.0932
0
0
0
0
0.0496467
0
0
0
0
0.65875
0.0523467
0.0364433
0.38827
0
0
0.00830333
0.266823
0.0527767
0.0182767
0.0194367
0
0.11094
0
0.0108233
0
0
0.0204667
0.0461533
0.133923
0.464033
0.389863
0.530777
0
0
0.0550533
0.77555
0
0.03084
0
0
0.0397533
0.11626
0.02397
0.408563
0
0.0242333
0.0546233
0
0.435877
0.03104
0.122763
0.15823
0
0.0541667
0
0
0
0
0
0.447757
0
0.11981
0
0.572433
0
0
0
0
0
0.13521
0
0
0.25039
0.0321167
0
0
0.03682
0.19911
0.1081
0.16659
0.350257
0.518193
0.0287733
0
0.00452333
0
0.272927
0.0506367
0
0
0
0
0.52293
0.0104433
0
0.138317
0.163307
0.0525367
0
0
0.16476
0
0.05405
0.0500233
0.00351333
0
0.04366
0
0.0482
0.210097
0.0041
0
0
0.0084
0.00515333
0.05872
0
0
0.0338067
0.193103
0.09413
0
0.48548
0.462863
0
0
0.188633
0.0318
0
0.0463333
0.0550433
0.686087
0.00584333
0.01594
0
0
0.0388033
0.380797
0.08228
0.134087
0
0
0.0584167
0
0.09551
0.23464
0
0
0
0
0
0.0382233
0
0
0
0.0465467
0
0.0160233
0
0.0351533
0
0
0
0.05978
0
0.0129067
0.510157
0.185337
0.05428
0
0
0
0
0
0
0
0.459443
0.00800667
0.00587
0.0386
0
0
0
0.03773
0
0
0
0
0
0.358183
0
0.18322
0.11805
0
0.135293
0.119267
0.127283
0.38855
0
0
0.0272833
0.0332267
0.0236533
0
0
0
0.0488233
0.0125167
0.00595333
0.124477
0
0
0
0.0557033
0.507413
0
0.191363
0
0.03597
0.533703
0
0
0.0251567
0.0295567
0
0.0175567
0.00716667
0
0.649543
0.0186933
0.0256067
0.0248767
0.0323233
0
0
0
0.0320967
0.0433533
0.02144
0
0.05921
0
0.0894067
0
0
0
0.0882433
0.00371
0
0.338273
0.0436267
0.0716567
0.723573
0.0521133
0.0186933
0.19718
0.16192
0.0366333
0
0
0.09219
0.200657
0
0
0.04723
0
0.591813
0.157293
0
0.159993
0
0.00376
0.12721
0.0589433
0
0.253783
0.668803
0.0316233
0
0.38251
0
0
0
0.161257
0.377857
0.156133
0.198397
0.1371
0.02601
0
0.0452667
0.125737
0.05362
0.6671
0.0481
0
0.159867
0
0.267493
0.0559033
0.0204867
0.0368567
0.0422833
0.0481367
0
0
0.102367
0.0389633
0
0
0.00492
0.39218
0.03624
0.0105167
0
0.14873
0
0.11578
0.0340933
0.0127767
0.183207
0.214143
0.207787
0.0368
0.220503
0.0790667
0
0.0343433
0.0206267
0
0.16032
0
0.160687
0.163003
0
0.0298467
0.109337
0
0.0931633
0
0.182237
0
0.0189267
0
0.02985
0
0.127487
0.0462567
0.51418
0.39041
0.12681
0
0
0.0361333
0.0194167
0.138453
0
0
0.00433
0.0983633
0
0.159253
0.117227
0
0.05281
0.0269067
0
0
0.0852967
0
0.0321233
0.03824
0.253383
0.04868
0.226583
0.06199
0
0.09963
0
0.0403
0.140397
0.0424867
0
0
0.199473
0
0.16232
0.17583
0
0.0209767
0.0396167
0.0490833
0
0.03855
0.37317
0.159587
0
0.03561
0.201287
0.12673
0.126797
0
0
0
0.05252
0
0.115697
0
0
0
0
0.08221
0
0.01122
0
0
0.621883
0
0
0.0627933
0
0.371723
0.05587
0.245237
0
0.02284
0.0438467
0.44728
0
0
0.04984
0.0129133
0
0
0
0.830477
0.110183
0.149447
0.27173
0.278883
0
0.342983
0
0
0.0861333
0.06525
0.145417
0.0887133
0
0
0.364707
0.0320833
0.0382633
0.10011
0
0
0
0
0.00833
0.0590267
0
0
0
0
0.7967
0
0.11876
0.110847
0.0110267
0
0.342233
0.38375
0.234333
0.37852
0.0509067
0
0.0214733
0
0.0382367
0.0119867
0
0.0129133
0.0111233
0
0
0
0.0273867
0
0.159813
0.05447
0.211373
0
0.0155167
0.264397
0.0529067
0
0.622887
0.22224
0
0.0314133
0.0733333
0.160467
0
0.172887
0.172333
0.1645
0
0
0.0866
0
0
0.0142733
0
0.03441
0.109137
0
0.0598167
0.05963
0.03662
0
0.162857
0.16144
0.524417
0.0534933
0.173853
0.0117967
0
0
0.395123
0.0111233
0.198733
0.00535667
0.04432
0
0
0.26096
0.08088
0.40018
0
0.37958
0
0
0.0541867
0.0442333
0.0450233
0
0.143167
0.0369667
0
0
0
0
0.05847
0.17021
0.34191
0.0041
0.0273267
0.05277
0
0.02083
0.0466433
0.0303267
0.0228433
0
0.0462833
0.182573
0
0
0.0192967
0
0
0.135483
0.0463133
0.163603
0
0.0486967
0.0487267
0
0.04762
0.0839567
0.0843167
0.0307633
0.08542
0.179947
0.12621
0.0283467
0
0.0371133
0.374257
0.00644667
0
0.20628
0
0
0
0.187843
0.86931
0
0.115257
0
0
0.0104633
0.566313
0.0364867
0.37269
0.05847
0.0627467
0
0.16732
0.149253
0
0.183253
0
0.06546
0.208413
0.0355967
0.0243133
0.02857
0
0.0463967
0
0.0541367
0
0.18197
0.138057
0.17764
0.0472633
0.0314233
0.03237
0.0194167
0
0.0324067
0.169547
0.0718467
0.232607
0.03434
0.50278
0.05882
0
0.0129133
0.0280633
0
0.0588933
0
0
0.395517
0
0.134297
0
0
0
0
0.05961
0.0497667
0
0.29221
0.379623
0
0.0546333
0
0
0.04071
0
0
0
0.4665
0
0.399053
0.17368
0.00632667
0.0360833
0.101293
0.150297
0.0972
0
0.0862467
0
0
0.12445
0
0.0905233
0.0322767
0.0459333
0.0379
0.03686
0.39255
0.117577
0.0398033
0.153513
0.05457
0.18419
0.05529
0.0113067
0.0738433
0.10763
0.04365
0.03837
0.0577367
0.04617
0.113877
0.182133
0.0671433
0.0914567
0.0318467
0.360933
0.01209
0.756667
0.54757
0.0582733
0.0688267
0
0.15713
0.161787
0.232363
0.05856
0.119997
0.17494
0
0.124917
0.0554567
0.13034
0.181987
0
0.09719
0.312747
0
0
0.02289
0
0.283083
0.25794
0
0.04708
0.0181
0.0383367
0.05664
0
0.00522667
0
0.120527
0.0222733
0.0840967
0.25018
0.00859
0.0408033
0.01717
0
0
0
0
0
0.0519733
0.0846833
0
0.0517333
0.0279967
0
0
0
0.0188867
0
0.18355
0.09397
0.110413
0
0
0
0.0376933
0
0.0464667
0
0
0.0536733
0.653567
0.0372167
0
0
0
0
0.0377533
0.05906
0.01255
0.05414
0
0
0.00365
0.08679
0.208283
0
0.0330767
0
0
0.00524667
0.00522
0
0
0
0
0.634523
0.84917
0.00552667
0.0339167
0.02139
0
0
0
0.303117
0
0.274587
0.121287
0
0
0.18418
0.405937
0
0.363267
0.0832467
0.0341033
0.0973067
0
0.16218
0.30022
0.29121
0
0
0
0.123873
0.0750467
0
0
0.04597
0.0363667
0
0.666443
0.0480967
0
0.0589167
0
0.0534167
0.00492
0
0.02886
0
0.03663
0.143387
0.0499633
0.130607
0
0
0
0
0.0810167
0
0
0
0
0
0.0492333
0.04931
0.03695
0.116547
0.03721
0
0.04445
0.5695
0.03081
0.0259967
0
0.0475733
0.300753
0.390173
0
0.0235433
0
0.126757
0.158847
0.00432333
0.00976
0.02457
0
0
0
0.0368233
0.0643
0.156643
0.0347167
0.03105
0.16028
0.0601633
0.0360233
0.08507
0.0485167
0.06836
0
0
0.0041
0.06935
0
0.0763233
0.03217
0.01795
0.0458933
0
0
0
0.0460267
0
0.01458
0
0.153663
0.0520567
0.0473167
0.26891
0
0.03073
0.02889
0.359357
0
0.05853
0
0
0.0940467
0.0363767
0.0387467
0
0
0
0
0
0
0.0549833
0
0.185993
0
0.454467
0
0
0.05453
0.0248367
0.0593333
0.192867
0.10731
0
0.148633
0.364433
0.0160567
0.00397333
0.0565133
0
0.05891
0
0.122637
0.07964
0.0337533
0.217983
0.0366633
0.288783
0
0.180563
0.0861233
0.0475467
0.038
0.0128767
0.0480333
0
0.0585667
0
0.0531633
0.127727
0.15553
0.09536
0
0
0.397657
0
0
0
0
0
0
0.20885
0.201033
0.0121067
0
0.134007
0.0529433
0.121523
0.00591667
0.00517
0.0162667
0
0.39815
0.135017
0
0
0
0.0407433
0
0
0.0307567
0
0.0489833
0
0.01942
0.50079
0.0259733
0.306357
0
0.0472867
0.0202633
0.00590333
0.0532833
0.0105033
0.21981
0.0386067
0.00725333
0
0.35084
0.0598267
0
0.04557
0.0400033
0.161797
0.0539767
0.02133
0
0.0443333
0.03381
0
0.483467
0
0.1265
0.0175867
0
0
0.0546367
0.0326033
0
0.0104633
0.05465
0
0.03713
0
0.0687967
0.03429
0.00519667
0
0
0.0193867
0.206417
0.16109
0
0
0.0466333
0
0.0298033
0
0
0.0539533
0.0494533
0.0458167
0
0
0
0
0.1411
0.08299
0
0.10691
0
0
0.00515333
0.00525
0.0355167
0
0
0.01124
0.0549033
0.0554933
0.03408
0.0340133
0.0496267
0
0
0.2048
0
0
0
0.145103
0.403877
0
0.120077
0.08249
0.0369567
0
0.46746
0.03219
0.226387
0.02596
0
0
0.126647
0
0.0464367
0
0.04521
0.0477433
0.0887167
0.142413
0.05465
0.120823
0.21154
0.0343867
0
0.0306933
0.90571
0.311983
0.05908
0.0583733
0.339477
0.115707
0.0278967
0.0293233
0.05894
0.206093
0
0.0303167
0
0
0.00435
0
0.0084
0.03317
0
0.01488
0.240453
0.428003
0
0
0.0735433
0.144367
0.07858
0.03727
0
0
0.0207067
0.122703
0.0306867
0
0
0
0.0298733
0.124197
0
0.291007
0.0668567
0.0205567
0
0
0.03386
0.0822433
0.06175
0.09827
0
0
0.0746733
0.17496
0
0.0262633
0
0
0
0.277823
0
0.59452
0.16301
0.0471233
0
0
0.644337
0
0
0.0247
0.0216833
0
0
0.262053
0
0.386613
0.0344567
0
0.238317
0.127293
0
0
0
0
0.0631833
0
0.00729333
0.04278
0.40404
0.0224133
0.0255267
0
0
0.35936
0.20009
0.0479
0
0
0
0
0
0.504537
0.0556567
0
0
0.06108
0.0226067
0.0601567
0
0.307203
0
0
0.0430533
0
0.383167
0.756373
0.160683
0.160483
0.0345133
0.04383
0.15659
0.01434
0
0.164053
0.221203
0
0.02484
0
0.219687
0.400623
0.296577
0.0109433
0
0.18219
0.0816333
0.0465633
0.0183967
0.11491
0.387813
0.0488433
0.502407
0.03482
0
0
0.15277
0
0.0461933
0.04912
0
0.109953
0
0
0
0.05954
0.04486
0.592323
0.260937
0.03208
0.05361
0.241593
0.04359
0.0408433
0
0.294923
0.0163533
0.0868833
0.06009
0.0467467
0
0
0
0
0
0
0.133207
0.07895
0
0.0752133
0.0307133
0.0319067
0.07992
0.05418
0.874627
0
0.0129767
0.197073
0
0.0203467
0.16499
0
0.258747
0
0.0161667
0.0478433
0.379187
0.590967
0
0.00433
0
0.0242533
0.04555
0.66689
0.04368
0.10388
0
0
0
0.0182267
0.0928333
0.0589567
0.0326667
0.192463
0
0.127557
0
0
0.01485
0
0.0540933
0.0540267
0
0
0.0944933
0
0.04301
0
0.0598833
0.110753
0.38128
0.51452
0
0
0.108257
0.04302
0.0481933
0.343037
0.16302
0.29341
0.0357667
0.131027
0.116367
0.55565
0
0.0736433
0
0
0
0.03704
0
0
0
0.128597
0.1873
0.158423
0.0243967
0.0683167
0.284203
0.11205
0.444247
0
0.0120467
0
0
0.176193
0
0
0.0475967
0.0204133
0
0.27112
0.0615667
0
0
0
0
0
0.152003
0
0.03539
0.118873
0.02299
0
0
0.0129067
0
0
0.0105167
0
0
0
0
0.0801933
0.0342833
0.0235633
0.143957
0.387847
0.143273
0
0.0952167
0.121517
0
0
0
0
0.107113
0.12697
0
0.382183
0.0445333
0.46165
0
0.03249
0
0.8854
0.0433333
0
0.08979
0.0836167
0
0.0545
0
0.04597
0.02065
0.0157367
0
0.453423
0.0361733
0
0.0211833
0
0.115367
0
0
0.0380333
0.183377
0
0.0746233
0
0
0
0.04435
0.0459
0.165213
0
0
0
0.0084
0
0.03371
0.18374
0.0999233
0.151937
0.246153
0.04594
0
0.0431
0
0.0510933
0.110317
0.03647
0
0.0537433
0.0105633
0
0
0
0
0
0.0533233
0.16665
0.05906
0
0.13741
0
0
0
0.0548667
0.64385
0.0884033
0
0
0.0489433
0.127087
0.0119867
0
0
0
0.03045
0.17553
0.209463
0.2266
0
0
0
0.0307567
0.127977
0
0.38045
0.381023
0.416243
0.624453
0
0.0483533
0.0363133
0.105373
0.150027
0.36193
0
0.13817
0.285287
0.04926
0.18374
0.0104067
0
0.0540267
0.0344733
0
0.143467
0
0.07282
0.0956533
0.297827
0.0591533
0.0236267
0.0117833
0
0.160027
0
0
0
0
0.0814633
0.00766333
0.39904
0.0333867
0
0.424723
0.220163
0.16102
0.15592
0.347157
0.05579
0.0457767
0
0.03322
0
0.44913
0
0.0104333
0
0.00428
0.0460767
0.140747
0.0440267
0.04506
0.0388233
0
0.181867
0.195543
0
0.653787
0.0359467
0
0.08235
0.0589
0.05271
0.04832
0.126647
0.00427
0
0.13027
0
0.0586933
0
0
0
0.15271
0
0.0846
0.02886
0.09177
0.745393
0.132277
0.00397667
0.0179433
0.0307333
0.0102
0.0453
0
0.163407
0.0192933
0.129083
0
0
0
0
0
0
0.0341333
0.0145567
0.204473
0.663397
0.247513
0.0364767
0
0.0128967
0.03374
0
0.0367433
0.02489
0.08253
0.291463
0.08639
0.00519667
0.0488933
0.01899
0
0.0463933
0
0.00376
0.0584867
0
0.190053
0.15558
0.0560133
0
0.186173
0
0
0
0.1364
0
0.186273
0
0.01948
0.0194833
0
0.140883
0.0340767
0
0
0.0226533
0
0
0.03897
0.0359733
0.0575
0.1701
0.39694
0.155337
0
0.658397
0.0320067
0
0.0354533
0.02697
0.227883
0
0.03667
0
0.0154033
0.182803
0.1728
0.09627
0
0
0
0.0638133
0.126993
0
0.0540267
0.0825433
0
0.198293
0.178663
0
0
0
0.0428033
0
0.36177
0.0192433
0
0
0
0.04562
0.0554133
0.289633
0.0466133
0.435903
0.29805
0
0.00543667
0
0
0.0469733
0.0389
0.04352
0.16167
0.0397267
0.08679
0
0
0.110057
0.03078
0.0717567
0.00356667
0
0.0465267
0
0
0.0304933
0
0
0.04126
0
0.119033
0.04849
0.02987
0.0176733
0.0124067
0.04363
0.03864
0.0616567
0.0128767
0
0.03501
0.0235633
0.0115867
0
0.241323
0.246417
0.0545267
0.0456567
0
0.363303
0.0297633
0.0284033
0
0.03772
0
0.0158267
0
0.240817
0
0
0
0
0.05529
0.03426
0
0.01049
0.03811
0.6297
0.0139667
0.0521
0.0619733
0.37825
0.0458333
0
0
0.381013
0.160753
0
0.18393
0
0.10676
0.140407
0.0287933
0.0233767
0.430827
0
0.03474
0.0158567
0
0.101487
0.54819
0
0.0415133
0.122047
0.09524
0
0.37986
0.0795867
0.00818667
0.0129267
0
0.04657
0
0
0.0453233
0.02881
0.0318867
0.101347
0.0346067
0
0
0
0.0237733
0.127503
0
0.0129267
0
0.01839
0.353523
0.03672
0.00544333
0.03563
0
0.0415
0.0388
0.0353133
0.0791033
0.02645
0
0
0.03381
0
0.00832
0.05369
0
0.143003
0.133443
0
0
0
0
0.10967
0.0224167
0.0585933
0
0.0172667
0.0682467
0
0.05916
0.373467
0
0.199483
0.104477
0
0.03632
0.0454667
0.02483
0
0
0
0
0
0
0
0
0.01257
0
0
0
0.130927
0
0.12207
0
0.153587
0.52725
0
0.06251
0
0
0.0179267
0.05059
0
0.05099
0.0318033
0.109977
0.0376733
0.473727
0.161067
0.466093
0
0.0538
0
0.0635433
0.39921
0
0
0
0.23072
0.0320133
0.543317
0.0535333
0.429847
0.0211333
0.0477033
0
0
0
0.0461633
0
0
0.0528333
0.00409667
0
0.0564
0.406053
0.263513
0
0.01636
0.03208
0
0
0
0
0.0172667
0
0.196467
0.113753
0
0
0
0
0.04949
0.00833
0
0.0386267
0.08597
0
0
0.451243
0.0368633
0.254103
0.41873
0.0950067
0
0.598853
0
0.0385833
0.0721
0.03448
0.0812067
0
0.0476567
0
0.00427333
0
0
0.130697
0.0279167
0
0
0.0105167
0.118297
0
0
0
0
0.0495467
0.0311367
0.0210667
0.0334067
0
0.0307633
0
0
0.0464967
0
0.0465467
0
0
0
0
0.03866
0
0.0112267
0.380433
0
0.08628
0.023
0.0365667
0
0
0
0.0871533
0.182857
0.184177
0.135097
0.184087
0
0.381467
0
0
0.18568
0.16175
0
0
0
0.10795
0
0.0366967
0.0368867
0.0367967
0
0
0
0
0.0463233
0
0.143427
0.06347
0
0.0355
0
0
0.773877
0.0345367
0.0121067
0
0.0322467
0.0543767
0.60898
0.02865
0
0
0.0868233
0.0535033
0.03597
0.0408767
0.0433633
0.0135733
0.162537
0.0455567
0.121843
0
0.237503
0.02097
0
0.0558233
0.012
0.17418
0
0.0365433
0.0225333
0
0.00428
0
0
0
0.0494367
0.182407
0
0
0
0
0
0.126267
0
0.0330467
0.0125467
0
0.00397667
0.227693
0
0
0.430773
0.18307
0
0.0467333
0
0.05035
0.0502367
0.0344633
0.185997
0.0539033
0
0
0.184143
0.0779533
0.0676367
0
0
0
0.433117
0.00716667
0.160707
0.0729
0.0612767
0
0
0
0.710067
0
0
0
0.0291133
0
0
0
0
0
0
0
0.05983
0.0162667
0
0
0.02583
0
0
0.0377
0.03526
0.0457233
0
0
0.43148
0.0166433
0.03075
0.149317
0.0363767
0.160133
0.23707
0.61837
0.16166
0
0.0673433
0
0
0
0.0536033
0.0418967
0
0
0.299033
0.03835
0.339107
0.0115867
0.392797
0
0
0.102307
0.574423
0.0856867
0
0.166317
0.00535667
0
0
0.18217
0.16008
0
0.03346
0
0.0592133
0
0
0
0.03706
0.140907
0.09821
0.173063
0
0.0157967
0
0
0.0861867
0
0
0
0.03129
0
0.05892
0.112793
0.12723
0
0.0826533
0.271933
0.0978433
0.10975
0
0
0
0.0454067
0.0362933
0.24951
0.0468733
0.0898367
0.0153767
0.07934
0.0105033
0.110453
0
0.05524
0
0
0
0.16021
0.13738
0.0129733
0
0.11235
0
0.235647
0.0272567
0
0
0.11079
0.185547
0.0433333
0
0.0465833
0.122133
0.0151833
0
0
0.0551833
0.116033
0
0.38059
0.0696033
0.228493
0.0537967
0.0483067
0.04567
0.380433
0
0.06339
0
0.0306167
0
0.0184833
0.0162933
0.0538867
0
0
0
0
0
0.12757
0
0
0
0.143337
0.297137
0.0680933
0.00425
0.162513
0.0712667
0.01815
0
0.10687
0
0.0530833
0.01402
0
0.0306333
0.0368467
0.03203
0.0346867
0
0.273483
0
0.0844933
0.04686
0.03704
0
0.06894
0.0383967
0.0148467
0
0.09894
0
0.0352833
0.389463
0
0
0.0767667
0
0.04547
0.04937
0.0297033
0
0
0.159943
0.0933467
0.120307
0.4289
0
0.03083
0
0
0.0526067
0.11739
0.03393
0.0127633
0.0599533
0.957157
0.0451833
0.28448
0
0.0725067
0.0394567
0
0
0.0500133
0.37932
0
0.5794
0.17075
0.0301367
0.134117
0.03788
0.373557
0.79689
0
0.0408767
0.182083
0
0
0
0.0453733
0.05572
0.24885
0.08704
0.720973
0
0
0.0562
0.0495867
0.05486
0.0464733
0
0.0714167
0.0187933
0.0658167
0
0.0369267
0.03353
0
0
0
0.0856367
0.354967
0.0370467
0.0417933
0.00976333
0
0
0.283017
0.0493633
0
0.0460533
0.0358767
0.0525567
0.0145667
0
0
0
0
0.0649167
0
0.176293
0.0505567
0.0542967
0.342003
0
0.400823
0.08423
0.04272
0.83518
0.012
0.0320567
0.0371033
0.08541
0.08599
0.0504933
0
0
0.01583
0
0
0.28933
0
0.03682
0
0.207107
0
0
0.0589
0
0.0309067
0.517547
0
0
0
0.0154967
0
0
0
0.172753
0.36919
0
0
0.0596767
0
0
0.0535933
0.387413
0
0.01112
0.0468733
0.0804467
0
0.0469033
0.04604
0.0419433
0.11459
0
0.0555767
0
0.0470333
0
0
0.0468167
0.04653
0.380523
0
0
0
0.451087
0.182567
0.0593067
0
0
0
0.17144
0.0243767
0.0364133
0
0
0.4613
0
0
0.01617
0
0
0
0
0.0471733
0.04805
0.29123
0
0.14292
0.18987
0
0.0696433
0.01114
0
0.182957
0.18391
0
0.946493
0.0466167
0
0.134927
0.318237
0
0
0
0.03531
0.156597
0.104257
0.161373
0.111097
0
0
0
0.272787
0
0.03384
0
0.03824
0
0.0989433
0.0346567
0
0
0.0343733
0
0.04537
0.368
0.183057
0
0
0.0599267
0.0127267
0.196987
0.313167
0.383007
0
0
0.321937
0.16135
0.02036
0
0.15766
0
0
0.0248133
0.02524
0
0.01819
0.124713
0
0.0308233
0.0462967
0.0824467
0.331663
0.201123
0.0587467
0
0
0.02072
0
0
0.11004
0
0.352757
0.08477
0.0321533
0.08337
0
0.151977
0
0
0
0
0
0.171197
0
0
0
0.03343
0.0332667
0.134087
0
0
0
0.28458
0
0
0.05595
0
0.586413
0.668423
0.37186
0.182747
0
0.0295567
0
0
0.0412033
0.361173
0.16185
0.1711
0
0.03666
0.0189267
0
0.1103
0
0.0897433
0
0.50236
0
0
0
0.00587
0.01461
0
0
0
0.45373
0
0
0.0755267
0
0.00531
0.0207133
0
0
0.380107
0.07609
0.00858333
0
0.0930333
0.16133
0.21092
0
0
0
0.159433
0
0.06081
0.778227
0.0220033
0.00621667
0.928267
0.0553467
0.05473
0.0753033
0.0649067
0.0128667
0.0284767
0.950567
0
0.0468733
0.00645
0
0.0491967
0
0.02364
0.16901
0.05251
0.382583
0.307983
0
0.0449933
0.0453567
0
0
0.728653
0.0361767
0
0.110847
0
0.138067
0.165373
0.573023
0
0.0718633
0
0.0176367
0.452397
0
0
0
0.0451467
0.0326367
0.03543
0
0
0.0545433
0
0.0532833
0.114573
0
0
0
0
0.0535667
0.379993
0
0.01565
0
0
0.0676833
0
0.02478
0.0231667
0.193647
0.369947
0.213043
0.210297
0.09745
0.117777
0.0491267
0
0.0372733
0.08236
0.04648
0
0.0284767
0
0.110487
0
0.0436967
0.0532167
0
0
0.189423
0
0.0732333
0.237403
0
0.0457
0.17828
0
0.0741133
0.0384433
0.0123
0
0
0
0.04638
0.0636033
0.0586333
0.153703
0
0.0102733
0
0.0493633
0.0730467
0
0
0
0
0
0.02337
0
0
0
0
0
0
0.0458267
0
0.00526667
0
0.00537667
0
0
0.05881
0
0
0.212297
0.0646633
0.0467
0.0585733
0.0307667
0.04972
0
0.151257
0.139993
0.39366
0.02744
0.161057
0.178997
0
0
0
0
0.16259
0.06384
0.0339933
0.28333
0.0155767
0
0
0
0
0
0.29678
0.121087
0
0.66539
0.533077
0.0230067
0.166157
0
0.23906
0.0487433
0.0154033
0.103703
0.911703
0
0
0
0.00795333
0.0501267
0
0
0
0
0.0865567
0.162347
0
0.378963
0
0
0.04676
0.0175067
0.0149033
0
0
0.166753
0
0
0
0.0110667
0.24088
0.29083
0.106847
0
0.03771
0.88936
0.02461
0.06056
0.04772
0.166367
0
0.00621667
0.45962
0
0
0
0
0.05395
0.03747
0
0
0.11335
0
0.0321067
0.120373
0.0553233
0.0927433
0.416013
0.0365767
0.01557
0
0.147507
0.183513
0
0.0442167
0
0
0.04821
0.12146
0.573067
0
0.0200233
0
0
0.0197267
0.02945
0
0
0
0.234193
0.0472367
0
0.12656
0
0.08205
0.147327
0.134607
0.14128
0
0.02958
0.16631
0.0465
0.22605
0.0316767
0.0535533
0
0
0
0
0.192733
0
0
0.740253
0.0199
0
0.0162667
0.156017
0.0970333
0.05904
0.0382433
0
0
0.0550567
0
0
0.0355467
0.0437067
0
0.295203
0
0
0
0
0.16831
0.0449433
0.0461567
0
0.00556333
0.34551
0.0499833
0
0
0.0882933
0.0533133
0
0
0.0444367
0.111133
0.0366967
0
0.0171367
0
0.104933
0
0.00978
0.0682667
0
0.160163
0.352067
0.04502
0.0260233
0
0.05192
0
0
0
0.04146
0.86295
0.0543733
0
0.02913
0.124723
0
0.00488667
0.146787
0
0.0542167
0.03178
0.0364333
0.18239
0.0210733
0
0
0
0.0485233
0.0807433
0
0
0.0502167
0.150337
0
0.0361833
0.177507
0.0615733
0
0
0
0.102967
0.0726467
0.234513
0
0
0
0
0.284333
0.46213
0
0
0
0.0365433
0.156767
0
0.114707
0
0.341017
0.03653
0
0
0
0
0
0.0325933
0.0532933
0.0386133
0.148877
0.0466367
0
0.00747
0
0.779703
0.418837
0.0449167
0.0308167
0.0454133
0.126247
0.0837367
0
0
0
0
0.137217
0.127617
0.0192833
0.03429
0
0
0.0851133
0.0346167
0
0
0.0258733
0
0.0630133
0.03697
0
0.0455033
0.0388167
0
0
0.115617
0
0.17825
0.140373
0
0
0
0
0
0.02129
0
0.00795
0.127367
0
0
0.416407
0.16208
0.09485
0
0
0
0
0
0.144803
0.0352333
0.11961
0.0390367
0.0463567
0.04462
0.162147
0.40057
0
0.03638
0.16068
0.0553067
0.1056
0
0.0804067
0.0209233
0.152667
0
0
0.0117833
0
0
0.0105767
0.10924
0
0
0.297103
0
0.07332
0
0
0
0.03465
0.0531
0.0453767
0.46911
0.126493
0
0.179363
0
0.289397
0.399303
0
0.02595
0.38246
0.1988
0
0
0.0335933
0
0.372103
0
0
0.115447
0
0.0431767
0.03392
0
0
0.05858
0.0311167
0
0.366
0
0
0
0.380937
0.0585433
0.0463833
0
0
0
0.184147
0
0.15533
0
0
0.0529867
0.0307133
0.0528
0.02553
0.140967
0
0
0.0387867
0
0.0717033
0.0479567
0
0
0.17347
0.05235
0
0
0
0.0333
0.0491767
0
0.36033
0.0552067
0.0129733
0.190397
0
0
0
0
0.0596833
0
0.0852433
0.293443
0
0
0.0453867
0.03365
0.258397
0
0.0454267
0
0
0.423493
0.48698
0
0.200387
0.110093
0.0690533
0.182357
0.0113267
0
0.129497
0.38089
0
0
0.0306933
0
0
0
0
0
0.0492233
0
0
0
0.0118567
0
0
0.04798
0.0370533
0.171043
0.0413167
0.05861
0
0.0866033
0.0211567
0.07232
0.340067
0.01142
0.0415733
0
0.0541
0.118267
0.0386733
0.38266
0
0.308287
0.05396
0.46196
0.04677
0
0.0470367
0.164987
0
0.319507
0.0420367
0
0.0322867
0
0.0155133
0.0142167
0.04559
0.760093
0
0.0868933
0.4514
0
0
0.183997
0.0326933
0
0
0.294507
0.146767
0.06557
0.0309567
0
0.01814
0.04424
0.115057
0.03412
0
0.21396
0.1126
0
0.149137
0.0499933
0
0
0.0514167
0.380927
0.116433
0
0.0613433
0.17075
0
0.04303
0.37718
0.02854
0
0.0352233
0.114313
0
0.161363
0
0.05438
0.0591033
0.00513333
0.233763
0.0251767
0
0
0
0
0
0
0.60108
0
0.0160567
0.0478067
0
0
0.05608
0
0.0269467
0
0.209857
0.0346067
0
0.0537967
0.0348467
0.0152433
0
0.0893533
0.04142
0
0
0.01042
0
0.03887
0.00850667
0
0.0389067
0.0335533
0
0
0.133353
0
0
0
0
0
0.14087
0.05384
0
0
0.02433
0
0.0165233
0.346503
0.255113
0
0
0.0522467
0.265883
0.0498133
0.01454
0.13405
0.04682
0.02205
0.0595233
0
0
0
0.05333
0.207503
0
0.0456133
0
0.02693
0.02587
0.126363
0.222517
0.0368367
0.411317
0
0.131097
0.00645
0
0.26888
0
0
0.04598
0.0564167
0.0126733
0
0.184133
0
0
0.0479733
0
0
0
0
0.552827
0
0
0
0
0
0.0996367
0
0.0592
0.0474933
0
0.07041
0
0
0.13587
0
0.0474433
0.110963
0.237943
0.04107
0
0
0.382573
0.0447733
0.0153333
0.238063
0
0.0344267
0
0.718563
0
0
0.0726267
0.18868
0
0.136533
0.0862933
0.0140633
0.0251267
0
0.0147367
0.2567
0.187677
0.0313933
0
0.0382767
0.19431
0.05997
0.06658
0.0850633
0.206113
0.746793
0
0.292693
0.0252
0.09197
0
0
0.330353
0
0.1622
0
0.245353
0
0
0
0.123513
0
0
0.08461
0
0.0721433
0.225317
0.0467033
0
0.03064
0.0966167
0.04905
0
0
0.82997
0
0.278733
0.0589333
0.565587
0
0.0302333
0.0493533
0
0
0.00529333
0.12405
0.0536367
0.0212933
0.0365033
0.8965
0
0
0.11844
0.46167
0
0.03373
0.07077
0.183897
0.0536267
0
0
0.0342933
0.0339833
0.22256
0
0.0366333
0
0
0.0465633
0
0
0.520927
0
0
0.0112233
0.01735
0.0186933
0.0369267
0.61865
0
0
0.16242
0.01221
0
0
0.0380233
0
0
0.03357
0.00384333
0.0859533
0.19362
0.0514633
0.20838
0
0.160587
0.11459
0
0.18841
0
0.0587433
0.0339
0.0347333
0
0
0.126077
0.0478233
0
0.182493
0.03377
0.131683
0.105703
0
0.01112
0
0.161603
0.152157
0.127497
0.293273
0.0735867
0.00371
0.0254367
0
0.0626833
0.01024
0.0528467
0.385443
0.183593
0.03248
0.0595533
0.0653233
0.45982
0.04334
0.350487
0.33175
0
0.0473367
0.243253
0
0
0.0346367
0.153467
0
0.00743
0.0147267
0.0116967
0
0.0395967
0.404987
0.701433
0
0
0.04829
0
0.0312633
0
0.431977
0
0
0.0760367
0.03883
0.0726367
0
0
0
0
0.262223
0
0
0.03193
0
0
0.0449367
0
0
0
0
0.0104067
0.0588833
0
0
0.02966
0
0
0.91392
0.67089
0
0
0
0
0.12606
0
0.00855333
0
0.0324767
0
0
0
0
0
0.18227
0.0153767
0
0
0
0
0.278873
0
0.137487
0.0427467
0.0521167
0
0.0869433
0.0378267
0.101483
0
0
0.0429633
0.0349667
0
0.03522
0.07569
0
0.0454767
0.232433
0
0.169313
0.126493
0
0
0.0481367
0.0527133
0
0.238953
0.152133
0.244013
0
0
0.062
0.307297
0.03449
0.381777
0
0.0502933
0
0
0.0442567
0.04707
0
0
0.0864933
0.40698
0
0
0
0
0.401307
0.0387833
0.0366867
0.0365933
0.0372167
0
0
0.0247733
0.00756667
0.38332
0
0.648533
0.371417
0.06231
0
0.0834533
0.0536233
0
0.0339767
0.165467
0.12208
0
0.05618
0
0.196687
0.162813
0.03612
0
0
0
0
0.0177533
0
0
0
0.0693333
0
0.03807
0
0
0
0.0363467
0
0
0
0.00427
0.0839333
0
0
0
0.399103
0.129613
0
0
0
0.0280833
0.167037
0
0.00488667
0
0
0
0
0.249523
0
0
0.39063
0.283957
0.164637
0
0
0.0823
0.0456733
0.301077
0.0732
0
0.600597
0
0.03632
0.0129367
0.0127633
0
0.0346567
0.130613
0.01124
0
0
0
0
0
0.07075
0
0.27694
0.0542133
0
0.0553667
0.0825533
0.0499933
0
0.0113067
0.18405
0.183757
0.08363
0
0.291033
0.0162867
0.0190367
0
0.05875
0.02966
0
0
0
0
0
0.0401267
0.14549
0.00635667
0.38687
0
0.204093
0
0
0
0.01081
0.00720667
0
0
0.03916
0
0
0.192747
0
0.0544133
0.0258367
0.0321433
0.0583933
0.03605
0.222043
0.450367
0
0
0
0
0
0.0291767
0
0.667517
0.382833
0
0
0.20842
0.04866
0.0324
0.00535667
0.160453
0.0363467
0.0541067
0
0
0.120463
0.0623
0.04644
0.0687267
0.05099
0.0360967
0
0.28994
0
0.0340867
0.0151433
0
0
0.17388
0
0.0858233
0
0.0257767
0.0539467
0.295793
0.0859833
0.734937
0.04852
0.115077
0
0.219463
0.0809533
0.0476167
0
0.0408
0
0
0.03725
0.313653
0
0.11631
0
0.08064
0
0.0476367
0.08881
0
0.05254
0.6987
0.0647067
0.0580533
0.22024
0.07387
0
0
0
0
0
0.41842
0
0.0543333
0.0554633
0.04792
0.0212567
0.0444733
0
0
0.108143
0.0548533
0.0105767
0.380073
0.11027
0.559313
0.162513
0
0.00556333
0.0136667
0
0.0365867
0.108153
0
0.0523333
0
0.0156567
0
0.167603
0.0455
0
0.241593
0.296063
0.04529
0.04477
0
0.0521033
0
0.209107
0.6078
0
0.00591667
0.117673
0
0.0176833
0.0375067
0.06067
0.0422533
0.0498433
0.255747
0.03466
0
0.00716667
0
0
0
0
0
0
0
0.155527
0.0490967
0
0.0845033
0.166893
0
0.0416467
0.0367167
0
0.0162833
0
0.01156
0.294347
0.161477
0.0362433
0.0192
0
0
0
0
0.0590467
0.07277
0.353803
0.43212
0
0
0.00455333
0
0.03076
0.37911
0
0.265833
0
0
0.131813
0
0.166373
0.0849667
0
0
0
0.0237167
0
0.04928
0.07333
0.0820133
0
0
0
0
0
0
0.0361467
0
0.0595
0.0203233
0
0
0
0.0208633
0
0
0.0377267
0
0.44732
0
0
0.09422
0.0518533
0
0.167883
0.00645333
0
0.04596
0
0.02429
0
0.04095
0
0.0455
0.163087
0.03934
0
0
0.0156033
0
0.29233
0.0377833
0
0.173823
0.0169867
0
0.205277
0.111027
0.0205267
0.298513
0
0.03083
0.0768867
0.0889833
0.18403
0.0723333
0.0476267
0.355367
0.0528533
0.412947
0.0204667
0.15508
0.0307267
0.403163
0
0
0.160527
0
0
0.00832
0
0.05724
0.01592
0.193683
0.207117
0
0
0.289723
0.292737
0.0538
0.18276
0.03686
0.05535
0
0
0.0965467
0.189407
0
0.06129
0
0.0800467
0.0369067
0
0.0723067
0
0.0466467
0.0260667
0.1661
0.07354
0
0
0.0725733
0
0.0198433
0
0.0462733
0.0824533
0.0825267
0.0542867
0.0541667
0
0
0
0.0257933
0
0.143447
0
0.3274
0
0.562257
0
0.00399
0.0562867
0.03673
0.173233
0.411287
0
0
0.08108
0.127957
0
0.03666
0.16377
0.0340267
0.02986
0
0
0
0.252137
0.335097
0.0178167
0
0
0
0.0990033
0.0565733
0.95449
0.480703
0.54188
0.0237233
0
0.0187933
0.0342233
0
0.0556667
0.03203
0
0
0
0.0453633
0.17867
0.314013
0
0.0529467
0.130057
0.224707
0.0542767
0
0.411137
0.189907
0.0324333
0
0.215857
0.0450533
0.0414467
0.03515
0.0771
0.407533
0
0
0.0538033
0.254977
0
0.64895
0.62476
0
0
0
0
0.0168233
0.05469
0.0439533
0
0.72426
0
0.10369
0
0
0.00414667
0.126917
0.0307033
0.03055
0.0406167
0
0.01434
0.05912
0
0.0338167
0.01809
0
0
0.00959667
0.05231
0.0577267
0.00531
0
0.0345833
0.0279433
0.05199
0
0
0.0653133
0
0.0319933
0.0391433
0.0740633
0.05396
0
0.35112
0
0
0.0156333
0.165947
0.242487
0
0
0
0
0
0.07795
0.15993
0.164047
0.14869
0.0823433
0.21822
0.0593933
0.0198433
0.0349533
0.0392433
0.1287
0
0
0
0.0599667
0.0416133
0.0468367
0.143467
0.157057
0.10125
0.06114
0
0.16031
0.03831
0.0475233
0.39532
0.01659
0.0538067
0
0
0
0.111433
0
0.0427067
0
0
0
0.0357933
0.07714
0
0
0.00522667
0
0
0.0698533
0.0133233
0
0
0.04868
0.32405
0
0.15797
0
0
0
0.02236
0.0542333
0.0593167
0.338633
0.0465133
0.0348467
0
0.0341933
0
0
0.0259
0.449987
0.11049
0.02481
0.12659
0
0.284383
0.16098
0.0344967
0
0
0.0255833
0.119287
0.38925
0.0173167
0.243547
0
0
0.0481367
0
0
0
0.110293
0.16368
0.181483
0
0
0.04886
0.140737
0.0623833
0
0
0
0.0616367
0.11665
0
0
0
0
0.04309
0.0621967
0.0493833
0.123993
0.0560367
0.195063
0
0.385407
0.14302
0.0451633
0.0386833
0.212543
0.277123
0
0
0.143333
0
0.0548433
0.00646
0.12037
0.0596433
0
0.0599533
0
0.136677
0
0.02033
0.01257
0
0
0.142083
0.0545867
0.243733
0
0.03435
0.0537367
0
0
0.0368867
0.0705633
0.209083
0
0
0.0592033
0.03674
0.0429833
0.00645
0.0344567
0.0541367
0
0
0.0960867
0
0
0
0.04948
0
0.08629
0
0.0869067
0.03775
0.107317
0
0.208997
0.30062
0.272703
0.0588833
0.01672
0
0.13654
0
0.0825133
0.0562633
0
0.12402
0.114633
0.07014
0.0631833
0.03262
0.08419
0
0
0.02856
0
0.00529667
0.0350867
0.12225
0.136117
0
0.38236
0
0
0.03528
0.0496933
0.183727
0
0.00587
0.171727
0
0
0.0931033
0.0694567
0.0461767
0.0813033
0
0.0332767
0
0.284527
0
0
0.0254767
0.0523267
0.0435833
0.1104
0
0.0476167
0.155407
0.199533
0.188657
0
0.00502667
0.182997
0.02006
0.221977
0.0359933
0
0
0.0662267
0
0.0457567
0
0
0.06987
0.183453
0.450653
0
0
0.0117967
0.0863567
0
0.36501
0.0361567
0
0.0359067
0
0.0245033
0
0.126897
0
0
0.01659
0
0
0.07417
0.43472
0.03675
0.383617
0.11243
0.0233267
0
0.0530933
0.0373467
0.24706
0.0530233
0.0533633
0
0.0573567
0.0756333
0
0.17268
0
0.0279033
0
0
0
0
0.02595
0.0167533
0.285207
0
0.19765
0.0341633
0
0
0.22268
0.0537067
0
0.364307
0
0.316607
0.00974
0.157467
0
0.0176733
0
0.105617
0.509783
0.106933
0
0.473293
0
0
0.01557
0.133557
0
0.162863
0
0
0.0136667
0
0.0414667
0.0326033
0.0842667
0.162597
0.13005
0.05694
0.0407967
0
0.04519
0.0146267
0.0876067
0.0484567
0
0.05412
0
0.0101967
0
0.0317867
0
0.506637
0
0
0.00428333
0.109467
0.03368
0.0353033
0
0.18294
0.0366367
0
0.0970067
0.0535467
0.0177267
0
0.119867
0
0.21542
0.163353
0.0380967
0
0.0577333
0.0960467
0.130577
0.07296
0.147627
0.114063
0
0
0.267743
0
0
0
0.693097
0
0.16438
0
0
0.162653
0
0.05563
0.0239833
0.08407
0
0.0560333
0
0
0.04896
0.61882
0.20633
0.11964
0
0.155437
0
0.371317
0.0583567
0
0
0.0867233
0
0.07028
0
0.0214367
0.166093
0
0
0
0.0494733
0.0173267
0.101457
0.11016
0.06249
0.00585333
0.0466
0
0
0
0
0.0586433
0
0
0
0.0841133
0.0520567
0
0
0
0.0331567
0.03378
0.103583
0
0.0552833
0.0173233
0
0.0620833
0.03513
0
0.0156767
0.405137
0
0.0227933
0.0731233
0.0410433
0.19521
0.19769
0.0389
0.07734
0.256343
0.30703
0.48975
0
0.0962033
0.44259
0
0.03366
0.01129
0.0206267
0
0
0.01131
0.0384067
0.05393
0.05264
0.0527433
0.0910967
0
0.0382133
0.310663
0
0.11389
0.91207
0.44404
0.03707
0.0714467
0.0175467
0.10465
0
0.0467433
0.265673
0.0226
0.04341
0
0.0919233
0
0
0
0
0.0731833
0.0837067
0.04515
0
0.0859267
0
0.14763
0
0.136177
0
0.046
0
0.38
0.0653267
0
0
0
0
0.147927
0.0447733
0.0281633
0.0547733
0.37959
0
0.16327
0.0861767
0
0.02913
0
0
0.0739233
0.13091
0.116973
0.0122667
0.0293833
0
0.154853
0
0.00964667
0
0.161027
0.0279133
0
0
0
0
0.00552667
0.0343967
0.670267
0
0
0.0595633
0.0790233
0
0.145923
0
0.05236
0.04307
0.39756
0
0.18228
0
0.0730267
0.03068
0.15962
0.0491867
0.0233767
0
0
0
0.162797
0.0147333
0.04723
0
0.03185
0.0205967
0
0.0724433
0.21933
0
0.140913
0
0
0
0.38741
0.0115867
0.278123
0.0284033
0
0.160843
0.03643
0.545947
0
0.13277
0.12697
0.0445367
0.0465767
0.08117
0.237387
0.23492
0
0
0.0237033
0.0324267
0
0
0
0.05615
0
0
0.07905
0.0306833
0.383403
0.0582633
0
0.0307067
0
0.14047
0
0.0765967
0
0.0765733
0.0133233
0.0336967
0
0
0.360083
0
0
0.0363133
0
0.0129867
0.0503267
0.0452933
0.0639367
0.0455433
0.36453
0.44155
0.0475033
0.03239
0
0.0346267
0.0450533
0.204713
0.516227
0
0.0944167
0.183773
0.0543733
0
0.0491133
0
0.05341
0
0.4371
0.0156633
0.03986
0
0
0
0.04483
0.0465267
0
0.79426
0.0366967
0.0485633
0.15958
0
0.248563
0
0
0.374903
0
0.0311033
0.16886
0.69993
0
0
0
0.666713
0.678643
0.0304967
0.05532
0
0.0369367
0.176097
0.00972
0
0.0585433
0.31969
0.04783
0.03343
0.0243667
0.02155
0
0
0.289647
0.724693
0.139527
0
0.328567
0
0.0359633
0.03809
0.0589833
0
0
0.261887
0.439293
0.0536833
0
0.00384333
0.0353
0.04498
0.159783
0.0701833
0.470667
0
0.03086
0.367043
0.0128767
0.0466767
0.0326067
0.0478133
0.0532433
0
0
0.05499
0
0.0752933
0.38181
0
0
0
0
0
0
0
0.370693
0
0.01086
0.0474733
0
0
0.0129567
0
0.01849
0.0157433
0.0426867
0.0310767
0.0480333
0.05661
0
0.0320467
0
0.04494
0.183613
0.0732467
0.0326633
0.04611
0.149743
0
0.03633
0.73384
0.0491633
0
0
0
0
0
0
0.01263
0.145583
0
0.13069
0.233563
0.0775167
0
0.0606367
0
0.00519667
0
0.0465633
0.0488
0.0489133
0.0253533
0.02076
0.15687
0
0
0
0.525793
0.0699467
0
0
0.0829667
0.0416067
0.31257
0.231347
0.162287
0.28359
0.06037
0
0.0271333
0
0.0474767
0.0246433
0
0.8776
0
0
0.16187
0
0.0323267
0.06946
0.31899
0
0.0821567
0.115587
0.39674
0
0.401423
0
0.154227
0.0464933
0
0.14743
0.159473
0
0.20914
0.0538167
0.0318833
0.05718
0.0388
0
0.107487
0.00575667
0.15224
0
0
0
0
0
0.0481833
0.0425833
0.0325667
0.04327
0.0322633
0
0.18475
0
0
0.737727
0.03887
0.0857033
0.17281
0
0.0118433
0
0.110327
0.134087
0.0538867
0
0.03444
0
0.0223167
0
0
0.394067
0
0
0
0
0
0
0
0.192973
0.12244
0.04232
0
0
0.0467267
0.115277
0
0.0341467
0
0
0.0544067
0.07127
0.00384333
0
0
0.00524667
0.0466867
0
0
0
0.0903967
0.0615167
0.0532633
0
0
0
0.17537
0.292837
0
0
0
0.03463
0.0270333
0.00584333
0
0.05864
0
0.03071
0.0168233
0
0.0188967
0.0303167
0.0871167
0.0431833
0.04544
0
0
0
0
0
0.235627
0.167163
0
0
0
0
0
0
0.379697
0
0.161117
0.306043
0
0.0267667
0.0500067
0.371837
0
0.0307467
0
0
0
0.0112233
0
0
0.236537
0.02318
0.0462367
0.06018
0.517613
0.357197
0
0
0
0
0.217717
0.202927
0.0525333
0.0477033
0
0.126043
0.03878
0
0
0.307903
0
0
0
0.104433
0
0
0.18402
0
0
0.127467
0.0794567
0.389023
0
0.0303367
0.04584
0.06413
0
0
0.00432333
0
0
0.0109267
0
0
0.05317
0.0533167
0.382447
0
0.09236
0.100823
0
0.483357
0.0312133
0.114033
0
0.0471067
0.0446867
0.15974
0.399947
0.0705933
0.0493433
0.0728933
0
0
0.647987
0.104497
0.0059
0
0
0.20268
0.218317
0.0421167
0
0
0.155597
0.11854
0.0379633
0
0.14479
0
0.228813
0
0.05052
0.00487667
0
0
0.0163967
0
0
0.0720867
0.0465167
0.308827
0
0.25607
0.0231767
0
0.112923
0.00644667
0.16209
0.20733
0
0
0
0
0.0427933
0
0
0
0
0.0489733
0.0471633
0.01034
0.03473
0
0.104937
0
0
0.0294867
0.204773
0
0.106743
0.00544333
0.133897
0.0595433
0.289367
0
0.0306933
0.228077
0.05475
0
0.0321133
0.05618
0.0470533
0
0
0
0
0.0769167
0.0572667
0.01287
0.379563
0.00364333
0.054
0.121663
0.152043
0.0361133
0
0.05932
0
0.0387067
0.0946
0.168877
0.0226567
0
0
0.401693
0.02798
0.116023
0.111307
0
0.08607
0.0555433
0
0.00805333
0
0.292217
0.146757
0.00644667
0.0564567
0
0.290693
0.0346467
0
0.0307033
0.0861033
0
0
0.237633
0.02059
0.0286767
0
0.03372
0.0858133
0
0.66448
0.239553
0.27642
0.27408
0.0327833
0.00414667
0.351297
0
0
0.04956
0.171493
0
0
0.0358333
0
0.0127933
0
0
0
0.0600533
0.0497733
0.0234967
0.113877
0
0
0.03929
0.0322967
0
0
0
0.135207
0.0558333
0
0.0601267
0.0257433
0.116937
0.0733033
0.00356667
0
0
0
0.145063
0
0
0
0.00587
0.0464233
0.147377
0
0.21613
0
0.190217
0.0344067
0
0.0612633
0.03542
0
0.0341633
0
0
0
0
0.0343967
0.04467
0.00585333
0.04645
0.0555067
0
0
0
0.0291533
0
0.0336133
0.182907
0.02077
0
0.11589
0
0.0345267
0
0
0.0324567
0.0484967
0.01665
0
0
0.3894
0
0
0.118483
0.558773
0.587613
0
0.107373
0.549963
0.06928
0.0150533
0.0111
0
0.0117133
0.0155767
0.0508333
0.0386767
0
0
0
0.05303
0
0.07235
0
0.0256133
0.185487
0.122137
0.0744233
0.03541
0
0
0.0531467
0.0593867
0
0
0
0
0
0.0115933
0
0.0232433
0
0.295413
0
0.02185
0
0.0300933
0.358953
0.0483767
0.248553
0
0.0455233
0.04514
0.145573
0
0.0462433
0.11699
0.0858133
0.0117267
0
0
0.377797
0
0.00615
0.172603
0
0.05465
0.03567
0.314413
0.0843833
0.501783
0
0.0593733
0.638377
0.00432333
0.0412867
0.0535
0.05558
0
0.0184967
0.193943
0.0236333
0
0.0348233
0
0
0.0289433
0
0.0477067
0.0519067
0.16879
0.0258567
0.0281733
0
0.0336467
0.03354
0.397543
0
0.0121067
0.0352433
0.0486
0.0469967
0.05721
0
0
0.03433
0.0838467
0.07632
0.160173
0.0590533
0.04534
0
0
0.115933
0.11948
0.0530333
0
0.0360167
0.0207967
0
0.05935
0.121957
0
0
0.0534767
0.07746
0
0.0393533
0.0439533
0.208813
0.04556
0.0339233
0.116763
0.0846767
0.0370867
0.617707
0
0.06765
0
0.18218
0
0.44998
0
0.00766333
0.01142
0.00502667
0.17208
0.195203
0.0302533
0.159173
0
0
0
0.0116233
0
0.0918733
0.167843
0.09659
0
0
0.0592367
0.0464067
0.176777
0.156113
0.0532633
0.107057
0
0.0112267
0
0
0
0
0
0.03237
0
0.18118
0.110817
0.149713
0.06287
0.0364567
0.0359333
0
0.0962467
0.0306833
0
0
0.0309933
0
0.0527033
0
0
0.226277
0
0
0
0
0.0708067
0.0160733
0
0
0.0107533
0.0285967
0.0387567
0.0499833
0.120933
0.0522833
0.460427
0
0
0.0231733
0
0.0361067
0.838647
0.03569
0.115263
0
0
0.1287
0.01877
0.0204667
0.0382567
0.01239
0
0.0385633
0
0.0181033
0
0.134313
0
0
0
0.0477667
0.0472567
0.199677
0.401137
0.273067
0.08495
0.379647
0.0324967
0
0
0.160907
0.1601
0
0.01617
0.16103
0.05486
0.0355633
0
0
0.66347
0
0
0
0.151853
0.00480333
0
0.0450633
0.114373
0
0.03503
0
0.0552967
0
0.0462233
0.07448
0
0
0.0450433
0.301207
0.125717
0
0.0305633
0.141113
0
0.0496467
0
0
0.0528733
0.0798333
0.102853
0
0.0459233
0
0
0
0
0
0
0
0.0489367
0.0419933
0.185957
0
0
0.0862567
0.167073
0.16827
0.00397333
0.13992
0.16098
0.13778
0.47617
0
0.162053
0
0
0.127387
0.218097
0
0
0
0.0352067
0
0.0116233
0.0595567
0
0
0.0411
0.0656167
0.244697
0.0784967
0
0.0306967
0
0.18614
0.215193
0
0
0.0842033
0.14086
0.0164333
0.0387733
0.0448933
0.11603
0
0.05194
0.0294767
0
0.158237
0.0258767
0
0.0479
0
0
0.290893
0
0
0
0
0.01255
0
0
0.523863
0
0.0307567
0.0669233
0.0460333
0
0
0.170733
0.0603
0.0339467
0
0
0.0469633
0.0186467
0
0.300333
0.396707
0
0
0.0151433
0.0400933
0.0376767
0
0.100587
0.106673
0
0
0
0
0
0.00772333
0.0448267
0
0.0550767
0.0289367
0
0.0118433
0.04604
0.0467133
0
0.0192433
0.152087
0
0.02268
0.03827
0
0
0
0.0291467
0
0.03415
0.1409
0.0938367
0.382623
0.126947
0.0401867
0.00399
0
0.03235
0.04311
0.19385
0.521783
0
0.429907
0
0.0408233
0.18938
0.19704
0.0110667
0.0930433
0
0
0
0
0.284173
0
0
0.115243
0.03892
0
0.0257867
0
0.213983
0.0533367
0.26098
0.04961
0
0.02285
0
0
0.03615
0.0793433
0
0.198707
0
0
0
0.00365
0
0
0.169573
0.08191
0.09912
0.03977
0
0
0
0
0
0
0.04477
0.0818867
0
0.161287
0.00989333
0.05267
0.0305467
0.130633
0.03679
0
0.490263
0
0
0
0.10963
0.0489267
0
0
0.155803
0.0349667
0.0192833
0.11015
0
0
0.04666
0.02567
0.00513667
0.1834
0
0.134047
0.18531
0
0.115923
0
0.65687
0
0.173143
0.154697
0.285343
0
0
0
0.618883
0.03045
0
0.214097
0.0467
0
0
0.151947
0.38769
0.379677
0.0796533
0.1602
0.380043
0.04332
0
0.182603
0
0.0733
0
0.375803
0.36557
0
0.0321633
0
0
0
0.0325067
0.16863
0.0716167
0
0
0.32782
0.0490033
0
0.0181433
0
0.0734633
0.29844
0
0
0.05847
0.0298867
0.0188367
0
0
0
0.110237
0
0
0
0.133567
0.0491233
0.130447
0.244333
0.0378833
0
0.30089
0
0
0.18408
0
0.168603
0
0
0.08331
0.0594333
0
0.05086
0
0
0
0
0.0871167
0
0
0
0.0117267
0.606507
0
0.194093
0
0.0350433
0.656107
0.0603667
0
0.0519733
0.0118167
0
0.12957
0.05844
0.0477833
0.15167
0.03367
0.0555267
0.0127633
0
0.0531267
0.20775
0.0345767
0.0672067
0.0381633
0
0
0
0.0450033
0
0.0256867
0.0810867
0.13049
0
0.09546
0
0
0
0
0.156577
0.0542133
0
0.30722
0.0260167
0
0.650497
0
0
0.11672
0
0.0946233
0.05837
0.0164733
0
0.03797
0
0.04899
0
0
0.38332
0
0.0151433
0.16231
0.0414333
0.0991267
0
0.559427
0.0351267
0
0.0369967
0.0476567
0.167837
0.0112433
0.0342867
0
0.246987
0
0.0112433
0.183877
0.0692933
0.320703
0.18271
0.04715
0
0
0.125857
0.0600767
0
0
0.01157
0.04965
0.09082
0
0.0542233
0
0
0
0
0
0.0862433
0
0.03655
0
0
0
0.66947
0.426133
0.0378167
0.03887
0
0.01158
0.0856367
0.0935
0.151813
0
0.04661
0.03653
0
0
0.0371867
0.0603867
0
0
0
0.365943
0.379997
0
0
0
0
0
0.0564233
0.02604
0
0.151833
0
0
0.0911933
0
0.0735967
0
0.42958
0
0
0.145237
0
0.03621
0
0.03481
0
0.0447967
0.168023
0.0367333
0
0
0
0.0489367
0.162277
0.0449967
0
0.0590633
0.195137
0.0288467
0.00501
0.146287
0.0455867
0
0.03518
0.0352
0
0.190787
0
0.01775
0
0.05879
0.0176933
0.0810867
0
0.184063
0
0
0.156493
0
0
0.14437
0.0258133
0.0492033
0
0.222027
0.207193
0.20421
0
0.103757
0.15544
0.00766333
0
0
0.04671
0.127627
0
0.0365767
0.0466833
0.0324
0
0.231233
0.0545167
0.226533
0.162947
0.0343033
0.0192367
0.03603
0
0
0
0
0
0.05344
0.03093
0.19375
0.3028
0.03018
0.126383
0.0596
0.03628
0.29367
0.0322367
0.0476033
0
0
0.16161
0
0
0
0.01024
0.02989
0
0.02724
0.0830667
0
0
0
0.0510733
0.04059
0
0
0.289793
0.0763
0.0126833
0
0.246833
0.0602833
0
0
0.08551
0.0909767
0.10964
0.349177
0
0
0.1301
0.0589267
0
0.05037
0
0
0
0.259357
0.334833
0.0597533
0
0.72773
0
0
0.0767
0.0731
0.0461533
0.387897
0
0
0.0536233
0
0
0.23435
0.0523833
0
0.0893467
0.284607
0.10718
0.656037
0.06718
0.798157
0
0
0
0.0543867
0.0471433
0
0.0243733
0.0199067
0
0
0
0
0
0
0.0591533
0.0159967
0
0.183513
0
0
0.0341267
0
0.0602833
0
0
0.0807433
0
0.06162
0.0415433
0.513193
0
0.2217
0.22046
0.04992
0.127243
0.0175233
0.0486833
0.0357
0.0624067
0.0384733
0
0
0.04722
0.451817
0
0
0.0256567
0.153537
0.161327
0.0128533
0.163973
0.0334767
0.02318
0
0
0.05358
0.395827
0
0
0.388327
0
0
0
0.0329367
0
0.0385067
0
0.187843
0.0323433
0
0.0539133
0.40279
0.166427
0.0448133
0.181767
0.0453667
0.0258267
0.369933
0
0
0
0.09436
0.01439
0.248843
0.22516
0
0.0313967
0
0.03693
0.00859667
0
0
0
0
0.0361533
0.0322567
0.0253433
0.0462833
0.11725
0.0592067
0.04495
0.0381033
0.03863
0.460407
0.00519667
0.0346233
0.01864
0.196557
0.279117
0.0256533
0
0.05928
0
0.33755
0.160463
0.12775
0.182867
0.0175067
0
0.02749
0.0834267
0
0
0
0.138283
0
0.182183
0.0230967
0
0.0454233
0.0126833
0
0.03388
0
0
0
0.0360967
0.0427133
0
0
0.0476033
0.0469333
0.05323
0
0.0527433
0
0
0
0
0
0.199423
0
0
0
0.20761
0
0
0
0.261737
0
0.207647
0
0.123397
0.404043
0.29837
0.0369567
0
0
0
0.15627
0.23491
0
0
0.166647
0.182
0.0324333
0
0.03698
0.0500767
0
0.23809
0
0
0.0849267
0
0
0
0.0146967
0
0
0.02088
0.05612
0.0105767
0
0.01129
0
0.372933
0.23999
0.0125467
0.06891
0.0231933
0
0.127137
0.21586
0.394457
0.0311567
0.126843
0.219917
0.198013
0.105597
0.126947
0
0.01283
0.201683
0.0854533
0
0.0104333
0
0.0372
0.0594233
0.13486
0.0171033
0.0518433
0.03765
0.264833
0.0393933
0
0.05611
0.379737
0.113817
0
0
0
0
0
0.11542
0
0
0
0
0
0
0.319427
0.113753
0.165967
0.00978
0.03772
0
0
0
0.0947933
0.183943
0.0320133
0
0
0
0.0527367
0
0.0444567
0.0541367
0.02375
0
0.0867633
0.04791
0
0.2735
0.05933
0.449367
0.0175867
0
0.0595767
0.0370033
0.189577
0
0.0451633
0.125987
0.492403
0
0.127587
0
0
0
0
0
0
0
0
0.167423
0
0.500053
0.0590033
0.0795233
0.0357
0.284127
0
0.100547
0
0
0.0346033
0
0.0834967
0
0.176743
0
0
0.0533067
0
0.24113
0.214147
0
0
0
0
0.21378
0
0
0
0
0.04155
0.14957
0
0
0.0470133
0.0467267
0.03516
0.06956
0.00517
0.0418067
0.143493
0.00992667
0.146473
0
0
0.0498367
0.0341533
0.381083
0.00502667
0.0237233
0.04195
0.0322
0.03866
0.0328033
0
0.0166867
0.0112267
0
0
0
0.107213
0.0188867
0.0479567
0.0104433
0.0530833
0.306483
0
0
0
0
0
0
0.00507
0.154817
0.0347433
0.0485233
0.0876633
0.45253
0.133013
0
0
0.01723
0.512887
0.145933
0.508043
0
0.0368067
0.213903
0.0580067
0.232177
0.0388667
0.0385367
0
0
0
0
0
0
0.0488067
0.06377
0
0
0.0740567
0
0
0
0.0657067
0.04858
0
0
0
0
0
0
0.10318
0
0
0.172537
0
0
0
0.0594633
0
0.0997433
0.352043
0.00529333
0.0749233
0
0
0.127357
0.0765367
0.356853
0.0114167
0.0146167
0
0.0343233
0
0.39844
0.03259
0.0494333
0
0.0483
0.0585633
0
0
0
0
0
0
0.0148833
0.266517
0.04587
0.02152
0.0311667
0
0.0567033
0
0.172983
0.01291
0
0
0.0541567
0.413607
0.0381467
0
0
0
0.11741
0.08841
0.285407
0
0
0
0
0
0.116137
0.0343533
0.0920433
0.0727167
0
0.04351
0
0
0
0
0.03807
0.2386
0.44523
0.00645667
0
0.815133
0
0
0.01141
0
0
0.20357
0
0
0.0469667
0.138103
0.379097
0.04516
0.126007
0.0816567
0.126397
0.02727
0.0850933
0.0458767
0
0.0363833
0.06013
0.01916
0.05232
0.0528
0
0.05393
0
0.01042
0.0146967
0.0525767
0
0
0.01535
0.05317
0.00645333
0
0
0
0.0459767
0.03431
0.0291933
0.0843833
0.0107267
0.0587833
0
0.0519367
0.133257
0.0346467
0.144887
0.24312
0
0.0388067
0.01024
0.0344267
0
0.02119
0.209303
0.45977
0.236483
0.241987
0
0.00858333
0.0287167
0.0596833
0
0.146957
0.0308167
0.1391
0.152703
0.08636
0.460453
0
0
0.0523567
0
0
0
0.05324
0
0.148187
0
0
0
0.0836233
0.259547
0.0145567
0
0
0
0.34055
0.00433
0.0387733
0.07784
0.00850667
0.132897
0.0335733
0
0.601117
0
0
0.03741
0
0
0.06177
0
0
0.0383433
0.0856967
0
0
0
0
0.0450533
0
0.314823
0
0.00986333
0
0
0.0259833
0.0994767
0
0.03129
0.0163967
0.04479
0
0.0912767
0.224297
0
0.04482
0
0.57254
0.0323833
0
0.0596167
0
0
0.00747
0
0.0531433
0
0
0.0256267
0.0535233
0.0541167
0.0483533
0.0722533
0
0.0363767
0.01535
0.0365933
0
0.08417
0
0
0
0
0
0
0.0534867
0.0123467
0
0.113293
0.0345967
0.198983
0.02923
0.0324233
0.04634
0
0
0.0488933
0.03243
0
0
0
0.03815
0.160657
0.0556367
0
0.0206267
0
0
0.03126
0.0128867
0.15566
0.383327
0
0
0
0.00590333
0
0.05998
0
0
0.119107
0.09742
0.163593
0
0.0941767
0
0.184537
0
0.173467
0.0366167
0
0
0.0930367
0
0
0.0557933
0.0389833
0
0.452823
0.0248933
0
0.0264467
0.223737
0
0.119063
0
0
0
0
0.0215667
0.00645333
0
0.0172667
0.156953
0.0634233
0
0
0.388893
0
0
0
0
0
0.0867967
0.0374333
0.0535
0
0
0
0.176357
0.04845
0.33985
0.01611
0.273277
0
0
0.16179
0.481223
0.384677
0
0
0.0362533
0
0
0
0.0600967
0.0365067
0
0
0
0
0.01434
0
0
0
0.39942
0
0
0
0
0.0453567
0
0
0.0392433
0
0.0235867
0
0
0.05927
0
0.06915
0.0352333
0.0453667
0
0.08224
0.00973333
0
0.181913
0.0649933
0
0
0.00513333
0.04636
0.05901
0.0394333
0
0
0.196127
0.197847
0.02592
0
0
0.0535167
0.0460433
0.224833
0.0937233
0
0.0298633
0
0
0
0.0352667
0
0
0
0
0.02437
0.580053
0.0184367
0.0258867
0
0
0
0
0
0.299143
0
0.59636
0
0.00478333
0.01112
0
0
0.06973
0
0
0.0178467
0.04766
0
0
0.24229
0.160793
0.166697
0.09494
0.264633
0.575653
0.152773
0.362697
0.223477
0.11495
0.12014
0.193033
0.0864067
0
0.108503
0
0.555737
0.400787
0.368463
0.03812
0
0.367933
0.39544
0.60945
0.38831
0.7948
0.102017
0.44732
0
0.18688
0.693503
0.146967
0.04105
0
0.0650467
0.26263
0.0499433
0.401037
0.0251767
0.0892867
0.36419
0.237557
0.12146
0.09633
0.328047
0.202113
0.00833
0.307287
0.845677
0.01065
0.3765
0.322473
0.50157
0.326133
0.698147
0
0.23684
0.144697
0.0456767
0.916103
0.60849
0.0893467
0.589177
0.05432
0
0.40144
0.873367
0.0710067
0.114063
0.496767
0.0762533
0.176833
0.334353
0.115083
0.320333
0.643283
0.0693567
0.19296
0.05473
0.119973
0
0.0185333
0.03175
0.0730733
0.08681
0
0
0.162977
0.82855
0.109517
0.01129
0.02865
0
0.0319333
0.0789633
0.0387433
0.480183
0.669597
0
0.114837
0.21855
0.115803
0.30745
0.11044
0
0.11557
0.03589
0.02483
0.0813
0.0505333
0.0304033
0.115953
0.0827867
0.07359
0.0322467
0.07295
0.117003
0
0.00351333
0.498283
0.0178733
0
0.0315433
0.0316933
0.10673
0.00859
0
0.629413
0.548267
0.32868
0.03201
0.03157
0.03172
0.131047
0
0.27734
0.122963
0.01767
0
0.115537
0
0.953347
0.06524
0
0.687723
0.672187
0.0341433
0
0.0318467
0.385937
0
0.497043
0.0248567
0.0249133
0.0341233
0.587567
0.06057
0.0833
0.03206
0.03208
0.814117
0.0287367
0.117283
0.03205
0.0558433
0.39001
0.0448767
0.130757
0.02399
0.00720667
0.50074
0.345293
0.0125433
0.0867033
0.589783
0
0.140473
0.137043
0.86438
0.539783
0.11034
0.933927
0.0441133
0.0656033
0.46248
0.03903
0.03802
0.463563
0.116657
0.13402
0.0516333
0.01913
0.0378233
0.117533
0.0339367
0.0344367
0.101717
0.07775
0.0166433
0.0783533
0.355127
0.155133
0.397327
0.05657
0.0319967
0.0322933
0.0608
0.273443
0.19582
0.20083
0.113753
0.919493
0.16819
0.24159
0.0596567
0.0165133
0.0891733
0.03781
0.0291933
0.11608
0.543197
0
0
0.509447
0.07346
0.02109
0.0818033
0.0725
0.04638
0.318077
0.0385867
0.703493
0.0272667
0.00435
0.00762667
0
0.00762667
0.110783
0.03023
0
0.0324667
0
0.03248
0
0.0614167
0
0.0568133
0.457427
0
0
0.00725333
0
0.0344133
0.0613467
0
0.0386967
0.05366
0.03849
0.03816
0.0546267
0.543077
0.0657633
0
0.0341667
0.0549033
0.0290033
0
0.483697
0.0113433
0
0.0601767
0.0180967
0.119093
0.0386367
0
0.0125433
0.05024
0.03368
0.0350867
0
0
0.145587
0.0606067
0.572047
0
0
0.136417
0
0.01086
0.0377067
0
0
0.0544433
0.0388833
0.0346867
0.0734367
0.03374
0.01775
0
0.0387133
0.0505867
0.0648033
0
0
0.07383
0
0.06372
0.04144
0.0683267
0
0
0.0393333
0.0165133
0.0337733
0
0
0.482263
0.63844
0.369307
0.03429
0.0149833
0
0.0351767
0
0
0
0.185693
0
0
0.03529
0.43926
0.26573
0.0117767
0.460277
0.0240333
0.0396933
0.0227467
0
0.0600533
0.0135567
0.0185
0
0.21713
0
0.03423
0
0
0
0.284517
0.100003
0
0.03413
0
0.0118167
0.08485
0
0
0.0723367
0.0114167
0
0
0
0
0.0135733
0.0335133
0
0.03448
0
0.04067
0
0.0338067
0.0371767
0
0.03866
0.0344767
0.0543567
0.410527
0.182343
0
0.319453
0
0
0.04981
0.00452333
0.0503567
0
0.05583
0.0262667
0
0.0552333
0.01177
0.0529033
0
0.620777
0.0347033
0.0388833
0.0345367
0.03074
0
0
0.0303833
0.0335767
0.0111767
0
0.03503
0.0336267
0.03682
0.0486367
0
0.0493067
0
0.38321
0.0336233
0.0455367
0.0115167
0.525007
0.0546733
0.0498533
0.0359267
0.073
0.460273
0.0342933
0.02595
0.0544267
0.12676
0.266793
0.0287067
0.0234733
0
0.21124
0.0184367
0
0.13178
0.0259333
0.03071
0.04985
0.43792
0
0
0
0
0.0175867
0.04636
0.357163
0.03387
0.131583
0
0.0495367
0
0.0545
0.02714
0.0190933
0.66946
0.492863
0
0.0152633
0.0529167
0
0.0495233
0.0545967
0.0200967
0.12728
0.0562733
0.12718
0
0.03099
0.12661
0.0386933
0.0342133
0
0.07683
0.0363467
0.0192833
0.03456
0.04673
0.230377
0.00386667
0.0496933
0
0.0308067
0
0.03203
0.38629
0.0536333
0.03687
0.0586467
0.610853
0.05382
0
0.1263
0
0
0.03354
0.01839
0
0.126847
0.0533133
0.0118433
0.0480467
0.1264
0
0.02138
0
0.126613
0.619633
0
0.126517
0
0.126193
0
0
0.0321933
0
0.0161367
0.0118167
0.0337767
0
0.0544533
0.1843
0.0122133
0
0.0713367
0.367923
0
0.01235
0
0.06513
0.397713
0.00800667
0
0
0.00537667
0
0
0.049
0.265367
0.01042
0.05756
0
0.0398467
0.0475533
0.03457
0
0.656067
0.463353
0.0410467
0
0
0
0.01081
0
0.0307167
0.0347
0
0.04218
0.05339
0.0448433
0.0527667
0.04601
0.05555
0.0485
0
0
0.0658133
0
0.0472767
0.0550167
0.0526867
0.0175233
0.0182267
0.103003
0.15716
0
0.0994033
0
0.126883
0.0492433
0.0374967
0.0116233
0.112317
0.0794133
0.0341167
0.0182267
0.02608
0.05523
0.0491433
0.0344367
0.0457
0
0.575233
0
0
0.0231733
0.0455167
0.30951
0.0760133
0.127473
0.04502
0
0.166087
0.122343
0.0314067
0.0970333
0
0.0489533
0.0341567
0
0.0261367
0.134183
0.12686
0
0.224153
0.04155
0.0446933
0
0
0.197683
0.0460633
0
0
0.03972
0.143013
0.06479
0
0
0.00587
0
0
0.127013
0
0
0.172883
0
0.03641
0.01654
0.12759
0
0.0431033
0.12735
0
0
0
0.0452067
0
0.0361267
0.32438
0
0.0241033
0.0463033
0.0359133
0
0
0.0553567
0.0345167
0.0294933
0
0.464107
0
0.02947
0.0159467
0
0.00409
0.03604
0.0496233
0.34072
0.03655
0
0
0.0175467
0.441537
0
0
0
0.0360067
0.0165967
0
0
0
0
0
0.0498333
0.00587
0.0362867
0.06225
0.126267
0.0432733
0.0236967
0
0
0.0357867
0
0.06284
0.0536867
0.0469067
0
0
0
0.0446067
0.0458167
0.03598
0.00413
0.0206167
0.0465667
0.00522
0
0.0354233
0
0
0
0
0
0.04832
0
0.0371767
0
0
0
0.0483167
0
0.0346
0
0.00517
0
0
0.0246967
0
0.454773
0
0.03644
0.0461233
0.0367233
0.0362167
0.0475233
0.0457633
0.0307867
0
0
0.0491567
0.05112
0.467537
0
0.463623
0.103003
0
0
0.01743
0
0.11801
0
0.0326533
0.0162933
0.0465133
0
0
0.0206933
0
0.12678
0
0.578707
0.0154433
0.0464533
0.0331433
0
0.07631
0.0606133
0.04444
0.12711
0.02549
0.0380367
0.454283
0.00814667
0.0368433
0
0
0.0345067
0
0.04088
0.0889167
0
0.0457767
0.127107
0.01081
0.105723
0.07337
0
0
0.127343
0
0.05604
0.00645
0
0
0.00830333
0.332367
0.00845667
0.131323
0
0
0
0
0.0474367
0.02863
0
0
0.127303
0.0368067
0.127283
0.0355567
0.0462033
0.04595
0.01861
0.0551267
0.0147367
0
0.05949
0.10265
0.14814
0
0.02217
0
0.0469867
0
0.22897
0
0
0
0
0
0
0
0.03549
0.0366833
0.10992
0
0.0443033
0.00409667
0.293727
0
0
0
0
0.127553
0.1194
0
0
0
0.0453733
0
0.0447367
0
0.0249967
0.0163633
0
0
0.370237
0
0
0
0.0152433
0.0985967
0
0.167303
0.0370867
0.0865533
0
0.354637
0.242373
0.0104333
0.127257
0.01535
0.208113
0
0.03703
0.0446533
0
0
0.0356667
0.0212533
0.0163967
0
0
0
0
0.04456
0
0.157347
0.04555
0
0
0.0457633
0
0.00645333
0
0
0.03274
0
0
0
0.0469333
0
0.0212533
0
0
0
0
0.03342
0.0521133
0.0447567
0
0
0.21281
0
0.0155767
0.04539
0.172707
0
0.05938
0
0
0
0.101727
0.0478633
0.0450833
0.0408433
0.460713
0
0.37043
0.0255467
0.0363933
0
0.31873
0.0367033
0
0.397103
0
0.283397
0.0153067
0.133753
0
0.379073
0.387537
0.141273
0.0451567
0.0411167
0
0.0462067
0
0.0258567
0
0.00989333
0
0.08531
0.0838233
0.04738
0.39929
0.35558
0
0
0
0.0770733
0
0.198477
0.147327
0.360127
0.381533
0
0.00595333
0.0590067
0
0
0
0
0
0
0.0597167
0.29076
0.04511
0.388117
0
0.397217
0.29152
0
0.191597
0.0660867
0
0.18845
0.27513
0
0
0.403733
0
0
0
0
0.381073
0.454307
0
0.453683
0
0
0
0.16593
0.20706
0.0286733
0
0.359383
0.0194433
0
0.09487
0.401917
0.139207
0.326937
0.388537
0.284133
0.04743
0.38161
0
0.379973
0
0.0107267
0.309767
0
0.00845667
0
0.402463
0.40012
0.05934
0.29998
0.240723
0.35999
0.37532
0
0
0.0586067
0.294217
0
0.422377
0.31138
0.108597
0.10066
0
0.34722
0.382757
0
0.0193867
0
0
0
0.19305
0
0.247237
0.05416
0
0.03343
0
0.00637
0.0696433
0.15176
0.186867
0.00559667
0.37909
0
0
0.404837
0
0.00632667
0.00645
0.0617967
0.0891267
0.0966967
0.0122633
0.289353
0
0.136033
0.21882
0
0.00644667
0.0617233
0.02044
0.00519667
0.0108233
0.05954
0.0301533
0.144223
0
0.114063
0
0.298157
0
0
0.383273
0
0.368813
0.19286
0
0.135913
0.379653
0.380817
0.0557133
0.04546
0
0
0
0.27682
0.182893
0.379607
0
0.0259033
0
0
0
0.388583
0.251797
0.0525533
0
0.256233
0.379797
0
0.40497
0.0105033
0.11211
0
0.0454467
0.396097
0.37997
0.0203267
0
0.390887
0.24629
0.267533
0.380603
0.0950933
0.380617
0
0.391317
0
0.0867133
0.39574
0.0429567
0
0.0200633
0
0
0
0.21248
0.274577
0.379357
0.279683
0.104527
0.396537
0.0213533
0.0678733
0.241213
0.05234
0.00559667
0.383393
0
0.380533
0.05945
0.401497
0.356767
0.379433
0.0151833
0.00646333
0.394847
0.396813
0.38272
0
0.29727
0.383107
0.385127
0.01034
0
0
0.182667
0.38091
0
0.40167
0
0.395573
0
0.401217
0.10441
0
0.276443
0.366217
0.0436467
0.36897
0
0
0.05877
0
0.38036
0.103843
0.382533
0.0680167
0.0276967
0.131377
0.38714
0
0
0.461953
0.00501
0.390083
0
0
0.45094
0.00645
0.39544
0.39976
0
0
0.36719
0.380937
0
0.401853
0.0585567
0.13249
0.01438
0.00645
0.36127
0
0.05882
0
0.0583967
0
0.0443233
0.0591033
0
0.39667
0.378973
0.387703
0.401417
0
0.39497
0.297757
0.38956
0
0.0585467
0.387587
0
0.39425
0.398993
0
0.11022
0.04177
0.00507
0
0
0
0.45284
0.388053
0.026
0
0.0595433
0.399633
0
0
0.37049
0.397757
0.00478333
0.0237067
0
0.3522
0
0
0
0.124373
0.104433
0.184243
0
0.0659733
0
0
0
0.0258667
0
0.231543
0
0
0
0
0.179683
0
0
0
0.0105167
0.0332567
0
0
0
0
0
0
0
0.45026
0
0
0
0.0919733
0
0.08513
0
0
0
0.05904
0
0
0
0
0
0
0
0
0
0
0
0.39216
0
0.01257
0
0
0
0
0
0
0.363657
0.382383
0
0
0
0
0.409837
0
0
0
0.05522
0
0
0
0
0
0
0
0.09101
0
0
0
0.03394
0.29036
0
0
0
0
0
0.0391033
0
0
0.411213
0
0
0
0
0
0
0
0
0
0
0.107387
0
0
0
0
0
0
0
0
0.126407
0
0
0.182617
0
0
0.16707
0
0
0
0
0
0
0
0
0
0
0
0
0
0
0.0128333
0
0.0151433
0.0836267
0
0.01046
0
0.0255733
0
0
0
0.02124
0.0847333
0
0
0
0
0.0381633
0
0.0845933
0
0
0.0334533
0.158573
0.02081
0
0
0.0171033
0.117243
0
0
0.04886
0
0
0
0
0.00513333
0.0849767
0.0846333
0.181807
0.0853767
0
0.0382367
0.00502667
0.0856367
0.18191
0
0
0
0
0
0
0
0
0.05621
0
0
0.11782
0.0381333
0.107057
0.183933
0.0851333
0
0
0.174443
0.1783
0.08378
0.00532
0
0.0851933
0.0523133
0
0.04038
0
0.00532
0
0
0
0
0
0
0
0.0847467
0.00978
0.0466433
0
0
0
0.135737
0
0.08437
0.0464533
0
0
0
0.0631867
0.0671
0
0.0548567
0.06504
0.0360767
0.142623
0
0.00526667
0
0
0
0.0955867
0.03888
0.0556033
0.0341733
0.14205
0.02437
0.182913
0.00428333
0.05379
0.00513333
0.05261
0
0
0.0657633
0
0.02635
0.03544
0
0.0849933
0.183313
0.00425
0
0.182457
0
0.136627
0
0
0.0255267
0
0.103457
0.06559
0
0
0.14937
0
0.0466833
0
0.04629
0.0756033
0.05218
0
0
0
0
0.128903
0.05342
0
0
0.00575667
0.0162267
0
0
0
0
0
0.166173
0
0
0.166113
0.0863633
0
0
0
0
0
0.0244467
0
0
0
0
0
0
0
0
0.0228767
0
0.0474367
0
0
0.183233
0.0378467
0
0
0
0.06217
0.03442
0.01949
0
0
0
0
0.0433167
0.107783
0.0727833
0.04352
0
0
0.0115967
0
0
0
0
0
0.14124
0
0.05714
0
0.12051
0
0
0.00487667
0.13068
0
0
0
0
0.0849667
0.05113
0.0757867
0.04157
0
0.0710867
0.07227
0.04132
0
0.159773
0
0
0.0468833
0.0509433
0
0
0.08061
0.05179
0.0472333
0
0.0340167
0.113833
0.01734
0.169723
0.08231
0
0
0.0727433
0.0475867
0.0826433
0.11163
0.14483
0.0531933
0.0350867
0
0
0.0146267
0.0521667
0
0
0.06776
0.206673
0.144793
0.0580433
0.16693
0
0.0482067
0
0.07674
0.155797
0.160033
0.152967
0
0
0.00571333
0
0
0
0.0533367
0.0423333
0.0175567
0
0
0
0
0.139393
0.11831
0.0430467
0.05392
0.06081
0
0.0768667
0
0
0
0.180203
0.11613
0
0
0.05699
0.0307067
0.118183
0.12289
0.13675
0
0.0482767
0.184327
0.0676633
0.125337
0
0.123273
0.130627
0.127897
0
0.139967
0
0.1104
0.08554
0.0818833
0.193233
0
0.0581467
0.0635133
0.04733
0.126127
0.1265
0.14837
0.07192
0.142293
0.0865267
0.0517467
0.0117833
0.131017
0.10974
0.08601
0.0798733
0.0594333
0.0716867
0.00974
0.0391267
0.0452233
0.161447
0.245053
0.117993
0.06242
0.00976
0.0716433
0.0865367
0.0310567
0.201717
0.166273
0.183383
0.129847
0.0420533
0.137303
0
0.0591233
0.184007
0.12235
0.0842133
0.06728
0.19926
0.110813
0.21805
0.152883
0.248943
0.125447
0.0901067
0.163967
0.0860133
0.129183
0.0419467
0.169737
0.12472
0.0309967
0.105717
0.0865067
0
0.208503
0.167397
0.0415033
0.07607
0.16714
0.0728
0.0376667
0.1228
0.24805
0.0776167
0.213313
0.0307167
0.15613
0.213487
0.208133
0.0443833
0.220843
0.157083
0.126097
0.156137
0.109813
0.1369
0.101073
0.176627
0.1805
0.226557
0.242233
0.23581
0.110723
0.03092
0.05531
0.147877
0.146997
0.169827
0.03092
0.0432667
0.0951167
0.0420533
0.18505
0.167177
0.224307
0.02351
0.0327
0.160737
0.0685067
0.147367
0.1946
0.130757
0.0865667
0.145427
0.06122
0.20734
0.195437
0.13957
0.08639
0.102933
0.113743
0.232043
0.174933
0.06535
0.16366
0.117483
0.198827
0.14263
0.02697
0.161103
0.170137
0
0.0306867
0.0400867
0.09026
0.19787
0.1626
0.226863
0.0351967
0.216827
0.160937
0.0973767
0
0.199927
0.181087
0.199267
0.169287
0.04261
0.15614
0.08122
0.151313
0.147163
0
0.110727
0.2323
0.206463
0.13977
0.22828
0.0904433
0.1689
0.23411
0.204807
0.108003
0.0945433
0.184887
0.140823
0.0586933
0.122467
0.205347
0.06418
0.24918
0.16707
0.16069
0.12491
0.159837
0.14072
0.0352767
0.221147
0.198537
0.189013
0.15979
0.167273
0.160187
0.0356
0.134227
0.13316
0.211113
0.188857
0.220467
0.129693
0.228993
0.0309067
0.159857
0.247877
0.110677
0.0394067
0.156207
0.132333
0.160407
0.230237
0.143307
0.05181
0.125617
0.185477
0.1694
0.0307733
0.156377
0.0243233
0.0498767
0.246813
0.160773
0.0636867
0.02665
0.07819
0.134043
0.12837
0.142403
0.06347
0.0626
0.154983
0.160063
0.0938367
0.0415067
0.197593
0.156503
0.130367
0.0309733
0.175903
0.167653
0.0307033
0.16791
0.0352167
