0
0
0.00623
0
0
0
0.01218
0
0
0
0
0
0
0
0.03751
0
0
0
0
0
0.0523967
0
0
0
0
0
0
0
0
0
0.01218
0
0
0
0
0
0
0
0
0
0
0
0
0.05524
0
0
0
0
0
0
0
0
0
0
0
0
0.06836
0
0
0
0.05563
0
0.0172867
0
0
0.0521133
0
0.01858
0
0
0
0
0
0
0
0
0
0
0.00637333
0.05267
0
0
0
0
0
0.0118567
0.0118567
0
0
0
0
0
0.0579167
0
0
0
0
0.0449533
0
0
0.328143
0
0
0
0
0
0
0
0
0
0
0
0.00629667
0
0
0.0798
0
0
0
0
0
0
0.0499
0.0463933
0
0.0177067
0
0.0312
0
0
0
0
0.05314
0
0
0
0
0
0.0623533
0.0555167
0
0.0378167
0
0
0
0.0244367
0
0.0405333
0.0305633
0
0
0
0
0
0.113097
0
0.0567733
0
0
0
0
0.134797
0
0.0672533
0
0
0
0
0.0530233
0
0
0.05692
0
0.0365767
0
0
0
0
0
0
0
0
0.0061
0
0.0571033
0
0
0
0
0
0
0
0
0
0
0
0
0
0
0
0.0711
0
0
0.01218
0
0
0.236547
0.05565
0
0
0.0493033
0.508147
0
0.10714
0
0
0
0
0
0.179627
0
0
0
0
0
0
0.08238
0
0
0
0
0.00630333
0.0102367
0.02047
0.108563
0
0
0
0
0
0
0.0393867
0.02233
0
0.376483
0.107003
0
0
0
0
0
0
0.387777
0
0
0.430097
0.11326
0
0.14379
0.5079
0.0433567
0.222053
0
0
0
0
0
0
0
0.12905
0
0
0.554473
0
0
0
0
0
0
0
0
0
0.714573
0
0.07459
0.02531
0
0
0
0
0
0
0.171373
0
0.07399
0
0
0
0.156467
0
0
0
0
0
0
0
0
0.28543
0
0.0400133
0
0.0274733
0
0
0
0
0
0
0
0
0
0
0
0
0.161933
0.800073
0
0.129047
0
0.320677
0
0
0
0
0
0
0
0
0.05582
0
0.34098
0
0
0
0
0
0
0
0
0
0
0
0
0
0
0
0
0
0
0
0
0
0
0
0
0
0
0
0.0126967
0
0.0126967
0
0.0467167
0.0525467
0
0.04581
0
0
0
0
0
0
0
0
0
0
0
0
0
0
0.01904
0
0
0
0
0
0.571703
0
0
0
0
0.513967
0.64043
0.418293
0
0
0
0
0
0.0260867
0
0
0
0
0
0.724763
0
0
0
0.01964
0.63931
0
0
0
0
0
0
0.0310633
0.628073
0
0
0
0
0
0
0
0.01964
0.154777
0.476693
0
0
0.0519667
0
0.547137
0.0844833
0.0843333
0.0517867
0.0326067
0.0847933
0.626973
0
0
0.42664
0.242003
0.05063
0
0
0
0.594027
0.0390667
0.38551
0.335603
0
0
0
0.36891
0
0
0.685697
0
0.351843
0
0.408283
0
0.0254367
0.0559733
0.0659433
0.0748233
0
0.0372967
0
0
0
0.0749133
0.01909
0
0
0
0
0
0
0
0.433397
0.266973
0
0
0
0
0
0.35566
0
0.0349633
0
0.11712
0
0
0
0
0.0901533
0.0273
0
0
0
0
0
0.0163867
0
0.260877
0.0238133
0.0482133
0.04786
0.366637
0
0
0
0
0
0
0
0
0
0
0
0
0
0
0.162167
0
0
0
0
0
0
0
0
0.0921033
0.0477833
0
0
0
0
0
0.0524767
0
0
0
0
0
0
0
0
0
0
0
0.0201167
0
0
0
0
0.00637333
0
0
0
0
0
0
0
0
0
0
0
0
0
0.197077
0
0
0
0.0189233
0
0
0
0.00634667
0
0
0.0870433
0.0716433
0.0711467
0.111663
0
0
0
0.207167
0
0
0
0
0.42622
0.530203
0
0
0.17522
0.554707
0
0
0.0376133
0
0
0
0
0
0
0
0
0
0
0
0
0.00563667
0
0
0
0
0.410683
0
0
0
0
0
0
0
0
0
0
0.0199833
0
0
0.0202067
0
0
0
0
0
0
0
0
0
0.0202067
0
0
0
0
0.04729
0
0
0.35504
0
0
0
0
0
0
0
0
0
0
0
0
0
0
0
0
0
0
0
0
0
0.44072
0.338073
0.452967
0
0
0
0
0
0.0560833
0
0
0
0
0
0.0490967
0
0
0
0
0
0
0
0
0
0
0
0
0
0.01346
0.364827
0
0
0
0
0
0
0
0
0
0
0
0
0
0.05623
0
0
0.325283
0.394347
0
0.284293
0
0
0.398713
0
0
0
0.159363
0
0
0
0
0
0.0202467
0
0
0
0
0
0
0
0.0500833
0
0
0
0
0
0
0
0
0
0
0.352793
0.0422267
0.02236
0
0.0257667
0.0600133
0
0
0.0334767
0
0.154397
0.02401
0
0.428437
0
0.45591
0
0.136833
0
0.249133
0.36144
0.455827
0.158193
0.4499
0
0.108427
0.150903
0.51052
0.105683
0.238987
0
0
0
0
0
0
0
0
0.0553233
0
0
0
0
0
0
0
0
0.0602567
0
0
0
0.150107
0
0.0664133
0.0789533
0.06591
0.108403
0
0
0
0.0278867
0.0192933
0.0352067
0.109263
0.531547
0.441347
0.223307
0.00628333
0.509253
0.16357
0.13313
0.05204
0.0248667
0.394907
0.0440633
0.156507
0
0.20828
0.0944267
0.09063
0.47992
0.0303667
0
0.0841667
0.07198
0.01971
0
0
0
0.03232
0
0
0.00634333
0
0
0
0
0
0
0.00608
0.01334
0.28704
0
0
0.109843
0
0
0
0
0
0.00628333
0
0.37925
0
0
0
0
0
0
0
0
0
0
0
0
0.41355
0
0
0.2873
0.01904
0.10482
0.383273
0.511347
0.572393
0.0456033
0
0
0
0
0
0
0
0
0.0363933
0.0511533
0
0
0
0
0
0
0
0.0463867
0
0
0.0376333
0.0528733
0
0
0
0.0497033
0
0
0
0
0
0
0
0
0
0
0
0
0
0.247637
0
0
0
0
0
0
0
0.496363
0.195723
0
0
0
0
0
0
0
0
0
0
0
0
0
0
0
0
0
0
0.00634333
0
0
0
0
0
0
0
0
0
0
0
0
0
0
0
0
0
0
0
0
0
0
0.595763
0
0
0
0
0
0
0
0
0.00669333
0
0
0.617977
0
0
0
0
0
0
0
0
0
0
0
0
0.0216867
0
0
0
0
0
0
0.175877
0
0
0
0
0
0
0
0
0
0
0
0
0
0
0.0435167
0
0
0
0
0
0
0
0
0.0250667
0
0
0
0
0
0.2579
0
0.0239167
0.119003
0.0250667
0.4966
0
0.445173
0.234697
0.456347
0
0
0
0
0
0
0
0.38759
0.00866333
0.11529
0
0
0
0
0
0
0
0
0
0
0.244903
0
0
0
0.09471
0
0.316887
0.0802667
0
0
0
0
0
0
0
0
0
0.08156
0.0533233
0.15849
0.05014
0
0
0
0
0
0
0
0
0.104643
0.0495533
0.0977833
0.0670367
0
0.1202
0.0532367
0.09202
0
0.452847
0.0785667
0.8195
0
0.0582467
0.0708267
0.0289833
0.06725
0.0936133
0
0
0.06776
0
0.244727
0
0
0.38303
0.06239
0
0
0
0.380327
0
0.123173
0.168353
0.196403
0.46254
0.100553
0.42512
0
0
0.350093
0
0.450687
0.325637
0
0
0.158937
0.189297
0
0.1341
0
0.162733
0
0
0
0
0
0
0
0
0
0.07372
0.04577
0
0.0457267
0
0
0
0
0
0
0
0
0
0
0
0
0
0
0
0.410117
0.441727
0
0.4493
0.208677
0.495687
0.01254
0.100753
0.0607133
0
0
0.169597
0.36267
0.08441
0.357577
0.10002
0.222833
0.30261
0.246203
0
0.150967
0
0.32694
0
0
0.193703
0.24651
0.22864
0.29709
0.313787
0.243427
0.227883
0.24401
0.02103
0
0
0
0.118047
0.2395
0
0
0.285763
0.186993
0
0
0
0
0
0.321783
0.195673
0.144157
0.0357267
0.242347
0.418803
0.05901
0.20673
0.31936
0
0.403567
0.312277
0.272703
0.248133
0
0
0
0.2943
0
0
0
0.15583
0.39955
0.16075
0.41259
0.236153
0.18029
0.0402167
0.0489167
0.32365
0.34139
0
0.445047
0.03274
0.167953
0.159477
0.21409
0.0128567
0
0
0.00563667
0.132223
0.15622
0.0291733
0
0
0
0
0
0.220637
0
0
0
0
0
0
0
0
0
0
0
0
0
0
0
0
0
0
0
0
0
0
0
0
0
0
0
0
0
0
0
0
0
0
0
0
0
0
0
0
0
0
0.0521133
0
0
0
0
0
0
0
0
0
0
0
0
0
0
0
0
0
0
0
0
0
0
0
0
0.178637
0
0
0.21481
0
0.130077
0.04553
0
0
0.0301367
0.0120667
0.0544933
0
0.141787
0
0
0
0.0939467
0
0.0393733
0
0
0
0
0
0
0
0
0
0
0
0
0.0258267
0
0
0
0
0.414043
0
0
0
0
0
0
0
0.0399833
0.02885
0.0460767
0
0
0
0.16422
0
0
0.27642
0
0
0
0.0953267
0
0
0
0
0.0643267
0
0
0.21301
0
0
0.21476
0.304853
0
0
0
0
0
0
0
0
0
0
0
0
0
0
0.05147
0
0
0
0
0
0
0
0
0.0232033
0
0
0.254853
0.02288
0.01717
0
0.05166
0.05152
0.05145
0.01142
0
0
0
0
0
0.12996
0
0
0.36751
0.0442833
0.353083
0
0.05227
0.0464267
0
0
0
0
0
0.01745
0.01745
0
0
0
0
0
0.353297
0
0.01752
0
0
0
0
0
0
0
0
0
0
0
0
0
0
0
0
0
0
0
0
0
0.135183
0.574663
0.0968967
0
0.34196
0
0.0650767
0.62989
0
0
0.179927
0
0.19298
0
0.579803
0
0
0
0
0
0
0
0
0
0
0
0
0
0
0
0
0
0
0
0
0
0
0
0.0503067
0
0.260703
0.303157
0.626803
0.00721667
0
0
0.00839333
0.00839333
0
0
0
0
0
0
0
0
0
0.0250733
0
0
0
0
0
0
0
0
0
0
0
0
0
0
0.0110267
0
0
0
0
0
0
0
0.294257
0
0
0
0
0
0
0
0
0
0
0
0
0
0
0
0
0
0
0
0
0
0
0
0
0
0
0.08144
0
0
0
0
0
0
0
0
0
0
0
0
0
0
0
0
0
0
0
0
0
0
0
0.03574
0
0
0
0
0
0
0
0
0.04353
0
0
0
0.0118567
0
0.00639333
0.0556633
0.0182833
0.03535
0.0511933
0.11221
0
0
0
0
0
0
0
0.0192433
0
0
0
0
0
0
0
0
0.00638
0
0
0.07432
0
0
0.03683
0
0
0
0
0
0
0
0
0
0.04581
0
0
0.0255133
0
0
0.0101667
0.0101667
0.11226
0.0175933
0
0
0
0
0.0186533
0.0969667
0
0.0971733
0.102587
0
0
0.00639333
0.05197
0.0192
0.05298
0.04335
0
0.0364433
0.06438
0.05618
0
0
0.0353167
0
0
0
0.05589
0.0557167
0
0
0
0
0
0.01792
0
0
0
0.0532767
0.0178033
0
0
0.02975
0
0
0
0.0125667
0
0
0.0532767
0
0
0
0
0
0
0
0
0
0
0
0
0
0
0
0
0
0
0
0
0
0
0
0
0
0
0
0
0
0
0
0.06663
0
0
0
0
0
0
0
0.05045
0
0
0
0
0
0
0
0
0
0
0
0
0
0
0
0
0
0
0.0315333
0.08732
0.0188367
0.01246
0
0
0
0
0
0
0
0.06663
0
0
0
0
0
0
0
0
0.365877
0
0
0
0.249007
0
0
0.102783
0
0
0
0
0
0
0
0.0243867
0.00597333
0
0
0
0
0
0
0.0896767
0
0
0
0.198097
0
0
0.122457
0.0314133
0.0549633
0
0
0
0
0
0
0.01824
0
0.03212
0
0
0
0.0826367
0
0.114513
0.158183
0.0771333
0
0.02892
0.00613667
0.218967
0.183077
0.07161
0
0.0523
0.0194733
0.21137
0.219367
0.05508
0.18313
0.15865
0.0584533
0.213497
0
0.05273
0
0.111077
0.03482
0.0292033
0.0232167
0
0
0
0
0.0358933
0.0516767
0.213477
0.06106
0.0562467
0.00669333
0.0657167
0.0742167
0.0272933
0.03535
0
0.197467
0.0561967
0.0645167
0
0.0318933
0.0379733
0.05604
0
0.0408067
0
0.00571
0
0
0
0
0.0343833
0.09271
0.02729
0.0572567
0.240307
0.0524067
0
0
0.0344567
0.07695
0
0
0
0
0.19015
0.107407
0
0
0.134203
0
0
0
0
0.11423
0
0
0
0
0
0.0196
0.0841733
0
0.0115567
0.15237
0.0343833
0
0.191167
0.0128767
0.0182133
0.0519867
0
0.02624
0
0
0.112653
0.0750133
0.0091
0
0.0517267
0
0
0
0
0
0
0.0354133
0
0
0
0
0
0.02665
0
0.00669333
0
0
0
0.192123
0
0.0774167
0
0
0
0
0
0
0
0
0
0
0.0519867
0
0
0.0523733
0.0186933
0.216427
0.0173833
0.0515733
0.0523233
0.00908
0
0
0.0180367
0
0
0.07336
0.05845
0.03637
0
0
0.0190633
0.0640567
0.0520567
0
0
0
0
0
0
0
0
0
0
0
0
0.0510567
0
0.0244333
0
0.0365367
0
0
0.0353967
0
0.05629
0
0
0
0.01947
0.01767
0
0
0
0.03528
0.07319
0
0.0500067
0
0.03462
0.0521933
0
0
0.0896
0
0
0
0
0.10991
0
0
0
0.05022
0
0
0.0177433
0.01824
0
0.02349
0
0
0
0.0346833
0
0.00623667
0
0
0
0
0.00908
0
0
0
0.188583
0
0.0530033
0
0
0.01765
0.01765
0
0.00613667
0.0175633
0
0.0400133
0.01767
0
0
0.07233
0
0
0
0
0
0
0
0.0173467
0.0512833
0.03496
0
0
0
0.0518833
0
0
0
0.01165
0
0.0352333
0.0174067
0
0
0
0.03587
0.0521733
0.00584
0
0.0382433
0.165153
0
0
0.0972767
0
0.0174367
0
0.0390733
0
0.0124267
0
0
0
0
0
0
0.01877
0.0246933
0
0.0247467
0.145467
0
0.209637
0
0.0569667
0.0172433
0.0295933
0
0
0.261583
0
0.0545167
0.0091
0
0.0346267
0
0
0
0
0
0.136277
0
0.0749367
0.0567633
0
0.14666
0.0570933
0
0.0274767
0
0.01863
0
0.0610467
0
0.0827433
0.03885
0
0.11616
0
0.216437
0
0
0
0.167037
0.0566733
0.0498867
0.0348
0
0
0.02746
0.0323167
0
0.0357167
0.0115567
0.230053
0
0.0511367
0.22542
0
0.0365733
0.0398067
0
0
0.101233
0.17232
0
0.0834467
0.0643567
0
0
0.0182967
0.0976133
0
0
0
0.168573
0
0.14902
0
0
0
0.21627
0
0
0
0.0173633
0
0.0358933
0
0.139137
0.26744
0.00571
0.223533
0
0
0.0636033
0.0753367
0.0466867
0
0.04232
0
0.08333
0
0.265053
0.0410133
0
0
0
0
0
0
0
0
0
0.0173467
0
0
0
0
0
0
0.05792
0
0
0.04604
0.0348367
0.00623667
0
0
0.0521133
0
0.0373233
0.0796733
0.0514433
0.0519467
0
0
0
0
0
0
0.0188333
0
0
0
0
0
0.0571533
0.0837733
0.0582
0
0
0.0573533
0
0
0
0.0646967
0
0
0
0
0.0571367
0
0.196857
0
0.06774
0.0188333
0
0
0
0
0
0
0.240073
0
0
0
0
0
0
0
0.0200633
0
0
0
0.0839567
0
0
0
0.0830433
0
0
0
0
0
0
0
0
0
0
0
0
0
0
0
0.203813
0
0.0396767
0
0
0
0.0125333
0
0.0199667
0
0
0
0
0
0.07499
0
0
0
0.0833167
0
0
0
0
0.0940133
0.0941833
0
0
0
0
0
0.215083
0
0
0
0
0.145053
0
0
0
0
0
0
0
0
0
0
0
0
0
0
0
0
0
0
0
0
0
0
0
0
0
0
0.0196733
0
0
0
0
0
0
0
0
0
0
0
0
0
0
0
0
0
0
0
0
0
0
0
0
0
0
0
0
0
0
0
0
0
0
0.06028
0.0607633
0
0
0
0
0
0
0
0
0
0.0612533
0
0
0
0
0
0
0
0
0
0.0617633
0
0
0.0608133
0.0619467
0.0616433
0
0
0
0.0841867
0
0
0
0.052
0
0.13005
0
0
0
0
0.0204067
0.0612933
0
0
0
0
0
0.0139333
0.00692667
0.0276833
0.00692667
0
0
0
0
0.0199133
0
0
0
0
0
0
0.0131733
0.10716
0
0.0207533
0
0
0
0.0273467
0
0.0204067
0
0.0205567
0.04824
0
0
0
0.00679
0.0476267
0
0
0.0828633
0
0
0
0
0
0
0
0
0
0
0
0
0
0.0597133
0.0122367
0.06957
0.0779367
0
0.0173967
0.00581
0
0
0
0
0
0
0
0
0
0
0
0
0
0
0
0
0
0
0
0
0
0
0
0
0
0
0
0
0
0
0.168547
0.22861
0.132983
0
0
0
0.0268167
0.08941
0.233633
0
0
0.297927
0
0
0
0
0
0
0
0
0
0
0
0.0196
0
0
0
0
0
0
0.0139333
0
0
0
0
0
0
0
0
0
0
0
0
0.0578333
0
0
0
0
0
0
0
0.0527033
0
0
0
0
0
0
0
0
0
0
0
0.09745
0
0
0
0
0.06054
0
0.0601667
0
0
0
0
0
0
0
0.0202133
0
0
0
0
0
0
0
0
0
0.0199667
0
0
0
0
0
0
0.0407367
0
0.06704
0.0441333
0.656443
0
0.0369167
0
0
0
0
0
0
0
0
0
0
0
0
0
0
0
0
0
0
0
0
0
0
0
0
0
0
0
0
0
0
0
0
0
0
0
0.00728667
0
0
0
0
0
0
0
0
0
0
0
0
0
0
0
0
0
0
0
0
0
0
0
0
0
0
0
0
0
0
0
0
0
0
0
0
0.0811633
0
0
0
0
0
0
0.0350967
0
0.105033
0
0
0.11728
0
0
0
0
0
0
0
0
0
0
0
0
0.02064
0
0
0
0
0
0
0
0.00721667
0.401947
0.0404567
0.0153033
0.26377
0.10058
0.152127
0
0
0.505717
0.124507
0.10874
0
0
0
0
0
0
0
0
0
0
0
0
0
0
0
0.10238
0
0
0
0.0306867
0
0.01294
0.04572
0
0.05187
0
0
0.0383167
0
0
0
0
0
0
0
0
0
0
0
0
0
0
0
0
0
0
0
0
0
0
0
0
0
0
0
0
0
0
0
0
0
0
0
0
0
0.0516433
0
0
0
0
0
0
0
0.01311
0
0
0.03237
0
0.35775
0
0.0253633
0
0
0
0.0583333
0.191907
0
0.19612
0.230983
0
0
0
0
0
0.455503
0
0
0
0
0
0
0.04839
0
0.00559667
0.18278
0
0.0225967
0.0279033
0.03903
0.446133
0.253797
0.0167567
0.0525133
0.0636467
0
0
0
0
0
0
0
0
0
0
0
0.0938033
0
0
0
0
0
0
0
0
0.0542633
0
0
0
0
0
0
0
0
0
0
0
0
0
0
0
0
0.0832733
0
0.178593
0.254193
0
0
0
0
0
0
0
0
0
0
0
0
0
0
0
0
0
0
0
0
0
0
0
0
0
0
0
0
0
0
0
0
0.0381567
0.489337
0.0446033
0.0905267
0
0.526677
0
0
0.483007
0
0
0.00815
0
0.00560667
0.403143
0
0.03386
0.260633
0.29736
0.183587
0
0.197697
0.210767
0.305777
0.24617
0.453003
0.0691667
0.0928733
0.11629
0.2265
0.785857
0.125907
0.28751
0.16061
0.349627
0.03386
0.249823
0
0
0.0336567
0
0
0
0
0.0387567
0
0
0
0
0
0
0
0
0
0
0
0
0
0.43264
0
0
0.0861067
0.0508567
0.179427
0.840577
0
0
0
0
0
0
0
0
0
0.618213
0
0
0
0.682793
0.603687
0.619043
0
0
0.02405
0
0
0
0
0.4062
0
0
0
0
0
0
0.05151
0.0110267
0
0.316413
0.36297
0.0501367
0
0
0
0
0
0
0
0
0
0
0
0.0109133
0
0
0
0
0
0
0
0
0
0
0
0
0
0
0
0
0.0061
0
0
0
0
0
0
0
0
0.04889
0
0
0
0
0
0
0
0
0.0824667
0
0
0
0
0
0
0
0
0
0
0
0
0
0
0
0
0
0
0
0
0
0
0
0
0
0
0
0
0
0
0
0
0
0
0
0
0
0
0
0
0
0
0
0
0
0
0
0
0
0
0
0
0
0
0
0
0
0
0
0
0
0
0
0
0
0
0
0
0
0
0
0
0
0
0
0
0
0.0182833
0.05534
0.00623
0
0
0
0
0
0
0
0
0
0
0
0
0
0
0
0
0
0
0
0
0
0
0
0
0
0
0
0
0
0
0
0
0.0191767
0.182303
0
0
0.0606833
0
0
0
0
0.0131533
0.0399967
0.0131533
0.02024
0
0
0
0.0739033
0.28792
0.01263
0
0
0.0402433
0
0
0
0
0.0588467
0.0856167
0.10618
0.369807
0
0.0976533
0.113673
0
0.114107
0.15535
0.135287
0
0.183807
0.16484
0.120487
0.0799
0.08023
0
0
0
0.0571733
0
0
0.02059
0
0.0618267
0
0
0
0
0
0
0
0
0
0
0
0.25026
0
0
0
0
0
0
0
0
0
0
0
0.01341
0
0
0
0
0
0
0
0
0
0
0
0
0
0
0
0
0
0
0
0
0
0.0605
0
0
0
0
0
0
0
0
0
0
0
0
0
0.02059
0
0
0
0
0
0
0
0
0
0
0
0
0
0.0530333
0
0
0
0.0515533
0
0.0331567
0.0194033
0
0
0
0
0
0
0
0.01258
0
0.0134667
0.05204
0.0721
0.0191767
0
0
0
0
0.47803
0
0.0443367
0.150507
0.0492833
0.26336
0.12027
0
0.10144
0.0388233
0.0357433
0.0869267
0
0
0
0
0
0
0.0248667
0.0361933
0
0
0
0.02329
0
0
0.0385733
0
0.0181667
0
0.0612633
0.0520167
0.0521733
0
0
0
0
0
0
0.0330633
0
0
0
0
0.0182133
0.0364733
0
0.283003
0
0
0
0
0
0.0489233
0.0549633
0
0.0547833
0
0
0
0
0
0
0
0
0
0
0
0
0
0
0.17349
0
0
0
0
0.0483433
0.0302333
0.0181667
0.0542767
0.0364233
0
0
0.0181233
0
0
0
0
0
0
0
0
0
0
0
0
0
0
0
0
0
0.201483
0.0860767
0.1723
0
0
0
0
0
0
0
0
0
0
0
0
0
0
0
0
0
0
0
0
0
0
0
0
0
0
0.142577
0
0
0.00621333
0
0
0
0.0427667
0
0
0
0
0
0
0
0
0
0
0
0
0
0
0
0
0
0
0
0
0
0.0577267
0
0.0347667
0
0.0523533
0.0565967
0
0
0
0.0531233
0.06487
0.0498733
0.04002
0.128827
0.102467
0.14603
0.03195
0
0
0
0
0
0
0
0
0
0
0.03497
0
0
0
0
0
0
0
0
0.05149
0
0
0.0736667
0
0
0
0.01752
0
0
0
0
0
0
0
0
0
0
0.04066
0
0
0
0
0
0
0
0
0
0
0
0
0
0
0
0
0
0
0.05184
0.0349067
0
0
0
0
0
0
0
0
0
0
0
0
0
0
0
0.01579
0
0
0
0
0
0
0
0
0
0.615707
0
0
0.22436
0
0.655047
0
0
0
0
0
0
0
0.0520933
0
0
0.190117
0
0
0
0
0.0128633
0
0
0
0
0
0
0
0.112483
0.18643
0.228813
0
0
0
0
0
0
0.31116
0
0
0
0
0
0
0
0
0
0
0
0
0
0
0.373237
0
0
0
0
0
0
0
0
0.433837
0
0
0
0
0
0
0
0
0
0.00648667
0
0
0.0451633
0.175
0
0.0470433
0.248083
0.0332467
0
0.289227
0.28856
0
0.290133
0.389937
0
0
0
0
0.108237
0
0.303583
0
0.390443
0.08386
0.16916
0
0.0588867
0.0840933
0
0
0.0436733
0.10249
0
0.0555967
0
0.0557
0.0443033
0
0
0
0
0
0.575003
0
0.0323267
0
0
0
0
0.15633
0.106517
0
0
0
0
0.4824
0
0
0
0
0.482953
0
0
0
0
0
0.0791533
0
0
0
0
0
0
0
0
0
0
0
0
0
0
0
0
0
0.140457
0
0
0
0
0
0.06739
0
0
0
0
0
0
0
0
0
0
0
0
0
0
0
0
0
0
0
0
0.0122633
0.0122633
0.01899
0
0
0
0
0
0
0
0
0
0.0182567
0
0
0
0
0
0
0
0
0
0
0
0
0
0
0
0
0
0
0
0
0
0
0
0
0
0
0
0
0
0
0
0
0
0
0.00656333
0.0197433
0
0
0
0
0
0
0
0
0
0
0
0
0
0
0
0
0.0584067
0
0
0
0
0
0
0
0
0
0
0
0
0
0
0
0
0
0
0
0
0.01911
0
0
0.142497
0.0678033
0
0
0
0
0.16237
0
0.0174367
0
0
0
0.03907
0.19876
0
0
0
0
0
0
0
0
0
0
0
0
0
0
0
0
0
0
0
0
0
0
0
0
0
0.0393867
0
0.00656333
0
0
0
0
0
0.00571
0.0285533
0
0
0
0
0
0.05142
0
0
0
0
0
0
0
0
0
0
0
0
0
0
0
0
0
0
0
0.173857
0
0.03753
0.0192833
0
0
0
0
0.0172
0
0
0.102753
0
0
0
0.0132133
0
0
0
0.0579333
0.0386867
0
0
0
0
0
0
0
0
0.153987
0
0
0
0
0
0
0
0
0
0
0
0
0
0
0.05955
0
0
0
0
0
0
0
0
0.0182567
0.00613667
0
0
0
0
0
0.0202133
0
0
0
0
0
0
0
0
0
0
0.0309833
0
0
0.0398567
0.0597033
0
0
0
0.05963
0
0.0547767
0
0.0528333
0.197623
0.0671433
0.0761333
0.0456667
0
0.0425567
0.02734
0.0102
0.10572
0
0
0
0
0
0
0
0
0
0
0
0
0
0
0
0
0.122227
0
0
0
0
0.0720167
0
0.09937
0.05615
0.06034
0
0
0
0
0
0
0
0
0
0
0
0
0
0
0
0
0
0
0
0
0
0
0
0
0
0
0.0608733
0.0611667
0
0
0
0
0
0
0
0.0122367
0
0
0
0
0
0
0.0129667
0.0202133
0.23658
0
0.442543
0
0.126337
0.21535
0.100183
0.100067
0.100447
0
0
0
0
0
0.24965
0.54805
0.21043
0.2376
0
0
0
0
0.0575
0
0.268487
0.21285
0.44114
0.15404
0.227713
0.0323233
0
0
0.01311
0
0.531873
0
0
0
0.24142
0
0.07871
0
0
0
0
0
0.132457
0
0.21866
0.558453
0.05722
0.0726
0
0.27511
0.05689
0
0.331547
0.06262
0.261607
0.167857
0.349507
0
0.137273
0.173297
0.338143
0
0
0.41037
0
0
0
0
0
0
0
0.541913
0
0
0
0
0
0
0
0
0.44835
0.184573
0
0
0.615067
0.0249833
0.524547
0.05793
0.49888
0
0.10637
0.0129667
0
0
0.2732
0.233777
0
0
0
0.231087
0.478313
0.0689433
0
0.293213
0.219467
0.0381433
0
0
0
0
0
0.0129667
0
0
0
0
0
0
0.0516933
0
0
0
0
0.0470067
0
0.03856
0
0.0573467
0.0364733
0
0
0.0839267
0
0
0
0
0
0
0
0
0
0
0
0
0.0607633
0.0604167
0
0
0
0
0.0274767
0
0
0
0
0
0.445227
0.0129667
0
0
0
0
0
0
0
0
0
0
0
0
0
0
0
0.37912
0
0
0
0
0
0
0
0
0
0
0
0
0
0
0.0274833
0
0
0
0
0
0
0.0257533
0
0
0
0
0.578283
0
0
0
0
0
0
0
0
0
0
0.447393
0
0
0
0
0.517837
0
0.151173
0.396973
0.0311933
0
0
0
0.18616
0
0
0
0
0
0
0
0
0.05856
0
0
0
0
0
0
0
0
0.00638
0.484223
0
0
0.50722
0.0405367
0
0.456177
0
0
0
0.546357
0
0.0190633
0.503383
0.0338
0.33509
0.00670667
0
0
0.00670667
0
0
0
0.334607
0
0.277357
0
0
0.267107
0
0
0
0
0
0
0
0.38357
0
0.393137
0
0
0
0
0
0
0.646693
0.1
0.379397
0
0.460723
0
0.0908533
0
0
0
0
0
0.477783
0
0.475483
0
0.535367
0.337263
0.00670667
0.118177
0.45764
0.412837
0
0
0.183297
0
0
0
0
0
0
0
0
0
0.49651
0
0
0.09332
0
0
0
0
0
0
0
0
0
0
0.0197867
0
0
0
0
0
0
0
0
0
0
0
0
0
0
0
0
0.0122633
0.0245
0.04285
0.35365
0.0547967
0
0
0
0
0
0
0
0
0
0
0
0
0
0
0
0
0.0621067
0
0
0
0.00609667
0
0
0
0
0
0
0.0115333
0
0
0
0
0
0.0555667
0
0
0.0552467
0
0
0
0
0
0
0
0
0
0
0.0553033
0.0431833
0.0553067
0.0554933
0
0
0
0
0
0
0
0
0
0
0
0
0
0
0
0
0
0
0
0.0374
0.0743933
0
0
0
0
0
0
0
0.0555
0
0
0
0
0
0
0
0
0
0.0357533
0
0
0
0
0
0
0.0475833
0
0
0
0.0712167
0
0
0
0
0
0
0
0
0.0175233
0
0
0
0.0247467
0
0
0
0
0
0
0
0
0
0
0
0
0
0
0
0
0
0
0
0
0
0
0
0
0
0
0
0
0
0
0
0
0
0
0
0
0
0
0
0
0
0
0
0
0
0
0.04293
0
0
0
0
0
0
0.0119333
0
0
0
0
0
0
0
0
0.03493
0.03083
0
0.0244933
0
0
0.0119333
0
0
0
0
0
0.0661267
0
0
0
0
0
0
0
0
0
0
0
0
0
0
0.0119467
0
0
0
0
0
0
0
0
0
0.0119333
0
0
0.02799
0
0.0737933
0
0.16452
0.164567
0
0
0
0
0
0
0
0
0.575117
0
0
0
0
0
0.173757
0
0
0
0
0
0
0
0
0
0
0
0
0
0
0
0
0.02254
0.114607
0
0
0
0
0
0.0182833
0
0
0
0
0
0
0
0.05538
0
0
0
0
0
0
0
0
0
0
0
0
0
0
0.0114
0
0
0
0
0
0.381747
0
0
0
0.274333
0.0561733
0
0
0
0
0
0
0
0
0
0
0
0
0
0
0
0.0685133
0
0.406007
0
0
0
0
0
0
0.24164
0
0
0.23834
0
0.14129
0
0.57521
0
0
0
0.622067
0.6183
0
0
0
0
0
0
0
0
0
0
0
0.10781
0
0
0
0.0523167
0
0
0.0743967
0
0
0.0061
0
0
0
0
0
0
0
0
0
0
0
0
0.421133
0.236
0
0
0
0
0
0
0
0
0
0
0
0.0179067
0.0469667
0
0
0
0
0
0.0186967
0
0
0
0
0
0
0
0.0275033
0
0
0.0518933
0
0.0181967
0
0
0
0
0
0
0
0.0795367
0
0.374993
0.50184
0.06895
0
0.25025
0.03287
0.0434
0.0189733
0
0.0153333
0
0
0
0
0.294103
0
0
0
0
0
0
0
0
0
0
0
0
0
0
0
0
0.0550267
0
0
0.0182867
0.0178
0
0
0
0
0
0
0
0
0.06805
0
0
0
0
0
0
0
0
0.0551767
0
0
0
0
0
0
0
0
0
0
0
0
0
0
0
0
0
0
0
0
0.0528567
0.0533033
0.0531633
0
0
0
0
0
0
0
0
0.01527
0
0.0152933
0
0
0
0
0
0
0
0
0
0
0
0
0.20841
0.00760667
0.738123
0
0.00566667
0.02736
0.04958
0.0498433
0
0.397107
0.186377
0.29841
0.238007
0.41623
0
0.486
0.447573
0.0163867
0
0.558283
0.0501967
0.47791
0.156843
0
0
0.516173
0.539073
0.124587
0.0238133
0
0
0.205913
0
0.0304333
0.321493
0
0
0
0
0.437147
0
0
0
0.0647667
0.296283
0.00815
0
0.378247
0.236183
0.524197
0
0
0
0.57312
0
0
0
0
0.124523
0.23787
0.0907967
0.126153
0.0737733
0.37923
0
0
0
0
0
0.00660667
0
0
0
0
0
0
0
0
0
0
0
0
0
0
0.0111167
0.0221433
0.0440867
0.159067
0.04388
0.04382
0.00566667
0
0
0
0.0385067
0
0.0240633
0
0
0
0
0.426743
0.114453
0
0
0
0
0
0
0
0
0
0
0
0
0
0
0
0
0
0
0
0
0
0
0
0
0
0
0
0
0
0
0
0
0
0
0
0
0
0
0
0
0
0
0
0
0
0
0
0.49111
0.338647
0.0256833
0
0
0
0
0
0
0
0
0
0
0
0
0
0
0
0
0
0.0881767
0
0
0
0.478667
0
0
0
0
0
0
0
0
0
0.01294
0
0
0
0
0
0
0
0
0
0
0
0
0
0
0
0.0215833
0
0
0
0
0
0
0
0
0
0
0
0
0
0
0
0
0
0
0.0190733
0
0
0
0
0
0
0.0386367
0.0192433
0
0
0.0958633
0
0.0255233
0
0
0
0
0.03822
0
0
0
0
0
0
0
0
0
0
0
0
0
0.303533
0
0
0
0.256467
0
0
0
0
0
0
0
0
0
0
0
0
0
0
0
0
0
0
0
0
0
0
0
0
0
0
0
0
0
0
0
0.31301
0.398357
0
0
0
0
0
0
0
0
0
0.0555233
0.06771
0
0
0.0678267
0.116557
0.03838
0.587297
0
0
0
0
0
0
0.18556
0.00678333
0
0
0
0
0.17545
0.242973
0
0
0
0
0.0347
0
0
0.10018
0.0347
0.175263
0.0684467
0.102333
0
0
0
0
0
0
0
0
0
0
0
0
0
0
0
0
0
0.249787
0
0.156987
0
0.69019
0
0.0811133
0.376163
0.127967
0
0
0.11307
0
0
0
0
0
0
0
0
0
0
0
0
0
0
0
0
0
0
0
0
0
0
0
0
0
0
0
0
0
0
0
0
0
0
0
0
0
0
0
0
0
0
0
0
0
0
0
0
0
0
0.35884
0
0
0.489603
0
0
0
0.156223
0.32055
0
0
0
0
0
0
0.0128633
0.131823
0
0
0.356993
0.01272
0
0.00633667
0.0448
0.0256667
0.612447
0.3325
0
0.695273
0
0
0
0
0
0
0.605973
0
0
0
0
0
0
0
0
0
0
0
0
0
0
0
0.0600633
0
0
0
0.0182
0.316163
0
0
0.0180933
0.0362933
0
0
0
0.0542533
0.106587
0
0
0
0
0.449653
0.04044
0.05609
0.0175233
0.470163
0.0409533
0
0
0
0
0
0.250113
0
0
0.01346
0
0
0
0
0
0
0
0
0.0441733
0
0
0.09575
0.110573
0.108073
0
0
0
0
0
0.0771033
0
0
0
0
0.0102333
0.0455033
0.0305367
0.0455933
0.0577433
0.04567
0.116193
0.103407
0.0906667
0.0695067
0.17802
0
0.0969167
0.0882367
0
0.106847
0.120277
0.0378767
0.0245633
0
0
0.00838
0.210193
0.48194
0
0.45159
0.0658633
0.324347
0.126543
0
0
0.0312967
0.0829333
0.03627
0.0943633
0.04897
0.0435733
0
0
0
0
0
0.107083
0
0.0512067
0.05614
0
0.01885
0
0
0
0
0
0.29546
0.12413
0.0560433
0
0.0630067
0
0.0701067
0.27758
0.0877533
0
0
0
0.07575
0.05802
0.406523
0
0.231203
0
0
0
0
0
0.0688567
0
0
0
0
0
0
0
0
0
0
0
0
0
0
0
0
0
0
0
0
0
0
0
0
0
0
0
0
0
0
0
0
0
0
0
0
0
0
0
0
0
0
0
0
0
0
0
0
0
0
0
0
0
0
0
0
0.01254
0
0
0
0
0
0
0
0
0
0
0
0
0.0140333
0
0
0
0
0
0
0.0210633
0
0.10554
0.13554
0.207973
0
0
0
0
0
0.548553
0
0
0
0
0
0
0
0
0.470977
0
0
0
0
0
0
0
0
0
0
0
0
0
0
0
0
0
0
0
0
0.0496
0
0
0
0.01885
0.21289
0.103173
0
0.162227
0
0.510347
0.369547
0.348193
0
0.0166867
0.01116
0
0
0
0
0.0573333
0
0
0.03445
0.0899667
0
0
0
0.139413
0.0820633
0.0199167
0
0
0
0
0.04013
0.0702767
0
0.0768833
0
0
0
0
0
0
0
0
0
0
0
0
0
0
0
0.01899
0.0543267
0
0
0
0
0
0
0
0
0.05991
0
0.05538
0.0549433
0
0
0
0
0
0
0
0
0
0
0
0
0.335373
0.308443
0.07601
0.0577367
0.0577733
0
0.350743
0.3023
0.373277
0
0
0.200083
0
0
0
0
0.599803
0
0
0.149717
0
0.800533
0.0260867
0
0
0
0
0
0
0
0.0548567
0
0.0544233
0
0.01985
0
0.0132133
0
0
0
0.0264267
0
0
0.0942733
0
0
0.0546533
0
0.0116067
0
0.111197
0.0482467
0
0.171947
0.0547467
0.0172067
0.0893133
0.05443
0.0543567
0.0543467
0.0546267
0.0545967
0.189213
0.0544567
0.05449
0.0749533
0
0.0888233
0.10969
0.05451
0.06853
0
0
0.0181233
0
0
0
0
0
0.05463
0
0.0363367
0
0
0
0
0
0
0
0
0
0
0
0
0.0757667
0
0
0
0
0
0
0
0
0
0
0
0
0
0
0
0.0590667
0
0
0
0
0
0
0
0
0
0
0
0.2158
0
0
0
0
0
0
0
0
0
0
0
0
0
0
0
0
0
0
0
0
0
0
0
0
0
0
0
0
0
0
0
0
0
0
0
0
0
0
0
0
0
0
0
0
0
0
0
0
0
0.353413
0
0
0
0
0
0
0
0
0
0.352997
0.0376233
0
0
0
0
0.03622
0
0.0505667
0.0498833
0.33024
0.102683
0
0.0945967
0
0
0
0
0
0
0
0
0
0.476793
0
0
0.188487
0
0.594677
0
0
0
0
0
0
0
0.355173
0
0
0
0
0
0
0
0
0
0
0.03779
0.494887
0.172133
0.11993
0.0820933
0.107327
0.375897
0.0188633
0.0625733
0.03793
0.289967
0.0553133
0.34857
0.508613
0.0743633
0
0
0
0
0
0.0519133
0.01465
0
0
0
0.0440467
0
0.0219367
0
0
0
0.0682833
0.0688067
0.0189233
0.0314633
0
0.08713
0.05036
0.135147
0
0.0785233
0
0
0.441203
0
0
0
0
0.09613
0
0
0.0871567
0
0.06849
0
0
0.52216
0.01254
0.01254
0
0.00678333
0.0270233
0
0.0528967
0
0.0406833
0
0
0
0
0.0331467
0
0
0.0824767
0
0
0
0
0
0.00634667
0
0
0.00634667
0
0
0
0
0
0
0
0
0
0
0
0
0
0
0
0
0
0
0
0
0
0.0379067
0
0.05174
0.0322567
0.0935367
0.05645
0
0
0.0564067
0.0835233
0.08363
0
0
0
0
0.174637
0.249683
0.4107
0.165477
0
0.4252
0
0.0978567
0
0.0941033
0.03341
0.0743
0.484663
0
0.113857
0
0.07541
0.0195867
0.08094
0.380517
0
0.0483333
0.14105
0.0497333
0.0726733
0
0
0
0
0
0
0
0
0
0
0
0
0
0
0
0
0
0
0
0
0
0
0
0.413517
0
0.0203567
0
0
0
0.0510133
0
0
0
0
0
0
0
0
0
0
0
0
0
0
0
0
0
0.0574433
0
0
0
0.00609667
0.0555067
0
0.0740833
0.0432067
0
0
0
0
0
0
0
0
0
0
0
0
0
0
0
0
0
0
0
0.10241
0.111563
0
0
0
0
0.04599
0.0648567
0.0458667
0
0
0
0
0
0.21157
0
0
0
0
0
0
0
0
0
0
0
0
0
0
0
0
0
0
0
0
0
0
0
0
0
0
0.202803
0
0
0
0
0.53254
0
0.30206
0
0
0
0
0.02204
0
0
0
0.0949667
0.146903
0.0754733
0
0
0.682237
0
0
0
0
0
0
0.0611667
0.05186
0
0
0.59033
0
0
0
0
0
0
0
0.0222833
0.0298033
0
0
0
0
0
0
0
0
0
0
0
0
0
0
0
0.00895667
0
0.345753
0.39363
0.210427
0
0.100833
0.39086
0.10052
0.0870467
0.08021
0.19807
0.16233
0.0801433
0.0444
0.318393
0
0
0
0
0
0
0.35651
0
0.02173
0.422713
0
0
0.355577
0
0.0975633
0.0334567
0.0167267
0.0505567
0.0601733
0
0
0
0
0.0564567
0.0936333
0.46923
0.472957
0.380197
0.06058
0.182223
0.0741867
0.404577
0.198087
0.436167
0.511677
0.45369
0.266747
0.550377
0.438417
0.43153
0.120793
0.44036
0.36773
0.344517
0.33122
0.21401
0.0508633
0.378767
0.12345
0.41359
0.49153
0
0.454473
0.0345467
0
0.0381233
0.237853
0.25207
0
0.0562867
0
0.0266033
0.3864
0.38051
0.05001
0.107233
0
0.347103
0.41172
0
0.11073
0
0
0
0
0
0
0
0
0
0
0
0
0.04151
0
0.0573467
0
0
0
0
0
0
0.0305233
0.01204
0.0462267
0.02302
0
0
0
0
0
0.0199933
0
0.213633
0
0
0.00728667
0
0
0.107117
0
0.219637
0.10619
0.132873
0
0
0
0
0
0
0
0
0
0
0
0
0
0
0
0.0224333
0.11441
0.146217
0.146693
0.145483
0.067
0.15477
0
0
0
0
0
0.1418
0
0.0293267
0.306337
0.383053
0
0
0
0
0.18635
0.02236
0.12804
0
0.0515367
0
0
0.02204
0
0.0515667
0
0.0516367
0
0
0
0
0.274873
0
0
0
0
0.35118
0
0.40824
0.128773
0
0
0.03457
0
0.0612867
0
0
0.0412267
0
0
0
0.0599767
0
0
0
0
0
0
0
0
0
0.70721
0
0
0
0.10924
0
0
0.0513667
0.0895367
0
0
0
0
0
0
0
0
0
0
0.02513
0
0
0
0
0
0
0
0
0
0
0
0
0.0255733
0.03833
0
0
0
0
0
0
0
0
0
0.0428733
0
0
0
0
0.494543
0.22955
0.0598133
0
0
0
0
0
0
0
0
0
0
0
0
0.141037
0
0
0
0
0
0
0
0
0.0307567
0.0682233
0.0240633
0
0
0
0
0
0
0.275047
0
0
0
0
0.0726267
0.604597
0
0.00839333
0.0660633
0
0
0
0
0
0
0
0.0520267
0.205967
0
0
0
0
0
0
0
0.0125667
0
0
0
0
0.07418
0.01447
0.0430167
0.0977367
0.0413533
0.0716167
0.0641833
0.11676
0
0
0
0.05669
0
0
0
0
0
0.03467
0.0582
0
0.0373267
0
0
0
0
0
0
0
0
0
0
0
0.0661267
0
0
0
0
0
0.0557467
0.05597
0
0
0
0
0
0.0739967
0
0
0
0
0
0
0
0.0557967
0.0312633
0.0428633
0.0248433
0.05601
0.00656333
0
0
0
0
0
0
0
0
0
0
0
0
0.05531
0.0553333
0
0
0.0434167
0.0482767
0
0.0578167
0.04552
0
0
0
0.168933
0.0718333
0
0.129827
0.167207
0
0
0
0.485313
0.0250733
0
0
0
0
0
0
0
0
0
0
0
0
0
0.09454
0.406803
0.00556667
0.371817
0.293493
0.374937
0.00619
0.14313
0
0
0.126517
0
0
0
0
0
0
0
0
0
0.222403
0
0
0
0
0
0
0
0
0
0.0886867
0.0958767
0.0253833
0.0636233
0
0.03816
0.0380767
0
0
0.0406833
0
0
0
0.131783
0
0
0
0
0
0.00737333
0.0220233
0
0
0.0253033
0
0.0310133
0
0
0.0475467
0
0
0
0.0874433
0
0
0.01283
0.0756367
0.0320367
0
0
0
0
0
0
0
0
0
0
0
0
0
0.0194733
0.0980467
0.0860833
0.109303
0
0
0.0405033
0.05153
0
0
0.0515967
0
0.0514133
0.061
0
0.0609833
0
0.0343233
0.0514633
0
0.05291
0
0
0
0
0
0
0
0
0
0
0
0
0
0
0
0.0577333
0
0
0
0
0.0584233
0
0
0
0
0
0
0
0
0
0
0
0
0
0
0
0
0
0.10923
0
0
0
0.06751
0
0
0.05034
0
0
0
0.287317
0.130153
0.248923
0
0.0595067
0
0.0196733
0
0
0.0346867
0
0
0
0
0
0
0
0
0.0268533
0.06016
0.250037
0.33177
0.432767
0.180697
0.121013
0
0
0
0
0
0
0
0
0
0
0
0.0265833
0
0
0.36928
0
0
0
0
0
0
0.00595667
0
0
0
0
0
0.00648667
0.0322267
0
0
0
0
0
0
0
0
0
0.00638
0
0.0575067
0.02588
0.0576267
0.0582133
0
0.05789
0
0
0.0577067
0.03898
0
0
0
0
0
0
0.01318
0
0
0
0
0
0
0
0
0
0
0
0
0
0
0
0
0
0
0
0
0
0
0
0
0.00618
0.0247967
0.0755967
0
0
0
0
0
0
0
0
0
0.00667
0.0406533
0
0
0
0
0
0
0
0
0
0
0
0
0.0197133
0
0.00667
0.0594933
0.00667
0
0
0
0
0
0
0
0
0
0
0
0
0
0
0
0
0.0200633
0
0
0
0
0
0
0
0
0
0
0
0
0
0
0
0
0
0
0
0
0
0
0
0
0
0
0
0
0
0
0
0
0
0
0
0
0
0
0
0
0
0
0
0
0
0
0
0
0
0
0
0
0
0
0
0
0
0
0.164933
0.13857
0.0579667
0
0
0
0
0.02588
0
0.0580733
0.0260767
0.0585667
0
0
0
0
0
0
0
0
0
0
0
0
0
0
0
0
0
0
0
0
0
0
0
0.05721
0
0
0
0
0
0
0
0
0
0
0
0.00629667
0
0
0
0
0
0
0
0
0
0
0.00629667
0
0
0
0
0
0
0
0
0
0
0
0
0
0
0
0
0
0
0
0
0
0
0
0
0.27536
0.140897
0.346853
0.0556833
0.00866333
0.453493
0.0228067
0.11875
0
0
0
0.0521133
0.01938
0.0515233
0.03067
0
0.0680567
0.0506267
0
0
0
0.54846
0.737003
0
0
0.594047
0.499263
0
0.03935
0
0
0
0.04506
0
0.58648
0.0326067
0
0.262607
0
0.69886
0.694027
0
0.00566667
0.00566667
0.0377133
0
0
0
0
0
0.0651
0.521473
0
0
0
0.05993
0
0.0659033
0
0
0
0
0
0
0
0
0.20571
0.522867
0
0
0
0
0
0
0
0
0
0
0
0
0
0
0
0
0
0
0
0
0
0
0
0
0.11593
0.0792667
0.1133
0.18686
0.10912
0.137487
0.07219
0
0
0
0.01743
0
0
0
0
0.0525567
0.0527567
0
0.05703
0.03739
0
0.04605
0
0
0
0
0
0
0.53703
0
0
0
0
0
0.00571
0
0
0
0
0
0
0
0
0
0.0696333
0
0
0
0
0
0.0116067
0
0
0
0
0
0
0.0116067
0.0291267
0.03209
0.02894
0
0.0174067
0.01289
0
0.01289
0.626947
0
0.447273
0
0.00618
0
0
0
0.00618
0.0368167
0.05628
0.0247467
0
0.0249633
0.02448
0
0.314397
0.435447
0
0.100457
0.133923
0
0
0
0
0
0
0
0
0
0
0
0
0
0.308947
0.25419
0.145017
0.183303
0
0
0
0
0.0549567
0.0273767
0.0191333
0
0
0
0
0
0
0
0
0
0
0
0
0
0
0
0.0858167
0
0.38819
0.260407
0
0
0
0
0
0
0
0
0
0
0
0
0
0
0
0
0
0
0
0.02059
0.0734
0
0
0.0743967
0.07373
0.0139333
0
0
0.0196733
0
0
0
0
0
0
0
0
0
0
0
0
0
0
0
0
0
0
0.02024
0
0.01263
0.05174
0
0
0
0
0.00583333
0
0.13084
0
0
0.00583333
0
0.0275033
0.0550833
0
0.00583333
0
0
0
0
0.0290933
0
0
0
0.01762
0
0.05226
0.0295867
0
0
0.0128633
0
0.0573467
0.0125533
0.0306267
0.0153333
0.0933267
0.0525967
0.0522833
0.0354967
0
0.04599
0.04593
0
0
0
0.0189667
0
0
0
0
0
0
0.05498
0
0.0125033
0.0199167
0
0.343877
0
0
0
0
0
0
0
0
0
0
0
0
0
0
0
0
0
0
0
0.05757
0.0574133
0
0
0
0
0.00616667
0
0
0
0
0
0
0
0
0
0
0
0
0
0
0
0
0
0.0216233
0.0743767
0
0
0
0
0
0
0
0
0
0
0
0
0
0
0.0368267
0
0
0
0
0
0
0
0
0
0
0.00609667
0
0
0
0
0
0
0
0.391557
0
0
0
0
0
0
0
0
0
0
0
0
0.208343
0
0
0
0
0
0
0
0
0
0
0
0
0
0
0
0
0
0
0
0
0
0
0
0
0
0.372663
0.19698
0
0
0
0
0
0
0
0
0
0.0246167
0
0.284253
0.13722
0
0
0
0
0
0
0
0
0
0
0
0
0
0.333497
0
0.0500067
0.05726
0.0864833
0.0500233
0.4679
0.0238667
0.0305533
0
0.0488933
0.0559467
0
0.0188433
0
0
0
0
0
0
0
0.00616667
0
0
0
0
0
0
0
0
0.0562667
0
0
0
0
0
0
0.0663867
0
0
0
0
0
0
0
0
0
0
0
0
0
0.261427
0.127363
0.240337
0
0
0
0
0
0
0
0
0
0
0
0
0
0
0
0
0
0
0
0
0
0
0
0
0
0
0
0.0131533
0.0508433
0.0565567
0.0663467
0
0
0
0
0.05655
0
0
0
0.0257533
0
0.04739
0
0
0
0
0
0
0
0
0
0
0.0572867
0
0
0.0433367
0
0
0
0
0
0
0
0
0
0
0.0534933
0
0
0.116473
0.45038
0
0
0
0
0
0
0
0
0
0
0.0314
0
0.09333
0
0.05996
0
0
0.168837
0.200643
0.35263
0
0
0
0
0
0
0
0
0
0
0
0
0
0
0
0
0
0.02103
0
0
0
0
0
0
0
0
0
0
0
0
0
0
0
0
0
0
0
0
0
0
0
0
0
0
0
0
0.0381633
0
0.143163
0
0
0
0
0.0599033
0
0.374797
0.4314
0
0
0
0
0
0
0
0
0
0
0
0
0
0
0
0
0
0
0
0
0
0.318113
0.30121
0
0
0.0369567
0
0
0.0554633
0.0552967
0.0188367
0
0
0.0373833
0
0
0
0
0
0
0
0
0
0
0
0
0
0
0
0
0
0
0
0
0
0.522563
0.0319867
0.26148
0.0151267
0
0.419517
0
0
0
0
0
0
0
0
0
0
0
0
0
0
0
0
0
0.266293
0
0
0
0
0
0
0
0
0
0.0872567
0.0243233
0.341577
0
0
0.0586533
0.0590133
0.0197867
0
0
0
0
0
0
0
0
0
0
0
0.107857
0.07923
0.22512
0
0
0.10775
0.15889
0
0.05676
0
0.23113
0.377613
0.01899
0.213377
0
0
0.230393
0.0451
0
0
0
0
0
0
0
0
0
0
0.104747
0
0.01964
0
0
0
0.05567
0
0.0557333
0
0
0
0.02966
0
0.0351433
0.0589267
0.05454
0
0
0.0598467
0.0476633
0.0599933
0
0
0.0559033
0.0560133
0.0744667
0.0588433
0.0806633
0
0
0
0
0
0
0
0
0
0
0
0.03052
0
0
0
0
0
0
0
0
0.445013
0.0710433
0.594887
0
0.00752
0.07076
0.0380367
0.0300833
0
0.0566833
0.342707
0.114753
0.115667
0
0
0
0
0
0
0
0
0
0
0
0
0
0
0.405943
0.331717
0.331417
0.48617
0
0
0
0
0.178903
0.0421933
0
0.0869567
0.50425
0.14072
0
0
0
0
0
0.0111167
0
0
0
0
0
0
0
0
0
0
0
0.39558
0
0
0
0
0.12791
0.00584
0
0.06202
0
0
0
0
0.00595667
0.09214
0
0
0.106403
0
0
0.118943
0.0570833
0.0627167
0
0.0191133
0.0381433
0.0253333
0.01903
0.107233
0
0
0.0585
0.0315133
0.177123
0.0102
0.00838
0
0
0
0
0
0.0188733
0
0
0.07383
0.07526
0.0456533
0.107447
0.0740133
0.0792967
0.472877
0.0171833
0.0171833
0.05155
0.05157
0.444993
0.0344067
0.560717
0
0
0.12637
0
0
0
0
0
0
0.472777
0.47206
0.405437
0.0200167
0.15321
0.149607
0.268707
0.05396
0.261983
0.354503
0.0664467
0.210303
0
0
0
0
0
0
0
0
0
0
0
0.0602133
0.0788067
0
0
0.033
0
0
0
0
0
0.0554233
0
0
0
0
0
0
0
0
0
0
0
0
0
0
0
0
0
0
0
0
0
0
0
0
0
0.0523167
0.0820733
0
0
0
0
0
0
0
0
0
0
0
0.00737333
0.469263
0
0
0.0254933
0
0.0128567
0.0320033
0
0
0
0
0
0
0
0
0
0
0
0
0
0
0
0
0
0
0
0
0
0.0464367
0
0
0
0
0
0
0
0
0
0
0.250487
0.41803
0
0
0
0
0
0
0
0.10842
0
0
0
0
0
0
0
0.543313
0.0530267
0
0.170643
0
0
0
0
0
0
0
0
0.437853
0
0
0
0
0
0
0
0
0
0
0
0
0
0
0
0
0
0
0
0
0
0
0
0
0
0
0
0
0
0
0
0
0
0
0
0
0.257953
0
0.04365
0.104523
0
0
0
0
0
0.383717
0.270387
0
0.0832
0.344213
0.130747
0
0
0
0
0.0973433
0
0
0.0789433
0
0
0
0
0
0
0
0
0
0
0
0
0
0
0
0
0
0
0
0
0
0
0
0
0
0
0
0
0
0.0251467
0.0460067
0.07255
0.102433
0.109063
0
0
0.477827
0.496237
0.10853
0
0.108723
0
0
0
0
0
0
0
0
0
0
0
0
0
0.245783
0
0.0502033
0
0
0
0
0.07238
0
0.05748
0.07849
0.0329667
0.0190733
0
0
0
0
0
0
0
0
0
0
0
0
0
0.05712
0
0
0
0
0
0.18002
0
0.0456867
0
0
0.00866333
0.1033
0
0
0
0
0.0461333
0
0
0.157963
0
0.0526667
0.06379
0
0
0
0
0.0184533
0
0
0
0
0.00616667
0.0248333
0.0566333
0
0
0.0298067
0
0.00678333
0.175303
0
0
0
0
0
0
0
0
0
0
0
0
0.07597
0.0102333
0
0
0
0
0
0
0
0
0
0
0
0
0
0
0
0
0
0
0
0
0
0
0
0
0
0
0
0
0
0
0
0
0
0
0
0
0
0
0.136313
0
0
0.0582033
0
0
0
0
0
0
0
0
0
0
0
0
0
0
0.15385
0
0
0
0
0
0
0
0
0
0
0
0
0
0
0
0.137507
0
0.14029
0
0
0
0
0
0
0
0
0
0
0
0
0
0
0
0.03559
0.0254333
0.0250633
0
0.01444
0.623653
0
0
0
0
0
0
0.0396267
0.0527667
0.0622633
0.0808967
0.0320633
0.0530167
0.0475133
0.0253467
0.0292733
0
0.0722033
0.102497
0.0837233
0.0532
0
0
0.0443033
0.0189733
0.102153
0.0539567
0.0754967
0
0
0
0
0
0
0
0
0
0
0
0.303877
0
0.224857
0.09335
0
0.0736733
0.0624833
0.0746933
0.10955
0
0.02545
0
0
0
0
0
0
0.05192
0.206123
0
0.0273133
0
0.0545067
0.0120667
0.0568333
0
0
0.23608
0
0.0172067
0.03455
0
0
0
0
0
0
0
0
0
0
0.0585733
0
0
0
0
0
0
0
0.06149
0.440143
0
0
0
0
0
0
0
0
0
0
0.0473833
0
0
0
0
0
0
0
0
0
0
0
0.0616233
0
0
0
0
0
0
0
0
0
0
0
0
0
0
0
0
0
0
0
0.0132133
0.05808
0
0.0522067
0
0
0
0
0.105137
0.0814867
0.127767
0.481063
0.225993
0.3155
0.437497
0.323833
0.341557
0.395663
0.0596533
0.1586
0.182593
0.21294
0.171947
0.267647
0.0174733
0.44981
0.39456
0
0.09056
0.211537
0
0
0
0
0
0
0
0
0
0
0
0
0.0524167
0
0.01976
0
0
0
0
0
0
0.0668767
0.206773
0
0.05596
0.0559233
0.05568
0
0
0
0
0
0
0
0
0
0.00623
0
0.02503
0.00623
0
0
0
0
0.160903
0.143663
0.193853
0
0
0
0
0.0763333
0
0
0
0
0
0
0
0
0
0
0
0.03792
0.0334333
0
0
0.0677067
0.0751
0.32264
0
0
0
0.04081
0
0.0190733
0
0
0.0643433
0.0562
0.166793
0
0
0
0
0
0
0
0
0
0
0
0
0
0
0.0346567
0
0
0
0
0
0
0
0.41838
0
0
0.369963
0
0
0.02176
0
0
0
0
0
0
0
0
0
0
0
0
0
0
0
0
0.0389533
0
0
0.0267167
0.09631
0
0.0112033
0.0842167
0.0315467
0
0
0
0
0
0
0
0
0.0592567
0.145093
0.11916
0.213213
0
0.428007
0.0665767
0.0798267
0.0937367
0
0.0293967
0.00619333
0
0
0
0
0
0
0.04151
0.04019
0.0199833
0
0.11956
0
0.08321
0.119557
0
0
0
0.360973
0.120983
0.02623
0
0
0
0
0.08967
0
0.112107
0
0.213733
0.01911
0.0599167
0.0199667
0.06975
0
0.356017
0.10432
0.1002
0
0.15704
0
0
0
0.272227
0.439723
0.24946
0.0832567
0.0400033
0.15128
0.0396133
0.140887
0
0
0.319553
0
0.0199933
0
0
0
0.0505
0.131923
0.27613
0
0
0
0.0456233
0.51973
0.56109
0.187863
0.237817
0.0248667
0
0.11703
0
0
0.0354333
0.0528033
0
0
0.0526133
0.05269
0.01824
0.12047
0.16635
0.509817
0.357697
0
0
0
0
0
0
0
0
0
0
0.0550433
0
0
0
0
0
0
0
0
0
0
0.04201
0
0
0
0
0
0
0.0611333
0
0.0131733
0
0.00760667
0.05231
0.0665633
0
0
0
0
0
0
0.0581433
0
0
0
0
0.0173833
0
0
0
0
0
0
0.02729
0
0
0
0
0
0
0
0.0820367
0.13133
0.0584967
0
0
0
0
0
0
0
0
0
0
0.40693
0
0
0.0683
0
0.247433
0
0
0
0
0
0
0
0
0
0
0
0
0
0
0
0
0
0
0
0
0
0
0
0
0
0.10815
0
0
0
0
0.0187867
0.107157
0.0187867
0
0
0
0
0
0
0.04798
0.136917
0
0
0
0
0
0
0
0
0
0
0
0
0.02882
0
0
0
0
0.05563
0.0172633
0
0
0
0
0.0614867
0
0
0
0.168087
0.0125033
0.0526067
0
0
0
0
0
0
0.0336367
0
0
0
0
0
0
0
0
0
0
0
0
0
0
0
0
0
0
0.0524633
0
0
0
0
0
0.0509667
0
0
0.363003
0.15006
0.334307
0
0.102597
0.04075
0.130597
0.0324533
0
0.0551967
0.0254133
0.0329833
0
0
0
0
0
0.3067
0
0
0
0.0950267
0.10581
0.166287
0.198963
0.01899
0.0649267
0
0
0
0
0
0
0
0
0
0
0.329257
0
0.0999533
0
0.42454
0.0166867
0
0
0
0
0
0
0
0
0.0587067
0.115237
0
0
0
0
0
0
0
0
0
0
0
0
0.123883
0.06523
0.0801
0
0
0.09131
0.10378
0.199003
0
0.0273767
0
0.05169
0.06116
0.05799
0
0
0
0
0
0
0
0.01769
0.01769
0
0
0.402657
0
0
0
0
0
0
0.0328733
0.575357
0.323997
0.71993
0
0
0
0.0513933
0
0
0
0
0
0
0
0
0
0
0
0
0
0
0
0
0
0.26372
0
0
0
0.0505067
0
0
0
0
0
0
0
0
0
0
0.20774
0
0.05782
0
0
0
0
0
0
0
0
0.276107
0.30999
0.584207
0
0
0.57053
0.0718267
0
0.16355
0
0
0.02729
0
0
0
0.0241667
0.0323167
0
0.21183
0.353997
0.445267
0
0
0
0
0
0
0
0
0
0
0
0
0
0
0
0
0.0587833
0.0102
0.00509667
0
0.0920967
0
0.112397
0
0.04835
0
0
0
0
0
0.0254933
0.00510333
0.00510333
0.498503
0
0
0
0
0
0
0
0
0
0.0152167
0.0304667
0.343163
0
0
0
0
0
0
0
0.02034
0
0
0
0
0
0
0
0.294733
0
0
0
0
0
0
0
0.05255
0
0
0
0
0
0
0.497867
0.31066
0.453053
0
0
0
0
0.0484267
0
0
0
0
0
0
0
0
0
0
0
0
0
0
0
0
0
0
0.0505533
0
0.0192367
0.02299
0
0
0
0
0.0872033
0
0
0
0
0
0
0
0.107333
0
0.0592667
0
0
0
0.09378
0.32219
0.13201
0.479047
0
0
0
0
0.04508
0.03122
0.152203
0
0
0
0
0
0
0.13862
0
0.0366433
0
0.04453
0
0
0
0
0
0
0
0
0
0
0
0
0
0
0
0
0.331687
0
0
0
0
0
0.256403
0.43719
0.119347
0.03052
0.18002
0.701177
0
0
0
0
0
0
0
0
0
0
0.110017
0
0
0
0.401013
0.356377
0
0
0
0
0
0
0
0
0
0
0
0
0
0
0.264327
0
0
0
0.0197867
0.165303
0.03206
0
0
0.00584
0
0
0
0.04883
0
0.0182567
0
0
0
0
0.0187867
0.0174733
0.0471333
0
0
0.04229
0
0
0
0
0
0
0
0
0
0
0
0
0.0939267
0
0
0
0
0
0
0
0.01447
0
0
0
0
0
0
0.0597467
0.0238667
0
0
0
0
0
0
0
0.0500933
0.0312967
0
0.163213
0
0
0
0
0
0
0.05605
0
0.0438633
0
0
0
0.02285
0
0
0
0
0
0
0
0
0
0.361567
0
0
0
0
0.0172867
0
0
0.166403
0.05249
0
0.0448233
0
0
0
0.01283
0.0387633
0
0
0
0
0
0
0
0.0128633
0
0
0
0.0370267
0
0
0
0.0172433
0.75775
0.53362
0.39905
0
0
0.02103
0
0
0
0.25571
0
0
0
0.124773
0
0
0
0
0
0
0
0
0
0
0
0
0.0489933
0.0336267
0
0
0
0
0
0
0
0
0
0
0
0
0
0.0509533
0.00722333
0
0.206633
0
0
0
0
0
0
0
0.3995
0
0
0
0
0
0.427913
0
0
0
0.08095
0.0888133
0
0
0
0
0
0.0921133
0
0
0
0
0
0
0.06443
0
0.0146333
0.0589467
0.0146333
0
0.0680633
0.00630333
0.452997
0
0
0
0
0
0
0
0
0.0304067
0.39829
0.02401
0
0
0
0.0186933
0
0.08345
0
0
0
0
0
0
0
0
0
0.0624467
0
0.0739733
0
0
0.04066
0
0.05197
0
0.0457
0.0666967
0
0
0
0
0
0
0
0
0
0
0
0.0381233
0
0
0
0.0816533
0
0
0
0
0
0
0
0
0.54906
0
0
0
0
0
0
0.257637
0.0889667
0
0
0
0
0
0
0
0
0.04433
0
0
0.0874733
0
0
0.147873
0.0536367
0
0
0
0.03657
0.02758
0.01863
0.0830067
0.0297333
0
0
0
0.0511933
0
0.01311
0
0.377657
0
0
0
0.0549467
0.03164
0
0
0
0
0
0.127697
0.0602433
0
0
0.00619
0
0
0
0
0
0
0.633987
0
0
0.00909667
0
0.0493933
0
0
0
0
0.0353367
0.04673
